62|1.1|636136514800367933|0|49696.921875|18.52870969087|106.84195082533|644963|545759||49696.921875|300||29643.75|||06a081|X|0|2313||||3|3|3|1|1|132|146|["132,146,5,1831"]|13:48:16:922
62|1.1|636136514800367933|0|49697.9375|18.53047458176|106.83942418822|644689|545947||49697.9375|300||29606.25|||06a081|X|0|2313||||3|3|3|1|1|132|146|["132,146,5,1831"]|13:48:17:938
62|1.1|636136514850132909|0|49702.921875|18.53909518863|106.82705385876|643350|546866||49702.921875|300||29418.75|||06a081|X|0|2313||||3|3|3|1|1|132|146|["132,146,5,1831"]|13:48:22:922
62|1.1|636136514900057901|0|49707.921875|18.53992667218|106.81369111345|641931|546917||49707.921875|300||29643.75|300|49707.921875|06a081|QTR8467|0|2313|0|||3|3|0|1|1|132|178|["132,146,5,1831","132,178,4"]|13:48:27:922
62|1.1|636136514949982893|0|49712.8984375|18.54012515535|106.80231856425|640725|546904||49712.8984375|300||29775|300.25|49712.8984375|06a081|QTR8467|0|2313|0|||3|3|0|1|1|132|178|["132,146,5,1831","132,178,4"]|13:48:32:898
62|1.1|636136514999897884|0|49717.8984375|18.53339818521|106.79220128699|639674|546125||49717.8984375|299.75||29556.25|299.75|49717.8984375|06a081|QTR8467|0|2313|0|||3|3|0|1|1|132|146|["132,146,5,1831","132,178,4"]|13:48:37:898
62|1.1|636136515049822876|0|49722.8984375|18.53880551049|106.78091993276|638461|546691||49722.8984375|299.75||29693.75|299.75|49722.8984375|06a081|QTR8467|0|2313|0|||3|3|0|1|1|132|146|["132,146,5,1831","132,178,4"]|13:48:42:898
62|1.1|636136515099747868|0|49727.875|18.54008224007|106.7690860443|637202|546796||49727.875|300||29843.75|300|49727.875|06a081|QTR8467|0|2313|0|||3|3|0|1|1|132|178|["132,146,5,1831","132,162,5","132,178,4"]|13:48:47:875
62|1.1|636136515149672860|0|49732.875|18.5435315557|106.7559432398|635798|547139||49732.875|300||29906.25|300.25|49732.875|06a081|QTR8467|0|2313|0|||3|3|0|1|1|132|178|["132,146,5,1831","132,162,5","132,178,4"]|13:48:52:875
62|1.1|636136515199607853|0|49737.859375|18.54411627639|106.74482281787|634618|547169||49737.859375|300||29918.75|300.25|49737.859375|06a081|QTR8467|0|2313|0|||3|3|0|1|1|132|178|["132,146,5,1831","132,162,5","132,178,4"]|13:48:57:859
62|1.1|636136515249512843|0|49742.859375|18.54614938778|106.73337516693|633398|547360||49742.859375|299.75||29962.5|299.75|49742.859375|06a081|QTR8467|0|2313|0|||3|3|0|1|1|132|147|["132,178,5,1891","132,146,5,1831","132,162,5"]|13:49:02:859
62|1.1|636136515299427834|0|49747.859375|18.54855264346|106.72071515933|632048|547588||49747.859375|299.75||30000|299.75|49747.859375|06a081|QTR8467|0|2313|0|||3|3|0|1|1|132|147|["132,178,5,1891","132,146,5,1831","132,162,5"]|13:49:07:859
62|1.1|636136515349352826|0|49752.8359375|18.55075741597|106.70810343142|630705|547795||49752.8359375|299.75||30006.25|299.75|49752.8359375|06a081|QTR8467|0|2313|0|||3|3|0|1|1|132|147|["132,178,5,1891","132,146,5,1831","132,162,5"]|13:49:12:836
62|1.1|636136515399277818|0|49757.8359375|18.55292463761|106.69597986482|629413|547998||49757.8359375|299.75||30037.5|299.75|49757.8359375|06a081|QTR8467|0|2313|0|||3|3|0|1|1|132|162|["132,178,5,1891","132,146,5,1831","132,162,5"]|13:49:17:836
62|1.1|636136515449192809|0|49762.8203125|18.55512941012|106.68376510325|628111|548206||49762.8203125|299.75||30068.75|299.75|49762.8203125|06a081|QTR8467|0|2313|0|||3|3|0|1|1|132|178|["132,178,5,1891","132,146,5,1831","132,162,5"]|13:49:22:820
62|1.1|636136515499117801|0|49767.8203125|18.55732345381|106.67164690106|626820|548413||49767.8203125|299.75||30100|299.75|49767.8203125|06a081|QTR8467|0|2313|0|||3|3|0|1|1|132|178|["132,178,5,1891","132,146,5,1831","132,162,5"]|13:49:27:820
62|1.1|636136515549042793|0|49772.8203125|18.55952286191|106.65952333446|625528|548620||49772.8203125|299.75||30131.25|299.75|49772.8203125|06a081|QTR8467|0|2313|0|||3|3|0|1|1|132|178|[]|13:49:32:820
62|1.1|636136515598967785|0|49777.796875|18.5617169056|106.64743195432|624240|548827||49777.796875|299.75||30156.25|299.75|49777.796875|06a081|QTR8467|0|2313|0|||3|3|0|1|1|132|178|[]|13:49:37:797
62|1.1|636136515648882776|0|49782.796875|18.56406651718|106.63514745542|622930|549051||49782.796875|299.75||30181.25|299.75|49782.796875|06a081|QTR8467|0|2313|0|||3|3|0|1|1|132|178|["132,178,4,1891"]|13:49:42:797
62|1.1|636136515698807768|0|49787.78125|18.56521450092|106.62410749964|621757|549145||49787.78125|||30237.5|299.75|49787.78125|06a081|QTR8467|0|2313|||||||1|1|132|178|["132,178,4,1891","132,146,4,1831"]|13:49:47:781
62|1.1|636136515748722759|0|49792.78125|18.56720469703|106.61231116205|620501|549331||49792.78125|300.25||29956.25|299.75|49792.78125|06a081|QTR8467|0|2313|0|||3|3|3|1|1|132|178|["132,178,5,1896","132,146,4,1831"]|13:49:52:781
62|1.1|636136515798647751|0|49797.78125|18.56979570706|106.5998925529|619177|549581||49797.78125|300.5||29918.75|300.5|49797.78125|06a081|QTR8467|0|2313|0|||3|3|0|1|1|132|178|["132,178,5,1896","132,146,4,1831"]|13:49:57:781
62|1.1|636136515848572743|0|49802.7578125|18.57187173373|106.58885259712|618000|549779||49802.7578125|301.25||30100|301|49802.7578125|06a081|QTR8467|0|2313|0|||3|3|0|1|1|132|147|["132,178,5,1896","132,146,4,1831"]|13:50:02:758
62|1.1|636136515898497735|0|49807.7578125|18.57411942152|106.57702943748|616740|549993||49807.7578125|301.5||30131.25|301.5|49807.7578125|06a081|QTR8467|0|2313|393.75|||3|3|1|1|1|132|147|["132,178,5,1896","132,146,4,1831","132,162,5"]|13:50:07:758
62|1.1|636136515948432728|0|49812.7421875|18.57636710931|106.56511508287|615471|550207||49812.7421875|302||30137.5|302|49812.7421875|06a081|QTR8467|0|2313|431.25|||3|3|1|1|1|132|178|["132,178,5,1896","132,146,4,1831","132,162,5"]|13:50:12:742
62|1.1|636136515998337718|0|49817.7421875|18.57858797505|106.5530612536|614187|550418||49817.7421875|302.5||30156.25|302.75|49817.7421875|06a081|QTR8467|0|2313|550|||3|3|1|1|1|132|178|["132,178,5,1896","132,146,5,1835","132,162,5"]|13:50:17:742
62|1.1|636136516048252709|0|49822.7421875|18.58086248489|106.54093232259|612894|550634||49822.7421875|303||30187.5|303|49822.7421875|06a081|QTR8467|0|2313|550|||3|3|1|1|1|132|178|["132,178,5,1896","132,146,5,1835","132,162,5"]|13:50:22:742
62|1.1|636136516098177701|0|49827.71875|18.58313699473|106.52865855251|611587|550850||49827.71875|303.5||30231.25|303.75|49827.71875|06a081|QTR8467|0|2313|587.5|||3|3|1|1|1|132|178|["132,178,5,1896","132,146,5,1835","132,162,5"]|13:50:27:719
62|1.1|636136516148102693|0|49832.71875|18.5853739537|106.51578396851|610216|551061||49832.71875|304||30443.75|304.25|49832.71875|06a081|QTR8467|0|2313|612.5|||3|3|1|1|1|132|162|["132,178,5,1896","132,146,5,1835","132,162,5"]|13:50:32:719
62|1.1|636136516198027685|0|49837.6953125|18.58761627708|106.50359602899|608918|551274||49837.6953125|304.5||30487.5|304.75|49837.6953125|06a081|QTR8467|0|2313|612.5|||3|3|1|1|1|132|178|["132,178,5,1896","132,146,5,1835","132,162,5"]|13:50:37:695
62|1.1|636136516247942676|0|49842.6953125|18.58994443102|106.49154756413|607634|551497||49842.6953125|305.25||30543.75|305.25|49842.6953125|06a081|QTR8467|0|2313|587.5|||3|3|1|1|1|132|178|["132,178,5,1896","132,146,5,1835","132,162,5"]|13:50:42:695
62|1.1|636136516297877669|0|49847.6953125|18.59221357645|106.47941863312|606342|551713||49847.6953125|305.75||30568.75|306.25|49847.6953125|06a081|QTR8467|0|2313|631.25|||3|3|1|1|1|132|178|["132,178,5,1896","132,146,5,1835","132,162,5"]|13:50:47:695
62|1.1|636136516347792660|0|49852.6796875|18.59437006927|106.46736480385|605058|551917||49852.6796875|306.25||30587.5|306.5|49852.6796875|06a081|QTR8467|0|2313|631.25|||3|3|1|1|1|132|178|["132,178,5,1896","132,146,5,1835","132,162,5"]|13:50:52:680
62|1.1|636136516397707651|0|49857.6796875|18.59652656209|106.45533243222|603777|552122||49857.6796875|306.75||30587.5|307.25|49857.6796875|06a081|QTR8467|0|2313|612.5|||3|3|1|1|1|132|178|["132,178,5,1896","132,146,5,1835","132,162,5"]|13:50:57:680
62|1.1|636136516447632643|0|49862.65625|18.59836119031|106.44343417084|602511|552290||49862.65625|307.25||30618.75|307.5|49862.65625|06a081|QTR8467|0|2313|612.5|||3|3|1|1|1|132|178|["132,178,5,1896","132,146,5,1835","132,162,5"]|13:51:02:656
62|1.1|636136516497547634|0|49867.65625|18.60054450518|106.43128378219|601217|552498||49867.65625|308||30662.5|308.25|49867.65625|06a081|QTR8467|0|2313|631.25|||3|3|1|1|1|132|178|["132,178,5,1896","132,146,5,1835","132,162,5"]|13:51:07:656
62|1.1|636136516547482627|0|49872.65625|18.60273854887|106.41926213938|599937|552706||49872.65625|308||30693.75|308.25|49872.65625|06a081|QTR8467|0|2313|631.25|||3|3|1|1|1|132|146|["132,178,5,1896","132,146,5,1835","132,162,5"]|13:51:12:656
62|1.1|636136516597397618|0|49877.640625|18.60534565213|106.40694008961|598624|552960||49877.640625|308.75||30718.75|309.25|49877.640625|06a081|QTR8467|0|2313|550|||3|3|1|1|1|132|178|["132,178,5,1896","132,146,5,1835"]|13:51:17:641
62|1.1|636136516647322610|0|49882.640625|18.60699789041|106.39515984525|597371|553109||49882.640625|309||30750|309.5|49882.640625|06a081|QTR8467|0|2313|531.25|||3|3|1|1|1|132|146|["132,178,5,1896","132,146,5,1835"]|13:51:22:641
62|1.1|636136516697237601|0|49887.6171875|18.60934750199|106.38280024461|596054|553334||49887.6171875|310||30862.5|310.25|49887.6171875|06a081|QTR8467|0|2313|612.5|||3|3|1|1|1|132|178|["132,178,5,1896","132,146,5,1835","132,162,5"]|13:51:27:617
62|1.1|636136516747162593|0|49892.6171875|18.61228719867|106.3701348726|594704|553624||49892.6171875|310.25||30943.75|310.75|49892.6171875|06a081|QTR8467|0|2313|550|||3|3|1|1|1|132|178|["132,178,5,1896","132,146,5,1835","132,162,5"]|13:51:32:617
62|1.1|636136516797087585|0|49897.6171875|18.61488893752|106.35771626345|593381|553877||49897.6171875|310.75||30987.5|311.25|49897.6171875|06a081|QTR8467|0|2313|531.25|||3|3|1|1|1|132|178|["132,178,5,1896","132,146,5,1835","132,162,5"]|13:51:37:617
62|1.1|636136516847022578|0|49902.6015625|18.61685767599|106.34576972238|592109|554061||49902.6015625|311.25||31050|311.5|49902.6015625|06a081|QTR8467|0|2313|531.25|||3|3|1|1|1|132|178|["132,178,5,1896","132,146,5,1835","132,162,5"]|13:51:42:602
62|1.1|636136516896927568|0|49907.6015625|18.61912682142|106.3334959523|590802|554279||49907.6015625|311.75||31093.75|312.25|49907.6015625|06a081|QTR8467|0|2313|550|||3|3|1|1|1|132|178|["132,178,5,1896","132,146,5,1835","132,162,5"]|13:51:47:602
62|1.1|636136516946862561|0|49912.578125|18.62149252623|106.32124900427|589498|554506||49912.578125|312.25||31162.5|312.5|49912.578125|06a081|QTR8467|0|2313|568.75|||3|3|1|1|1|132|178|["132,178,5,1896","132,146,5,1835","132,162,5"]|13:51:52:578
62|1.1|636136516996777552|0|49917.578125|18.62259223028|106.30904497152|588202|554593||49917.578125|312.75||31318.75|313.25|49917.578125|06a081|QTR8467|0|2313|587.5|||3|3|1|1|1|132|178|["132,178,5,1896","132,146,5,1835","132,162,5"]|13:51:57:578
62|1.1|636136517046692543|0|49922.578125|18.62456633316|106.29679265908|586898|554777||49922.578125|313.25||31393.75|313.5|49922.578125|06a081|QTR8467|0|2313|587.5|||3|3|1|1|1|132|178|["132,178,5,1896","132,146,5,1835","132,162,5"]|13:52:02:578
62|1.1|636136517096617535|0|49927.5625|18.62677110567|106.28464227043|585605|554988||49927.5625|313.75||31481.25|314.25|49927.5625|06a081|QTR8467|0|2313|612.5|||3|3|1|1|1|132|162|["132,178,5,1896","132,146,5,1835","132,162,5"]|13:52:07:563
62|1.1|636136517146532526|0|49932.5625|18.62881494588|106.27244360209|584307|555180||49932.5625|314.25||31506.25|314.5|49932.5625|06a081|QTR8467|0|2313|587.5|||3|3|1|1|1|132|162|["132,178,5,1896","132,146,5,1835","132,162,5"]|13:52:12:563
62|1.1|636136517196457518|0|49937.5390625|18.63081587081|106.26028248462|583013|555368||49937.5390625|314.75||31531.25|315.25|49937.5390625|06a081|QTR8467|0|2313|587.5|||3|3|1|1|1|132|178|["132,178,5,1896","132,146,5,1835","132,162,5"]|13:52:17:539
62|1.1|636136517246382510|0|49942.5390625|18.63314402475|106.24813209597|581719|555592||49942.5390625|315.25||31600|315.5|49942.5390625|06a081|QTR8467|0|2313|612.5|||3|3|1|1|1|132|162|["132,178,5,1896","132,146,5,1835","132,162,5"]|13:52:22:539
62|1.1|636136517296297501|0|49947.5390625|18.63539171254|106.23595488527|580423|555807||49947.5390625|315.75||31656.25|316.25|49947.5390625|06a081|QTR8467|0|2313|612.5|||3|3|1|1|1|132|178|["132,178,5,1896","132,146,5,1835","132,162,5"]|13:52:27:539
62|1.1|636136517346222493|0|49952.515625|18.63764476474|106.22386886954|579136|556024||49952.515625|316.25||31681.25|316.5|49952.515625|06a081|QTR8467|0|2313|612.5|||3|3|1|1|1|132|178|["132,178,5,1896","132,146,5,1835","132,162,5"]|13:52:32:516
62|1.1|636136517396147485|0|49957.515625|18.64003192719|106.21167556561|577838|556254||49957.515625|316.75||31693.75|317.25|49957.515625|06a081|QTR8467|0|2313|612.5|||3|3|1|1|1|132|178|["132,178,5,1896","132,146,5,1835","132,162,5"]|13:52:37:516
62|1.1|636136517446062476|0|49962.5|18.64238690318|106.19936424466|576528|556481||49962.5|317.25||31700|317.5|49962.5|06a081|QTR8467|0|2313|612.5|||3|3|1|1|1|132|178|["132,178,5,1896","132,146,5,1835","132,162,5"]|13:52:42:500
62|1.1|636136517496007470|0|49967.5|18.64394258208|106.18744989005|575261|556621||49967.5|317.75||31712.5|318.25|49967.5|06a081|QTR8467|0|2313|612.5|||3|3|1|1|1|132|178|["132,178,5,1896","132,146,5,1835","132,162,5"]|13:52:47:500
62|1.1|636136517545912460|0|49972.5|18.64586304086|106.17526731494|573966|556800||49972.5|318.25||31825|318.5|49972.5|06a081|QTR8467|0|2313|568.75|||3|3|1|1|1|132|163|["132,178,5,1896","132,146,5,1835","132,162,5"]|13:52:52:500
62|1.1|636136517595827451|0|49977.4765625|18.6481911948|106.16319202803|572680|557025||49977.4765625|318.75||31893.75|318.75|49977.4765625|06a081|QTR8467|0|2313|0|||3|3|0|1|1|132|178|["132,178,5,1896","132,146,5,1835","132,162,5"]|13:52:57:477
62|1.1|636136517645752443|0|49982.4765625|18.65039596731|106.15106309702|571389|557236||49982.4765625|319.25||31950|318.75|49982.4765625|06a081|QTR8467|0|2313|0|||3|3|0|1|1|132|178|["132,178,5,1896","132,146,5,1835","132,162,5"]|13:53:02:477
62|1.1|636136517695677435|0|49987.4609375|18.65271875684|106.13900926775|570106|557461||49987.4609375|319.5||31993.75|319.25|49987.4609375|06a081|QTR8467|0|2313|0|||3|3|0|1|1|132|178|["132,178,5,1896","132,146,5,1835","132,162,5"]|13:53:07:461
62|1.1|636136517745592426|0|49992.4609375|18.65449437655|106.1268588791|568814|557624||49992.4609375|320||32062.5|320.25|49992.4609375|06a081|QTR8467|0|2313|0|||3|3|0|1|1|132|178|["132,178,5,1896","132,146,5,1835","132,162,5"]|13:53:12:461
62|1.1|636136517795537420|0|49997.4609375|18.65655430999|106.11479968542|567532|557819||49997.4609375|320||32075|320.25|49997.4609375|06a081|QTR8467|0|2313|0|||3|3|0|1|1|132|178|["132,178,5,1896","132,146,5,1835","132,162,5"]|13:53:17:461
62|1.1|636136517845442410|0|50002.4375|18.65841576026|106.10392602635|566375|557996||50002.4375|320||32037.5|320.25|50002.4375|06a081|QTR8467|0|2313|0|||3|3|0|1|1|132|178|["132,178,5,1896","132,146,5,1835","132,162,5"]|13:53:22:438
62|1.1|636136517895367402|0|50007.4375|18.66068490569|106.09197412087|565103|558215||50007.4375|319.75||32056.25|319.75|50007.4375|06a081|QTR8467|0|2313|0|||3|3|0|1|1|132|178|["132,178,5,1896","132,146,5,1835","132,162,5"]|13:53:27:438
62|1.1|636136517945282393|0|50012.421875|18.66281994087|106.08008658831|563838|558420||50012.421875|319.75||32068.75|319.75|50012.421875|06a081|QTR8467|0|2313|0|||3|3|0|1|1|132|162|["132,178,5,1896","132,146,5,1835","132,162,5"]|13:53:32:422
62|1.1|636136517995207385|0|50017.421875|18.6650354422|106.06795229289|562547|558633||50017.421875|320||32075|320|50017.421875|06a081|QTR8467|0|2313|0|||3|3|0|1|1|132|178|["132,178,5,1896","132,146,5,1835","132,162,5"]|13:53:37:422
62|1.1|636136518045122376|0|50022.421875|18.66750843521|106.05538884467|561209|558873||50022.421875|320||32068.75|320|50022.421875|06a081|QTR8467|0|2313|0|||3|3|0|1|1|132|178|["132,178,5,1896","132,146,5,1835","132,162,5"]|13:53:42:422
62|1.1|636136518095047368|0|50027.3984375|18.66897828355|106.04441862622|560044|559006||50027.3984375|320||32006.25|320|50027.3984375|06a081|QTR8467|0|2313|0|||3|3|0|1|1|132|178|["132,178,5,1896","132,146,5,1835","132,162,5"]|13:53:47:398
62|1.1|636136518144972360|0|50032.3984375|18.67128497985|106.03221995788|558746|559229||50032.3984375|320||32006.25|320|50032.3984375|06a081|QTR8467|0|2313|0|||3|3|0|1|1|132|178|["132,178,5,1896","132,146,5,1835","132,162,5"]|13:53:52:398
62|1.1|636136518194887351|0|50037.375|18.67321080304|106.01927563655|557370|559408||50037.375|320||31956.25|320|50037.375|06a081|QTR8467|0|2313|0|||3|3|0|1|1|132|178|["132,178,5,1896","132,146,5,1835","132,162,5"]|13:53:57:375
62|1.1|636136518244812343|0|50042.375|18.67526537207|106.00667463746|556030|559602||50042.375|320||32012.5|320|50042.375|06a081|QTR8467|0|2313|0|||3|3|0|1|1|132|163|["132,178,5,1896","132,146,5,1835","132,162,5"]|13:54:02:375
62|1.1|636136518294737335|0|50047.375|18.67736285638|105.99436331651|554721|559802||50047.375|320||32012.5|320|50047.375|06a081|QTR8467|0|2313|0|||3|3|0|1|1|132|163|["132,178,5,1896","132,146,5,1835","132,162,5"]|13:54:07:375
62|1.1|636136518344662327|0|50052.359375|18.6795193492|105.98220756345|553428|560009||50052.359375|319.75||31987.5|320|50052.359375|06a081|QTR8467|0|2313|0|||3|3|0|1|1|132|163|["132,178,5,1896","132,146,5,1835","132,162,5"]|13:54:12:359
62|1.1|636136518394577318|0|50057.359375|18.68156318941|105.97098521773|552234|560205||50057.359375|320||31981.25|320|50057.359375|06a081|QTR8467|0|2313|0|||3|3|0|1|1|132|178|["132,178,5,1896","132,146,5,1835","132,162,5"]|13:54:17:359
62|1.1|636136518444502310|0|50062.3359375|18.68378405515|105.95907622753|550967|560420||50062.3359375|319.75||31981.25|319.75|50062.3359375|06a081|QTR8467|0|2313|0|||3|3|0|1|1|132|178|["132,178,5,1896","132,146,5,1835","132,162,5"]|13:54:22:336
62|1.1|636136518494437303|0|50067.3359375|18.68598882766|105.94705994913|549689|560633||50067.3359375|320||31975|320|50067.3359375|06a081|QTR8467|0|2313|0|||3|3|0|1|1|132|178|["132,178,5,1896","132,146,5,1835","132,162,5"]|13:54:27:336
62|1.1|636136518544372296|0|50072.3359375|18.68830625278|105.93491492489|548397|560857||50072.3359375|320||31981.25|320|50072.3359375|06a081|QTR8467|0|2313|0|||3|3|0|1|1|132|178|["132,178,5,1896","132,146,5,1835","132,162,5"]|13:54:32:336
62|1.1|636136518594267285|0|50077.3203125|18.69060758467|105.9226894345|547096|561080||50077.3203125|319.75||31975|320|50077.3203125|06a081|QTR8467|0|2313|0|||3|3|0|1|1|132|178|["132,178,5,1896","132,146,5,1835","132,162,5"]|13:54:37:320
62|1.1|636136518644192277|0|50082.3203125|18.69296792507|105.90984167255|545730|561309||50082.3203125|319.75||31937.5|319.75|50082.3203125|06a081|QTR8467|0|2313|0|||3|3|0|1|1|132|178|["132,178,5,1896","132,146,5,1835","132,162,5"]|13:54:42:320
62|1.1|636136518694107268|0|50087.296875|18.69521561286|105.8975839957|544426|561526||50087.296875|319.75||31937.5|319.75|50087.296875|06a081|QTR8467|0|2313|0|||3|3|0|1|1|132|178|["132,178,5,1896","132,146,5,1835","132,162,5"]|13:54:47:297
62|1.1|636136518744032260|0|50092.296875|18.69756522444|105.88511174245|543099|561754||50092.296875|319.75||31931.25|319.75|50092.296875|06a081|QTR8467|0|2313|0|||3|3|0|1|1|132|178|["132,178,5,1896","132,146,5,1835","132,162,5"]|13:54:52:297
62|1.1|636136518793957252|0|50097.296875|18.69970025962|105.873068642|541819|561958||50097.296875|319.75||31943.75|319.75|50097.296875|06a081|QTR8467|0|2313|0|||3|3|0|1|1|132|178|["132,178,5,1896","132,146,5,1835","132,162,5"]|13:54:57:297
62|1.1|636136518843872243|0|50102.28125|18.70194794741|105.860730499|540507|562175||50102.28125|319.75||31943.75|319.75|50102.28125|06a081|QTR8467|0|2313|0|||3|3|0|1|1|132|178|["132,178,5,1896","132,146,5,1835","132,162,5"]|13:55:02:281
62|1.1|636136518893797235|0|50107.28125|18.70428146576|105.84836553395|539191|562402||50107.28125|319.75||31912.5|319.75|50107.28125|06a081|QTR8467|0|2313|0|||3|3|0|1|1|132|178|["132,178,5,1896","132,146,5,1835","132,162,5"]|13:55:07:281
62|1.1|636136518943722227|0|50112.2578125|18.7062877551|105.8364833658|537929|562594||50112.2578125|319.75||31931.25|319.75|50112.2578125|06a081|QTR8467|0|2313|0|||3|3|0|1|1|132|178|["132,178,5,1896","132,146,5,1835","132,162,5"]|13:55:12:258
62|1.1|636136518993637218|0|50117.2578125|18.70835841736|105.82429542628|536633|562792||50117.2578125|319.75||31943.75|319.75|50117.2578125|06a081|QTR8467|0|2313|0|||3|3|0|1|1|132|178|["132,178,5,1896","132,146,5,1835","132,162,5"]|13:55:17:258
62|1.1|636136519043562210|0|50122.2578125|18.71053636782|105.8121825885|535345|563002||50122.2578125|319.75||31956.25|319.75|50122.2578125|06a081|QTR8467|0|2313|0|||3|3|0|1|1|132|178|["132,178,5,1896","132,146,5,1835","132,162,5"]|13:55:22:258
62|1.1|636136519093477201|0|50127.2421875|18.71266067418|105.79994636929|534044|563206||50127.2421875|320||31968.75|319.75|50127.2421875|06a081|QTR8467|0|2313|0|||3|3|0|1|1|132|178|["132,178,5,1896","132,146,5,1835","132,162,5"]|13:55:27:242
62|1.1|636136519143402193|0|50132.2421875|18.71483862464|105.78774770095|532747|563417||50132.2421875|320||31993.75|320|50132.2421875|06a081|QTR8467|0|2313|0|||3|3|0|1|1|132|178|["132,178,5,1896","132,146,5,1835","132,162,5"]|13:55:32:242
62|1.1|636136519193327185|0|50137.21875|18.71700584628|105.77545247323|531440|563625||50137.21875|320||32000|320|50137.21875|06a081|QTR8467|0|2313|0|||3|3|0|1|1|132|178|["132,178,5,1896","132,146,5,1835","132,162,5"]|13:55:37:219
62|1.1|636136519243252177|0|50142.21875|18.71952175457|105.76295876234|530111|563872||50142.21875|320||32006.25|320|50142.21875|06a081|QTR8467|0|2313|0|||3|3|0|1|1|132|178|["132,178,5,1896","132,146,5,1835","132,162,5"]|13:55:42:219
62|1.1|636136519293167168|0|50147.21875|18.72186063733|105.75008417834|528742|564099||50147.21875|320||32087.5|320|50147.21875|06a081|QTR8467|0|2313|0|||3|3|0|1|1|132|178|["132,178,5,1896","132,146,5,1835","132,162,5"]|13:55:47:219
62|1.1|636136519343092160|0|50152.1953125|18.72395812164|105.73810545081|527469|564301||50152.1953125|319.75||32075|319.75|50152.1953125|06a081|QTR8467|0|2313|0|||3|3|0|1|1|132|178|["132,178,5,1896","132,146,5,1835","132,162,5"]|13:55:52:195
62|1.1|636136519393027153|0|50157.1953125|18.72443018972|105.72698502888|526291|564325||50157.1953125|319.75||31993.75|319.75|50157.1953125|06a081|QTR8467|0|2313|0|||3|3|0|1|1|132|178|["132,178,5,1896","132,146,5,1835","132,162,5"]|13:55:57:195
62|1.1|636136519442932143|0|50162.1796875|18.72648475875|105.71493119961|525010|564522||50162.1796875|319.75||32000|319.75|50162.1796875|06a081|QTR8467|0|2313|0|||3|3|0|1|1|132|178|["132,178,5,1896","132,146,5,1835","132,162,5"]|13:56:02:180
62|1.1|636136519492857135|0|50167.1796875|18.72858224306|105.70281299742|523722|564724||50167.1796875|319.75||31993.75|319.75|50167.1796875|06a081|QTR8467|0|2313|0|||3|3|0|1|1|132|178|["132,178,5,1896","132,146,5,1835","132,162,5"]|13:56:07:180
62|1.1|636136519542782127|0|50172.1796875|18.73098549874|105.69178377046|522548|564963||50172.1796875|320||31987.5|320|50172.1796875|06a081|QTR8467|0|2313|0|||3|3|0|1|1|132|178|["132,178,5,1896","132,146,5,1835","132,162,5"]|13:56:12:180
62|1.1|636136519592707119|0|50177.15625|18.73336193237|105.67997133964|521292|565197||50177.15625|320||31987.5|320|50177.15625|06a081|QTR8467|0|2313|0|||3|3|0|1|1|132|178|["132,178,5,1896","132,146,5,1835","132,162,5"]|13:56:17:156
62|1.1|636136519642622110|0|50182.15625|18.73693462943|105.66822328174|520040|565564||50182.15625|320||32037.5|320|50182.15625|06a081|QTR8467|0|2313|0|||3|3|0|1|1|132|178|["132,178,5,1896","132,146,5,1835","132,162,5"]|13:56:22:156
62|1.1|636136519692547102|0|50187.140625|18.740029894|105.65582613023|518720|565876||50187.140625|320||32031.25|320|50187.140625|06a081|QTR8467|0|2313|0|||3|3|0|1|1|132|178|["132,178,5,1896","132,146,5,1835","132,162,5"]|13:56:27:141
62|1.1|636136519742462093|0|50192.140625|18.74377425218|105.6439010468|517448|566261||50192.140625|320||32031.25|320|50192.140625|06a081|QTR8467|0|2313|0|||3|3|0|1|1|132|178|["132,178,5,1896","132,146,5,1835","132,162,5"]|13:56:32:141
62|1.1|636136519792387085|0|50197.140625|18.74681050824|105.63289327748|516275|566571||50197.140625|319.75||31993.75|319.75|50197.140625|06a081|QTR8467|0|2313|0|||3|3|0|1|1|132|178|["132,178,5,1896","132,146,5,1835","132,162,5"]|13:56:37:141
62|1.1|636136519842332079|0|50202.1171875|18.74998087455|105.6217996776|515093|566895||50202.1171875|319.75||31981.25|319.75|50202.1171875|06a081|QTR8467|0|2313|0|||3|3|0|1|1|132|178|["132,178,5,1896","132,146,5,1835","132,162,5"]|13:56:42:117
62|1.1|636136519892227068|0|50207.1171875|18.75430995342|105.60939179727|513769|567345||50207.1171875|319.75||31987.5|319.75|50207.1171875|06a081|QTR8467|0|2313|0|||3|3|0|1|1|132|147|["132,178,5,1896","132,146,5,1835","132,162,5"]|13:56:47:117
62|1.1|636136519942152060|0|50212.1015625|18.75779681992|105.59825528211|512582|567704||50212.1015625|319.75||31987.5|319.75|50212.1015625|06a081|QTR8467|0|2313|0|||3|3|0|1|1|132|147|["132,178,5,1896","132,146,5,1835","132,162,5"]|13:56:52:102
62|1.1|636136519992077052|0|50217.1015625|18.76150362723|105.58658232595|511337|568087||50217.1015625|320||31993.75|319.75|50217.1015625|06a081|QTR8467|0|2313|0|||3|3|0|1|1|132|178|["132,178,5,1896","132,146,5,1835","132,162,5"]|13:56:57:102
62|1.1|636136520041992043|0|50222.1015625|18.76549474827|105.57547263284|510151|568502||50222.1015625|320||32000|320|50222.1015625|06a081|QTR8467|0|2313|0|||3|3|0|1|1|132|178|["132,178,5,1896","132,146,5,1835","132,162,5"]|13:57:02:102
62|1.1|636136520091917035|0|50227.078125|18.76976481863|105.56293064226|508813|568945||50227.078125|320||32000|320|50227.078125|06a081|QTR8467|0|2313|0|||3|3|0|1|1|132|178|["132,178,5,1896","132,146,5,1835","132,162,5"]|13:57:07:078
62|1.1|636136520141842027|0|50232.078125|18.77397588048|105.55058177044|507496|569382||50232.078125|320||32006.25|320|50232.078125|06a081|QTR8467|0|2313|0|||3|3|0|1|1|132|178|["132,178,5,1896","132,146,5,1835","132,162,5"]|13:57:12:078
62|1.1|636136520191777020|0|50237.0625|18.77816548469|105.53853330558|506211|569817||50237.0625|319.75||31981.25|320|50237.0625|06a081|QTR8467|0|2313|0|||3|3|0|1|1|132|178|["132,178,5,1896","132,146,5,1835","132,162,5"]|13:57:17:063
62|1.1|636136520241682010|0|50242.0625|18.78199567343|105.52796541788|505083|570217||50242.0625|319.75||31968.75|319.75|50242.0625|06a081|QTR8467|0|2313|0|||3|3|0|1|1|132|178|["132,178,5,1896","132,146,5,1835","132,162,5"]|13:57:22:063
62|1.1|636136520291607002|0|50247.0625|18.78594387919|105.51645339402|503855|570627||50247.0625|319.75||31962.5|319.75|50247.0625|06a081|QTR8467|0|2313|0|||3|3|0|1|1|132|178|["132,178,5,1896","132,146,5,1835","132,162,5"]|13:57:27:063
62|1.1|636136520341531994|0|50252.0390625|18.79024613601|105.50401869164|502529|571074||50252.0390625|319.75||31968.75|319.75|50252.0390625|06a081|QTR8467|0|2313|0|||3|3|0|1|1|132|147|["132,178,5,1896","132,146,5,1835","132,162,5"]|13:57:32:039
62|1.1|636136520391446985|0|50257.0390625|18.79404413829|105.49343471071|501399|571470||50257.0390625|319.75||31975|319.75|50257.0390625|06a081|QTR8467|0|2313|0|||3|3|0|1|1|132|178|["132,178,5,1896","132,146,5,1835"]|13:57:37:039
62|1.1|636136520441371977|0|50262.015625|18.79802989492|105.48209434797|500190|571885||50262.015625|320||31975|319.75|50262.015625|06a081|QTR8467|0|2313|0|||3|3|0|1|1|132|178|["132,178,5,1896","132,146,5,1835","132,162,5"]|13:57:42:016
62|1.1|636136520491286968|0|50267.015625|18.80222486354|105.46961673031|498859|572320||50267.015625|320||32000|320|50267.015625|06a081|QTR8467|0|2313|0|||3|3|0|1|1|132|178|["132,178,5,1896","132,146,5,1835","132,162,5"]|13:57:47:016
62|1.1|636136520541211960|0|50272.015625|18.80636082365|105.4575950875|497577|572750||50272.015625|320||32006.25|320|50272.015625|06a081|QTR8467|0|2313|0|||3|3|0|1|1|132|178|["132,178,5,1896","132,146,5,1835","132,162,5"]|13:57:52:016
62|1.1|636136520591136952|0|50277|18.81040022438|105.44587385165|496327|573170||50277|319.75||32012.5|320|50277|06a081|QTR8467|0|2313|0|||3|3|0|1|1|132|178|["132,178,5,1896","132,146,5,1835","132,162,5"]|13:57:57:000
62|1.1|636136520641051943|0|50282|18.81452545567|105.43401314114|495062|573600||50282|320||32018.75|320|50282|06a081|QTR8467|0|2313|0|||3|3|0|1|1|132|178|["132,178,5,1896","132,146,5,1835","132,162,5"]|13:58:02:000
62|1.1|636136520690976935|0|50286.9765625|18.81859167845|105.42239382908|493823|574023||50286.9765625|320||31981.25|319.75|50286.9765625|06a081|QTR8467|0|2313|0|||3|3|0|1|1|132|178|["132,178,5,1896","132,146,5,1835","132,162,5"]|13:58:06:977
62|1.1|636136520740911928|0|50291.9765625|18.82225020607|105.41219072126|492735|574405||50291.9765625|319.75||31975|319.75|50291.9765625|06a081|QTR8467|0|2313|0|||3|3|0|1|1|132|178|["132,178,5,1896","132,146,5,1835","132,162,5"]|13:58:11:977
62|1.1|636136520790836920|0|50296.9765625|18.82620914065|105.40084499411|491525|574817||50296.9765625|319.75||31968.75|319.75|50296.9765625|06a081|QTR8467|0|2313|0|||3|3|0|1|1|132|178|["132,178,5,1896","132,146,5,1835","132,162,5"]|13:58:16:977
62|1.1|636136520840741910|0|50301.9609375|18.83015734641|105.38940807199|490306|575228||50301.9609375|320||31962.5|320|50301.9609375|06a081|QTR8467|0|2313|0|||3|3|0|1|1|132|178|["132,178,5,1896","132,146,5,1835","132,162,5"]|13:58:21:961
62|1.1|636136520890666902|0|50306.9609375|18.83439523031|105.37655494563|488936|575668||50306.9609375|320||32000|320|50306.9609375|06a081|QTR8467|0|2313|0|||3|3|0|1|1|132|178|["132,178,5,1896","132,146,5,1835","132,162,5"]|13:58:26:961
62|1.1|636136520940581893|0|50311.9375|18.83844535986|105.36463522661|487666|576089||50311.9375|320||32006.25|320|50311.9375|06a081|QTR8467|0|2313|0|||3|3|0|1|1|132|178|["132,178,5,1896","132,146,5,1835","132,162,5"]|13:58:31:938
62|1.1|636136520990506885|0|50316.9375|18.84249548941|105.35289789753|486414|576511||50316.9375|320||32012.5|320|50316.9375|06a081|QTR8467|0|2313|0|||3|3|0|1|1|132|178|["132,178,5,1896","132,146,5,1835","132,162,5"]|13:58:36:938
62|1.1|636136521040431877|0|50321.9375|18.84652416132|105.34114983963|485162|576931||50321.9375|319.75||31981.25|319.75|50321.9375|06a081|QTR8467|0|2313|0|||3|3|0|1|1|132|178|["132,178,5,1896","132,146,5,1835","132,162,5"]|13:58:41:938
62|1.1|636136521090346868|0|50326.921875|18.85056356205|105.32941787496|483912|577351||50326.921875|319.75||31975|319.75|50326.921875|06a081|QTR8467|0|2313|0|||3|3|0|1|1|132|178|["132,178,5,1896","132,146,5,1835","132,162,5"]|13:58:46:922
62|1.1|636136521140271860|0|50331.921875|18.85422208967|105.31906456366|482808|577733||50331.921875|320||31993.75|319.75|50331.921875|06a081|QTR8467|0|2313|0|||3|3|0|1|1|132|178|["132,178,5,1896","132,146,5,1835","132,162,5"]|13:58:51:922
62|1.1|636136521190196852|0|50336.8984375|18.85815956661|105.30775638738|481603|578143||50336.8984375|320||31993.75|320|50336.8984375|06a081|QTR8467|0|2313|0|||3|3|0|1|1|132|178|["132,178,5,1896","132,146,5,1835"]|13:58:56:898
62|1.1|636136521240111843|0|50341.8984375|18.86211313678|105.29643211787|480396|578556||50341.8984375|320||32000|320|50341.8984375|06a081|QTR8467|0|2313|0|||3|3|0|1|1|132|178|["132,178,5,1896","132,146,5,1835","132,162,5"]|13:59:01:898
62|1.1|636136521290036835|0|50346.8984375|18.86595941875|105.28499519575|479177|578956||50346.8984375|320||32000|320|50346.8984375|06a081|QTR8467|0|2313|0|||3|3|0|1|1|132|178|["132,178,5,1896","132,146,5,1835","132,162,5"]|13:59:06:898
62|1.1|636136521339961827|0|50351.875|18.86956966668|105.27378357885|477983|579331||50351.875|320||32000|320|50351.875|06a081|QTR8467|0|2313|0|||3|3|0|1|1|132|178|["132,178,5,1896","132,146,5,1835","132,162,5"]|13:59:11:875
62|1.1|636136521389876818|0|50356.875|18.87323355871|105.26214280915|476743|579710||50356.875|320||31981.25|320|50356.875|06a081|QTR8467|0|2313|0|||3|3|0|1|1|132|178|["132,178,5,1896","132,146,5,1835","132,162,5"]|13:59:16:875
62|1.1|636136521439801810|0|50361.859375|18.8781098074|105.24851720775|475291|580220||50361.859375|319.75||31975|319.75|50361.859375|06a081|QTR8467|0|2313|0|||3|3|0|1|1|132|178|["132,178,5,1896","132,146,5,1835","132,162,5"]|13:59:21:859
62|1.1|636136521489756805|0|50366.859375|18.88178442825|105.2378152098|474151|580603||50366.859375|319.75||31987.5|319.75|50366.859375|06a081|QTR8467|0|2313|0|||3|3|0|1|1|132|178|["132,178,5,1896","132,146,5,1835","132,162,5"]|13:59:26:859
62|1.1|636136521539641793|0|50371.859375|18.88575409165|105.22622271979|472916|581017||50371.859375|319.75||31993.75|319.75|50371.859375|06a081|QTR8467|0|2313|0|||3|3|0|1|1|132|178|["132,178,5,1896","132,146,5,1835","132,162,5"]|13:59:31:859
62|1.1|636136521589566785|0|50376.8359375|18.88965401772|105.21463022978|471681|581423||50376.8359375|319.75||31987.5|319.75|50376.8359375|06a081|QTR8467|0|2313|0|||3|3|0|1|1|132|178|["132,178,5,1896","132,146,5,1835","132,162,5"]|13:59:36:836
62|1.1|636136521639481776|0|50381.8359375|18.89358613025|105.20297873126|470440|581833||50381.8359375|319.75||31975|319.75|50381.8359375|06a081|QTR8467|0|2313|0|||3|3|0|1|1|132|178|["132,178,5,1896","132,146,5,1835"]|13:59:41:836
62|1.1|636136521689426770|0|50386.8203125|18.89751824278|105.19130041069|469196|582243||50386.8203125|320||31956.25|319.75|50386.8203125|06a081|QTR8467|0|2313|0|||3|3|0|1|1|132|178|["132,178,5,1896","132,146,5,1835"]|13:59:46:820
62|1.1|636136521739351762|0|50391.8203125|18.90151472823|105.17949870869|467939|582660||50391.8203125|319.75||31937.5|319.75|50391.8203125|06a081|QTR8467|0|2313|0|||3|3|0|1|1|132|178|["132,178,5,1896","132,146,5,1835"]|13:59:51:820
62|1.1|636136521789256752|0|50396.8203125|18.90582771387|105.16725176066|466634|583110||50396.8203125|320||31931.25|320|50396.8203125|06a081|QTR8467|0|2313|0|||3|3|0|1|1|132|178|["132,178,5,1896","132,146,5,1835"]|13:59:56:820
62|1.1|636136521839021728|0|50401.796875|18.90920729217|105.15631372867|465470|583461||50401.796875|320||31937.5|320|50401.796875|06a081|QTR8467|0|2313|0|||3|3|0|1|1|132|178|["132,178,5,1896","132,146,5,1835"]|14:00:01:797
62|1.1|636136521888946720|0|50406.796875|18.9140513544|105.1431870174|464071|583969||50406.796875|320||32000|320|50406.796875|06a081|QTR8467|0|2313|0|||3|3|0|1|1|132|178|["132,178,5,1896","132,146,5,1835","132,162,5"]|14:00:06:797
62|1.1|636136521938881713|0|50411.78125|18.91768305997|105.13249038386|462932|584348||50411.78125|320||32031.25|320|50411.78125|06a081|QTR8467|0|2313|0|||3|3|0|1|1|132|178|["132,178,5,1896","132,146,5,1835","132,162,5"]|14:00:11:781
62|1.1|636136521988786703|0|50416.78125|18.92191021505|105.12016833409|461620|584789||50416.78125|319.75||31993.75|320|50416.78125|06a081|QTR8467|0|2313|0|||3|3|0|1|1|132|178|["132,178,5,1896","132,146,5,1835","132,162,5"]|14:00:16:781
62|1.1|636136522038731697|0|50421.78125|18.92623392951|105.10769071643|460291|585241||50421.78125|320||32000|319.75|50421.78125|06a081|QTR8467|0|2313|0|||3|3|0|1|1|132|163|["132,178,5,1896","132,146,5,1835","132,162,5"]|14:00:21:781
62|1.1|636136522088636687|0|50426.7578125|18.92958132135|105.09804550725|459264|585591||50426.7578125|319.75||31987.5|319.75|50426.7578125|06a081|QTR8467|0|2313|0|||3|3|0|1|1|132|178|["132,178,5,1896","132,146,5,1835","132,162,5"]|14:00:26:758
62|1.1|636136522138561679|0|50431.7578125|18.93376019674|105.08548742344|457927|586027||50431.7578125|319.75||32000|320|50431.7578125|06a081|QTR8467|0|2313|0|||3|3|0|1|1|132|178|["132,178,5,1896","132,146,5,1835","132,162,5"]|14:00:31:758
62|1.1|636136522188476670|0|50436.7421875|18.93790152126|105.07309027193|456607|586459||50436.7421875|319.75||31987.5|319.75|50436.7421875|06a081|QTR8467|0|2313|0|||3|3|0|1|1|132|178|["132,178,5,1896","132,146,5,1835","132,162,5"]|14:00:36:742
62|1.1|636136522238411663|0|50441.7421875|18.94204821019|105.0609506121|455315|586892||50441.7421875|320||31993.75|319.75|50441.7421875|06a081|QTR8467|0|2313|0|||3|3|0|1|1|132|178|["132,178,5,1896","132,146,5,1835","132,162,5"]|14:00:41:742
62|1.1|636136522288336655|0|50446.7421875|18.94620026353|105.04923474066|454067|587327||50446.7421875|320||32000|319.75|50446.7421875|06a081|QTR8467|0|2313|0|||3|3|0|1|1|132|178|["132,178,5,1896","132,146,5,1835","132,162,5"]|14:00:46:742
62|1.1|636136522338231644|0|50451.71875|18.95021820662|105.03749204717|452817|587747||50451.71875|319.75||31987.5|319.75|50451.71875|06a081|QTR8467|0|2313|0|||3|3|0|1|1|132|178|["132,178,5,1896","132,146,5,1835","132,162,5"]|14:00:51:719
62|1.1|636136522388156636|0|50456.71875|18.9542844294|105.0258673707|451579|588173||50456.71875|319.75||31987.5|319.75|50456.71875|06a081|QTR8467|0|2313|0|||3|3|0|1|1|132|178|["132,178,5,1896","132,146,5,1835","132,162,5"]|14:00:56:719
62|1.1|636136522438081628|0|50461.6953125|18.958361381|105.01420514336|450338|588600||50461.6953125|320||31993.75|319.75|50461.6953125|06a081|QTR8467|0|2313|0|||3|3|0|1|1|132|178|["132,178,5,1896","132,146,5,1835","132,162,5"]|14:01:01:695
62|1.1|636136522487996619|0|50466.6953125|18.96228276471|105.00259119571|449101|589010||50466.6953125|320||32012.5|320|50466.6953125|06a081|QTR8467|0|2313|0|||3|3|0|1|1|132|178|["132,178,5,1896","132,146,5,1835","132,162,5"]|14:01:06:695
62|1.1|636136522537921611|0|50471.6953125|18.96624169929|104.99088068868|447855|589423||50471.6953125|319.75||31993.75|319.75|50471.6953125|06a081|QTR8467|0|2313|0|||3|3|0|1|1|132|178|["132,178,5,1896","132,146,5,1835","132,162,5"]|14:01:11:695
62|1.1|636136522587846603|0|50476.6796875|18.97012016772|104.97915408842|446607|589828||50476.6796875|319.75||31981.25|319.75|50476.6796875|06a081|QTR8467|0|2313|0|||3|3|0|1|1|132|178|["132,178,5,1896","132,146,5,1835","132,162,5"]|14:01:16:680
62|1.1|636136522637771595|0|50481.6796875|18.97409519553|104.9674489458|445361|590244||50481.6796875|319.75||31981.25|319.75|50481.6796875|06a081|QTR8467|0|2313|0|||3|3|0|1|1|132|178|["132,178,5,1896","132,146,5,1835","132,162,5"]|14:01:21:680
62|1.1|636136522687696587|0|50486.65625|18.97811850303|104.9558081761|444123|590665||50486.65625|319.75||31981.25|319.75|50486.65625|06a081|QTR8467|0|2313|0|||3|3|0|1|1|132|178|["132,178,5,1896","132,146,5,1835","132,162,5"]|14:01:26:656
62|1.1|636136522737611578|0|50491.65625|18.98209889525|104.94403866056|442870|591082||50491.65625|320||32000|320|50491.65625|06a081|QTR8467|0|2313|0|||3|3|0|1|1|132|178|["132,178,5,1896","132,146,5,1835","132,162,5"]|14:01:31:656
62|1.1|636136522787556572|0|50496.65625|18.98613293157|104.9323120603|441622|591504||50496.65625|320||32012.5|320|50496.65625|06a081|QTR8467|0|2313|0|||3|3|0|1|1|132|178|["132,178,5,1896","132,146,5,1835","132,162,5"]|14:01:36:656
62|1.1|636136522837451561|0|50501.640625|18.99007577292|104.9206176465|440378|591917||50501.640625|319.75||32018.75|320|50501.640625|06a081|QTR8467|0|2313|0|||3|3|0|1|1|132|178|["132,178,5,1896","132,146,5,1835","132,162,5"]|14:01:41:641
62|1.1|636136522887376553|0|50506.640625|18.99384695315|104.90991564855|439239|592312||50506.640625|320||32018.75|320|50506.640625|06a081|QTR8467|0|2313|0|||3|3|0|1|1|132|178|["132,178,5,1896","132,146,5,1835","132,162,5"]|14:01:46:641
62|1.1|636136522937301545|0|50511.6171875|18.99779515891|104.89853237053|438027|592726||50511.6171875|320||32025|320|50511.6171875|06a081|QTR8467|0|2313|0|||3|3|0|1|1|132|178|["132,178,5,1896","132,146,5,1835","132,162,5"]|14:01:51:617
62|1.1|636136522987226537|0|50516.6171875|19.0014912374|104.88708471959|436810|593112||50516.6171875|319.75||31987.5|319.75|50516.6171875|06a081|QTR8467|0|2313|0|||3|3|0|1|1|132|178|["132,178,5,1896","132,146,5,1835","132,162,5"]|14:01:56:617
62|1.1|636136523037151529|0|50521.6171875|19.00536970583|104.87515427175|435541|593517||50521.6171875|319.75||31981.25|319.75|50521.6171875|06a081|QTR8467|0|2313|0|||3|3|0|1|1|132|178|["132,178,5,1896","132,146,5,1835","132,162,5"]|14:02:01:617
62|1.1|636136523087086522|0|50526.6015625|19.00944665743|104.86264446763|434211|593943||50526.6015625|319.75||31975|319.75|50526.6015625|06a081|QTR8467|0|2313|0|||3|3|0|1|1|132|178|["132,178,5,1896","132,146,5,1835","132,162,5"]|14:02:06:602
62|1.1|636136523136991512|0|50531.6015625|19.01357725313|104.85024731612|432892|594375||50531.6015625|319.75||31968.75|319.75|50531.6015625|06a081|QTR8467|0|2313|0|||3|3|0|1|1|132|178|["132,178,5,1896","132,146,5,1835","132,162,5"]|14:02:11:602
62|1.1|636136523186906503|0|50536.578125|19.01738598423|104.83926636885|431724|594774||50536.578125|319.75||31981.25|319.75|50536.578125|06a081|QTR8467|0|2313|0|||3|3|0|1|1|132|178|["132,178,5,1896","132,146,5,1835","132,162,5"]|14:02:16:578
62|1.1|636136523236831495|0|50541.578125|19.02116252887|104.82838734537|430566|595171||50541.578125|319.75||31993.75|320|50541.578125|06a081|QTR8467|0|2313|0|||3|3|0|1|1|132|178|["132,178,5,1896","132,146,5,1835","132,162,5"]|14:02:21:578
62|1.1|636136523286756487|0|50546.578125|19.02496589556|104.81732593195|429390|595570||50546.578125|320||32006.25|320|50546.578125|06a081|QTR8467|0|2313|0|||3|3|0|1|1|132|178|["132,178,5,1896","132,146,5,1835","132,162,5"]|14:02:26:578
62|1.1|636136523336681479|0|50551.5625|19.0290643048|104.80470347522|428048|595998||50551.5625|320||32012.5|320|50551.5625|06a081|QTR8467|0|2313|0|||3|3|0|1|1|132|146|["132,178,5,1896","132,146,5,1835","132,162,5"]|14:02:31:563
62|1.1|636136523386596470|0|50556.5625|19.03306079025|104.79274620533|426776|596417||50556.5625|320||32018.75|320|50556.5625|06a081|QTR8467|0|2313|0|||3|3|0|1|1|132|178|["132,178,5,1896","132,146,5,1835","132,162,5"]|14:02:36:563
62|1.1|636136523436531463|0|50561.5390625|19.0373254962|104.78034368941|425457|596865||50561.5390625|320||32018.75|320|50561.5390625|06a081|QTR8467|0|2313|0|||3|3|0|1|1|132|178|["132,178,5,1896","132,146,5,1835","132,162,5"]|14:02:41:539
62|1.1|636136523486436453|0|50566.5390625|19.04115032053|104.76947003034|424300|597267||50566.5390625|320||32012.5|320|50566.5390625|06a081|QTR8467|0|2313|0|||3|3|0|1|1|132|146|["132,178,5,1896","132,146,5,1835","132,162,5"]|14:02:46:539
62|1.1|636136523536361445|0|50571.5390625|19.0452111789|104.75795264207|423075|597693||50571.5390625|319.75||32018.75|320|50571.5390625|06a081|QTR8467|0|2313|0|||3|3|0|1|1|132|146|["132,178,5,1896","132,146,5,1835","132,162,5"]|14:02:51:539
62|1.1|636136523586296438|0|50576.515625|19.04913792702|104.7462743215|421834|598105||50576.515625|320||32031.25|320|50576.515625|06a081|QTR8467|0|2313|0|||3|3|0|1|1|132|178|["132,178,5,1896","132,146,5,1835","132,162,5"]|14:02:56:516
62|1.1|636136523636211429|0|50581.515625|19.05316123452|104.73473547559|420607|598528||50581.515625|319.75||32043.75|319.75|50581.515625|06a081|QTR8467|0|2313|0|||3|3|0|1|1|132|178|["132,178,5,1896","132,146,5,1835","132,162,5"]|14:03:01:516
62|1.1|636136523686126420|0|50586.5|19.05708798264|104.72291231595|419350|598939||50586.5|319.75||32043.75|319.75|50586.5|06a081|QTR8467|0|2313|0|||3|3|0|1|1|132|146|["132,178,5,1896","132,146,5,1835","132,162,5"]|14:03:06:500
62|1.1|636136523736041411|0|50591.5|19.06123467157|104.71104087662|418088|599375||50591.5|319.75||32037.5|319.75|50591.5|06a081|QTR8467|0|2313|0|||3|3|0|1|1|132|146|["132,178,5,1896","132,146,5,1835","132,162,5"]|14:03:11:500
62|1.1|636136523785966403|0|50596.5|19.06536526727|104.69887439474|416794|599809||50596.5|319.75||32025|319.75|50596.5|06a081|QTR8467|0|2313|0|||3|3|0|1|1|132|147|["132,178,5,1896","132,146,5,1835","132,162,5"]|14:03:16:500
62|1.1|636136523835891395|0|50601.4765625|19.06943685446|104.68716388771|415549|600237||50601.4765625|319.75||32043.75|319.75|50601.4765625|06a081|QTR8467|0|2313|0|||3|3|0|1|1|132|147|["132,178,5,1896","132,146,5,1835","132,162,5"]|14:03:21:477
62|1.1|636136523885816387|0|50606.4765625|19.07328313643|104.67549629596|414309|600640||50606.4765625|320||32031.25|319.75|50606.4765625|06a081|QTR8467|0|2313|0|||3|3|0|1|1|132|147|["132,178,5,1896","132,146,5,1835","132,162,5"]|14:03:26:477
62|1.1|636136523935741379|0|50611.4609375|19.07726889306|104.66394135682|413080|601060||50611.4609375|320||32043.75|320|50611.4609375|06a081|QTR8467|0|2313|0|||3|3|0|1|1|132|147|["132,178,5,1896","132,146,5,1835","132,162,5"]|14:03:31:461
62|1.1|636136523985656370|0|50616.4609375|19.08119027677|104.65208601072|411820|601471||50616.4609375|320||32050|320|50616.4609375|06a081|QTR8467|0|2313|0|||3|3|0|1|1|132|146|["132,178,5,1896","132,146,5,1835","132,162,5"]|14:03:36:461
62|1.1|636136524035571361|0|50621.4609375|19.08534233011|104.63926507082|410458|601906||50621.4609375|319.75||31993.75|320|50621.4609375|06a081|QTR8467|0|2313|0|||3|3|0|1|1|132|146|["132,178,5,1896","132,146,5,1835","132,162,5"]|14:03:41:461
62|1.1|636136524085496353|0|50626.4375|19.08937100202|104.62738290267|409195|602329||50626.4375|319.75||31993.75|319.75|50626.4375|06a081|QTR8467|0|2313|0|||3|3|0|1|1|132|147|["132,178,5,1896","132,146,5,1835","132,162,5"]|14:03:46:438
62|1.1|636136524135421345|0|50631.4375|19.093008072|104.61649315037|408038|602711||50631.4375|320||31993.75|319.75|50631.4375|06a081|QTR8467|0|2313|0|||3|3|0|1|1|132|147|["132,178,5,1896","132,146,5,1835","132,162,5"]|14:03:51:438
62|1.1|636136524185346337|0|50636.421875|19.09696700658|104.60494894005|406811|603127||50636.421875|320||32000|320|50636.421875|06a081|QTR8467|0|2313|0|||3|3|0|1|1|132|146|["132,178,5,1896","132,146,5,1835","132,162,5"]|14:03:56:422
62|1.1|636136524235261328|0|50641.421875|19.10061480538|104.59384461135|405631|603510||50641.421875|320||32006.25|320|50641.421875|06a081|QTR8467|0|2313|0|||3|3|0|1|1|132|147|["132,178,5,1896","132,146,5,1835","132,162,5"]|14:04:01:422
62|1.1|636136524285186320|0|50646.421875|19.10471857903|104.58132407841|404301|603941||50646.421875|319.75||31993.75|319.75|50646.421875|06a081|QTR8467|0|2313|0|||3|3|0|1|1|132|146|["132,178,5,1896","132,146,5,1835","132,162,5"]|14:04:06:422
62|1.1|636136524335111312|0|50651.3984375|19.10863459833|104.56964039343|403059|604352||50651.3984375|320||31993.75|319.75|50651.3984375|06a081|QTR8467|0|2313|0|||3|3|0|1|1|132|146|["132,178,5,1896","132,146,5,1835","132,162,5"]|14:04:11:398
62|1.1|636136524385026303|0|50656.3984375|19.11258280409|104.55786014907|401808|604767||50656.3984375|320||31993.75|320|50656.3984375|06a081|QTR8467|0|2313|0|||3|3|0|1|1|132|146|["132,178,5,1896","132,146,5,1835","132,162,5"]|14:04:16:398
62|1.1|636136524434951295|0|50661.375|19.11646663693|104.54620865055|400570|605176||50661.375|319.75||31993.75|320|50661.375|06a081|QTR8467|0|2313|0|||3|3|0|1|1|132|146|["132,178,5,1896","132,146,5,1835","132,162,5"]|14:04:21:375
62|1.1|636136524484866286|0|50666.375|19.12060796145|104.53370421084|399242|605611||50666.375|319.75||31975|319.75|50666.375|06a081|QTR8467|0|2313|0|||3|3|0|1|1|132|147|["132,178,5,1896","132,146,5,1835","132,162,5"]|14:04:26:375
62|1.1|636136524534791278|0|50671.375|19.12467418423|104.52168256803|397965|606038||50671.375|319.75||31975|319.75|50671.375|06a081|QTR8467|0|2313|0|||3|3|0|1|1|132|147|["132,178,5,1896","132,146,5,1835","132,162,5"]|14:04:31:375
62|1.1|636136524584716270|0|50676.359375|19.12864921204|104.50990768808|396714|606457||50676.359375|319.75||31975|319.75|50676.359375|06a081|QTR8467|0|2313|0|||3|3|0|1|1|132|147|["132,178,5,1896","132,146,5,1835","132,162,5"]|14:04:36:359
62|1.1|636136524634661264|0|50681.359375|19.13267251954|104.4980094267|395450|606880||50681.359375|319.75||31975|319.75|50681.359375|06a081|QTR8467|0|2313|0|||3|3|0|1|1|132|147|["132,178,5,1896","132,146,5,1835"]|14:04:41:359
62|1.1|636136524684566254|0|50686.3359375|19.13637932685|104.48740398813|394323|607271||50686.3359375|319.75||31975|319.75|50686.3359375|06a081|QTR8467|0|2313|0|||3|3|0|1|1|132|147|["132,178,5,1896","132,146,5,1835"]|14:04:46:336
62|1.1|636136524734481245|0|50691.3359375|19.14031143938|104.47585977781|393097|607686||50691.3359375|319.75||31975|319.75|50691.3359375|06a081|QTR8467|0|2313|0|||3|3|0|1|1|132|146|["132,178,5,1896","132,146,5,1835"]|14:04:51:336
62|1.1|636136524784396236|0|50696.3359375|19.14401288228|104.46498075433|391941|608075||50696.3359375|319.75||31981.25|319.75|50696.3359375|06a081|QTR8467|0|2313|0|||3|3|0|1|1|132|146|["132,178,5,1896","132,146,5,1835"]|14:04:56:336
62|1.1|636136524834321228|0|50701.3203125|19.14779479133|104.45368330687|390741|608473||50701.3203125|320||31981.25|319.75|50701.3203125|06a081|QTR8467|0|2313|0|||3|3|0|1|1|132|146|["132,178,5,1896","132,146,5,1835"]|14:05:01:320
62|1.1|636136524884246220|0|50706.3203125|19.15163034448|104.4421122745|389513|608877||50706.3203125|320||31981.25|320|50706.3203125|06a081|QTR8467|0|2313|0|||3|3|0|1|1|132|146|["132,178,5,1896","132,146,5,1835"]|14:05:06:320
62|1.1|636136524934171212|0|50711.296875|19.15592723689|104.42898556323|388119|609329||50711.296875|320||32006.25|320|50711.296875|06a081|QTR8467|0|2313|0|||3|3|0|1|1|132|147|["132,178,5,1896","132,146,5,1835"]|14:05:11:297
62|1.1|636136524984106205|0|50716.296875|19.15967695948|104.41736625117|386885|609723||50716.296875|320||32006.25|320|50716.296875|06a081|QTR8467|0|2313|0|||3|3|0|1|1|132|147|["132,178,5,1896","132,146,5,1835"]|14:05:16:297
62|1.1|636136525034011195|0|50721.296875|19.16358224996|104.40541434569|385616|610134||50721.296875|320||32012.5|320|50721.296875|06a081|QTR8467|0|2313|0|||3|3|0|1|1|132|146|["132,178,5,1896","132,146,5,1835"]|14:05:21:297
62|1.1|636136525083926186|0|50726.28125|19.16755191336|104.39326395704|384326|610551||50726.28125|320||32025|320|50726.28125|06a081|QTR8467|0|2313|0|||3|3|0|1|1|132|146|["132,178,5,1896","132,146,5,1835"]|14:05:26:281
62|1.1|636136525133851178|0|50731.28125|19.17152157676|104.3812798651|383054|610969||50731.28125|319.75||32031.25|319.75|50731.28125|06a081|QTR8467|0|2313|0|||3|3|0|1|1|132|146|["132,178,5,1896","132,146,5,1835"]|14:05:31:281
62|1.1|636136525183776170|0|50736.2578125|19.17566826569|104.36937623931|381790|611407||50736.2578125|319.75||32012.5|319.75|50736.2578125|06a081|QTR8467|0|2313|0|||3|3|0|1|1|132|146|["132,178,5,1896","132,146,5,1835"]|14:05:36:258
62|1.1|636136525233691161|0|50741.2578125|19.17938043741|104.35940916553|380731|611801||50741.2578125|319.75||31975|319.75|50741.2578125|06a081|QTR8467|0|2313|0|||3|3|0|1|1|132|146|["132,178,5,1896","132,146,5,1835"]|14:05:41:258
62|1.1|636136525283616153|0|50746.2578125|19.18304969385|104.34809562484|379530|612187||50746.2578125|319.75||31975|319.75|50746.2578125|06a081|QTR8467|0|2313|0|||3|3|0|1|1|132|146|["132,178,5,1896","132,146,5,1835"]|14:05:46:258
62|1.1|636136525333541145|0|50751.2421875|19.18669749265|104.33709858434|378363|612571||50751.2421875|319.75||31975|319.75|50751.2421875|06a081|QTR8467|0|2313|0|||3|3|0|1|1|132|146|["132,178,5,1896","132,146,5,1835"]|14:05:51:242
62|1.1|636136525383456136|0|50756.2421875|19.19145572432|104.32317794039|376885|613074||50756.2421875|320||31975|319.75|50756.2421875|06a081|QTR8467|0|2313|0|||3|3|0|1|1|132|146|["132,178,5,1896","132,146,5,1835"]|14:05:56:242
62|1.1|636136525433381128|0|50761.21875|19.1955219471|104.3111133823|375605|613503||50761.21875|320||31968.75|320|50761.21875|06a081|QTR8467|0|2313|0|||3|3|0|1|1|132|146|["132,178,5,1896","132,146,5,1835"]|14:06:01:219
62|1.1|636136525483306120|0|50766.21875|19.19919120354|104.30022899441|374449|613890||50766.21875|320||31987.5|320|50766.21875|06a081|QTR8467|0|2313|0|||3|3|0|1|1|132|146|["132,178,5,1896","132,146,5,1835"]|14:06:06:219
62|1.1|636136525533231112|0|50771.21875|19.20343981626|104.28766018178|373115|614338||50771.21875|320||32006.25|320|50771.21875|06a081|QTR8467|0|2313|0|||3|3|0|1|1|132|146|["132,178,5,1896","132,146,5,1835"]|14:06:11:219
62|1.1|636136525583146103|0|50776.1953125|19.20742557289|104.27575655599|371852|614759||50776.1953125|320||31987.5|320|50776.1953125|06a081|QTR8467|0|2313|0|||3|3|0|1|1|132|146|["132,178,5,1896","132,146,5,1835"]|14:06:16:195
62|1.1|636136525633071095|0|50781.1953125|19.2112396684|104.26470587139|370679|615162||50781.1953125|319.75||31981.25|319.75|50781.1953125|06a081|QTR8467|0|2313|0|||3|3|0|1|1|132|147|["132,178,5,1896","132,146,5,1835"]|14:06:21:195
62|1.1|636136525682996087|0|50786.1796875|19.2149947554|104.2538214835|369524|615559||50786.1796875|320||31975|319.75|50786.1796875|06a081|QTR8467|0|2313|0|||3|3|0|1|1|132|146|["132,178,5,1896","132,146,5,1835"]|14:06:26:180
62|1.1|636136525732911078|0|50791.1796875|19.2185889101|104.24299610412|368375|615938||50791.1796875|320||32000|320|50791.1796875|06a081|QTR8467|0|2313|0|||3|3|0|1|1|132|147|["132,178,5,1896","132,146,5,1835"]|14:06:31:180
62|1.1|636136525782836070|0|50796.1796875|19.2226658617|104.2304326559|367042|616368||50796.1796875|320||31993.75|320|50796.1796875|06a081|QTR8467|0|2313|0|||3|3|0|1|1|132|146|["132,178,5,1896","132,146,5,1835"]|14:06:36:180
62|1.1|636136525832761062|0|50801.15625|19.22667307597|104.21821789433|365746|616791||50801.15625|319.75||31981.25|319.75|50801.15625|06a081|QTR8467|0|2313|0|||3|3|0|1|1|132|146|["132,178,5,1896","132,146,5,1835"]|14:06:41:156
62|1.1|636136525882676053|0|50806.15625|19.2307661208|104.20626598885|364478|617224||50806.15625|319.75||31975|319.75|50806.15625|06a081|QTR8467|0|2313|0|||3|3|0|1|1|132|147|["132,178,5,1896","132,146,5,1835"]|14:06:46:156
62|1.1|636136525932601045|0|50811.140625|19.23440319078|104.19554253326|363340|617609||50811.140625|319.75||31975|319.75|50811.140625|06a081|QTR8467|0|2313|0|||3|3|0|1|1|132|146|["132,178,5,1896","132,146,5,1835"]|14:06:51:141
62|1.1|636136525982516036|0|50816.140625|19.23809926927|104.18452403512|362171|617999||50816.140625|319.75||31975|319.75|50816.140625|06a081|QTR8467|0|2313|0|||3|3|0|1|1|132|147|["132,178,5,1896","132,146,5,1835"]|14:06:56:141
62|1.1|636136526032461030|0|50821.140625|19.2421923141|104.17192303603|360834|618431||50821.140625|319.75||31981.25|319.75|50821.140625|06a081|QTR8467|0|2313|0|||3|3|0|1|1|132|146|["132,178,5,1896","132,146,5,1835"]|14:07:01:141
62|1.1|636136526082366020|0|50826.1171875|19.24621025719|104.15970291005|359538|618855||50826.1171875|320||31993.75|320|50826.1171875|06a081|QTR8467|0|2313|0|||3|3|0|1|1|132|146|["132,178,5,1896","132,146,5,1835"]|14:07:06:117
62|1.1|636136526132281011|0|50831.1171875|19.24998680183|104.14882388657|358384|619255||50831.1171875|320||32006.25|320|50831.1171875|06a081|QTR8467|0|2313|0|||3|3|0|1|1|132|146|["132,178,5,1896","132,146,5,1835"]|14:07:11:117
62|1.1|636136526182206003|0|50836.1015625|19.2539940161|104.13637309096|357063|619678||50836.1015625|320||32006.25|320|50836.1015625|06a081|QTR8467|0|2313|0|||3|3|0|1|1|132|147|["132,178,5,1896","132,146,5,1835"]|14:07:16:102
62|1.1|636136526232130995|0|50841.1015625|19.2579100354|104.12454993132|355809|620092||50841.1015625|319.75||32012.5|319.75|50841.1015625|06a081|QTR8467|0|2313|0|||3|3|0|1|1|132|146|["132,178,5,1896","132,146,5,1835"]|14:07:21:102
62|1.1|636136526282065988|0|50846.1015625|19.26159538507|104.11410542505|354701|620483||50846.1015625|319.75||31987.5|319.75|50846.1015625|06a081|QTR8467|0|2313|0|||3|3|0|1|1|132|146|["132,178,5,1896","132,146,5,1835"]|14:07:26:102
62|1.1|636136526331970978|0|50851.078125|19.26566697226|104.10160634975|353376|620913||50851.078125|320||31975|319.75|50851.078125|06a081|QTR8467|0|2313|0|||3|3|0|1|1|132|146|["132,178,5,1896","132,146,5,1835"]|14:07:31:078
62|1.1|636136526381895970|0|50856.078125|19.26940596603|104.0906361313|352212|621309||50856.078125|320||31993.75|320|50856.078125|06a081|QTR8467|0|2313|0|||3|3|0|1|1|132|146|["132,178,5,1896","132,146,5,1835"]|14:07:36:078
62|1.1|636136526431810961|0|50861.0625|19.27326297682|104.07918848036|350998|621717||50861.0625|320||32000|320|50861.0625|06a081|QTR8467|0|2313|0|||3|3|0|1|1|132|146|["132,178,5,1896","132,146,5,1835"]|14:07:41:063
62|1.1|636136526481755955|0|50866.0625|19.27713071643|104.06762817681|349772|622126||50866.0625|320||32006.25|320|50866.0625|06a081|QTR8467|0|2313|0|||3|3|0|1|1|132|146|["132,178,5,1896","132,146,5,1835"]|14:07:46:063
62|1.1|636136526531670946|0|50871.0625|19.28100382045|104.05608396649|348548|622536||50871.0625|320||32006.25|320|50871.0625|06a081|QTR8467|0|2313|0|||3|3|0|1|1|132|146|["132,178,5,1896","132,146,5,1835"]|14:07:51:063
62|1.1|636136526581595938|0|50876.0390625|19.28487156006|104.04443246797|347312|622946||50876.0390625|319.75||32012.5|320|50876.0390625|06a081|QTR8467|0|2313|0|||3|3|0|1|1|132|146|["132,178,5,1896","132,146,5,1835"]|14:07:56:039
62|1.1|636136526631500928|0|50881.0390625|19.28884122346|104.03245374044|346042|623366||50881.0390625|319.75||32006.25|319.75|50881.0390625|06a081|QTR8467|0|2313|0|||3|3|0|1|1|132|146|["132,178,5,1896","132,146,5,1835"]|14:08:01:039
62|1.1|636136526681425920|0|50886.015625|19.29324003966|104.01910708836|344627|623832||50886.015625|319.75||31981.25|319.75|50886.015625|06a081|QTR8467|0|2313|0|||3|3|0|1|1|132|146|["132,178,5,1896","132,146,5,1835"]|14:08:06:016
62|1.1|636136526731350912|0|50891.015625|19.29741355064|104.00674748772|343317|624274||50891.015625|319.75||31981.25|319.75|50891.015625|06a081|QTR8467|0|2313|0|||3|3|0|1|1|132|147|["132,178,5,1896","132,146,5,1835"]|14:08:11:016
62|1.1|636136526781265903|0|50896.015625|19.30091114596|103.99641026965|342221|624645||50896.015625|320||31975|319.75|50896.015625|06a081|QTR8467|0|2313|0|||3|3|0|1|1|132|146|["132,178,5,1896","132,146,5,1835"]|14:08:16:016
62|1.1|636136526831190895|0|50901|19.30491299582|103.98414722839|340921|625068||50901|320||32000|320|50901|06a081|QTR8467|0|2313|0|||3|3|0|1|1|132|147|["132,178,5,1896","132,146,5,1835"]|14:08:21:000
62|1.1|636136526881115887|0|50906|19.30860907431|103.97337549311|339779|625460||50906|320||32006.25|320|50906|06a081|QTR8467|0|2313|0|||3|3|0|1|1|132|146|["132,178,5,1896","132,146,5,1835"]|14:08:26:000
62|1.1|636136526931030878|0|50910.9765625|19.3123587969|103.96229262205|338604|625858||50910.9765625|319.75||31993.75|320|50910.9765625|06a081|QTR8467|0|2313|0|||3|3|0|1|1|132|146|["132,178,5,1896","132,146,5,1835"]|14:08:30:977
62|1.1|636136526980955870|0|50915.9765625|19.31636064676|103.94984719085|337285|626282||50915.9765625|319.75||32000|319.75|50915.9765625|06a081|QTR8467|0|2313|0|||3|3|0|1|1|132|146|["132,178,5,1896","132,146,5,1835"]|14:08:35:977
62|1.1|636136527030880862|0|50920.9765625|19.32058780184|103.93728374263|335954|626730||50920.9765625|320||32006.25|320|50920.9765625|06a081|QTR8467|0|2313|0|||3|3|0|1|1|132|147|["132,178,5,1896","132,146,5,1835"]|14:08:40:977
62|1.1|636136527080805854|0|50925.9609375|19.32398347337|103.92715573655|334880|627090||50925.9609375|320||32012.5|320|50925.9609375|06a081|QTR8467|0|2313|0|||3|3|0|1|1|132|146|["132,178,5,1896","132,146,5,1835"]|14:08:45:961
62|1.1|636136527130720845|0|50930.9609375|19.32810870466|103.9142006864|333507|627527||50930.9609375|319.75||31981.25|319.75|50930.9609375|06a081|QTR8467|0|2313|0|||3|3|0|1|1|132|147|["132,178,5,1896","132,146,5,1835"]|14:08:50:961
62|1.1|636136527180645837|0|50935.9375|19.33211055452|103.9020234757|332217|627951||50935.9375|319.75||31975|319.75|50935.9375|06a081|QTR8467|0|2313|0|||3|3|0|1|1|132|146|["132,178,5,1896","132,146,5,1835"]|14:08:55:938
62|1.1|636136527230580830|0|50940.9375|19.33582272624|103.89123564719|331074|628345||50940.9375|319.75||31993.75|320|50940.9375|06a081|QTR8467|0|2313|0|||3|3|0|1|1|132|146|["132,178,5,1896","132,146,5,1835"]|14:09:00:938
62|1.1|636136527280505822|0|50945.9375|19.33970119467|103.87963779277|329845|628757||50945.9375|320||31993.75|320|50945.9375|06a081|QTR8467|0|2313|0|||3|3|0|1|1|132|146|["132,178,5,1896","132,146,5,1835"]|14:09:05:938
62|1.1|636136527330420813|0|50950.921875|19.34356356987|103.86813649773|328626|629167||50950.921875|319.75||32000|319.75|50950.921875|06a081|QTR8467|0|2313|0|||3|3|0|1|1|132|146|["132,178,5,1896","132,146,5,1835"]|14:09:10:922
62|1.1|636136527380355806|0|50955.921875|19.34743130948|103.85653864331|327397|629578||50955.921875|320||32006.25|319.75|50955.921875|06a081|QTR8467|0|2313|0|||3|3|0|1|1|132|146|["132,178,5,1896","132,146,5,1835"]|14:09:15:922
62|1.1|636136527430250795|0|50960.8984375|19.35089671834|103.84541822138|326219|629944||50960.8984375|320||32006.25|319.75|50960.8984375|06a081|QTR8467|0|2313|0|||3|3|0|1|1|132|146|["132,178,5,1896","132,146,5,1835"]|14:09:20:898
62|1.1|636136527480165786|0|50965.8984375|19.35494684789|103.8325543662|324856|630373||50965.8984375|319.75||32006.25|320|50965.8984375|06a081|QTR8467|0|2313|0|||3|3|0|1|1|132|146|["132,178,5,1896","132,146,5,1835"]|14:09:25:898
62|1.1|636136527530090778|0|50970.8984375|19.3586536552|103.82129446961|323664|630766||50970.8984375|320||32012.5|320|50970.8984375|06a081|QTR8467|0|2313|0|||3|3|0|1|1|132|146|["132,178,5,1896","132,146,5,1835"]|14:09:30:898
62|1.1|636136527580015770|0|50975.875|19.3624623863|103.8096483355|322430|631171||50975.875|320||32018.75|320|50975.875|06a081|QTR8467|0|2313|0|||3|3|0|1|1|132|146|["132,178,5,1896","132,146,5,1835"]|14:09:35:875
62|1.1|636136527629930761|0|50980.875|19.36630866827|103.79794855729|321191|631579||50980.875|320||32018.75|320|50980.875|06a081|QTR8467|0|2313|0|||3|3|0|1|1|132|146|["132,178,5,1896","132,146,5,1835"]|14:09:40:875
62|1.1|636136527679855753|0|50985.859375|19.36985454328|103.78666720306|319996|631955||50985.859375|319.75||31987.5|320|50985.859375|06a081|QTR8467|0|2313|0|||3|3|0|1|1|132|147|["132,178,5,1896","132,146,5,1835"]|14:09:45:859
62|1.1|636136527729790746|0|50990.859375|19.37357207941|103.77501034013|318761|632349||50990.859375|319.75||31981.25|319.75|50990.859375|06a081|QTR8467|0|2313|0|||3|3|0|1|1|132|146|["132,178,5,1896","132,146,5,1835"]|14:09:50:859
62|1.1|636136527779715738|0|50995.859375|19.37757392927|103.76221085787|317406|632773||50995.859375|320||31975|319.75|50995.859375|06a081|QTR8467|0|2313|0|||3|3|0|1|1|132|146|["132,178,5,1896","132,146,5,1835"]|14:09:55:859
62|1.1|636136527829620728|0|51000.8359375|19.38130219422|103.75086513072|316204|633169||51000.8359375|320||31993.75|320|51000.8359375|06a081|QTR8467|0|2313|0|||3|3|0|1|1|132|146|["132,178,5,1896","132,146,5,1835"]|14:10:00:836
62|1.1|636136527879545720|0|51005.8359375|19.38510556091|103.73909025077|314957|633573||51005.8359375|320||31993.75|320|51005.8359375|06a081|QTR8467|0|2313|0|||3|3|0|1|1|132|146|["132,178,5,1896","132,146,5,1835"]|14:10:05:836
62|1.1|636136527929480713|0|51010.8203125|19.38892502083|103.72724563349|313703|633978||51010.8203125|320||32006.25|320|51010.8203125|06a081|QTR8467|0|2313|0|||3|3|0|1|1|132|146|["132,178,5,1896","132,146,5,1835"]|14:10:10:820
62|1.1|636136527979385703|0|51015.8203125|19.39277666721|103.7153956518|312448|634388||51015.8203125|320||32012.5|320|51015.8203125|06a081|QTR8467|0|2313|0|||3|3|0|1|1|132|146|["132,178,5,1896","132,146,5,1835"]|14:10:15:820
62|1.1|636136528029310695|0|51020.8203125|19.39660685595|103.70379779738|311220|634795||51020.8203125|320||32012.5|320|51020.8203125|06a081|QTR8467|0|2313|0|||3|3|0|1|1|132|146|["132,178,5,1896","132,146,5,1835"]|14:10:20:820
62|1.1|636136528079225686|0|51025.796875|19.40055506171|103.69258618048|310033|635216||51025.796875|319.75||31975|319.75|51025.796875|06a081|QTR8467|0|2313|0|||3|3|0|1|1|132|146|["132,178,5,1896","132,146,5,1835"]|14:10:25:797
62|1.1|636136528129150678|0|51030.796875|19.40479294561|103.67871381622|308565|635665||51030.796875|319.75||31975|319.75|51030.796875|06a081|QTR8467|0|2313|0|||3|3|0|1|1|132|146|["132,178,5,1896","132,146,5,1835"]|14:10:30:797
62|1.1|636136528179075670|0|51035.78125|19.4087036005|103.66655269875|307277|636081||51035.78125|319.75||31975|319.75|51035.78125|06a081|QTR8467|0|2313|0|||3|3|0|1|1|132|146|["132,178,5,1896","132,146,5,1835"]|14:10:35:781
62|1.1|636136528228990661|0|51040.78125|19.41254451806|103.65470808147|306023|636489||51040.78125|319.75||31975|319.75|51040.78125|06a081|QTR8467|0|2313|0|||3|3|0|1|1|132|147|["132,178,5,1896","132,146,5,1835"]|14:10:40:781
62|1.1|636136528278925654|0|51045.78125|19.41638007121|103.64282591332|304765|636897||51045.78125|319.75||31975|319.75|51045.78125|06a081|QTR8467|0|2313|0|||3|3|0|1|1|132|147|["132,178,5,1896","132,146,5,1835"]|14:10:45:781
62|1.1|636136528328860647|0|51050.7578125|19.42022098877|103.6310134825|303515|637305||51050.7578125|319.75||31981.25|319.75|51050.7578125|06a081|QTR8467|0|2313|0|||3|3|0|1|1|132|146|["132,178,5,1896","132,146,5,1835"]|14:10:50:758
62|1.1|636136528378765637|0|51055.7578125|19.42379905024|103.62045632362|302397|637687||51055.7578125|319.75||31981.25|319.75|51055.7578125|06a081|QTR8467|0|2313|0|||3|3|0|1|1|132|146|["132,178,5,1896","132,146,5,1835"]|14:10:55:758
62|1.1|636136528428690629|0|51060.7421875|19.42758095929|103.60904622355|301189|638090||51060.7421875|320||31987.5|320|51060.7421875|06a081|QTR8467|0|2313|0|||3|3|0|1|1|132|146|["132,178,5,1896","132,146,5,1835"]|14:11:00:742
62|1.1|636136528478605620|0|51065.7421875|19.43136823275|103.59766294553|299984|638493||51065.7421875|320||31987.5|320|51065.7421875|06a081|QTR8467|0|2313|0|||3|3|0|1|1|132|146|["132,178,5,1896","132,146,5,1835"]|14:11:05:742
