62|1.1|636136514875095405|0|49704.9765625|15.20561862817|108.7599795276|862070|183221||49704.9765625|310||30718.75|310|49704.9765625|4000f5|KAR2518|0|2644|0|||3|3|0|1|1|132|162|["132,162,5"]|13:48:24:977
62|1.1|636136514893847280|0|49707.296875|15.21090257202|108.75876180653|861918|183804||49707.296875|310||30718.75|310|49707.296875|4000f5|KAR2518|0|2644|0|||3|3|0|1|1|132|162|["132,162,5"]|13:48:27:297
62|1.1|636136514943892284|0|49712.28125|15.22224293476|108.75616006768|861593|185054||49712.28125|310||30725|310|49712.28125|4000f5|KAR2518|0|2644|0|||3|3|0|1|1|132|162|["132,162,5"]|13:48:32:281
62|1.1|636136514993677262|0|49717.28125|15.23863657172|108.75369780349|861264|186866||49717.28125|310||30725|310|49717.28125|4000f5|KAR2518|0|2644|0|||3|3|0|1|1|132|162|["132,162,5"]|13:48:37:281
62|1.1|636136515043602254|0|49722.2578125|15.25060993484|108.75116043756|860944|188187||49722.2578125|310||30731.25|310|49722.2578125|4000f5|KAR2518|0|2644|0|||3|3|0|1|1|132|162|["132,162,5"]|13:48:42:258
62|1.1|636136515093517245|0|49727.2578125|15.26277105231|108.74858552076|860619|189529||49727.2578125|310||30731.25|310|49727.2578125|4000f5|KAR2518|0|2644|0|||3|3|0|1|1|132|162|[]|13:48:47:258
62|1.1|636136515143442237|0|49732.2578125|15.27498581388|108.74600523955|860293|190876||49732.2578125|310||30743.75|310|49732.2578125|4000f5|KAR2518|0|2644|0|||3|3|0|1|1|132|162|[]|13:48:52:258
62|1.1|636136515193377230|0|49737.2421875|15.27932025716|108.7429743479|859949|191346||49737.2421875|310||30725|310|49737.2421875|4000f5|KAR2518|0|2644|0|||3|3|0|1|1|132|162|["132,162,5"]|13:48:57:242
62|1.1|636136515243292221|0|49742.2421875|15.29068744195|108.74031360054|859618|192599||49742.2421875|310||30731.25|310|49742.2421875|4000f5|KAR2518|0|2644|0|||3|3|0|1|1|132|162|["132,162,5"]|13:49:02:242
62|1.1|636136515293227214|0|49747.21875|15.30183468593|108.73770649728|859294|193828||49747.21875|310||30731.25|310|49747.21875|4000f5|KAR2518|0|2644|0|||3|3|0|1|1|132|162|[]|13:49:07:219
62|1.1|636136515343132204|0|49752.21875|15.31078788622|108.73508330079|858976|194813||49752.21875|310||30725|310|49752.21875|4000f5|KAR2518|0|2644|0|||3|3|0|1|1|132|162|["132,162,5"]|13:49:12:219
62|1.1|636136515393187209|0|49757.21875|15.32187612169|108.73244937548|858649|196035||49757.21875|310||30731.25|310|49757.21875|4000f5|KAR2518|0|2644|0|||3|3|0|1|1|132|162|["132,162,5"]|13:49:17:219
62|1.1|636136515442982188|0|49762.1953125|15.33285170455|108.72983690781|858325|197245||49762.1953125|310||30737.5|310|49762.1953125|4000f5|KAR2518|0|2644|0|||3|3|0|1|1|132|162|[]|13:49:22:195
62|1.1|636136515492917181|0|49767.1953125|15.34385947387|108.72722444014|858000|198458||49767.1953125|310||30737.5|310|49767.1953125|4000f5|KAR2518|0|2644|0|||3|3|0|1|1|132|162|[]|13:49:27:195
62|1.1|636136515542812170|0|49772.1796875|15.35482432791|108.72461197247|857676|199666||49772.1796875|310||30743.75|310|49772.1796875|4000f5|KAR2518|0|2644|0|||3|3|0|1|1|132|162|[]|13:49:32:180
62|1.1|636136516378985779|0|49855.359375|15.52015544411|108.64021907435|847940|217719||49855.359375|310.25||30762.5|310|49855.359375|4000f5|KAR2518|0|2303|0|||3|3|0|1|1|132|162|["132,162,5"]|13:50:55:359
62|1.1|636136516391497030|0|49857.0625|15.52361548856|108.63796065774|847683|218095||49857.0625|310.25||30768.75|310|49857.0625|4000f5|KAR2518|0|2303|0|||3|3|0|1|1|132|162|["132,162,5"]|13:50:57:063
62|1.1|636136516416429523|0|49850.8984375|15.48267967585|108.64844807929|848972|213586||49850.8984375|310.25||31025|310|49850.8984375|4000f5|KAR2518|X|2798|0|||3|3|3|1|1|132|163|[]|13:50:50:898
62|1.1|636136516441402020|0|49862.0390625|15.50251189962|108.63336335837|847274|215733||49862.0390625|310.25||12637.5|310|49862.0390625|4000f5|KAR2518|X|2798|0|||3|3|3|1|1|132|163|[]|13:51:02:039
62|1.1|636136516441402020|0|49862.0390625|15.55855389089|108.62943661025|846630|221945||49862.0390625|310.25||30812.5|310|49862.0390625|4000f5|KAR2518|0|2303|0|||3|3|0|1|1|132|162|["132,162,5"]|13:51:02:039
62|1.1|636136516491327012|0|49867.0390625|15.51167967631|108.62607312518|846449|216724||49867.0390625|310||31031.25|310|49867.0390625|4000f5|KAR2518|0|2798|0|||3|3|0|1|1|132|162|["132,162,5"]|13:51:07:039
62|1.1|636136516491327012|0|49867.0390625|15.56929880412|108.62382007298|845984|223118||49867.0390625|310.25||30862.5|310|49867.0390625|4000f5|KAR2518|0|2303|0|||3|3|0|1|1|132|162|["132,162,5"]|13:51:07:039
62|1.1|636136516541252004|0|49872.015625|15.52060069014|108.6192174092|845676|217690||49872.015625|310||31012.5|310|49872.015625|4000f5|KAR2518|0|2798|0|||3|3|0|1|1|132|162|["132,162,5"]|13:51:12:016
62|1.1|636136516541252004|0|49872.015625|15.58000080207|108.61822499335|845340|224286||49872.015625|310.25||30906.25|310|49872.015625|4000f5|KAR2518|0|2303|0|||3|3|0|1|1|132|162|[]|13:51:12:016
62|1.1|636136516591166995|0|49877.015625|15.52955389043|108.6123509644|844902|218659||49877.015625|310||31012.5|310|49877.015625|4000f5|KAR2518|0|2798|0|||3|3|0|1|1|132|162|["132,162,5"]|13:51:17:016
62|1.1|636136516591176996|0|49877.015625|15.59075644412|108.61261382049|844694|225460||49877.015625|310.25||30956.25|310|49877.015625|4000f5|KAR2518|0|2303|0|||3|3|0|1|1|132|162|[]|13:51:17:016
62|1.1|636136516641111989|0|49882.015625|15.53851245513|108.60546842637|844126|219629||49882.015625|310||31000|310|49882.015625|4000f5|KAR2518|0|2798|0|||3|3|0|1|1|132|162|["132,162,5"]|13:51:22:016
62|1.1|636136516641111989|0|49882.015625|15.60150135735|108.60700264763|844049|226633||49882.015625|310.25||31006.25|310|49882.015625|4000f5|KAR2518|0|2303|0|||3|3|0|1|1|132|162|[]|13:51:22:016
62|1.1|636136516691016979|0|49887|15.5474012825|108.59869317654|843362|220591||49887|310||31000|310|49887|4000f5|KAR2518|0|2798|0|||3|3|0|1|1|132|162|["132,162,5"]|13:51:27:000
62|1.1|636136516740941971|0|49892|15.55645104217|108.59167116385|842571|221570||49892|310||30981.25|310|49892|4000f5|KAR2518|0|2798|0|||3|3|0|1|1|132|162|["132,162,5"]|13:51:32:000
62|1.1|636136516790886965|0|49896.9765625|15.56534523395|108.58487445638|841805|222533||49896.9765625|310||30975|310|49896.9765625|4000f5|KAR2518|0|2798|0|||3|3|0|1|1|132|162|["132,162,5"]|13:51:36:977
62|1.1|636136516840781954|0|49901.9765625|15.57428234101|108.57805629127|841036|223501||49901.9765625|310||30968.75|310|49901.9765625|4000f5|KAR2518|0|2798|0|||3|3|0|1|1|132|162|[]|13:51:41:977
62|1.1|636136516890716947|0|49906.9765625|15.58322481248|108.57122739734|840266|224469||49906.9765625|310||30962.5|310|49906.9765625|4000f5|KAR2518|0|2798|0|||3|3|0|1|1|132|162|[]|13:51:46:977
62|1.1|636136516940621937|0|49911.9609375|15.59317042862|108.56303057886|839346|225543||49911.9609375|310||30881.25|310|49911.9609375|4000f5|KAR2518|0|2798|0|||3|3|0|1|1|132|162|["132,162,5"]|13:51:51:961
62|1.1|636136516990546929|0|49916.9609375|15.60350228228|108.55539702343|838484|226663||49916.9609375|310||30818.75|310|49916.9609375|4000f5|KAR2518|0|2798|0|||3|3|0|1|1|132|162|["132,162,5"]|13:51:56:961
62|1.1|636136517040471921|0|49921.9375|15.6126325081|108.54844474807|837700|227652||49921.9375|310||30800|310|49921.9375|4000f5|KAR2518|0|2798|0|||3|3|0|1|1|132|162|["132,162,5"]|13:52:01:938
62|1.1|636136517090396913|0|49926.9375|15.62186465771|108.54140664215|836907|228651||49926.9375|310||30781.25|310|49926.9375|4000f5|KAR2518|0|2798|0|||3|3|0|1|1|132|162|["132,162,5"]|13:52:06:938
62|1.1|636136517140331906|0|49931.9375|15.63057109514|108.53415932424|836094|229591||49931.9375|310||30825|310|49931.9375|4000f5|KAR2518|0|2798|0|||3|3|0|1|1|132|162|["132,162,5"]|13:52:11:938
62|1.1|636136517190236896|0|49936.921875|15.64022703314|108.52680471813|835265|230637||49936.921875|310||30806.25|310|49936.921875|4000f5|KAR2518|0|2798|0|||3|3|0|1|1|132|162|["132,162,5"]|13:52:16:922
62|1.1|636136517240151887|0|49941.921875|15.6493787166|108.51978270544|834474|231628||49941.921875|310||30806.25|310|49941.921875|4000f5|KAR2518|0|2798|0|||3|3|0|1|1|132|162|["132,162,5"]|13:52:21:922
62|1.1|636136517290096881|0|49946.8984375|15.65901319696|108.51242273492|833645|232671||49946.8984375|310||30793.75|310|49946.8984375|4000f5|KAR2518|0|2798|0|||3|3|0|1|1|132|162|["132,162,5"]|13:52:26:898
62|1.1|636136517340001871|0|49951.8984375|15.66819170247|108.505384629|832852|233665||49951.8984375|310||30800|310|49951.8984375|4000f5|KAR2518|0|2798|0|||3|3|0|1|1|132|162|["132,162,5"]|13:52:31:898
62|1.1|636136517389926863|0|49956.8984375|15.68028308261|108.49781008208|831991|234980||49956.8984375|310||30781.25|310|49956.8984375|4000f5|KAR2518|0|2798|0|||3|3|0|1|1|132|162|["132,162,5"]|13:52:36:898
62|1.1|636136517439841854|0|49961.875|15.69161271653|108.49038573864|831149|236211||49961.875|310||30775|310|49961.875|4000f5|KAR2518|0|2798|0|||3|3|0|1|1|132|162|["132,162,5"]|13:52:41:875
62|1.1|636136517492867156|0|49967.1796875|15.70402059686|108.48246250507|830249|237561||49967.1796875|310||30768.75|310|49967.1796875|4000f5|KAR2518|0|2798|0|||3|3|0|1|1|132|162|["132,162,5"]|13:52:47:180
62|1.1|636136517542792148|0|49972.1796875|15.71720631664|108.47480212759|829374|238997||49972.1796875|310||30775|310|49972.1796875|4000f5|KAR2518|0|2798|0|||3|3|0|1|1|132|162|["132,162,5"]|13:52:52:180
62|1.1|636136517592707139|0|49977.1796875|15.72974294281|108.46714711452|828503|240362||49977.1796875|310||30781.25|310|49977.1796875|4000f5|KAR2518|0|2798|0|||3|3|0|1|1|132|162|["132,162,5"]|13:52:57:180
62|1.1|636136517642632131|0|49982.15625|15.73540239536|108.46058644109|827775|240966||49982.15625|310||30800|310|49982.15625|4000f5|KAR2518|0|2798|0|||3|3|0|1|1|132|162|["132,162,5"]|13:53:02:156
62|1.1|636136517692557123|0|49987.15625|15.7470646227|108.45308699591|826924|242234||49987.15625|310||30806.25|310|49987.15625|4000f5|KAR2518|0|2798|0|||3|3|0|1|1|132|162|["132,162,5"]|13:53:07:156
62|1.1|636136517742472114|0|49992.140625|15.75628067908|108.44607034763|826134|243232||49992.140625|310||30831.25|310|49992.140625|4000f5|KAR2518|0|2798|0|||3|3|0|1|1|132|162|["132,162,5"]|13:53:12:141
62|1.1|636136517792387105|0|49997.140625|15.76692366852|108.43868355506|825299|244387||49997.140625|310||30837.5|310|49997.140625|4000f5|KAR2518|0|2798|0|||3|3|0|1|1|132|162|["132,162,5"]|13:53:17:141
62|1.1|636136517842312097|0|50002.140625|15.77616118254|108.43166154237|824508|245388||50002.140625|310||30862.5|310|50002.140625|4000f5|KAR2518|0|2798|0|||3|3|0|1|1|132|162|["132,162,5"]|13:53:22:141
62|1.1|636136517892237089|0|50007.1171875|15.78600487489|108.42439276682|823689|246455||50007.1171875|310||30862.5|310|50007.1171875|4000f5|KAR2518|0|2798|0|||3|3|0|1|1|132|162|["132,162,5"]|13:53:27:117
62|1.1|636136517942162081|0|50012.1171875|15.79520483804|108.41736002531|822897|247451||50012.1171875|310||30881.25|310|50012.1171875|4000f5|KAR2518|0|2798|0|||3|3|0|1|1|132|162|["132,162,5"]|13:53:32:117
62|1.1|636136517992077072|0|50017.1015625|15.80359477528|108.4102736397|822104|248357||50017.1015625|310||30881.25|310|50017.1015625|4000f5|KAR2518|0|2798|0|||3|3|0|1|1|132|162|["132,162,5"]|13:53:37:102
62|1.1|636136518042012065|0|50022.1015625|15.81145363593|108.40339646608|821334|249205||50022.1015625|310||30893.75|310|50022.1015625|4000f5|KAR2518|0|2798|0|||3|3|0|1|1|132|162|["132,162,5"]|13:53:42:102
62|1.1|636136518091927056|0|50027.1015625|15.82064287026|108.39645491954|820553|250200||50027.1015625|310||30925|310|50027.1015625|4000f5|KAR2518|0|2798|0|||3|3|0|1|1|132|162|["132,162,5"]|13:53:47:102
62|1.1|636136518141852048|0|50032.078125|15.83079233398|108.38891792349|819704|251300||50032.078125|310||30912.5|310|50032.078125|4000f5|KAR2518|0|2798|0|||3|3|0|1|1|132|162|["132,162,5"]|13:53:52:078
62|1.1|636136518191777040|0|50037.078125|15.8399762039|108.38177252937|818901|252295||50037.078125|310||30912.5|310|50037.078125|4000f5|KAR2518|0|2798|0|||3|3|0|1|1|132|162|["132,162,5"]|13:53:57:078
62|1.1|636136518241692031|0|50042.0625|15.85012566762|108.37432672829|818062|253395||50042.0625|310||30906.25|310|50042.0625|4000f5|KAR2518|0|2798|0|||3|3|0|1|1|132|162|["132,162,5"]|13:54:02:063
62|1.1|636136518291617023|0|50047.0625|15.85912178319|108.36720815622|817263|254368||50047.0625|310||30918.75|310|50047.0625|4000f5|KAR2518|0|2798|0|||3|3|0|1|1|132|162|["132,162,5"]|13:54:07:063
62|1.1|636136518341532014|0|50052.0625|15.87104686662|108.35946731259|816385|255665||50052.0625|310||30906.25|310|50052.0625|4000f5|KAR2518|0|2798|0|||3|3|0|1|1|132|162|["132,162,5"]|13:54:12:063
62|1.1|636136518391457006|0|50057.0390625|15.88045067735|108.35230046083|815579|256684||50057.0390625|310||30918.75|310|50057.0390625|4000f5|KAR2518|0|2798|0|||3|3|0|1|1|132|162|["132,162,5"]|13:54:17:039
62|1.1|636136518441371997|0|50062.0390625|15.89218800643|108.34458107484|814705|257959||50062.0390625|310||30906.25|310|50062.0390625|4000f5|KAR2518|0|2798|0|||3|3|0|1|1|132|162|["132,162,5"]|13:54:22:039
62|1.1|636136518491296989|0|50067.015625|15.90196732586|108.33730693488|813886|259019||50067.015625|310||30918.75|310|50067.015625|4000f5|KAR2518|0|2798|0|||3|3|0|1|1|132|162|["132,162,5"]|13:54:27:016
62|1.1|636136518541231982|0|50072.015625|15.91326477332|108.32961973535|813017|260246||50072.015625|310||30906.25|310|50072.015625|4000f5|KAR2518|0|2798|0|||3|3|0|1|1|132|162|["132,162,5"]|13:54:32:016
62|1.1|636136518591146973|0|50068.015625|15.873825631|108.33974774143|814254|255902||50068.015625|310||31000|310|50068.015625|4000f5|KAR2518|X|2332|0|||3|3|3|1|1|132|163|[]|13:54:28:016
62|1.1|636136518591146973|0|50077.015625|15.89504187255|108.32315025689|812390|258198||50077.015625|310||31006.25|310|50077.015625|4000f5|KAR2518|X|2332|0|||3|3|3|1|1|132|163|[]|13:54:37:016
62|1.1|636136518591146973|0|50077.015625|15.92299581306|108.32232413775|812196|261301||50077.015625|310||30918.75|310|50077.015625|4000f5|KAR2518|0|2798|0|||3|3|0|1|1|132|162|["132,162,5"]|13:54:37:016
62|1.1|636136518641061964|0|50082|15.89924220558|108.31964729716|812000|258652||50082|310||21762.5|310|50082|4000f5|KAR2518|X|2332|0|||3|3|3|1|1|132|163|[]|13:54:42:000
62|1.1|636136518641061964|0|50082|15.93411623499|108.31465303145|811330|262508||50082|310||30912.5|310|50082|4000f5|KAR2518|0|2798|0|||3|3|0|1|1|132|162|["132,162,5"]|13:54:42:000
62|1.1|636136518690986956|0|50087|15.90624812504|108.31414877691|811380|259411||50087|310||31000|310|50087|4000f5|KAR2518|0|2332|0|||3|3|0|1|1|132|162|["132,162,5"]|13:54:47:000
62|1.1|636136518690986956|0|50087|15.94341275752|108.30761492553|810539|263515||50087|310||30931.25|310|50087|4000f5|KAR2518|0|2798|0|||3|3|0|1|1|132|162|["132,162,5"]|13:54:47:000
62|1.1|636136518740911948|0|50091.9765625|15.95269855123|108.30060364166|809750|264521||50091.9765625|310||30956.25|310|50091.9765625|4000f5|KAR2518|0|2798|0|||3|3|0|1|1|132|162|[]|13:54:51:977
62|1.1|636136518740911948|0|50091.9765625|15.91666580926|108.30589831433|810454|260538||50091.9765625|310||30987.5|310|50091.9765625|4000f5|KAR2518|0|2332|0|||3|3|0|1|1|132|162|["132,162,5"]|13:54:51:977
62|1.1|636136518790826939|0|50096.9765625|15.96202726022|108.29353871369|808956|265532||50096.9765625|310||30968.75|310|50096.9765625|4000f5|KAR2518|0|2798|0|||3|3|0|1|1|132|162|[]|13:54:56:977
62|1.1|636136518790826939|0|50096.9765625|15.92511475501|108.29920353065|809703|261452||50096.9765625|310||30987.5|310|50096.9765625|4000f5|KAR2518|0|2332|0|||3|3|0|1|1|132|162|["132,162,5"]|13:54:56:977
62|1.1|636136518840751931|0|50101.9765625|15.97137742685|108.28645769249|808160|266545||50101.9765625|310||30993.75|310|50101.9765625|4000f5|KAR2518|0|2798|0|||3|3|0|1|1|132|162|[]|13:55:01:977
62|1.1|636136518840751931|0|50101.9765625|15.93342959051|108.29261067076|808963|262352||50101.9765625|310||30993.75|310|50101.9765625|4000f5|KAR2518|0|2332|0|||3|3|0|1|1|132|162|["132,162,5"]|13:55:01:977
62|1.1|636136518890686924|0|50106.9609375|15.94192681595|108.28587833621|808208|263271||50106.9609375|310||30993.75|310|50106.9609375|4000f5|KAR2518|0|2332|0|||3|3|0|1|1|132|162|["132,162,5"]|13:55:06:961
62|1.1|636136518940591914|0|50111.9609375|15.95231231371|108.27776198388|807297|264396||50111.9609375|310||31006.25|310|50111.9609375|4000f5|KAR2518|0|2332|0|||3|3|0|1|1|132|162|["132,162,5"]|13:55:11:961
62|1.1|636136518990516906|0|50116.9375|15.9614800904|108.2705844033|806491|265388||50116.9375|310||31018.75|310|50116.9375|4000f5|KAR2518|0|2332|0|||3|3|0|1|1|132|162|["132,162,5"]|13:55:16:938
62|1.1|636136519040431897|0|50121.9375|15.97050839243|108.26383597552|805732|266367||50121.9375|310||31037.5|310|50121.9375|4000f5|KAR2518|0|2332|0|||3|3|0|1|1|132|162|["132,162,5"]|13:55:21:938
62|1.1|636136519355563407|0|50133.375|15.99100580304|108.2470346434|803850|268583||50133.375|310||31000|310|50133.375|4000f5|KAR2518|X|2387|0|||3|3|3|1|1|132|163|[]|13:55:33:375
62|1.1|636136519567734622|0|50162.78125|16.04480547093|108.2108248759|799760|274429||50162.78125|310||31006.25|310|50162.78125|4000f5|KAR2518|X|2867|0|||3|3|3|1|1|132|163|[]|13:56:02:781
62|1.1|636136519589586807|0|50176.859375|16.07815064349|108.19372850123|797800|278072||50176.859375|310||30893.75|310|50176.859375|4000f5|KAR2518|0|2867|0|||3|3|0|1|1|132|162|["132,162,5"]|13:56:16:859
62|1.1|636136519639491797|0|50181.8359375|16.08493662214|108.18858939645|797222|278807||50181.8359375|310||31000|310|50181.8359375|4000f5|KAR2518|0|2867|0|||3|3|0|1|1|132|162|["132,162,5"]|13:56:21:836
62|1.1|636136519689426790|0|50186.8359375|16.0947856789|108.18276364719|796560|279880||50186.8359375|310||30993.75|310|50186.8359375|4000f5|KAR2518|0|2867|0|||3|3|0|1|1|132|162|["132,162,5"]|13:56:26:836
62|1.1|636136519739341781|0|50191.8203125|16.10486004088|108.17717393197|795923|280979||50191.8203125|310||30925|310|50191.8203125|4000f5|KAR2518|0|2867|0|||3|3|0|1|1|132|162|["132,162,5"]|13:56:31:820
62|1.1|636136519789266773|0|50196.8203125|16.11508997075|108.1720938357|795339|282097||50196.8203125|310||30775|310|50196.8203125|4000f5|KAR2518|0|2867|0|||3|3|0|1|1|132|162|["132,162,5"]|13:56:36:820
62|1.1|636136519839181764|0|50201.8203125|16.12709015592|108.16799006205|794854|283416||50201.8203125|310||30675|310|50201.8203125|4000f5|KAR2518|0|2867|0|||3|3|0|1|1|132|162|["132,162,5"]|13:56:41:820
62|1.1|636136519889106756|0|50206.796875|16.14496973445|108.16256664354|794205|285383||50206.796875|310||30750|310|50206.796875|4000f5|KAR2518|0|2867|0|||3|3|0|1|1|132|162|["132,162,5"]|13:56:46:797
62|1.1|636136519939031748|0|50211.796875|16.16910421504|108.1547667914|793279|288035||50211.796875|310||30793.75|310|50211.796875|4000f5|KAR2518|0|2867|0|||3|3|0|1|1|132|162|["132,162,5"]|13:56:51:797
62|1.1|636136519988946739|0|50216.78125|16.18150673096|108.14935410171|792652|289394||50216.78125|310||30775|310|50216.78125|4000f5|KAR2518|0|2867|0|||3|3|0|1|1|132|162|["132,162,5"]|13:56:56:781
62|1.1|636136520038871731|0|50221.78125|16.19416137415|108.14382875941|792012|290780||50221.78125|310||30768.75|310|50221.78125|4000f5|KAR2518|0|2867|0|||3|3|0|1|1|132|162|["132,162,5"]|13:57:01:781
62|1.1|636136520088796723|0|50226.78125|16.20734709393|108.13812639158|791351|292224||50226.78125|310||30762.5|310|50226.78125|4000f5|KAR2518|0|2867|0|||3|3|0|1|1|132|162|["132,162,5"]|13:57:06:781
62|1.1|636136520138721715|0|50231.7578125|16.22326866281|108.13165691312|790598|293969||50231.7578125|310||30768.75|310|50231.7578125|4000f5|KAR2518|0|2867|0|||3|3|0|1|1|132|162|["132,162,5"]|13:57:11:758
62|1.1|636136520188646707|0|50236.7578125|16.23664213694|108.12607792672|789950|295435||50236.7578125|310||30762.5|310|50236.7578125|4000f5|KAR2518|0|2867|0|||3|3|0|1|1|132|162|["132,162,5"]|13:57:16:758
62|1.1|636136520238561698|0|50241.7421875|16.24189389433|108.12248377202|789545|296006||50241.7421875|310||30775|310|50241.7421875|4000f5|KAR2518|0|2867|0|||3|3|0|1|1|132|162|["132,162,5"]|13:57:21:742
62|1.1|636136520288476689|0|50246.7421875|16.25502597001|108.11678140419|788884|297444||50246.7421875|310||30768.75|310|50246.7421875|4000f5|KAR2518|0|2867|0|||3|3|0|1|1|132|162|["132,162,5"]|13:57:26:742
62|1.1|636136520338401681|0|50251.7421875|16.26617321399|108.11153501121|788280|298664||50251.7421875|310||30787.5|310|50251.7421875|4000f5|KAR2518|0|2867|0|||3|3|0|1|1|132|162|["132,162,5"]|13:57:31:742
62|1.1|636136520388326673|0|50256.71875|16.27047547081|108.10845047546|787933|299131||50256.71875|310||30793.75|310|50256.71875|4000f5|KAR2518|0|2867|0|||3|3|0|1|1|132|162|["132,162,5"]|13:57:36:719
62|1.1|636136520438241664|0|50261.71875|16.28257221536|108.10297877726|787301|300455||50261.71875|310||30800|310|50261.71875|4000f5|KAR2518|0|2867|0|||3|3|0|1|1|132|162|["132,162,5"]|13:57:41:719
62|1.1|636136520488166656|0|50266.6953125|16.29431490885|108.09766264695|786688|301740||50266.6953125|310||30800|310|50266.6953125|4000f5|KAR2518|0|2867|0|||3|3|0|1|1|132|162|["132,162,5"]|13:57:46:695
62|1.1|636136520538091648|0|50271.6953125|16.30598786501|108.0923787031|786078|303018||50271.6953125|310||30806.25|310|50271.6953125|4000f5|KAR2518|0|2867|0|||3|3|0|1|1|132|162|[]|13:57:51:695
62|1.1|636136520588016640|0|50276.6953125|16.30939426536|108.08954093021|785761|303387||50276.6953125|310||30781.25|310|50276.6953125|4000f5|KAR2518|0|2867|0|||3|3|0|1|1|132|162|["132,162,5"]|13:57:56:695
62|1.1|636136520637931631|0|50281.6796875|16.3160675914|108.08592531787|785348|304115||50281.6796875|310||30775|310|50281.6796875|4000f5|KAR2518|0|2867|0|||3|3|0|1|1|132|162|["132,162,5"]|13:58:01:680
62|1.1|636136520687866624|0|50286.6796875|16.32333636695|108.08215413764|784917|304909||50286.6796875|310||30775|310|50286.6796875|4000f5|KAR2518|0|2867|0|||3|3|0|1|1|132|162|["132,162,5"]|13:58:06:680
62|1.1|636136520737791616|0|50291.65625|16.33455871267|108.07722960926|784347|306138||50291.65625|310||30793.75|310|50291.65625|4000f5|KAR2518|0|2867|0|||3|3|0|1|1|132|162|["132,162,5"]|13:58:11:656
62|1.1|636136520787706607|0|50296.65625|16.34496566807|108.07234263175|783785|307277||50296.65625|310||30793.75|310|50296.65625|4000f5|KAR2518|0|2867|0|||3|3|0|1|1|132|162|["132,162,5"]|13:58:16:656
62|1.1|636136520837621598|0|50301.65625|16.36609071465|108.06405998271|782819|309594||50301.65625|310||30837.5|310|50301.65625|4000f5|KAR2518|0|2867|0|||3|3|0|1|1|132|162|["132,162,5"]|13:58:21:656
62|1.1|636136520887546590|0|50306.640625|16.37723259422|108.05884041178|782218|310813||50306.640625|310||30837.5|310|50306.640625|4000f5|KAR2518|0|2867|0|||3|3|0|1|1|132|162|["132,162,5"]|13:58:26:641
62|1.1|636136520937461581|0|50311.640625|16.39255334918|108.0522529163|781455|312491||50311.640625|310||30850|310|50311.640625|4000f5|KAR2518|0|2867|0|||3|3|0|1|1|132|162|["132,162,5"]|13:58:31:641
62|1.1|636136520987396574|0|50316.6171875|16.39562715611|108.05009642348|781213|312825||50316.6171875|310||30868.75|310|50316.6171875|4000f5|KAR2518|0|2867|0|||3|3|0|1|1|132|162|["132,162,5"]|13:58:36:617
62|1.1|636136521037311565|0|50321.6171875|16.40636134052|108.04506997131|780634|314000||50321.6171875|310.25||30881.25|310|50321.6171875|4000f5|KAR2518|0|2867|0|||3|3|0|1|1|132|162|["132,162,5"]|13:58:41:617
62|1.1|636136521087236557|0|50326.6171875|16.4130024801|108.04182986767|780262|314726||50326.6171875|310.75||30937.5|310.5|50326.6171875|4000f5|KAR2518|0|2867|0|||3|3|0|1|1|132|162|["132,162,5"]|13:58:46:617
62|1.1|636136521137151548|0|50331.6015625|16.42654761535|108.03570371145|779555|316209||50331.6015625|311||30981.25|311|50331.6015625|4000f5|KAR2518|0|2867|0|||3|3|0|1|1|132|162|["132,162,5"]|13:58:51:602
62|1.1|636136521187076540|0|50336.6015625|16.43588168875|108.03134244612|779054|317231||50336.6015625|311.5||31056.25|311.75|50336.6015625|4000f5|KAR2518|0|2867|0|||3|3|0|1|1|132|162|["132,162,5"]|13:58:56:602
62|1.1|636136521237021534|0|50341.578125|16.44885819654|108.02536112897|778365|318651||50341.578125|312||31112.5|312.25|50341.578125|4000f5|KAR2518|0|2867|450|||3|3|1|1|1|132|162|["132,162,5"]|13:59:01:578
62|1.1|636136521286916523|0|50346.578125|16.45944754188|108.02051170233|777806|319810||50346.578125|312.5||31193.75|312.75|50346.578125|4000f5|KAR2518|0|2867|531.25|||3|3|1|1|1|132|162|["132,162,5"]|13:59:06:578
62|1.1|636136521336841515|0|50351.578125|16.47060015027|108.01519020761|777195|321030||50351.578125|313||31256.25|313.5|50351.578125|4000f5|KAR2518|0|2867|568.75|||3|3|1|1|1|132|162|["132,162,5"]|13:59:11:578
62|1.1|636136521386766507|0|50356.5625|16.47890425695|108.0112151798|776738|321938||50356.5625|313.5||31331.25|314.25|50356.5625|4000f5|KAR2518|0|2867|587.5|||3|3|1|1|1|132|162|["132,162,5"]|13:59:16:563
62|1.1|636136521436681498|0|50361.5625|16.48812031333|108.00663933807|776214|322946||50361.5625|314||31387.5|314.5|50361.5625|4000f5|KAR2518|0|2867|587.5|||3|3|1|1|1|132|162|["132,162,5"]|13:59:21:563
62|1.1|636136521486606490|0|50366.5390625|16.49928901495|108.00151096211|775623|324168||50366.5390625|314.5||31462.5|315.25|50366.5390625|4000f5|KAR2518|0|2867|587.5|||3|3|1|1|1|132|162|["132,162,5"]|13:59:26:539
62|1.1|636136521536541483|0|50371.5390625|16.50899859705|107.99674200162|775077|325230||50371.5390625|315||31512.5|315.5|50371.5390625|4000f5|KAR2518|0|2867|587.5|||3|3|1|1|1|132|162|["132,162,5"]|13:59:31:539
62|1.1|636136521586446473|0|50376.5390625|16.52045697681|107.99121129491|774442|326483||50376.5390625|315.5||31562.5|316.25|50376.5390625|4000f5|KAR2518|0|2867|587.5|||3|3|1|1|1|132|162|["132,162,5"]|13:59:36:539
62|1.1|636136521636371465|0|50381.515625|16.52956574499|107.98687685163|773945|327480||50381.515625|316.25||31631.25|316.5|50381.515625|4000f5|KAR2518|0|2867|650|||3|3|1|1|1|132|162|["132,162,5"]|13:59:41:516
62|1.1|636136521686296457|0|50386.515625|16.53859404702|107.98239756928|773431|328467||50386.515625|317||31687.5|317.5|50386.515625|4000f5|KAR2518|0|2867|731.25|||3|3|1|1|1|132|162|["132,162,5"]|13:59:46:516
62|1.1|636136521736221449|0|50391.5|16.54819634092|107.97786464283|772910|329518||50391.5|317.75||31768.75|318.25|50391.5|4000f5|KAR2518|0|2867|787.5|||3|3|1|1|1|132|162|["132,162,5"]|13:59:51:500
62|1.1|636136521785976424|0|50396.5|16.55831898259|107.97292938563|772345|330625||50396.5|318.5||31843.75|319.25|50396.5|4000f5|KAR2518|0|2867|843.75|||3|3|1|1|1|132|162|["132,162,5"]|13:59:56:500
62|1.1|636136521835911417|0|50401.5|16.56805538674|107.9682998998|771813|331690||50401.5|319.25||31931.25|320.25|50401.5|4000f5|KAR2518|0|2867|887.5|||3|3|1|1|1|132|162|["132,162,5"]|14:00:01:500
62|1.1|636136521885816407|0|50406.4765625|16.57814047754|107.96339146465|771250|332793||50406.4765625|320.25||32006.25|320.75|50406.4765625|4000f5|KAR2518|0|2867|943.75|||3|3|1|1|1|132|162|["132,162,5"]|14:00:06:477
62|1.1|636136521935751400|0|50411.4765625|16.58753892386|107.95890145348|770735|333821||50411.4765625|321||32106.25|321.75|50411.4765625|4000f5|KAR2518|0|2867|981.25|||3|3|1|1|1|132|162|["132,162,5"]|14:00:11:477
62|1.1|636136521985676392|0|50416.4609375|16.59781176901|107.95390182336|770162|334945||50416.4609375|321.75||32187.5|322.5|50416.4609375|4000f5|KAR2518|0|2867|962.5|||3|3|1|1|1|132|162|["132,162,5"]|14:00:16:461
62|1.1|636136522035591383|0|50421.4609375|16.60910921647|107.94852132013|769544|336181||50421.4609375|322.5||32281.25|323.25|50421.4609375|4000f5|KAR2518|0|2867|943.75|||3|3|1|1|1|132|162|["132,162,5"]|14:00:21:461
62|1.1|636136522085516375|0|50426.4609375|16.61898509528|107.94368262231|768990|337261||50426.4609375|323.5||32362.5|324.25|50426.4609375|4000f5|KAR2518|0|2867|981.25|||3|3|1|1|1|132|162|["132,162,5"]|14:00:26:461
62|1.1|636136522135431366|0|50431.4375|16.6282226093|107.93921943319|768478|338271||50431.4375|324.25||32456.25|325.25|50431.4375|4000f5|KAR2518|0|2867|981.25|||3|3|1|1|1|132|162|["132,162,5"]|14:00:31:438
62|1.1|636136522185356358|0|50436.4375|16.63799656432|107.93442365065|767929|339340||50436.4375|325||32537.5|325.75|50436.4375|4000f5|KAR2518|0|2867|962.5|||3|3|1|1|1|132|162|["132,162,5"]|14:00:36:438
62|1.1|636136522235281350|0|50441.421875|16.64752912089|107.92972442749|767391|340383||50441.421875|325.75||32612.5|326.5|50441.421875|4000f5|KAR2518|0|2867|943.75|||3|3|1|1|1|132|162|["132,162,5"]|14:00:41:422
62|1.1|636136522285196341|0|50446.421875|16.65731916914|107.92501983992|766851|341453||50446.421875|326.5||32700|327.25|50446.421875|4000f5|KAR2518|0|2867|925|||3|3|1|1|1|132|162|["132,162,5"]|14:00:46:422
62|1.1|636136522335121333|0|50451.421875|16.66694828509|107.92028306589|766309|342506||50451.421875|327||32762.5|327.75|50451.421875|4000f5|KAR2518|0|2867|868.75|||3|3|1|1|1|132|162|["132,162,5"]|14:00:51:422
62|1.1|636136522385206341|0|50456.3984375|16.67657203663|107.91565358006|765778|343559||50456.3984375|327.5||32818.75|328.25|50456.3984375|4000f5|KAR2518|0|2867|768.75|||3|3|1|1|1|132|162|["132,162,5"]|14:00:56:398
62|1.1|636136522434961316|0|50461.3984375|16.68811624695|107.91002094956|765133|344822||50461.3984375|328.25||32887.5|328.75|50461.3984375|4000f5|KAR2518|0|2867|750|||3|3|1|1|1|132|162|["132,162,5"]|14:01:01:398
62|1.1|636136522481755995|0|50458.8359375|16.65419708252|107.92486963644|766846|341106||50458.8359375|329||32825|328|50458.8359375|4000f5|KAR2518|X|2618|687.5|||3|3|3|1|1|132|163|[]|14:00:58:836
62|1.1|636136522484896309|0|50466.375|16.66737743789|107.91860936997|766128|342548||50466.375|329||32906.25|329|50466.375|4000f5|KAR2518|X|2618|687.5|||3|3|3|1|1|132|163|[]|14:01:06:375
62|1.1|636136522484906310|0|50466.375|16.697799007|107.90533245522|764596|345881||50466.375|328.5||32937.5|329.25|50466.375|4000f5|KAR2518|0|2867|668.75|||3|3|1|1|1|132|162|["132,162,5"]|14:01:06:375
62|1.1|636136522534801299|0|50471.375|16.68155020911|107.91188239983|765362|344099||50471.375|329.5||8487.5|329.75|50471.375|4000f5|KAR2518|X|2618|668.75|||3|3|3|1|1|132|163|[]|14:01:11:375
62|1.1|636136522534801299|0|50471.375|16.70924665794|107.89972664677|763954|347133||50471.375|329.25||32993.75|329.25|50471.375|4000f5|KAR2518|0|2867|0|||3|3|0|1|1|132|162|["132,162,5"]|14:01:11:375
62|1.1|636136522584726291|0|50476.375|16.69134562177|107.90727973605|764828|345171||50476.375|329.75||32993.75|330.25|50476.375|4000f5|KAR2518|X|2618|631.25|||3|3|1|1|1|132|163|[]|14:01:16:375
62|1.1|636136522584726291|0|50476.375|16.7200613085|107.89450171143|763355|348316||50476.375|329.5||33043.75|329.5|50476.375|4000f5|KAR2518|0|2867|0|||3|3|0|1|1|132|162|["132,162,5"]|14:01:16:375
62|1.1|636136522634641282|0|50481.359375|16.7301463993|107.88972202212|762807|349420||50481.359375|329.5||33125|329.5|50481.359375|4000f5|KAR2518|0|2867|0|||3|3|0|1|1|132|162|["132,162,5"]|14:01:21:359
62|1.1|636136522634651283|0|50481.359375|16.70148972108|107.90250004674|764279|346281||50481.359375|330||33025|330.5|50481.359375|4000f5|KAR2518|0|2618|550|||3|3|1|1|1|132|163|["132,162,5"]|14:01:21:359
62|1.1|636136522684566274|0|50486.359375|16.74029586302|107.88491551076|762256|350530||50486.359375|329.5||33200|329.5|50486.359375|4000f5|KAR2518|0|2867|0|||3|3|0|1|1|132|162|[]|14:01:26:359
62|1.1|636136522684566274|0|50486.359375|16.71148898132|107.89779545917|763739|347375||50486.359375|330||33062.5|330.25|50486.359375|4000f5|KAR2518|0|2618|0|||3|3|0|1|1|132|163|["132,162,5"]|14:01:26:359
62|1.1|636136522734491266|0|50491.3359375|16.75040777587|107.88013582145|761707|351637||50491.3359375|329.5||33281.25|329.5|50491.3359375|4000f5|KAR2518|0|2867|0|||3|3|0|1|1|132|162|[]|14:01:31:336
62|1.1|636136522734491266|0|50491.3359375|16.72061384273|107.89333227005|763228|348373||50491.3359375|330||33018.75|330|50491.3359375|4000f5|KAR2518|0|2618|0|||3|3|0|1|1|132|162|["132,162,5"]|14:01:31:336
62|1.1|636136522784416258|0|50496.3359375|16.73026441632|107.88874033509|762702|349429||50496.3359375|330||33031.25|330|50496.3359375|4000f5|KAR2518|0|2618|0|||3|3|0|1|1|132|178|["132,162,5","132,178,4"]|14:01:36:336
62|1.1|636136522834341250|0|50501.3359375|16.73995790519|107.88415912895|762176|350490||50501.3359375|330||33031.25|330|50501.3359375|4000f5|KAR2518|0|2618|0|||3|3|0|1|1|132|178|["132,162,5","132,178,4"]|14:01:41:336
62|1.1|636136522884256241|0|50506.3203125|16.75129826793|107.87890737156|761573|351732||50506.3203125|330||33006.25|330|50506.3203125|4000f5|KAR2518|0|2618|0|||3|3|0|1|1|132|163|["132,178,5,1924","132,162,5"]|14:01:46:320
62|1.1|636136522934181233|0|50511.3203125|16.76143700283|107.87437444511|761050|352842||50511.3203125|330||33012.5|330|50511.3203125|4000f5|KAR2518|0|2618|0|||3|3|0|1|1|132|178|["132,178,5,1924","132,162,5"]|14:01:51:320
62|1.1|636136522984106225|0|50516.296875|16.77159183096|107.86970740841|760514|353954||50516.296875|330||33012.5|330|50516.296875|4000f5|KAR2518|0|2618|0|||3|3|0|1|1|132|163|["132,178,5,1924","132,162,5"]|14:01:56:297
62|1.1|636136523034021216|0|50521.296875|16.78189149816|107.86511010904|759985|355082||50521.296875|330||33012.5|330|50521.296875|4000f5|KAR2518|0|2618|0|||3|3|0|1|1|132|162|["132,178,5,1924","132,162,5"]|14:02:01:297
62|1.1|636136523083946208|0|50526.296875|16.79220725859|107.86041088588|759445|356211||50526.296875|330||33000|330|50526.296875|4000f5|KAR2518|0|2618|0|||3|3|0|1|1|132|178|["132,178,5,1924","132,162,5"]|14:02:06:297
62|1.1|636136523133871200|0|50531.28125|16.80253374784|107.85576530682|758910|357342||50531.28125|330||32975|330|50531.28125|4000f5|KAR2518|0|2618|0|||3|3|0|1|1|132|178|["132,178,5,1924","132,162,5"]|14:02:11:281
62|1.1|636136523183786191|0|50536.28125|16.81296216088|107.85098561751|758361|358484||50536.28125|330||32950|330|50536.28125|4000f5|KAR2518|0|2618|0|||3|3|0|1|1|132|162|["132,178,5,1924","132,162,5"]|14:02:16:281
62|1.1|636136523233711183|0|50541.2578125|16.82376071821|107.84593234329|757781|359666||50541.2578125|330||32918.75|330|50541.2578125|4000f5|KAR2518|0|2618|0|||3|3|0|1|1|132|162|["132,178,5,1924","132,162,5"]|14:02:21:258
62|1.1|636136523283636175|0|50546.2578125|16.83490259778|107.84069131472|757180|360885||50546.2578125|330||32900|330|50546.2578125|4000f5|KAR2518|0|2618|0|||3|3|0|1|1|132|162|["132,178,5,1924","132,162,5"]|14:02:26:258
62|1.1|636136523333551166|0|50551.2578125|16.84650581661|107.83518206565|756548|362155||50551.2578125|330||32893.75|330|50551.2578125|4000f5|KAR2518|0|2618|0|||3|3|0|1|1|132|162|["132,178,5,1924","132,162,5"]|14:02:31:258
62|1.1|636136523383496160|0|50556.2421875|16.85867229849|107.8293080367|755876|363486||50556.2421875|330||32893.75|330|50556.2421875|4000f5|KAR2518|0|2618|0|||3|3|0|1|1|132|163|["132,178,5,1924","132,162,5"]|14:02:36:242
62|1.1|636136523433401150|0|50561.2421875|16.86852671966|107.82460881354|755338|364565||50561.2421875|330||32900|330|50561.2421875|4000f5|KAR2518|0|2618|0|||3|3|0|1|1|132|162|["132,178,5,1924","132,162,5"]|14:02:41:242
62|1.1|636136523483316141|0|50566.21875|16.88046789632|107.81872942018|754665|365870||50566.21875|330||32906.25|330|50566.21875|4000f5|KAR2518|0|2618|0|||3|3|0|1|1|132|178|["132,178,4,1924","132,162,5"]|14:02:46:219
62|1.1|636136523533251134|0|50571.21875|16.89267192907|107.81261935719|753968|367205||50571.21875|330||32912.5|330|50571.21875|4000f5|KAR2518|0|2618|0|||3|3|0|1|1|132|162|["132,178,4,1924","132,162,5"]|14:02:51:219
62|1.1|636136523583166125|0|50576.21875|16.90398010535|107.80734077775|753363|368443||50576.21875|330||32900|330|50576.21875|4000f5|KAR2518|0|2618|0|||3|3|0|1|1|132|162|["132,178,4,1924","132,162,5"]|14:02:56:219
62|1.1|636136523633081116|0|50581.1953125|16.91627533307|107.80121462153|752663|369788||50581.1953125|330||32906.25|330|50581.1953125|4000f5|KAR2518|0|2618|0|||3|3|0|1|1|132|162|["132,178,4,1924","132,162,5"]|14:03:01:195
62|1.1|636136523683006108|0|50586.1953125|16.9260010084|107.79657440688|752132|370852||50586.1953125|330||32925|330|50586.1953125|4000f5|KAR2518|0|2618|0|||3|3|0|1|1|132|163|["132,178,4,1924","132,162,5"]|14:03:06:195
62|1.1|636136523732921099|0|50591.1796875|16.92946105285|107.79463249046|751911|371229||50591.1796875|330||33006.25|330|50591.1796875|4000f5|KAR2518|0|2618|0|||3|3|0|1|1|132|163|["132,178,4,1924","132,162,5"]|14:03:11:180
62|1.1|636136523782846091|0|50596.1796875|16.93923500787|107.78986352997|751366|372298||50596.1796875|330||33012.5|330|50596.1796875|4000f5|KAR2518|0|2618|0|||3|3|0|1|1|132|163|["132,178,4,1924","132,162,5"]|14:03:16:180
62|1.1|636136523832781084|0|50601.1796875|16.94934692072|107.78496045923|750805|373405||50601.1796875|330||33031.25|330|50601.1796875|4000f5|KAR2518|0|2618|0|||3|3|0|1|1|132|178|["132,178,5,1933","132,162,5"]|14:03:21:180
62|1.1|636136523882716077|0|50606.15625|16.95949638444|107.78047044806|750289|374517||50606.15625|330||33068.75|330|50606.15625|4000f5|KAR2518|0|2618|0|||3|3|0|1|1|132|162|["132,178,5,1933","132,162,5"]|14:03:26:156
62|1.1|636136523932631068|0|50611.15625|16.96973167872|107.77573903844|749746|375637||50611.15625|330||33050|330|50611.15625|4000f5|KAR2518|0|2618|0|||3|3|0|1|1|132|163|["132,178,5,1933","132,162,5"]|14:03:31:156
62|1.1|636136523982556060|0|50616.140625|16.97997770182|107.77098617118|749201|376759||50616.140625|330||33006.25|330|50616.140625|4000f5|KAR2518|0|2618|0|||3|3|0|1|1|132|162|["132,178,5,1933","132,162,5"]|14:03:36:141
62|1.1|636136524032471051|0|50621.140625|16.99039002163|107.76617965982|748650|377899||50621.140625|330||32981.25|330|50621.140625|4000f5|KAR2518|0|2618|0|||3|3|0|1|1|132|162|["132,178,5,1933","132,162,5"]|14:03:41:141
62|1.1|636136524082396043|0|50626.140625|17.0010491043|107.7613946061|748100|379066||50626.140625|330||32950|330|50626.140625|4000f5|KAR2518|0|2618|0|||3|3|0|1|1|132|178|["132,178,5,1933","132,162,5"]|14:03:46:141
62|1.1|636136524132301033|0|50631.1171875|17.01211051772|107.75610529784|747495|380277||50631.1171875|330||32931.25|330|50631.1171875|4000f5|KAR2518|0|2618|0|||3|3|0|1|1|132|162|["132,178,5,1933","132,162,5"]|14:03:51:117
62|1.1|636136524182226025|0|50636.1171875|17.02350452456|107.75056922672|746862|381523||50636.1171875|330||32918.75|330|50636.1171875|4000f5|KAR2518|0|2618|0|||3|3|0|1|1|132|163|["132,178,5,1933","132,162,5"]|14:03:56:117
62|1.1|636136524232141016|0|50641.1015625|17.03367544592|107.74584318151|746320|382637||50641.1015625|330||32918.75|330|50641.1015625|4000f5|KAR2518|0|2618|0|||3|3|0|1|1|132|162|["132,178,5,1933","132,162,5"]|14:04:01:102
62|1.1|636136524282086010|0|50646.1015625|17.04470467288|107.74043049182|745702|383844||50646.1015625|330||32912.5|330|50646.1015625|4000f5|KAR2518|0|2618|0|||3|3|0|1|1|132|162|["132,178,5,1933","132,162,5"]|14:04:06:102
62|1.1|636136524331991000|0|50651.1015625|17.055068713|107.73557033636|745145|384978||50651.1015625|330||32906.25|330|50651.1015625|4000f5|KAR2518|0|2618|0|||3|3|0|1|1|132|162|["132,162,5"]|14:04:11:102
62|1.1|636136524381915992|0|50656.078125|17.06540056666|107.73064044357|744581|386109||50656.078125|330||32931.25|330|50656.078125|4000f5|KAR2518|0|2618|0|||3|3|0|1|1|132|162|["132,162,5"]|14:04:16:078
62|1.1|636136524431830983|0|50661.078125|17.07619912399|107.72528139798|743970|387290||50661.078125|330||32931.25|330|50661.078125|4000f5|KAR2518|0|2618|0|||3|3|0|1|1|132|162|["132,162,5"]|14:04:21:078
62|1.1|636136524481755975|0|50666.0625|17.08675091846|107.72020666612|743390|388445||50666.0625|330||32950|330|50666.0625|4000f5|KAR2518|0|2618|0|||3|3|0|1|1|132|162|["132,162,5"]|14:04:26:063
62|1.1|636136524531680967|0|50671.0625|17.09815028971|107.71446138301|742736|389691||50671.0625|330||32956.25|330|50671.0625|4000f5|KAR2518|0|2618|0|||3|3|0|1|1|132|162|["132,162,5"]|14:04:31:063
62|1.1|636136524581595958|0|50676.0625|17.10884155884|107.70932764264|742149|390861||50676.0625|330||32968.75|330|50676.0625|4000f5|KAR2518|0|2618|0|||3|3|0|1|1|132|162|["132,162,5"]|14:04:36:063
62|1.1|636136524631540952|0|50681.0390625|17.12014437071|107.70364673245|741501|392097||50681.0390625|330||32968.75|330|50681.0390625|4000f5|KAR2518|0|2618|0|||3|3|0|1|1|132|163|["132,162,5"]|14:04:41:039
62|1.1|636136524681435941|0|50686.0390625|17.13084100425|107.69847544121|740910|393268||50686.0390625|330||32975|330|50686.0390625|4000f5|KAR2518|0|2618|0|||3|3|0|1|1|132|163|["132,162,5"]|14:04:46:039
62|1.1|636136524731360933|0|50691.015625|17.1423476637|107.69260677667|740242|394526||50691.015625|330||32981.25|330|50691.015625|4000f5|KAR2518|0|2618|0|||3|3|0|1|1|132|163|["132,162,5"]|14:04:51:016
62|1.1|636136524781285925|0|50696.015625|17.15266342413|107.68767688388|739679|395655||50696.015625|330||32981.25|330|50696.015625|4000f5|KAR2518|0|2618|0|||3|3|0|1|1|132|162|["132,162,5"]|14:04:56:016
62|1.1|636136524831220918|0|50701.015625|17.16334396444|107.68238221121|739075|396823||50701.015625|330||32975|330|50701.015625|4000f5|KAR2518|0|2618|0|||3|3|0|1|1|132|162|["132,162,5"]|14:05:01:016
62|1.1|636136524881135909|0|50706|17.17363290282|107.67745768283|738512|397949||50706|330||32981.25|330|50706|4000f5|KAR2518|0|2618|0|||3|3|0|1|1|132|162|["132,162,5"]|14:05:06:000
62|1.1|636136524931050900|0|50711|17.18544533364|107.67131006897|737814|399241||50711|330||32987.5|330|50711|4000f5|KAR2518|0|2618|0|||3|3|0|1|1|132|162|["132,162,5"]|14:05:11:000
62|1.1|636136524980975892|0|50715.9765625|17.19575572966|107.66638554059|737251|400369||50715.9765625|330||33006.25|330|50715.9765625|4000f5|KAR2518|0|2618|0|||3|3|0|1|1|132|162|["132,162,5"]|14:05:15:977
62|1.1|636136525030890883|0|50720.9765625|17.20573353226|107.66146101221|736689|401460||50720.9765625|330||32962.5|330|50720.9765625|4000f5|KAR2518|0|2618|0|||3|3|0|1|1|132|162|["132,162,5"]|14:05:20:977
62|1.1|636136525080815875|0|50725.9765625|17.21671447953|107.65581765289|736048|402661||50725.9765625|330||32956.25|330|50725.9765625|4000f5|KAR2518|0|2618|0|||3|3|0|1|1|132|162|["132,162,5"]|14:05:25:977
62|1.1|636136525130730866|0|50730.9609375|17.2274808504|107.65038350556|735429|403838||50730.9609375|330||32943.75|330|50730.9609375|4000f5|KAR2518|0|2618|0|||3|3|0|1|1|132|163|["132,162,5"]|14:05:30:961
62|1.1|636136525180655858|0|50735.9609375|17.23890167929|107.64453629866|734764|405087||50735.9609375|330||32937.5|330|50735.9609375|4000f5|KAR2518|0|2618|0|||3|3|0|1|1|132|162|["132,162,5"]|14:05:35:961
62|1.1|636136525230590851|0|50740.9375|17.25217859404|107.63726752311|733941|406537||50740.9375|330||32962.5|330|50740.9375|4000f5|KAR2518|0|2618|0|||3|3|0|1|1|132|162|["132,162,5"]|14:05:40:938
62|1.1|636136525280495841|0|50745.9375|17.26502635599|107.63030988334|733152|407941||50745.9375|330||32962.5|330|50745.9375|4000f5|KAR2518|0|2618|0|||3|3|0|1|1|132|163|["132,162,5"]|14:05:45:938
62|1.1|636136525330420833|0|50750.9375|17.27668321892|107.62418909153|732457|409215||50750.9375|330||32956.25|330|50750.9375|4000f5|KAR2518|0|2618|0|||3|3|0|1|1|132|162|["132,162,5"]|14:05:50:938
62|1.1|636136525380345825|0|50755.921875|17.28744958979|107.61878713066|731842|410392||50755.921875|330||32962.5|330|50755.921875|4000f5|KAR2518|0|2618|0|||3|3|0|1|1|132|162|["132,162,5"]|14:05:55:922
62|1.1|636136525430260816|0|50760.921875|17.29824278271|107.6133368901|731222|411573||50760.921875|330||32943.75|330|50760.921875|4000f5|KAR2518|0|2618|0|||3|3|0|1|1|132|162|["132,162,5"]|14:06:00:922
62|1.1|636136525480185808|0|50765.8984375|17.30834933115|107.60836944644|730656|412679||50765.8984375|330||32918.75|330|50765.8984375|4000f5|KAR2518|0|2618|0|||3|3|0|1|1|132|162|["132,162,5"]|14:06:05:898
62|1.1|636136525530110800|0|50770.8984375|17.31512458098|107.60621295362|730402|413424||50770.8984375|330||32906.25|330|50770.8984375|4000f5|KAR2518|0|2618|0|||3|3|0|1|1|132|162|["132,162,5"]|14:06:10:898
62|1.1|636136525580025791|0|50775.8984375|17.32571392632|107.60088073008|729795|414582||50775.8984375|330||32900|330|50775.8984375|4000f5|KAR2518|0|2618|0|||3|3|0|1|1|132|163|["132,162,5"]|14:06:15:898
62|1.1|636136525629950783|0|50780.875|17.33472613512|107.59691643109|729340|415570||50780.875|330||32900|330|50780.875|4000f5|KAR2518|0|2618|0|||3|3|0|1|1|132|163|["132,162,5"]|14:06:20:875
62|1.1|636136525679875775|0|50785.875|17.34544959071|107.59149837699|728724|416743||50785.875|330||32900|330|50785.875|4000f5|KAR2518|0|2618|0|||3|3|0|1|1|132|162|["132,162,5"]|14:06:25:875
62|1.1|636136525729800767|0|50790.859375|17.35530937629|107.58686352675|728194|417822||50790.859375|330||32912.5|330|50790.859375|4000f5|KAR2518|0|2618|0|||3|3|0|1|1|132|162|["132,162,5"]|14:06:30:859
62|1.1|636136525779735760|0|50795.859375|17.36655854406|107.5809894978|727528|419052||50795.859375|330.25||32931.25|330|50795.859375|4000f5|KAR2518|0|2618|0|||3|3|0|1|1|132|162|["132,162,5"]|14:06:35:859
62|1.1|636136525829650751|0|50800.859375|17.37659535517|107.5762151729|726983|420151||50800.859375|331||32981.25|331|50800.859375|4000f5|KAR2518|0|2618|0|||3|3|0|1|1|132|162|["132,162,5"]|14:06:40:859
62|1.1|636136525879565742|0|50805.8359375|17.38783915853|107.57031968631|726314|421380||50805.8359375|332||33056.25|332.5|50805.8359375|4000f5|KAR2518|0|2618|843.75|||3|3|1|1|1|132|162|["132,162,5"]|14:06:45:836
62|1.1|636136525929480733|0|50810.8359375|17.39794034256|107.5655936411|725774|422486||50810.8359375|333||33118.75|333.5|50810.8359375|4000f5|KAR2518|0|2618|1025|||3|3|1|1|1|132|162|["132,162,5"]|14:06:50:836
62|1.1|636136525979405725|0|50815.8203125|17.40822928094|107.56059937539|725205|423612||50815.8203125|334||33187.5|334.5|50815.8203125|4000f5|KAR2518|0|2618|1100|||3|3|1|1|1|132|162|["132,162,5"]|14:06:55:820
62|1.1|636136526029330717|0|50820.8203125|17.41776183751|107.55611472863|724693|424656||50820.8203125|335||33343.75|335.5|50820.8203125|4000f5|KAR2518|0|2618|1143.75|||3|3|1|1|1|132|162|["132,162,5"]|14:07:00:820
62|1.1|636136526079245708|0|50825.8203125|17.42813660645|107.55087906447|724098|425791||50825.8203125|336.25||33487.5|336.75|50825.8203125|4000f5|KAR2518|0|2618|1218.75|||3|3|1|1|1|132|162|["132,162,5"]|14:07:05:820
62|1.1|636136526129170700|0|50830.796875|17.43838799396|107.54593844286|723534|426913||50830.796875|336.25||33562.5|337.5|50830.796875|4000f5|KAR2518|0|2618|1218.75|||3|3|1|1|1|132|162|["132,162,5"]|14:07:10:797
62|1.1|636136526179095692|0|50835.796875|17.44916509365|107.54029508354|722894|428091||50835.796875|338.25||33718.75|339.25|50835.796875|4000f5|KAR2518|0|2618|1237.5|||3|3|1|1|1|132|162|["132,162,5"]|14:07:15:797
62|1.1|636136526229020684|0|50840.78125|17.46049472757|107.53429230875|722214|429329||50840.78125|339.5||33887.5|340.25|50840.78125|4000f5|KAR2518|0|2618|1281.25|||3|3|1|1|1|132|162|["132,162,5"]|14:07:20:781
62|1.1|636136526278935675|0|50845.78125|17.47318692163|107.52702889761|721395|430715||50845.78125|340.5||34050|341.25|50845.78125|4000f5|KAR2518|0|2618|1300|||3|3|1|1|1|132|162|["132,162,5"]|14:07:25:781
62|1.1|636136526288286610|0|50838.1171875|17.43290556694|107.55490237197|724510|426334||50838.1171875|341.25||33950|339.75|50838.1171875|4000f5|KAR2518|X|2480|1537.5|||3|3|3|1|1|132|163|[]|14:07:18:117
62|1.1|636136526328860667|0|50850.78125|17.45838115003|107.5426876104|723120|429123||50850.78125|342.25||19112.5|342.25|50850.78125|4000f5|KAR2518|X|2480|1400|||3|3|3|1|1|132|163|[]|14:07:30:781
62|1.1|636136526328860667|0|50850.78125|17.48472576754|107.52084909729|720695|431976||50850.78125|341.75||34193.75|342.25|50850.78125|4000f5|KAR2518|0|2618|1337.5|||3|3|1|1|1|132|162|["132,162,5"]|14:07:30:781
62|1.1|636136526378775658|0|50855.7578125|17.46924408028|107.53752168357|722527|430312||50855.7578125|343.25||34343.75|343.25|50855.7578125|4000f5|KAR2518|X|2480|1375|||3|3|1|1|1|132|163|[]|14:07:35:758
62|1.1|636136526378775658|0|50855.7578125|17.49775591943|107.51324236391|719838|433398||50855.7578125|342.75||34343.75|343.5|50855.7578125|4000f5|KAR2518|0|2618|1337.5|||3|3|1|1|1|132|162|["132,162,5"]|14:07:35:758
62|1.1|636136526428710651|0|50860.7578125|17.48009628171|107.53229674823|721932|431500||50860.7578125|344.25||34462.5|344.5|50860.7578125|4000f5|KAR2518|X|2480|1375|||3|3|1|1|1|132|163|[]|14:07:40:758
62|1.1|636136526428710651|0|50860.7578125|17.50819506129|107.5080335218|719246|434540||50860.7578125|343.75||34450|344.5|50860.7578125|4000f5|KAR2518|0|2618|1300|||3|3|1|1|1|132|162|["132,162,5"]|14:07:40:758
62|1.1|636136526478635643|0|50865.7421875|17.49068026264|107.52720592314|721352|432659||50865.7421875|345||34556.25|345.5|50865.7421875|4000f5|KAR2518|X|2480|1356.25|||3|3|1|1|1|132|163|[]|14:07:45:742
62|1.1|636136526478635643|0|50865.7421875|17.51978218689|107.50169278918|718529|435806||50865.7421875|345||34562.5|345.5|50865.7421875|4000f5|KAR2518|0|2618|1318.75|||3|3|1|1|1|132|162|["132,162,5"]|14:07:45:742
62|1.1|636136526528550634|0|50870.7421875|17.49887708112|107.52304314098|720879|433555||50870.7421875|346||34637.5|346.5|50870.7421875|4000f5|KAR2518|X|2480|1300|||3|3|1|1|1|132|163|[]|14:07:50:742
62|1.1|636136526528550634|0|50870.7421875|17.52979754036|107.49685409136|717978|436902||50870.7421875|346||34662.5|346.75|50870.7421875|4000f5|KAR2518|0|2618|1300|||3|3|1|1|1|132|162|["132,162,5"]|14:07:50:742
62|1.1|636136526578465625|0|50875.7421875|17.50837745123|107.51857458745|720369|434596||50875.7421875|346.75||34700|347.25|50875.7421875|4000f5|KAR2518|0|2480|1200|||3|3|1|1|1|132|162|["132,162,5"]|14:07:55:742
62|1.1|636136526578465625|0|50875.7421875|17.5402259534|107.49170425776|717392|438043||50875.7421875|346||34793.75|347.75|50875.7421875|4000f5|KAR2518|0|2618|1300|||3|3|1|1|1|132|162|["132,162,5"]|14:07:55:742
62|1.1|636136526628400618|0|50880.71875|17.51940667819|107.51369833876|719810|435805||50880.71875|347.75||34793.75|348.25|50880.71875|4000f5|KAR2518|0|2480|1043.75|||3|3|1|1|1|132|163|["132,162,5"]|14:08:00:719
62|1.1|636136526628400618|0|50880.71875|17.55062754439|107.48655442416|716807|439182||50880.71875|346||34925|348.75|50880.71875|4000f5|KAR2518|0|2618|1300|||3|3|1|1|1|132|162|[]|14:08:00:719
62|1.1|636136526678315609|0|50885.71875|17.53001748117|107.50864506454|719234|436966||50885.71875|348.5||34875|348.75|50885.71875|4000f5|KAR2518|0|2480|981.25|||3|3|1|1|1|132|163|["132,162,5"]|14:08:05:719
62|1.1|636136526678315609|0|50885.71875|17.56108814389|107.48138313292|716219|440326||50885.71875|346||35050|350.25|50885.71875|4000f5|KAR2518|0|2618|1300|||3|3|1|1|1|132|162|[]|14:08:05:719
62|1.1|636136526728230600|0|50890.6953125|17.54039761452|107.50367762088|718668|438103||50890.6953125|349||34950|349.25|50890.6953125|4000f5|KAR2518|0|2480|0|||3|3|0|1|1|132|163|["132,162,5","132,178,4"]|14:08:10:695
62|1.1|636136526778145591|0|50895.6953125|17.5509011293|107.49872627045|718103|439253||50895.6953125|349.5||35031.25|349.25|50895.6953125|4000f5|KAR2518|0|2480|0|||3|3|0|1|1|132|162|["132,162,5","132,178,4"]|14:08:15:695
62|1.1|636136526828070583|0|50900.6953125|17.56144755936|107.49375346238|717536|440408||50900.6953125|350||35112.5|350.25|50900.6953125|4000f5|KAR2518|0|2480|0|||3|3|0|1|1|132|163|["132,162,5","132,178,4"]|14:08:20:695
62|1.1|636136526878015577|0|50905.6796875|17.57153801457|107.48897377307|716991|441513||50905.6796875|350.25||35175|350.25|50905.6796875|4000f5|KAR2518|0|2480|0|||3|3|0|1|1|132|163|["132,178,5,1960","132,162,5"]|14:08:25:680
62|1.1|636136526927930568|0|50910.6796875|17.58237412277|107.48383466829|716405|442700||50910.6796875|350||35187.5|350.25|50910.6796875|4000f5|KAR2518|0|2480|0|||3|3|0|1|1|132|163|["132,178,5,1960","132,162,5"]|14:08:30:680
62|1.1|636136526977845559|0|50915.65625|17.59293664606|107.47873847879|715825|443856||50915.65625|350||35206.25|350.25|50915.65625|4000f5|KAR2518|0|2480|0|||3|3|0|1|1|132|163|["132,178,5,1960","132,162,5"]|14:08:35:656
62|1.1|636136527274245196|0|50933.1015625|17.64412921069|107.44594047605|712151|449433||50933.1015625|349.75||34850|349.75|50933.1015625|4000f5|KAR2518|0|2938|0|||3|3|3|1|1|132|163|[]|14:08:53:102
62|1.1|636136527277375509|0|50945.6171875|17.64727811936|107.45558568523|713167|449815||50945.6171875|349.75||34850|349.75|50945.6171875|4000f5|KAR2518|0|2938|0|||3|3|3|1|1|132|163|[]|14:09:05:617
62|1.1|636136527327290500|0|50950.6171875|17.68024778322|107.4273527954|710044|453383||50950.6171875|349.75||34887.5|349.75|50950.6171875|4000f5|KAR2518|0|2938|0|||3|3|0|1|1|132|162|["132,162,5"]|14:09:10:617
62|1.1|636136527377215492|0|50955.6015625|17.67007686186|107.44327436428|711775|452307||50955.6015625|349.75||35031.25|349.75|50955.6015625|4000f5|KAR2518|0|2938|0|||3|3|0|1|1|132|162|["132,178,5,1966","132,162,5"]|14:09:15:602
62|1.1|636136527427140484|0|50960.6015625|17.67890131631|107.43755590322|711135|453268||50960.6015625|349.75||34968.75|349.75|50960.6015625|4000f5|KAR2518|0|2938|0|||3|3|0|1|1|132|162|["132,178,5,1966","132,162,5"]|14:09:20:602
62|1.1|636136527477055475|0|50965.578125|17.68834267791|107.43293714621|710610|454301||50965.578125|349.75||34975|349.75|50965.578125|4000f5|KAR2518|0|2938|0|||3|3|0|1|1|132|162|["132,178,5,1966","132,162,5"]|14:09:25:578
62|1.1|636136527526980467|0|50970.578125|17.69905540468|107.4281038128|710058|455476||50970.578125|349.75||34993.75|349.75|50970.578125|4000f5|KAR2518|0|2938|0|||3|3|0|1|1|132|162|["132,178,5,1966","132,162,5"]|14:09:30:578
62|1.1|636136527576895458|0|50975.578125|17.70929069896|107.42303980976|709483|456595||50975.578125|349.75||34981.25|349.75|50975.578125|4000f5|KAR2518|0|2938|0|||3|3|0|1|1|132|162|["132,178,5,1966","132,162,5"]|14:09:35:578
62|1.1|636136527626820450|0|50980.5625|17.72031992592|107.4176432133|708870|457803||50980.5625|349.75||34975|349.75|50980.5625|4000f5|KAR2518|0|2938|0|||3|3|0|1|1|132|162|["132,178,5,1966","132,162,5"]|14:09:40:563
62|1.1|636136527676745442|0|50985.5625|17.73120431381|107.41236999827|708270|458995||50985.5625|349.75||34975|349.75|50985.5625|4000f5|KAR2518|0|2938|0|||3|3|0|1|1|132|162|["132,178,5,1966","132,162,5"]|14:09:45:563
62|1.1|636136527726660433|0|50990.5390625|17.74147715896|107.4075044784|707716|460120||50990.5390625|349.75||34981.25|349.75|50990.5390625|4000f5|KAR2518|0|2938|0|||3|3|0|1|1|132|162|["132,178,5,1966","132,162,5"]|14:09:50:539
62|1.1|636136527776585425|0|50995.5390625|17.75175000411|107.4026228653|707160|461245||50995.5390625|349.75||34981.25|349.75|50995.5390625|4000f5|KAR2518|0|2938|0|||3|3|0|1|1|132|162|["132,162,5"]|14:09:55:539
62|1.1|636136527826510417|0|51000.5390625|17.76224279007|107.39745693847|706573|462393||51000.5390625|350||35000|350|51000.5390625|4000f5|KAR2518|0|2938|0|||3|3|0|1|1|132|162|["132,178,4,1966","132,162,5"]|14:10:00:539
62|1.1|636136527876425408|0|51005.515625|17.77246735553|107.39251095245|706011|463513||51005.515625|350||35006.25|350|51005.515625|4000f5|KAR2518|0|2938|0|||3|3|0|1|1|132|162|["132,178,4,1966","132,162,5"]|14:10:05:516
62|1.1|636136527926350400|0|51010.515625|17.78259536161|107.38769907668|705464|464622||51010.515625|350||35012.5|350|51010.515625|4000f5|KAR2518|0|2938|0|||3|3|0|1|1|132|162|["132,178,4,1966","132,162,5"]|14:10:10:516
62|1.1|636136527976265391|0|51015.5|17.79278774061|107.38282282799|704909|465738||51015.5|350||35025|350|51015.5|4000f5|KAR2518|0|2938|0|||3|3|0|1|1|132|162|["132,178,4,1966","132,162,5"]|14:10:15:500
62|1.1|636136528026190383|0|51020.5|17.80290501787|107.37804313868|704365|466846||51020.5|350||35025|350|51020.5|4000f5|KAR2518|0|2938|0|||3|3|0|1|1|132|162|["132,178,4,1966","132,162,5"]|14:10:20:500
62|1.1|636136528076115375|0|51025.5|17.81331197327|107.37303814415|703796|467986||51025.5|350||35000|350|51025.5|4000f5|KAR2518|0|2938|0|||3|3|0|1|1|132|162|["132,178,4,1966","132,162,5"]|14:10:25:500
62|1.1|636136528126040367|0|51030.4765625|17.82370819985|107.3679687767|703220|469124||51030.4765625|350||34975|350|51030.4765625|4000f5|KAR2518|0|2938|0|||3|3|0|1|1|132|162|["132,178,4,1966","132,162,5"]|14:10:30:477
62|1.1|636136528175955358|0|51035.4765625|17.83398640941|107.36304961273|702661|470250||51035.4765625|350||34962.5|350|51035.4765625|4000f5|KAR2518|0|2938|0|||3|3|0|1|1|132|162|["132,178,4,1966","132,162,5"]|14:10:35:477
62|1.1|636136528225880350|0|51040.4609375|17.84455966152|107.35774957565|702060|471407||51040.4609375|350||34968.75|350|51040.4609375|4000f5|KAR2518|0|2938|0|||3|3|0|1|1|132|162|["132,178,4,1966","132,162,5"]|14:10:40:461
62|1.1|636136528275805342|0|51045.4609375|17.85503098984|107.35259974205|701475|472553||51045.4609375|350||34956.25|350|51045.4609375|4000f5|KAR2518|0|2938|0|||3|3|0|1|1|132|162|["132,178,5,1973","132,162,5"]|14:10:45:461
62|1.1|636136528328840645|0|51050.7578125|17.8661138609|107.34707976416|700850|473766||51050.7578125|350||34950|350|51050.7578125|4000f5|KAR2518|0|2938|0|||3|3|0|1|1|132|162|["132,178,5,1973","132,162,5"]|14:10:50:758
62|1.1|636136528378755636|0|51055.7578125|17.8761989517|107.34235371895|700312|474871||51055.7578125|350||34950|350|51055.7578125|4000f5|KAR2518|0|2938|0|||3|3|0|1|1|132|162|["132,178,5,1973","132,162,5"]|14:10:55:758
62|1.1|636136528428680628|0|51060.7421875|17.88646106803|107.33743991939|699753|475995||51060.7421875|350||34918.75|350|51060.7421875|4000f5|KAR2518|0|2938|0|||3|3|0|1|1|132|162|["132,178,5,1973","132,162,5"]|14:11:00:742
62|1.1|636136528478605620|0|51065.7421875|17.89652470119|107.332724603|699216|477097||51065.7421875|350||34918.75|350|51065.7421875|4000f5|KAR2518|0|2938|0|||3|3|0|1|1|132|162|["132,178,5,1973","132,162,5"]|14:11:05:742
