62|1.1|636136510301188060|0|49248.015625|14.41818224868|99.81168230834|-101055|81230||49248.015625|281.5||28212.5|280.25|49248.015625|7041c1|UBA018|0|2233|1281.25|||3|3|1|1|1|132|18|["132,18,5,3692","132,114,5,499"]|13:40:48:016
62|1.1|636136510351113052|0|49253.015625|14.42648099095|99.80423650726|-101854|82151||49253.015625|282.5||28312.5|281.25|49253.015625|7041c1|UBA018|0|2233|1262.5|||3|3|1|1|1|132|18|["132,18,5,3692","132,114,5,499"]|13:40:53:016
62|1.1|636136510401028043|0|49258.015625|14.4346617162|99.79678534177|-102654|83060||49258.015625|284||28418.75|282.25|49258.015625|7041c1|UBA018|0|2233|1237.5|||3|3|1|1|1|132|5|["132,18,5,3692","132,114,5,499"]|13:40:58:016
62|1.1|636136510450953035|0|49263|14.44297118729|99.78944682889|-103441|83983||49263|284.5||28525|283.25|49263|7041c1|UBA018|0|2233|1237.5|||3|3|1|1|1|132|18|["132,18,5,3692","132,114,5,499"]|13:41:03:000
62|1.1|636136510500878027|0|49268|14.45091051409|99.78259111291|-104177|84864||49268|285.5||28593.75|284.25|49268|7041c1|UBA018|0|2233|1200|||3|3|1|1|1|132|18|["132,18,5,3692","132,114,5,499"]|13:41:08:000
62|1.1|636136510550803019|0|49272.9765625|14.45823293374|99.77606799035|-104877|85677||49272.9765625|286.5||28687.5|284.75|49272.9765625|7041c1|UBA018|0|2233|1162.5|||3|3|1|1|1|132|18|["132,18,5,3692","132,114,5,499"]|13:41:12:977
62|1.1|636136510600708009|0|49277.9765625|14.46627954874|99.76892259623|-105644|86571||49277.9765625|287.5||28787.5|285.75|49277.9765625|7041c1|UBA018|0|2233|1162.5|||3|3|1|1|1|132|18|["132,18,5,3692","132,114,5,499"]|13:41:17:977
62|1.1|636136510650633001|0|49282.9765625|14.47450855368|99.76173965124|-106415|87485||49282.9765625|288.5||28900|287.25|49282.9765625|7041c1|UBA018|0|2233|1200|||3|3|1|1|1|132|18|["132,18,5,3692","132,114,5,499"]|13:41:22:977
62|1.1|636136510700557993|0|49287.9609375|14.48277510949|99.75428848575|-107214|88403||49287.9609375|289.75||29006.25|288.25|49287.9609375|7041c1|UBA018|0|2233|1237.5|||3|3|1|1|1|132|18|["132,18,5,3692","132,114,5,499"]|13:41:27:961
62|1.1|636136510750502987|0|49292.9609375|14.49155128425|99.74614531137|-108088|89377||49292.9609375|291||29118.75|289.25|49292.9609375|7041c1|UBA018|0|2233|1262.5|||3|3|1|1|1|132|5|["132,18,5,3692","132,114,5,499"]|13:41:32:961
62|1.1|636136510800407977|0|49297.9375|14.49863230545|99.73976702788|-108772|90164||49297.9375|291.75||29212.5|290.25|49297.9375|7041c1|UBA018|0|2233|1262.5|||3|3|1|1|1|132|18|["132,18,5,3692","132,114,5,499"]|13:41:37:938
62|1.1|636136510850322968|0|49302.9375|14.50722072586|99.73217102332|-109587|91118||49302.9375|292.75||29306.25|291.25|49302.9375|7041c1|UBA018|0|2233|1237.5|||3|3|1|1|1|132|18|["132,18,5,3692","132,114,5,499"]|13:41:42:938
62|1.1|636136510900277963|0|49307.9375|14.51542290875|99.72481641721|-110376|92029||49307.9375|293.75||29412.5|292.25|49307.9375|7041c1|UBA018|0|2233|1237.5|||3|3|1|1|1|132|18|["132,18,5,3692","132,114,5,499"]|13:41:47:938
62|1.1|636136510950182953|0|49312.921875|14.52295454039|99.71808408266|-111098|92866||49312.921875|294.5||29493.75|293.25|49312.921875|7041c1|UBA018|0|2233|1181.25|||3|3|1|1|1|132|18|["132,18,5,3692","132,114,5,499"]|13:41:52:922
62|1.1|636136511000097944|0|49317.921875|14.53109771477|99.71085822239|-111873|93770||49317.921875|295.5||29593.75|293.75|49317.921875|7041c1|UBA018|0|2233|1125|||3|3|1|1|1|132|18|["132,18,5,3692","132,114,5,499"]|13:41:57:922
62|1.1|636136511050012935|0|49322.8984375|14.5401796609|99.70266140391|-112752|94779||49322.8984375|296.75||29687.5|294.75|49322.8984375|7041c1|UBA018|0|2233|1081.25|||3|3|1|1|1|132|5|["132,18,5,3692","132,114,5,499"]|13:42:02:898
62|1.1|636136511099937927|0|49327.8984375|14.54727677533|99.69625629837|-113439|95568||49327.8984375|297.25||29768.75|295.75|49327.8984375|7041c1|UBA018|0|2233|1081.25|||3|3|1|1|1|132|18|["132,18,5,3692","132,114,5,499"]|13:42:07:898
62|1.1|636136511149852918|0|49332.8984375|14.55544677176|99.68907335338|-114209|96475||49332.8984375|298.25||29850|296.5|49332.8984375|7041c1|UBA018|0|2233|1062.5|||3|3|1|1|1|132|18|["132,18,5,3692","132,114,5,499"]|13:42:12:898
62|1.1|636136511199777910|0|49337.875|14.5635684885|99.68182603547|-114986|97377||49337.875|299.25||29950|297.5|49337.875|7041c1|UBA018|0|2233|1100|||3|3|1|1|1|132|18|["132,18,5,3692","132,114,5,499"]|13:42:17:875
62|1.1|636136511249702902|0|49342.875|14.572419765|99.67392962395|-115833|98361||49342.875|300.5||30062.5|298.75|49342.875|7041c1|UBA018|0|2233|1262.5|||3|3|1|1|1|132|18|["132,18,5,3692","132,114,5,499"]|13:42:22:875
62|1.1|636136511299617893|0|49347.875|14.58127640591|99.66594738187|-116689|99345||49347.875|302.25||30212.5|300.25|49347.875|7041c1|UBA018|0|2233|1418.75|||3|3|1|1|1|132|5|["132,18,5,3692","132,114,5,499"]|13:42:27:875
62|1.1|636136511349542885|0|49352.859375|14.58894751221|99.65901656415|-117431|100197||49352.859375|303||30331.25|301.25|49352.859375|7041c1|UBA018|0|2233|1418.75|||3|3|1|1|1|132|18|["132,18,5,3692","132,114,5,499"]|13:42:32:859
62|1.1|636136511399467877|0|49357.859375|14.59716578833|99.65162440717|-118224|101110||49357.859375|304.5||30456.25|302.75|49357.859375|7041c1|UBA018|0|2233|1475|||3|3|1|1|1|132|18|["132,18,5,3692","132,114,5,499"]|13:42:37:859
62|1.1|636136511449382868|0|49362.8359375|14.60544307296|99.64428052988|-119011|102030||49362.8359375|305.75||30581.25|304.25|49362.8359375|7041c1|UBA018|0|2233|1575|||3|3|1|1|1|132|18|["132,18,5,3692","132,114,5,499"]|13:42:42:836
62|1.1|636136511499307860|0|49367.8359375|14.61429971387|99.63625537252|-119871|103014||49367.8359375|307.25||30756.25|305.75|49367.8359375|7041c1|UBA018|0|2233|1656.25|||3|3|1|1|1|132|18|["132,18,5,3692","132,114,5,499"]|13:42:47:836
62|1.1|636136511549232852|0|49372.8203125|14.62167577762|99.62928700393|-120618|103834||49372.8203125|308.5||30893.75|307.25|49372.8203125|7041c1|UBA018|0|2233|1631.25|||3|3|1|1|1|132|18|["132,18,5,3692","132,114,5,499"]|13:42:52:820
62|1.1|636136511599157844|0|49377.8203125|14.62984577405|99.62171245701|-121430|104742||49377.8203125|310||31037.5|308.5|49377.8203125|7041c1|UBA018|0|2233|1656.25|||3|3|1|1|1|132|18|["132,18,5,3692","132,114,5,499"]|13:42:57:820
62|1.1|636136511649072835|0|49382.8203125|14.63614359139|99.61352100294|-122309|105443||49382.8203125|311.25||31156.25|309.75|49382.8203125|7041c1|UBA018|0|2233|1631.25|||3|3|1|1|1|132|18|["132,18,5,3692","132,114,5,499"]|13:43:02:820
62|1.1|636136511698987826|0|49387.796875|14.64357866365|99.60548511676|-123171|106270||49387.796875|312.75||31293.75|311.25|49387.796875|7041c1|UBA018|0|2233|1631.25|||3|3|1|1|1|132|18|["132,18,5,3692","132,114,5,499"]|13:43:07:797
62|1.1|636136511748912818|0|49392.796875|14.65030563379|99.59544830565|-124248|107020||49392.796875|314||31437.5|312.5|49392.796875|7041c1|UBA018|0|2233|1612.5|||3|3|1|1|1|132|18|["132,18,5,3692","132,114,5,499"]|13:43:12:797
62|1.1|636136511798847811|0|49397.78125|14.65641033237|99.58721930071|-125132|107700||49397.78125|315.5||31562.5|313.75|49397.78125|7041c1|UBA018|0|2233|1593.75|||3|3|1|1|1|132|18|["132,18,5,3692","132,114,5,499"]|13:43:17:781
62|1.1|636136511848762802|0|49402.78125|14.66309438723|99.57848604123|-126069|108444||49402.78125|316.75||31700|315.25|49402.78125|7041c1|UBA018|0|2233|1593.75|||3|3|1|1|1|132|18|["132,18,5,3692","132,114,5,499"]|13:43:22:781
62|1.1|636136511898687794|0|49407.78125|14.66916689935|99.56970986647|-127011|109121||49407.78125|318||31837.5|316.5|49407.78125|7041c1|UBA018|0|2233|1593.75|||3|3|1|1|1|132|18|["132,18,5,3692","132,114,5,499"]|13:43:27:781
62|1.1|636136511948602785|0|49412.7578125|14.67573293719|99.56079958146|-127967|109852||49412.7578125|319.25||31956.25|317.5|49412.7578125|7041c1|UBA018|0|2233|1537.5|||3|3|1|1|1|132|18|["132,18,5,3692","132,114,5,499"]|13:43:32:758
62|1.1|636136511998527777|0|49417.7578125|14.68193955956|99.55246865273|-128861|110544||49417.7578125|320.5||32075|318.75|49417.7578125|7041c1|UBA018|0|2233|1493.75|||3|3|1|1|1|132|18|["132,18,5,3692","132,114,5,499"]|13:43:37:758
62|1.1|636136512048452769|0|49422.7421875|14.68908495368|99.54292000293|-129886|111340||49422.7421875|321.75||32200|320.25|49422.7421875|7041c1|UBA018|0|2233|1493.75|||3|3|1|1|1|132|18|["132,18,5,3692","132,114,5,499"]|13:43:42:742
62|1.1|636136512098377761|0|49427.7421875|14.69551151686|99.53448715041|-130791|112056||49427.7421875|323||32318.75|321.25|49427.7421875|7041c1|UBA018|0|2233|1456.25|||3|3|1|1|1|132|18|["132,18,5,3692","132,114,5,499"]|13:43:47:742
62|1.1|636136512148292752|0|49432.7421875|14.70217411408|99.52561978068|-131742|112798||49432.7421875|324||32437.5|322.5|49432.7421875|7041c1|UBA018|0|2233|1456.25|||3|3|1|1|1|132|18|["132,18,5,3692","132,114,5,499"]|13:43:52:742
62|1.1|636136512198227745|0|49437.71875|14.70944825404|99.51603358001|-132770|113608||49437.71875|325.25||32556.25|323.75|49437.71875|7041c1|UBA018|0|2233|1456.25|||3|3|1|1|1|132|18|["132,18,5,3692","132,114,5,499"]|13:43:57:719
62|1.1|636136512248132735|0|49442.71875|14.7164005294|99.50699991357|-133739|114383||49442.71875|326.75||32681.25|325.25|49442.71875|7041c1|UBA018|0|2233|1475|||3|3|1|1|1|132|5|["132,18,5,3692","132,114,5,499"]|13:44:02:719
62|1.1|636136512298057727|0|49447.6953125|14.72245694829|99.49920542584|-134575|115058||49447.6953125|327.75||32787.5|326.25|49447.6953125|7041c1|UBA018|0|2233|1418.75|||3|3|1|1|1|132|18|["132,18,5,3692","132,114,5,499"]|13:44:07:695
62|1.1|636136512347992720|0|49452.6953125|14.72876013004|99.49099787854|-135455|115760||49452.6953125|329||32906.25|327.25|49452.6953125|7041c1|UBA018|0|2233|1356.25|||3|3|1|1|1|132|18|["132,18,5,3692","132,114,5,499"]|13:44:12:695
62|1.1|636136512397897710|0|49457.6953125|14.73572313422|99.48183546626|-136438|116536||49457.6953125|330.25||33043.75|328.25|49457.6953125|7041c1|UBA018|0|2233|1418.75|||3|3|1|1|1|132|18|["132,18,5,3692","132,114,5,499"]|13:44:17:695
62|1.1|636136512447822702|0|49462.6796875|14.74260030784|99.47280716423|-137406|117302||49462.6796875|331.5||33175|329.75|49462.6796875|7041c1|UBA018|0|2233|1556.25|||3|3|1|1|1|132|18|["132,18,5,3692","132,114,5,499"]|13:44:22:680
62|1.1|636136512497737693|0|49467.6796875|14.74935946444|99.46390224363|-138361|118056||49467.6796875|332.75||33306.25|331.25|49467.6796875|7041c1|UBA018|0|2233|1575|||3|3|1|1|1|132|18|["132,18,5,3692","132,114,5,499"]|13:44:27:680
62|1.1|636136512547672686|0|49472.65625|14.75532468836|99.45617212882|-139190|118720||49472.65625|333.75||33412.5|332.25|49472.65625|7041c1|UBA018|0|2233|1456.25|||3|3|1|1|1|132|18|["132,18,5,3692","132,114,5,499"]|13:44:32:656
62|1.1|636136512597587677|0|49477.65625|14.76154203955|99.44805577649|-140060|119413||49477.65625|335||33525|333.25|49477.65625|7041c1|UBA018|0|2233|1400|||3|3|1|1|1|132|18|["132,18,5,3692","132,114,5,499"]|13:44:37:656
62|1.1|636136512647512669|0|49482.65625|14.76854795901|99.43886117775|-141046|120194||49482.65625|336||33650|334.5|49482.65625|7041c1|UBA018|0|2233|1400|||3|3|1|1|1|132|18|["132,18,5,3692","132,114,5,499"]|13:44:42:656
62|1.1|636136512697437661|0|49487.640625|14.77515691213|99.43021374883|-141973|120931||49487.640625|337.25||33775|335.5|49487.640625|7041c1|UBA018|0|2233|1400|||3|3|1|1|1|132|18|["132,18,5,3692","132,114,5,499"]|13:44:47:641
62|1.1|636136512747352652|0|49492.640625|14.78214137395|99.42096550599|-142964|121709||49492.640625|338.25||33862.5|336.5|49492.640625|7041c1|UBA018|0|2233|1337.5|||3|3|1|1|1|132|18|["132,18,5,3692","132,114,5,499"]|13:44:52:641
62|1.1|636136512797267643|0|49497.6171875|14.78953889534|99.41121300861|-144010|122534||49497.6171875|339.5||33981.25|337.5|49497.6171875|7041c1|UBA018|0|2233|1262.5|||3|3|1|1|1|132|5|["132,18,5,3692","132,114,5,499"]|13:44:57:617
62|1.1|636136512847212637|0|49502.6171875|14.79482283919|99.40425536884|-144756|123123||49502.6171875|340||34062.5|338.5|49502.6171875|7041c1|UBA018|0|2233|1125|||3|3|1|1|1|132|18|["132,18,5,3692","132,114,5,499"]|13:45:02:617
62|1.1|636136512897127628|0|49507.6171875|14.80143715672|99.39561330433|-145682|123860||49507.6171875|340||34162.5|338.5|49507.6171875|7041c1|UBA018|0|2233|512.5|||3|3|1|1|1|132|18|["132,18,5,3692","132,114,5,499"]|13:45:07:617
62|1.1|636136512947042619|0|49512.6015625|14.80831969475|99.38659036671|-146649|124628||49512.6015625|340||34062.5|338.25|49512.6015625|7041c1|UBA018|0|2233|0|||3|3|0|1|1|132|18|["132,18,5,3692","132,114,5,499"]|13:45:12:602
62|1.1|636136512996957610|0|49517.6015625|14.81436538482|99.37873150606|-147491|125302||49517.6015625|340.25||34062.5|338.25|49517.6015625|7041c1|UBA018|0|2233|0|||3|3|0|1|1|132|18|["132,18,5,3692","132,114,5,499"]|13:45:17:602
62|1.1|636136513046882602|0|49522.578125|14.82086168533|99.37019136534|-148406|126026||49522.578125|340.25||34093.75|338.25|49522.578125|7041c1|UBA018|0|2233|0|||3|3|0|1|1|132|18|["132,18,5,3692","132,114,5,499"]|13:45:22:578
62|1.1|636136513096817595|0|49527.578125|14.82839868138|99.36021892715|-149475|126867||49527.578125|340.25||34043.75|338|49527.578125|7041c1|UBA018|0|2233|0|||3|3|0|1|1|132|5|["132,18,5,3692","132,114,5,499"]|13:45:27:578
62|1.1|636136513146732586|0|49532.578125|14.83374163374|99.35313790595|-150234|127463||49532.578125|340||34056.25|338|49532.578125|7041c1|UBA018|0|2233|0|||3|3|0|1|1|132|18|["132,18,5,3692","132,114,5,499"]|13:45:32:578
62|1.1|636136513196647577|0|49537.5625|14.84032376481|99.34437782442|-151172|128197||49537.5625|340||34056.25|338|49537.5625|7041c1|UBA018|0|2233|0|||3|3|0|1|1|132|18|["132,18,5,3692","132,114,5,499"]|13:45:37:563
62|1.1|636136513246562568|0|49542.5625|14.8476676421|99.33467897114|-152211|129016||49542.5625|340||34006.25|338|49542.5625|7041c1|UBA018|0|2233|0|||3|3|0|1|1|132|18|["132,18,5,3692","132,114,5,499"]|13:45:42:563
62|1.1|636136513296497561|0|49547.5390625|14.85374015422|99.32684156813|-153051|129693||49547.5390625|340||34000|338|49547.5390625|7041c1|UBA018|0|2233|0|||3|3|0|1|1|132|18|["132,18,5,3692","132,114,5,499"]|13:45:47:539
62|1.1|636136513346412552|0|49552.5390625|14.86034374293|99.31805466455|-153992|130430||49552.5390625|340||33993.75|338|49552.5390625|7041c1|UBA018|0|2233|0|||3|3|0|1|1|132|18|["132,18,5,3692","132,114,5,499"]|13:45:52:539
62|1.1|636136513396337544|0|49557.5390625|14.86705998425|99.30925703215|-154935|131179||49557.5390625|340||33993.75|338|49557.5390625|7041c1|UBA018|0|2233|0|||3|3|0|1|1|132|18|["132,18,5,3692","132,114,5,499"]|13:45:57:539
62|1.1|636136513446272537|0|49562.515625|14.87371721706|99.30067397615|-155854|131922||49562.515625|340||33981.25|340|49562.515625|7041c1|UBA018|0|2233|0|||3|3|0|1|1|132|114|["132,18,5,3692","132,114,5,499"]|13:46:02:516
62|1.1|636136513496177527|0|49567.515625|14.88064267037|99.29147937741|-156839|132694||49567.515625|340||33993.75|340|49567.515625|7041c1|UBA018|0|2233|0|||3|3|0|1|1|132|18|["132,18,5,3692","132,114,5,499"]|13:46:07:516
62|1.1|636136513546102519|0|49572.5|14.88740182697|99.2826227365|-157788|133448||49572.5|340||34000|340|49572.5|7041c1|UBA018|0|2233|0|||3|3|0|1|1|132|18|["132,18,5,3692","132,114,5,499"]|13:46:12:500
62|1.1|636136513596017510|0|49577.5|14.8940161445|99.27394848553|-158717|134186||49577.5|340||34000|340|49577.5|7041c1|UBA018|0|2233|0|||3|3|0|1|1|132|5|["132,18,5,3692","132,114,5,499"]|13:46:17:500
62|1.1|636136513645942502|0|49582.5|14.90000819047|99.26612181134|-159555|134855||49582.5|340||34006.25|340|49582.5|7041c1|UBA018|0|2233|0|||3|3|0|1|1|132|5|["132,18,5,3692","132,114,5,499"]|13:46:22:500
62|1.1|636136513695867494|0|49587.4765625|14.90669760974|99.25730808571|-160499|135601||49587.4765625|340||34006.25|340|49587.4765625|7041c1|UBA018|0|2233|0|||3|3|0|1|1|132|5|["132,18,5,3692","132,114,5,499"]|13:46:27:477
62|1.1|636136513745782485|0|49592.4765625|14.91321536789|99.24871430089|-161419|136329||49592.4765625|340||34012.5|340|49592.4765625|7041c1|UBA018|0|2233|0|||3|3|0|1|1|132|18|["132,18,5,3692","132,114,5,499"]|13:46:32:477
62|1.1|636136513795707477|0|49597.4609375|14.91986187188|99.24005077874|-162347|137070||49597.4609375|340||34000|340|49597.4609375|7041c1|UBA018|0|2233|0|||3|3|0|1|1|132|5|["132,18,5,3692","132,114,5,499"]|13:46:37:461
62|1.1|636136513845632469|0|49602.4609375|14.9258807399|99.23217582486|-163190|137742||49602.4609375|340||34006.25|340|49602.4609375|7041c1|UBA018|0|2233|0|||3|3|0|1|1|132|114|["132,18,5,3692","132,114,5,499"]|13:46:42:461
62|1.1|636136513895547460|0|49607.4609375|14.93234485395|99.22371615029|-164095|138463||49607.4609375|340||34006.25|340|49607.4609375|7041c1|UBA018|0|2233|0|||3|3|0|1|1|132|114|["132,18,5,3692","132,114,5,499"]|13:46:47:461
62|1.1|636136513945472452|0|49612.4375|14.93888406974|99.21523501808|-165003|139193||49612.4375|340||34012.5|340|49612.4375|7041c1|UBA018|0|2233|0|||3|3|0|1|1|132|5|["132,18,5,3692","132,114,5,499"]|13:46:52:438
62|1.1|636136513995387443|0|49617.4375|14.94547692963|99.20661441121|-165926|139929||49617.4375|340||34012.5|340|49617.4375|7041c1|UBA018|0|2233|0|||3|3|0|1|1|132|5|["132,18,5,3692","132,114,5,499"]|13:46:57:438
62|1.1|636136514045312435|0|49622.421875|14.95214489126|99.19765584651|-166885|140673||49622.421875|340||34012.5|340|49622.421875|7041c1|UBA018|0|2233|0|||3|3|0|1|1|132|114|["132,18,5,3692","132,114,5,499"]|13:47:02:422
62|1.1|636136514095227426|0|49627.421875|14.95912398867|99.18857926479|-167857|141452||49627.421875|340||33987.5|340|49627.421875|7041c1|UBA018|0|2233|0|||3|3|0|1|1|132|114|["132,18,5,3692","132,114,5,499"]|13:47:07:422
62|1.1|636136514145162419|0|49632.421875|14.96594751819|99.17956705599|-168821|142214||49632.421875|340||33981.25|340|49632.421875|7041c1|UBA018|0|2233|0|||3|3|0|1|1|132|114|["132,18,5,3692","132,114,5,499"]|13:47:12:422
62|1.1|636136514195077410|0|49637.3984375|14.97254037808|99.17075869477|-169764|142950||49637.3984375|340||33981.25|340|49637.3984375|7041c1|UBA018|0|2233|0|||3|3|0|1|1|132|114|["132,18,5,3692","132,114,5,499"]|13:47:17:398
62|1.1|636136514245012403|0|49642.3984375|14.97914396679|99.16183768094|-170719|143687||49642.3984375|340||33950|340|49642.3984375|7041c1|UBA018|0|2233|0|||3|3|0|1|1|132|114|["132,18,5,3692","132,114,5,499"]|13:47:22:398
62|1.1|636136514294777379|0|49647.375|14.98543105531|99.15383398122|-171575|144389||49647.375|340||33993.75|340|49647.375|7041c1|UBA018|0|2233|0|||3|3|0|1|1|132|5|["132,18,5,3692","132,114,5,499"]|13:47:27:375
62|1.1|636136514344832384|0|49652.375|14.99200245756|99.14532602696|-172485|145123||49652.375|340||34000|340|49652.375|7041c1|UBA018|0|2233|0|||3|3|0|1|1|132|5|["132,18,5,3692","132,114,5,499"]|13:47:32:375
62|1.1|636136514394757376|0|49657.375|14.99860068186|99.13671614891|-173407|145860||49657.375|340||34012.5|340|49657.375|7041c1|UBA018|0|2233|0|||3|3|0|1|1|132|5|["132,18,5,3692","132,114,5,499"]|13:47:37:375
62|1.1|636136514444672367|0|49662.359375|15.00487167715|99.12834766931|-174302|146560||49662.359375|340||34006.25|340|49662.359375|7041c1|UBA018|0|2233|0|||3|3|0|1|1|132|5|["132,18,5,3692","132,114,5,499"]|13:47:42:359
62|1.1|636136514494607360|0|49667.359375|15.01142698617|99.11972706244|-175224|147292||49667.359375|340||34006.25|340|49667.359375|7041c1|UBA018|0|2233|0|||3|3|0|1|1|132|114|["132,18,5,3692","132,114,5,499"]|13:47:47:359
62|1.1|636136514544522351|0|49672.3359375|15.01792328668|99.11110645557|-176146|148018||49672.3359375|340||34012.5|340|49672.3359375|7041c1|UBA018|0|2233|0|||3|3|0|1|1|132|114|["132,18,5,3692","132,114,5,499"]|13:47:52:336
62|1.1|636136514594307329|0|49677.3359375|15.02453760421|99.10240001814|-177078|148756||49677.3359375|340||34006.25|340|49677.3359375|7041c1|UBA018|0|2233|0|||3|3|0|1|1|132|114|["132,18,5,3692","132,114,5,499"]|13:47:57:336
62|1.1|636136514644232321|0|49682.3359375|15.03015950589|99.09502395439|-177867|149384||49682.3359375|340||34012.5|340|49682.3359375|7041c1|UBA018|0|2233|0|||3|3|0|1|1|132|5|["132,18,5,3692","132,114,5,499"]|13:48:02:336
62|1.1|636136514694287326|0|49687.3203125|15.03667189963|99.0864999069|-178779|150112||49687.3203125|340||34012.5|340|49687.3203125|7041c1|UBA018|0|2233|0|||3|3|0|1|1|132|114|["132,18,5,3692","132,114,5,499"]|13:48:07:320
62|1.1|636136514744202317|0|49692.3203125|15.04322184424|99.07779883388|-179709|150844||49692.3203125|340||34018.75|340|49692.3203125|7041c1|UBA018|0|2233|0|||3|3|0|1|1|132|114|["132,18,5,3692","132,114,5,499"]|13:48:12:320
62|1.1|636136514793997296|0|49697.296875|15.04934800046|99.06962347304|-180584|151528||49697.296875|340||34006.25|340|49697.296875|7041c1|UBA018|0|2233|0|||3|3|0|1|1|132|114|["132,18,5,3692","132,114,5,499"]|13:48:17:297
62|1.1|636136514843912287|0|49702.296875|15.05615543675|99.06052543368|-181557|152288||49702.296875|340||34000|340|49702.296875|7041c1|UBA018|0|2233|0|||3|3|0|1|1|132|114|["132,18,5,3692","132,114,5,499"]|13:48:22:297
62|1.1|636136514893847280|0|49707.296875|15.06269465254|99.05191019122|-182478|153019||49707.296875|340||34000|340|49707.296875|7041c1|UBA018|0|2233|0|||3|3|0|1|1|132|114|["132,18,5,3692","132,114,5,499"]|13:48:27:297
62|1.1|636136514943892284|0|49712.28125|15.06931433448|99.0431554741|-183414|153759||49712.28125|340||34000|340|49712.28125|7041c1|UBA018|0|2233|0|||3|3|0|1|1|132|5|["132,18,5,3692","132,114,5,499"]|13:48:32:281
62|1.1|636136514993677262|0|49717.28125|15.07581063499|99.0345724181|-184332|154485||49717.28125|340||34000|340|49717.28125|7041c1|UBA018|0|2233|0|||3|3|0|1|1|132|5|["132,18,5,3692","132,114,5,499"]|13:48:37:281
62|1.1|636136515043602254|0|49722.2578125|15.08211918115|99.02627367583|-185220|155190||49722.2578125|340||34000|340|49722.2578125|7041c1|UBA018|0|2233|0|||3|3|0|1|1|132|5|["132,18,5,3692","132,114,5,499"]|13:48:42:258
62|1.1|636136515093517245|0|49727.2578125|15.08791274395|99.01862939158|-186037|155837||49727.2578125|340||34000|340|49727.2578125|7041c1|UBA018|0|2233|0|||3|3|0|1|1|132|114|["132,18,5,3692","132,114,5,499"]|13:48:47:258
62|1.1|636136515143442237|0|49732.2578125|15.09492939223|99.00926313172|-187038|156621||49732.2578125|340||33981.25|340|49732.2578125|7041c1|UBA018|0|2233|0|||3|3|0|1|1|132|114|["132,18,5,3692","132,114,5,499"]|13:48:52:258
62|1.1|636136515193357228|0|49737.2421875|15.10198895579|98.99990223627|-188039|157410||49737.2421875|340||33987.5|340|49737.2421875|7041c1|UBA018|0|2233|0|||3|3|0|1|1|132|5|["132,18,5,3692","132,114,5,499"]|13:48:57:242
62|1.1|636136515243292221|0|49742.2421875|15.10813120524|98.99184489245|-188900|158097||49742.2421875|340||34000|340|49742.2421875|7041c1|UBA018|0|2233|0|||3|3|0|1|1|132|5|["132,18,5,3692","132,114,5,499"]|13:49:02:242
62|1.1|636136515293227214|0|49747.21875|15.11462750575|98.98327792968|-189816|158823||49747.21875|340||34006.25|340|49747.21875|7041c1|UBA018|0|2233|0|||3|3|0|1|1|132|114|["132,18,5,3692","132,114,5,499"]|13:49:07:219
62|1.1|636136515343122203|0|49752.21875|15.12078584843|98.97522058586|-190677|159511||49752.21875|340||34006.25|340|49752.21875|7041c1|UBA018|0|2233|0|||3|3|0|1|1|132|5|["132,18,5,3692","132,114,5,499"]|13:49:12:219
62|1.1|636136515393047195|0|49757.21875|15.12776494584|98.965854326|-191678|160292||49757.21875|340||34000|340|49757.21875|7041c1|UBA018|0|2233|0|||3|3|0|1|1|132|5|["132,18,5,3692","132,114,5,499"]|13:49:17:219
62|1.1|636136515442972187|0|49762.1953125|15.13434707691|98.95711570211|-192612|161027||49762.1953125|340||34000|340|49762.1953125|7041c1|UBA018|0|2233|0|||3|3|0|1|1|132|114|["132,18,5,3692","132,114,5,499"]|13:49:22:195
62|1.1|636136515492887178|0|49767.1953125|15.14098285208|98.94838780704|-193545|161769||49767.1953125|340||33993.75|340|49767.1953125|7041c1|UBA018|0|2233|0|||3|3|0|1|1|132|114|["132,18,5,3692","132,114,5,499"]|13:49:27:195
62|1.1|636136515542812170|0|49772.1796875|15.14758644079|98.93956335259|-194488|162508||49772.1796875|340||33993.75|340|49772.1796875|7041c1|UBA018|0|2233|0|||3|3|0|1|1|132|114|["132,18,5,3692","132,114,5,499"]|13:49:32:180
62|1.1|636136515592737162|0|49777.1796875|15.15436169062|98.93069598286|-195435|163265||49777.1796875|340||33981.25|340|49777.1796875|7041c1|UBA018|0|2233|0|||3|3|0|1|1|132|114|["132,18,5,3692","132,114,5,499"]|13:49:37:180
62|1.1|636136515642682156|0|49782.1796875|15.16107793194|98.92180179108|-196385|164016||49782.1796875|340||33962.5|340|49782.1796875|7041c1|UBA018|0|2233|0|||3|3|0|1|1|132|114|["132,18,5,3692","132,114,5,499"]|13:49:42:180
62|1.1|636136515692577145|0|49787.15625|15.16755277481|98.91322409949|-197302|164740||49787.15625|340||33968.75|340|49787.15625|7041c1|UBA018|0|2233|0|||3|3|0|1|1|132|98|["132,18,5,3692","132,114,5,499","132,98,4"]|13:49:47:156
62|1.1|636136515742522139|0|49792.15625|15.17403298209|98.9045391197|-198230|165465||49792.15625|340||33962.5|340|49792.15625|7041c1|UBA018|0|2233|0|||3|3|0|1|1|132|114|["132,18,5,3692","132,114,5,499","132,98,4"]|13:49:52:156
62|1.1|636136515792427129|0|49797.140625|15.17960660408|98.89736690353|-198996|166088||49797.140625|340||34000|340|49797.140625|7041c1|UBA018|0|2233|0|||3|3|0|1|1|132|5|["132,18,5,3692","132,114,5,499","132,98,4"]|13:49:57:141
62|1.1|636136515842352121|0|49802.140625|15.18577567558|98.88929883089|-199858|166778||49802.140625|340||34006.25|340|49802.140625|7041c1|UBA018|0|2233|0|||3|3|0|1|1|132|5|["132,18,5,3692","132,114,5,499","132,98,4"]|13:50:02:141
62|1.1|636136515892287114|0|49807.140625|15.19216468789|98.88089280042|-200756|167492||49807.140625|340||34006.25|340|49807.140625|7041c1|UBA018|0|2233|0|||3|3|0|1|1|132|5|["132,18,5,3692","132,114,5,499","132,98,4"]|13:50:07:141
62|1.1|636136515942192104|0|49812.1171875|15.19858052225|98.8724063038|-201662|168210||49812.1171875|340||34000|340|49812.1171875|7041c1|UBA018|0|2233|0|||3|3|0|1|1|132|114|["132,18,5,3692","132,114,5,499","132,98,4"]|13:50:12:117
62|1.1|636136515992127097|0|49817.1171875|15.2050446363|98.86382861221|-202578|168933||49817.1171875|340||34000|340|49817.1171875|7041c1|UBA018|0|2233|0|||3|3|0|1|1|132|114|["132,18,5,3692","132,114,5,499","132,98,4"]|13:50:17:117
62|1.1|636136516042032087|0|49822.1015625|15.21190035228|98.85467692875|-203556|169700||49822.1015625|340||33987.5|340|49822.1015625|7041c1|UBA018|0|2233|0|||3|3|0|1|1|132|114|["132,18,5,3692","132,114,5,499","132,98,4"]|13:50:22:102
62|1.1|636136516091967080|0|49827.1015625|15.21850394099|98.84590075399|-204493|170439||49827.1015625|340||33987.5|340|49827.1015625|7041c1|UBA018|0|2233|0|||3|3|0|1|1|132|114|["132,18,5,3692","132,114,5,499","132,98,4"]|13:50:27:102
62|1.1|636136516141872070|0|49832.1015625|15.22551522486|98.83665787556|-205480|171223||49832.1015625|340||33987.5|340|49832.1015625|7041c1|UBA018|0|2233|0|||3|3|0|1|1|132|114|["132,18,5,3692","132,114,5,499"]|13:50:32:102
62|1.1|636136516191817064|0|49837.078125|15.23171648282|98.82856298087|-206344|171917||49837.078125|340||34000|340|49837.078125|7041c1|UBA018|0|2233|0|||3|3|0|1|1|132|114|["132,18,5,3692","132,114,5,499"]|13:50:37:078
62|1.1|636136516241722054|0|49842.078125|15.23804648662|98.82024814537|-207232|172625||49842.078125|340||34006.25|340|49842.078125|7041c1|UBA018|0|2233|0|||3|3|0|1|1|132|114|["132,18,5,3692","132,114,5,499"]|13:50:42:078
62|1.1|636136516291637045|0|49847.0625|15.24501485521|98.81097844489|-208222|173405||49847.0625|340||34000|340|49847.0625|7041c1|UBA018|0|2233|0|||3|3|0|1|1|132|98|["132,18,5,3692","132,114,5,499","132,98,4"]|13:50:47:063
62|1.1|636136516341562037|0|49852.0625|15.25161307951|98.80222372777|-209157|174143||49852.0625|340||34000|340|49852.0625|7041c1|UBA018|0|2233|0|||3|3|0|1|1|132|114|["132,18,5,3692","132,114,5,499","132,98,4"]|13:50:52:063
62|1.1|636136516391497030|0|49857.0625|15.25822203263|98.7934421886|-210094|174883||49857.0625|340||34000|340|49857.0625|7041c1|UBA018|0|2233|0|||3|3|0|1|1|132|114|["132,18,5,3692","132,114,5,499","132,98,4"]|13:50:57:063
62|1.1|636136516441402020|0|49862.0390625|15.26509920625|98.78434414924|-211065|175653||49862.0390625|340||34000|340|49862.0390625|7041c1|UBA018|0|2233|0|||3|3|0|1|1|132|5|["132,18,5,3692","132,114,5,499","132,98,4"]|13:51:02:039
62|1.1|636136516491327012|0|49867.0390625|15.27104297253|98.77664085648|-211887|176318||49867.0390625|340||34000|340|49867.0390625|7041c1|UBA018|0|2233|0|||3|3|0|1|1|132|5|["132,18,5,3692","132,114,5,499","132,98,4"]|13:51:07:039
62|1.1|636136516541252004|0|49872.015625|15.27763046801|98.7679612411|-212814|177055||49872.015625|340||34006.25|340|49872.015625|7041c1|UBA018|0|2233|0|||3|3|0|1|1|132|98|["132,18,5,3692","132,98,5,3887","132,114,5,499"]|13:51:12:016
62|1.1|636136516591166995|0|49877.015625|15.28420723467|98.75916897311|-213752|177791||49877.015625|340||34006.25|340|49877.015625|7041c1|UBA018|0|2233|0|||3|3|0|1|1|132|98|["132,18,5,3692","132,98,5,3887","132,114,5,499"]|13:51:17:016
62|1.1|636136516641111989|0|49882.015625|15.29040849263|98.75088095966|-214637|178485||49882.015625|340||34006.25|340|49882.015625|7041c1|UBA018|0|2233|0|||3|3|0|1|1|132|5|["132,18,5,3692","132,98,5,3887","132,114,5,499"]|13:51:22:016
62|1.1|636136516691016979|0|49887|15.29731785271|98.74165953887|-215621|179259||49887|340||34000|340|49887|7041c1|UBA018|0|2233|0|||3|3|0|1|1|132|5|["132,18,5,3692","132,98,5,3887","132,114,5,499"]|13:51:27:000
62|1.1|636136516740941971|0|49892|15.30388389055|98.73286190647|-216560|179994||49892|340||33993.75|340|49892|7041c1|UBA018|0|2233|0|||3|3|0|1|1|132|114|["132,18,5,3692","132,98,5,3887","132,114,5,499"]|13:51:32:000
62|1.1|636136516790886965|0|49896.9765625|15.31060549628|98.72411791817|-217493|180746||49896.9765625|340||34000|340|49896.9765625|7041c1|UBA018|0|2233|0|||3|3|0|1|1|132|114|["132,18,5,3692","132,98,5,3887","132,114,5,499"]|13:51:36:977
62|1.1|636136516840781954|0|49901.9765625|15.3173753817|98.71510034496|-218455|181504||49901.9765625|340||33993.75|340|49901.9765625|7041c1|UBA018|0|2233|0|||3|3|0|1|1|132|114|["132,18,5,3692","132,98,5,3887","132,114,5,499"]|13:51:41:977
62|1.1|636136516890716947|0|49906.9765625|15.323437165|98.7070751876|-219311|182183||49906.9765625|340||34006.25|340|49906.9765625|7041c1|UBA018|0|2233|0|||3|3|0|1|1|132|114|["132,18,5,3692","132,98,5,3887","132,114,5,499"]|13:51:46:977
62|1.1|636136516940621937|0|49911.9609375|15.32955795681|98.6989749285|-220175|182869||49911.9609375|340||34012.5|340|49911.9609375|7041c1|UBA018|0|2233|0|||3|3|0|1|1|132|114|["132,18,5,3692","132,98,5,3887","132,114,5,499"]|13:51:51:961
62|1.1|636136516990546929|0|49916.9609375|15.33583431651|98.69056353362|-221073|183572||49916.9609375|340||34006.25|340|49916.9609375|7041c1|UBA018|0|2233|0|||3|3|0|1|1|132|114|["132,18,5,3692","132,98,5,3887","132,114,5,499"]|13:51:56:961
62|1.1|636136517040471921|0|49921.9375|15.34273831218|98.68124555345|-222067|184345||49921.9375|340||33993.75|340|49921.9375|7041c1|UBA018|0|2233|0|||3|3|0|1|1|132|114|["132,18,5,3692","132,98,5,3887","132,114,5,499"]|13:52:01:938
62|1.1|636136517090396913|0|49926.9375|15.34945991791|98.67254984484|-222994|185098||49926.9375|340||33993.75|340|49926.9375|7041c1|UBA018|0|2233|0|||3|3|0|1|1|132|114|["132,18,5,3692","132,98,5,3887","132,114,5,499"]|13:52:06:938
62|1.1|636136517140331906|0|49931.9375|15.35628344743|98.66372539039|-223935|185862||49931.9375|340||33987.5|340|49931.9375|7041c1|UBA018|0|2233|0|||3|3|0|1|1|132|98|["132,18,5,3692","132,98,5,3887","132,114,5,499"]|13:52:11:938
62|1.1|636136517190236896|0|49936.921875|15.36284948527|98.65492775799|-224874|186597||49936.921875|340||33993.75|340|49936.921875|7041c1|UBA018|0|2233|0|||3|3|0|1|1|132|114|["132,18,5,3692","132,98,5,3887","132,114,5,499"]|13:52:16:922
62|1.1|636136517240151887|0|49941.921875|15.36901855677|98.64681140566|-225739|187288||49941.921875|340||34006.25|340|49941.921875|7041c1|UBA018|0|2233|0|||3|3|0|1|1|132|98|["132,18,5,3692","132,98,5,3887","132,114,5,499"]|13:52:21:922
62|1.1|636136517290096881|0|49946.8984375|15.37543439113|98.63823371407|-226654|188007||49946.8984375|340||34006.25|340|49946.8984375|7041c1|UBA018|0|2233|0|||3|3|0|1|1|132|98|["132,18,5,3692","132,98,5,3887","132,114,5,499"]|13:52:26:898
62|1.1|636136517340001871|0|49951.8984375|15.38187168313|98.62968820894|-227565|188728||49951.8984375|340||34006.25|340|49951.8984375|7041c1|UBA018|0|2233|0|||3|3|0|1|1|132|98|["132,18,5,3692","132,98,5,3887","132,114,5,499"]|13:52:31:898
62|1.1|636136517389926863|0|49956.8984375|15.38875958557|98.62053116107|-228542|189500||49956.8984375|340||33993.75|340|49956.8984375|7041c1|UBA018|0|2233|0|||3|3|0|1|1|132|98|["132,18,5,3692","132,98,5,3887","132,114,5,499"]|13:52:36:898
62|1.1|636136517439841854|0|49961.875|15.39536853869|98.61179790159|-229473|190240||49961.875|340||33987.5|340|49961.875|7041c1|UBA018|0|2233|0|||3|3|0|1|1|132|98|["132,18,5,3692","132,98,5,3887","132,114,5,499"]|13:52:41:875
62|1.1|636136517490086878|0|49966.875|15.40205259355|98.60303782006|-230407|190989||49966.875|340||33981.25|340|49966.875|7041c1|UBA018|0|2233|0|||3|3|0|1|1|132|114|["132,18,5,3692","132,98,5,3887","132,114,5,499"]|13:52:46:875
62|1.1|636136517539691838|0|49971.859375|15.40874201282|98.59425628089|-231343|191738||49971.859375|340||33968.75|340|49971.859375|7041c1|UBA018|0|2233|0|||3|3|0|1|1|132|114|["132,18,5,3692","132,98,5,3887","132,114,5,499"]|13:52:51:859
62|1.1|636136517589626831|0|49976.859375|15.41534023712|98.58533526706|-232294|192478||49976.859375|340||33968.75|340|49976.859375|7041c1|UBA018|0|2233|0|||3|3|0|1|1|132|114|["132,18,5,3692","132,98,5,3887","132,114,5,499"]|13:52:56:859
62|1.1|636136517639551823|0|49981.859375|15.42197601229|98.57628550739|-233259|193222||49981.859375|340||33993.75|340|49981.859375|7041c1|UBA018|0|2233|0|||3|3|0|1|1|132|5|["132,18,5,3692","132,98,5,3887","132,114,5,499"]|13:53:01:859
62|1.1|636136517689446812|0|49986.8359375|15.42861715187|98.56736985797|-234209|193966||49986.8359375|340||34000|340|49986.8359375|7041c1|UBA018|0|2233|0|||3|3|0|1|1|132|5|["132,18,5,3692","132,98,5,3887","132,114,5,499"]|13:53:06:836
62|1.1|636136517739391806|0|49991.8359375|15.43525292704|98.55858295439|-235146|194710||49991.8359375|340||34000|340|49991.8359375|7041c1|UBA018|0|2233|0|||3|3|0|1|1|132|114|["132,18,5,3692","132,98,5,3887","132,114,5,499"]|13:53:11:836
62|1.1|636136517789316798|0|49996.8203125|15.44189943103|98.54978532199|-236084|195455||49996.8203125|340||34000|340|49996.8203125|7041c1|UBA018|0|2233|0|||3|3|0|1|1|132|114|["132,18,5,3692","132,98,5,3887","132,114,5,499"]|13:53:16:820
62|1.1|636136517839211787|0|50001.8203125|15.44854057061|98.54108961338|-237010|196199||50001.8203125|340||34000|340|50001.8203125|7041c1|UBA018|0|2233|0|||3|3|0|1|1|132|114|["132,18,5,3692","132,98,5,3887","132,114,5,499"]|13:53:21:820
62|1.1|636136517889156781|0|50006.8203125|15.45527290516|98.53228125216|-237949|196954||50006.8203125|340||33981.25|340|50006.8203125|7041c1|UBA018|0|2233|0|||3|3|0|1|1|132|114|["132,18,5,3692","132,98,5,3887","132,114,5,499"]|13:53:26:820
62|1.1|636136517939051770|0|50011.796875|15.46168337511|98.52396641666|-238835|197672||50011.796875|340||34031.25|340|50011.796875|7041c1|UBA018|0|2233|0|||3|3|0|1|1|132|114|["132,18,5,3692","132,98,5,3887","132,114,5,499"]|13:53:31:797
62|1.1|636136517988976762|0|50016.796875|15.46826014177|98.51534580979|-239753|198409||50016.796875|340||34037.5|340|50016.796875|7041c1|UBA018|0|2233|0|||3|3|0|1|1|132|98|["132,18,5,3692","132,98,5,3887","132,114,5,499"]|13:53:36:797
62|1.1|636136518038931757|0|50021.78125|15.47484763725|98.50648916888|-240697|199148||50021.78125|340||34012.5|340|50021.78125|7041c1|UBA018|0|2233|0|||3|3|0|1|1|132|98|["132,18,5,3692","132,98,5,3887","132,114,5,499"]|13:53:41:781
62|1.1|636136518088826746|0|50026.78125|15.48111326813|98.49782028232|-241621|199851||50026.78125|340||34000|340|50026.78125|7041c1|UBA018|0|2233|0|||3|3|0|1|1|132|5|["132,18,5,3692","132,98,5,3887","132,114,5,499"]|13:53:46:781
62|1.1|636136518138741737|0|50031.78125|15.4876417551|98.48907092961|-242553|200583||50031.78125|340||34006.25|340|50031.78125|7041c1|UBA018|0|2233|0|||3|3|0|1|1|132|114|["132,18,5,3692","132,98,5,3887","132,114,5,499"]|13:53:51:781
62|1.1|636136518188666729|0|50036.7578125|15.49418097089|98.48033767013|-243484|201316||50036.7578125|340||34000|340|50036.7578125|7041c1|UBA018|0|2233|0|||3|3|0|1|1|132|114|["132,18,5,3692","132,98,5,3887","132,114,5,499"]|13:53:56:758
62|1.1|636136518238591721|0|50041.7578125|15.5006772714|98.4715775886|-244417|202045||50041.7578125|340||33993.75|340|50041.7578125|7041c1|UBA018|0|2233|0|||3|3|0|1|1|132|114|["132,18,5,3692","132,98,5,3887","132,114,5,499"]|13:54:01:758
62|1.1|636136518288506712|0|50046.7421875|15.50725940247|98.46285505794|-245346|202783||50046.7421875|340||33975|340|50046.7421875|7041c1|UBA018|0|2233|0|||3|3|0|1|1|132|114|["132,18,5,3692","132,98,5,3887","132,114,5,499"]|13:54:06:742
62|1.1|636136518338431704|0|50051.7421875|15.51283838887|98.45531806189|-246149|203409||50051.7421875|340||34012.5|340|50051.7421875|7041c1|UBA018|0|2233|0|||3|3|0|1|1|132|114|["132,18,5,3692","132,98,5,3887","132,114,5,499"]|13:54:11:742
62|1.1|636136518388376698|0|50056.7421875|15.51928640969|98.44671891266|-247065|204132||50056.7421875|340||34025|340|50056.7421875|7041c1|UBA018|0|2233|0|||3|3|0|1|1|132|114|["132,18,5,3692","132,98,5,3887","132,114,5,499"]|13:54:16:742
62|1.1|636136518438271687|0|50061.71875|15.5258363543|98.43796955995|-247997|204867||50061.71875|340||34025|340|50061.71875|7041c1|UBA018|0|2233|0|||3|3|0|1|1|132|114|["132,18,5,3692","132,98,5,3887","132,114,5,499"]|13:54:21:719
62|1.1|636136518488196679|0|50066.71875|15.53238629891|98.42895198674|-248957|205602||50066.71875|340||34012.5|340|50066.71875|7041c1|UBA018|0|2233|0|||3|3|0|1|1|132|114|["132,18,5,3692","132,114,5,499"]|13:54:26:719
62|1.1|636136518538121671|0|50071.6953125|15.53957460831|98.41968228626|-249944|206408||50071.6953125|340||33993.75|340|50071.6953125|7041c1|UBA018|0|2233|0|||3|3|0|1|1|132|5|["132,18,5,3692","132,114,5,499"]|13:54:31:695
62|1.1|636136518588046663|0|50076.6953125|15.54620501907|98.41084710299|-250885|207152||50076.6953125|340||34000|340|50076.6953125|7041c1|UBA018|0|2233|0|||3|3|0|1|1|132|5|["132,18,5,3692","132,114,5,499"]|13:54:36:695
62|1.1|636136518637981656|0|50081.6953125|15.55280324337|98.4020011909|-251827|207892||50081.6953125|340||33993.75|340|50081.6953125|7041c1|UBA018|0|2233|0|||3|3|0|1|1|132|114|["132,18,5,3692","132,98,4,3887","132,114,5,499"]|13:54:41:695
62|1.1|636136518687886646|0|50086.6796875|15.55940683208|98.39323038055|-252761|208633||50086.6796875|340||33987.5|340|50086.6796875|7041c1|UBA018|0|2233|0|||3|3|0|1|1|132|114|["132,18,5,3692","132,98,4,3887","132,114,5,499"]|13:54:46:680
62|1.1|636136518737821639|0|50091.6796875|15.56608552253|98.38434155318|-253707|209383||50091.6796875|340||33975|340|50091.6796875|7041c1|UBA018|0|2233|0|||3|3|0|1|1|132|114|["132,18,5,3692","132,98,5,3894","132,114,5,499"]|13:54:51:680
62|1.1|636136518787726629|0|50096.65625|15.57276957739|98.37544199699|-254654|210132||50096.65625|340||33956.25|340|50096.65625|7041c1|UBA018|0|2233|0|||3|3|0|1|1|132|98|["132,18,5,3692","132,98,5,3894","132,114,5,499"]|13:54:56:656
62|1.1|636136518837661622|0|50101.65625|15.57945899666|98.36686966981|-255566|210883||50101.65625|340||33968.75|340|50101.65625|7041c1|UBA018|0|2233|0|||3|3|0|1|1|132|98|["132,18,5,3692","132,98,5,3894","132,114,5,499"]|13:55:01:656
62|1.1|636136518887566612|0|50106.65625|15.58592847512|98.35825442735|-256484|211609||50106.65625|340||33975|340|50106.65625|7041c1|UBA018|0|2233|0|||3|3|0|1|1|132|98|["132,18,5,3692","132,98,5,3894","132,114,5,499"]|13:55:06:656
62|1.1|636136518937511606|0|50111.640625|15.59246769091|98.34955871874|-257409|212343||50111.640625|340||33981.25|340|50111.640625|7041c1|UBA018|0|2233|0|||3|3|0|1|1|132|98|["132,18,5,3692","132,98,5,3894","132,114,5,499"]|13:55:11:641
62|1.1|636136518987416596|0|50116.640625|15.59905518639|98.34086837454|-258334|213082||50116.640625|340||33981.25|340|50116.640625|7041c1|UBA018|0|2233|0|||3|3|0|1|1|132|98|["132,18,5,3692","132,98,5,3894","132,114,5,499"]|13:55:16:641
62|1.1|636136519037331587|0|50121.6171875|15.60569632597|98.33189371661|-259289|213828||50121.6171875|340||33956.25|340|50121.6171875|7041c1|UBA018|0|2233|0|||3|3|0|1|1|132|114|["132,18,5,3692","132,98,5,3894","132,114,5,499"]|13:55:21:617
62|1.1|636136519087266580|0|50126.6171875|15.61232673673|98.32296733837|-260239|214572||50126.6171875|340||33937.5|340|50126.6171875|7041c1|UBA018|0|2233|0|||3|3|0|1|1|132|114|["132,18,5,3692","132,98,5,3894","132,114,5,499"]|13:55:26:617
62|1.1|636136519137181571|0|50131.6171875|15.61880694401|98.31434136709|-261157|215300||50131.6171875|340||33956.25|340|50131.6171875|7041c1|UBA018|0|2233|0|||3|3|0|1|1|132|114|["132,18,5,3692","132,98,5,3894","132,114,5,499"]|13:55:31:617
62|1.1|636136519187116564|0|50136.6015625|15.62544808359|98.30553837028|-262094|216045||50136.6015625|340||33937.5|340|50136.6015625|7041c1|UBA018|0|2233|0|||3|3|0|1|1|132|114|["132,18,5,3692","132,98,5,3894","132,114,5,499"]|13:55:36:602
62|1.1|636136519237021554|0|50141.6015625|15.6319980282|98.29674073788|-263030|216781||50141.6015625|340||33931.25|340|50141.6015625|7041c1|UBA018|0|2233|0|||3|3|0|1|1|132|114|["132,18,5,3692","132,98,5,3894","132,114,5,499"]|13:55:41:602
62|1.1|636136519286966548|0|50146.578125|15.63855333722|98.28796992753|-263963|217517||50146.578125|340||33918.75|340|50146.578125|7041c1|UBA018|0|2233|0|||3|3|0|1|1|132|114|["132,18,5,3692","132,98,5,3894","132,114,5,499"]|13:55:46:578
62|1.1|636136519336871538|0|50151.578125|15.64498526481|98.2792634901|-264890|218239||50151.578125|340||33925|340|50151.578125|7041c1|UBA018|0|2233|0|||3|3|0|1|1|132|114|["132,18,5,3692","132,98,5,3894","132,114,5,499"]|13:55:51:578
62|1.1|636136519386786529|0|50156.578125|15.65178733669|98.27045512888|-265826|219002||50156.578125|340||33906.25|340|50156.578125|7041c1|UBA018|0|2233|0|||3|3|0|1|1|132|114|["132,18,5,3692","132,98,5,3894","132,114,5,499"]|13:55:56:578
62|1.1|636136519436721522|0|50161.5625|15.65821926428|98.26181306437|-266746|219725||50161.5625|340||33937.5|340|50161.5625|7041c1|UBA018|0|2233|0|||3|3|0|1|1|132|114|["132,18,5,3692","132,98,2,3894","132,114,5,499"]|13:56:01:563
62|1.1|636136519486636513|0|50166.5625|15.66476384448|98.25310662694|-267672|220460||50166.5625|340||33950|340|50166.5625|7041c1|UBA018|0|2233|0|||3|3|0|1|1|132|114|["132,18,5,3692","132,98,2,3894","132,114,5,499"]|13:56:06:563
62|1.1|636136519536551504|0|50171.5390625|15.6712118653|98.24443237597|-268594|221184||50171.5390625|340||33968.75|337.25|50171.5390625|7041c1|UBA018|0|2233|0|||3|3|0|1|1|132|114|["132,18,5,3692","132,98,2,3895","132,114,5,499"]|13:56:11:539
62|1.1|636136519586476496|0|50176.5390625|15.67796029308|98.2355971927|-269534|221942||50176.5390625|340||33943.75|337.25|50176.5390625|7041c1|UBA018|0|2233|0|||3|3|0|1|1|132|114|["132,18,5,3692","132,98,2,3895","132,114,5,499"]|13:56:16:539
62|1.1|636136519636401488|0|50181.5390625|15.6845156021|98.22690148409|-270459|222678||50181.5390625|340||33950|337.25|50181.5390625|7041c1|UBA018|0|2233|0|||3|3|0|1|1|132|114|["132,18,5,3692","132,98,2,3895","132,114,5,499"]|13:56:21:539
62|1.1|636136519686316479|0|50186.515625|15.69088852118|98.21831842809|-271372|223394||50186.515625|340||33975|337.25|50186.515625|7041c1|UBA018|0|2233|0|||3|3|0|1|1|132|98|["132,18,5,3692","132,98,4,3895","132,114,5,499"]|13:56:26:516
62|1.1|636136519736241471|0|50191.515625|15.69727216908|98.20947788041|-272312|224112||50191.515625|340||33956.25|337.25|50191.515625|7041c1|UBA018|0|2233|0|||3|3|0|1|1|132|98|["132,18,5,3692","132,98,4,3895","132,114,5,499"]|13:56:31:516
62|1.1|636136519786156462|0|50196.5|15.70359680847|98.2007285277|-273243|224823||50196.5|340||33943.75|337.25|50196.5|7041c1|UBA018|0|2233|0|||3|3|0|1|1|132|114|["132,18,5,3692","132,98,4,3895","132,114,5,499"]|13:56:36:500
62|1.1|636136519836101456|0|50201.5|15.71029159215|98.19187188679|-274185|225575||50201.5|340||33925|337.25|50201.5|7041c1|UBA018|0|2233|0|||3|3|0|1|1|132|114|["132,18,5,3692","132,98,4,3895","132,114,5,499"]|13:56:41:500
62|1.1|636136519886026448|0|50206.5|15.71702929111|98.18292941532|-275135|226332||50206.5|340||33912.5|337.25|50206.5|7041c1|UBA018|0|2233|0|||3|3|0|1|1|132|114|["132,18,5,3692","132,98,5,3895","132,114,5,499"]|13:56:46:500
62|1.1|636136519935941439|0|50211.4765625|15.72345585429|98.17419079143|-276064|227054||50211.4765625|340||33912.5|337.25|50211.4765625|7041c1|UBA018|0|2233|0|||3|3|0|1|1|132|114|["132,18,5,3692","132,98,2,3895","132,114,5,499"]|13:56:51:477
62|1.1|636136519985846429|0|50216.4765625|15.73000043449|98.16540925226|-276998|227789||50216.4765625|340||33918.75|337.25|50216.4765625|7041c1|UBA018|0|2233|0|||3|3|0|1|1|132|114|["132,18,5,3692","132,98,5,3897","132,114,5,499"]|13:56:56:477
62|1.1|636136520035771421|0|50221.4609375|15.73655574351|98.15673500129|-277920|228526||50221.4609375|340||33937.5|337.25|50221.4609375|7041c1|UBA018|0|2233|0|||3|3|0|1|1|132|114|["132,18,5,3692","132,98,5,3897","132,114,5,499"]|13:57:01:461
62|1.1|636136520085696413|0|50226.4609375|15.74302522197|98.14800710622|-278848|229253||50226.4609375|340||33943.75|337.25|50226.4609375|7041c1|UBA018|0|2233|0|||3|3|0|1|1|132|114|["132,18,5,3692","132,98,5,3897","132,114,5,499"]|13:57:06:461
62|1.1|636136520135611404|0|50231.4609375|15.74956443776|98.13911291444|-279793|229989||50231.4609375|340||33937.5|337.25|50231.4609375|7041c1|UBA018|0|2233|0|||3|3|0|1|1|132|114|["132,18,5,3692","132,98,5,3897","132,114,5,499"]|13:57:11:461
62|1.1|636136520185536396|0|50236.4375|15.75606073827|98.13041184142|-280718|230719||50236.4375|340||33943.75|337.25|50236.4375|7041c1|UBA018|0|2233|0|||3|3|0|1|1|132|114|["132,18,5,3692","132,98,5,3897","132,114,5,499"]|13:57:16:438
62|1.1|636136520235471389|0|50241.4375|15.762782344|98.12148546318|-281667|231474||50241.4375|340||33925|337.25|50241.4375|7041c1|UBA018|0|2233|0|||3|3|0|1|1|132|114|["132,18,5,3692","132,98,5,3897","132,114,5,499"]|13:57:21:438
62|1.1|636136520285376379|0|50246.421875|15.7694342124|98.11258054258|-282613|232222||50246.421875|340||33906.25|337.25|50246.421875|7041c1|UBA018|0|2233|0|||3|3|0|1|1|132|114|["132,18,5,3692","132,98,5,3897","132,114,5,499"]|13:57:26:422
62|1.1|636136520335291370|0|50251.421875|15.77615045372|98.10358442701|-283569|232977||50251.421875|340||33881.25|337.25|50251.421875|7041c1|UBA018|0|2233|0|||3|3|0|1|1|132|114|["132,18,5,3692","132,98,5,3897","132,114,5,499"]|13:57:31:422
62|1.1|636136520385226363|0|50256.421875|15.78282377976|98.09456148939|-284528|233727||50256.421875|340||33862.5|337.25|50256.421875|7041c1|UBA018|0|2233|0|||3|3|0|1|1|132|114|["132,18,5,3692","132,98,5,3897","132,114,5,499"]|13:57:36:422
62|1.1|636136520435141354|0|50261.3984375|15.78948637698|98.08575312817|-285463|234477||50261.3984375|340||33868.75|337.25|50261.3984375|7041c1|UBA018|0|2233|0|||3|3|0|1|1|132|114|["132,18,5,3692","132,98,5,3897","132,114,5,499"]|13:57:41:398
62|1.1|636136520485066346|0|50266.3984375|15.79600413513|98.07705205515|-286388|235209||50266.3984375|340||33900|337.25|50266.3984375|7041c1|UBA018|0|2233|0|||3|3|0|1|1|132|114|["132,18,5,3692","132,98,5,3897","132,114,5,499"]|13:57:46:398
62|1.1|636136520534981337|0|50271.375|15.80270964763|98.06824905834|-287323|235963||50271.375|340||33906.25|337.25|50271.375|7041c1|UBA018|0|2233|0|||3|3|0|1|1|132|98|["132,18,5,3692","132,98,5,3897","132,114,5,499"]|13:57:51:375
62|1.1|636136520584906329|0|50276.375|15.80924886342|98.05955334973|-288247|236698||50276.375|340||33931.25|337.25|50276.375|7041c1|UBA018|0|2233|0|||3|3|0|1|1|132|98|["132,18,5,3692","132,98,5,3897","132,114,5,499"]|13:57:56:375
62|1.1|636136520637931631|0|50281.6796875|15.8163191558|98.05029437807|-289230|237493||50281.6796875|340||33950|337.25|50281.6796875|7041c1|UBA018|0|2233|0|||3|3|0|1|1|132|98|["132,18,5,3692","132,98,5,3897","132,114,5,499"]|13:58:01:680
62|1.1|636136520687866624|0|50286.6796875|15.82290128687|98.04149674567|-290165|238234||50286.6796875|340||33950|337.25|50286.6796875|7041c1|UBA018|0|2233|0|||3|3|0|1|1|132|114|["132,18,5,3692","132,98,5,3897","132,114,5,499"]|13:58:06:680
62|1.1|636136520737771614|0|50291.65625|15.82953169763|98.03275275737|-291093|238979||50291.65625|340||33956.25|337.25|50291.65625|7041c1|UBA018|0|2233|0|||3|3|0|1|1|132|114|["132,18,5,3692","132,98,5,3897","132,114,5,499"]|13:58:11:656
62|1.1|636136520787706607|0|50296.65625|15.83612455752|98.02396048938|-292027|239721||50296.65625|340||33956.25|337.25|50296.65625|7041c1|UBA018|0|2233|0|||3|3|0|1|1|132|114|["132,18,5,3692","132,98,5,3897","132,114,5,499"]|13:58:16:656
62|1.1|636136520837621598|0|50301.65625|15.84283007002|98.0151199417|-292966|240475||50301.65625|340||33950|337.25|50301.65625|7041c1|UBA018|0|2233|0|||3|3|0|1|1|132|114|["132,18,5,3692","132,98,5,3897","132,114,5,499"]|13:58:21:656
62|1.1|636136520887546590|0|50306.640625|15.84946584519|98.00631158048|-293901|241221||50306.640625|340||33950|337.25|50306.640625|7041c1|UBA018|0|2233|0|||3|3|0|1|1|132|114|["132,18,5,3692","132,98,5,3897","132,114,5,499"]|13:58:26:641
62|1.1|636136520937461581|0|50311.640625|15.85618745092|97.99746030398|-294841|241977||50311.640625|340||33950|337.25|50311.640625|7041c1|UBA018|0|2233|0|||3|3|0|1|1|132|114|["132,18,5,3692","132,98,5,3897","132,114,5,499"]|13:58:31:641
62|1.1|636136520987386573|0|50316.6171875|15.8628285905|97.98856074779|-295786|242725||50316.6171875|340||33925|337.25|50316.6171875|7041c1|UBA018|0|2233|0|||3|3|0|1|1|132|114|["132,18,5,3692","132,98,5,3897","132,114,5,499"]|13:58:36:617
62|1.1|636136521037301564|0|50321.6171875|15.8694268148|97.97957536104|-296740|243467||50321.6171875|340||33912.5|337.25|50321.6171875|7041c1|UBA018|0|2233|0|||3|3|0|1|1|132|114|["132,18,5,3692","132,98,5,3897","132,114,5,499"]|13:58:41:617
62|1.1|636136521087236557|0|50326.6171875|15.87600894587|97.97066507603|-297686|244207||50326.6171875|340||33906.25|337.25|50326.6171875|7041c1|UBA018|0|2233|0|||3|3|0|1|1|132|114|["132,18,5,3692","132,98,5,3897","132,114,5,499"]|13:58:46:617
62|1.1|636136521137151548|0|50331.6015625|15.88252133961|97.96187817245|-298619|244941||50331.6015625|340||33912.5|337.25|50331.6015625|7041c1|UBA018|0|2233|0|||3|3|0|1|1|132|114|["132,18,5,3692","132,98,5,3897","132,114,5,499"]|13:58:51:602
62|1.1|636136521187066539|0|50336.6015625|15.88907128422|97.95294106539|-299568|245678||50336.6015625|340||33912.5|337.25|50336.6015625|7041c1|UBA018|0|2233|0|||3|3|0|1|1|132|114|["132,18,5,3692","132,98,5,3897","132,114,5,499"]|13:58:56:602
62|1.1|636136521237001532|0|50341.578125|15.89559977119|97.94423462796|-300492|246413||50341.578125|339.75||33931.25|337.25|50341.578125|7041c1|UBA018|0|2233|0|||3|3|0|1|1|132|114|["132,18,5,3692","132,98,5,3897","132,114,5,499"]|13:59:01:578
62|1.1|636136521286916523|0|50346.578125|15.90229455487|97.93538335146|-301432|247166||50346.578125|339||33906.25|336.25|50346.578125|7041c1|UBA018|0|2233|0|||3|3|0|1|1|132|114|["132,18,5,3692","132,98,5,3897","132,114,5,499"]|13:59:06:578
62|1.1|636136521336831514|0|50351.578125|15.90891960122|97.9263926003|-302386|247912||50351.578125|338||33825|334.75|50351.578125|7041c1|UBA018|0|2233|-1100|||3|3|2|1|1|132|114|["132,18,5,3692","132,98,5,3897","132,114,5,499"]|13:59:11:578
62|1.1|636136521386606491|0|50356.5625|15.91561974931|97.91749304411|-303330|248666||50356.5625|337||33712.5|334|50356.5625|7041c1|UBA018|0|2233|-1062.5|||3|3|2|1|1|132|98|["132,18,5,3692","132,98,5,3897","132,114,5,499"]|13:59:16:563
62|1.1|636136521436681498|0|50361.5625|15.9221589651|97.90884561519|-304248|249402||50361.5625|336.25||33668.75|333.25|50361.5625|7041c1|UBA018|0|2233|-1062.5|||3|3|2|1|1|132|114|["132,18,5,3692","132,98,5,3897","132,114,5,499"]|13:59:21:563
62|1.1|636136521486606490|0|50366.5390625|15.92885374878|97.89987095726|-305200|250155||50366.5390625|335.5||33525|332.5|50366.5390625|7041c1|UBA018|0|2233|-1025|||3|3|2|1|1|132|114|["132,18,5,3692","132,98,5,3897","132,114,5,499"]|13:59:26:539
62|1.1|636136521536521481|0|50371.5390625|15.93543051544|97.8909874943|-306143|250896||50371.5390625|334.75||33431.25|331.75|50371.5390625|7041c1|UBA018|0|2233|-962.5|||3|3|2|1|1|132|114|["132,18,5,3692","132,98,5,3897","132,114,5,499"]|13:59:31:539
62|1.1|636136521586446473|0|50376.5390625|15.9421145703|97.88204502283|-307092|251649||50376.5390625|334||33325|331|50376.5390625|7041c1|UBA018|0|2233|-943.75|||3|3|2|1|1|132|114|["132,18,5,3692","132,98,5,3897","132,114,5,499"]|13:59:36:539
62|1.1|636136521636361464|0|50381.515625|15.94878789634|97.87319911074|-308030|252400||50381.515625|333.25||33231.25|330.5|50381.515625|7041c1|UBA018|0|2233|-962.5|||3|3|2|1|1|132|114|["132,18,5,3692","132,98,5,3897","132,114,5,499"]|13:59:41:516
62|1.1|636136521686286456|0|50386.515625|15.95547731561|97.86424054604|-308981|253153||50386.515625|332.5||33137.5|329.75|50386.515625|7041c1|UBA018|0|2233|-925|||3|3|2|1|1|132|114|["132,18,5,3692","132,98,5,3897","132,114,5,499"]|13:59:46:516
62|1.1|636136521736211448|0|50391.5|15.96216137047|97.85531953221|-309927|253906||50391.5|331.5||33037.5|328.5|50391.5|7041c1|UBA018|0|2233|-943.75|||3|3|2|1|1|132|114|["132,18,5,3692","132,98,5,3897","132,114,5,499"]|13:59:51:500
62|1.1|636136521785976424|0|50396.5|15.96870058626|97.84644143366|-310869|254642||50396.5|330.75||32968.75|327.75|50396.5|7041c1|UBA018|0|2233|-943.75|||3|3|2|1|1|132|114|["132,18,5,3692","132,98,5,3897","132,114,5,499"]|13:59:56:500
62|1.1|636136521835891415|0|50401.5|15.97525589528|97.83751505542|-311816|255381||50401.5|330||32887.5|327|50401.5|7041c1|UBA018|0|2233|-943.75|||3|3|2|1|1|132|114|["132,18,5,3692","132,98,5,3897","132,114,5,499"]|14:00:01:500
62|1.1|636136521885816407|0|50406.4765625|15.98170928051|97.8285457619|-312768|256108||50406.4765625|329.25||32793.75|326.5|50406.4765625|7041c1|UBA018|0|2233|-943.75|||3|3|2|1|1|132|114|["132,18,5,3692","132,98,5,3897","132,114,5,499"]|14:00:06:477
62|1.1|636136521935751400|0|50411.4765625|15.98840406419|97.81954428192|-313723|256862||50411.4765625|328.5||32693.75|325.75|50411.4765625|7041c1|UBA018|0|2233|-925|||3|3|2|1|1|132|114|["132,18,5,3692","132,98,5,3897","132,114,5,499"]|14:00:11:477
62|1.1|636136521985676392|0|50416.4609375|15.99507202582|97.8106286325|-314668|257613||50416.4609375|327.5||32606.25|324.5|50416.4609375|7041c1|UBA018|0|2233|-925|||3|3|2|1|1|132|114|["132,18,5,3692","132,98,5,3897","132,114,5,499"]|14:00:16:461
62|1.1|636136522035591383|0|50421.4609375|16.00182581801|97.80172907631|-315612|258374||50421.4609375|326.75||32525|323.75|50421.4609375|7041c1|UBA018|0|2233|-925|||3|3|2|1|1|132|114|["132,18,5,3692","132,98,5,3897","132,114,5,499"]|14:00:21:461
62|1.1|636136522085506374|0|50426.4609375|16.00860643225|97.79269540987|-316570|259138||50426.4609375|326||32437.5|323|50426.4609375|7041c1|UBA018|0|2233|-925|||3|3|2|1|1|132|114|["132,18,5,3692","132,98,5,3897","132,114,5,499"]|14:00:26:461
62|1.1|636136522135421365|0|50431.4375|16.01513491922|97.78388168424|-317504|259874||50431.4375|325.25||32381.25|322.5|50431.4375|7041c1|UBA018|0|2233|-943.75|||3|3|2|1|1|132|114|["132,18,5,3692","132,98,5,3897","132,114,5,499"]|14:00:31:438
62|1.1|636136522185356358|0|50436.4375|16.02170095706|97.77518597563|-318426|260613||50436.4375|324.25||32343.75|321.25|50436.4375|7041c1|UBA018|0|2233|-925|||3|3|2|1|1|132|98|["132,18,5,3692","132,98,5,3897","132,114,5,499"]|14:00:36:438
62|1.1|636136522235271349|0|50441.421875|16.02834746105|97.76630251267|-319368|261362||50441.421875|323.5||32256.25|320.5|50441.421875|7041c1|UBA018|0|2233|-925|||3|3|2|1|1|132|98|["132,18,5,3692","132,98,5,3897","132,114,5,499"]|14:00:41:422
62|1.1|636136522285186340|0|50446.421875|16.0350261515|97.7573063971|-320322|262115||50446.421875|322.75||32168.75|319.75|50446.421875|7041c1|UBA018|0|2233|-925|||3|3|2|1|1|132|114|["132,18,5,3692","132,98,5,3897","132,114,5,499"]|14:00:46:422
62|1.1|636136522335111332|0|50451.421875|16.04165119785|97.7484551206|-321260|262861||50451.421875|321.5||32081.25|318.75|50451.421875|7041c1|UBA018|0|2233|-1125|||3|3|2|1|1|132|114|["132,18,5,3692","132,98,5,3897","132,114,5,499"]|14:00:51:422
62|1.1|636136522385196340|0|50456.3984375|16.0482762442|97.7395502|-322204|263608||50456.3984375|319.75||31950|317|50456.3984375|7041c1|UBA018|0|2233|-1675|||3|3|2|1|1|132|114|["132,18,5,3692","132,98,5,3897","132,114,5,499"]|14:00:56:398
62|1.1|636136522434961316|0|50461.3984375|16.05501394316|97.7305916353|-323153|264367||50461.3984375|318||31775|314.75|50461.3984375|7041c1|UBA018|0|2233|-2050|||3|3|2|1|1|132|114|["132,18,5,3692","132,98,5,3897","132,114,5,499"]|14:01:01:398
62|1.1|636136522484876307|0|50466.375|16.06171409125|97.7215794265|-324109|265122||50466.375|316.25||31581.25|312.75|50466.375|7041c1|UBA018|0|2233|-2206.25|||3|3|2|1|1|132|114|["132,18,5,3692","132,98,5,3897","132,114,5,499"]|14:01:06:375
62|1.1|636136522534801299|0|50471.375|16.0683927817|97.71277106528|-325042|265875||50471.375|314.5||31406.25|311.25|50471.375|7041c1|UBA018|0|2233|-2143.75|||3|3|2|1|1|132|114|["132,18,5,3692","132,98,5,3897","132,114,5,499"]|14:01:11:375
62|1.1|636136522584726291|0|50476.375|16.07501782805|97.70395733965|-325976|266622||50476.375|312.75||31237.5|309.5|50476.375|7041c1|UBA018|0|2233|-2125|||3|3|2|1|1|132|114|["132,18,5,3692","132,98,5,3897","132,114,5,499"]|14:01:16:375
62|1.1|636136522634641282|0|50481.359375|16.08164823881|97.69512215638|-326912|267369||50481.359375|311||31043.75|307.5|50481.359375|7041c1|UBA018|0|2233|-2125|||3|3|2|1|1|132|114|["132,18,5,3692","132,98,5,3897","132,114,5,499"]|14:01:21:359
62|1.1|636136522684566274|0|50486.359375|16.08826792075|97.68631379516|-327846|268115||50486.359375|309||30862.5|305.75|50486.359375|7041c1|UBA018|0|2233|-2162.5|||3|3|2|1|1|132|114|["132,18,5,3692","132,98,5,3897","132,114,5,499"]|14:01:26:359
62|1.1|636136522734491266|0|50491.3359375|16.09474276362|97.67743569661|-328787|268846||50491.3359375|307||30631.25|303.75|50491.3359375|7041c1|UBA018|0|2233|-2243.75|||3|3|2|1|1|132|114|["132,18,5,3692","132,98,5,3897","132,114,5,499"]|14:01:31:336
62|1.1|636136522784406257|0|50496.3359375|16.10128197941|97.66848786073|-329735|269583||50496.3359375|305.25||30406.25|301.75|50496.3359375|7041c1|UBA018|0|2233|-2262.5|||3|3|2|1|1|132|114|["132,18,5,3692","132,98,5,3897","132,114,5,499"]|14:01:36:336
62|1.1|636136522834331249|0|50501.3359375|16.1079821275|97.65972241479|-330663|270338||50501.3359375|303.25||30206.25|300|50501.3359375|7041c1|UBA018|0|2233|-2262.5|||3|3|2|1|1|132|114|["132,18,5,3692","132,98,5,3897","132,114,5,499"]|14:01:41:336
62|1.1|636136522884246240|0|50506.3203125|16.11468227559|97.65092478239|-331595|271093||50506.3203125|301.5||29993.75|298.25|50506.3203125|7041c1|UBA018|0|2233|-2225|||3|3|2|1|1|132|114|["132,18,5,3692","132,98,5,3897","132,114,5,499"]|14:01:46:320
62|1.1|636136522934171232|0|50511.3203125|16.12120539815|97.64212714999|-332527|271829||50511.3203125|299.75||29806.25|296.5|50511.3203125|7041c1|UBA018|0|2233|-2187.5|||3|3|2|1|1|132|114|["132,18,5,3692","132,98,5,3897","132,114,5,499"]|14:01:51:320
62|1.1|636136522984096224|0|50516.296875|16.12769096984|97.63346899225|-333444|272561||50516.296875|298||29631.25|294.5|50516.296875|7041c1|UBA018|0|2233|-2187.5|||3|3|2|1|1|132|114|["132,18,5,3692","132,98,5,3897","132,114,5,499"]|14:01:56:297
62|1.1|636136523034021216|0|50521.296875|16.13405852451|97.62486447861|-334356|273279||50521.296875|296||29462.5|292.75|50521.296875|7041c1|UBA018|0|2233|-2187.5|||3|3|2|1|1|132|98|["132,18,5,3692","132,98,5,3897","132,114,5,499"]|14:02:01:297
62|1.1|636136523083936207|0|50526.296875|16.14057628266|97.61627069379|-335266|274014||50526.296875|294.25||29293.75|291|50526.296875|7041c1|UBA018|0|2233|-2162.5|||3|3|2|1|1|132|114|["132,18,5,3692","132,98,5,3897","132,114,5,499"]|14:02:06:297
62|1.1|636136523133861199|0|50531.28125|16.14690628646|97.60782711245|-336160|274728||50531.28125|292.5||29125|289.25|50531.28125|7041c1|UBA018|0|2233|-2187.5|||3|3|2|1|1|132|114|["132,18,5,3692","132,98,5,3897","132,114,5,499"]|14:02:11:281
62|1.1|636136523183786191|0|50536.28125|16.15345086666|97.59924405645|-337069|275466||50536.28125|290.5||28931.25|287.25|50536.28125|7041c1|UBA018|0|2233|-2187.5|||3|3|2|1|1|132|114|["132,18,5,3692","132,98,5,3897","132,114,5,499"]|14:02:16:281
62|1.1|636136523233701182|0|50541.2578125|16.15978087046|97.59069855132|-337974|276180||50541.2578125|288.75||28750|285.5|50541.2578125|7041c1|UBA018|0|2233|-2187.5|||3|3|2|1|1|132|114|["132,18,5,3692","132,98,5,3897","132,114,5,499"]|14:02:21:258
62|1.1|636136523283626174|0|50546.2578125|16.16600895047|97.58207794445|-338887|276883||50546.2578125|287||28562.5|283.75|50546.2578125|7041c1|UBA018|0|2233|-2143.75|||3|3|2|1|1|132|114|["132,18,5,3692","132,98,5,3897","132,114,5,499"]|14:02:26:258
62|1.1|636136523333551166|0|50551.2578125|16.17193662352|97.57361290547|-339783|277553||50551.2578125|285.25||28381.25|282|50551.2578125|7041c1|UBA018|0|2233|-2143.75|||3|3|2|1|1|132|114|["132,18,5,3692","132,98,5,3897","132,114,5,499"]|14:02:31:258
62|1.1|636136523383466157|0|50556.2421875|16.17822371204|97.56513713767|-340681|278262||50556.2421875|283.5||28200|280.25|50556.2421875|7041c1|UBA018|0|2233|-2143.75|||3|3|2|1|1|132|114|["132,18,5,3692","132,98,5,3897","132,114,5,499"]|14:02:36:242
62|1.1|636136523433401150|0|50561.2421875|16.18459663112|97.556623819|-341583|278981||50561.2421875|281.75||28012.5|278.5|50561.2421875|7041c1|UBA018|0|2233|-2125|||3|3|2|1|1|132|114|["132,18,5,3692","132,98,5,3897","132,114,5,499"]|14:02:41:242
62|1.1|636136523483316141|0|50566.21875|16.19088908405|97.5481480512|-342480|279692||50566.21875|280||27831.25|276.75|50566.21875|7041c1|UBA018|0|2233|-2106.25|||3|3|2|1|1|132|114|["132,18,5,3692","132,98,5,3897","132,114,5,499"]|14:02:46:219
62|1.1|636136523533241133|0|50571.21875|16.19733710487|97.53967764781|-343376|280419||50571.21875|278.25||27650|275|50571.21875|7041c1|UBA018|0|2233|-2125|||3|3|2|1|1|132|114|["132,18,5,3692","132,98,5,3897","132,114,5,499"]|14:02:51:219
62|1.1|636136523583166125|0|50576.21875|16.20380658333|97.53113750709|-344280|281149||50576.21875|276.25||27456.25|273|50576.21875|7041c1|UBA018|0|2233|-2143.75|||3|3|2|1|1|132|114|["132,18,5,3692","132,98,5,3897","132,114,5,499"]|14:02:56:219
62|1.1|636136523633081116|0|50581.1953125|16.21005075657|97.52283340041|-345159|281853||50581.1953125|274.5||27287.5|271.25|50581.1953125|7041c1|UBA018|0|2233|-2143.75|||3|3|2|1|1|132|114|["132,18,5,3692","132,98,5,3897","132,114,5,499"]|14:03:01:195
62|1.1|636136523682996107|0|50586.1953125|16.21604280254|97.5145132005|-346040|282530||50586.1953125|272.75||27125|269.5|50586.1953125|7041c1|UBA018|0|2233|-2125|||3|3|2|1|1|132|114|["132,18,5,3692","132,98,5,3897","132,114,5,499"]|14:03:06:195
62|1.1|636136523732921099|0|50591.1796875|16.22227624696|97.50624128028|-346915|283234||50591.1796875|271.25||26968.75|268|50591.1796875|7041c1|UBA018|0|2233|-2087.5|||3|3|2|1|1|132|114|["132,18,5,3692","132,98,5,3897","132,114,5,499"]|14:03:11:180
62|1.1|636136523782846091|0|50596.1796875|16.22834875908|97.49806591944|-347780|283919||50596.1796875|269.5||26812.5|266.25|50596.1796875|7041c1|UBA018|0|2233|-2068.75|||3|3|2|1|1|132|114|["132,18,5,3692","132,98,5,3897","132,114,5,499"]|14:03:16:180
62|1.1|636136523832771083|0|50601.1796875|16.23441590679|97.48975644835|-348660|284604||50601.1796875|267.75||26631.25|267.25|50601.1796875|7041c1|UBA018|0|2233|-2050|||3|3|2|1|1|132|114|["132,18,5,3692","132,98,5,3897","132,114,5,499"]|14:03:21:180
62|1.1|636136523882686074|0|50606.15625|16.2405903427|97.48153280782|-349530|285301||50606.15625|265.75||26468.75|265.5|50606.15625|7041c1|UBA018|0|2233|-2106.25|||3|3|2|1|1|132|98|["132,18,5,3692","132,98,5,3897","132,114,5,499"]|14:03:26:156
62|1.1|636136523932601065|0|50611.15625|16.24651801575|97.47323406555|-350409|285971||50611.15625|264||26293.75|263.75|50611.15625|7041c1|UBA018|0|2233|-2106.25|||3|3|2|1|1|132|114|["132,18,5,3692","132,98,5,3897","132,114,5,499"]|14:03:31:156
62|1.1|636136523982536058|0|50616.140625|16.25259589228|97.46502651825|-351277|286658||50616.140625|262.25||26137.5|262|50616.140625|7041c1|UBA018|0|2233|-2106.25|||3|3|2|1|1|132|114|["132,18,5,3692","132,98,5,3897","132,114,5,499"]|14:03:36:141
62|1.1|636136524032451049|0|50621.140625|16.25875423496|97.45675996244|-352152|287353||50621.140625|260.75||25975|260.25|50621.140625|7041c1|UBA018|0|2233|-2125|||3|3|2|1|1|132|98|["132,18,5,3692","132,98,5,3897","132,114,5,499"]|14:03:41:141
62|1.1|636136524082376041|0|50626.140625|16.26472482329|97.44835929638|-353041|288028||50626.140625|259.25||25762.5|258.5|50626.140625|7041c1|UBA018|0|2233|-2125|||3|3|2|1|1|132|18|["132,18,5,3692","132,98,5,3897","132,114,5,499"]|14:03:46:141
62|1.1|636136524132301033|0|50631.1171875|16.27094217448|97.43997472355|-353928|288730||50631.1171875|257.5||25543.75|256.75|50631.1171875|7041c1|UBA018|0|2233|-2125|||3|3|2|1|1|132|18|["132,18,5,3692","132,98,5,3897","132,114,5,499"]|14:03:51:117
62|1.1|636136524182216024|0|50636.1171875|16.277229263|97.43177254066|-354795|289440||50636.1171875|255.25||25368.75|255|50636.1171875|7041c1|UBA018|0|2233|-2068.75|||3|3|2|1|1|132|114|["132,18,5,3692","132,98,5,3897","132,114,5,499"]|14:03:56:117
62|1.1|636136524232141016|0|50641.1015625|16.28329641071|97.42357035777|-355663|290125||50641.1015625|254||25200|253.25|50641.1015625|7041c1|UBA018|0|2233|-2068.75|||3|3|2|1|1|132|18|["132,18,5,3692","132,98,5,3897","132,114,5,499"]|14:04:01:102
62|1.1|636136524282066008|0|50646.1015625|16.28921335494|97.41542181898|-356525|290794||50646.1015625|252.25||25037.5|251.5|50646.1015625|7041c1|UBA018|0|2233|-2087.5|||3|3|2|1|1|132|18|["132,18,5,3692","132,98,5,3897","132,114,5,499"]|14:04:06:102
62|1.1|636136524331980999|0|50651.1015625|16.29504983302|97.4071713564|-357398|291454||50651.1015625|250.5||24856.25|249.75|50651.1015625|7041c1|UBA018|0|2233|-2087.5|||3|3|2|1|1|132|18|["132,18,5,3692","132,98,5,3897","132,114,5,499"]|14:04:11:102
62|1.1|636136524381905991|0|50656.078125|16.30126718421|97.39905500407|-358256|292156||50656.078125|249.25||24693.75|248|50656.078125|7041c1|UBA018|0|2233|-2106.25|||3|3|2|1|1|132|98|["132,18,5,3692","132,98,5,3897","132,114,5,499"]|14:04:16:078
62|1.1|636136524431820982|0|50661.078125|16.30718412844|97.39111031286|-359096|292824||50661.078125|247.75||24568.75|246.25|50661.078125|7041c1|UBA018|0|2233|-2068.75|||3|3|2|1|1|132|98|["132,18,5,3692","132,98,5,3897","132,114,5,499"]|14:04:21:078
62|1.1|636136524481745974|0|50666.0625|16.31307425062|97.38307979109|-359946|293490||50666.0625|245.25||24387.5|244.75|50666.0625|7041c1|UBA018|0|2233|-2025|||3|3|2|1|1|132|18|["132,18,5,3692","132,98,5,3897","132,114,5,499"]|14:04:26:063
62|1.1|636136524531670966|0|50671.0625|16.3189107287|97.37515119311|-360784|294149||50671.0625|244.5||24243.75|243|50671.0625|7041c1|UBA018|0|2233|-2050|||3|3|2|1|1|132|98|["132,18,5,3692","132,98,5,3897","132,114,5,499"]|14:04:31:063
62|1.1|636136524581585957|0|50676.0625|16.32483303734|97.36717431544|-361628|294818||50676.0625|242.75||24081.25|241.25|50676.0625|7041c1|UBA018|0|2233|-2068.75|||3|3|2|1|1|132|98|["132,18,5,3692","132,98,5,3897","132,114,5,499"]|14:04:36:063
62|1.1|636136524631510949|0|50681.0390625|16.33059441368|97.35925644628|-362465|295470||50681.0390625|241.25||23918.75|239.5|50681.0390625|7041c1|UBA018|0|2233|-2087.5|||3|3|2|1|1|132|98|["132,18,5,3692","132,98,5,3897","132,114,5,499"]|14:04:41:039
62|1.1|636136524681435941|0|50686.0390625|16.33653281555|97.3512742042|-363309|296141||50686.0390625|239.5||23762.5|237.75|50686.0390625|7041c1|UBA018|0|2233|-2087.5|||3|3|2|1|1|132|98|["132,18,5,3692","132,98,5,3897","132,114,5,499"]|14:04:46:039
62|1.1|636136524731350932|0|50691.015625|16.3422459122|97.34364064877|-364116|296787||50691.015625|236.25||23625|236|50691.015625|7041c1|UBA018|0|2233|-2087.5|||3|3|2|1|1|132|98|["132,18,5,3692","132,98,5,3897","132,114,5,499"]|14:04:51:016
62|1.1|636136524781275924|0|50696.015625|16.34814139879|97.33574960166|-364950|297453||50696.015625|234.75||23456.25|234.25|50696.015625|7041c1|UBA018|0|2233|-2068.75|||3|3|2|1|1|132|98|["132,98,5,3897","132,114,5,499"]|14:04:56:016
62|1.1|636136524831200916|0|50701.015625|16.35412808035|97.32771371548|-365799|298129||50701.015625|234.75||23300|232.5|50701.015625|7041c1|UBA018|0|2233|-2068.75|||3|3|2|1|1|132|98|["132,98,5,3897","132,114,5,499"]|14:05:01:016
62|1.1|636136524881125908|0|50706|16.36006111781|97.31974220222|-366642|298800||50706|231.5||23100|231|50706|7041c1|UBA018|0|2233|-2050|||3|3|2|1|1|132|98|["132,98,5,3897","132,114,5,499"]|14:05:06:000
62|1.1|636136524931040899|0|50711|16.36596196881|97.31188870598|-367472|299467||50711|231.25||22875|229.25|50711|7041c1|UBA018|0|2233|-2025|||3|3|2|1|1|132|114|["132,98,5,3897","132,114,5,499"]|14:05:11:000
62|1.1|636136524980965891|0|50715.9765625|16.37155704844|97.30411567589|-368294|300100||50715.9765625|229.5||22687.5|227.5|50715.9765625|7041c1|UBA018|0|2233|-2025|||3|3|2|1|1|132|114|["132,98,5,3897","132,114,5,499"]|14:05:15:977
62|1.1|636136525030890883|0|50720.9765625|16.37768320466|97.29622999319|-369127|300792||50720.9765625|226.75||22493.75|225.75|50720.9765625|7041c1|UBA018|0|2233|-2050|||3|3|2|1|1|132|98|["132,98,5,3897","132,114,5,499"]|14:05:20:977
62|1.1|636136525080805874|0|50725.9765625|16.38346067423|97.28843014105|-369951|301445||50725.9765625|226.25||22312.5|224.25|50725.9765625|7041c1|UBA018|0|2233|-2025|||3|3|2|1|1|132|114|["132,98,5,3897","132,114,5,499"]|14:05:25:977
62|1.1|636136525130730866|0|50730.9609375|16.38915767765|97.28068929742|-370769|302089||50730.9609375|224.5||22131.25|222.5|50730.9609375|7041c1|UBA018|0|2233|-2006.25|||3|3|2|1|1|132|114|["132,98,5,3897","132,114,5,499"]|14:05:30:961
62|1.1|636136525180645857|0|50735.9609375|16.39487613871|97.27295918261|-371586|302736||50735.9609375|222.75||21950|221|50735.9609375|7041c1|UBA018|0|2233|-2006.25|||3|3|2|1|1|132|114|["132,98,5,3897","132,114,5,499"]|14:05:35:961
62|1.1|636136525230590851|0|50740.9375|16.40059996418|97.26531489836|-372394|303383||50740.9375|221||21775|219.25|50740.9375|7041c1|UBA018|0|2233|-2050|||3|3|2|1|1|132|114|["132,98,5,3897","132,114,5,499"]|14:05:40:938
62|1.1|636136525280495841|0|50745.9375|16.40598583182|97.25769207175|-373200|303993||50745.9375|219.5||21618.75|217.5|50745.9375|7041c1|UBA018|0|2233|-2006.25|||3|3|2|1|1|132|114|["132,98,5,3897","132,114,5,499"]|14:05:45:938
62|1.1|636136525330420833|0|50750.9375|16.41154872499|97.25009606719|-374002|304622||50750.9375|217.75||21450|216|50750.9375|7041c1|UBA018|0|2233|-2006.25|||3|3|2|1|1|132|114|["132,98,5,3897","132,114,5,499"]|14:05:50:938
62|1.1|636136525380335824|0|50755.921875|16.41660199921|97.2426449017|-374790|305195||50755.921875|216||21281.25|214.25|50755.921875|7041c1|UBA018|0|2233|-2025|||3|3|2|1|1|132|114|["132,98,5,3897","132,114,5,499"]|14:05:55:922
62|1.1|636136525430260816|0|50760.921875|16.42250285021|97.23509717683|-375587|305861||50760.921875|214.5||21106.25|212.5|50760.921875|7041c1|UBA018|0|2233|-1987.5|||3|3|2|1|1|132|114|["132,98,5,3897","132,114,5,499"]|14:06:00:922
62|1.1|636136525480175807|0|50765.8984375|16.42830177742|97.22760309606|-376378|306517||50765.8984375|212.75||20943.75|211|50765.8984375|7041c1|UBA018|0|2233|-1987.5|||3|3|2|1|1|132|114|["132,98,5,3897","132,114,5,499"]|14:06:05:898
62|1.1|636136525530110800|0|50770.8984375|16.43271668685|97.22030213405|-377151|307018||50770.8984375|211||20775|209.25|50770.8984375|7041c1|UBA018|0|2233|-2006.25|||3|3|2|1|1|132|114|["132,114,5,499"]|14:06:10:898
62|1.1|636136525580025791|0|50775.8984375|16.43535597657|97.21321574844|-377905|307323||50775.8984375|209.5||20625|207.5|50775.8984375|7041c1|UBA018|0|2233|-1987.5|||3|3|2|1|1|132|114|["132,114,5,499"]|14:06:15:898
62|1.1|636136525629950783|0|50780.875|16.43867654636|97.20607571873|-378662|307703||50780.875|207.75||20450|206|50780.875|7041c1|UBA018|0|2233|-1987.5|||3|3|2|1|1|132|114|["132,114,5,499"]|14:06:20:875
62|1.1|636136525679875775|0|50785.875|16.44463104146|97.19864064647|-379447|308376||50785.875|206||20268.75|204.25|50785.875|7041c1|UBA018|0|2233|-2006.25|||3|3|2|1|1|132|114|["132,114,5,499"]|14:06:25:875
62|1.1|636136525729800767|0|50790.859375|16.44902985766|97.19135577769|-380218|308876||50790.859375|204.5||20100|202.5|50790.859375|7041c1|UBA018|0|2233|-1987.5|||3|3|2|1|1|132|114|["132,114,5,499"]|14:06:30:859
62|1.1|636136525779715758|0|50795.859375|16.45515601388|97.18388315456|-381006|309568||50795.859375|202.75||19925|201|50795.859375|7041c1|UBA018|0|2233|-1987.5|||3|3|2|1|1|132|114|["132,114,5,499"]|14:06:35:859
62|1.1|636136525829640750|0|50800.859375|16.46034876276|97.1764480823|-381792|310156||50800.859375|202.75||19762.5|199.25|50800.859375|7041c1|UBA018|0|2233|-1987.5|||3|3|2|1|1|132|114|["132,114,5,499"]|14:06:40:859
62|1.1|636136525879555741|0|50805.8359375|16.46534839288|97.1690988406|-382569|310723||50805.8359375|199.5||19600|197.75|50805.8359375|7041c1|UBA018|0|2233|-1968.75|||3|3|2|1|1|132|114|["132,114,5,499"]|14:06:45:836
62|1.1|636136525929480733|0|50810.8359375|16.47015490424|97.16177642095|-383343|311268||50810.8359375|198||19443.75|196.25|50810.8359375|7041c1|UBA018|0|2233|-1931.25|||3|3|2|1|1|132|114|["132,114,5,499"]|14:06:50:836
62|1.1|636136525979405725|0|50815.8203125|16.47525109374|97.15441108602|-384121|311846||50815.8203125|198||19281.25|194.5|50815.8203125|7041c1|UBA018|0|2233|-1931.25|||3|3|2|1|1|132|114|["132,114,5,499"]|14:06:55:820
62|1.1|636136526029330717|0|50820.8203125|16.47902763838|97.14715303929|-384891|312277||50820.8203125|194.75||19131.25|193|50820.8203125|7041c1|UBA018|0|2233|-1931.25|||3|3|2|1|1|132|114|["132,114,5,499"]|14:07:00:820
62|1.1|636136526079245708|0|50825.8203125|16.48399508204|97.13978770436|-385669|312840||50825.8203125|194.75||18975|191.5|50825.8203125|7041c1|UBA018|0|2233|-1931.25|||3|3|2|1|1|132|114|["132,114,5,499"]|14:07:05:820
62|1.1|636136526129160699|0|50830.796875|16.4879969319|97.13259939496|-386431|313296||50830.796875|191.5||18812.5|189.75|50830.796875|7041c1|UBA018|0|2233|-1931.25|||3|3|2|1|1|132|114|["132,114,5,499"]|14:07:10:797
62|1.1|636136526179085691|0|50835.796875|16.49285172295|97.12526624649|-387205|313847||50835.796875|191.5||18656.25|188.25|50835.796875|7041c1|UBA018|0|2233|-1931.25|||3|3|2|1|1|132|114|[]|14:07:15:797
62|1.1|636136526229020684|0|50840.78125|16.49768505636|97.11799210653|-387974|314395||50840.78125|191.5||18493.75|186.75|50840.78125|7041c1|UBA018|0|2233|-1931.25|||3|3|2|1|1|132|114|[]|14:07:20:781
62|1.1|636136526278925674|0|50845.78125|16.50251838977|97.11068578011|-388747|314944||50845.78125|191.5||18337.5|185|50845.78125|7041c1|UBA018|0|2233|-1931.25|||3|3|2|1|1|132|114|[]|14:07:25:781
