62|1.1|636136510301188060|0|49248.015625|15.00456590578|106.49733039811|618749|153611||49248.015625|380||37875|380|49248.015625|71c049|JJA2701|0|1957|0|||3|3|0|1|1|132|178|["132,178,5,1778","132,162,5"]|13:40:48:016
62|1.1|636136510351123053|0|49253.015625|14.99714156234|106.49044249567|618027|152769||49253.015625|380||37850|380|49253.015625|71c049|JJA2701|0|1957|0|||3|3|0|1|1|132|178|["132,178,5,1778","132,162,5"]|13:40:53:016
62|1.1|636136510401038044|0|49258.015625|14.98914859144|106.4833239236|617281|151864||49258.015625|380||37862.5|380|49258.015625|71c049|JJA2701|0|1957|0|||3|3|0|1|1|132|178|["132,178,5,1778","132,162,5"]|13:40:58:016
62|1.1|636136510450963036|0|49263|14.98150430719|106.47635555501|616552|150998||49263|380||37856.25|380|49263|71c049|JJA2701|0|1957|0|||3|3|0|1|1|132|178|["132,178,5,1778","132,162,5"]|13:41:03:000
62|1.1|636136510500878027|0|49268|14.97375809915|106.46933354232|615816|150120||49268|380||37856.25|380|49268|71c049|JJA2701|0|1957|0|||3|3|0|1|1|132|178|["132,178,5,1778","132,162,5"]|13:41:08:000
62|1.1|636136510550813020|0|49272.9765625|14.96580804353|106.46225252112|615074|149220||49272.9765625|380||37868.75|380|49272.9765625|71c049|JJA2701|0|1957|0|||3|3|0|1|1|132|178|["132,178,5,1778","132,162,5"]|13:41:12:977
62|1.1|636136510600718010|0|49277.9765625|14.95920981923|106.45550409334|614365|148470||49277.9765625|380||37843.75|380|49277.9765625|71c049|JJA2701|0|1957|0|||3|3|0|1|1|132|178|["132,178,5,1778","132,162,5"]|13:41:17:977
62|1.1|636136510650643002|0|49282.9765625|14.95261159493|106.44875030115|613655|147721||49282.9765625|380||37825|380|49282.9765625|71c049|JJA2701|0|1957|0|||3|3|0|1|1|132|178|["132,178,5,1778","132,162,5"]|13:41:22:977
62|1.1|636136510700557993|0|49287.9609375|14.94533209056|106.44181948343|612927|146895||49287.9609375|380||37837.5|380|49287.9609375|71c049|JJA2701|0|1957|0|||3|3|0|1|1|132|178|["132,178,5,1778","132,162,5"]|13:41:27:961
62|1.1|636136510750502987|0|49292.9609375|14.93750005196|106.43468481813|612180|146007||49292.9609375|380||37862.5|380|49292.9609375|71c049|JJA2701|0|1957|0|||3|3|0|1|1|132|178|["132,178,5,1778","132,162,5"]|13:41:32:961
62|1.1|636136510800407977|0|49297.9375|14.93095547176|106.42793639035|611470|145264||49297.9375|380||37837.5|380|49297.9375|71c049|JJA2701|0|1957|0|||3|3|0|1|1|132|178|["132,178,5,1778","132,162,5"]|13:41:37:938
62|1.1|636136510850322968|0|49302.9375|14.92423386603|106.42116114052|610758|144501||49302.9375|380||37825|380|49302.9375|71c049|JJA2701|0|1957|0|||3|3|0|1|1|132|178|["132,178,5,1778","132,162,5"]|13:41:42:938
62|1.1|636136510900277963|0|49307.9375|14.91623016631|106.41410157696|610018|143594||49307.9375|380||37850|380|49307.9375|71c049|JJA2701|0|1957|0|||3|3|0|1|1|132|178|["132,178,5,1778","132,162,5"]|13:41:47:938
62|1.1|636136510950182953|0|49312.921875|14.90910086542|106.40725122539|609299|142786||49312.921875|380||37843.75|380|49312.921875|71c049|JJA2701|0|1957|0|||3|3|0|1|1|132|178|["132,178,5,1778","132,162,5"]|13:41:52:922
62|1.1|636136511000097944|0|49317.921875|14.90258847168|106.4006047214|608600|142047||49317.921875|380||37825|380|49317.921875|71c049|JJA2701|0|1957|0|||3|3|0|1|1|132|178|["132,178,5,1778","132,162,5"]|13:41:57:922
62|1.1|636136511050012935|0|49322.8984375|14.89549135725|106.39386702244|607893|141242||49322.8984375|380||37825|380|49322.8984375|71c049|JJA2701|0|1957|0|||3|3|0|1|1|132|178|["132,178,5,1778","132,162,5"]|13:42:02:898
62|1.1|636136511099937927|0|49327.8984375|14.8870424115|106.38670553509|607143|140286||49327.8984375|380||37862.5|380|49327.8984375|71c049|JJA2701|0|1957|0|||3|3|0|1|1|132|178|["132,178,5,1778","132,162,5"]|13:42:07:898
62|1.1|636136511149852918|0|49332.8984375|14.8784057114|106.37969425122|606411|139310||49332.8984375|380||37893.75|380|49332.8984375|71c049|JJA2701|0|1957|0|||3|3|0|1|1|132|178|["132,178,5,1778","132,162,5"]|13:42:12:898
62|1.1|636136511199777910|0|49337.875|14.86977974012|106.37258640797|605667|138335||49337.875|380||37900|380|49337.875|71c049|JJA2701|0|1957|0|||3|3|0|1|1|132|178|["132,178,5,1778","132,162,5"]|13:42:17:875
62|1.1|636136511249702902|0|49342.875|14.86104111623|106.3654678359|604923|137348||49342.875|380||37943.75|380|49342.875|71c049|JJA2701|0|1957|0|||3|3|0|1|1|132|178|["132,178,5,1778","132,162,5"]|13:42:22:875
62|1.1|636136511299617893|0|49347.875|14.85255461961|106.35832780619|604175|136388||49347.875|380||37950|380|49347.875|71c049|JJA2701|0|1957|0|||3|3|0|1|1|132|178|["132,178,5,1778","132,162,5"]|13:42:27:875
62|1.1|636136511349542885|0|49352.859375|14.84366579224|106.351037573|603413|135384||49352.859375|380||37987.5|380|49352.859375|71c049|JJA2701|0|1957|0|||3|3|0|1|1|132|178|["132,178,5,1778","132,162,5"]|13:42:32:859
62|1.1|636136511399467877|0|49357.859375|14.83561917724|106.34401556031|602677|134473||49357.859375|380||37968.75|380|49357.859375|71c049|JJA2701|0|1957|0|||3|3|0|1|1|132|178|["132,178,5,1778","132,162,5"]|13:42:37:859
62|1.1|636136511449382868|0|49362.8359375|14.82754574019|106.33701500526|601944|133560||49362.8359375|380||37956.25|380|49362.8359375|71c049|JJA2701|0|1957|0|||3|3|0|1|1|132|178|["132,178,5,1778","132,162,5"]|13:42:42:836
62|1.1|636136511499307860|0|49367.8359375|14.8189144045|106.3296872212|601176|132584||49367.8359375|380||37968.75|380|49367.8359375|71c049|JJA2701|0|1957|0|||3|3|0|1|1|132|178|["132,178,5,1778","132,162,5"]|13:42:47:836
62|1.1|636136511549232852|0|49372.8203125|14.81100189975|106.32233261509|600404|131688||49372.8203125|380||37950|380|49372.8203125|71c049|JJA2701|0|1957|0|||3|3|0|1|1|132|178|["132,178,5,1778","132,162,5"]|13:42:52:820
62|1.1|636136511599167845|0|49377.8203125|14.80266560661|106.31496191575|599631|130744||49377.8203125|380||37950|380|49377.8203125|71c049|JJA2701|0|1957|0|||3|3|0|1|1|132|178|["132,178,5,1778","132,162,5"]|13:42:57:820
62|1.1|636136511649072835|0|49382.8203125|14.7964911707|106.30849243729|598950|130043||49382.8203125|380||37875|380|49382.8203125|71c049|JJA2701|0|1957|0|||3|3|0|1|1|132|178|["132,178,5,1778","132,162,5"]|13:43:02:820
62|1.1|636136511698997827|0|49387.796875|14.78865376769|106.30144896696|598211|129156||49387.796875|380||37868.75|380|49387.796875|71c049|JJA2701|0|1957|0|||3|3|0|1|1|132|178|["132,178,5,1778","132,162,5"]|13:43:07:797
62|1.1|636136511748912818|0|49392.796875|14.78164784823|106.29461470862|597492|128362||49392.796875|380||37843.75|380|49392.796875|71c049|JJA2701|0|1957|0|||3|3|0|1|1|132|178|["132,178,5,1778","132,162,5"]|13:43:12:797
62|1.1|636136511798847811|0|49397.78125|14.77282339378|106.28729228897|596725|127364||49397.78125|380||37881.25|380|49397.78125|71c049|JJA2701|0|1957|0|||3|3|0|1|1|132|178|["132,178,5,1778","132,162,5"]|13:43:17:781
62|1.1|636136511848762802|0|49402.78125|14.76422960896|106.27994841168|595956|126393||49402.78125|380||37918.75|380|49402.78125|71c049|JJA2701|0|1957|0|||3|3|0|1|1|132|178|["132,178,5,1778","132,162,5"]|13:43:22:781
62|1.1|636136511898687794|0|49407.78125|14.7563653839|106.27290494135|595217|125503||49407.78125|380||37912.5|380|49407.78125|71c049|JJA2701|0|1957|0|||3|3|0|1|1|132|178|["132,178,5,1778","132,162,5"]|13:43:27:781
62|1.1|636136511948602785|0|49412.7578125|14.74845824356|106.26588292866|594480|124609||49412.7578125|380||37906.25|380|49412.7578125|71c049|JJA2701|0|1957|0|||3|3|0|1|1|132|178|["132,178,5,1778","132,162,5"]|13:43:32:758
62|1.1|636136511998527777|0|49417.7578125|14.74002002663|106.25869998367|593727|123654||49417.7578125|380||37925|380|49417.7578125|71c049|JJA2701|0|1957|0|||3|3|0|1|1|132|178|["132,178,5,1778","132,162,5"]|13:43:37:758
62|1.1|636136512048452769|0|49422.7421875|14.73165691144|106.25155458955|592978|122709||49422.7421875|380||37943.75|380|49422.7421875|71c049|JJA2701|0|1957|0|||3|3|0|1|1|132|178|["132,178,5,1778","132,162,5"]|13:43:42:742
62|1.1|636136512098377761|0|49427.7421875|14.72303630457|106.24427508518|592215|121735||49427.7421875|380||37981.25|380|49427.7421875|71c049|JJA2701|0|1957|0|||3|3|0|1|1|132|178|["132,178,5,1778","132,162,5"]|13:43:47:742
62|1.1|636136512148292752|0|49432.7421875|14.71473219789|106.23711896224|591464|120796||49432.7421875|380||37981.25|380|49432.7421875|71c049|JJA2701|0|1957|0|||3|3|0|1|1|132|178|["132,178,5,1778","132,162,5"]|13:43:52:742
62|1.1|636136512198227745|0|49437.71875|14.70635298947|106.22994674607|590712|119849||49437.71875|380||37987.5|380|49437.71875|71c049|JJA2701|0|1957|0|||3|3|0|1|1|132|178|["132,178,5,1778","132,162,5"]|13:43:57:719
62|1.1|636136512248132735|0|49442.71875|14.69800596751|106.22273697903|589956|118905||49442.71875|380||37993.75|380|49442.71875|71c049|JJA2701|0|1957|0|||3|3|0|1|1|132|178|["132,178,5,1778","132,162,5"]|13:44:02:719
62|1.1|636136512298057727|0|49447.6953125|14.69005591189|106.21552721199|589199|118006||49447.6953125|380||37962.5|380|49447.6953125|71c049|JJA2701|0|1957|0|||3|3|0|1|1|132|178|["132,178,5,1778","132,162,5"]|13:44:07:695
62|1.1|636136512347992720|0|49452.6953125|14.68159087291|106.20811359737|588421|117049||49452.6953125|380||37968.75|380|49452.6953125|71c049|JJA2701|0|1957|0|||3|3|0|1|1|132|178|["132,178,5,1778","132,162,5"]|13:44:12:695
62|1.1|636136512397897710|0|49457.6953125|14.67356035114|106.20091455915|587665|116140||49457.6953125|380||37956.25|380|49457.6953125|71c049|JJA2701|0|1957|0|||3|3|0|1|1|132|178|["132,178,5,1778","132,162,5"]|13:44:17:695
62|1.1|636136512447822702|0|49462.6796875|14.66595898217|106.19398374143|586936|115280||49462.6796875|380||37918.75|380|49462.6796875|71c049|JJA2701|0|1957|0|||3|3|0|1|1|132|178|["132,178,5,1778","132,162,5"]|13:44:22:680
62|1.1|636136512497737693|0|49467.6796875|14.65813230798|106.18697782197|586200|114395||49467.6796875|380||37900|380|49467.6796875|71c049|JJA2701|0|1957|0|||3|3|0|1|1|132|178|["132,178,5,1778","132,162,5"]|13:44:27:680
62|1.1|636136512547672686|0|49472.65625|14.65105665119|106.18033668239|585502|113594||49472.65625|380||37850|380|49472.65625|71c049|JJA2701|0|1957|0|||3|3|0|1|1|132|178|["132,178,5,1778","132,162,5"]|13:44:32:656
62|1.1|636136512597587677|0|49477.65625|14.64279545979|106.1731000933|584742|112660||49477.65625|380||37875|380|49477.65625|71c049|JJA2701|0|1957|0|||3|3|0|1|1|132|178|["132,178,5,1778","132,162,5"]|13:44:37:656
62|1.1|636136512647512669|0|49482.65625|14.63468983628|106.16595469918|583991|111744||49482.65625|380||37887.5|380|49482.65625|71c049|JJA2701|0|1957|0|||3|3|0|1|1|132|178|["132,178,5,1778","132,162,5"]|13:44:42:656
62|1.1|636136512697437661|0|49487.640625|14.62621406848|106.15859472866|583219|110785||49487.640625|380||37925|380|49487.640625|71c049|JJA2701|0|1957|0|||3|3|0|1|1|132|178|["132,178,5,1778","132,162,5"]|13:44:47:641
62|1.1|636136512747352652|0|49492.640625|14.61845713162|106.15163172448|582487|109908||49492.640625|380||37906.25|380|49492.640625|71c049|JJA2701|0|1957|0|||3|3|0|1|1|132|178|["132,178,5,1778","132,162,5"]|13:44:52:641
62|1.1|636136512797267643|0|49497.6171875|14.60999745705|106.14430394042|581717|108952||49497.6171875|380||37943.75|380|49497.6171875|71c049|JJA2701|0|1957|0|||3|3|0|1|1|132|178|["132,178,5,1778","132,162,5"]|13:44:57:617
62|1.1|636136512847192635|0|49502.6171875|14.60163970627|106.13706735133|580958|108008||49502.6171875|380||37962.5|380|49502.6171875|71c049|JJA2701|0|1957|0|||3|3|0|1|1|132|178|["132,178,5,1778","132,162,5"]|13:45:02:617
62|1.1|636136512897127628|0|49507.6171875|14.59326586226|106.12981466901|580196|107061||49507.6171875|380||37981.25|380|49507.6171875|71c049|JJA2701|0|1957|0|||3|3|0|1|1|132|178|["132,178,5,1778","132,162,5"]|13:45:07:617
62|1.1|636136512947042619|0|49512.6015625|14.58492420471|106.12259417315|579438|106119||49512.6015625|380||37993.75|380|49512.6015625|71c049|JJA2701|0|1957|0|||3|3|0|1|1|132|178|["132,178,5,1778","132,162,5"]|13:45:12:602
62|1.1|636136512996957610|0|49517.6015625|14.57651817424|106.11532003319|578674|105169||49517.6015625|380||38012.5|380|49517.6015625|71c049|JJA2701|0|1957|0|||3|3|0|1|1|132|178|["132,178,5,1778","132,162,5"]|13:45:17:602
62|1.1|636136513046872601|0|49522.578125|14.5680745929|106.10802443559|577908|104215||49522.578125|380||38025|380|49522.578125|71c049|JJA2701|0|1957|0|||3|3|0|1|1|132|178|["132,178,5,1778","132,162,5"]|13:45:22:578
62|1.1|636136513096797593|0|49527.578125|14.55962564715|106.10072347358|577141|103261||49527.578125|380||38031.25|380|49527.578125|71c049|JJA2701|0|1957|0|||3|3|0|1|1|132|178|["132,178,5,1778","132,162,5"]|13:45:27:578
62|1.1|636136513146722585|0|49532.578125|14.55129471842|106.09336886747|576368|102319||49532.578125|380||38012.5|380|49532.578125|71c049|JJA2701|0|1957|0|||3|3|0|1|1|132|178|["132,178,5,1778","132,162,5"]|13:45:32:578
62|1.1|636136513196647577|0|49537.5625|14.54353241715|106.08638977006|575634|101442||49537.5625|380||37956.25|380|49537.5625|71c049|JJA2701|0|1957|0|||3|3|0|1|1|132|178|["132,178,5,1778","132,162,5"]|13:45:37:563
62|1.1|636136513246562568|0|49542.5625|14.53523367488|106.07909953687|574868|100504||49542.5625|380||37956.25|380|49542.5625|71c049|JJA2701|0|1957|0|||3|3|0|1|1|132|178|["132,178,5,1778","132,162,5"]|13:45:42:563
62|1.1|636136513296487560|0|49547.5390625|14.52807755194|106.07256568549|574180|99695||49547.5390625|380||37881.25|380|49547.5390625|71c049|JJA2701|0|1957|0|||3|3|0|1|1|132|178|["132,178,5,1778","132,162,5"]|13:45:47:539
62|1.1|636136513346402551|0|49552.5390625|14.51969834352|106.06525399466|573412|98748||49552.5390625|380||37906.25|380|49552.5390625|71c049|JJA2701|0|1957|0|||3|3|0|1|1|132|178|["132,178,5,1778","132,162,5"]|13:45:52:539
62|1.1|636136513396327543|0|49557.5390625|14.51145860976|106.05803886321|572653|97817||49557.5390625|380||37918.75|380|49557.5390625|71c049|JJA2701|0|1957|0|||3|3|0|1|1|132|178|["132,178,5,1778","132,162,5"]|13:45:57:539
62|1.1|636136513446272537|0|49562.515625|14.50313840985|106.0507915453|571891|96877||49562.515625|380||37937.5|380|49562.515625|71c049|JJA2701|0|1957|0|||3|3|0|1|1|132|178|["132,178,5,1778","132,162,5"]|13:46:02:516
62|1.1|636136513496177527|0|49567.515625|14.49562823585|106.04405384634|571183|96028||49567.515625|380||37887.5|380|49567.515625|71c049|JJA2701|0|1957|0|||3|3|0|1|1|132|178|["132,178,5,1778","132,162,5"]|13:46:07:516
62|1.1|636136513546092518|0|49572.5|14.48730803594|106.03679579961|570419|95088||49572.5|380||37912.5|380|49572.5|71c049|JJA2701|0|1957|0|||3|3|0|1|1|132|178|["132,178,5,1778","132,162,5"]|13:46:12:500
62|1.1|636136513596017510|0|49577.5|14.47923459889|106.02969868518|569673|94176||49577.5|380||37912.5|380|49577.5|71c049|JJA2701|0|1957|0|||3|3|0|1|1|132|178|["132,178,5,1778","132,162,5"]|13:46:17:500
62|1.1|636136513645932501|0|49582.5|14.47090903457|106.02243527404|568910|93236||49582.5|380||37937.5|380|49582.5|71c049|JJA2701|0|1957|0|||3|3|0|1|1|132|178|["132,178,5,1778","132,162,5"]|13:46:22:500
62|1.1|636136513695857493|0|49587.4765625|14.4633613097|106.01572976154|568204|92383||49587.4765625|380||37887.5|380|49587.4765625|71c049|JJA2701|0|1957|0|||3|3|0|1|1|132|178|["132,178,5,1778","132,162,5"]|13:46:27:477
62|1.1|636136513745782485|0|49592.4765625|14.45619445794|106.00929783395|567527|91573||49592.4765625|380||37818.75|380|49592.4765625|71c049|JJA2701|0|1957|0|||3|3|0|1|1|132|178|["132,178,5,1778","132,162,5"]|13:46:32:477
62|1.1|636136513795707477|0|49597.4609375|14.44762749517|106.00185203287|566744|90605||49597.4609375|380||37893.75|380|49597.4609375|71c049|JJA2701|0|1957|0|||3|3|0|1|1|132|178|["132,178,5,1778","132,162,5"]|13:46:37:461
62|1.1|636136513845622468|0|49602.4609375|14.43940921905|105.99466372347|565988|89677||49602.4609375|380||37918.75|380|49602.4609375|71c049|JJA2701|0|1957|0|||3|3|0|1|1|132|178|["132,178,5,1778","132,162,5"]|13:46:42:461
62|1.1|636136513895547460|0|49607.4609375|14.43075642572|105.98715354947|565198|88700||49607.4609375|380||37981.25|380|49607.4609375|71c049|JJA2701|0|1957|0|||3|3|0|1|1|132|178|["132,178,5,1778","132,162,5"]|13:46:47:461
62|1.1|636136513945472452|0|49612.4375|14.42251669196|105.97994914684|564440|87770||49612.4375|380||37993.75|380|49612.4375|71c049|JJA2701|0|1957|0|||3|3|0|1|1|132|178|["132,178,5,1778","132,162,5"]|13:46:52:438
62|1.1|636136513995387443|0|49617.4375|14.41399264447|105.97251407458|563658|86807||49617.4375|380||38025|380|49617.4375|71c049|JJA2701|0|1957|0|||3|3|0|1|1|132|178|["132,178,5,1778","132,162,5"]|13:46:57:438
62|1.1|636136514045312435|0|49622.421875|14.40587629214|105.96542768897|562912|85891||49622.421875|380||38012.5|380|49622.421875|71c049|JJA2701|0|1957|0|||3|3|0|1|1|132|178|["132,178,5,1778","132,162,5"]|13:47:02:422
62|1.1|636136514095227426|0|49627.421875|14.39738443111|105.95801407435|562132|84931||49627.421875|380||38031.25|380|49627.421875|71c049|JJA2701|0|1957|0|||3|3|0|1|1|132|178|["132,178,5,1778","132,162,5"]|13:47:07:422
62|1.1|636136514145152418|0|49632.421875|14.389493384|105.95108862104|561403|84040||49632.421875|380||37981.25|380|49632.421875|71c049|JJA2701|0|1957|0|||3|3|0|1|1|132|178|["132,178,5,1778","132,162,5"]|13:47:12:422
62|1.1|636136514195077410|0|49637.3984375|14.38132875198|105.94395395574|560652|83119||49637.3984375|380||37975|380|49637.3984375|71c049|JJA2701|0|1957|0|||3|3|0|1|1|132|178|["132,178,5,1778","132,162,5"]|13:47:17:398
62|1.1|636136514244992401|0|49642.3984375|14.37337333195|105.93698022274|559918|82220||49642.3984375|380||37950|380|49642.3984375|71c049|JJA2701|0|1957|0|||3|3|0|1|1|132|178|["132,178,5,1778","132,162,5"]|13:47:22:398
62|1.1|636136514294767378|0|49647.375|14.36482782682|105.92953442166|559134|81256||49647.375|380||37987.5|380|49647.375|71c049|JJA2701|0|1957|0|||3|3|0|1|1|132|178|["132,178,5,1778","132,162,5"]|13:47:27:375
62|1.1|636136514344682369|0|49652.375|14.35729619518|105.92296301941|558443|80405||49652.375|380||37906.25|380|49652.375|71c049|JJA2701|0|1957|0|||3|3|0|1|1|132|178|["132,178,5,1778","132,162,5"]|13:47:32:375
62|1.1|636136514394607361|0|49657.375|14.3494748854|105.9161448543|557725|79522||49657.375|380||37881.25|380|49657.375|71c049|JJA2701|0|1957|0|||3|3|0|1|1|132|178|["132,178,5,1778","132,162,5"]|13:47:37:375
62|1.1|636136514444552355|0|49662.359375|14.34091865145|105.90865613794|556936|78556||49662.359375|380||37943.75|380|49662.359375|71c049|JJA2701|0|1957|0|||3|3|0|1|1|132|178|["132,178,5,1778","132,162,5"]|13:47:42:359
62|1.1|636136514494447344|0|49667.359375|14.33256626508|105.90138736239|556171|77613||49667.359375|380||37975|380|49667.359375|71c049|JJA2701|0|1957|0|||3|3|0|1|1|132|178|["132,178,5,1778","132,162,5"]|13:47:47:359
62|1.1|636136514544372336|0|49672.3359375|14.32396711585|105.89385036634|555378|76642||49672.3359375|380||38025|380|49672.3359375|71c049|JJA2701|0|1957|0|||3|3|0|1|1|132|178|["132,178,5,1778","132,162,5"]|13:47:52:336
62|1.1|636136514594297328|0|49677.3359375|14.31563082271|105.88659768402|554614|75702||49677.3359375|380||38031.25|380|49677.3359375|71c049|JJA2701|0|1957|0|||3|3|0|1|1|132|178|["132,178,5,1778","132,162,5"]|13:47:57:336
62|1.1|636136514644222320|0|49682.3359375|14.3070960464|105.87910360325|553825|74738||49682.3359375|380||38056.25|380|49682.3359375|71c049|JJA2701|0|1957|0|||3|3|0|1|1|132|178|["132,178,5,1778","132,162,5"]|13:48:02:336
62|1.1|636136514694157313|0|49687.3203125|14.29879730413|105.87186701416|553062|73801||49687.3203125|380||38050|380|49687.3203125|71c049|JJA2701|0|1957|0|||3|3|0|1|1|132|178|["132,178,5,1778","132,162,5"]|13:48:07:320
62|1.1|636136514744062303|0|49692.3203125|14.29031080751|105.86442657749|552279|72844||49692.3203125|380||38062.5|380|49692.3203125|71c049|JJA2701|0|1957|0|||3|3|0|1|1|132|178|["132,178,5,1778","132,162,5"]|13:48:12:320
62|1.1|636136514793987295|0|49697.296875|14.28195842114|105.85710415784|551507|71901||49697.296875|380||38056.25|380|49697.296875|71c049|JJA2701|0|1957|0|||3|3|0|1|1|132|178|["132,178,5,1778","132,162,5"]|13:48:17:297
62|1.1|636136514843902286|0|49702.296875|14.2735148398|105.84970127204|550727|70948||49702.296875|380||38062.5|380|49702.296875|71c049|JJA2701|0|1957|0|||3|3|0|1|1|132|178|["132,178,5,1778","132,162,5"]|13:48:22:297
62|1.1|636136514893847280|0|49707.296875|14.26551650449|105.84274899668|549995|70046||49707.296875|380||38000|380|49707.296875|71c049|JJA2701|0|1957|0|||3|3|0|1|1|132|178|["132,178,5,1778","132,162,5"]|13:48:27:297
62|1.1|636136514943762271|0|49712.28125|14.25708901638|105.83534611088|549215|69094||49712.28125|380||38018.75|380|49712.28125|71c049|JJA2701|0|1957|0|||3|3|0|1|1|132|178|["132,178,5,1778","132,162,5"]|13:48:32:281
62|1.1|636136514993677262|0|49717.28125|14.24880636734|105.82809879297|548451|68159||49717.28125|380||38006.25|380|49717.28125|71c049|JJA2701|0|1957|0|||3|3|0|1|1|132|178|["132,178,5,1778","132,162,5"]|13:48:37:281
62|1.1|636136515043602254|0|49722.2578125|14.2411138034|105.82147911103|547754|67292||49722.2578125|380||37931.25|380|49722.2578125|71c049|JJA2701|0|1957|0|||3|3|0|1|1|132|178|["132,178,5,1778","132,162,5"]|13:48:42:258
62|1.1|636136515093517245|0|49727.2578125|14.2326380356|105.8140064879|546966|66335||49727.2578125|380||37968.75|380|49727.2578125|71c049|JJA2701|0|1957|0|||3|3|0|1|1|132|178|["132,178,5,1778","132,162,5"]|13:48:47:258
62|1.1|636136515143442237|0|49732.2578125|14.22438220861|105.80679672086|546206|65403||49732.2578125|380||37968.75|380|49732.2578125|71c049|JJA2701|0|1957|0|||3|3|0|1|1|132|178|["132,178,5,1778","132,162,5"]|13:48:52:258
62|1.1|636136515193357228|0|49737.2421875|14.21601372901|105.79942602152|545429|64459||49737.2421875|380||38000|380|49737.2421875|71c049|JJA2701|0|1957|0|||3|3|0|1|1|132|178|["132,178,5,1778","132,162,5"]|13:48:57:242
62|1.1|636136515243282220|0|49742.2421875|14.20748968152|105.79191048311|544637|63497||49742.2421875|380||38031.25|380|49742.2421875|71c049|JJA2701|0|1957|0|||3|3|0|1|1|132|178|["132,178,5,1778","132,162,5"]|13:49:02:242
62|1.1|636136515293217213|0|49747.21875|14.19917484602|105.78458269905|543864|62559||49747.21875|380||38037.5|380|49747.21875|71c049|JJA2701|0|1957|0|||3|3|0|1|1|132|178|["132,178,5,1778","132,162,5"]|13:49:07:219
62|1.1|636136515343122203|0|49752.21875|14.19079027319|105.77722272853|543088|61613||49752.21875|380||38037.5|380|49752.21875|71c049|JJA2701|0|1957|0|||3|3|0|1|1|132|178|["132,178,5,1778","132,162,5"]|13:49:12:219
62|1.1|636136515393047195|0|49757.21875|14.18238424272|105.76978229186|542303|60664||49757.21875|380||38043.75|380|49757.21875|71c049|JJA2701|0|1957|0|||3|3|0|1|1|132|178|["132,178,5,1778","132,162,5"]|13:49:17:219
62|1.1|636136515442972187|0|49762.1953125|14.17417669542|105.76266371979|541553|59739||49762.1953125|380||38043.75|380|49762.1953125|71c049|JJA2701|0|1957|0|||3|3|0|1|1|132|162|["132,178,5,1778","132,162,5"]|13:49:22:195
62|1.1|636136515492887178|0|49767.1953125|14.16570092762|105.75513208815|540758|58782||49767.1953125|380||38056.25|380|49767.1953125|71c049|JJA2701|0|1957|0|||3|3|0|1|1|132|162|["132,178,5,1778","132,162,5"]|13:49:27:195
62|1.1|636136515542802169|0|49772.1796875|14.15736999889|105.74777748204|539982|57842||49772.1796875|380||38050|377.25|49772.1796875|71c049|JJA2701|0|1957|0|||3|3|0|1|1|132|162|["132,178,5,1778","132,162,5"]|13:49:32:180
62|1.1|636136515592727161|0|49777.1796875|14.14900151929|105.74036386742|539200|56898||49777.1796875|380||38056.25|377.25|49777.1796875|71c049|JJA2701|0|1957|0|||3|3|0|1|1|132|162|["132,178,5,1778","132,162,5"]|13:49:37:180
62|1.1|636136515642652153|0|49782.1796875|14.14061694646|105.73294488839|538417|55952||49782.1796875|380||38043.75|377.25|49782.1796875|71c049|JJA2701|0|1957|0|||3|3|0|1|1|132|162|["132,178,5,1778","132,162,5"]|13:49:42:180
62|1.1|636136515692567144|0|49787.15625|14.13230747537|105.72562783315|537645|55015||49787.15625|380||38025|377.25|49787.15625|71c049|JJA2701|0|1957|0|||3|3|0|1|1|132|162|["132,178,5,1778","132,162,5"]|13:49:47:156
62|1.1|636136515742492136|0|49792.15625|14.12394972459|105.71818739648|536860|54072||49792.15625|380||38031.25|377.25|49792.15625|71c049|JJA2701|0|1957|0|||3|3|0|1|1|132|162|["132,178,5,1778","132,162,5"]|13:49:52:156
62|1.1|636136515792417128|0|49797.140625|14.11572608406|105.7109561718|536097|53144||49797.140625|380||38006.25|377.25|49797.140625|71c049|JJA2701|0|1957|0|||3|3|0|1|1|132|162|["132,178,5,1778","132,162,5"]|13:49:57:141
62|1.1|636136515842342120|0|49802.140625|14.10736833328|105.70352109954|535312|52201||49802.140625|380||38018.75|377.25|49802.140625|71c049|JJA2701|0|1957|0|||3|3|0|1|1|132|162|["132,178,5,1778","132,162,5"]|13:50:02:141
62|1.1|636136515892257111|0|49807.140625|14.09912323511|105.69628987486|534549|51271||49807.140625|380||37993.75|377.25|49807.140625|71c049|JJA2701|0|1957|0|||3|3|0|1|1|132|162|["132,178,5,1778","132,162,5"]|13:50:07:141
62|1.1|636136515942182103|0|49812.1171875|14.09088350135|105.68902109931|533782|50342||49812.1171875|380||37993.75|377.25|49812.1171875|71c049|JJA2701|0|1957|0|||3|3|0|1|1|132|162|["132,178,5,1778","132,162,5"]|13:50:12:117
62|1.1|636136515992117096|0|49817.1171875|14.08272959815|105.68194544252|533035|49423||49817.1171875|380||37962.5|377.25|49817.1171875|71c049|JJA2701|0|1957|0|||3|3|0|1|1|132|162|["132,178,5,1778","132,162,5"]|13:50:17:117
62|1.1|636136516042022086|0|49822.1015625|14.07445231352|105.67464448051|532264|48489||49822.1015625|380||37975|377.25|49822.1015625|71c049|JJA2701|0|1957|0|||3|3|0|1|1|132|162|["132,178,5,1778","132,162,5"]|13:50:22:102
62|1.1|636136516091957079|0|49827.1015625|14.06620185094|105.66743471347|531503|47559||49827.1015625|380||37968.75|377.25|49827.1015625|71c049|JJA2701|0|1957|0|||3|3|0|1|1|132|162|["132,178,5,1778","132,162,5"]|13:50:27:102
62|1.1|636136516141872070|0|49832.1015625|14.05790310867|105.66016593792|530736|46623||49832.1015625|380||37975|377.25|49832.1015625|71c049|JJA2701|0|1957|0|||3|3|0|1|1|132|162|["132,178,5,1778","132,162,5"]|13:50:32:102
62|1.1|636136516191787061|0|49837.078125|14.04979212075|105.65315465405|529996|45709||49837.078125|380||37950|377.25|49837.078125|71c049|JJA2701|0|1957|0|||3|3|0|1|1|132|162|["132,178,5,1778","132,162,5"]|13:50:37:078
62|1.1|636136516241712053|0|49842.078125|14.04143973438|105.64578931912|529218|44767||49842.078125|380||37981.25|377.25|49842.078125|71c049|JJA2701|0|1957|0|||3|3|0|1|1|132|162|["132,178,5,1778","132,162,5"]|13:50:42:078
62|1.1|636136516291627044|0|49847.0625|14.03333947528|105.63881558612|528482|43854||49847.0625|380||37956.25|377.25|49847.0625|71c049|JJA2701|0|1957|0|||3|3|0|1|1|132|162|["132,178,5,1778","132,162,5"]|13:50:47:063
62|1.1|636136516341562037|0|49852.0625|14.02512119916|105.63174529374|527736|42928||49852.0625|380||37950|377.25|49852.0625|71c049|JJA2701|0|1957|0|||3|3|0|1|1|132|162|["132,178,5,1778","132,162,5"]|13:50:52:063
62|1.1|636136516391467027|0|49857.0625|14.01681172807|105.62446578937|526967|41991||49857.0625|380||37981.25|380|49857.0625|71c049|JJA2701|0|1957|0|||3|3|0|1|1|132|162|["132,178,5,1778","132,162,5"]|13:50:57:063
62|1.1|636136516441392019|0|49862.0390625|14.00866855369|105.61745986991|526228|41073||49862.0390625|380||37968.75|380|49862.0390625|71c049|JJA2701|0|1957|0|||3|3|0|1|1|132|162|["132,178,5,1778","132,162,5"]|13:51:02:039
62|1.1|636136516491317011|0|49867.0390625|14.00033226055|105.61014281467|525455|40133||49867.0390625|380||37993.75|380|49867.0390625|71c049|JJA2701|0|1957|0|||3|3|0|1|1|132|162|["132,178,5,1778","132,162,5"]|13:51:07:039
62|1.1|636136516541232002|0|49872.015625|13.9920442471|105.60291158999|524691|39199||49872.015625|380||38000|380|49872.015625|71c049|JJA2701|0|1957|0|||3|3|0|1|1|132|162|["132,178,5,1778","132,162,5"]|13:51:12:016
62|1.1|636136516591156994|0|49877.015625|13.98371331837|105.59557844152|523916|38260||49877.015625|380||38012.5|380|49877.015625|71c049|JJA2701|0|1957|0|||3|3|0|1|1|132|162|["132,178,5,1778","132,162,5"]|13:51:17:016
62|1.1|636136516641081986|0|49882.015625|13.97555941517|105.58859934411|523179|37341||49882.015625|380||37975|380|49882.015625|71c049|JJA2701|0|1957|0|||3|3|0|1|1|132|162|["132,178,5,1778","132,162,5"]|13:51:22:016
62|1.1|636136516691006978|0|49887|13.96727140172|105.58133056856|522411|36407||49887|380||37987.5|380|49887|71c049|JJA2701|0|1957|0|||3|3|0|1|1|132|162|["132,178,5,1778","132,162,5"]|13:51:27:000
62|1.1|636136516740931970|0|49892|13.95906385442|105.57423345413|521662|35482||49892|380||37975|380|49892|71c049|JJA2701|0|1957|0|||3|3|0|1|1|132|162|["132,178,5,1778","132,162,5"]|13:51:32:000
62|1.1|636136516790846961|0|49896.9765625|13.95079729861|105.56696467858|520894|34550||49896.9765625|380||37987.5|380|49896.9765625|71c049|JJA2701|0|1957|0|||3|3|0|1|1|132|162|["132,178,5,1778","132,162,5"]|13:51:36:977
62|1.1|636136516840761952|0|49901.9765625|13.94280432771|105.56020015757|520179|33650||49901.9765625|380||37925|380|49901.9765625|71c049|JJA2701|0|1957|0|||3|3|0|1|1|132|162|["132,178,5,1778","132,162,5"]|13:51:41:977
62|1.1|636136516890706946|0|49906.9765625|13.93456995836|105.55301184817|519420|32722||49906.9765625|380||37931.25|380|49906.9765625|71c049|JJA2701|0|1957|0|||3|3|0|1|1|132|162|["132,178,5,1778","132,162,5"]|13:51:46:977
62|1.1|636136516940611936|0|49911.9609375|13.92653943659|105.54609175927|518689|31817||49911.9609375|380||37906.25|380|49911.9609375|71c049|JJA2701|0|1957|0|||3|3|0|1|1|132|162|["132,178,5,1778","132,162,5"]|13:51:51:961
62|1.1|636136516990526927|0|49916.9609375|13.91835334693|105.53898928043|517938|30895||49916.9609375|380||37906.25|380|49916.9609375|71c049|JJA2701|0|1957|0|||3|3|0|1|1|132|162|["132,178,5,1778","132,162,5"]|13:51:56:961
62|1.1|636136517040451919|0|49921.9375|13.91025845224|105.53196726774|517196|29983||49921.9375|380||37918.75|380|49921.9375|71c049|JJA2701|0|1957|0|||3|3|0|1|1|132|162|["132,178,5,1778","132,162,5"]|13:52:01:938
62|1.1|636136517090386912|0|49926.9375|13.90223329488|105.52510618735|516471|29079||49926.9375|380||37893.75|380|49926.9375|71c049|JJA2701|0|1957|0|||3|3|0|1|1|132|162|["132,178,5,1778","132,162,5"]|13:52:06:938
62|1.1|636136517140301903|0|49931.9375|13.89411157814|105.51804662379|515725|28164||49931.9375|380||37906.25|380|49931.9375|71c049|JJA2701|0|1957|0|||3|3|0|1|1|132|162|["132,178,5,1778","132,162,5"]|13:52:11:938
62|1.1|636136517190226895|0|49936.921875|13.8860435055|105.51104070433|514984|27254||49936.921875|380||37893.75|380|49936.921875|71c049|JJA2701|0|1957|0|||3|3|0|1|1|132|162|["132,178,5,1778","132,162,5"]|13:52:16:922
62|1.1|636136517240141886|0|49941.921875|13.87776085646|105.50366464058|514204|26321||49941.921875|380||37925|380|49941.921875|71c049|JJA2701|0|1957|0|||3|3|0|1|1|132|178|["132,178,5,1778","132,162,5"]|13:52:21:922
62|1.1|636136517290056877|0|49946.8984375|13.87007902134|105.49744192498|513547|25457||49946.8984375|380||37837.5|380|49946.8984375|71c049|JJA2701|0|1957|0|||3|3|0|1|1|132|162|["132,178,5,1778","132,162,5"]|13:52:26:898
62|1.1|636136517339981869|0|49951.8984375|13.86190902491|105.49023215794|512784|24536||49951.8984375|380||37875|380|49951.8984375|71c049|JJA2701|0|1957|0|||3|3|0|1|1|132|162|["132,178,5,1778","132,162,5"]|13:52:31:898
62|1.1|636136517389906861|0|49956.8984375|13.85369074879|105.48293656034|512013|23610||49956.8984375|380||37893.75|380|49956.8984375|71c049|JJA2701|0|1957|0|||3|3|0|1|1|132|178|["132,178,5,1778","132,162,5"]|13:52:36:898
62|1.1|636136517439831853|0|49961.875|13.84570850671|105.47606475113|511286|22711||49961.875|380||37893.75|380|49961.875|71c049|JJA2701|0|1957|0|||3|3|0|1|1|132|178|["132,178,5,1778","132,162,5"]|13:52:41:875
62|1.1|636136517489746844|0|49966.875|13.83756533233|105.46895154347|510534|21794||49966.875|380||37918.75|380|49966.875|71c049|JJA2701|0|1957|0|||3|3|0|1|1|132|178|["132,178,5,1778","132,162,5"]|13:52:46:875
62|1.1|636136517539671836|0|49971.859375|13.82986203957|105.46271809905|509876|20927||49971.859375|380||37831.25|380|49971.859375|71c049|JJA2701|0|1957|0|||3|3|0|1|1|132|178|["132,178,5,1778","132,162,5"]|13:52:51:859
62|1.1|636136517589586827|0|49976.859375|13.82175641606|105.45562098462|509125|20014||49976.859375|380||37875|380|49976.859375|71c049|JJA2701|0|1957|0|||3|3|0|1|1|132|178|["132,178,5,1778","132,162,5"]|13:52:56:859
62|1.1|636136517639511819|0|49981.859375|13.81375808075|105.4486901669|508392|19113||49981.859375|380||37887.5|380|49981.859375|71c049|JJA2701|0|1957|0|||3|3|0|1|1|132|178|["132,178,5,1778","132,162,5"]|13:53:01:859
62|1.1|636136517689426810|0|49986.8359375|13.80612988973|105.44268739211|507758|18255||49986.8359375|380||37793.75|380|49986.8359375|71c049|JJA2701|0|1957|0|||3|3|0|1|1|132|178|["132,178,5,1778","132,162,5"]|13:53:06:836
62|1.1|636136517739351802|0|49991.8359375|13.7979062492|105.43515576047|506961|17328||49991.8359375|380||37893.75|380|49991.8359375|71c049|JJA2701|0|1957|0|||3|3|0|1|1|132|178|["132,178,5,1778","132,162,5"]|13:53:11:836
62|1.1|636136517789276794|0|49996.8203125|13.79013321911|105.42844488356|506251|16453||49996.8203125|380||37881.25|380|49996.8203125|71c049|JJA2701|0|1957|0|||3|3|0|1|1|132|178|["132,178,5,1778","132,162,5"]|13:53:16:820
62|1.1|636136517839191785|0|50001.8203125|13.78263913834|105.42150333702|505515|15608||50001.8203125|380||37843.75|380|50001.8203125|71c049|JJA2701|0|1957|0|||3|3|0|1|1|132|178|["132,178,5,1778","132,162,5"]|13:53:21:820
62|1.1|636136517889116777|0|50006.8203125|13.77534890515|105.41469053632|504793|14786||50006.8203125|380||37793.75|380|50006.8203125|71c049|JJA2701|0|1957|0|||3|3|0|1|1|132|178|["132,178,5,1778","132,162,5"]|13:53:26:820
62|1.1|636136517939041769|0|50011.796875|13.76808549401|105.40687459095|503962|13965||50011.796875|380||37850|380|50011.796875|71c049|JJA2701|0|1957|0|||3|3|0|1|1|132|178|["132,178,5,1778","132,162,5"]|13:53:31:797
62|1.1|636136517988956760|0|50016.796875|13.76132633741|105.39993304441|503225|13202||50016.796875|380||37793.75|380|50016.796875|71c049|JJA2701|0|1957|0|||3|3|0|1|1|132|178|["132,178,5,1778","132,162,5"]|13:53:36:797
62|1.1|636136518038881752|0|50021.78125|13.75410047714|105.39245505687|502431|12386||50021.78125|380||37831.25|380|50021.78125|71c049|JJA2701|0|1957|0|||3|3|0|1|1|132|178|["132,178,5,1778","132,162,5"]|13:53:41:781
62|1.1|636136518088806744|0|50026.78125|13.74727158321|105.38564762058|501708|11615||50026.78125|380||37812.5|380|50026.78125|71c049|JJA2701|0|1957|0|||3|3|0|1|1|132|178|["132,178,5,1778","132,162,5"]|13:53:46:781
62|1.1|636136518138731736|0|50031.78125|13.73976677362|105.3777190226|500865|10767||50031.78125|380||37893.75|380|50031.78125|71c049|JJA2701|0|1957|0|||3|3|0|1|1|132|178|["132,178,5,1778","132,162,5"]|13:53:51:781
62|1.1|636136518188656728|0|50036.7578125|13.73242826074|105.36988161959|500032|9938||50036.7578125|380||37956.25|380|50036.7578125|71c049|JJA2701|0|1957|0|||3|3|0|1|1|132|178|["132,178,5,1778","132,162,5"]|13:53:56:758
62|1.1|636136518238571719|0|50041.7578125|13.72470351034|105.3616257926|499154|9065||50041.7578125|380||38025|380|50041.7578125|71c049|JJA2701|0|1957|0|||3|3|0|1|1|132|178|["132,178,5,1778","132,162,5"]|13:54:01:758
62|1.1|636136518288496711|0|50046.7421875|13.71741864156|105.35402978804|498347|8242||50046.7421875|380||38031.25|380|50046.7421875|71c049|JJA2701|0|1957|0|||3|3|0|1|1|132|178|["132,178,5,1778","132,162,5"]|13:54:06:742
62|1.1|636136518338411702|0|50051.7421875|13.71016595924|105.34592952894|497485|7422||50051.7421875|380||38043.75|380|50051.7421875|71c049|JJA2701|0|1957|0|||3|3|0|1|1|132|178|["132,178,5,1778","132,162,5"]|13:54:11:742
62|1.1|636136518388336694|0|50056.7421875|13.70257531909|105.33817795649|496661|6565||50056.7421875|380||38043.75|380|50056.7421875|71c049|JJA2701|0|1957|0|||3|3|0|1|1|132|178|["132,178,5,1778","132,162,5"]|13:54:16:742
62|1.1|636136518438251685|0|50061.71875|13.69524217062|105.33016889236|495809|5736||50061.71875|380||38050|380|50061.71875|71c049|JJA2701|0|1957|0|||3|3|0|1|1|132|178|["132,178,5,1778","132,162,5"]|13:54:21:719
62|1.1|636136518488176677|0|50066.71875|13.68767835252|105.32240659109|494984|4882||50066.71875|380||38050|380|50066.71875|71c049|JJA2701|0|1957|0|||3|3|0|1|1|132|178|["132,178,5,1778","132,162,5"]|13:54:26:719
62|1.1|636136518538101669|0|50071.6953125|13.68032374641|105.31448335752|494141|4051||50071.6953125|380||38037.5|380|50071.6953125|71c049|JJA2701|0|1957|0|||3|3|0|1|1|132|178|["132,178,5,1778","132,162,5"]|13:54:31:695
62|1.1|636136518588016660|0|50076.6953125|13.67277065713|105.30660840364|493304|3198||50076.6953125|380||38043.75|380|50076.6953125|71c049|JJA2701|0|1957|0|||3|3|0|1|1|132|178|["132,178,5,1778","132,162,5"]|13:54:36:695
62|1.1|636136518637941652|0|50081.6953125|13.66541068661|105.29878172945|492471|2367||50081.6953125|380||38018.75|380|50081.6953125|71c049|JJA2701|0|1957|0|||3|3|0|1|1|132|178|["132,178,5,1778","132,162,5"]|13:54:41:695
62|1.1|636136518687866644|0|50086.6796875|13.65785223292|105.291030157|491647|1514||50086.6796875|380||38018.75|380|50086.6796875|71c049|JJA2701|0|1957|0|||3|3|0|1|1|132|178|["132,178,5,1778","132,162,5"]|13:54:46:680
62|1.1|636136518737791636|0|50091.6796875|13.6503849742|105.2830908302|490803|671||50091.6796875|380||38012.5|380|50091.6796875|71c049|JJA2701|0|1957|0|||3|3|0|1|1|132|178|["132,178,5,1778","132,162,5"]|13:54:51:680
62|1.1|636136518784596316|0|50096.359375|13.64335223269|105.27589715639|490038|-123||50096.359375|380||37993.75|380|50096.359375|71c049|JJA2701|0|1957|0|||3|3|0|1|1|132|178|["132,178,5,1778","132,162,5"]|13:54:56:359
62|1.1|636136518834511307|0|50101.3359375|13.63593861807|105.26808657543|489207|-960||50101.3359375|380||37987.5|380|50101.3359375|71c049|JJA2701|0|1957|0|||3|3|0|1|1|132|178|["132,178,5,1778","132,162,5"]|13:55:01:336
62|1.1|636136518884446300|0|50106.3359375|13.62841235084|105.26044765559|488395|-1809||50106.3359375|380||37981.25|380|50106.3359375|71c049|JJA2701|0|1957|0|||3|3|0|1|1|132|178|["132,178,5,1778","132,162,5"]|13:55:06:336
62|1.1|636136518934371292|0|50111.3359375|13.62101482945|105.25271754078|487573|-2644||50111.3359375|380||37968.75|380|50111.3359375|71c049|JJA2701|0|1957|0|||3|3|0|1|1|132|178|["132,178,5,1778","132,162,5"]|13:55:11:336
62|1.1|636136518984286283|0|50116.3203125|13.6136387657|105.24498742597|486750|-3477||50116.3203125|380||37962.5|380|50116.3203125|71c049|JJA2701|0|1957|0|||3|3|0|1|1|132|178|["132,178,5,1778","132,162,5"]|13:55:16:320
62|1.1|636136519034201274|0|50121.3203125|13.60610713406|105.23721439588|485924|-4327||50121.3203125|380||37968.75|380|50121.3203125|71c049|JJA2701|0|1957|0|||3|3|0|1|1|132|178|["132,178,5,1778","132,162,5"]|13:55:21:320
62|1.1|636136519084136267|0|50126.296875|13.59843602776|105.22942527256|485096|-5192||50126.296875|380||38006.25|380|50126.296875|71c049|JJA2701|0|1957|0|||3|3|0|1|1|132|178|["132,178,5,1778","132,162,5"]|13:55:26:297
62|1.1|636136519134211274|0|50131.296875|13.59114579457|105.22265002273|484376|-6013||50131.296875|380||37968.75|380|50131.296875|71c049|JJA2701|0|1957|0|||3|3|0|1|1|132|178|["132,178,5,1778","132,162,5"]|13:55:31:297
62|1.1|636136519183996252|0|50136.296875|13.58372145113|105.21482871295|483544|-6851||50136.296875|380||37968.75|380|50136.296875|71c049|JJA2701|0|1957|0|||3|3|0|1|1|132|178|["132,178,5,1778","132,162,5"]|13:55:36:297
62|1.1|636136519233891241|0|50141.28125|13.57627028564|105.2070234964|482713|-7692||50141.28125|380||37981.25|380|50141.28125|71c049|JJA2701|0|1957|0|||3|3|0|1|1|132|178|["132,178,5,1778","132,162,5"]|13:55:41:281
62|1.1|636136519283826234|0|50146.28125|13.56892104394|105.19945431389|481908|-8521||50146.28125|380||37956.25|380|50146.28125|71c049|JJA2701|0|1957|0|||3|3|0|1|1|132|178|["132,178,5,1778","132,162,5"]|13:55:46:281
62|1.1|636136519333731224|0|50151.2578125|13.56145914963|105.1916276397|481075|-9364||50151.2578125|380||37975|380|50151.2578125|71c049|JJA2701|0|1957|0|||3|3|0|1|1|132|178|["132,178,5,1778","132,162,5"]|13:55:51:258
62|1.1|636136519383656216|0|50156.2578125|13.55399725532|105.18374732141|480236|-10206||50156.2578125|380||37975|380|50156.2578125|71c049|JJA2701|0|1957|0|||3|3|0|1|1|132|178|["132,178,5,1778","132,162,5"]|13:55:56:258
62|1.1|636136519433581208|0|50161.2578125|13.54649781014|105.17590455399|479401|-11052||50161.2578125|380||37987.5|380|50161.2578125|71c049|JJA2701|0|1957|0|||3|3|0|1|1|132|178|["132,178,5,1778","132,162,5"]|13:56:01:258
62|1.1|636136519483496199|0|50166.2421875|13.5390198226|105.16799741365|478559|-11896||50166.2421875|380||37993.75|380|50166.2421875|71c049|JJA2701|0|1957|0|||3|3|0|1|1|132|178|["132,178,5,1778","132,162,5"]|13:56:06:242
62|1.1|636136519533421191|0|50171.2421875|13.53154719947|105.1602458412|477734|-12739||50171.2421875|380||37993.75|380|50171.2421875|71c049|JJA2701|0|1957|0|||3|3|0|1|1|132|178|["132,178,5,1778","132,162,5"]|13:56:11:242
62|1.1|636136519583346183|0|50176.21875|13.52416577131|105.1525747349|476917|-13572||50176.21875|380||37981.25|380|50176.21875|71c049|JJA2701|0|1957|0|||3|3|0|1|1|132|178|["132,178,5,1778","132,162,5"]|13:56:16:219
62|1.1|636136519633261174|0|50181.21875|13.5166502329|105.14467295897|476076|-14420||50181.21875|380||37987.5|380|50181.21875|71c049|JJA2701|0|1957|0|||3|3|0|1|1|132|178|["132,178,5,1778","132,162,5"]|13:56:21:219
62|1.1|636136519683176165|0|50186.21875|13.50920443182|105.13706622559|475267|-15259||50186.21875|380||37975|380|50186.21875|71c049|JJA2701|0|1957|0|||3|3|0|1|1|132|178|["132,178,5,1778","132,162,5"]|13:56:26:219
62|1.1|636136519733111158|0|50191.1953125|13.50185519012|105.12955605159|474467|-16088||50191.1953125|380||37962.5|380|50191.1953125|71c049|JJA2701|0|1957|0|||3|3|0|1|1|132|178|["132,178,5,1778","132,162,5"]|13:56:31:195
62|1.1|636136519783026149|0|50196.1953125|13.49420017705|105.12141287721|473600|-16952||50196.1953125|380||37993.75|380|50196.1953125|71c049|JJA2701|0|1957|0|||3|3|0|1|1|132|178|["132,178,5,1778","132,162,5"]|13:56:36:195
62|1.1|636136519832951141|0|50201.1796875|13.48667927423|105.11353255892|472760|-17800||50201.1796875|380||38000|380|50201.1796875|71c049|JJA2701|0|1957|0|||3|3|0|1|1|132|178|["132,178,5,1778","132,162,5"]|13:56:41:180
62|1.1|636136519882886134|0|50206.1796875|13.47916910023|105.10578635088|471935|-18647||50206.1796875|380||37987.5|380|50206.1796875|71c049|JJA2701|0|1957|0|||3|3|0|1|1|132|178|["132,178,5,1778","132,162,5"]|13:56:46:180
62|1.1|636136519932801125|0|50211.1796875|13.47139607014|105.09733204072|471034|-19525||50211.1796875|380||38037.5|380|50211.1796875|71c049|JJA2701|0|1957|0|||3|3|0|1|1|132|178|["132,178,5,1778","132,162,5"]|13:56:51:180
62|1.1|636136519982716116|0|50216.15625|13.46375178589|105.08924251044|470173|-20387||50216.15625|380||38043.75|380|50216.15625|71c049|JJA2701|0|1957|0|||3|3|0|1|1|132|162|["132,178,5,1778","132,162,5"]|13:56:56:156
62|1.1|636136520032631107|0|50221.15625|13.45633280686|105.08164114147|469363|-21223||50221.15625|380||38012.5|380|50221.15625|71c049|JJA2701|0|1957|0|||3|3|0|1|1|132|178|["132,178,5,1778","132,162,5"]|13:57:01:156
62|1.1|636136520082556099|0|50226.140625|13.44906403131|105.07438845915|468591|-22042||50226.140625|380||37968.75|380|50226.140625|71c049|JJA2701|0|1957|0|||3|3|0|1|1|132|178|["132,178,5,1778","132,162,5"]|13:57:06:141
62|1.1|636136520132481091|0|50231.140625|13.44155922172|105.0666905308|467771|-22888||50231.140625|380||37975|380|50231.140625|71c049|JJA2701|0|1957|0|||3|3|0|1|1|132|178|["132,178,5,1778","132,162,5"]|13:57:11:141
62|1.1|636136520182396082|0|50236.140625|13.43415097151|105.06007084886|467068|-23722||50236.140625|380||37937.5|380|50236.140625|71c049|JJA2701|0|1957|0|||3|3|0|1|1|132|162|["132,178,5,1778","132,162,5"]|13:57:16:141
62|1.1|636136520232321074|0|50241.1171875|13.42668371279|105.05254994604|466267|-24563||50241.1171875|380||37931.25|380|50241.1171875|71c049|JJA2701|0|1957|0|||3|3|0|1|1|132|178|["132,178,5,1778","132,162,5"]|13:57:21:117
62|1.1|636136520282246066|0|50246.1171875|13.41921108966|105.04504513645|465468|-25405||50246.1171875|380||37931.25|380|50246.1171875|71c049|JJA2701|0|1957|0|||3|3|0|1|1|132|178|["132,178,5,1778","132,162,5"]|13:57:26:117
62|1.1|636136520332161057|0|50251.1015625|13.41179211063|105.03859175122|464783|-26239||50251.1015625|380||37900|380|50251.1015625|71c049|JJA2701|0|1957|0|||3|3|0|1|1|132|178|["132,178,5,1778","132,162,5"]|13:57:31:102
62|1.1|636136520382086049|0|50256.1015625|13.40441068247|105.03299130718|464190|-27068||50256.1015625|380||37831.25|380|50256.1015625|71c049|JJA2701|0|1957|0|||3|3|0|1|1|132|162|["132,178,5,1778","132,162,5"]|13:57:36:102
62|1.1|636136520432011041|0|50261.1015625|13.39694342375|105.02631261673|463480|-27907||50261.1015625|380||37843.75|380|50261.1015625|71c049|JJA2701|0|1957|0|||3|3|0|1|1|132|162|["132,178,5,1778","132,162,5"]|13:57:41:102
62|1.1|636136520481936033|0|50266.078125|13.38950298708|105.01892045975|462693|-28746||50266.078125|380||37856.25|380|50266.078125|71c049|JJA2701|0|1957|0|||3|3|0|1|1|132|162|["132,178,5,1778","132,162,5"]|13:57:46:078
62|1.1|636136520531851024|0|50271.078125|13.38201427072|105.01125471786|461876|-29589||50271.078125|380||37875|380|50271.078125|71c049|JJA2701|0|1957|0|||3|3|0|1|1|132|162|["132,178,5,1778","132,162,5"]|13:57:51:078
62|1.1|636136520581776016|0|50276.0625|13.37458992728|105.00382501001|461085|-30426||50276.0625|380||37887.5|380|50276.0625|71c049|JJA2701|0|1957|0|||3|3|0|1|1|132|178|["132,178,5,1778","132,162,5"]|13:57:56:063
62|1.1|636136520631691007|0|50281.0625|13.36709584651|104.99619145458|460271|-31270||50281.0625|380||37906.25|380|50281.0625|71c049|JJA2701|0|1957|0|||3|3|0|1|1|132|162|["132,178,5,1778","132,162,5"]|13:58:01:063
62|1.1|636136520681615999|0|50286.0625|13.35968223189|104.9887456535|459478|-32106||50286.0625|380||37912.5|380|50286.0625|71c049|JJA2701|0|1957|0|||3|3|0|1|1|132|162|["132,178,5,1778","132,162,5"]|13:58:06:063
62|1.1|636136520731540991|0|50291.0390625|13.35241345634|104.97945985979|458485|-32928||50291.0390625|380||37981.25|380|50291.0390625|71c049|JJA2701|0|1957|0|||3|3|0|1|1|132|162|["132,178,5,1778","132,162,5"]|13:58:11:039
62|1.1|636136520781465983|0|50296.0390625|13.34538607924|104.97203551635|457693|-33720||50296.0390625|380||37937.5|380|50296.0390625|71c049|JJA2701|0|1957|0|||3|3|0|1|1|132|178|["132,178,5,1778","132,162,5"]|13:58:16:039
62|1.1|636136520831380974|0|50301.015625|13.33827287158|104.9646594526|456907|-34522||50301.015625|380||37900|380|50301.015625|71c049|JJA2701|0|1957|0|||3|3|0|1|1|132|162|["132,178,5,1778","132,162,5"]|13:58:21:016
62|1.1|636136520881305966|0|50306.015625|13.33089144342|104.95638753238|456024|-35355||50306.015625|380||37943.75|380|50306.015625|71c049|JJA2701|0|1957|0|||3|3|0|1|1|132|178|["132,178,5,1778","132,162,5"]|13:58:26:016
62|1.1|636136520931230958|0|50311.015625|13.32355293054|104.94843211235|455175|-36182||50311.015625|380||37962.5|380|50311.015625|71c049|JJA2701|0|1957|0|||3|3|0|1|1|132|178|["132,178,5,1778","132,162,5"]|13:58:31:016
62|1.1|636136520981145949|0|50316|13.31606421418|104.94027820915|454304|-37027||50316|380||37981.25|380|50316|71c049|JJA2701|0|1957|0|||3|3|0|1|1|132|178|["132,178,5,1778","132,162,5"]|13:58:36:000
62|1.1|636136521031070941|0|50321|13.30862914192|104.93225305179|453448|-37865||50321|380||38006.25|380|50321|71c049|JJA2701|0|1957|0|||3|3|0|1|1|132|162|["132,178,5,1778","132,162,5"]|13:58:41:000
62|1.1|636136521080985932|0|50325.9765625|13.3012155273|104.92448538611|452619|-38701||50325.9765625|380||38000|380|50325.9765625|71c049|JJA2701|0|1957|0|||3|3|0|1|1|132|162|["132,178,5,1778","132,162,5"]|13:58:45:977
62|1.1|636136521130920925|0|50330.9765625|13.29365707361|104.91617591502|451732|-39553||50330.9765625|380||38025|380|50330.9765625|71c049|JJA2701|0|1957|0|||3|3|0|1|1|132|178|["132,178,5,1778","132,162,5"]|13:58:50:977
62|1.1|636136521180835916|0|50335.9765625|13.28614689961|104.90830096114|450892|-40399||50335.9765625|380||38031.25|380|50335.9765625|71c049|JJA2701|0|1957|0|||3|3|0|1|1|132|178|["132,178,5,1778","132,162,5"]|13:58:55:977
62|1.1|636136521230760908|0|50340.9609375|13.27865281884|104.90027580378|450035|-41244||50340.9609375|380||38037.5|380|50340.9609375|71c049|JJA2701|0|1957|0|||3|3|0|1|1|132|162|["132,178,5,1778","132,162,5"]|13:59:00:961
62|1.1|636136521280675899|0|50345.9609375|13.27118019571|104.89251886692|449208|-42086||50345.9609375|380||38025|380|50345.9609375|71c049|JJA2701|0|1957|0|||3|3|0|1|1|132|178|["132,178,5,1778","132,162,5"]|13:59:05:961
62|1.1|636136521330600891|0|50350.9375|13.26386850488|104.88503015056|448409|-42910||50350.9375|380||38000|380|50350.9375|71c049|JJA2701|0|1957|0|||3|3|0|1|1|132|162|["132,178,5,1778","132,162,5"]|13:59:10:938
62|1.1|636136521380515882|0|50355.9375|13.25630468678|104.87697280674|447549|-43762||50355.9375|380||38012.5|380|50355.9375|71c049|JJA2701|0|1957|0|||3|3|0|1|1|132|178|["132,178,5,1778","132,162,5"]|13:59:15:938
62|1.1|636136521430440874|0|50360.9375|13.24882133483|104.8691193105|446711|-44605||50360.9375|380||38012.5|380|50360.9375|71c049|JJA2701|0|1957|0|||3|3|0|1|1|132|162|["132,178,5,1778","132,162,5"]|13:59:20:938
62|1.1|636136521480355865|0|50365.921875|13.24165448307|104.86232260303|445987|-45411||50365.921875|380||37956.25|380|50365.921875|71c049|JJA2701|0|1957|0|||3|3|0|1|1|132|162|["132,178,5,1778","132,162,5"]|13:59:25:922
62|1.1|636136521530280857|0|50370.921875|13.23409602938|104.85417406424|445117|-46263||50370.921875|380||37981.25|380|50370.921875|71c049|JJA2701|0|1957|0|||3|3|0|1|1|132|162|["132,178,5,1778","132,162,5"]|13:59:30:922
62|1.1|636136521580205849|0|50375.8984375|13.22683798265|104.8469106531|444342|-47080||50375.8984375|380||37956.25|380|50375.8984375|71c049|JJA2701|0|1957|0|||3|3|0|1|1|132|162|["132,178,5,1778","132,162,5"]|13:59:35:898
62|1.1|636136521630130841|0|50380.8984375|13.21936535952|104.83911080096|443509|-47922||50380.8984375|380||37968.75|380|50380.8984375|71c049|JJA2701|0|1957|0|||3|3|0|1|1|132|162|["132,178,5,1778","132,162,5"]|13:59:40:898
62|1.1|636136521679885816|0|50385.8984375|13.21181763465|104.83191712715|442743|-48770||50385.8984375|380||37981.25|380|50385.8984375|71c049|JJA2701|0|1957|0|||3|3|0|1|1|132|162|["132,178,5,1778","132,162,5"]|13:59:45:898
62|1.1|636136521729970824|0|50390.875|13.20440402003|104.82507213999|442014|-49604||50390.875|380||37962.5|380|50390.875|71c049|JJA2701|0|1957|0|||3|3|0|1|1|132|162|["132,178,5,1778","132,162,5"]|13:59:50:875
62|1.1|636136521779885815|0|50395.875|13.1970386851|104.81752441512|441208|-50433||50395.875|380||37962.5|380|50395.875|71c049|JJA2701|0|1957|0|||3|3|0|1|1|132|162|["132,178,5,1778","132,162,5"]|13:59:55:875
62|1.1|636136521829660792|0|50400.859375|13.18967871458|104.80968701211|440371|-51263||50400.859375|380||37968.75|380|50400.859375|71c049|JJA2701|0|1957|0|||3|3|0|1|1|132|162|["132,178,5,1778","132,162,5"]|14:00:00:859
62|1.1|636136521879605786|0|50405.859375|13.18221145586|104.80212855842|439565|-52103||50405.859375|380||37975|380|50405.859375|71c049|JJA2701|0|1957|0|||3|3|0|1|1|132|162|["132,178,5,1778","132,162,5"]|14:00:05:859
62|1.1|636136521929500775|0|50410.859375|13.17481929888|104.79354013801|438646|-52937||50410.859375|380||37900|380|50410.859375|71c049|JJA2701|0|1957|0|||3|3|0|1|1|132|162|["132,18,5,3800","132,178,5,1778","132,162,5"]|14:00:10:859
62|1.1|636136521979415766|0|50415.8359375|13.16730376047|104.78475859884|437707|-53785||50415.8359375|380||37887.5|380|50415.8359375|71c049|JJA2701|0|1957|0|||3|3|0|1|1|132|162|["132,18,5,3800","132,178,5,1778","132,162,5"]|14:00:15:836
62|1.1|636136522029340758|0|50420.8359375|13.15979895088|104.77667443297|436843|-54630||50420.8359375|380||37862.5|380|50420.8359375|71c049|JJA2701|0|1957|0|||3|3|0|1|1|132|162|["132,18,5,3800","132,178,5,1778","132,162,5"]|14:00:20:836
62|1.1|636136522079265750|0|50425.8203125|13.15233169216|104.76876729263|435998|-55472||50425.8203125|380||37818.75|380|50425.8203125|71c049|JJA2701|0|1957|0|||3|3|0|1|1|132|162|["132,18,5,3800","132,178,5,1778","132,162,5"]|14:00:25:820
62|1.1|636136522129190742|0|50430.8203125|13.14468740791|104.76089770316|435158|-56332||50430.8203125|380||37800|380|50430.8203125|71c049|JJA2701|0|1957|0|||3|3|0|1|1|132|162|["132,18,5,3800","132,178,5,1778","132,162,5"]|14:00:30:820
62|1.1|636136522179105733|0|50435.8203125|13.13713431863|104.75285645257|434299|-57183||50435.8203125|380||37812.5|380|50435.8203125|71c049|JJA2701|0|1957|0|||3|3|0|1|1|132|162|["132,18,5,3800","132,178,5,1778","132,162,5"]|14:00:35:820
62|1.1|636136522229030725|0|50440.796875|13.12981189898|104.7452014395|433481|-58007||50440.796875|380||37812.5|380|50440.796875|71c049|JJA2701|0|1957|0|||3|3|0|1|1|132|162|["132,18,5,3800","132,178,5,1778","132,162,5"]|14:00:40:797
62|1.1|636136522278955717|0|50445.796875|13.12244656405|104.73744986705|432653|-58836||50445.796875|380||37818.75|380|50445.796875|71c049|JJA2701|0|1957|0|||3|3|0|1|1|132|162|["132,18,5,3800","132,178,5,1778","132,162,5"]|14:00:45:797
62|1.1|636136522328870708|0|50450.78125|13.11497394092|104.72988604895|431845|-59677||50450.78125|380||37831.25|380|50450.78125|71c049|JJA2701|0|1957|0|||3|3|0|1|1|132|162|["132,18,5,3800","132,178,5,1778","132,162,5"]|14:00:50:781
62|1.1|636136522378795700|0|50455.78125|13.10759251276|104.72220957824|431025|-60508||50455.78125|380||37843.75|380|50455.78125|71c049|JJA2701|0|1957|0|||3|3|0|1|1|132|162|["132,18,5,3800","132,178,5,1778","132,162,5"]|14:00:55:781
62|1.1|636136522428710691|0|50460.78125|13.09996432174|104.71458138722|430211|-61366||50460.78125|380||37837.5|380|50460.78125|71c049|JJA2701|0|1957|0|||3|3|0|1|1|132|162|["132,18,5,3800","132,178,5,1778","132,162,5"]|14:01:00:781
62|1.1|636136522478645684|0|50465.7578125|13.09265263091|104.70703366235|429404|-62189||50465.7578125|380||37843.75|380|50465.7578125|71c049|JJA2701|0|1957|0|||3|3|0|1|1|132|162|["132,18,5,3800","132,178,5,1778","132,162,5"]|14:01:05:758
62|1.1|636136522528560675|0|50470.7578125|13.08514245691|104.6994430222|428594|-63034||50470.7578125|380||37856.25|380|50470.7578125|71c049|JJA2701|0|1957|0|||3|3|0|1|1|132|162|["132,18,5,3800","132,178,5,1778","132,162,5"]|14:01:10:758
62|1.1|636136522578475666|0|50475.7421875|13.07773957111|104.69177728031|427774|-63867||50475.7421875|380||37862.5|380|50475.7421875|71c049|JJA2701|0|1957|0|||3|3|0|1|1|132|162|["132,18,5,3800","132,178,5,1778","132,162,5"]|14:01:15:742
62|1.1|636136522628400658|0|50480.7421875|13.07005773599|104.68405252991|426949|-64731||50480.7421875|380||37868.75|380|50480.7421875|71c049|JJA2701|0|1957|0|||3|3|0|1|1|132|162|["132,18,5,3800","132,178,5,1778","132,162,5"]|14:01:20:742
62|1.1|636136522678325650|0|50485.7421875|13.06257438404|104.67684276287|426180|-65572||50485.7421875|380||37887.5|380|50485.7421875|71c049|JJA2701|0|1957|0|||3|3|0|1|1|132|162|["132,18,5,3800","132,178,5,1778","132,162,5"]|14:01:25:742
62|1.1|636136522728240641|0|50490.71875|13.05499983712|104.66931113123|425375|-66424||50490.71875|380||37881.25|380|50490.71875|71c049|JJA2701|0|1957|0|||3|3|0|1|1|132|162|["132,18,5,3800","132,178,5,1778","132,162,5"]|14:01:30:719
62|1.1|636136522778165633|0|50495.71875|13.04740383256|104.66200480481|424595|-67278||50495.71875|380||37850|380|50495.71875|71c049|JJA2701|0|1957|0|||3|3|0|1|1|132|162|["132,18,5,3800","132,178,5,1778","132,162,5"]|14:01:35:719
62|1.1|636136522828110627|0|50500.6953125|13.03980246359|104.65468774957|423814|-68132||50500.6953125|380||37812.5|380|50500.6953125|71c049|JJA2701|0|1957|0|||3|3|0|1|1|132|162|["132,18,5,3800","132,178,5,1778","132,162,5"]|14:01:40:695
62|1.1|636136522878015617|0|50505.6953125|13.03222255226|104.64748871135|423046|-68984||50505.6953125|380||37775|380|50505.6953125|71c049|JJA2701|0|1957|0|||3|3|0|1|1|132|162|["132,18,5,3800","132,178,5,1778","132,162,5"]|14:01:45:695
62|1.1|636136522927940609|0|50510.6953125|13.02458363242|104.63961375747|422204|-69843||50510.6953125|380||37756.25|380|50510.6953125|71c049|JJA2701|0|1957|0|||3|3|0|1|1|132|162|["132,18,5,3800","132,178,5,1778","132,162,5"]|14:01:50:695
62|1.1|636136522977855600|0|50515.6796875|13.01728803482|104.63164224421|421351|-70664||50515.6796875|380||37806.25|380|50515.6796875|71c049|JJA2701|0|1957|0|||3|3|0|1|1|132|162|["132,18,5,3800","132,178,5,1778","132,162,5"]|14:01:55:680
62|1.1|636136523027780592|0|50520.6796875|13.00987978461|104.62384239207|420517|-71498||50520.6796875|380||37800|380|50520.6796875|71c049|JJA2701|0|1957|0|||3|3|0|1|1|132|162|["132,18,5,3800","132,178,5,1778","132,162,5"]|14:02:00:680
62|1.1|636136523077695583|0|50525.65625|13.00221404272|104.6160264467|419682|-72360||50525.65625|380||37793.75|380|50525.65625|71c049|JJA2701|0|1957|0|||3|3|0|1|1|132|162|["132,18,5,3800","132,178,5,1778","132,162,5"]|14:02:05:656
62|1.1|636136523127620575|0|50530.65625|12.99466631785|104.60818904369|418843|-73209||50530.65625|380||37793.75|380|50530.65625|71c049|JJA2701|0|1957|0|||3|3|0|1|1|132|162|["132,18,5,3800","132,178,5,1778","132,162,5"]|14:02:10:656
62|1.1|636136523177545567|0|50535.65625|12.98722588118|104.60040528478|418011|-74047||50535.65625|380||37793.75|380|50535.65625|71c049|JJA2701|0|1957|0|||3|3|0|1|1|132|162|["132,18,5,3800","132,178,5,1778","132,162,5"]|14:02:15:656
62|1.1|636136523227460558|0|50540.640625|12.97976935128|104.59249814444|417165|-74885||50540.640625|380||37781.25|380|50540.640625|71c049|JJA2701|0|1957|0|||3|3|0|1|1|132|162|["132,18,5,3800","132,178,4,1778","132,162,5"]|14:02:20:641
62|1.1|636136523277385550|0|50545.640625|12.97218943995|104.58467683466|416329|-75738||50545.640625|380||37787.5|380|50545.640625|71c049|JJA2701|0|1957|0|||3|3|0|1|1|132|162|["132,18,5,3800","132,178,4,1778","132,162,5"]|14:02:25:641
62|1.1|636136523327310542|0|50550.6171875|12.96477046092|104.57698963513|415506|-76572||50550.6171875|380||37781.25|380|50550.6171875|71c049|JJA2701|0|1957|0|||3|3|0|1|1|132|162|["132,18,5,3800","132,178,4,1778","132,162,5"]|14:02:30:617
62|1.1|636136523377225533|0|50555.6171875|12.95744804127|104.5692487915|414678|-77396||50555.6171875|380||37781.25|380|50555.6171875|71c049|JJA2701|0|1957|0|||3|3|0|1|1|132|162|["132,18,5,3800","132,178,4,1778","132,162,5"]|14:02:35:617
62|1.1|636136523427150525|0|50560.6171875|12.94969646882|104.56139529526|413838|-78268||50560.6171875|380||37781.25|380|50560.6171875|71c049|JJA2701|0|1957|0|||3|3|0|1|1|132|162|["132,18,5,3800","132,178,4,1778","132,162,5"]|14:02:40:617
62|1.1|636136523477085518|0|50565.6015625|12.94268518495|104.55335940908|412978|-79058||50565.6015625|380||37775|380|50565.6015625|71c049|JJA2701|0|1957|0|||3|3|0|1|1|132|162|["132,18,5,3800","132,178,4,1778","132,162,5"]|14:02:45:602
62|1.1|636136523527000509|0|50570.6015625|12.93555051965|104.54579559098|412168|-79860||50570.6015625|380||37768.75|380|50570.6015625|71c049|JJA2701|0|1957|0|||3|3|0|1|1|132|162|["132,18,5,3800","132,162,5"]|14:02:50:602
62|1.1|636136523576915500|0|50575.578125|12.92872162572|104.53841952723|411378|-80629||50575.578125|380||37743.75|380|50575.578125|71c049|JJA2701|0|1957|0|||3|3|0|1|1|132|162|["132,18,5,3800","132,178,4,1778","132,162,5"]|14:02:55:578
62|1.1|636136523626840492|0|50580.578125|12.92179617241|104.53018515788|410496|-81409||50580.578125|380||37737.5|380|50580.578125|71c049|JJA2701|0|1957|0|||3|3|0|1|1|132|162|["132,18,5,3800","132,178,4,1778","132,162,5"]|14:03:00:578
62|1.1|636136523676755483|0|50585.578125|12.91506920227|104.52206344114|409625|-82167||50585.578125|380||37793.75|380|50585.578125|71c049|JJA2701|0|1957|0|||3|3|0|1|1|132|162|["132,18,5,3800","132,178,5,1931","132,162,5"]|14:03:05:578
62|1.1|636136523726680475|0|50590.5625|12.90814374896|104.51393635999|408754|-82948||50590.5625|380||37806.25|380|50590.5625|71c049|JJA2701|0|1957|0|||3|3|0|1|1|132|162|["132,18,5,3800","132,178,5,1931","132,162,5"]|14:03:10:563
62|1.1|636136523776605467|0|50595.5625|12.90112710068|104.50593266027|407896|-83738||50595.5625|380||37812.5|380|50595.5625|71c049|JJA2701|0|1957|0|||3|3|0|1|1|132|162|["132,18,5,3800","132,178,5,1931","132,162,5"]|14:03:15:563
62|1.1|636136523826520458|0|50600.5390625|12.89438940172|104.49739251955|406980|-84498||50600.5390625|380||37812.5|380|50600.5390625|71c049|JJA2701|0|1957|0|||3|3|0|1|1|132|162|["132,18,5,3800","132,178,5,1931","132,162,5"]|14:03:20:539
62|1.1|636136523876445450|0|50605.5390625|12.88762488071|104.48895430262|406074|-85261||50605.5390625|380||37806.25|380|50605.5390625|71c049|JJA2701|0|1957|0|||3|3|0|1|1|132|162|["132,18,5,3800","132,178,5,1931","132,162,5"]|14:03:25:539
62|1.1|636136523926360441|0|50610.5390625|12.88102665641|104.4804141619|405157|-86005||50610.5390625|380||37800|380|50610.5390625|71c049|JJA2701|0|1957|0|||3|3|0|1|1|132|162|["132,18,5,3800","132,178,4,1931","132,162,5"]|14:03:30:539
62|1.1|636136523976285433|0|50615.515625|12.87407438105|104.47183647031|404237|-86789||50615.515625|380||37800|380|50615.515625|71c049|JJA2701|0|1957|0|||3|3|0|1|1|132|162|["132,18,5,3800","132,178,4,1931","132,162,5"]|14:03:35:516
62|1.1|636136524026210425|0|50620.515625|12.86729913122|104.46369329593|403364|-87553||50620.515625|380||37818.75|380|50620.515625|71c049|JJA2701|0|1957|0|||3|3|0|1|1|132|162|["132,18,5,3800","132,178,5,1935","132,162,5"]|14:03:40:516
62|1.1|636136524076135417|0|50625.5|12.86043268642|104.45549647745|402484|-88326||50625.5|380||37831.25|380|50625.5|71c049|JJA2701|0|1957|0|||3|3|0|1|1|132|162|["132,18,5,3800","132,178,5,1935","132,162,5"]|14:03:45:500
62|1.1|636136524126050408|0|50630.5|12.85380227566|104.44718700636|401592|-89074||50630.5|380||37875|380|50630.5|71c049|JJA2701|0|1957|0|||3|3|0|1|1|132|162|["132,18,5,3800","132,178,5,1935","132,162,5"]|14:03:50:500
62|1.1|636136524175975400|0|50635.5|12.84678562738|104.43881316235|400694|-89864||50635.5|380||37881.25|380|50635.5|71c049|JJA2701|0|1957|0|||3|3|0|1|1|132|162|["132,18,5,3800","132,178,5,1935","132,162,5"]|14:03:55:500
62|1.1|636136524225900392|0|50640.4765625|12.83996209786|104.43058415741|399811|-90633||50640.4765625|380||37887.5|380|50640.4765625|71c049|JJA2701|0|1957|0|||3|3|0|1|1|132|162|["132,18,5,3800","132,178,5,1935","132,162,5"]|14:04:00:477
62|1.1|636136524275815383|0|50645.4765625|12.83300445809|104.42237661011|398931|-91417||50645.4765625|380||37893.75|380|50645.4765625|71c049|JJA2701|0|1957|0|||3|3|0|1|1|132|162|["132,18,5,3800","132,178,5,1935","132,162,5"]|14:04:05:477
62|1.1|636136524325740375|0|50650.4609375|12.82615410652|104.4141636984|398049|-92188||50650.4609375|380||37900|380|50650.4609375|71c049|JJA2701|0|1957|0|||3|3|0|1|1|132|162|["132,18,5,3800","132,178,5,1935","132,162,5"]|14:04:10:461
62|1.1|636136524375665367|0|50655.4609375|12.81921255998|104.40602052402|397176|-92970||50655.4609375|380||37906.25|380|50655.4609375|71c049|JJA2701|0|1957|0|||3|3|0|1|1|132|162|["132,18,5,3800","132,178,5,1935","132,162,5"]|14:04:15:461
62|1.1|636136524425580358|0|50660.4609375|12.81230856431|104.39787734964|396302|-93747||50660.4609375|380||37925|380|50660.4609375|71c049|JJA2701|0|1957|0|||3|3|0|1|1|132|162|["132,18,5,3800","132,178,5,1935","132,162,5"]|14:04:20:461
62|1.1|636136524475505350|0|50665.4375|12.80528655162|104.38956251414|395410|-94538||50665.4375|380||37906.25|380|50665.4375|71c049|JJA2701|0|1957|0|||3|3|0|1|1|132|162|["132,18,5,3800","132,178,5,1935","132,162,5"]|14:04:25:438
62|1.1|636136524525430342|0|50670.4375|12.79866686968|104.38133887361|394527|-95284||50670.4375|380||37887.5|380|50670.4375|71c049|JJA2701|0|1957|0|||3|3|0|1|1|132|162|["132,18,5,3800","132,178,5,1935","132,162,5"]|14:04:30:438
62|1.1|636136524575365335|0|50675.421875|12.79157511966|104.3730186737|393634|-96083||50675.421875|380||37868.75|380|50675.421875|71c049|JJA2701|0|1957|0|||3|3|0|1|1|132|162|["132,18,5,3800","132,178,5,1935","132,162,5"]|14:04:35:422
62|1.1|636136524625270325|0|50680.421875|12.7845155561|104.36464482969|392735|-96877||50680.421875|380.25||37887.5|380|50680.421875|71c049|JJA2701|0|1957|0|||3|3|0|1|1|132|162|["132,18,5,3800","132,178,5,1935","132,162,5"]|14:04:40:422
62|1.1|636136524675195317|0|50685.421875|12.77750963664|104.35641582475|391852|-97666||50685.421875|380.25||37906.25|380|50685.421875|71c049|JJA2701|0|1957|0|||3|3|0|1|1|132|162|["132,18,5,3800","132,178,5,1935","132,162,5"]|14:04:45:422
62|1.1|636136524725110308|0|50690.3984375|12.77042861544|104.34836920975|390989|-98463||50690.3984375|380||37912.5|380|50690.3984375|71c049|JJA2701|0|1957|0|||3|3|0|1|1|132|162|["132,18,5,3800","132,178,5,1935","132,162,5"]|14:04:50:398
62|1.1|636136524775035300|0|50695.3984375|12.76309546697|104.34012411158|390105|-99287||50695.3984375|380||37900|380|50695.3984375|71c049|JJA2701|0|1957|0|||3|3|0|1|1|132|162|["132,18,5,3800","132,178,5,1935","132,162,5"]|14:04:55:398
62|1.1|636136524824960292|0|50700.375|12.75621829335|104.33221160683|389256|-100061||50700.375|380||37900|380|50700.375|71c049|JJA2701|0|1957|0|||3|3|0|1|1|132|162|["132,18,5,3800","132,178,5,1935","132,162,5"]|14:05:00:375
62|1.1|636136524874875283|0|50705.375|12.74922846712|104.32422936475|388399|-100848||50705.375|380||37906.25|380|50705.375|71c049|JJA2701|0|1957|0|||3|3|0|1|1|132|162|["132,18,5,3800","132,178,5,1935","132,162,5"]|14:05:05:375
62|1.1|636136524924800275|0|50710.375|12.74222254766|104.3159949954|387515|-101636||50710.375|380||37937.5|380|50710.375|71c049|JJA2701|0|1957|0|||3|3|0|1|1|132|162|["132,18,5,3800","132,178,5,1935","132,162,5"]|14:05:10:375
62|1.1|636136524974725267|0|50715.359375|12.73518444174|104.30736365971|386588|-102429||50715.359375|380||37925|380|50715.359375|71c049|JJA2701|0|1957|0|||3|3|0|1|1|132|162|["132,18,5,3800","132,178,5,1935","132,162,5"]|14:05:15:359
62|1.1|636136525024640258|0|50720.359375|12.72817315787|104.29882351899|385671|-103218||50720.359375|379.75||37918.75|379.75|50720.359375|71c049|JJA2701|0|1957|0|||3|3|0|1|1|132|162|["132,18,5,3800","132,178,5,1935","132,162,5"]|14:05:20:359
62|1.1|636136525074565250|0|50725.3359375|12.72127452661|104.29041212411|384768|-103995||50725.3359375|379.75||37906.25|379.75|50725.3359375|71c049|JJA2701|0|1957|0|||3|3|0|1|1|132|162|["132,18,5,3800","132,178,5,1935","132,162,5"]|14:05:25:336
62|1.1|636136525124490242|0|50730.3359375|12.71422032746|104.28192562749|383856|-104789||50730.3359375|380||37900|379.75|50730.3359375|71c049|JJA2701|0|1957|0|||3|3|0|1|1|132|162|["132,18,5,3800","132,178,5,1935","132,162,5"]|14:05:30:336
62|1.1|636136525174405233|0|50735.3359375|12.70723586564|104.27371808019|382975|-105575||50735.3359375|380||37912.5|380|50735.3359375|71c049|JJA2701|0|1957|0|||3|3|0|1|1|132|162|["132,18,5,3800","132,178,5,1935","132,162,5"]|14:05:35:336
62|1.1|636136525224330225|0|50740.3203125|12.70034259879|104.26560709227|382104|-106351||50740.3203125|380||37937.5|380|50740.3203125|71c049|JJA2701|0|1957|0|||3|3|0|1|1|132|162|["132,18,5,3800","132,178,5,1935","132,162,5"]|14:05:40:320
62|1.1|636136525274255217|0|50745.3203125|12.6935888066|104.25735662969|381217|-107111||50745.3203125|380||37918.75|380|50745.3203125|71c049|JJA2701|0|1957|0|||3|3|0|1|1|132|162|["132,18,5,3800","132,178,5,1935","132,162,5"]|14:05:45:320
62|1.1|636136525324170208|0|50750.296875|12.68674918385|104.24918126885|380339|-107881||50750.296875|380||37906.25|380|50750.296875|71c049|JJA2701|0|1957|0|||3|3|0|1|1|132|162|["132,18,5,3800","132,178,5,1935","132,162,5"]|14:05:50:297
62|1.1|636136525374095200|0|50755.296875|12.6799632052|104.24086106894|379445|-108645||50755.296875|380||37912.5|380|50755.296875|71c049|JJA2701|0|1957|0|||3|3|0|1|1|132|162|["132,18,5,3800","132,178,5,1935","132,162,5"]|14:05:55:297
62|1.1|636136525424020192|0|50760.296875|12.67317186214|104.2327929963|378578|-109409||50760.296875|380||37906.25|380|50760.296875|71c049|JJA2701|0|1957|0|||3|3|0|1|1|132|162|["132,18,5,3800","132,178,5,1935","132,162,5"]|14:06:00:297
62|1.1|636136525473935183|0|50765.28125|12.66630005293|104.22459081341|377697|-110182||50765.28125|380||37900|380|50765.28125|71c049|JJA2701|0|1957|0|||3|3|0|1|1|132|162|["132,18,5,3800","132,178,5,1935","132,162,5"]|14:06:05:281
62|1.1|636136525523860175|0|50770.28125|12.659471159|104.21643691021|376821|-110951||50770.28125|380||37893.75|380|50770.28125|71c049|JJA2701|0|1957|0|||3|3|0|1|1|132|162|["132,18,5,3800","132,178,5,1935","132,162,5"]|14:06:10:281
62|1.1|636136525573785167|0|50775.2578125|12.65256716333|104.20825082055|375942|-111727||50775.2578125|380||37893.75|380|50775.2578125|71c049|JJA2701|0|1957|0|||3|3|0|1|1|132|162|["132,18,5,3800","132,178,5,1935","132,162,5"]|14:06:15:258
62|1.1|636136525623700158|0|50780.2578125|12.64571681176|104.19994134946|375049|-112498||50780.2578125|380||37900|380|50780.2578125|71c049|JJA2701|0|1957|0|||3|3|0|1|1|132|162|["132,18,5,3800","132,178,5,1935","132,162,5"]|14:06:20:258
62|1.1|636136525673625150|0|50785.2578125|12.63884500255|104.19184645477|374179|-113271||50785.2578125|380||37900|380|50785.2578125|71c049|JJA2701|0|1957|0|||3|3|0|1|1|132|162|["132,18,5,3800","132,178,5,1935","132,162,5"]|14:06:25:258
62|1.1|636136525723550142|0|50790.2421875|12.63202147303|104.18367109393|373300|-114039||50790.2421875|380||37900|380|50790.2421875|71c049|JJA2701|0|1957|0|||3|3|0|1|1|132|162|["132,18,5,3800","132,178,5,1935","132,162,5"]|14:06:30:242
62|1.1|636136525773475134|0|50795.2421875|12.62513357059|104.17551719073|372424|-114813||50795.2421875|380||37900|380|50795.2421875|71c049|JJA2701|0|1957|0|||3|3|0|1|1|132|162|["132,18,5,3800","132,178,5,1935","132,162,5"]|14:06:35:242
62|1.1|636136525823390125|0|50800.21875|12.6184334225|104.16748130455|371561|-115567||50800.21875|380||37900|380|50800.21875|71c049|JJA2701|0|1957|0|||3|3|0|1|1|132|162|["132,18,5,3800","132,178,5,1935","132,162,5"]|14:06:40:219
62|1.1|636136525873325118|0|50805.21875|12.61155088447|104.1595151557|370704|-116341||50805.21875|380||37900|380|50805.21875|71c049|JJA2701|0|1957|0|||3|3|0|1|1|132|162|["132,18,5,3800","132,178,5,1935","132,162,5"]|14:06:45:219
62|1.1|636136525923240109|0|50810.21875|12.60472199054|104.15142026101|369834|-117109||50810.21875|380||37925|380|50810.21875|71c049|JJA2701|0|1957|0|||3|3|0|1|1|132|162|["132,18,5,3800","132,178,5,1935","132,162,5"]|14:06:50:219
62|1.1|636136525973155100|0|50815.1953125|12.59790918984|104.14330390868|368962|-117875||50815.1953125|380||37943.75|380|50815.1953125|71c049|JJA2701|0|1957|0|||3|3|0|1|1|132|178|["132,18,5,3800","132,178,5,1935","132,162,5"]|14:06:55:195
62|1.1|636136526023080092|0|50820.1953125|12.59110175355|104.13528411573|368100|-118641||50820.1953125|380||37925|380|50820.1953125|71c049|JJA2701|0|1957|0|||3|3|0|1|1|132|162|["132,18,5,3800","132,178,5,1935","132,162,5"]|14:07:00:195
62|1.1|636136526073005084|0|50825.1796875|12.58429968167|104.12724286514|367235|-119406||50825.1796875|380||37925|380|50825.1796875|71c049|JJA2701|0|1957|0|||3|3|0|1|1|132|162|["132,18,5,3800","132,178,5,1935","132,162,5"]|14:07:05:180
62|1.1|636136526122930076|0|50830.1796875|12.57743323687|104.11910505517|366361|-120178||50830.1796875|380||37906.25|380|50830.1796875|71c049|JJA2701|0|1957|0|||3|3|0|1|1|132|162|["132,18,5,3800","132,178,5,1935","132,162,5"]|14:07:10:180
62|1.1|636136526172845067|0|50835.1796875|12.57070626673|104.11101016048|365491|-120934||50835.1796875|380||37906.25|380|50835.1796875|71c049|JJA2701|0|1957|0|||3|3|0|1|1|132|178|["132,18,5,3800","132,178,5,1935","132,162,5"]|14:07:15:180
62|1.1|636136526222760058|0|50840.15625|12.56389346603|104.10300646076|364630|-121700||50840.15625|380||37906.25|380|50840.15625|71c049|JJA2701|0|1957|0|||3|3|0|1|1|132|162|["132,18,5,3800","132,178,5,1935","132,162,5"]|14:07:20:156
62|1.1|636136526272685050|0|50845.15625|12.55704311446|104.09483646433|363752|-122470||50845.15625|380||37900|380|50845.15625|71c049|JJA2701|0|1957|0|||3|3|0|1|1|132|178|["132,18,5,3800","132,178,5,1935","132,162,5"]|14:07:25:156
62|1.1|636136526322610042|0|50850.140625|12.5503054155|104.08680057815|362887|-123228||50850.140625|380||37900|380|50850.140625|71c049|JJA2701|0|1957|0|||3|3|0|1|1|132|178|["132,18,5,3800","132,178,5,1935","132,162,5"]|14:07:30:141
62|1.1|636136526372535034|0|50855.140625|12.54345506393|104.07868959023|362015|-123998||50855.140625|380||37900|380|50855.140625|71c049|JJA2701|0|1957|0|||3|3|0|1|1|132|178|["132,18,5,3800","132,178,5,1935","132,162,5"]|14:07:35:141
62|1.1|636136526422450025|0|50860.140625|12.53671736497|104.07083609399|361171|-124755||50860.140625|380||37900|380|50860.140625|71c049|JJA2701|0|1957|0|||3|3|0|1|1|132|178|["132,18,5,3800","132,178,5,1935","132,162,5"]|14:07:40:141
62|1.1|636136526472375017|0|50865.1171875|12.5295987929|104.06266609756|360293|-125555||50865.1171875|380||37887.5|380|50865.1171875|71c049|JJA2701|0|1957|0|||3|3|0|1|1|132|178|["132,18,5,3800","132,178,5,1935","132,162,5"]|14:07:45:117
62|1.1|636136526522290008|0|50870.1171875|12.52268406841|104.0548555166|359453|-126332||50870.1171875|380||37850|380|50870.1171875|71c049|JJA2701|0|1957|0|||3|3|0|1|1|132|18|["132,18,5,3800","132,178,5,1935","132,162,5"]|14:07:50:117
62|1.1|636136526572215000|0|50875.1015625|12.51610730175|104.04706102887|358615|-127071||50875.1015625|380||37868.75|380|50875.1015625|71c049|JJA2701|0|1957|0|||3|3|0|1|1|132|178|["132,18,5,3800","132,178,5,1935","132,162,5"]|14:07:55:102
62|1.1|636136526622139992|0|50880.1015625|12.50931059428|104.03896076977|357743|-127835||50880.1015625|380||37900|380|50880.1015625|71c049|JJA2701|0|1957|0|||3|3|0|1|1|132|178|["132,18,5,3800","132,178,5,1935","132,162,5"]|14:08:00:102
62|1.1|636136526672054983|0|50885.1015625|12.50249242917|104.03098925651|356886|-128601||50885.1015625|380||37918.75|380|50885.1015625|71c049|JJA2701|0|1957|0|||3|3|0|1|1|132|178|["132,18,5,3800","132,178,5,1935","132,162,5"]|14:08:05:102
62|1.1|636136526721989976|0|50890.078125|12.49579764549|104.02276561598|356001|-129354||50890.078125|380||37925|380|50890.078125|71c049|JJA2701|0|1957|0|||3|3|0|1|1|132|178|["132,18,5,3800","132,178,5,1935","132,162,5"]|14:08:10:078
62|1.1|636136526771904967|0|50895.078125|12.48901166684|104.01472436539|355136|-130117||50895.078125|380||37925|380|50895.078125|71c049|JJA2701|0|1957|0|||3|3|0|1|1|132|178|["132,18,5,3800","132,178,5,1935","132,162,5"]|14:08:15:078
62|1.1|636136526821819958|0|50900.0625|12.48230078993|104.00666165716|354268|-130871||50900.0625|380||37918.75|380|50900.0625|71c049|JJA2701|0|1957|0|||3|3|0|1|1|132|178|["132,18,5,3800","132,178,5,1935","132,162,5"]|14:08:20:063
62|1.1|636136526871744950|0|50905.0625|12.47558991302|103.99852384719|353393|-131625||50905.0625|380||37918.75|380|50905.0625|71c049|JJA2701|0|1957|0|||3|3|0|1|1|132|178|["132,18,5,3800","132,178,5,1935","132,162,5"]|14:08:25:063
62|1.1|636136526921669942|0|50910.0625|12.46873956145|103.99049332542|352529|-132395||50910.0625|380||37918.75|380|50910.0625|71c049|JJA2701|0|1957|0|||3|3|0|1|1|132|178|["132,18,5,3800","132,178,5,1935","132,162,5"]|14:08:30:063
62|1.1|636136526971594934|0|50915.0390625|12.46201259131|103.98251644775|351670|-133151||50915.0390625|380||37912.5|380|50915.0390625|71c049|JJA2701|0|1957|0|||3|3|0|1|1|132|178|["132,18,5,3800","132,178,5,1935","132,162,5"]|14:08:35:039
62|1.1|636136527021509925|0|50920.0390625|12.45515151092|103.97449129039|350807|-133921||50920.0390625|380||37893.75|380|50920.0390625|71c049|JJA2701|0|1957|0|||3|3|0|1|1|132|18|["132,18,5,3800","132,178,5,1935","132,162,5"]|14:08:40:039
62|1.1|636136527071434917|0|50925.015625|12.44844599842|103.96652514154|349950|-134675||50925.015625|380||37900|380|50925.015625|71c049|JJA2701|0|1957|0|||3|3|0|1|1|132|178|["132,18,5,3800","132,178,5,1935","132,162,5"]|14:08:45:016
62|1.1|636136527121359909|0|50930.015625|12.44164929095|103.95857508592|349094|-135438||50930.015625|380||37893.75|380|50930.015625|71c049|JJA2701|0|1957|0|||3|3|0|1|1|132|178|["132,18,5,3800","132,178,5,1935","132,162,5"]|14:08:50:016
62|1.1|636136527171274900|0|50935.015625|12.43483112584|103.95048019123|348223|-136204||50935.015625|380||37906.25|380|50935.015625|71c049|JJA2701|0|1957|0|||3|3|0|1|1|132|178|["132,18,5,3800","132,178,5,1935","132,162,5"]|14:08:55:016
62|1.1|636136527221199892|0|50940|12.42808269806|103.94255159325|347370|-136962||50940|380||37900|380|50940|71c049|JJA2701|0|1957|0|||3|3|0|1|1|132|178|["132,18,5,3800","132,178,5,1935","132,162,5"]|14:09:00:000
62|1.1|636136527271124884|0|50945|12.42132354146|103.93460690204|346515|-137722||50945|380||37900|380|50945|71c049|JJA2701|0|1957|0|||3|3|0|1|1|132|178|["132,18,5,3800","132,178,5,1935","132,162,5"]|14:09:05:000
62|1.1|636136527321039875|0|50949.9765625|12.41458047809|103.92668366847|345662|-138479||50949.9765625|380||37906.25|380|50949.9765625|71c049|JJA2701|0|1957|0|||3|3|0|1|1|132|178|["132,18,5,3800","132,178,5,1935","132,162,5"]|14:09:09:977
62|1.1|636136527370964867|0|50954.9765625|12.40764429596|103.91851903645|344783|-139258||50954.9765625|380||37893.75|380|50954.9765625|71c049|JJA2701|0|1957|0|||3|3|0|1|1|132|18|["132,18,5,3800","132,178,5,1935","132,162,5"]|14:09:14:977
62|1.1|636136527420889859|0|50959.9765625|12.40095487669|103.91074600636|343946|-140009||50959.9765625|380||37906.25|380|50959.9765625|71c049|JJA2701|0|1957|0|||3|3|0|1|1|132|178|["132,18,5,3800","132,178,5,1935","132,162,5"]|14:09:19:977
62|1.1|636136527470804850|0|50964.9609375|12.3938792199|103.90290860335|343103|-140803||50964.9609375|380||37887.5|380|50964.9609375|71c049|JJA2701|0|1957|0|||3|3|0|1|1|132|178|["132,18,5,3800","132,178,5,1935","132,162,5"]|14:09:24:961
62|1.1|636136527520729842|0|50969.9609375|12.38705032597|103.89496391214|342248|-141570||50969.9609375|380||37893.75|380|50969.9609375|71c049|JJA2701|0|1957|0|||3|3|0|1|1|132|178|["132,18,5,3800","132,178,5,1935","132,162,5"]|14:09:29:961
62|1.1|636136527570654834|0|50974.9375|12.38038772875|103.88705140739|341396|-142318||50974.9375|380||37912.5|380|50974.9375|71c049|JJA2701|0|1957|0|||3|3|0|1|1|132|178|["132,18,5,3800","132,178,5,1935","132,162,5"]|14:09:34:938
62|1.1|636136527620569825|0|50979.9375|12.37356419923|103.87912280941|340542|-143084||50979.9375|380||37912.5|380|50979.9375|71c049|JJA2701|0|1957|0|||3|3|0|1|1|132|178|["132,18,5,3800","132,178,5,1935","132,162,5"]|14:09:39:938
62|1.1|636136527670494817|0|50984.9375|12.36653682213|103.87089916888|339657|-143873||50984.9375|380||37900|380|50984.9375|71c049|JJA2701|0|1957|0|||3|3|0|1|1|132|178|["132,18,5,3800","132,178,5,1935","132,162,5"]|14:09:44:938
62|1.1|636136527720409808|0|50989.921875|12.35996541988|103.8630778591|338815|-144611||50989.921875|380||37912.5|380|50989.921875|71c049|JJA2701|0|1957|0|||3|3|0|1|1|132|178|["132,18,5,3800","132,178,5,1935","132,162,5"]|14:09:49:922
62|1.1|636136527770334800|0|50994.921875|12.35318480564|103.8551921764|337966|-145372||50994.921875|380||37918.75|380|50994.921875|71c049|JJA2701|0|1957|0|||3|3|0|1|1|132|178|["132,18,5,3800","132,178,5,1935","132,162,5"]|14:09:54:922
62|1.1|636136527820269793|0|50999.8984375|12.34630226761|103.84728503606|337114|-146145||50999.8984375|380||37906.25|380|50999.8984375|71c049|JJA2701|0|1957|0|||3|3|0|1|1|132|178|["132,18,5,3800","132,178,5,1935","132,162,5"]|14:09:59:898
62|1.1|636136527870184784|0|51004.8984375|12.33951628896|103.83926524311|336251|-146907||51004.8984375|380||37912.5|380|51004.8984375|71c049|JJA2701|0|1957|0|||3|3|0|1|1|132|178|["132,18,5,3800","132,178,5,1935","132,162,5"]|14:10:04:898
62|1.1|636136527920099775|0|51009.8984375|12.33266593739|103.8314814842|335412|-147675||51009.8984375|380||37918.75|380|51009.8984375|71c049|JJA2701|0|1957|0|||3|3|0|1|1|132|178|["132,18,5,3800","132,178,5,1935","132,162,5"]|14:10:09:898
62|1.1|636136527970024767|0|51014.875|12.32584240787|103.82364408119|334569|-148441||51014.875|380||37925|380|51014.875|71c049|JJA2701|0|1957|0|||3|3|0|1|1|132|18|["132,18,5,3800","132,178,5,1935","132,162,5"]|14:10:14:875
62|1.1|636136528019949759|0|51019.875|12.31906179363|103.81581204259|333725|-149202||51019.875|380||37937.5|380|51019.875|71c049|JJA2701|0|1957|0|||3|3|0|1|1|132|178|["132,18,5,3800","132,178,5,1935","132,162,5"]|14:10:19:875
62|1.1|636136528069864750|0|51024.859375|12.31232409467|103.80798000399|332881|-149958||51024.859375|380||37950|380|51024.859375|71c049|JJA2701|0|1957|0|||3|3|0|1|1|132|178|["132,18,5,3800","132,178,5,1935","132,162,5"]|14:10:24:859
62|1.1|636136528119789742|0|51029.859375|12.30569368391|103.79984755843|332005|-150703||51029.859375|380||37950|380|51029.859375|71c049|JJA2701|0|1957|0|||3|3|0|1|1|132|178|["132,18,5,3800","132,178,5,1935","132,162,5"]|14:10:29:859
62|1.1|636136528169714734|0|51034.859375|12.29889697644|103.79157563821|331114|-151466||51034.859375|380||37931.25|380|51034.859375|71c049|JJA2701|0|1957|0|||3|3|0|1|1|132|18|["132,18,5,3800","132,178,5,1935","132,162,5"]|14:10:34:859
62|1.1|636136528219629725|0|51039.8359375|12.29218609953|103.7831481501|330205|-152220||51039.8359375|380||37950|380|51039.8359375|71c049|JJA2701|0|1957|0|||3|3|0|1|1|132|178|["132,18,5,3800","132,178,5,1935","132,162,5"]|14:10:39:836
62|1.1|636136528269554717|0|51044.8359375|12.28540012088|103.77534293355|329364|-152981||51044.8359375|380||37931.25|380|51044.8359375|71c049|JJA2701|0|1957|0|||3|3|0|1|1|132|178|["132,18,5,3800","132,178,5,1935","132,162,5"]|14:10:44:836
62|1.1|636136528319479709|0|51049.8203125|12.27868924397|103.76729631855|328497|-153735||51049.8203125|380||37925|380|51049.8203125|71c049|JJA2701|0|1957|0|||3|3|0|1|1|132|18|["132,18,5,3800","132,178,5,1935","132,162,5"]|14:10:49:820
62|1.1|636136528369394700|0|51054.8203125|12.27176915507|103.75947500877|327655|-154511||51054.8203125|380||37925|380|51054.8203125|71c049|JJA2701|0|1957|0|||3|3|0|1|1|132|178|["132,18,5,3800","132,178,5,1935","132,162,5"]|14:10:54:820
62|1.1|636136528419319692|0|51059.8203125|12.26489734586|103.75158932607|326805|-155282||51059.8203125|380||37931.25|380|51059.8203125|71c049|JJA2701|0|1957|0|||3|3|0|1|1|132|178|["132,18,5,3800","132,178,5,1935","132,162,5"]|14:10:59:820
62|1.1|636136528469244684|0|51064.796875|12.25803090106|103.74379483834|325965|-156052||51064.796875|380||37937.5|380|51064.796875|71c049|JJA2701|0|1957|0|||3|3|0|1|1|132|178|["132,18,5,3800","132,178,5,1935","132,162,5"]|14:11:04:797
