62|1.1|636136524503588158|0|50664.1015625|6.19589891441|99.78017712841|-107657|-829477||50664.1015625|55.75||0|||750076|X|X|2898||||3|3|3|1|1|132|51|["132,50,4"]|14:04:24:102
62|1.1|636136524516079407|0|50669.5|6.19277146338|99.78192056166|-107464|-829825||50669.5|55.75||137.5|||750076|X|X|2898||||3|3|3|1|1|132|51|["132,50,4"]|14:04:29:500
62|1.1|636136524565994398|0|50674.5|6.18734804487|99.7861262591|-106998|-830429||50674.5|57||5693.75|55.75|50674.5|750076|AXM6317|0|2898|1831.25|||3|3|1|1|1|132|50|["132,50,5"]|14:04:34:500
62|1.1|636136524615909389|0|50679.4765625|6.18181197375|99.79061627027|-106501|-831045||50679.4765625|58||5806.25|57.25|50679.4765625|750076|AXM6317|0|2898|1593.75|||3|3|1|1|1|132|50|["132,50,5"]|14:04:39:477
62|1.1|636136524665834381|0|50684.4765625|6.17712347941|99.79432307758|-106090|-831567||50684.4765625|59||5900|57.75|50684.4765625|750076|AXM6317|0|2898|1356.25|||3|3|1|1|1|132|50|["132,50,5"]|14:04:44:477
62|1.1|636136524715759373|0|50689.4609375|6.17093831468|99.79968212317|-105497|-832256||50689.4609375|60.25||6018.75|58.75|50689.4609375|750076|AXM6317|0|2898|1281.25|||3|3|1|1|1|132|51|["132,50,5"]|14:04:49:461
62|1.1|636136524765684365|0|50694.4609375|6.16554708263|99.80414531229|-105002|-832856||50694.4609375|61||6100|59.75|50694.4609375|750076|AXM6317|0|2898|1218.75|||3|3|1|1|1|132|50|["132,50,5"]|14:04:54:461
62|1.1|636136524815599356|0|50699.4609375|6.1593619179|99.80928978148|-104432|-833545||50699.4609375|62||6187.5|60.75|50699.4609375|750076|AXM6317|0|2898|1237.5|||3|3|1|1|1|132|51|["132,50,5"]|14:04:59:461
62|1.1|636136524865524348|0|50704.4375|6.15316065994|99.81433769129|-103873|-834235||50704.4375|63.25||6300|62.25|50704.4375|750076|AXM6317|0|2898|1281.25|||3|3|1|1|1|132|50|["132,50,5"]|14:05:04:438
62|1.1|636136524915439339|0|50709.4375|6.14713642751|99.81932122818|-103321|-834906||50709.4375|64.75||6481.25|63.5|50709.4375|750076|AXM6317|0|2898|1375|||3|3|1|1|1|132|50|["132,50,5"]|14:05:09:438
62|1.1|636136524965364331|0|50714.421875|6.13945459239|99.82558685906|-102627|-835761||50714.421875|68||6775|66.75|50714.421875|750076|AXM6317|0|2898|1850|||3|3|1|1|1|132|51|["132,50,5"]|14:05:14:422
62|1.1|636136525015279322|0|50719.421875|6.13310313095|99.83079570117|-102049|-836468||50719.421875|70||7012.5|69.25|50719.421875|750076|AXM6317|0|2898|2400|||3|3|1|1|1|132|51|["132,50,5"]|14:05:19:422
62|1.1|636136525065204314|0|50724.421875|6.12671411864|99.83603136533|-101470|-837180||50724.421875|72||7275|71.5|50724.421875|750076|AXM6317|0|2898|2837.5|||3|3|1|1|1|132|51|["132,50,5"]|14:05:24:422
62|1.1|636136525115129306|0|50729.3984375|6.12028219105|99.8410578175|-100913|-837895||50729.3984375|74.25||7556.25|74.25|50729.3984375|750076|AXM6317|0|2898|3050|||3|3|1|1|1|132|51|["132,50,5"]|14:05:29:398
62|1.1|636136525165054298|0|50734.3984375|6.1139253652|99.84622910874|-100340|-838603||50734.3984375|76.25||7825|77.25|50734.3984375|750076|AXM6317|0|2898|3087.5|||3|3|1|1|1|132|50|["132,50,5"]|14:05:34:398
62|1.1|636136525214969289|0|50739.375|6.10795477687|99.85133066265|-99774|-839268||50739.375|80.75||8093.75|79.25|50739.375|750076|AXM6317|0|2898|2950|||3|3|1|1|1|132|51|["132,50,5"]|14:05:39:375
62|1.1|636136525264914283|0|50744.375|6.10194663767|99.85620154693|-99235|-839937||50744.375|82.5||8306.25|81.5|50744.375|750076|AXM6317|0|2898|2950|||3|3|1|1|1|132|51|["132,50,5"]|14:05:44:375
62|1.1|636136525314819273|0|50749.375|6.09523576076|99.86139966022|-98659|-840683||50749.375|84.25||8531.25|83.75|50749.375|750076|AXM6317|0|2898|2912.5|||3|3|1|1|1|132|51|["132,50,5"]|14:05:49:375
62|1.1|636136525364744265|0|50754.359375|6.08917397746|99.86602914605|-98146|-841358||50754.359375|86.75||8725|85.5|50754.359375|750076|AXM6317|0|2898|2443.75|||3|3|1|1|1|132|50|["132,50,5"]|14:05:54:359
62|1.1|636136525414659256|0|50759.359375|6.0829727195|99.87087320828|-97609|-842049||50759.359375|89||8918.75|87.75|50759.359375|750076|AXM6317|0|2898|2537.5|||3|3|1|1|1|132|50|["132,50,5"]|14:05:59:359
62|1.1|636136525464584248|0|50764.3359375|6.07585414743|99.87660239816|-96974|-842841||50764.3359375|91.5||9168.75|90.25|50764.3359375|750076|AXM6317|0|2898|2693.75|||3|3|1|1|1|132|51|["132,50,5"]|14:06:04:336
62|1.1|636136525514499239|0|50769.3359375|6.06992647438|99.88141427393|-96440|-843501||50769.3359375|93.25||9368.75|92.25|50769.3359375|750076|AXM6317|0|2898|2756.25|||3|3|1|1|1|132|50|["132,50,5"]|14:06:09:336
62|1.1|636136525564424231|0|50774.3359375|6.06363402145|99.88681087039|-95842|-844201||50774.3359375|95.5||9593.75|94.5|50774.3359375|750076|AXM6317|0|2898|2718.75|||3|3|1|1|1|132|50|["132,50,5"]|14:06:14:336
62|1.1|636136525614349223|0|50779.3203125|6.05730401765|99.89221283126|-95243|-844906||50779.3203125|97.75||9818.75|96.75|50779.3203125|750076|AXM6317|0|2898|2675|||3|3|1|1|1|132|50|["132,50,5"]|14:06:19:320
62|1.1|636136525664274215|0|50784.3203125|6.05083453919|99.89764697859|-94641|-845626||50784.3203125|100||10056.25|99.25|50784.3203125|750076|AXM6317|0|2898|2675|||3|3|1|1|1|132|50|["132,50,5"]|14:06:24:320
62|1.1|636136525714209208|0|50789.296875|6.04352821277|99.90338689729|-94004|-846440||50789.296875|103.5||10325|103.5|50789.296875|750076|AXM6317|0|2898|2856.25|||3|3|1|1|1|132|51|["132,50,5"]|14:06:29:297
62|1.1|636136525764114198|0|50794.296875|6.03650083567|99.90894442605|-93389|-847222||50794.296875|105.5||10587.5|106.25|50794.296875|750076|AXM6317|0|2898|2993.75|||3|3|1|1|1|132|51|["132,50,5"]|14:06:34:297
62|1.1|636136525814029189|0|50799.296875|6.03014400982|99.91401915791|-92826|-847929||50799.296875|107.25||10800|107.75|50799.296875|750076|AXM6317|0|2898|2618.75|||3|3|1|1|1|132|51|["132,50,5"]|14:06:39:297
62|1.1|636136525863954181|0|50804.28125|6.02363161608|99.91907779654|-92265|-848654||50804.28125|109||11018.75|109.75|50804.28125|750076|AXM6317|0|2898|2343.75|||3|3|1|1|1|132|51|["132,50,5"]|14:06:44:281
62|1.1|636136525913879173|0|50809.28125|6.01674371364|99.92472652027|-91639|-849421||50809.28125|110.75||11231.25|111.75|50809.28125|750076|AXM6317|0|2898|2537.5|||3|3|1|1|1|132|50|["132,50,5"]|14:06:49:281
62|1.1|636136525963794164|0|50814.2578125|6.00984508238|99.93049862543|-90999|-850189||50814.2578125|113||11481.25|114.75|50814.2578125|750076|AXM6317|0|2898|2793.75|||3|3|1|1|1|132|50|["132,50,5"]|14:06:54:258
62|1.1|636136526013729157|0|50819.2578125|6.00366528206|99.9357932981|-90412|-850877||50819.2578125|115.25||11718.75|117.25|50819.2578125|750076|AXM6317|0|2898|2775|||3|3|1|1|1|132|50|["132,50,5"]|14:06:59:258
62|1.1|636136526063644148|0|50824.2578125|5.99634822682|99.9414259286|-89787|-851691||50824.2578125|119.25||11975|119.75|50824.2578125|750076|AXM6317|0|2898|2912.5|||3|3|1|1|1|132|51|["132,50,5"]|14:07:04:258
62|1.1|636136526113559139|0|50829.2421875|5.9894710532|99.94649529605|-89225|-852456||50829.2421875|119.75||12225|122.25|50829.2421875|750076|AXM6317|0|2898|2912.5|||3|3|1|1|1|132|50|["132,50,5"]|14:07:09:242
62|1.1|636136526163484131|0|50834.2421875|5.98250804902|99.95157539232|-88662|-853232||50834.2421875|121.75||12475|124.5|50834.2421875|750076|AXM6317|0|2898|2856.25|||3|3|1|1|1|132|50|["132,50,5"]|14:07:14:242
62|1.1|636136526213399122|0|50839.21875|5.97573279919|99.95759426034|-87994|-853986||50839.21875|126||12662.5|126.5|50839.21875|750076|AXM6317|0|2898|2693.75|||3|3|1|1|1|132|50|["132,66,4","132,50,5"]|14:07:19:219
62|1.1|636136526263324114|0|50844.21875|5.96884489675|99.9629908568|-87396|-854752||50844.21875|128||12887.5|128.75|50844.21875|750076|AXM6317|0|2898|2693.75|||3|3|1|1|1|132|50|["132,66,5","132,50,5"]|14:07:24:219
62|1.1|636136526313249106|0|50849.21875|5.96281529991|99.96819969891|-86818|-855424||50849.21875|130||13075|130.5|50849.21875|750076|AXM6317|0|2898|2556.25|||3|3|1|1|1|132|50|["132,66,5","132,50,5"]|14:07:29:219
62|1.1|636136526363174098|0|50854.1953125|5.95576110076|99.97424002457|-86148|-856209||50854.1953125|131.75||13250|132.5|50854.1953125|750076|AXM6317|0|2898|2462.5|||3|3|1|1|1|132|50|["132,66,5","132,50,5"]|14:07:34:195
62|1.1|636136526413089089|0|50859.1953125|5.94871763043|99.97936303612|-85580|-856993||50859.1953125|133.5||13462.5|134.25|50859.1953125|750076|AXM6317|0|2898|2381.25|||3|3|1|1|1|132|50|["132,66,5","132,50,5"]|14:07:39:195
62|1.1|636136526463014081|0|50864.1796875|5.94248955042|99.9848776496|-84968|-857686||50864.1796875|135||13600|135.75|50864.1796875|750076|AXM6317|0|2898|2162.5|||3|3|1|1|1|132|50|["132,66,5","132,50,5"]|14:07:44:180
62|1.1|636136526512939073|0|50869.1796875|5.93597715668|99.99044590718|-84350|-858411||50869.1796875|136.75||13762.5|137.25|50869.1796875|750076|AXM6317|0|2898|2068.75|||3|3|1|1|1|132|50|["132,66,5","132,50,5"]|14:07:49:180
62|1.1|636136526562854064|0|50874.1796875|5.92849380473|99.99679200421|-83646|-859244||50874.1796875|140||13962.5|140.25|50874.1796875|750076|AXM6317|0|2898|2306.25|||3|3|1|1|1|132|51|["132,66,5","132,50,5"]|14:07:54:180
62|1.1|636136526612779056|0|50879.15625|5.92152543614|100.00203303278|-83065|-860019||50879.15625|141||14162.5|142.5|50879.15625|750076|AXM6317|0|2898|2775|||3|3|1|1|1|132|50|["132,66,5","132,50,5"]|14:07:59:156
62|1.1|636136526662704048|0|50884.15625|5.91482528805|100.00753691744|-82454|-860765||50884.15625|144.25||14456.25|144.5|50884.15625|750076|AXM6317|0|2898|2556.25|||3|3|1|1|1|132|51|["132,66,5","132,50,5"]|14:08:04:156
62|1.1|636136526712629040|0|50889.140625|5.90807149586|100.01304616651|-81843|-861517||50889.140625|147.5||14725|147.25|50889.140625|750076|AXM6317|0|2898|2775|||3|3|1|1|1|132|66|["132,66,5","132,50,5"]|14:08:09:141
62|1.1|636136526762544031|0|50894.140625|5.90066861006|100.01880754285|-81204|-862341||50894.140625|149.75||14993.75|148.5|50894.140625|750076|AXM6317|0|2898|3112.5|||3|3|1|1|1|132|66|["132,66,5","132,50,5"]|14:08:14:141
62|1.1|636136526812469023|0|50899.140625|5.89349639389|100.02424169018|-80601|-863139||50899.140625|152||15250|151.25|50899.140625|750076|AXM6317|0|2898|3031.25|||3|3|1|1|1|132|66|["132,66,5","132,50,5"]|14:08:19:141
62|1.1|636136526862394015|0|50904.1171875|5.88633490654|100.03018545646|-79942|-863936||50904.1171875|154||15468.75|153.25|50904.1171875|750076|AXM6317|0|2898|2812.5|||3|3|1|1|1|132|66|["132,66,5","132,50,5"]|14:08:24:117
62|1.1|636136526912309006|0|50909.1171875|5.87982787721|100.03569470553|-79330|-864660||50909.1171875|155.5||15643.75|154.25|50909.1171875|750076|AXM6317|0|2898|2400|||3|3|1|1|1|132|66|["132,66,5","132,50,5"]|14:08:29:117
62|1.1|636136526962233998|0|50914.1015625|5.87277904247|100.04165456504|-78669|-865445||50914.1015625|155.5||15806.25|154.25|50914.1015625|750076|AXM6317|0|2898|2400|||3|3|1|1|1|132|50|["132,66,5","132,50,5"]|14:08:34:102
62|1.1|636136527012148989|0|50919.1015625|5.86628810637|100.0472120938|-78052|-866167||50919.1015625|157.75||15856.25|156.5|50919.1015625|750076|AXM6317|0|2898|1731.25|||3|3|1|1|1|132|50|["132,66,5","132,50,5"]|14:08:39:102
62|1.1|636136527062073981|0|50924.1015625|5.85962550915|100.05275352933|-77437|-866909||50924.1015625|158.75||15931.25|157.25|50924.1015625|750076|AXM6317|0|2898|1456.25|||3|3|1|1|1|132|50|["132,66,5","132,50,5"]|14:08:44:102
62|1.1|636136527111988972|0|50929.078125|5.85276442876|100.05837543101|-76813|-867672||50929.078125|159.75||16012.5|158.5|50929.078125|750076|AXM6317|0|2898|1356.25|||3|3|1|1|1|132|50|["132,66,5","132,50,5"]|14:08:49:078
62|1.1|636136527161913964|0|50934.078125|5.84490556811|100.06474298568|-76106|-868547||50934.078125|161.25||16112.5|160.25|50934.078125|750076|AXM6317|0|2898|1493.75|||3|3|1|1|1|132|50|["132,66,5","132,50,5"]|14:08:54:078
62|1.1|636136527211838956|0|50939.0625|5.8368535887|100.07126074383|-75383|-869443||50939.0625|163.5||16325|161.75|50939.0625|750076|AXM6317|0|2898|1868.75|||3|3|1|1|1|132|51|["132,66,5","132,50,5"]|14:08:59:063
62|1.1|636136527261763948|0|50944.0625|5.83094200888|100.07605116196|-74851|-870101||50944.0625|165||16481.25|163.5|50944.0625|750076|AXM6317|0|2898|2006.25|||3|3|1|1|1|132|51|["132,50,5"]|14:09:04:063
62|1.1|636136527311678939|0|50949.0625|5.82313679233|100.08238653017|-74148|-870970||50949.0625|166||16656.25|165.25|50949.0625|750076|AXM6317|0|2898|2050|||3|3|1|1|1|132|50|["132,50,5"]|14:09:09:063
62|1.1|636136527361603931|0|50954.0390625|5.81585728796|100.08826055912|-73496|-871780||50954.0390625|167.75||16825|167.25|50954.0390625|750076|AXM6317|0|2898|2087.5|||3|3|1|1|1|132|50|["132,50,5"]|14:09:14:039
62|1.1|636136527411548925|0|50959.0390625|5.80846513098|100.0942043254|-72836|-872602||50959.0390625|169.75||16993.75|169.25|50959.0390625|750076|AXM6317|0|2898|2187.5|||3|3|1|1|1|132|50|["132,50,5"]|14:09:19:039
62|1.1|636136527461453915|0|50964.015625|5.80186690668|100.09965993037|-72230|-873337||50964.015625|171.5||17243.75|171.25|50964.015625|750076|AXM6317|0|2898|2243.75|||3|3|1|1|1|132|50|["132,66,5","132,50,5"]|14:09:24:016
62|1.1|636136527511368906|0|50969.015625|5.79376128317|100.1060596715|-71520|-874239||50969.015625|174.5||17462.5|173.25|50969.015625|750076|AXM6317|0|2898|2106.25|||3|3|1|1|1|132|51|["132,66,5","132,50,5"]|14:09:29:016
62|1.1|636136527561293898|0|50974.015625|5.78687338073|100.11166011554|-70898|-875005||50974.015625|176||17625|174.75|50974.015625|750076|AXM6317|0|2898|2087.5|||3|3|1|1|1|132|51|["132,66,5","132,50,5"]|14:09:34:016
62|1.1|636136527611208889|0|50979|5.77926128294|100.11767898356|-70230|-875853||50979|177.5||17812.5|176.75|50979|750076|AXM6317|0|2898|2162.5|||3|3|1|1|1|132|51|["132,66,5","132,50,5"]|14:09:39:000
62|1.1|636136527661133881|0|50984|5.77229827876|100.12337062257|-69598|-876627||50984|178.75||17968.75|179.5|50984|750076|AXM6317|0|2898|1850|||3|3|1|1|1|132|51|["132,66,5","132,50,5"]|14:09:44:000
62|1.1|636136527711058873|0|50988.9765625|5.7652387152|100.12900325307|-68972|-877413||50988.9765625|180.25||18137.5|180.75|50988.9765625|750076|AXM6317|0|2898|1731.25|||3|3|1|1|1|132|51|["132,66,5","132,50,5"]|14:09:48:977
62|1.1|636136527760973864|0|50993.9765625|5.75697215939|100.13589651992|-68207|-878333||50993.9765625|183.5||18356.25|183.25|50993.9765625|750076|AXM6317|0|2898|2187.5|||3|3|1|1|1|132|83|["132,66,5","132,50,5"]|14:09:53:977
62|1.1|636136527810908857|0|50998.9765625|5.7503256554|100.14135212489|-67601|-879072||50998.9765625|185.5||18543.75|185.5|50998.9765625|750076|AXM6317|0|2898|2400|||3|3|1|1|1|132|83|["132,66,5","132,50,5"]|14:09:58:977
62|1.1|636136527860823848|0|51003.9609375|5.74277793053|100.14752119639|-66916|-879912||51003.9609375|187.5||18762.5|187.75|51003.9609375|750076|AXM6317|0|2898|2518.75|||3|3|1|1|1|132|50|["132,66,5","132,50,5"]|14:10:03:961
62|1.1|636136527910748840|0|51008.9609375|5.73602413834|100.15295534372|-66312|-880664||51008.9609375|189||18956.25|189.25|51008.9609375|750076|AXM6317|0|2898|2187.5|||3|3|1|1|1|132|50|["132,66,5","132,50,5"]|14:10:08:961
62|1.1|636136527960663831|0|51013.9375|5.72912550708|100.15864161832|-65681|-881432||51013.9375|190.5||19112.5|190.75|51013.9375|750076|AXM6317|0|2898|1812.5|||3|3|1|1|1|132|50|["132,66,5","132,50,5"]|14:10:13:938
62|1.1|636136528010588823|0|51018.9375|5.72125591761|100.164799961|-64997|-882307||51018.9375|191.75||19268.75|192.25|51018.9375|750076|AXM6317|0|2898|1812.5|||3|3|1|1|1|132|50|["132,66,5","132,50,5"]|14:10:18:938
62|1.1|636136528060503814|0|51023.9375|5.71316638733|100.17143037176|-64260|-883208||51023.9375|193.75||19418.75|193.75|51023.9375|750076|AXM6317|0|2898|1768.75|||3|3|1|1|1|132|51|["132,66,5","132,50,5"]|14:10:23:938
62|1.1|636136528110428806|0|51028.921875|5.707195799|100.17634953573|-63714|-883872||51028.921875|194.75||19512.5|195.25|51028.921875|750076|AXM6317|0|2898|1656.25|||3|3|1|1|1|132|51|["132,66,5","132,50,5"]|14:10:28:922
62|1.1|636136528160353798|0|51033.921875|5.6994710486|100.18263662425|-63016|-884732||51033.921875|196.25||19656.25|196.5|51033.921875|750076|AXM6317|0|2898|1675|||3|3|1|1|1|132|51|["132,66,5","132,50,5"]|14:10:33:922
62|1.1|636136528210278790|0|51038.921875|5.69222373069|100.18836581413|-62379|-885538||51038.921875|197.5||19806.25|198.25|51038.921875|750076|AXM6317|0|2898|1731.25|||3|3|1|1|1|132|51|["132,66,5","132,50,5"]|14:10:38:922
62|1.1|636136528260193781|0|51043.8984375|5.6850944298|100.19422374985|-61728|-886332||51043.8984375|198.5||19931.25|199.25|51043.8984375|750076|AXM6317|0|2898|1675|||3|3|1|1|1|132|50|["132,66,5","132,50,5"]|14:10:43:898
62|1.1|636136528310118773|0|51048.8984375|5.67716046741|100.20039282135|-61043|-887214||51048.8984375|199.5||20056.25|200.5|51048.8984375|750076|AXM6317|0|2898|1612.5|||3|3|1|1|1|132|50|["132,66,5","132,50,5"]|14:10:48:898
62|1.1|636136528360033764|0|51053.875|5.66997752242|100.20631512999|-60385|-888014||51053.875|200.5||20156.25|201.5|51053.875|750076|AXM6317|0|2898|1475|||3|3|1|1|1|132|50|["132,66,5","132,50,5"]|14:10:53:875
62|1.1|636136528409968757|0|51058.875|5.66249953488|100.21225889627|-59725|-888846||51058.875|201.5||20281.25|202.5|51058.875|750076|AXM6317|0|2898|1418.75|||3|3|1|1|1|132|50|["132,66,2","132,50,5"]|14:10:58:875
62|1.1|636136528459873747|0|51063.859375|5.65522539492|100.218444061|-59037|-889655||51063.859375|203||20331.25|203.5|51063.859375|750076|AXM6317|0|2898|1318.75|||3|3|1|1|1|132|51|["132,66,2","132,50,5"]|14:11:03:859
62|1.1|636136528509808740|0|51068.859375|5.64703930526|100.22492426828|-58317|-890566||51068.859375|203.75||20418.75|204.25|51068.859375|750076|AXM6317|0|2898|1218.75|||3|3|1|1|1|132|51|["132,66,5","132,50,5"]|14:11:08:859
