62|1.1|636136524229020704|0|50632.2578125|13.90148227748|100.60242316439|-15815|23865||50632.2578125|9.5||568.75|3.75|50632.2578125|75013f|AXM1808|X|2758|2481.25|||3|3|3|1|1|132|5|[]|14:03:52:258
62|1.1|636136524229020704|0|50640.796875|13.89589792667|100.5992635269|-16157|23247||50640.796875|9.5||931.25|7|50640.796875|75013f|AXM1808|X|2758|2481.25|||3|3|3|1|1|132|5|[]|14:04:00:797
62|1.1|636136524278945696|0|50645.78125|13.89307624701|100.59767029713|-16329|22935||50645.78125|11.5||1143.75|9.5|50645.78125|75013f|AXM1808|0|2758|2537.5|||3|3|1|1|1|132|5|["132,18,5,3811"]|14:04:05:781
62|1.1|636136524328860687|0|50650.78125|13.88961083815|100.59576593158|-16535|22552||50650.78125|13.75||1418.75|12.25|50650.78125|75013f|AXM1808|0|2758|2893.75|||3|3|1|1|1|132|5|["132,18,5,3811"]|14:04:10:781
62|1.1|636136524378785679|0|50655.78125|13.88670869234|100.59417806622|-16707|22231||50655.78125|15.75||1643.75|14.5|50655.78125|75013f|AXM1808|0|2758|2875|||3|3|1|1|1|132|5|["132,18,5,3811"]|14:04:15:781
62|1.1|636136524428720672|0|50660.7578125|13.88380118212|100.59257947204|-16880|21909||50660.7578125|17.5||1856.25|16.5|50660.7578125|75013f|AXM1808|0|2758|2637.5|||3|3|1|1|1|132|18|["132,18,5,3811"]|14:04:20:758
62|1.1|636136524478625662|0|50665.7578125|13.88050743438|100.59075020823|-17078|21545||50665.7578125|19.5||2087.5|18.5|50665.7578125|75013f|AXM1808|0|2758|2637.5|||3|3|1|1|1|132|18|["132,18,5,3811"]|14:04:25:758
62|1.1|636136524528550654|0|50670.7421875|13.87755700888|100.58855616454|-17315|21219||50670.7421875|21.75||2206.25|20.25|50670.7421875|75013f|AXM1808|0|2758|2243.75|||3|3|1|1|1|132|5|["132,18,5,3811"]|14:04:30:742
62|1.1|636136524578465645|0|50675.7421875|13.87450465959|100.58668934986|-17518|20881||50675.7421875|22.5||2375|21.75|50675.7421875|75013f|AXM1808|0|2758|2143.75|||3|3|1|1|1|132|18|["132,18,5,3811"]|14:04:35:742
62|1.1|636136524628390637|0|50680.7421875|13.87148449676|100.58473134021|-17729|20547||50680.7421875|24||2537.5|23.25|50680.7421875|75013f|AXM1808|0|2758|2025|||3|3|1|1|1|132|18|["132,18,5,3811"]|14:04:40:742
62|1.1|636136524678315629|0|50685.71875|13.86857698654|100.58263922031|-17956|20226||50685.71875|25.5||2687.5|24.5|50685.71875|75013f|AXM1808|0|2758|1931.25|||3|3|1|1|1|132|18|["132,18,5,3811"]|14:04:45:719
62|1.1|636136524728240621|0|50690.71875|13.86927435984|100.57712460683|-18552|20303||50690.71875|27||2768.75|26.25|50690.71875|75013f|AXM1808|0|2758|1831.25|||3|3|1|1|1|132|18|["132,18,5,3811"]|14:04:50:719
62|1.1|636136524778155612|0|50695.6953125|13.86768649448|100.57347680803|-18946|20128||50695.6953125|29.25||2925|27.75|50695.6953125|75013f|AXM1808|0|2758|1868.75|||3|3|1|1|1|132|5|["132,18,5,3811"]|14:04:55:695
62|1.1|636136524828080604|0|50700.6953125|13.865926968|100.57015087383|-19306|19933||50700.6953125|30.25||3112.5|29.25|50700.6953125|75013f|AXM1808|0|2758|1887.5|||3|3|1|1|1|132|18|["132,18,5,3811"]|14:05:00:695
62|1.1|636136524877995595|0|50705.6953125|13.86395286512|100.56726482125|-19618|19715||50705.6953125|31.75||3243.75|30.5|50705.6953125|75013f|AXM1808|0|2758|1793.75|||3|3|1|1|1|132|18|["132,18,5,3811"]|14:05:05:695
62|1.1|636136524927920587|0|50710.6796875|13.86167835528|100.56406763289|-19964|19464||50710.6796875|33.25||3400|32.25|50710.6796875|75013f|AXM1808|0|2758|1768.75|||3|3|1|1|1|132|18|["132,18,5,3811"]|14:05:10:680
62|1.1|636136524977845579|0|50715.6796875|13.85935020134|100.56089190217|-20308|19206||50715.6796875|34.25||3512.5|33.25|50715.6796875|75013f|AXM1808|0|2758|1675|||3|3|1|1|1|132|18|["132,18,5,3811"]|14:05:15:680
62|1.1|636136525027760570|0|50720.65625|13.85687720833|100.55737284921|-20688|18933||50720.65625|35.25||3556.25|33.5|50720.65625|75013f|AXM1808|0|2758|1025|||3|3|1|1|1|132|5|["132,18,5,3811"]|14:05:20:656
62|1.1|636136525077685562|0|50725.65625|13.85469925787|100.55394499122|-21059|18692||50725.65625|36||3631.25|34.25|50725.65625|75013f|AXM1808|0|2758|887.5|||3|3|1|1|1|132|5|["132,18,5,3811"]|14:05:25:656
62|1.1|636136525127610554|0|50730.65625|13.85238719716|100.55040984503|-21441|18437||50730.65625|36.5||3718.75|35.25|50730.65625|75013f|AXM1808|0|2758|906.25|||3|3|1|1|1|132|18|["132,18,5,3811"]|14:05:30:656
62|1.1|636136525177525545|0|50735.640625|13.85021461111|100.54705172437|-21804|18197||50735.640625|37.25||3768.75|35.75|50735.640625|75013f|AXM1808|0|2758|887.5|||3|3|1|1|1|132|18|["132,18,5,3811"]|14:05:35:641
62|1.1|636136525227450537|0|50740.640625|13.84791327922|100.54345756967|-22193|17943||50740.640625|38.25||3837.5|36.5|50740.640625|75013f|AXM1808|0|2758|887.5|||3|3|1|1|1|132|18|["132,18,5,3811"]|14:05:40:641
62|1.1|636136525277375529|0|50745.6171875|13.84490920962|100.5388602703|-22690|17611||50745.6171875|39.25||3918.75|37.25|50745.6171875|75013f|AXM1808|0|2758|906.25|||3|3|1|1|1|132|5|["132,18,5,3811"]|14:05:45:617
62|1.1|636136525327300521|0|50750.6171875|13.84233965723|100.53487987808|-23121|17327||50750.6171875|39.75||3981.25|38.25|50750.6171875|75013f|AXM1808|0|2758|906.25|||3|3|1|1|1|132|5|["132,18,5,3811"]|14:05:50:617
62|1.1|636136525377215512|0|50755.6171875|13.83993640155|100.53110869785|-23529|17061||50755.6171875|39.75||4037.5|38.25|50755.6171875|75013f|AXM1808|0|2758|768.75|||3|3|1|1|1|132|18|["132,18,5,3811"]|14:05:55:617
62|1.1|636136525427160506|0|50760.6015625|13.83613303486|100.52515420275|-24173|16641||50760.6015625|41||4093.75|39.25|50760.6015625|75013f|AXM1808|0|2758|668.75|||3|3|1|1|1|132|5|["132,18,5,3811"]|14:06:00:602
62|1.1|636136525477065496|0|50765.6015625|13.83312896526|100.52060518307|-24665|16309||50765.6015625|42||4175|40.25|50765.6015625|75013f|AXM1808|0|2758|868.75|||3|3|1|1|1|132|5|["132,18,5,3811"]|14:06:05:602
62|1.1|636136525526980487|0|50770.578125|13.8303609297|100.51625464656|-25136|16003||50770.578125|42.75||4243.75|40.75|50770.578125|75013f|AXM1808|0|2758|1006.25|||3|3|1|1|1|132|18|["132,18,5,3811"]|14:06:10:578
62|1.1|636136525576905479|0|50775.578125|13.82652001214|100.51043426171|-25765|15579||50775.578125|44.25||4406.25|42.25|50775.578125|75013f|AXM1808|0|2758|1237.5|||3|3|1|1|1|132|5|["132,18,5,3811"]|14:06:15:578
62|1.1|636136525626820470|0|50780.578125|13.82330673055|100.50563311476|-26285|15224||50780.578125|45.25||4518.75|43.5|50780.578125|75013f|AXM1808|0|2758|1337.5|||3|3|1|1|1|132|5|["132,18,5,3811"]|14:06:20:578
62|1.1|636136525676745462|0|50785.5625|13.82009344896|100.50072467961|-26816|14869||50785.5625|46||4637.5|44.5|50785.5625|75013f|AXM1808|0|2758|1337.5|||3|3|1|1|1|132|18|["132,18,5,3811"]|14:06:25:563
62|1.1|636136525726670454|0|50790.5625|13.81658512482|100.49490429476|-27446|14481||50790.5625|47.5||4793.75|46.25|50790.5625|75013f|AXM1808|0|2758|1418.75|||3|3|1|1|1|132|18|["132,18,5,3811"]|14:06:30:563
62|1.1|636136525776595446|0|50795.5390625|13.81350595348|100.48941113892|-28040|14141||50795.5390625|49.25||4943.75|47.5|50795.5390625|75013f|AXM1808|0|2758|1518.75|||3|3|1|1|1|132|18|["132,18,5,3811"]|14:06:35:539
62|1.1|636136525826510437|0|50800.5390625|13.81068963823|100.48348883028|-28680|13831||50800.5390625|51.25||5150|49.25|50800.5390625|75013f|AXM1808|0|2758|1868.75|||3|3|1|1|1|132|18|["132,18,5,3811"]|14:06:40:539
62|1.1|636136525876435429|0|50805.5390625|13.80791087385|100.47730366555|-29350|13524||50805.5390625|53.75||5375|51.75|50805.5390625|75013f|AXM1808|0|2758|2243.75|||3|3|1|1|1|132|18|["132,18,5,3811"]|14:06:45:539
62|1.1|636136525926360421|0|50810.515625|13.80501409245|100.47027628845|-30110|13204||50810.515625|57||5681.25|54.75|50810.515625|75013f|AXM1808|0|2758|2875|||3|3|1|1|1|132|5|["132,18,5,3811"]|14:06:50:516
62|1.1|636136525976275412|0|50815.515625|13.80254646385|100.46459537826|-30724|12932||50815.515625|58.75||5918.75|57.25|50815.515625|75013f|AXM1808|0|2758|2912.5|||3|3|1|1|1|132|18|["132,18,5,3811"]|14:06:55:516
62|1.1|636136526026200404|0|50820.5|13.79953702984|100.45776111992|-31464|12600||50820.5|61.5||6243.75|60.25|50820.5|75013f|AXM1808|0|2758|3325|||3|3|1|1|1|132|18|["132,18,5,3811"]|14:07:00:500
62|1.1|636136526076115395|0|50825.5|13.79679045192|100.4519568283|-32092|12297||50825.5|64.25||6506.25|63.25|50825.5|75013f|AXM1808|0|2758|3206.25|||3|3|1|1|1|132|18|["132,18,5,3811"]|14:07:05:500
62|1.1|636136526126060389|0|50830.5|13.79401705195|100.44618472314|-32716|11991||50830.5|67||6768.75|65.5|50830.5|75013f|AXM1808|0|2758|3150|||3|3|1|1|1|132|18|["132,18,5,3811"]|14:07:10:500
62|1.1|636136526175965379|0|50835.4765625|13.7909325162|100.43933973598|-33457|11650||50835.4765625|69.5||7075|68.75|50835.4765625|75013f|AXM1808|0|2758|3368.75|||3|3|1|1|1|132|18|["132,18,5,3811"]|14:07:15:477
62|1.1|636136526225890371|0|50840.4765625|13.78733299709|100.4339860548|-34036|11253||50840.4765625|72.5||7268.75|70.5|50840.4765625|75013f|AXM1808|0|2758|2718.75|||3|3|1|1|1|132|5|["132,18,5,3811"]|14:07:20:477
62|1.1|636136526275805362|0|50845.4609375|13.78323995226|100.42923855195|-34550|10801||50845.4609375|74.75||7481.25|72.75|50845.4609375|75013f|AXM1808|0|2758|2737.5|||3|3|1|1|1|132|5|["132,18,5,3811"]|14:07:25:461
62|1.1|636136526325730354|0|50850.4609375|13.77821350009|100.42495775277|-35014|10245||50850.4609375|76.5||7712.5|75.25|50850.4609375|75013f|AXM1808|0|2758|2693.75|||3|3|1|1|1|132|18|["132,18,5,3811"]|14:07:30:461
62|1.1|636136526375655346|0|50855.4609375|13.77235019996|100.42142260658|-35397|9597||50855.4609375|78.75||7912.5|77.25|50855.4609375|75013f|AXM1808|0|2758|2618.75|||3|3|1|1|1|132|18|["132,18,5,3811"]|14:07:35:461
62|1.1|636136526425570337|0|50860.4375|13.76596118765|100.41894961357|-35665|8890||50860.4375|80.75||8112.5|79.25|50860.4375|75013f|AXM1808|0|2758|2556.25|||3|3|1|1|1|132|18|["132,18,5,3811"]|14:07:40:438
62|1.1|636136526475495329|0|50865.4375|13.75837591191|100.41766751958|-35805|8052||50865.4375|83.5||8356.25|81.5|50865.4375|75013f|AXM1808|0|2758|2675|||3|3|1|1|1|132|5|["132,18,5,3811"]|14:07:45:438
62|1.1|636136526525410320|0|50870.421875|13.75130025512|100.4171418074|-35863|7269||50870.421875|85||8575|83.75|50870.421875|75013f|AXM1808|0|2758|2656.25|||3|3|1|1|1|132|18|["132,18,5,3811"]|14:07:50:422
62|1.1|636136526575335312|0|50875.421875|13.74433725094|100.41711498535|-35867|6498||50875.421875|87.5||8825|86.25|50875.421875|75013f|AXM1808|0|2758|2737.5|||3|3|1|1|1|132|18|["132,18,5,3811"]|14:07:55:422
62|1.1|636136526625260304|0|50880.421875|13.73838812025|100.4170881633|-35871|5840||50880.421875|90||9062.5|88.5|50880.421875|75013f|AXM1808|0|2758|2775|||3|3|1|1|1|132|18|["132,18,5,3811"]|14:08:00:422
62|1.1|636136526675175295|0|50885.3984375|13.73119444644|100.41710962094|-35870|5044||50885.3984375|92.75||9356.25|91.75|50885.3984375|75013f|AXM1808|0|2758|3306.25|||3|3|1|1|1|132|18|["132,18,5,3811"]|14:08:05:398
62|1.1|636136526725100287|0|50890.3984375|13.7240919676|100.41711498535|-35870|4258||50890.3984375|95||9625|94.25|50890.3984375|75013f|AXM1808|0|2758|3206.25|||3|3|1|1|1|132|18|["132,18,5,3811"]|14:08:10:398
62|1.1|636136526775025279|0|50895.375|13.71767076883|100.41716862945|-35865|3548||50895.375|97.25||9756.25|95.25|50895.375|75013f|AXM1808|0|2758|2400|||3|3|1|1|1|132|5|["132,18,5,3811"]|14:08:15:375
62|1.1|636136526824950271|0|50900.375|13.71045563738|100.41719008709|-35864|2750||50900.375|98||9893.75|96.75|50900.375|75013f|AXM1808|0|2758|2068.75|||3|3|1|1|1|132|18|["132,18,5,3811"]|14:08:20:375
62|1.1|636136526874865262|0|50905.375|13.70328342121|100.41716326504|-35868|1956||50905.375|99||9956.25|97.5|50905.375|75013f|AXM1808|0|2758|1656.25|||3|3|1|1|1|132|18|["132,18,5,3811"]|14:08:25:375
62|1.1|636136526924790254|0|50910.359375|13.6961433915|100.41709889212|-35876|1166||50910.359375|99.75||10018.75|98.25|50910.359375|75013f|AXM1808|0|2758|1218.75|||3|3|1|1|1|132|18|["132,18,5,3811"]|14:08:30:359
62|1.1|636136526974715246|0|50915.359375|13.68979729447|100.41704524802|-35883|464||50915.359375|100.5||10075|98.75|50915.359375|75013f|AXM1808|0|2758|1081.25|||3|3|1|1|1|132|18|["132,18,5,3811"]|14:08:35:359
62|1.1|636136527021519926|0|50920.0390625|13.68345119744|100.41697551069|-35891|-238||50920.0390625|101.25||10131.25|99.25|50920.0390625|75013f|AXM1808|0|2758|906.25|||3|3|1|1|1|132|18|["132,18,5,3811"]|14:08:40:039
62|1.1|636136527071454919|0|50925.015625|13.67545286213|100.41694332423|-35896|-1123||50925.015625|102.25||10218.75|100.25|50925.015625|75013f|AXM1808|0|2758|962.5|||3|3|1|1|1|132|18|["132,18,5,3811"]|14:08:45:016
62|1.1|636136527121359909|0|50930.015625|13.6671755775|100.41688968013|-35903|-2039||50930.015625|103.25||10318.75|101.25|50930.015625|75013f|AXM1808|0|2758|1043.75|||3|3|1|1|1|132|5|["132,18,5,3811"]|14:08:50:016
62|1.1|636136527171284901|0|50935.015625|13.6590753184|100.41683603603|-35910|-2935||50935.015625|104||10412.5|102.25|50935.015625|75013f|AXM1808|0|2758|1062.5|||3|3|1|1|1|132|18|["132,18,5,3811"]|14:08:55:016
62|1.1|636136527221209893|0|50940|13.6509214152|100.41677166311|-35918|-3837||50940|104.75||10506.25|103.25|50940|75013f|AXM1808|0|2758|1081.25|||3|3|1|1|1|132|18|["132,18,5,3811"]|14:09:00:000
62|1.1|636136527271124884|0|50945|13.64165707913|100.41675020547|-35922|-4862||50945|105.75||10618.75|104.25|50945|75013f|AXM1808|0|2758|1125|||3|3|1|1|1|132|18|["132,18,5,3811"]|14:09:05:000
62|1.1|636136527321059877|0|50949.9765625|13.6326824212|100.41684676485|-35913|-5855||50949.9765625|107||10718.75|105.25|50949.9765625|75013f|AXM1808|0|2758|1162.5|||3|3|1|1|1|132|18|["132,18,5,3811"]|14:09:09:977
62|1.1|636136527370974868|0|50954.9765625|13.625064959|100.41818250294|-35770|-6698||50954.9765625|109.25||10906.25|107.25|50954.9765625|75013f|AXM1808|0|2758|1793.75|||3|3|1|1|1|132|5|["132,18,5,3811"]|14:09:14:977
62|1.1|636136527420899860|0|50959.9765625|13.61750650531|100.41978646153|-35597|-7534||50959.9765625|110.75||11087.5|109.25|50959.9765625|75013f|AXM1808|0|2758|1950|||3|3|1|1|1|132|18|["132,18,5,3811"]|14:09:19:977
62|1.1|636136527470814851|0|50964.9609375|13.60966373789|100.42150843714|-35412|-8402||50964.9609375|112.75||11312.5|111.25|50964.9609375|75013f|AXM1808|0|2758|2187.5|||3|3|1|1|1|132|18|["132,18,5,3811"]|14:09:24:961
62|1.1|636136527520739843|0|50969.9609375|13.60079100375|100.42349326884|-35198|-9384||50969.9609375|114.75||11568.75|113.5|50969.9609375|75013f|AXM1808|0|2758|2500|||3|3|1|1|1|132|18|["132,18,5,3811"]|14:09:29:961
62|1.1|636136527570654834|0|50974.9375|13.59208993073|100.42520988004|-35014|-10347||50974.9375|116.75||11800|115.75|50974.9375|75013f|AXM1808|0|2758|2537.5|||3|3|1|1|1|132|18|["132,18,5,3811"]|14:09:34:938
62|1.1|636136527620579826|0|50979.9375|13.58433299387|100.42659389782|-34865|-11206||50979.9375|118.5||11956.25|117.25|50979.9375|75013f|AXM1808|0|2758|2306.25|||3|3|1|1|1|132|18|["132,18,5,3811"]|14:09:39:938
62|1.1|636136527670504818|0|50984.9375|13.576785269|100.42870747536|-34638|-12041||50984.9375|120.75||12093.75|118.75|50984.9375|75013f|AXM1808|0|2758|2106.25|||3|3|1|1|1|132|5|["132,18,5,3811"]|14:09:44:938
62|1.1|636136527720429810|0|50989.921875|13.56894786599|100.43110000222|-34380|-12908||50989.921875|122||12243.75|120.5|50989.921875|75013f|AXM1808|0|2758|2025|||3|3|1|1|1|132|18|["132,18,5,3811"]|14:09:49:922
62|1.1|636136527770354802|0|50994.921875|13.56054183552|100.43482290276|-33978|-13839||50994.921875|123.5||12425|122.25|50994.921875|75013f|AXM1808|0|2758|2006.25|||3|3|1|1|1|132|18|["132,18,5,3811"]|14:09:54:922
62|1.1|636136527820279794|0|50999.8984375|13.55308530562|100.44064328761|-33349|-14665||50999.8984375|125.25||12606.25|124.25|50999.8984375|75013f|AXM1808|0|2758|2050|||3|3|1|1|1|132|18|["132,18,5,3811"]|14:09:59:898
62|1.1|636136527870194785|0|51004.8984375|13.54648708132|100.44750973241|-32607|-15396||51004.8984375|127||12768.75|125.5|51004.8984375|75013f|AXM1808|0|2758|2068.75|||3|3|1|1|1|132|18|["132,18,5,3811"]|14:10:04:898
62|1.1|636136527920109776|0|51009.8984375|13.54048967094|100.45320673583|-31991|-16060||51009.8984375|129||12937.5|127.5|51009.8984375|75013f|AXM1808|0|2758|2087.5|||3|3|1|1|1|132|18|["132,18,5,3811"]|14:10:09:898
62|1.1|636136527970024767|0|51014.875|13.53439033677|100.45883400192|-31383|-16735||51014.875|130.75||13112.5|129.25|51014.875|75013f|AXM1808|0|2758|2125|||3|3|1|1|1|132|18|["132,18,5,3811"]|14:10:14:875
62|1.1|636136528019949759|0|51019.875|13.52747561228|100.46546977709|-30665|-17501||51019.875|132.75||13343.75|131.5|51019.875|75013f|AXM1808|0|2758|2343.75|||3|3|1|1|1|132|18|["132,18,5,3811"]|14:10:19:875
62|1.1|636136528069874751|0|51024.859375|13.52165522743|100.47037821224|-30135|-18145||51024.859375|134.5||13531.25|132.75|51024.859375|75013f|AXM1808|0|2758|2006.25|||3|3|1|1|1|132|18|["132,18,5,3811"]|14:10:24:859
62|1.1|636136528119799743|0|51029.859375|13.51483169791|100.47703008064|-29416|-18901||51029.859375|136.25||13700|134.75|51029.859375|75013f|AXM1808|0|2758|2143.75|||3|3|1|1|1|132|18|["132,18,5,3811","132,114,5,615"]|14:10:29:859
62|1.1|636136528169724735|0|51034.859375|13.50880746548|100.48296848251|-28773|-19568||51034.859375|138||13843.75|136.25|51034.859375|75013f|AXM1808|0|2758|2068.75|||3|3|1|1|1|132|18|["132,18,5,3811","132,114,5,615"]|14:10:34:859
62|1.1|636136528219639726|0|51039.8359375|13.50200002919|100.48947551184|-28070|-20323||51039.8359375|139.75||14025|138.25|51039.8359375|75013f|AXM1808|0|2758|2106.25|||3|3|1|1|1|132|18|["132,18,5,3811","132,114,5,615"]|14:10:39:836
62|1.1|636136528269564718|0|51044.8359375|13.49582022887|100.49537636284|-27432|-21007||51044.8359375|141.5||14206.25|140.25|51044.8359375|75013f|AXM1808|0|2758|2162.5|||3|3|1|1|1|132|18|["132,18,5,3811","132,114,5,615"]|14:10:44:836
62|1.1|636136528319479709|0|51049.8203125|13.48953314035|100.50134158676|-26786|-21703||51049.8203125|143.5||14387.5|142.25|51049.8203125|75013f|AXM1808|0|2758|2206.25|||3|3|1|1|1|132|18|["132,18,5,3811","132,114,5,615"]|14:10:49:820
62|1.1|636136528369394700|0|51054.8203125|13.48219999188|100.50805246367|-26061|-22515||51054.8203125|145.5||14625|144.25|51054.8203125|75013f|AXM1808|0|2758|2306.25|||3|3|1|1|1|132|18|["132,18,5,3811","132,114,5,615"]|14:10:54:820
62|1.1|636136528419319692|0|51059.8203125|13.47536036913|100.51438783188|-25375|-23272||51059.8203125|147.25||14818.75|146.25|51059.8203125|75013f|AXM1808|0|2758|2362.5|||3|3|1|1|1|132|18|["132,18,5,3811","132,114,5,615"]|14:10:59:820
62|1.1|636136528469244684|0|51064.796875|13.4694434249|100.519923903|-24777|-23928||51064.796875|149||14968.75|147.75|51064.796875|75013f|AXM1808|0|2758|2225|||3|3|1|1|1|132|18|["132,18,5,3811","132,114,5,615"]|14:11:04:797
