62|1.1|636136521639331761|0|50380.9375|5.26134895508|100.38579755977|-40453|-933462||50380.9375|48||4793.75|||750148|X|0|2871||||3|3|3|1|1|132|50|["132,50,5"]|13:59:40:938
62|1.1|636136521670684896|0|50384.9609375|5.25723445261|100.38677388239|-40344|-933919||50384.9609375|48||5012.5|||750148|X|0|2871||||3|3|3|1|1|132|50|["132,50,5"]|13:59:44:961
62|1.1|636136521720609888|0|50389.9375|5.25271761939|100.39287321656|-39665|-934423||50389.9375|50.75||5331.25|50.75|50389.9375|750148|AXM6129|0|2871|3506.25|||3|3|1|1|1|132|50|["132,50,5"]|13:59:49:938
62|1.1|636136521770374864|0|50394.9375|5.24858702369|100.39876333874|-39009|-934882||50394.9375|53.5||5618.75|55.25|50394.9375|750148|AXM6129|0|2871|3506.25|||3|3|1|1|1|132|50|["132,50,5"]|13:59:54:938
62|1.1|636136521820299856|0|50399.9375|5.24405409724|100.40306559556|-38530|-935387||50399.9375|56.25||5912.5|59.25|50399.9375|750148|AXM6129|0|2871|3506.25|||3|3|1|1|1|132|50|["132,50,5"]|13:59:59:938
62|1.1|636136521870224848|0|50404.921875|5.23962309458|100.40821006475|-37957|-935880||50404.921875|58.75||6181.25|61.75|50404.921875|750148|AXM6129|0|2871|3462.5|||3|3|1|1|1|132|50|["132,50,5"]|14:00:04:922
62|1.1|636136521920139839|0|50409.921875|5.23510626136|100.41308631344|-37414|-936383||50409.921875|60.5||6375|63.25|50409.921875|750148|AXM6129|0|2871|3068.75|||3|3|1|1|1|132|50|["132,50,5"]|14:00:09:922
62|1.1|636136521970054830|0|50414.8984375|5.22998324981|100.41793574008|-36874|-936953||50414.8984375|62.75||6387.5|63.25|50414.8984375|750148|AXM6129|0|2871|2068.75|||3|3|1|1|1|132|50|["132,50,5"]|14:00:14:898
62|1.1|636136522019989823|0|50419.8984375|5.22517137404|100.42295682784|-36315|-937489||50419.8984375|63.75||6468.75|64.25|50419.8984375|750148|AXM6129|0|2871|1712.5|||3|3|1|1|1|132|50|["132,50,5"]|14:00:19:898
62|1.1|636136522069904814|0|50424.8984375|5.22025221007|100.4277096951|-35786|-938036||50424.8984375|64.5||6537.5|65.25|50424.8984375|750148|AXM6129|0|2871|1437.5|||3|3|1|1|1|132|50|["132,50,5"]|14:00:24:898
62|1.1|636136522119829806|0|50429.875|5.21524721554|100.43271468963|-35228|-938593||50429.875|65.25||6593.75|65.75|50429.875|750148|AXM6129|0|2871|1218.75|||3|3|1|1|1|132|50|["132,50,5"]|14:00:29:875
62|1.1|636136522169754798|0|50434.875|5.21011347517|100.43773041298|-34670|-939164||50434.875|66||6656.25|66.5|50434.875|750148|AXM6129|0|2871|1100|||3|3|1|1|1|132|50|["132,50,5"]|14:00:34:875
62|1.1|636136522219679790|0|50439.859375|5.20472760753|100.44318065354|-34063|-939764||50439.859375|66.75||6725|67.25|50439.859375|750148|AXM6129|0|2871|1025|||3|3|1|1|1|132|50|["132,50,5"]|14:00:39:859
62|1.1|636136522269594781|0|50444.859375|5.19906279057|100.44837876683|-33484|-940394||50444.859375|67.5||6806.25|68.25|50444.859375|750148|AXM6129|0|2871|981.25|||3|3|1|1|1|132|50|["132,50,5"]|14:00:44:859
62|1.1|636136522319509772|0|50449.859375|5.19375738908|100.45328720198|-32937|-940985||50449.859375|67.5||6881.25|68.75|50449.859375|750148|AXM6129|0|2871|981.25|||3|3|1|1|1|132|50|["132,50,5"]|14:00:49:859
62|1.1|636136522369434764|0|50454.8359375|5.18838761467|100.45824391682|-32385|-941582||50454.8359375|67.5||6962.5|69.5|50454.8359375|750148|AXM6129|0|2871|981.25|||3|3|1|1|1|132|50|[]|14:00:54:836
62|1.1|636136522419359756|0|50459.8359375|5.1829856538|100.46323281812|-31829|-942183||50459.8359375|67.5||7050|70.5|50459.8359375|750148|AXM6129|0|2871|981.25|||3|3|1|1|1|132|50|[]|14:00:59:836
62|1.1|636136522469274747|0|50464.8203125|5.17684340435|100.47144036542|-30915|-942867||50464.8203125|72.25||7300|73.25|50464.8203125|750148|AXM6129|0|2871|1437.5|||3|3|1|1|1|132|50|["132,50,5"]|14:01:04:820
62|1.1|636136522519199739|0|50469.8203125|5.17099083304|100.47914365818|-30056|-943518||50469.8203125|74||7493.75|75.25|50469.8203125|750148|AXM6129|0|2871|1750|||3|3|1|1|1|132|50|["132,50,5"]|14:01:09:820
62|1.1|636136522569144733|0|50474.8203125|5.16508998204|100.48631587435|-29257|-944175||50474.8203125|76||7706.25|77.25|50474.8203125|750148|AXM6129|0|2871|2006.25|||3|3|1|1|1|132|50|["132,50,5"]|14:01:14:820
62|1.1|636136522619049723|0|50479.796875|5.15948417359|100.49265124256|-28552|-944799||50479.796875|76||7875|78.25|50479.796875|750148|AXM6129|0|2871|2006.25|||3|3|1|1|1|132|50|["132,50,5"]|14:01:19:797
62|1.1|636136522668964714|0|50484.796875|5.1531058901|100.49865401735|-27883|-945509||50484.796875|79.25||8087.5|81.25|50484.796875|750148|AXM6129|0|2871|2087.5|||3|3|1|1|1|132|50|["132,50,5"]|14:01:24:797
62|1.1|636136522718889706|0|50489.78125|5.14670614897|100.50407743586|-27279|-946221||50489.78125|81||8293.75|82.75|50489.78125|750148|AXM6129|0|2871|2125|||3|3|1|1|1|132|50|["132,50,5"]|14:01:29:781
62|1.1|636136522768804697|0|50494.78125|5.14043515368|100.50950621878|-26674|-946919||50494.78125|84.75||8493.75|85.25|50494.78125|750148|AXM6129|0|2871|2243.75|||3|3|1|1|1|132|50|["132,50,5"]|14:01:34:781
62|1.1|636136522818729689|0|50499.78125|5.13434118392|100.51565383264|-25989|-947597||50499.78125|86.75||8706.25|87.25|50499.78125|750148|AXM6129|0|2871|2325|||3|3|1|1|1|132|50|["132,50,5"]|14:01:39:781
62|1.1|636136522868674683|0|50504.7578125|5.12826330739|100.52204820936|-25277|-948273||50504.7578125|88.75||8918.75|89.25|50504.7578125|750148|AXM6129|0|2871|2418.75|||3|3|1|1|1|132|50|["132,50,5"]|14:01:44:758
62|1.1|636136522918569672|0|50509.7578125|5.12211569353|100.52828165378|-24582|-948957||50509.7578125|91||9150|91.5|50509.7578125|750148|AXM6129|0|2871|2518.75|||3|3|1|1|1|132|50|["132,50,5"]|14:01:49:758
62|1.1|636136522968494664|0|50514.7421875|5.11602172377|100.53463311522|-23874|-949635||50514.7421875|93.75||9425|94.5|50514.7421875|750148|AXM6129|0|2871|3031.25|||3|3|1|1|1|132|50|["132,50,5"]|14:01:54:742
62|1.1|636136523018419656|0|50519.7421875|5.10986338109|100.54077536467|-23190|-950321||50519.7421875|96.5||9718.75|97.75|50519.7421875|750148|AXM6129|0|2871|3287.5|||3|3|1|1|1|132|50|["132,50,5"]|14:01:59:742
62|1.1|636136523068344648|0|50524.7421875|5.10367285195|100.54700880909|-22495|-951009||50524.7421875|99.25||10031.25|100.75|50524.7421875|750148|AXM6129|0|2871|3387.5|||3|3|1|1|1|132|50|["132,50,5"]|14:02:04:742
62|1.1|636136523118259639|0|50529.71875|5.09751450927|100.55300085506|-21827|-951695||50529.71875|101.75||10325|103.5|50529.71875|750148|AXM6129|0|2871|3343.75|||3|3|1|1|1|132|50|["132,50,5"]|14:02:09:719
62|1.1|636136523168184631|0|50534.71875|5.09134543777|100.55885879078|-21174|-952381||50534.71875|104.25||10606.25|106.25|50534.71875|750148|AXM6129|0|2871|3287.5|||3|3|1|1|1|132|50|["132,50,5"]|14:02:14:719
62|1.1|636136523218099622|0|50539.6953125|5.08522464596|100.56509759961|-20479|-953062||50539.6953125|106.25||10850|108.25|50539.6953125|750148|AXM6129|0|2871|3112.5|||3|3|1|1|1|132|50|["132,50,5"]|14:02:19:695
62|1.1|636136523264914303|0|50544.375|5.0794525408|100.5709930862|-19822|-953704||50544.375|108||11043.75|109.75|50544.375|750148|AXM6129|0|2871|2718.75|||3|3|1|1|1|132|50|["132,50,5"]|14:02:24:375
62|1.1|636136523314829294|0|50549.375|5.07327274048|100.57725335267|-19124|-954392||50549.375|109.75||11218.75|111.25|50549.375|750148|AXM6129|0|2871|2443.75|||3|3|1|1|1|132|50|["132,50,5"]|14:02:29:375
62|1.1|636136523364794290|0|50554.375|5.06706611811|100.58332586479|-18447|-955083||50554.375|111.25||11375|112.75|50554.375|750148|AXM6129|0|2871|2225|||3|3|1|1|1|132|50|["132,50,5"]|14:02:34:375
62|1.1|636136523414669277|0|50559.359375|5.06085949574|100.58937691927|-17773|-955773||50559.359375|113||11525|114.5|50559.359375|750148|AXM6129|0|2871|2143.75|||3|3|1|1|1|132|50|["132,50,5"]|14:02:39:359
62|1.1|636136523464594269|0|50564.359375|5.05468505983|100.59590004183|-17046|-956460||50564.359375|114.75||11681.25|116.25|50564.359375|750148|AXM6129|0|2871|2162.5|||3|3|1|1|1|132|50|["132,50,5"]|14:02:44:359
62|1.1|636136523514509260|0|50569.3359375|5.04846770864|100.60217640153|-16346|-957152||50569.3359375|116.25||11831.25|118.25|50569.3359375|750148|AXM6129|0|2871|2125|||3|3|1|1|1|132|50|["132,50,5"]|14:02:49:336
62|1.1|636136523564434252|0|50574.3359375|5.04224499304|100.60815235427|-15680|-957844||50574.3359375|116.25||12006.25|119.75|50574.3359375|750148|AXM6129|0|2871|2125|||3|3|1|1|1|132|50|["132,50,5"]|14:02:54:336
62|1.1|636136523614359244|0|50579.3359375|5.03596863334|100.6146593836|-14955|-958543||50579.3359375|120||12193.75|121.75|50579.3359375|750148|AXM6129|0|2871|2206.25|||3|3|1|1|1|132|50|["132,50,5"]|14:02:59:336
62|1.1|636136523664274235|0|50584.3203125|5.02960107867|100.62148291312|-14194|-959251||50584.3203125|124||12412.5|124.25|50584.3203125|750148|AXM6129|0|2871|2400|||3|3|1|1|1|132|50|["132,50,5"]|14:03:04:320
62|1.1|636136523714209228|0|50589.3203125|5.02326034605|100.62781291692|-13488|-959956||50589.3203125|126.25||12631.25|126.75|50589.3203125|750148|AXM6129|0|2871|2518.75|||3|3|1|1|1|132|50|["132,50,5"]|14:03:09:320
62|1.1|636136523764124219|0|50594.296875|5.01697325753|100.63430921743|-12764|-960656||50594.296875|128||12843.75|128.75|50594.296875|750148|AXM6129|0|2871|2537.5|||3|3|1|1|1|132|50|["132,50,5"]|14:03:14:297
62|1.1|636136523814049211|0|50599.296875|5.01058960963|100.64066604328|-12055|-961366||50599.296875|129.75||13037.5|130.5|50599.296875|750148|AXM6129|0|2871|2481.25|||3|3|1|1|1|132|50|["132,50,5"]|14:03:19:297
62|1.1|636136523863964202|0|50604.296875|5.00427569906|100.64731254727|-11314|-962069||50604.296875|131.5||13231.25|132.5|50604.296875|750148|AXM6129|0|2871|2400|||3|3|1|1|1|132|50|["132,50,5"]|14:03:24:297
62|1.1|636136523913889194|0|50609.28125|4.99792960203|100.65384639865|-10585|-962775||50609.28125|133.25||13406.25|134.25|50609.28125|750148|AXM6129|0|2871|2325|||3|3|1|1|1|132|50|["132,50,5"]|14:03:29:281
62|1.1|636136523963814186|0|50614.28125|4.99150303885|100.66019786009|-9877|-963490||50614.28125|135.25||13600|136.25|50614.28125|750148|AXM6129|0|2871|2325|||3|3|1|1|1|132|50|["132,50,5"]|14:03:34:281
62|1.1|636136524013729177|0|50619.2578125|4.98520522151|100.66723596601|-9092|-964190||50619.2578125|137.25||13800|138.25|50619.2578125|750148|AXM6129|0|2871|2362.5|||3|3|1|1|1|132|50|["132,50,5"]|14:03:39:258
62|1.1|636136524063654169|0|50624.2578125|4.97877865833|100.67387710559|-8352|-964905||50624.2578125|139.25||14006.25|140.5|50624.2578125|750148|AXM6129|0|2871|2418.75|||3|3|1|1|1|132|50|["132,50,5"]|14:03:44:258
62|1.1|636136524113579161|0|50629.2578125|4.97231990869|100.68033585523|-7631|-965623||50629.2578125|141.25||14212.5|142.75|50629.2578125|750148|AXM6129|0|2871|2481.25|||3|3|1|1|1|132|50|["132,50,5"]|14:03:49:258
62|1.1|636136524163494152|0|50634.2421875|4.96575387085|100.68615087567|-6983|-966354||50634.2421875|143.25||14400|144.75|50634.2421875|750148|AXM6129|0|2871|2518.75|||3|3|1|1|1|132|50|["132,50,5"]|14:03:54:242
62|1.1|636136524213409143|0|50639.2421875|4.95939168059|100.69232531158|-6294|-967062||50639.2421875|143.25||14600|146.75|50639.2421875|750148|AXM6129|0|2871|2518.75|||3|3|1|1|1|132|50|["132,50,5"]|14:03:59:242
62|1.1|636136524263344136|0|50644.21875|4.95305631238|100.69847828985|-5608|-967767||50644.21875|143.25||14793.75|149.25|50644.21875|750148|AXM6129|0|2871|2518.75|||3|3|1|1|1|132|50|[]|14:04:04:219
62|1.1|636136524313259127|0|50649.21875|4.9466833933|100.70465272576|-4919|-968476||50649.21875|143.25||14981.25|151.25|50649.21875|750148|AXM6129|0|2871|2518.75|||3|3|1|1|1|132|50|[]|14:04:09:219
