62|1.1|636136525233691161|0|50738.9609375|6.17498307982|100.38523966113|-40406|-831936||50738.9609375|9.75||0|||75022b|X|X|2100||||3|3|3|1|1|132|51|["132,50,4"]|14:05:38:961
62|1.1|636136525264914283|0|50744.375|6.17221504426|100.38332456676|-40619|-832243||50744.375|9.75||137.5|||75022b|X|X|2100||||3|3|3|1|1|132|51|["132,50,4"]|14:05:44:375
62|1.1|636136525314819273|0|50749.375|6.17012292436|100.38052970915|-40930|-832475||50749.375|12.25||1250|11.25|50749.375|75022b|AXM6015|0|2100|1987.5|||3|3|1|1|1|132|50|["132,50,5"]|14:05:49:375
62|1.1|636136525364744265|0|50754.359375|6.16754264315|100.37771875831|-41243|-832761||50754.359375|13.25||1362.5|12.25|50754.359375|75022b|AXM6015|0|2100|1850|||3|3|1|1|1|132|50|["132,50,5"]|14:05:54:359
62|1.1|636136525414659256|0|50759.359375|6.16439909889|100.37475223958|-41573|-833110||50759.359375|14||1437.5|13.25|50759.359375|75022b|AXM6015|0|2100|1418.75|||3|3|1|1|1|132|50|["132,50,5"]|14:05:59:359
62|1.1|636136525464584248|0|50764.3359375|6.16089077475|100.37226851775|-41850|-833499||50764.3359375|14.75||1506.25|13.5|50764.3359375|75022b|AXM6015|0|2100|1143.75|||3|3|1|1|1|132|50|["132,50,5"]|14:06:04:336
62|1.1|636136525514499239|0|50769.3359375|6.15679236551|100.36983844002|-42120|-833954||50769.3359375|15.75||1606.25|14.5|50769.3359375|75022b|AXM6015|0|2100|1125|||3|3|1|1|1|132|50|["132,50,5"]|14:06:09:336
62|1.1|636136525564424231|0|50774.3359375|6.15269395627|100.36843832901|-42277|-834409||50774.3359375|16.75||1700|15.5|50774.3359375|75022b|AXM6015|0|2100|1143.75|||3|3|1|1|1|132|50|["132,50,5"]|14:06:14:336
62|1.1|636136525614349223|0|50779.3203125|6.14761922441|100.36830421876|-42292|-834973||50779.3203125|17.75||1800|16.5|50779.3203125|75022b|AXM6015|0|2100|1100|||3|3|1|1|1|132|51|["132,50,5"]|14:06:19:320
62|1.1|636136525664274215|0|50784.3203125|6.14323113703|100.36796626093|-42330|-835460||50784.3203125|18.25||1856.25|17.25|50784.3203125|75022b|AXM6015|0|2100|981.25|||3|3|1|1|1|132|51|["132,50,5"]|14:06:24:320
62|1.1|636136525714209208|0|50789.296875|6.1387625835|100.36799308298|-42328|-835957||50789.296875|19||1925|17.75|50789.296875|75022b|AXM6015|0|2100|943.75|||3|3|1|1|1|132|50|["132,50,5"]|14:06:29:297
62|1.1|636136525764114198|0|50794.296875|6.1340955468|100.36858853249|-42262|-836475||50794.296875|20.25||2025|19.25|50794.296875|75022b|AXM6015|0|2100|1062.5|||3|3|1|1|1|132|50|["132,50,5"]|14:06:34:297
62|1.1|636136525814039190|0|50799.296875|6.12925148457|100.37011738934|-42093|-837013||50799.296875|21.5||2143.75|20.25|50799.296875|75022b|AXM6015|0|2100|1237.5|||3|3|1|1|1|132|50|["132,50,5"]|14:06:39:297
62|1.1|636136525863954181|0|50804.28125|6.12270153996|100.37305172161|-41767|-837741||50804.28125|24.25||2393.75|22.5|50804.28125|75022b|AXM6015|0|2100|1656.25|||3|3|1|1|1|132|51|["132,50,5"]|14:06:44:281
62|1.1|636136525913879173|0|50809.28125|6.11718156207|100.37546570611|-41500|-838354||50809.28125|25.75||2581.25|24.5|50809.28125|75022b|AXM6015|0|2100|1950|||3|3|1|1|1|132|51|["132,50,5"]|14:06:49:281
62|1.1|636136525963804165|0|50814.2578125|6.11165621977|100.37801380086|-41217|-838968||50814.2578125|27.25||2781.25|26.5|50814.2578125|75022b|AXM6015|0|2100|2306.25|||3|3|1|1|1|132|51|["132,50,5"]|14:06:54:258
62|1.1|636136526013729157|0|50819.2578125|6.10663513201|100.38054580238|-40936|-839526||50819.2578125|29||2968.75|28.25|50819.2578125|75022b|AXM6015|0|2100|2262.5|||3|3|1|1|1|132|51|["132,50,5"]|14:06:59:258
62|1.1|636136526063644148|0|50824.2578125|6.1013726458|100.3829705157|-40667|-840111||50824.2578125|31||3193.75|30.5|50824.2578125|75022b|AXM6015|0|2100|2381.25|||3|3|1|1|1|132|51|["132,50,5"]|14:07:04:258
62|1.1|636136526113559139|0|50829.2421875|6.09549325244|100.38580292418|-40353|-840765||50829.2421875|35.5||3500|34.25|50829.2421875|75022b|AXM6015|0|2100|3087.5|||3|3|1|1|1|132|51|["132,50,5"]|14:07:09:242
62|1.1|636136526163484131|0|50834.2421875|6.0897855202|100.38851195123|-40053|-841399||50834.2421875|37.75||3781.25|36.75|50834.2421875|75022b|AXM6015|0|2100|3268.75|||3|3|1|1|1|132|50|["132,50,5"]|14:07:14:242
62|1.1|636136526213409123|0|50839.21875|6.08460886455|100.39114051213|-39761|-841974||50839.21875|40||4037.5|39.25|50839.21875|75022b|AXM6015|0|2100|3050|||3|3|1|1|1|132|50|["132,50,5"]|14:07:19:219
62|1.1|636136526263334115|0|50844.21875|6.07940002244|100.39379589508|-39466|-842553||50844.21875|42.5||4287.5|41.25|50844.21875|75022b|AXM6015|0|2100|2931.25|||3|3|1|1|1|132|50|["132,50,5"]|14:07:24:219
62|1.1|636136526313249106|0|50849.21875|6.07395514629|100.39646200685|-39171|-843158||50849.21875|45.25||4562.5|44.25|50849.21875|75022b|AXM6015|0|2100|3012.5|||3|3|1|1|1|132|50|["132,50,5"]|14:07:29:219
62|1.1|636136526363174098|0|50854.1953125|6.06748030342|100.39936951707|-38848|-843878||50854.1953125|48||4906.25|48.25|50854.1953125|75022b|AXM6015|0|2100|3818.75|||3|3|1|1|1|132|50|["132,50,5"]|14:07:34:195
62|1.1|636136526413089089|0|50859.1953125|6.06148289304|100.40230921375|-38522|-844544||50859.1953125|51.5||5193.75|50.25|50859.1953125|75022b|AXM6015|0|2100|3206.25|||3|3|1|1|1|132|51|["132,50,5"]|14:07:39:195
62|1.1|636136526463014081|0|50864.1796875|6.05623650006|100.40467491856|-38259|-845127||50864.1796875|53.5||5412.5|52.5|50864.1796875|75022b|AXM6015|0|2100|2912.5|||3|3|1|1|1|132|51|["132,50,5"]|14:07:44:180
62|1.1|636136526512939073|0|50869.1796875|6.05034101347|100.40733566592|-37964|-845782||50869.1796875|54.5||5593.75|54.25|50869.1796875|75022b|AXM6015|0|2100|2381.25|||3|3|1|1|1|132|51|["132,50,5"]|14:07:49:180
62|1.1|636136526562854064|0|50874.1796875|6.04491759496|100.40995886241|-37673|-846385||50874.1796875|55.5||5706.25|55.25|50874.1796875|75022b|AXM6015|0|2100|2087.5|||3|3|1|1|1|132|50|["132,50,5"]|14:07:54:180
62|1.1|636136526612779056|0|50879.15625|6.03942980353|100.41261424536|-37378|-846995||50879.15625|56.5||5762.5|55.75|50879.15625|75022b|AXM6015|0|2100|1675|||3|3|1|1|1|132|50|["132,50,5"]|14:07:59:156
62|1.1|636136526662704048|0|50884.15625|6.03258481637|100.41581143372|-37024|-847756||50884.15625|58||5793.75|56.5|50884.15625|75022b|AXM6015|0|2100|1262.5|||3|3|1|1|1|132|51|["132,50,5"]|14:08:04:156
62|1.1|636136526712629040|0|50889.140625|6.02585784623|100.41886914742|-36684|-848504||50889.140625|58.75||5875|57.5|50889.140625|75022b|AXM6015|0|2100|1200|||3|3|1|1|1|132|51|["132,50,5"]|14:08:09:141
62|1.1|636136526762544031|0|50894.140625|6.01972096119|100.42174447118|-36365|-849185||50894.140625|59.25||5943.75|58.25|50894.140625|75022b|AXM6015|0|2100|1006.25|||3|3|1|1|1|132|51|["132,50,5"]|14:08:14:141
62|1.1|636136526812469023|0|50899.140625|6.0128062367|100.42487192221|-36018|-849954||50899.140625|60.25||6031.25|58.75|50899.140625|75022b|AXM6015|0|2100|1006.25|||3|3|1|1|1|132|51|["132,50,5"]|14:08:19:141
62|1.1|636136526862394015|0|50904.1171875|6.00581641047|100.42803692411|-35667|-850731||50904.1171875|61||6118.75|59.75|50904.1171875|75022b|AXM6015|0|2100|1043.75|||3|3|1|1|1|132|51|["132,50,5"]|14:08:24:117
62|1.1|636136526912309006|0|50909.1171875|5.99868710958|100.43122338365|-35313|-851523||50909.1171875|61.75||6206.25|60.75|50909.1171875|75022b|AXM6015|0|2100|1062.5|||3|3|1|1|1|132|51|["132,50,5"]|14:08:29:117
62|1.1|636136526962233998|0|50914.1015625|5.99120912204|100.43458150431|-34941|-852354||50914.1015625|63.75||6343.75|62.25|50914.1015625|75022b|AXM6015|0|2100|1281.25|||3|3|1|1|1|132|50|["132,50,5"]|14:08:34:102
62|1.1|636136527012148989|0|50919.1015625|5.9839457109|100.43793426056|-34569|-853161||50919.1015625|65.25||6487.5|64.25|50919.1015625|75022b|AXM6015|0|2100|1731.25|||3|3|1|1|1|132|50|["132,50,5"]|14:08:39:102
62|1.1|636136527062073981|0|50924.1015625|5.97662329125|100.44158742377|-34163|-853975||50924.1015625|67.75||6737.5|66.25|50924.1015625|75022b|AXM6015|0|2100|2262.5|||3|3|1|1|1|132|51|["132,50,5"]|14:08:44:102
62|1.1|636136527111988972|0|50929.078125|5.96942425303|100.44503137499|-33781|-854775||50929.078125|69.25||6950|68.25|50929.078125|75022b|AXM6015|0|2100|2362.5|||3|3|1|1|1|132|50|["132,50,5"]|14:08:49:078
62|1.1|636136527161913964|0|50934.078125|5.96214474866|100.44858797882|-33386|-855584||50934.078125|71.25||7200|70.5|50934.078125|75022b|AXM6015|0|2100|2481.25|||3|3|1|1|1|132|50|["132,50,5"]|14:08:54:078
62|1.1|636136527211838956|0|50939.0625|5.95474722727|100.45177980277|-33032|-856406||50939.0625|73.5||7418.75|73.25|50939.0625|75022b|AXM6015|0|2100|2581.25|||3|3|1|1|1|132|50|["132,50,5"]|14:08:59:063
62|1.1|636136527261763948|0|50944.0625|5.94729069737|100.45533104219|-32637|-857235||50944.0625|75.5||7668.75|75.25|50944.0625|75022b|AXM6015|0|2100|2656.25|||3|3|1|1|1|132|50|["132,50,5"]|14:09:04:063
62|1.1|636136527311678939|0|50949.0625|5.93982343865|100.45885545956|-32246|-858065||50949.0625|77.75||7887.5|77.25|50949.0625|75022b|AXM6015|0|2100|2656.25|||3|3|1|1|1|132|50|["132,50,5"]|14:09:09:063
62|1.1|636136527361603931|0|50954.0390625|5.93237227316|100.46253544482|-31837|-858893||50954.0390625|81||8118.75|79.75|50954.0390625|75022b|AXM6015|0|2100|2693.75|||3|3|1|1|1|132|51|["132,50,5"]|14:09:14:039
62|1.1|636136527411548925|0|50959.0390625|5.92529125196|100.46582919256|-31472|-859680||50959.0390625|83||8356.25|82.25|50959.0390625|75022b|AXM6015|0|2100|2718.75|||3|3|1|1|1|132|51|["132,50,5"]|14:09:19:039
62|1.1|636136527461453915|0|50964.015625|5.91819413753|100.46914439794|-31103|-860469||50964.015625|85.5||8587.5|84.25|50964.015625|75022b|AXM6015|0|2100|2718.75|||3|3|1|1|1|132|51|["132,50,5"]|14:09:24:016
62|1.1|636136527511368906|0|50969.015625|5.91093072639|100.47246496773|-30734|-861276||50969.015625|87.5||8818.75|86.5|50969.015625|75022b|AXM6015|0|2100|2693.75|||3|3|1|1|1|132|51|["132,50,5"]|14:09:29:016
62|1.1|636136527561293898|0|50974.015625|5.9031576963|100.47595183423|-30348|-862140||50974.015625|89.5||9068.75|89.25|50974.015625|75022b|AXM6015|0|2100|3012.5|||3|3|1|1|1|132|51|["132,50,5"]|14:09:34:016
62|1.1|636136527611208889|0|50979|5.89559924261|100.47904173439|-30004|-862980||50979|91.25||9306.25|92.25|50979|75022b|AXM6015|0|2100|3068.75|||3|3|1|1|1|132|50|["132,50,5"]|14:09:39:000
62|1.1|636136527661133881|0|50984|5.8882982806|100.48263588909|-29605|-863792||50984|94.25||9512.5|93.25|50984|75022b|AXM6015|0|2100|2481.25|||3|3|1|1|1|132|51|["132,50,5"]|14:09:44:000
62|1.1|636136527711058873|0|50988.9765625|5.8808953948|100.48616567087|-29213|-864615||50988.9765625|96.25||9681.25|94.75|50988.9765625|75022b|AXM6015|0|2100|2243.75|||3|3|1|1|1|132|51|["132,50,5"]|14:09:48:977
62|1.1|636136527760973864|0|50993.9765625|5.87355151751|100.489883207|-28800|-865431||50993.9765625|98||9862.5|97.25|50993.9765625|75022b|AXM6015|0|2100|2281.25|||3|3|1|1|1|132|51|["132,50,5"]|14:09:53:977
62|1.1|636136527810908857|0|50998.9765625|5.86585358916|100.49335398027|-28415|-866286||50998.9765625|100.75||10075|99.25|50998.9765625|75022b|AXM6015|0|2100|2462.5|||3|3|1|1|1|132|50|["132,50,5"]|14:09:58:977
62|1.1|636136527860823848|0|51003.9609375|5.85708814322|100.49737728777|-27968|-867260||51003.9609375|103.75||10356.25|102.25|51003.9609375|75022b|AXM6015|0|2100|2950|||3|3|1|1|1|132|51|["132,50,5"]|14:10:03:961
62|1.1|636136527910748840|0|51008.9609375|5.85060793594|100.50060666259|-27609|-867981||51008.9609375|105.5||10568.75|104.25|51008.9609375|75022b|AXM6015|0|2100|2912.5|||3|3|1|1|1|132|50|["132,50,5"]|14:10:08:961
62|1.1|636136527960663831|0|51013.9375|5.84303875343|100.50435102077|-27193|-868822||51013.9375|108||10812.5|106.75|51013.9375|75022b|AXM6015|0|2100|2875|||3|3|1|1|1|132|50|["132,50,5"]|14:10:13:938
62|1.1|636136528010588823|0|51018.9375|5.83428940072|100.50825631125|-26759|-869794||51018.9375|110.25||11087.5|109.25|51018.9375|75022b|AXM6015|0|2100|2993.75|||3|3|1|1|1|132|50|["132,50,5"]|14:10:18:938
62|1.1|636136528060503814|0|51023.9375|5.826285701|100.51157151663|-26391|-870684||51023.9375|112.25||11331.25|112.25|51023.9375|75022b|AXM6015|0|2100|3012.5|||3|3|1|1|1|132|50|["132,50,5"]|14:10:23:938
62|1.1|636136528110428806|0|51028.921875|5.81830345892|100.51476334058|-26036|-871571||51028.921875|114.25||11568.75|114.25|51028.921875|75022b|AXM6015|0|2100|2912.5|||3|3|1|1|1|132|50|["132,50,5"]|14:10:28:922
62|1.1|636136528160353798|0|51033.921875|5.81079328492|100.51887247864|-25580|-872406||51033.921875|116.5||11693.75|115.25|51033.921875|75022b|AXM6015|0|2100|2262.5|||3|3|1|1|1|132|51|["132,50,5"]|14:10:33:922
62|1.1|636136528210278790|0|51038.921875|5.80285932253|100.52213403992|-25217|-873288||51038.921875|117.5||11906.25|117.25|51038.921875|75022b|AXM6015|0|2100|2281.25|||3|3|1|1|1|132|50|["132,50,5"]|14:10:38:922
62|1.1|636136528260193781|0|51043.8984375|5.79548862319|100.52578183872|-24812|-874107||51043.8984375|119.5||12050|118.5|51043.8984375|75022b|AXM6015|0|2100|2025|||3|3|1|1|1|132|51|["132,50,5"]|14:10:43:898
62|1.1|636136528310118773|0|51048.8984375|5.78749565229|100.52904876441|-24449|-874995||51048.8984375|121||12243.75|120.25|51048.8984375|75022b|AXM6015|0|2100|2162.5|||3|3|1|1|1|132|50|["132,50,5"]|14:10:48:898
62|1.1|636136528360033764|0|51053.875|5.77929883381|100.53317936011|-23990|-875906||51053.875|123.5||12437.5|123.25|51053.875|75022b|AXM6015|0|2100|2556.25|||3|3|1|1|1|132|51|["132,50,5"]|14:10:53:875
62|1.1|636136528409968757|0|51058.875|5.77119857471|100.53646237903|-23625|-876806||51058.875|125||12631.25|125.5|51058.875|75022b|AXM6015|0|2100|2600|||3|3|1|1|1|132|50|["132,50,5"]|14:10:58:875
62|1.1|636136528459873747|0|51063.859375|5.76406927382|100.54048032212|-23178|-877599||51063.859375|127||12887.5|127.25|51063.859375|75022b|AXM6015|0|2100|2500|||3|3|1|1|1|132|50|["132,50,5"]|14:11:03:859
62|1.1|636136528509808740|0|51068.859375|5.75573834509|100.54455190931|-22726|-878525||51068.859375|131.25||13137.5|130.25|51068.859375|75022b|AXM6015|0|2100|2693.75|||3|3|1|1|1|132|51|["132,50,5"]|14:11:08:859
