62|1.1|636136516279145796|0|49837.2578125|13.66977731635|100.75510500181|688|-1775||49837.2578125|8.25||475|2.75|49837.2578125|75021d|MAS779|X|2804|2518.75|||3|3|3|1|1|132|5|[]|13:50:37:258
62|1.1|636136516288506732|0|49846.7578125|13.66129618414|100.75285194961|444|-2714||49846.7578125|8.25||981.25|6|49846.7578125|75021d|MAS779|X|2804|2518.75|||3|3|3|1|1|132|5|[]|13:50:46:758
62|1.1|636136516338431724|0|49851.7421875|13.65985315785|100.75267492408|425|-2873||49851.7421875|9.75||1056.25|8.25|49851.7421875|75021d|MAS779|0|2804|2500|||3|3|1|1|1|132|18|["132,18,5,3777"]|13:50:51:742
62|1.1|636136516388346715|0|49856.7421875|13.65630728284|100.75197218637|349|-3266||49856.7421875|11.5||1218.75|10.25|49856.7421875|75021d|MAS779|0|2804|2443.75|||3|3|1|1|1|132|18|["132,18,5,3777"]|13:50:56:742
62|1.1|636136516438271707|0|49861.7421875|13.6533353997|100.75135527922|282|-3594||49861.7421875|13.5||1381.25|12.25|49861.7421875|75021d|MAS779|0|2804|2325|||3|3|1|1|1|132|18|["132,18,5,3777"]|13:51:01:742
62|1.1|636136516488196699|0|49866.71875|13.65046544035|100.7507008212|211|-3912||49866.71875|15.5||1587.5|14.25|49866.71875|75021d|MAS779|0|2804|2306.25|||3|3|1|1|1|132|18|["132,18,5,3777"]|13:51:06:719
62|1.1|636136516538121691|0|49871.71875|13.64703758236|100.74971913417|105|-4291||49871.71875|18||1793.75|16.25|49871.71875|75021d|MAS779|0|2804|2381.25|||3|3|1|1|1|132|5|["132,18,5,3777"]|13:51:11:719
62|1.1|636136516588036682|0|49876.6953125|13.64345415648|100.74872135391|-3|-4688||49876.6953125|19.5||2018.75|18.25|49876.6953125|75021d|MAS779|0|2804|2443.75|||3|3|1|1|1|132|18|["132,18,5,3777"]|13:51:16:695
62|1.1|636136516637971675|0|49881.6953125|13.64037498514|100.74779867539|-103|-5028||49881.6953125|21.75||2193.75|20.25|49881.6953125|75021d|MAS779|0|2804|2400|||3|3|1|1|1|132|18|["132,18,5,3777"]|13:51:21:695
62|1.1|636136516687886666|0|49886.6953125|13.63711342386|100.74680625954|-210|-5389||49886.6953125|24||2400|22.25|49886.6953125|75021d|MAS779|0|2804|2381.25|||3|3|1|1|1|132|18|["132,18,5,3777"]|13:51:26:695
62|1.1|636136516737801657|0|49891.6796875|13.63338515891|100.74573337754|-326|-5802||49891.6796875|26||2662.5|24.75|49891.6796875|75021d|MAS779|0|2804|2931.25|||3|3|1|1|1|132|18|["132,18,5,3777"]|13:51:31:680
62|1.1|636136516787726649|0|49896.6796875|13.63003776707|100.74471950405|-436|-6172||49896.6796875|28.25||2875|26.75|49896.6796875|75021d|MAS779|0|2804|2737.5|||3|3|1|1|1|132|18|["132,18,5,3777"]|13:51:36:680
62|1.1|636136516837651641|0|49901.65625|13.62620757833|100.74369490174|-547|-6596||49901.65625|31||3106.25|29.25|49901.65625|75021d|MAS779|0|2804|2693.75|||3|3|1|1|1|132|5|["132,18,5,3777"]|13:51:41:656
62|1.1|636136516887576633|0|49906.65625|13.62268852537|100.74267566384|-657|-6985||49906.65625|33||3325|31.25|49906.65625|75021d|MAS779|0|2804|2675|||3|3|1|1|1|132|18|["132,18,5,3777"]|13:51:46:656
62|1.1|636136516937491624|0|49911.65625|13.61913192154|100.74170470563|-762|-7379||49911.65625|35.5||3562.5|33.5|49911.65625|75021d|MAS779|0|2804|2675|||3|3|1|1|1|132|18|["132,18,5,3777"]|13:51:51:656
62|1.1|636136516987416616|0|49916.640625|13.6154626651|100.74070692537|-870|-7784||49916.640625|37.5||3787.5|35.75|49916.640625|75021d|MAS779|0|2804|2693.75|||3|3|1|1|1|132|18|["132,18,5,3777"]|13:51:56:641
62|1.1|636136517037331607|0|49921.640625|13.611653934|100.73968768747|-980|-8206||49921.640625|39||3975|37.75|49921.640625|75021d|MAS779|0|2804|2581.25|||3|3|1|1|1|132|18|["132,18,5,3777"]|13:52:01:641
62|1.1|636136517087256599|0|49926.6171875|13.60648264276|100.73840022907|-1120|-8778||49926.6171875|40.5||4087.5|38.5|49926.6171875|75021d|MAS779|0|2804|2087.5|||3|3|1|1|1|132|5|["132,18,5,3777"]|13:52:06:617
62|1.1|636136517137201593|0|49931.6171875|13.60270609812|100.73742927086|-1225|-9196||49931.6171875|41.25||4156.25|39.25|49931.6171875|75021d|MAS779|0|2804|1750|||3|3|1|1|1|132|18|["132,18,5,3777"]|13:52:11:617
62|1.1|636136517187096582|0|49936.6171875|13.59760990862|100.73622227861|-1356|-9760||49936.6171875|42.25||4262.5|40.5|49936.6171875|75021d|MAS779|0|2804|1712.5|||3|3|1|1|1|132|18|["132,18,5,3777"]|13:52:16:617
62|1.1|636136517237021574|0|49941.6015625|13.59286777018|100.73507965928|-1479|-10284||49941.6015625|43.75||4375|42.25|49941.6015625|75021d|MAS779|0|2804|1731.25|||3|3|1|1|1|132|18|["132,18,5,3777"]|13:52:21:602
62|1.1|636136517286966568|0|49946.6015625|13.58691327508|100.73363126858|-1636|-10943||49946.6015625|46.25||4606.25|44.5|49946.6015625|75021d|MAS779|0|2804|2187.5|||3|3|1|1|1|132|18|["132,18,5,3777"]|13:52:26:602
62|1.1|636136517336871558|0|49951.578125|13.58146303452|100.73222042875|-1789|-11546||49951.578125|49||4875|47.5|49951.578125|75021d|MAS779|0|2804|2775|||3|3|1|1|1|132|18|["132,18,5,3777"]|13:52:31:578
62|1.1|636136517386786549|0|49956.578125|13.57600742955|100.73071302954|-1952|-12150||49956.578125|51.25||5162.5|50.25|49956.578125|75021d|MAS779|0|2804|3012.5|||3|3|1|1|1|132|18|["132,18,5,3777"]|13:52:36:578
62|1.1|636136517436721542|0|49961.578125|13.57126529111|100.72925391002|-2110|-12674||49961.578125|53.5||5393.75|52.25|49961.578125|75021d|MAS779|0|2804|2893.75|||3|3|1|1|1|132|18|["132,18,5,3777"]|13:52:41:578
62|1.1|636136517486626532|0|49966.5625|13.56614227956|100.72788598547|-2258|-13241||49966.5625|55.25||5618.75|54.25|49966.5625|75021d|MAS779|0|2804|2500|||3|3|1|1|1|132|18|["132,18,5,3777"]|13:52:46:563
62|1.1|636136517536551524|0|49971.5625|13.56028434384|100.72623374719|-2437|-13889||49971.5625|56.25||5700|54.75|49971.5625|75021d|MAS779|0|2804|1912.5|||3|3|1|1|1|132|18|["132,18,5,3777"]|13:52:51:563
62|1.1|636136517586476516|0|49976.5390625|13.55381486538|100.72445812748|-2629|-14605||49976.5390625|57.25||5812.5|55.5|49976.5390625|75021d|MAS779|0|2804|1400|||3|3|1|1|1|132|18|["132,18,5,3777"]|13:52:56:539
62|1.1|636136517636391507|0|49981.5390625|13.5474419463|100.72267714336|-2822|-15310||49981.5390625|58||5900|56.25|49981.5390625|75021d|MAS779|0|2804|1181.25|||3|3|1|1|1|132|18|["132,18,5,3777"]|13:53:01:539
62|1.1|636136517686316499|0|49986.5390625|13.54141771387|100.72085324396|-3020|-15976||49986.5390625|59.75||5993.75|58.25|49986.5390625|75021d|MAS779|0|2804|1575|||3|3|1|1|1|132|18|["132,18,5,3777"]|13:53:06:539
62|1.1|636136517736241491|0|49991.515625|13.53524327796|100.71912590394|-3207|-16659||49991.515625|61.75||6162.5|60.25|49991.515625|75021d|MAS779|0|2804|1887.5|||3|3|1|1|1|132|18|["132,18,5,3777"]|13:53:11:516
62|1.1|636136517786176484|0|49996.515625|13.52907420646|100.71735564864|-3398|-17342||49996.515625|63.5||6393.75|62.25|49996.515625|75021d|MAS779|0|2804|2225|||3|3|1|1|1|132|5|["132,18,5,3777"]|13:53:16:516
62|1.1|636136517836081474|0|50001.5|13.52360250826|100.71574096123|-3573|-17947||50001.5|66||6606.25|64.25|50001.5|75021d|MAS779|0|2804|2362.5|||3|3|1|1|1|132|18|["132,18,5,3777"]|13:53:21:500
62|1.1|636136517886016467|0|50006.5|13.51784113192|100.71411018059|-3750|-18585||50006.5|68.25||6806.25|66.5|50006.5|75021d|MAS779|0|2804|2418.75|||3|3|1|1|1|132|18|["132,18,5,3777"]|13:53:26:500
62|1.1|636136517935921457|0|50011.5|13.51088885656|100.71227555237|-3949|-19354||50011.5|70.75||7062.5|68.75|50011.5|75021d|MAS779|0|2804|2581.25|||3|3|1|1|1|132|5|["132,18,5,3777"]|13:53:31:500
62|1.1|636136517985846449|0|50016.4765625|13.50407069145|100.71046238179|-4145|-20108||50016.4765625|72.25||7287.5|70.75|50016.4765625|75021d|MAS779|0|2804|2618.75|||3|3|1|1|1|132|5|["132,18,5,3777"]|13:53:36:477
62|1.1|636136518035771441|0|50021.4765625|13.49730080603|100.70863848239|-4342|-20857||50021.4765625|73.5||7462.5|72.5|50021.4765625|75021d|MAS779|0|2804|2443.75|||3|3|1|1|1|132|5|["132,18,5,3777"]|13:53:41:477
62|1.1|636136518085686432|0|50026.4609375|13.49106736161|100.70687895591|-4533|-21547||50026.4609375|75||7593.75|73.75|50026.4609375|75021d|MAS779|0|2804|2050|||3|3|1|1|1|132|5|["132,18,5,3777"]|13:53:46:461
62|1.1|636136518135611424|0|50031.4609375|13.48387905221|100.70501750564|-4735|-22342||50031.4609375|76.25||7737.5|75.25|50031.4609375|75021d|MAS779|0|2804|1931.25|||3|3|1|1|1|132|5|["132,18,5,3777"]|13:53:51:461
62|1.1|636136518185536416|0|50036.4609375|13.47723254822|100.70316678419|-4935|-23077||50036.4609375|77.75||7868.75|76.75|50036.4609375|75021d|MAS779|0|2804|1831.25|||3|3|1|1|1|132|5|["132,18,5,3777"]|13:53:56:461
62|1.1|636136518235451407|0|50041.4375|13.46945415372|100.70109075752|-5160|-23938||50041.4375|82.25||8168.75|80.25|50041.4375|75021d|MAS779|0|2804|2912.5|||3|3|1|1|1|132|5|["132,18,5,3777"]|13:54:01:438
62|1.1|636136518285376399|0|50046.4375|13.46163820835|100.69910056141|-5376|-24802||50046.4375|84.25||8443.75|83.25|50046.4375|75021d|MAS779|0|2804|3050|||3|3|1|1|1|132|5|["132,18,5,3777"]|13:54:06:438
62|1.1|636136518335301391|0|50051.421875|13.45434797516|100.69712645853|-5590|-25609||50051.421875|86.75||8681.25|84.75|50051.421875|75021d|MAS779|0|2804|2775|||3|3|1|1|1|132|5|["132,18,5,3777"]|13:54:11:422
62|1.1|636136518385236384|0|50056.421875|13.44707919961|100.69525427944|-5793|-26413||50056.421875|89.25||8925|87.25|50056.421875|75021d|MAS779|0|2804|2737.5|||3|3|1|1|1|132|5|["132,18,5,3777"]|13:54:16:422
62|1.1|636136518435141374|0|50061.421875|13.43900039815|100.69325871892|-6009|-27307||50061.421875|92||9237.5|90.25|50061.421875|75021d|MAS779|0|2804|3168.75|||3|3|1|1|1|132|5|["132,18,5,3777"]|13:54:21:422
62|1.1|636136518485066366|0|50066.3984375|13.43085722377|100.69127925163|-6224|-28208||50066.3984375|94.25||9543.75|93.5|50066.3984375|75021d|MAS779|0|2804|3525|||3|3|1|1|1|132|5|["132,18,5,3777"]|13:54:26:398
62|1.1|636136518534981357|0|50071.3984375|13.422826702|100.68931051316|-6437|-29096||50071.3984375|96.75||9856.25|96.75|50071.3984375|75021d|MAS779|0|2804|3737.5|||3|3|1|1|1|132|5|["132,18,5,3777"]|13:54:31:398
62|1.1|636136518584916350|0|50076.375|13.4157993249|100.68748661376|-6635|-29874||50076.375|99.25||10106.25|99.25|50076.375|75021d|MAS779|0|2804|3481.25|||3|3|1|1|1|132|5|["132,18,5,3777"]|13:54:36:375
62|1.1|636136518634831341|0|50081.375|13.40783317605|100.68561443467|-6838|-30755||50081.375|105||10475|103.25|50081.375|75021d|MAS779|0|2804|3975|||3|3|1|1|1|132|5|["132,18,5,3777"]|13:54:41:375
62|1.1|636136518684756333|0|50086.375|13.40048393435|100.68383345055|-7031|-31568||50086.375|107.75||10787.5|105.75|50086.375|75021d|MAS779|0|2804|3700|||3|3|1|1|1|132|5|["132,18,5,3777"]|13:54:46:375
62|1.1|636136518734671324|0|50091.359375|13.39306495532|100.68220803432|-7207|-32388||50091.359375|110.5||11087.5|108.75|50091.359375|75021d|MAS779|0|2804|3625|||3|3|1|1|1|132|5|["132,18,5,3777"]|13:54:51:359
62|1.1|636136518784596316|0|50096.359375|13.38536166256|100.68073282157|-7367|-33241||50096.359375|113.25||11418.75|112.25|50096.359375|75021d|MAS779|0|2804|3718.75|||3|3|1|1|1|132|5|["132,18,5,3777"]|13:54:56:359
62|1.1|636136518834511307|0|50101.3359375|13.37656403016|100.67945609199|-7506|-34214||50101.3359375|115.75||11768.75|115.5|50101.3359375|75021d|MAS779|0|2804|3918.75|||3|3|1|1|1|132|5|["132,18,5,3777"]|13:55:01:336
62|1.1|636136518884436299|0|50106.3359375|13.36786295714|100.67886064248|-7571|-35177||50106.3359375|118.75||12100|119.25|50106.3359375|75021d|MAS779|0|2804|4056.25|||3|3|1|1|1|132|5|["132,18,5,3777"]|13:55:06:336
62|1.1|636136518934371292|0|50111.3359375|13.35926917232|100.67902693919|-7553|-36127||50111.3359375|121.5||12412.5|122.25|50111.3359375|75021d|MAS779|0|2804|3956.25|||3|3|1|1|1|132|5|["132,18,5,3777"]|13:55:11:336
62|1.1|636136518984286283|0|50116.3203125|13.35151759987|100.67933271056|-7520|-36985||50116.3203125|126.5||12650|124.5|50116.3203125|75021d|MAS779|0|2804|3956.25|||3|3|1|1|1|132|5|["132,18,5,3777"]|13:55:16:320
62|1.1|636136519034201274|0|50121.3203125|13.34359973071|100.67926833764|-7527|-37861||50121.3203125|129||12918.75|127.25|50121.3203125|75021d|MAS779|0|2804|3506.25|||3|3|1|1|1|132|5|["132,18,5,3777"]|13:55:21:320
62|1.1|636136519084136267|0|50126.296875|13.33623976019|100.67931125292|-7523|-38675||50126.296875|131.75||13187.5|130.25|50126.296875|75021d|MAS779|0|2804|3543.75|||3|3|1|1|1|132|5|["132,18,5,3777"]|13:55:26:297
62|1.1|636136519134211274|0|50131.296875|13.32733483959|100.67926297323|-7528|-39661||50131.296875|134.5||13537.5|133.5|50131.296875|75021d|MAS779|0|2804|3856.25|||3|3|1|1|1|132|5|["132,18,5,3777"]|13:55:31:297
62|1.1|636136519183986251|0|50136.296875|13.31950280099|100.67925760882|-7529|-40527||50136.296875|136.5||13781.25|135.75|50136.296875|75021d|MAS779|0|2804|3956.25|||3|3|1|1|1|132|5|["132,18,5,3777"]|13:55:36:297
62|1.1|636136519233891241|0|50141.28125|13.31144545717|100.67914495621|-7541|-41418||50141.28125|137.75||14056.25|139.25|50141.28125|75021d|MAS779|0|2804|3856.25|||3|3|1|1|1|132|18|["132,18,5,3777"]|13:55:41:281
62|1.1|636136519283826234|0|50146.28125|13.30197727352|100.67916104944|-7540|-42466||50146.28125|141.25||14343.75|141.25|50146.28125|75021d|MAS779|0|2804|3718.75|||3|3|1|1|1|132|114|["132,18,5,3777","132,114,4"]|13:55:46:281
62|1.1|636136519333731224|0|50151.2578125|13.29337275988|100.67912886298|-7544|-43418||50151.2578125|145.75||14600|143.5|50151.2578125|75021d|MAS779|0|2804|3250|||3|3|1|1|1|132|5|["132,18,5,3777","132,114,4"]|13:55:51:258
62|1.1|636136519383656216|0|50156.2578125|13.28582503501|100.67905376124|-7552|-44253||50156.2578125|145.75||14837.5|146.25|50156.2578125|75021d|MAS779|0|2804|3250|||3|3|1|1|1|132|18|["132,18,5,3777","132,114,4"]|13:55:56:258
62|1.1|636136519433581208|0|50161.2578125|13.27684501267|100.67905376124|-7553|-45247||50161.2578125|150.25||15137.5|149.5|50161.2578125|75021d|MAS779|0|2804|3387.5|||3|3|1|1|1|132|5|["132,18,5,3777","132,114,4"]|13:56:01:258
62|1.1|636136519483496199|0|50166.2421875|13.26917390637|100.6790323036|-7555|-46095||50166.2421875|152.5||15362.5|151.5|50166.2421875|75021d|MAS779|0|2804|2975|||3|3|1|1|1|132|5|["132,18,5,3777","132,114,4"]|13:56:06:242
62|1.1|636136519533421191|0|50171.2421875|13.26089662174|100.67898938832|-7560|-47011||50171.2421875|153.75||15612.5|151.25|50171.2421875|75021d|MAS779|0|2804|2912.5|||3|3|1|1|1|132|18|["132,18,5,3777","132,114,4"]|13:56:11:242
62|1.1|636136519583346183|0|50176.21875|13.25259787947|100.67896256627|-7563|-47929||50176.21875|157||15843.75|156.25|50176.21875|75021d|MAS779|0|2804|2837.5|||3|3|1|1|1|132|5|["132,18,5,3777","132,114,4"]|13:56:16:219
62|1.1|636136519633261174|0|50181.21875|13.24435814571|100.67893037981|-7567|-48840||50181.21875|158.75||16093.75|158.5|50181.21875|75021d|MAS779|0|2804|2837.5|||3|3|1|1|1|132|18|["132,18,5,3777","132,114,4"]|13:56:21:219
62|1.1|636136519683176165|0|50186.21875|13.23465929243|100.67890355776|-7570|-49914||50186.21875|163||16318.75|160.75|50186.21875|75021d|MAS779|0|2804|2812.5|||3|3|1|1|1|132|5|["132,18,5,3777","132,114,4"]|13:56:26:219
62|1.1|636136519733111158|0|50191.1953125|13.22690235557|100.67888210012|-7573|-50772||50191.1953125|164.75||16506.25|162.75|50191.1953125|75021d|MAS779|0|2804|2737.5|||3|3|1|1|1|132|5|["132,18,5,3777","132,114,4"]|13:56:31:195
62|1.1|636136519783026149|0|50196.1953125|13.2181744605|100.67882845602|-7579|-51738||50196.1953125|166.5||16712.5|165.25|50196.1953125|75021d|MAS779|0|2804|2656.25|||3|3|1|1|1|132|5|["132,18,5,3777"]|13:56:36:195
62|1.1|636136519832951141|0|50201.1796875|13.20944120102|100.67880163397|-7582|-52703||50201.1796875|168.25||16925|167.25|50201.1796875|75021d|MAS779|0|2804|2637.5|||3|3|1|1|1|132|5|["132,18,5,3777"]|13:56:41:180
62|1.1|636136519882886134|0|50206.1796875|13.19966188159|100.67875335428|-7588|-53785||50206.1796875|170.25||17187.5|169.5|50206.1796875|75021d|MAS779|0|2804|2737.5|||3|3|1|1|1|132|5|["132,18,5,3777"]|13:56:46:180
62|1.1|636136519932801125|0|50211.1796875|13.19041900316|100.67870507459|-7593|-54808||50211.1796875|172.25||17418.75|172.25|50211.1796875|75021d|MAS779|0|2804|2812.5|||3|3|1|1|1|132|18|["132,18,5,3777"]|13:56:51:180
62|1.1|636136519982716116|0|50216.15625|13.18104201448|100.67866752372|-7597|-55845||50216.15625|174.5||17650|174.75|50216.15625|75021d|MAS779|0|2804|2856.25|||3|3|1|1|1|132|18|["132,18,5,3777"]|13:56:56:156
62|1.1|636136520032631107|0|50221.15625|13.17169184785|100.67864070167|-7600|-56880||50221.15625|178||17893.75|176.75|50221.15625|75021d|MAS779|0|2804|2775|||3|3|1|1|1|132|5|["132,18,5,3777"]|13:57:01:156
62|1.1|636136520082556099|0|50226.140625|13.16457327578|100.67859242198|-7606|-57667||50226.140625|180.25||18100|178.75|50226.140625|75021d|MAS779|0|2804|2675|||3|3|1|1|1|132|5|["132,18,5,3777"]|13:57:06:141
62|1.1|636136520132481091|0|50231.140625|13.15596339773|100.67856023552|-7610|-58620||50231.140625|182.5||18325|181.25|50231.140625|75021d|MAS779|0|2804|2675|||3|3|1|1|1|132|114|["132,18,5,3777","132,114,5,569"]|13:57:11:141
62|1.1|636136520182396082|0|50236.140625|13.14701556185|100.67852804906|-7614|-59610||50236.140625|184.75||18581.25|183.75|50236.140625|75021d|MAS779|0|2804|2856.25|||3|3|1|1|1|132|5|["132,18,5,3777","132,114,5,569"]|13:57:16:141
62|1.1|636136520232321074|0|50241.1171875|13.13719869155|100.67846367614|-7621|-60696||50241.1171875|189||18868.75|186.5|50241.1171875|75021d|MAS779|0|2804|3112.5|||3|3|1|1|1|132|5|["132,18,5,3777","132,114,5,569"]|13:57:21:117
62|1.1|636136520282246066|0|50246.1171875|13.12786998256|100.67841003204|-7627|-61728||50246.1171875|191||19118.75|188.75|50246.1171875|75021d|MAS779|0|2804|2875|||3|3|1|1|1|132|5|["132,18,5,3777","132,114,5,569"]|13:57:26:117
62|1.1|636136520332161057|0|50251.1015625|13.11982336756|100.67835638794|-7633|-62618||50251.1015625|192.75||19306.25|190.75|50251.1015625|75021d|MAS779|0|2804|2637.5|||3|3|1|1|1|132|5|["132,18,5,3777","132,114,5,569"]|13:57:31:102
62|1.1|636136520382086049|0|50256.1015625|13.11070387056|100.67829201502|-7640|-63627||50256.1015625|194.25||19487.5|192.5|50256.1015625|75021d|MAS779|0|2804|2462.5|||3|3|1|1|1|132|5|["132,18,5,3777","132,114,5,569"]|13:57:36:102
62|1.1|636136520432011041|0|50261.1015625|13.10157364474|100.67823300651|-7647|-64637||50261.1015625|195.75||19675|194.5|50261.1015625|75021d|MAS779|0|2804|2381.25|||3|3|1|1|1|132|5|["132,18,5,3777","132,114,5,569"]|13:57:41:102
62|1.1|636136520481926032|0|50266.078125|13.09241659687|100.67817936241|-7653|-65651||50266.078125|198.25||19843.75|196.5|50266.078125|75021d|MAS779|0|2804|2343.75|||3|3|1|1|1|132|83|["132,18,5,3777"]|13:57:46:078
62|1.1|636136520531851024|0|50271.078125|13.08330246428|100.67813644713|-7658|-66659||50271.078125|200||20043.75|198.25|50271.078125|75021d|MAS779|0|2804|2325|||3|3|1|1|1|132|83|["132,18,5,3777"]|13:57:51:078
62|1.1|636136520581776016|0|50276.0625|13.07400594175|100.67810426067|-7662|-67687||50276.0625|201.25||20281.25|200.5|50276.0625|75021d|MAS779|0|2804|2343.75|||3|3|1|1|1|132|18|["132,18,5,3777"]|13:57:56:063
62|1.1|636136520631691007|0|50281.0625|13.06375991865|100.67806134539|-7667|-68821||50281.0625|203.5||20543.75|202.5|50281.0625|75021d|MAS779|0|2804|2443.75|||3|3|1|1|1|132|18|["132,18,5,3777"]|13:58:01:063
62|1.1|636136520681615999|0|50286.0625|13.05381966692|100.6780130657|-7672|-69921||50286.0625|205.25||20781.25|205.25|50286.0625|75021d|MAS779|0|2804|2481.25|||3|3|1|1|1|132|18|["132,18,5,3777"]|13:58:06:063
62|1.1|636136520731530990|0|50291.0390625|13.04387405078|100.67798087924|-7676|-71021||50291.0390625|207.25||21018.75|207.25|50291.0390625|75021d|MAS779|0|2804|2500|||3|3|1|1|1|132|18|["132,18,5,3777"]|13:58:11:039
62|1.1|636136520781455982|0|50296.0390625|13.03397134992|100.67794332837|-7680|-72117||50296.0390625|209.5||21250|209.25|50296.0390625|75021d|MAS779|0|2804|2518.75|||3|3|1|1|1|132|18|["132,18,5,3777"]|13:58:16:039
62|1.1|636136520831380974|0|50301.015625|13.02422958136|100.67792723514|-7683|-73194||50301.015625|211.75||21475|211.5|50301.015625|75021d|MAS779|0|2804|2581.25|||3|3|1|1|1|132|18|["132,18,5,3777"]|13:58:21:016
62|1.1|636136520881295965|0|50306.015625|13.01501352498|100.67797015042|-7678|-74214||50306.015625|213.75||21625|213.5|50306.015625|75021d|MAS779|0|2804|2556.25|||3|3|1|1|1|132|18|["132,18,5,3777"]|13:58:26:016
62|1.1|636136520931220957|0|50311.015625|13.00567945158|100.67798624365|-7677|-75247||50311.015625|215.5||21793.75|215.25|50311.015625|75021d|MAS779|0|2804|2481.25|||3|3|1|1|1|132|18|["132,18,5,3777"]|13:58:31:016
62|1.1|636136520981145949|0|50316|12.99623808998|100.67796478601|-7679|-76291||50316|217.25||21981.25|216.25|50316|75021d|MAS779|0|2804|1968.75|||3|3|1|1|1|132|18|["132,18,5,3777"]|13:58:36:000
62|1.1|636136521031060940|0|50321|12.98676454192|100.6779057775|-7686|-77339||50321|220.5||22162.5|218.5|50321|75021d|MAS779|0|2804|2281.25|||3|3|1|1|1|132|5|["132,18,5,3777"]|13:58:41:000
62|1.1|636136521080985932|0|50325.9765625|12.97728026504|100.67794332837|-7682|-78389||50325.9765625|221||22331.25|220.5|50325.9765625|75021d|MAS779|0|2804|2381.25|||3|3|1|1|1|132|114|["132,18,5,3777","132,114,4,569"]|13:58:45:977
62|1.1|636136521130920925|0|50330.9765625|12.96775307288|100.6777448452|-7704|-79443||50330.9765625|223||22475|222.25|50330.9765625|75021d|MAS779|0|2804|2262.5|||3|3|1|1|1|132|83|["132,18,5,3777","132,114,4,569"]|13:58:50:977
62|1.1|636136521180825915|0|50335.9765625|12.95817223662|100.67755709085|-7725|-80502||50335.9765625|225||22637.5|224.25|50335.9765625|75021d|MAS779|0|2804|2143.75|||3|3|1|1|1|132|5|["132,18,5,3777","132,114,4,569"]|13:58:55:977
62|1.1|636136521230750907|0|50340.9609375|12.94859140036|100.67733715004|-7749|-81562||50340.9609375|227.5||22806.25|225.5|50340.9609375|75021d|MAS779|0|2804|2087.5|||3|3|1|1|1|132|83|["132,18,5,3777","132,114,4,569"]|13:59:00:961
62|1.1|636136521280675899|0|50345.9609375|12.94066816679|100.67591021698|-7904|-82439||50345.9609375|228.75||22931.25|227.25|50345.9609375|75021d|MAS779|0|2804|2050|||3|3|1|1|1|132|83|["132,18,5,3777","132,114,4,569"]|13:59:05:961
62|1.1|636136521330590890|0|50350.9375|12.93062599127|100.67491780113|-8012|-83550||50350.9375|231.25||23125|229.25|50350.9375|75021d|MAS779|0|2804|2068.75|||3|3|1|1|1|132|5|["132,18,5,3777","132,114,4,569"]|13:59:10:938
62|1.1|636136521380515882|0|50355.9375|12.9204497055|100.67446719069|-8061|-84676||50355.9375|232.5||23306.25|230.75|50355.9375|75021d|MAS779|0|2804|2125|||3|3|1|1|1|132|5|["132,18,5,3777","132,114,4,569","132,210,2,2191"]|13:59:15:938
62|1.1|636136521430440874|0|50360.9375|12.91124437794|100.67405949553|-8106|-85694||50360.9375|234||23475|232.5|50360.9375|75021d|MAS779|0|2804|2125|||3|3|1|1|1|132|210|["132,18,5,3777","132,210,2,2191"]|13:59:20:938
62|1.1|636136521480355865|0|50365.921875|12.90186738926|100.67368935124|-8146|-86732||50365.921875|235.5||23625|234.25|50365.921875|75021d|MAS779|0|2804|2050|||3|3|1|1|1|132|83|["132,18,5,3777","132,210,2,2191"]|13:59:25:922
62|1.1|636136521530280857|0|50370.921875|12.8921792648|100.6735069613|-8167|-87803||50370.921875|237||23743.75|235.25|50370.921875|75021d|MAS779|0|2804|1850|||3|3|1|1|1|132|114|["132,18,5,3777","132,114,5,576","132,210,2,2191"]|13:59:30:922
62|1.1|636136521580205849|0|50375.8984375|12.8805384951|100.67315291024|-8206|-89092||50375.8984375|239.5||23937.5|237.25|50375.8984375|75021d|MAS779|0|2804|1812.5|||3|3|1|1|1|132|5|["132,18,5,3777","132,114,5,576","132,210,2,2191"]|13:59:35:898
62|1.1|636136521630130841|0|50380.8984375|12.87226657488|100.6729168762|-8231|-90007||50380.8984375|240.5||24081.25|238.5|50380.8984375|75021d|MAS779|0|2804|1812.5|||3|3|1|1|1|132|114|["132,18,5,3777","132,114,5,576","132,210,2,2191"]|13:59:40:898
62|1.1|636136521679885816|0|50385.8984375|12.86234778079|100.67261646924|-8264|-91104||50385.8984375|242||24256.25|240.25|50385.8984375|75021d|MAS779|0|2804|1850|||3|3|1|1|1|132|210|["132,18,5,3777","132,114,5,576","132,210,2,2191"]|13:59:45:898
62|1.1|636136521729970824|0|50390.875|12.84937663741|100.67232142669|-8296|-92539||50390.875|244.5||24468.75|242.25|50390.875|75021d|MAS779|0|2804|2162.5|||3|3|1|1|1|132|83|["132,18,5,3777","132,114,5,576","132,210,2,2191"]|13:59:50:875
62|1.1|636136521779885815|0|50395.875|12.84137293769|100.67208002824|-8323|-93425||50395.875|245.5||24606.25|243.75|50395.875|75021d|MAS779|0|2804|2087.5|||3|3|1|1|1|132|114|["132,18,5,3777","132,114,5,576","132,210,2,2191"]|13:59:55:875
62|1.1|636136521829660792|0|50400.859375|12.82987164265|100.6717903501|-8355|-94697||50400.859375|248||24800|245.5|50400.859375|75021d|MAS779|0|2804|2006.25|||3|3|1|1|1|132|83|["132,18,5,3777","132,114,5,576","132,210,2,2191"]|14:00:00:859
62|1.1|636136521879605786|0|50405.859375|12.82173919709|100.67157040929|-8379|-95596||50405.859375|249||24931.25|247.25|50405.859375|75021d|MAS779|0|2804|2050|||3|3|1|1|1|132|210|["132,18,5,3777","132,114,5,576","132,210,2,2191"]|14:00:05:859
62|1.1|636136521929500775|0|50410.859375|12.80931522353|100.67127000233|-8412|-96971||50410.859375|251||25125|249.25|50410.859375|75021d|MAS779|0|2804|2087.5|||3|3|1|1|1|132|5|["132,18,5,3777","132,114,5,576","132,210,2,2191"]|14:00:10:859
62|1.1|636136521979415766|0|50415.8359375|12.79861322558|100.67098032419|-8444|-98155||50415.8359375|252||25306.25|250.75|50415.8359375|75021d|MAS779|0|2804|2087.5|||3|3|1|1|1|132|210|["132,18,5,3777","132,114,5,576","132,210,2,2191"]|14:00:15:836
62|1.1|636136522029340758|0|50420.8359375|12.78838866012|100.67067991723|-8477|-99286||50420.8359375|253||25456.25|252.5|50420.8359375|75021d|MAS779|0|2804|2068.75|||3|3|1|1|1|132|210|["132,18,5,3777","132,114,5,576","132,210,2,2191"]|14:00:20:836
62|1.1|636136522079265750|0|50425.8203125|12.78066390972|100.67041169673|-8506|-100141||50425.8203125|255||25562.5|253.75|50425.8203125|75021d|MAS779|0|2804|1987.5|||3|3|1|1|1|132|210|["132,18,5,3777","132,114,5,576","132,210,2,2191"]|14:00:25:820
62|1.1|636136522129190742|0|50430.8203125|12.77095969203|100.67015420505|-8535|-101215||50430.8203125|257||25706.25|255.25|50430.8203125|75021d|MAS779|0|2804|1868.75|||3|3|1|1|1|132|210|["132,18,5,3777","132,114,5,576","132,210,2,2191"]|14:00:30:820
62|1.1|636136522179105733|0|50435.8203125|12.76065466042|100.6699128066|-8561|-102355||50435.8203125|258||25875|256.5|50435.8203125|75021d|MAS779|0|2804|1812.5|||3|3|1|1|1|132|210|["132,18,5,3777","132,114,5,576","132,210,2,2191"]|14:00:35:820
62|1.1|636136522229030725|0|50440.796875|12.75009213713|100.66968213697|-8587|-103523||50440.796875|260.25||26031.25|258.25|50440.796875|75021d|MAS779|0|2804|1812.5|||3|3|1|1|1|132|5|["132,18,5,3777","132,114,5,576","132,210,2,2191"]|14:00:40:797
62|1.1|636136522278955717|0|50445.796875|12.73860693532|100.66940855206|-8617|-104794||50445.796875|261.5||26193.75|259.5|50445.796875|75021d|MAS779|0|2804|1850|||3|3|1|1|1|132|5|["132,18,5,3777","132,114,5,576","132,210,2,2191"]|14:00:45:797
62|1.1|636136522328870708|0|50450.78125|12.72773327625|100.66914033156|-8646|-105997||50450.78125|263||26356.25|261.5|50450.78125|75021d|MAS779|0|2804|1950|||3|3|1|1|1|132|210|["132,18,5,3777","132,114,5,576","132,210,2,2191"]|14:00:50:781
62|1.1|636136522378795700|0|50455.78125|12.7181578044|100.66884528901|-8678|-107057||50455.78125|264||26493.75|262.75|50455.78125|75021d|MAS779|0|2804|1887.5|||3|3|1|1|1|132|210|["132,18,5,3777","132,210,2,2191"]|14:00:55:781
62|1.1|636136522428710691|0|50460.78125|12.70793860335|100.6685717041|-8708|-108187||50460.78125|266||26643.75|264.5|50460.78125|75021d|MAS779|0|2804|1912.5|||3|3|1|1|1|132|210|["132,18,5,3777","132,210,2,2191"]|14:01:00:781
62|1.1|636136522478645684|0|50465.7578125|12.69777841081|100.66831421242|-8737|-109311||50465.7578125|267||26793.75|264.75|50465.7578125|75021d|MAS779|0|2804|1850|||3|3|1|1|1|132|210|["132,18,5,3777","132,210,2,2191"]|14:01:05:758
62|1.1|636136522528560675|0|50470.7578125|12.68619128521|100.66804599192|-8766|-110593||50470.7578125|269.75||26987.5|267.75|50470.7578125|75021d|MAS779|0|2804|1950|||3|3|1|1|1|132|83|["132,18,5,3777","132,210,2,2191"]|14:01:10:758
62|1.1|636136522578475666|0|50475.7421875|12.6764226946|100.66779386465|-8794|-111674||50475.7421875|271.25||27143.75|269.25|50475.7421875|75021d|MAS779|0|2804|1912.5|||3|3|1|1|1|132|83|["132,18,5,3777","132,210,2,2191"]|14:01:15:742
62|1.1|636136522628400658|0|50480.7421875|12.66650390051|100.66753100856|-8823|-112771||50480.7421875|272.75||27287.5|270.75|50480.7421875|75021d|MAS779|0|2804|1831.25|||3|3|1|1|1|132|5|["132,18,5,3777","132,210,2,2191"]|14:01:20:742
62|1.1|636136522678325650|0|50485.7421875|12.65633297915|100.66726815247|-8852|-113896||50485.7421875|274||27443.75|272.25|50485.7421875|75021d|MAS779|0|2804|1831.25|||3|3|1|1|1|132|210|["132,18,5,3777","132,210,2,2191"]|14:01:25:742
62|1.1|636136522728240641|0|50490.71875|12.64609768487|100.66699456756|-8882|-115029||50490.71875|275||27587.5|273.75|50490.71875|75021d|MAS779|0|2804|1850|||3|3|1|1|1|132|210|["132,18,5,3777","132,210,2,2191"]|14:01:30:719
62|1.1|636136522778165633|0|50495.71875|12.6340438556|100.66672098265|-8912|-116363||50495.71875|277.5||27762.5|275.5|50495.71875|75021d|MAS779|0|2804|1868.75|||3|3|1|1|1|132|83|["132,18,5,3777","132,114,5,584","132,210,2,2191"]|14:01:35:719
62|1.1|636136522828110627|0|50500.6953125|12.62287515398|100.66646349097|-8941|-117598||50500.6953125|278.5||27912.5|276.75|50500.6953125|75021d|MAS779|0|2804|1831.25|||3|3|1|1|1|132|114|["132,18,5,3777","132,114,5,584","132,210,2,2191"]|14:01:40:695
62|1.1|636136522878015617|0|50505.6953125|12.61285980051|100.66619527047|-8970|-118706||50505.6953125|280||28050|278.25|50505.6953125|75021d|MAS779|0|2804|1793.75|||3|3|1|1|1|132|114|["132,18,5,3777","132,114,5,584","132,210,2,2191"]|14:01:45:695
62|1.1|636136522927940609|0|50510.6953125|12.60282835381|100.66592168556|-9000|-119816||50510.6953125|281.25||28187.5|279.5|50510.6953125|75021d|MAS779|0|2804|1731.25|||3|3|1|1|1|132|114|["132,18,5,3777","132,114,5,584","132,210,2,2191"]|14:01:50:695
62|1.1|636136522977855600|0|50515.6796875|12.59181522008|100.66566419388|-9029|-121034||50515.6796875|282.75||28331.25|281.25|50515.6796875|75021d|MAS779|0|2804|1712.5|||3|3|1|1|1|132|114|["132,18,5,3777","132,114,5,584","132,210,2,2191"]|14:01:55:680
62|1.1|636136523027780592|0|50520.6796875|12.58112931536|100.66541743102|-9056|-122217||50520.6796875|284.25||28475|282.5|50520.6796875|75021d|MAS779|0|2804|1731.25|||3|3|1|1|1|132|114|["132,18,5,3777","132,114,5,584","132,210,2,2191"]|14:02:00:680
62|1.1|636136523077695583|0|50525.65625|12.57134999593|100.66515993934|-9084|-123299||50525.65625|285.5||28593.75|283.75|50525.65625|75021d|MAS779|0|2804|1656.25|||3|3|1|1|1|132|114|["132,18,5,3777","132,114,5,584","132,210,2,2191"]|14:02:05:656
62|1.1|636136523127620575|0|50530.65625|12.5596394889|100.66488099002|-9115|-124594||50530.65625|287.25||28737.5|285.25|50530.65625|75021d|MAS779|0|2804|1693.75|||3|3|1|1|1|132|83|["132,18,5,3777","132,114,5,584","132,210,2,2191"]|14:02:10:656
62|1.1|636136523177545567|0|50535.65625|12.54883020275|100.66461813393|-9144|-125790||50535.65625|288||28881.25|286.5|50535.65625|75021d|MAS779|0|2804|1675|||3|3|1|1|1|132|210|["132,18,5,3777","132,114,5,584","132,210,2,2191"]|14:02:15:656
62|1.1|636136523227460558|0|50540.640625|12.53845543381|100.66433918461|-9175|-126938||50540.640625|289.5||28993.75|287.75|50540.640625|75021d|MAS779|0|2804|1612.5|||3|3|1|1|1|132|114|["132,18,5,3777","132,114,5,584","132,210,2,2191"]|14:02:20:641
62|1.1|636136523277385550|0|50545.640625|12.52776416468|100.66407096411|-9204|-128121||50545.640625|291||29131.25|289.25|50545.640625|75021d|MAS779|0|2804|1575|||3|3|1|1|1|132|114|["132,18,5,3777","132,114,5,584","132,210,2,2191"]|14:02:25:641
62|1.1|636136523327310542|0|50550.6171875|12.51707289555|100.66381883684|-9232|-129303||50550.6171875|292||29268.75|290.5|50550.6171875|75021d|MAS779|0|2804|1593.75|||3|3|1|1|1|132|210|["132,18,5,3777","132,114,5,584","132,210,2,2191"]|14:02:30:617
62|1.1|636136523377225533|0|50555.6171875|12.50730966935|100.6635291587|-9264|-130384||50555.6171875|293||29381.25|291.5|50555.6171875|75021d|MAS779|0|2804|1556.25|||3|3|1|1|1|132|210|["132,18,5,3777","132,114,5,584","132,210,2,2191"]|14:02:35:617
62|1.1|636136523427150525|0|50560.6171875|12.49680079016|100.66327166702|-9292|-131546||50560.6171875|295||29518.75|293.25|50560.6171875|75021d|MAS779|0|2804|1575|||3|3|1|1|1|132|210|["132,18,5,3777","132,114,5,584","132,210,2,2191"]|14:02:40:617
62|1.1|636136523477085518|0|50565.6015625|12.48618462277|100.66301953975|-9320|-132721||50565.6015625|296||29656.25|294.5|50565.6015625|75021d|MAS779|0|2804|1612.5|||3|3|1|1|1|132|210|["132,18,5,3777","132,114,5,584","132,210,2,2191"]|14:02:45:602
62|1.1|636136523527000509|0|50570.6015625|12.47506420084|100.6627781413|-9347|-133952||50570.6015625|297||29812.5|294.75|50570.6015625|75021d|MAS779|0|2804|1593.75|||3|3|1|1|1|132|210|["132,18,5,3777","132,114,5,584","132,210,2,2191"]|14:02:50:602
62|1.1|636136523576915500|0|50575.578125|12.46262949846|100.66262257341|-9364|-135327||50575.578125|298||29950|295.75|50575.578125|75021d|MAS779|0|2804|1493.75|||3|3|1|1|1|132|210|["132,18,5,3777","132,210,2,2191"]|14:02:55:578
62|1.1|636136523626840492|0|50580.578125|12.45083316087|100.662617209|-9365|-136632||50580.578125|300||30081.25|298.25|50580.578125|75021d|MAS779|0|2804|1556.25|||3|3|1|1|1|132|210|["132,18,5,3777","132,210,2,2191"]|14:03:00:578
62|1.1|636136523676755483|0|50585.578125|12.43938014552|100.66281569217|-9344|-137899||50585.578125|301||30206.25|298.75|50585.578125|75021d|MAS779|0|2804|1631.25|||3|3|1|1|1|132|210|["132,18,5,3777","132,210,2,2191"]|14:03:05:578
62|1.1|636136523726680475|0|50590.5625|12.42824899477|100.66298735329|-9326|-139131||50590.5625|303||30356.25|301.5|50590.5625|75021d|MAS779|0|2804|1768.75|||3|3|1|1|1|132|210|["132,18,5,3777","132,210,2,2191"]|14:03:10:563
62|1.1|636136523776605467|0|50595.5625|12.41717685253|100.66316437882|-9307|-140356||50595.5625|305||30518.75|303.25|50595.5625|75021d|MAS779|0|2804|1912.5|||3|3|1|1|1|132|210|["132,18,5,3777","132,210,2,2191"]|14:03:15:563
62|1.1|636136523826520458|0|50600.5390625|12.40624418495|100.66276741248|-9350|-141566||50600.5390625|307||30681.25|305.25|50600.5390625|75021d|MAS779|0|2804|2050|||3|3|1|1|1|132|210|["132,18,5,3777","132,210,2,2191"]|14:03:20:539
62|1.1|636136523876445450|0|50605.5390625|12.39537052588|100.66232216645|-9399|-142769||50605.5390625|308||30850|305.75|50605.5390625|75021d|MAS779|0|2804|2068.75|||3|3|1|1|1|132|210|["132,18,5,3777","132,210,2,2191"]|14:03:25:539
62|1.1|636136523926360441|0|50610.5390625|12.38457196855|100.66160333551|-9478|-143964||50610.5390625|310||31025|308.75|50610.5390625|75021d|MAS779|0|2804|2087.5|||3|3|1|1|1|132|210|["132,18,5,3777","132,210,2,2191"]|14:03:30:539
62|1.1|636136523976285433|0|50615.515625|12.37380023327|100.66074502991|-9571|-145155||50615.515625|312||31206.25|310.25|50615.515625|75021d|MAS779|0|2804|2025|||3|3|1|1|1|132|210|["132,18,5,3777","132,210,2,2191"]|14:03:35:516
62|1.1|636136524026210425|0|50620.515625|12.36301776917|100.66016567363|-9635|-146348||50620.515625|314||31393.75|312.25|50620.515625|75021d|MAS779|0|2804|2050|||3|3|1|1|1|132|210|["132,18,5,3777","132,210,2,2191"]|14:03:40:516
62|1.1|636136524076135417|0|50625.5|12.35228358476|100.66015494481|-9637|-147536||50625.5|315||31568.75|312.75|50625.5|75021d|MAS779|0|2804|2025|||3|3|1|1|1|132|210|["132,18,5,3777","132,210,2,2191"]|14:03:45:500
62|1.1|636136524126050408|0|50630.5|12.34151184948|100.66006374984|-9647|-148727||50630.5|318||31750|315.5|50630.5|75021d|MAS779|0|2804|2050|||3|3|1|1|1|132|5|["132,18,5,3777","132,210,2,2191"]|14:03:50:500
62|1.1|636136524175975400|0|50635.5|12.33076693625|100.65998328369|-9656|-149916||50635.5|319||31931.25|317.25|50635.5|75021d|MAS779|0|2804|2068.75|||3|3|1|1|1|132|210|["132,18,5,3777","132,210,2,2191"]|14:03:55:500
62|1.1|636136524225900392|0|50640.4765625|12.32008639594|100.66001547015|-9653|-151098||50640.4765625|321||32118.75|319.25|50640.4765625|75021d|MAS779|0|2804|2068.75|||3|3|1|1|1|132|210|["132,18,5,3777","132,210,2,2191"]|14:04:00:477
62|1.1|636136524275815383|0|50645.4765625|12.30935757594|100.6596131394|-9697|-152285||50645.4765625|322||32293.75|320.75|50645.4765625|75021d|MAS779|0|2804|2068.75|||3|3|1|1|1|132|210|["132,18,5,3777","132,210,2,2191"]|14:04:05:477
62|1.1|636136524325740375|0|50650.4609375|12.29874677296|100.65951121561|-9709|-153459||50650.4609375|324||32468.75|322.5|50650.4609375|75021d|MAS779|0|2804|2087.5|||3|3|1|1|1|132|210|["132,18,5,3777","132,210,2,2191"]|14:04:10:461
62|1.1|636136524375665367|0|50655.4609375|12.28806623265|100.65968287673|-9691|-154641||50655.4609375|326||32643.75|324.25|50655.4609375|75021d|MAS779|0|2804|2050|||3|3|1|1|1|132|210|["132,18,5,3777","132,210,2,2191"]|14:04:15:461
62|1.1|636136524425580358|0|50660.4609375|12.27739105675|100.65963459704|-9696|-155822||50660.4609375|327||32806.25|325.75|50660.4609375|75021d|MAS779|0|2804|1968.75|||3|3|1|1|1|132|210|["132,18,5,3777","132,210,2,2191"]|14:04:20:461
62|1.1|636136524475505350|0|50665.4375|12.26941417908|100.65759612124|-9918|-156705||50665.4375|329.5||32962.5|327.25|50665.4375|75021d|MAS779|0|2804|1968.75|||3|3|1|1|1|132|5|["132,18,5,3777","132,210,2,2191"]|14:04:25:438
62|1.1|636136524525430342|0|50670.4375|12.25916279157|100.65710795993|-9972|-157839||50670.4375|331||33125|329.25|50670.4375|75021d|MAS779|0|2804|1968.75|||3|3|1|1|1|132|210|["132,18,5,3777","132,210,2,2191"]|14:04:30:438
62|1.1|636136524575365335|0|50675.421875|12.24794581026|100.65674318005|-10012|-159080||50675.421875|332.25||33306.25|330.75|50675.421875|75021d|MAS779|0|2804|2025|||3|3|1|1|1|132|210|["132,18,5,3777","132,210,2,2191"]|14:04:35:422
62|1.1|636136524625270325|0|50680.421875|12.23676637982|100.65642131545|-10047|-160317||50680.421875|334.75||33481.25|332.5|50680.421875|75021d|MAS779|0|2804|2006.25|||3|3|1|1|1|132|83|["132,18,5,3777","132,210,2,2191"]|14:04:40:422
62|1.1|636136524675195317|0|50685.421875|12.22701924685|100.65608872203|-10084|-161395||50685.421875|336||33637.5|334.5|50685.421875|75021d|MAS779|0|2804|2050|||3|3|1|1|1|132|210|["132,18,5,3777","132,210,2,2191"]|14:04:45:422
62|1.1|636136524725110308|0|50690.3984375|12.21662302027|100.65588487445|-10107|-162545||50690.3984375|338||33812.5|336.25|50690.3984375|75021d|MAS779|0|2804|2006.25|||3|3|1|1|1|132|210|["132,18,5,3777","132,210,2,2191"]|14:04:50:398
62|1.1|636136524775035300|0|50695.3984375|12.20480522504|100.65556837426|-10141|-163853||50695.3984375|339||34006.25|337.75|50695.3984375|75021d|MAS779|0|2804|2050|||3|3|1|1|1|132|210|["132,18,5,3777","132,210,2,2191"]|14:04:55:398
62|1.1|636136524824960292|0|50700.375|12.19407104063|100.65531624699|-10169|-165041||50700.375|341.75||34181.25|339.5|50700.375|75021d|MAS779|0|2804|2068.75|||3|3|1|1|1|132|5|["132,18,5,3777","132,210,2,2191"]|14:05:00:375
62|1.1|636136524874875283|0|50705.375|12.18392157691|100.65501047562|-10203|-166164||50705.375|343||34350|341.25|50705.375|75021d|MAS779|0|2804|2068.75|||3|3|1|1|1|132|210|["132,18,5,3777","132,210,2,2191"]|14:05:05:375
62|1.1|636136524924800275|0|50710.375|12.17246319715|100.65479053481|-10227|-167431||50710.375|345.25||34531.25|343.25|50710.375|75021d|MAS779|0|2804|2050|||3|3|1|1|1|132|83|["132,18,5,3777","132,210,2,2191"]|14:05:10:375
62|1.1|636136524974725267|0|50715.359375|12.16158417367|100.65447939903|-10262|-168635||50715.359375|346||34712.5|344.75|50715.359375|75021d|MAS779|0|2804|2050|||3|3|1|1|1|132|210|["132,18,5,3777","132,210,2,2191"]|14:05:15:359
62|1.1|636136525024640258|0|50720.359375|12.15060859081|100.65411998356|-10301|-169849||50720.359375|348||34893.75|346.25|50720.359375|75021d|MAS779|0|2804|2006.25|||3|3|1|1|1|132|210|["132,18,5,3777","132,210,2,2191"]|14:05:20:359
62|1.1|636136525074565250|0|50725.3359375|12.13975102497|100.65378202573|-10339|-171051||50725.3359375|349||35062.5|347.75|50725.3359375|75021d|MAS779|0|2804|1950|||3|3|1|1|1|132|210|["132,18,5,3777","132,210,2,2191"]|14:05:25:336
62|1.1|636136525124490242|0|50730.3359375|12.12901147615|100.65361036461|-10358|-172239||50730.3359375|350||35200|348.25|50730.3359375|75021d|MAS779|0|2804|1456.25|||3|3|1|1|1|132|210|["132,18,5,3777","132,210,2,2191"]|14:05:30:336
62|1.1|636136525174405233|0|50735.3359375|12.11886737684|100.65331532206|-10390|-173361||50735.3359375|350.25||35262.5|348.25|50735.3359375|75021d|MAS779|0|2804|0|||3|3|0|1|1|132|5|["132,18,5,3777","132,210,2,2191","132,82,5"]|14:05:35:336
62|1.1|636136525224330225|0|50740.3203125|12.10868572666|100.65268768609|-10459|-174488||50740.3203125|350||35325|348.25|50740.3203125|75021d|MAS779|0|2804|0|||3|3|0|1|1|132|210|["132,18,5,3777","132,210,2,2191","132,82,5"]|14:05:40:320
62|1.1|636136525274255217|0|50745.3203125|12.09849334766|100.65221561801|-10511|-175615||50745.3203125|350||35331.25|348.25|50745.3203125|75021d|MAS779|0|2804|0|||3|3|0|1|1|132|210|["132,18,5,3777","132,210,2,2191","132,82,5"]|14:05:45:320
62|1.1|636136525324170208|0|50750.296875|12.08839752804|100.6514055921|-10600|-176732||50750.296875|350.25||35325|348.25|50750.296875|75021d|MAS779|0|2804|0|||3|3|0|1|1|132|83|["132,18,5,3777","132,210,2,2191","132,82,5"]|14:05:50:297
62|1.1|636136525374095200|0|50755.296875|12.07816223376|100.65075649849|-10671|-177865||50755.296875|350||35293.75|347.75|50755.296875|75021d|MAS779|0|2804|0|||3|3|0|1|1|132|210|["132,18,5,3777","132,210,2,2191","132,82,5"]|14:05:55:297
62|1.1|636136525424020192|0|50760.296875|12.06796449035|100.65004839637|-10748|-178993||50760.296875|350||35237.5|347.75|50760.296875|75021d|MAS779|0|2804|0|||3|3|0|1|1|132|210|["132,18,5,3777","132,210,2,2191","132,82,5"]|14:06:00:297
62|1.1|636136525473935183|0|50765.28125|12.0577452893|100.64930810779|-10829|-180124||50765.28125|350||35187.5|347.75|50765.28125|75021d|MAS779|0|2804|0|||3|3|0|1|1|132|210|["132,18,5,3777","132,210,2,2191","132,82,5"]|14:06:05:281
62|1.1|636136525523860175|0|50770.28125|12.04767629173|100.64827277666|-10942|-181238||50770.28125|350||35137.5|347.75|50770.28125|75021d|MAS779|0|2804|0|||3|3|0|1|1|132|5|["132,18,5,3777","132,210,2,2191","132,82,5"]|14:06:10:281
62|1.1|636136525573785167|0|50775.2578125|12.03756974329|100.65138413446|-10604|-182356||50775.2578125|350||35000|347.75|50775.2578125|75021d|MAS779|0|2804|0|||3|3|0|1|1|132|210|["132,18,5,3777","132,210,2,2191","132,82,5"]|14:06:15:258
62|1.1|636136525623700158|0|50780.2578125|12.02715742348|100.65168990583|-10571|-183508||50780.2578125|350||35000|347.75|50780.2578125|75021d|MAS779|0|2804|0|||3|3|0|1|1|132|83|["132,18,5,3777","132,210,2,2191","132,82,5"]|14:06:20:258
62|1.1|636136525673625150|0|50785.2578125|12.01694895125|100.65185620254|-10554|-184638||50785.2578125|350||35000|347.75|50785.2578125|75021d|MAS779|0|2804|0|||3|3|0|1|1|132|210|["132,18,5,3777","132,210,2,2191","132,82,5"]|14:06:25:258
62|1.1|636136525723550142|0|50790.2421875|12.00562468174|100.65209223658|-10528|-185891||50790.2421875|350||34993.75|347.75|50790.2421875|75021d|MAS779|0|2804|0|||3|3|0|1|1|132|210|["132,18,5,3777","132,210,2,2191","132,82,5"]|14:06:30:242
62|1.1|636136525773475134|0|50795.2421875|11.99410729347|100.65252138938|-10482|-187165||50795.2421875|350||34993.75|347.75|50795.2421875|75021d|MAS779|0|2804|0|||3|3|0|1|1|132|210|["132,18,5,3777","132,210,2,2191","132,82,5"]|14:06:35:242
62|1.1|636136525823390125|0|50800.21875|11.98476249125|100.65292372013|-10438|-188199||50800.21875|350||35006.25|347.75|50800.21875|75021d|MAS779|0|2804|0|||3|3|0|1|1|132|210|["132,18,5,3777","132,210,2,2191","132,82,5"]|14:06:40:219
62|1.1|636136525873325118|0|50805.21875|11.97485979039|100.65324022032|-10404|-189295||50805.21875|350||35006.25|347.75|50805.21875|75021d|MAS779|0|2804|0|||3|3|0|1|1|132|210|["132,18,5,3777","132,210,2,2191","132,82,5"]|14:06:45:219
62|1.1|636136525923240109|0|50810.21875|11.96352479206|100.65351916964|-10374|-190549||50810.21875|350||35000|347.75|50810.21875|75021d|MAS779|0|2804|0|||3|3|0|1|1|132|83|["132,18,5,3777","132,210,2,2191","132,82,5"]|14:06:50:219
62|1.1|636136525973155100|0|50815.1953125|11.95288716703|100.6537659325|-10348|-191726||50815.1953125|350||34993.75|347.75|50815.1953125|75021d|MAS779|0|2804|0|||3|3|0|1|1|132|210|["132,18,5,3777","132,210,2,2191","132,82,5"]|14:06:55:195
62|1.1|636136526023080092|0|50820.1953125|11.94220126231|100.65400733095|-10322|-192909||50820.1953125|350||34987.5|347.75|50820.1953125|75021d|MAS779|0|2804|0|||3|3|0|1|1|132|210|["132,18,5,3777","132,210,2,2191","132,82,5"]|14:07:00:195
62|1.1|636136526073005084|0|50825.1796875|11.93270625661|100.65425409381|-10296|-193959||50825.1796875|350||35006.25|347.75|50825.1796875|75021d|MAS779|0|2804|0|||3|3|0|1|1|132|210|["132,18,5,3777","132,210,2,2191","132,82,5"]|14:07:05:180
62|1.1|636136526122930076|0|50830.1796875|11.92238513177|100.65449012785|-10270|-195101||50830.1796875|350||35000|347.75|50830.1796875|75021d|MAS779|0|2804|0|||3|3|0|1|1|132|210|["132,18,5,3777","132,210,2,2191","132,82,5"]|14:07:10:180
62|1.1|636136526172845067|0|50835.1796875|11.91048687039|100.65473689071|-10244|-196418||50835.1796875|350||34993.75|347.75|50835.1796875|75021d|MAS779|0|2804|0|||3|3|0|1|1|132|210|["132,18,5,3777","132,210,2,2191","132,82,5"]|14:07:15:180
62|1.1|636136526222760058|0|50840.15625|11.89948446548|100.65499438239|-10216|-197635||50840.15625|350||35006.25|347.75|50840.15625|75021d|MAS779|0|2804|0|||3|3|0|1|1|132|83|["132,18,5,3777","132,210,2,2191","132,82,5"]|14:07:20:156
62|1.1|636136526272685050|0|50845.15625|11.89030595997|100.65519822997|-10194|-198651||50845.15625|350||35006.25|347.75|50845.15625|75021d|MAS779|0|2804|0|||3|3|0|1|1|132|210|["132,18,5,3777","132,210,2,2191","132,82,5"]|14:07:25:156
62|1.1|636136526322610042|0|50850.140625|11.88046763203|100.65543426401|-10169|-199739||50850.140625|350||35006.25|347.75|50850.140625|75021d|MAS779|0|2804|0|||3|3|0|1|1|132|210|["132,18,5,3777","132,210,2,2191","132,82,5"]|14:07:30:141
62|1.1|636136526372535034|0|50855.140625|11.87018405806|100.65566493364|-10144|-200877||50855.140625|350||35006.25|347.75|50855.140625|75021d|MAS779|0|2804|0|||3|3|0|1|1|132|210|["132,18,5,3777","132,210,2,2191","132,82,5"]|14:07:35:141
62|1.1|636136526422450025|0|50860.140625|11.85896171234|100.65593315414|-10116|-202119||50860.140625|350||34993.75|347.75|50860.140625|75021d|MAS779|0|2804|0|||3|3|0|1|1|132|210|["132,18,5,3777","132,210,2,2191","132,82,5"]|14:07:40:141
62|1.1|636136526472375017|0|50865.1171875|11.84841528228|100.65616382377|-10091|-203286||50865.1171875|350||35000|347.75|50865.1171875|75021d|MAS779|0|2804|0|||3|3|0|1|1|132|210|["132,18,5,3777","132,210,2,2191","132,82,5"]|14:07:45:117
62|1.1|636136526522290008|0|50870.1171875|11.83691935165|100.65646959514|-10058|-204558||50870.1171875|350||35000|347.75|50870.1171875|75021d|MAS779|0|2804|0|||3|3|0|1|1|132|5|["132,18,5,3777","132,210,2,2191","132,82,5"]|14:07:50:117
62|1.1|636136526572215000|0|50875.1015625|11.82776766819|100.65668417154|-10035|-205571||50875.1015625|350||35006.25|347.75|50875.1015625|75021d|MAS779|0|2804|0|||3|3|0|1|1|132|210|["132,18,5,3777","132,210,2,2191","132,82,5"]|14:07:55:102
62|1.1|636136526622139992|0|50880.1015625|11.81733925515|100.65691484117|-10010|-206725||50880.1015625|350||35006.25|347.75|50880.1015625|75021d|MAS779|0|2804|0|||3|3|0|1|1|132|210|["132,18,5,3777","132,210,2,2191","132,82,5"]|14:08:00:102
62|1.1|636136526672054983|0|50885.1015625|11.80606862974|100.65719379049|-9980|-207972||50885.1015625|350||35006.25|347.75|50885.1015625|75021d|MAS779|0|2804|0|||3|3|0|1|1|132|5|["132,18,5,3777","132,210,2,2191","132,82,5"]|14:08:05:102
62|1.1|636136526721989976|0|50890.078125|11.79705105653|100.65739227366|-9959|-208969||50890.078125|350||35006.25|347.75|50890.078125|75021d|MAS779|0|2804|0|||3|3|0|1|1|132|210|["132,18,5,3777","132,210,2,2191","132,82,5"]|14:08:10:078
62|1.1|636136526771904967|0|50895.078125|11.78682649107|100.65764440093|-9932|-210101||50895.078125|350||35006.25|347.75|50895.078125|75021d|MAS779|0|2804|0|||3|3|0|1|1|132|210|["132,18,5,3777","132,210,2,2191","132,82,5"]|14:08:15:078
62|1.1|636136526821819958|0|50900.0625|11.77567388268|100.65791262143|-9903|-211335||50900.0625|350||35000|347.75|50900.0625|75021d|MAS779|0|2804|0|||3|3|0|1|1|132|210|["132,18,5,3777","132,210,2,2191","132,82,5"]|14:08:20:063
62|1.1|636136526871744950|0|50905.0625|11.76460174044|100.65818620634|-9874|-212560||50905.0625|350||35006.25|347.75|50905.0625|75021d|MAS779|0|2804|0|||3|3|0|1|1|132|210|["132,18,5,3777","132,210,2,2191","132,82,5"]|14:08:25:063
62|1.1|636136526921669942|0|50910.0625|11.75570218425|100.65840614715|-9850|-213545||50910.0625|350||35006.25|347.75|50910.0625|75021d|MAS779|0|2804|0|||3|3|0|1|1|132|210|["132,18,5,3777","132,210,2,2191","132,82,5"]|14:08:30:063
62|1.1|636136526971594934|0|50915.0390625|11.74541324587|100.6586475456|-9824|-214683||50915.0390625|350||35000|347.75|50915.0390625|75021d|MAS779|0|2804|0|||3|3|0|1|1|132|210|["132,18,5,3777","132,210,2,2191","132,82,5"]|14:08:35:039
62|1.1|636136527021509925|0|50920.0390625|11.735183316|100.65876556262|-9812|-215815||50920.0390625|350||35000|347.75|50920.0390625|75021d|MAS779|0|2804|0|||3|3|0|1|1|132|210|["132,18,5,3777","132,210,2,2191","132,82,5"]|14:08:40:039
62|1.1|636136527071434917|0|50925.015625|11.7249372929|100.65887285082|-9800|-216949||50925.015625|350||35000|347.75|50925.015625|75021d|MAS779|0|2804|0|||3|3|0|1|1|132|210|["132,18,5,3777","132,210,2,2191","132,82,5"]|14:08:45:016
62|1.1|636136527121359909|0|50930.015625|11.71323215028|100.65899086784|-9788|-218244||50930.015625|350||34987.5|347.75|50930.015625|75021d|MAS779|0|2804|0|||3|3|0|1|1|132|210|["132,18,5,3777","132,210,2,2191","132,82,5"]|14:08:50:016
62|1.1|636136527171274900|0|50935.015625|11.70241213531|100.65917862219|-9768|-219442||50935.015625|350||34981.25|347.75|50935.015625|75021d|MAS779|0|2804|0|||3|3|0|1|1|132|210|["132,18,5,3777","132,210,2,2191","132,82,5"]|14:08:55:016
62|1.1|636136527221199892|0|50940|11.69197299345|100.65936637654|-9748|-220596||50940|350||34981.25|347.75|50940|75021d|MAS779|0|2804|0|||3|3|0|1|1|132|210|["132,18,5,3777","132,210,2,2191","132,82,5"]|14:09:00:000
62|1.1|636136527271124884|0|50945|11.68137291929|100.65939319859|-9745|-221769||50945|350||35000|347.75|50945|75021d|MAS779|0|2804|0|||3|3|0|1|1|132|210|["132,18,5,3777","132,210,2,2191","132,82,5"]|14:09:05:000
62|1.1|636136527321039875|0|50949.9765625|11.67096596389|100.65953267325|-9731|-222921||50949.9765625|350||35000|347.75|50949.9765625|75021d|MAS779|0|2804|0|||3|3|0|1|1|132|210|["132,18,5,3777","132,210,2,2191","132,82,5"]|14:09:09:977
62|1.1|636136527370964867|0|50954.9765625|11.66049463557|100.65963996145|-9719|-224080||50954.9765625|350||34993.75|347.75|50954.9765625|75021d|MAS779|0|2804|0|||3|3|0|1|1|132|210|["132,18,5,3777","132,210,2,2191","132,82,5"]|14:09:14:977
62|1.1|636136527420889859|0|50959.9765625|11.65007158694|100.65966141909|-9717|-225233||50959.9765625|350||34993.75|347.75|50959.9765625|75021d|MAS779|0|2804|0|||3|3|0|1|1|132|210|["132,18,5,3777","132,210,2,2191","132,82,5"]|14:09:19:977
62|1.1|636136527470804850|0|50964.9609375|11.6396431739|100.65983308021|-9699|-226387||50964.9609375|350||34987.5|347.75|50964.9609375|75021d|MAS779|0|2804|0|||3|3|0|1|1|132|210|["132,18,5,3777","132,210,2,2191","132,82,5"]|14:09:24:961
62|1.1|636136527520729842|0|50969.9609375|11.62925231173|100.65983308021|-9699|-227537||50969.9609375|350||34993.75|347.75|50969.9609375|75021d|MAS779|0|2804|0|||3|3|0|1|1|132|210|["132,18,5,3777","132,210,2,2191","132,82,5"]|14:09:29:961
62|1.1|636136527570654834|0|50974.9375|11.61892582248|100.65984380903|-9698|-228680||50974.9375|350||34993.75|347.75|50974.9375|75021d|MAS779|0|2804|0|||3|3|0|1|1|132|82|["132,18,5,3777","132,210,2,2191","132,82,5"]|14:09:34:938
62|1.1|636136527620569825|0|50979.9375|11.60876562994|100.65953803766|-9732|-229804||50979.9375|350||35000|347.75|50979.9375|75021d|MAS779|0|2804|0|||3|3|0|1|1|132|18|["132,18,5,3777","132,210,2,2191","132,82,5"]|14:09:39:938
62|1.1|636136527670494817|0|50984.9375|11.5980689964|100.65924299511|-9765|-230988||50984.9375|350||35006.25|347.75|50984.9375|75021d|MAS779|0|2804|0|||3|3|0|1|1|132|210|["132,18,5,3777","132,210,2,2191","132,82,5"]|14:09:44:938
62|1.1|636136527720409808|0|50989.921875|11.58925527077|100.65908206281|-9783|-231963||50989.921875|350||35006.25|347.75|50989.921875|75021d|MAS779|0|2804|0|||3|3|0|1|1|132|210|["132,18,5,3777","132,210,2,2191","132,82,5"]|14:09:49:922
62|1.1|636136527770334800|0|50994.921875|11.57932574786|100.65923226629|-9767|-233062||50994.921875|350||35012.5|347.75|50994.921875|75021d|MAS779|0|2804|0|||3|3|0|1|1|132|82|["132,18,5,3777","132,210,2,2191","132,82,5"]|14:09:54:922
62|1.1|636136527820269793|0|50999.8984375|11.56841990233|100.65943611387|-9745|-234269||50999.8984375|350||35000|347.75|50999.8984375|75021d|MAS779|0|2804|0|||3|3|0|1|1|132|82|["132,18,5,3777","132,210,2,2191","132,82,5"]|14:09:59:898
62|1.1|636136527870184784|0|51004.8984375|11.55798612488|100.65948975797|-9739|-235423||51004.8984375|350||35000|347.75|51004.8984375|75021d|MAS779|0|2804|0|||3|3|0|1|1|132|82|["132,18,5,3777","132,210,2,2191","132,82,5"]|14:10:04:898
62|1.1|636136527920099775|0|51009.8984375|11.54751479656|100.65952194443|-9736|-236581||51009.8984375|350||35000|347.75|51009.8984375|75021d|MAS779|0|2804|0|||3|3|0|1|1|132|82|["132,18,5,3777","132,210,2,2191","132,82,5"]|14:10:09:898
62|1.1|636136527966904455|0|51014.578125|11.53712393439|100.65980625816|-9706|-237732||51014.578125|350||34993.75|347.75|51014.578125|75021d|MAS779|0|2804|0|||3|3|0|1|1|132|82|["132,18,5,3777","132,210,2,2191","132,82,5"]|14:10:14:578
62|1.1|636136528016829447|0|51019.5625|11.52653458905|100.65992963959|-9693|-238903||51019.5625|350||35000|347.75|51019.5625|75021d|MAS779|0|2804|0|||3|3|0|1|1|132|83|["132,18,5,3777","132,210,2,2191","132,82,5"]|14:10:19:563
62|1.1|636136528066744438|0|51024.5625|11.51713077832|100.66002083456|-9683|-239944||51024.5625|350||35006.25|347.75|51024.5625|75021d|MAS779|0|2804|0|||3|3|0|1|1|132|82|["132,18,5,3777","132,210,2,2191","132,82,5"]|14:10:24:563
62|1.1|636136528116669430|0|51029.5390625|11.50706178075|100.6600959363|-9675|-241058||51029.5390625|350||35012.5|347.75|51029.5390625|75021d|MAS779|0|2804|0|||3|3|0|1|1|132|82|["132,18,5,3777","132,210,2,2191","132,82,5"]|14:10:29:539
62|1.1|636136528166594422|0|51034.5390625|11.49584479944|100.66019249568|-9665|-242299||51034.5390625|350||35000|347.75|51034.5390625|75021d|MAS779|0|2804|0|||3|3|0|1|1|132|82|["132,18,5,3777","132,210,2,2191","132,82,5"]|14:10:34:539
62|1.1|636136528216539416|0|51039.5390625|11.48538419994|100.66026223301|-9658|-243457||51039.5390625|350||35000|347.75|51039.5390625|75021d|MAS779|0|2804|0|||3|3|0|1|1|132|82|["132,18,5,3777","132,210,2,2191","132,82,5"]|14:10:39:539
62|1.1|636136528266444406|0|51044.515625|11.47491287162|100.66031587711|-9652|-244616||51044.515625|350||35000|347.75|51044.515625|75021d|MAS779|0|2804|0|||3|3|0|1|1|132|82|["132,18,5,3777","132,210,2,2191","132,82,5"]|14:10:44:516
62|1.1|636136528316359397|0|51049.515625|11.46454346709|100.66024613978|-9660|-245763||51049.515625|350||34993.75|347.75|51049.515625|75021d|MAS779|0|2804|0|||3|3|0|1|1|132|83|["132,18,5,3777","132,210,2,2191","132,82,5"]|14:10:49:516
62|1.1|636136528366284389|0|51054.5|11.45480706294|100.66040707208|-9643|-246841||51054.5|350||35000|347.75|51054.5|75021d|MAS779|0|2804|0|||3|3|0|1|1|132|82|["132,18,5,3777","132,210,2,2191","132,82,5"]|14:10:54:500
62|1.1|636136528416199380|0|51059.5|11.44498482823|100.66051436028|-9632|-247928||51059.5|350||35006.25|347.75|51059.5|75021d|MAS779|0|2804|0|||3|3|0|1|1|132|82|["132,18,5,3777","132,210,2,2191","132,82,5"]|14:10:59:500
62|1.1|636136528466124372|0|51064.5|11.43405216065|100.66061091966|-9622|-249137||51064.5|350||35000|347.75|51064.5|75021d|MAS779|0|2804|0|||3|3|0|1|1|132|82|["132,18,5,3777","132,210,2,2191","132,82,5"]|14:11:04:500
