62|1.1|636136511237211653|0|49341.6171875|6.48263735773|96.57135336312|-464085|-794818||49341.6171875|300||30112.5|300|49341.6171875|750202|X|0|2562|0|||3|3|0|1|1|132|66|["132,66,4"]|13:42:21:617
62|1.1|636136511287136645|0|49346.6171875|6.48533029155|96.56204074736|-465117|-794506||49346.6171875|300||30081.25|300|49346.6171875|750202|X|0|2562|0|||3|3|0|1|1|132|66|["132,66,2"]|13:42:26:617
62|1.1|636136511337061637|0|49351.6171875|6.48803395419|96.55265839427|-466156|-794192||49351.6171875|300||30050|300|49351.6171875|750202|X|0|2562|0|||3|3|0|1|1|132|66|["132,66,2"]|13:42:31:617
62|1.1|636136511386976628|0|49356.6015625|6.49085026944|96.54324385472|-467199|-793865||49356.6015625|300||30050|300|49356.6015625|750202|X|0|2562|0|||3|3|0|1|1|132|66|["132,66,2"]|13:42:36:602
62|1.1|636136511436901620|0|49361.6015625|6.49380605935|96.53366838287|-468260|-793523||49361.6015625|300||30062.5|300|49361.6015625|750202|X|0|2562|0|||3|3|0|1|1|132|66|["132,66,2"]|13:42:41:602
62|1.1|636136511486816611|0|49366.578125|6.49649899317|96.52434503829|-469292|-793210||49366.578125|300||30031.25|300|49366.578125|750202|X|0|2562|0|||3|3|0|1|1|132|66|["132,66,2"]|13:42:46:578
62|1.1|636136511536741603|0|49371.578125|6.49908463879|96.51509679545|-470317|-792909||49371.578125|300||29987.5|300|49371.578125|750202|X|0|2562|0|||3|3|0|1|1|132|66|["132,66,2"]|13:42:51:578
62|1.1|636136511586666595|0|49376.578125|6.5017722082|96.50576272205|-471350|-792597||49376.578125|300||29962.5|300|49376.578125|750202|X|0|2562|0|||3|3|0|1|1|132|66|["132,66,2"]|13:42:56:578
62|1.1|636136511636591587|0|49381.5625|6.50444904879|96.49652520803|-472374|-792286||49381.5625|300||29956.25|300|49381.5625|750202|X|0|2562|0|||3|3|0|1|1|132|66|["132,66,2"]|13:43:01:563
62|1.1|636136511686506578|0|49386.5625|6.50733510137|96.48719113463|-473407|-791951||49386.5625|300||30012.5|300|49386.5625|750202|X|0|2562|0|||3|3|0|1|1|132|66|["132,66,2"]|13:43:06:563
62|1.1|636136511736431570|0|49391.5390625|6.51057520501|96.47782487477|-474444|-791578||49391.5390625|300||30162.5|300.25|49391.5390625|750202|X|0|2562|0|||3|3|0|1|1|132|66|["132,66,2"]|13:43:11:539
62|1.1|636136511786356562|0|49396.5390625|6.51380457983|96.46869464895|-475454|-791205||49396.5390625|300||30318.75|300.25|49396.5390625|750202|X|0|2562|0|||3|3|0|1|1|132|66|["132,66,2"]|13:43:16:539
