62|1.1|636136524372535054|0|50654.1015625|4.20524682956|100.67133437525|-8654|-1050985||50654.1015625|218.25||21718.75|||750324|X|0|2449||||3|3|3|1|1|132|50|["132,50,5"]|14:04:14:102
62|1.1|636136524413099110|0|50659.1953125|4.20969392545|100.66610943991|-9238|-1050490||50659.1953125|218.25||21450|||750324|X|0|2449||||3|3|3|1|1|132|50|["132,50,5"]|14:04:19:195
62|1.1|636136524463024102|0|50664.1953125|4.21705926038|100.66138875911|-9765|-1049669||50664.1953125|216.25||21562.5|216.25|50664.1953125|750324|AXM5327|0|2449|-2537.5|||3|3|2|1|1|132|50|["132,50,5"]|14:04:24:195
62|1.1|636136524512949094|0|50669.1796875|4.22852300455|100.65700603614|-10255|-1048393||50669.1796875|212.25||21375|211.75|50669.1796875|750324|AXM5327|0|2449|-2537.5|||3|3|2|1|1|132|50|["132,50,5"]|14:04:29:180
62|1.1|636136524562874086|0|50674.1796875|4.23727235726|100.65263404199|-10743|-1047419||50674.1796875|210.25||21175|209.75|50674.1796875|750324|AXM5327|0|2449|-2537.5|||3|3|2|1|1|132|50|["132,50,5"]|14:04:34:180
62|1.1|636136524612789077|0|50679.1796875|4.24622019314|100.648669743|-11186|-1046422||50679.1796875|208.25||20956.25|207.5|50679.1796875|750324|AXM5327|0|2449|-2537.5|||3|3|2|1|1|132|50|["132,50,5"]|14:04:39:180
62|1.1|636136524662714069|0|50684.15625|4.2549963679|100.64389005369|-11720|-1045445||50684.15625|206.5||20750|205.75|50684.15625|750324|AXM5327|0|2449|-2500|||3|3|2|1|1|132|50|["132,50,5"]|14:04:44:156
62|1.1|636136524712629060|0|50689.15625|4.26364379682|100.63798383828|-12380|-1044482||50689.15625|204.75||20550|203.75|50689.15625|750324|AXM5327|0|2449|-2418.75|||3|3|2|1|1|132|50|["132,50,5"]|14:04:49:156
62|1.1|636136524762554052|0|50694.140625|4.27229122574|100.6319864279|-13050|-1043519||50694.140625|203||20343.75|202|50694.140625|750324|AXM5327|0|2449|-2343.75|||3|3|2|1|1|132|50|["132,50,5"]|14:04:54:141
62|1.1|636136524812479044|0|50699.140625|4.28099229876|100.62642353473|-13671|-1042550||50699.140625|201.25||20143.75|200.25|50699.140625|750324|AXM5327|0|2449|-2281.25|||3|3|2|1|1|132|50|["132,50,5"]|14:04:59:141
62|1.1|636136524862404036|0|50704.140625|4.28963436327|100.62110204001|-14265|-1041588||50704.140625|199.25||19925|198.25|50704.140625|750324|AXM5327|0|2449|-2306.25|||3|3|2|1|1|132|50|["132,50,5"]|14:05:04:141
62|1.1|636136524912319027|0|50709.1171875|4.29844272449|100.61737377506|-14682|-1040607||50709.1171875|197.75||19731.25|196.5|50709.1171875|750324|AXM5327|0|2449|-2262.5|||3|3|2|1|1|132|50|["132,50,5"]|14:05:09:117
62|1.1|636136524962244019|0|50714.1171875|4.30698822962|100.61324854377|-15143|-1039656||50714.1171875|196||19556.25|194.75|50714.1171875|750324|AXM5327|0|2449|-2225|||3|3|2|1|1|132|50|["132,50,5"]|14:05:14:117
62|1.1|636136525012169011|0|50719.1015625|4.31543717537|100.60864587999|-15657|-1038715||50719.1015625|194||19356.25|192.75|50719.1015625|750324|AXM5327|0|2449|-2262.5|||3|3|2|1|1|132|50|["132,50,5"]|14:05:19:102
62|1.1|636136525062084002|0|50724.1015625|4.32385393466|100.60352286844|-16229|-1037778||50724.1015625|192.25||19162.5|190.75|50724.1015625|750324|AXM5327|0|2449|-2281.25|||3|3|2|1|1|132|50|["132,50,5"]|14:05:24:102
62|1.1|636136525112008994|0|50729.1015625|4.3322438719|100.59858761124|-16780|-1036843||50729.1015625|190.5||18968.75|188.75|50729.1015625|750324|AXM5327|0|2449|-2281.25|||3|3|2|1|1|132|50|["132,50,5"]|14:05:29:102
62|1.1|636136525161923985|0|50734.078125|4.34066063119|100.59405468479|-17286|-1035906||50734.078125|188.75||18781.25|187|50734.078125|750324|AXM5327|0|2449|-2281.25|||3|3|2|1|1|132|50|["132,50,5"]|14:05:34:078
62|1.1|636136525211848977|0|50739.078125|4.34912567017|100.58953785157|-17791|-1034964||50739.078125|187||18593.75|185.25|50739.078125|750324|AXM5327|0|2449|-2262.5|||3|3|2|1|1|132|50|["132,50,5"]|14:05:39:078
62|1.1|636136525261773969|0|50744.0625|4.35753170064|100.58492445897|-18305|-1034028||50744.0625|185||18393.75|183.25|50744.0625|750324|AXM5327|0|2449|-2306.25|||3|3|2|1|1|132|50|["132,50,5"]|14:05:44:063
62|1.1|636136525311688960|0|50749.0625|4.36591627347|100.58010185438|-18844|-1033094||50749.0625|182.25||18131.25|182|50749.0625|750324|AXM5327|0|2449|-2675|||3|3|2|1|1|132|50|["132,50,5"]|14:05:49:063
62|1.1|636136525361613952|0|50754.0625|4.3743544904|100.57524706333|-19386|-1032155||50754.0625|177||17768.75|176.5|50754.0625|750324|AXM5327|0|2449|-3031.25|||3|3|2|1|1|132|50|["132,50,5"]|14:05:54:063
62|1.1|636136525411538944|0|50759.0390625|4.38269614795|100.57045128079|-19921|-1031226||50759.0390625|175||17506.25|174.25|50759.0390625|750324|AXM5327|0|2449|-2875|||3|3|2|1|1|132|50|["132,50,5"]|14:05:59:039
62|1.1|636136525461453935|0|50764.0390625|4.39109681401|100.56550529477|-20473|-1030291||50764.0390625|173||17268.75|172.25|50764.0390625|750324|AXM5327|0|2449|-2737.5|||3|3|2|1|1|132|50|["132,50,5"]|14:06:04:039
62|1.1|636136525511378927|0|50769.015625|4.39943310715|100.56050030024|-21032|-1029362||50769.015625|171.25||17043.75|170.5|50769.015625|750324|AXM5327|0|2449|-2581.25|||3|3|2|1|1|132|50|["132,50,5"]|14:06:09:016
62|1.1|636136525561303919|0|50774.015625|4.40783377321|100.5557045177|-21567|-1028427||50774.015625|169.5||16850|168.5|50774.015625|750324|AXM5327|0|2449|-2443.75|||3|3|2|1|1|132|50|["132,50,5"]|14:06:14:016
62|1.1|636136525611238912|0|50779.015625|4.41622371045|100.55094628603|-22099|-1027493||50779.015625|168||16675|167|50779.015625|750324|AXM5327|0|2449|-2281.25|||3|3|2|1|1|132|50|["132,50,5"]|14:06:19:016
62|1.1|636136525661143902|0|50784|4.42452781713|100.54623096964|-22625|-1026568||50784|166.5||16506.25|165.5|50784|750324|AXM5327|0|2449|-2143.75|||3|3|2|1|1|132|50|["132,50,5"]|14:06:24:000
62|1.1|636136525711068894|0|50789|4.43282119499|100.54120988188|-23185|-1025645||50789|164.75||16331.25|163.75|50789|750324|AXM5327|0|2449|-2087.5|||3|3|2|1|1|132|50|["132,50,5"]|14:06:29:000
62|1.1|636136525760983885|0|50793.9765625|4.44101801347|100.5360707771|-23759|-1024732||50793.9765625|163.25||16156.25|162|50793.9765625|750324|AXM5327|0|2449|-2050|||3|3|2|1|1|132|50|["132,50,5"]|14:06:33:977
62|1.1|636136525810908877|0|50798.9765625|4.44928993369|100.53154857947|-24264|-1023811||50798.9765625|161.75||16006.25|160.5|50798.9765625|750324|AXM5327|0|2449|-2006.25|||3|3|2|1|1|132|50|["132,50,5"]|14:06:38:977
62|1.1|636136525860833869|0|50803.9765625|4.45747065894|100.52678498339|-24795|-1022900||50803.9765625|160.25||15837.5|159|50803.9765625|750324|AXM5327|0|2449|-1968.75|||3|3|2|1|1|132|50|["132,50,5"]|14:06:43:977
62|1.1|636136525910748860|0|50808.9609375|4.46557091804|100.52202138731|-25327|-1021998||50808.9609375|158.75||15681.25|157.5|50808.9609375|750324|AXM5327|0|2449|-1950|||3|3|2|1|1|132|50|["132,50,5"]|14:06:48:961
62|1.1|636136525960673852|0|50813.9609375|4.47361216863|100.51727388446|-25857|-1021103||50813.9609375|157||15506.25|155.75|50813.9609375|750324|AXM5327|0|2449|-1968.75|||3|3|2|1|1|132|50|["132,50,5"]|14:06:53:961
62|1.1|636136526010598844|0|50818.9375|4.48151394456|100.51265512745|-26372|-1020223||50818.9375|155.5||15343.75|154|50818.9375|750324|AXM5327|0|2449|-1987.5|||3|3|2|1|1|132|50|["132,50,5"]|14:06:58:938
62|1.1|636136526060513835|0|50823.9375|4.48924942378|100.50792908224|-26899|-1019362||50823.9375|154||15193.75|152.25|50823.9375|750324|AXM5327|0|2449|-1987.5|||3|3|2|1|1|132|50|["132,50,5"]|14:07:03:938
62|1.1|636136526110438827|0|50828.9375|4.49684006393|100.50312257088|-27436|-1018517||50828.9375|152.5||15050|150.75|50828.9375|750324|AXM5327|0|2449|-1968.75|||3|3|2|1|1|132|50|["132,50,5"]|14:07:08:938
62|1.1|636136526160363819|0|50833.921875|4.50435023793|100.4986808394|-27931|-1017680||50833.921875|151||14918.75|149.25|50833.921875|750324|AXM5327|0|2449|-1950|||3|3|2|1|1|132|50|["132,50,5"]|14:07:13:922
62|1.1|636136526210288811|0|50838.921875|4.51171020845|100.49448587078|-28399|-1016861||50838.921875|147.75||14768.75|147.5|50838.921875|750324|AXM5327|0|2449|-1987.5|||3|3|2|1|1|132|50|["132,50,5"]|14:07:18:922
62|1.1|636136526260203802|0|50843.8984375|4.51929548419|100.48976518998|-28925|-1016016||50843.8984375|146.25||14612.5|145.75|50843.8984375|750324|AXM5327|0|2449|-1987.5|||3|3|2|1|1|132|50|["132,50,5"]|14:07:23:898
62|1.1|636136526310128794|0|50848.8984375|4.5269183108|100.48518934825|-29436|-1015168||50848.8984375|144.75||14456.25|144.25|50848.8984375|750324|AXM5327|0|2449|-1968.75|||3|3|2|1|1|132|50|["132,50,5"]|14:07:28:898
62|1.1|636136526360053786|0|50853.8984375|4.53451431536|100.48105875255|-29897|-1014322||50853.8984375|143.5||14312.5|142.75|50853.8984375|750324|AXM5327|0|2449|-1887.5|||3|3|2|1|1|132|50|["132,50,5"]|14:07:33:898
62|1.1|636136526409968777|0|50858.875|4.54206740464|100.47624151237|-30434|-1013481||50858.875|142||14162.5|141.25|50858.875|750324|AXM5327|0|2449|-1850|||3|3|2|1|1|132|50|["132,50,5"]|14:07:38:875
62|1.1|636136526459893769|0|50863.875|4.54965804479|100.47198217083|-30909|-1012636||50863.875|140.5||14012.5|139.75|50863.875|750324|AXM5327|0|2449|-1850|||3|3|2|1|1|132|50|["132,50,5"]|14:07:43:875
62|1.1|636136526509818761|0|50868.859375|4.55720576966|100.46758335463|-31400|-1011796||50868.859375|139||13856.25|138.25|50868.859375|750324|AXM5327|0|2449|-1850|||3|3|2|1|1|132|50|["132,50,5"]|14:07:48:859
62|1.1|636136526559733752|0|50873.859375|4.56477495217|100.46309334346|-31900|-1010953||50873.859375|137.5||13700|136.5|50873.859375|750324|AXM5327|0|2449|-1868.75|||3|3|2|1|1|132|50|["132,50,5"]|14:07:53:859
62|1.1|636136526609658744|0|50878.859375|4.57233340586|100.45866770521|-32394|-1010111||50878.859375|136||13537.5|135|50878.859375|750324|AXM5327|0|2449|-1887.5|||3|3|2|1|1|132|50|["132,50,5"]|14:07:58:859
62|1.1|636136526659583736|0|50883.8359375|4.57985430868|100.45419378727|-32893|-1009274||50883.8359375|134.5||13381.25|133.5|50883.8359375|750324|AXM5327|0|2449|-1912.5|||3|3|2|1|1|132|50|["132,50,5"]|14:08:03:836
62|1.1|636136526709508728|0|50888.8359375|4.58740739796|100.44971986933|-33392|-1008433||50888.8359375|133||13225|131.75|50888.8359375|750324|AXM5327|0|2449|-1912.5|||3|3|2|1|1|132|50|["132,50,5"]|14:08:08:836
62|1.1|636136526759423719|0|50893.8203125|4.59490147873|100.44529423108|-33885|-1007599||50893.8203125|131.25||13056.25|130|50893.8203125|750324|AXM5327|0|2449|-1968.75|||3|3|2|1|1|132|50|["132,50,5"]|14:08:13:820
62|1.1|636136526809348711|0|50898.8203125|4.60241165273|100.44087932165|-34378|-1006762||50898.8203125|130||12900|128.5|50898.8203125|750324|AXM5327|0|2449|-1950|||3|3|2|1|1|132|50|["132,50,5"]|14:08:18:820
62|1.1|636136526859263702|0|50903.8203125|4.60992719114|100.43630884433|-34887|-1005926||50903.8203125|128.25||12725|126.75|50903.8203125|750324|AXM5327|0|2449|-1968.75|||3|3|2|1|1|132|50|["132,50,5"]|14:08:23:820
62|1.1|636136526909188694|0|50908.796875|4.61741054309|100.43204413838|-35363|-1005092||50908.796875|126.75||12556.25|125|50908.796875|750324|AXM5327|0|2449|-1968.75|||3|3|2|1|1|132|50|["132,50,5"]|14:08:28:797
62|1.1|636136526959113686|0|50913.796875|4.62494217473|100.42774188156|-35842|-1004254||50913.796875|125||12375|123.5|50913.796875|750324|AXM5327|0|2449|-2006.25|||3|3|2|1|1|132|50|["132,50,5"]|14:08:33:797
62|1.1|636136527009028677|0|50918.78125|4.63248453519|100.42369711642|-36293|-1003414||50918.78125|121.5||12168.75|121.25|50918.78125|750324|AXM5327|0|2449|-2125|||3|3|2|1|1|132|50|["132,50,5"]|14:08:38:781
62|1.1|636136527058953669|0|50923.78125|4.63995179391|100.4192875714|-36785|-1002583||50923.78125|119.5||11962.5|119.25|50923.78125|750324|AXM5327|0|2449|-2225|||3|3|2|1|1|132|50|["132,50,5"]|14:08:43:781
62|1.1|636136527108878661|0|50928.78125|4.64742441704|100.41497458576|-37265|-1001751||50928.78125|117.75||11768.75|117.25|50928.78125|750324|AXM5327|0|2449|-2281.25|||3|3|2|1|1|132|50|["132,50,5"]|14:08:48:781
62|1.1|636136527158793652|0|50933.7578125|4.65486485371|100.41062404925|-37750|-1000923||50933.7578125|116||11575|115.25|50933.7578125|750324|AXM5327|0|2449|-2306.25|||3|3|2|1|1|132|50|["132,50,5"]|14:08:53:758
62|1.1|636136527208718644|0|50938.7578125|4.66234284125|100.40652564001|-38207|-1000090||50938.7578125|114.5||11400|113.75|50938.7578125|750324|AXM5327|0|2449|-2243.75|||3|3|2|1|1|132|50|["132,50,5"]|14:08:58:758
62|1.1|636136527258643636|0|50943.7421875|4.66979937115|100.40241650195|-38665|-999260||50943.7421875|113||11237.5|112|50943.7421875|750324|AXM5327|0|2449|-2143.75|||3|3|2|1|1|132|50|["132,50,5"]|14:09:03:742
62|1.1|636136527308558627|0|50948.7421875|4.67725053664|100.39829127066|-39125|-998430||50948.7421875|111.25||11068.75|110.5|50948.7421875|750324|AXM5327|0|2449|-2106.25|||3|3|2|1|1|132|50|["132,50,5"]|14:09:08:742
62|1.1|636136527358483619|0|50953.7421875|4.68470170213|100.39384417477|-39621|-997601||50953.7421875|109.5||10881.25|108.5|50953.7421875|750324|AXM5327|0|2449|-2106.25|||3|3|2|1|1|132|50|["132,50,5"]|14:09:13:742
62|1.1|636136527408408611|0|50958.71875|4.69214750321|100.38982623168|-40068|-996772||50958.71875|107.5||10681.25|106.5|50958.71875|750324|AXM5327|0|2449|-2187.5|||3|3|2|1|1|132|50|["132,50,5"]|14:09:18:719
62|1.1|636136527458323602|0|50963.71875|4.69958793988|100.38562589865|-40536|-995944||50963.71875|105.75||10481.25|104.5|50963.71875|750324|AXM5327|0|2449|-2243.75|||3|3|2|1|1|132|50|["132,50,5"]|14:09:23:719
62|1.1|636136527508258595|0|50968.6953125|4.70699619009|100.38154894705|-40991|-995119||50968.6953125|104||10293.75|102.5|50968.6953125|750324|AXM5327|0|2449|-2281.25|||3|3|2|1|1|132|50|["132,50,5"]|14:09:28:695
62|1.1|636136527558173586|0|50973.6953125|4.71444199117|100.37727351228|-41467|-994290||50973.6953125|102.25||10100|100.75|50973.6953125|750324|AXM5327|0|2449|-2281.25|||3|3|2|1|1|132|50|["132,50,5"]|14:09:33:695
62|1.1|636136527608088577|0|50978.6953125|4.72194143635|100.3733682218|-41902|-993455||50978.6953125|100.5||9912.5|99|50978.6953125|750324|AXM5327|0|2449|-2262.5|||3|3|2|1|1|132|50|["132,50,5"]|14:09:38:695
62|1.1|636136527658013569|0|50983.6796875|4.72929604246|100.36898013442|-42391|-992636||50983.6796875|100.5||9718.75|97|50983.6796875|750324|AXM5327|0|2449|-2262.5|||3|3|2|1|1|132|50|["132,50,5"]|14:09:43:680
62|1.1|636136527707938561|0|50988.6796875|4.73667210621|100.36458131822|-42881|-991815||50988.6796875|100.5||9537.5|95.25|50988.6796875|750324|AXM5327|0|2449|-2262.5|||3|3|2|1|1|132|50|[]|14:09:48:680
62|1.1|636136527757853552|0|50993.65625|4.74403207673|100.36019323084|-43370|-990996||50993.65625|100.5||9350|93.25|50993.65625|750324|AXM5327|0|2449|-2262.5|||3|3|2|1|1|132|50|[]|14:09:53:656
62|1.1|636136527807778544|0|50998.65625|4.75170854744|100.35657225409|-43774|-990141||50998.65625|93.5||9143.75|91.5|50998.65625|750324|AXM5327|0|2449|-2243.75|||3|3|2|1|1|132|50|["132,50,5"]|14:09:58:656
62|1.1|636136527857703536|0|51003.65625|4.75911679765|100.35224853963|-44255|-989316||51003.65625|93.5||8950|89.75|51003.65625|750324|AXM5327|0|2449|-2243.75|||3|3|2|1|1|132|50|["132,50,5"]|14:10:03:656
62|1.1|636136527907628528|0|51008.640625|4.76650359022|100.34795164722|-44734|-988494||51008.640625|93.5||8762.5|87.75|51008.640625|750324|AXM5327|0|2449|-2243.75|||3|3|2|1|1|132|50|[]|14:10:08:641
62|1.1|636136527957543519|0|51013.640625|4.77390647602|100.34363329717|-45215|-987670||51013.640625|93.5||8568.75|86|51013.640625|750324|AXM5327|0|2449|-2243.75|||3|3|2|1|1|132|50|[]|14:10:13:641
