62|1.1|636136510338631804|0|49251.78125|6.84791612786|99.81425722514|-103660|-757095||49251.78125|390||38887.5|388.5|49251.78125|750406|MXD183|0|2478|0|||3|3|0|1|1|132|66|["132,210,2,2159","132,82,5","132,66,5","132,50,5"]|13:40:51:781
62|1.1|636136510388546795|0|49256.7578125|6.83941353801|99.82085544944|-102931|-758041||49256.7578125|390||38987.5|388.5|49256.7578125|750406|MXD183|0|2478|0|||3|3|0|1|1|132|66|["132,210,2,2159","132,82,5","132,66,5","132,50,5"]|13:40:56:758
62|1.1|636136510438471787|0|49261.7578125|6.83078756673|99.82733029231|-102215|-759001||49261.7578125|390||38975|388.5|49261.7578125|750406|MXD183|0|2478|0|||3|3|0|1|1|132|50|["132,210,2,2159","132,82,5","132,66,5","132,50,5"]|13:41:01:758
62|1.1|636136510488386778|0|49266.7421875|6.8222957057|99.83390169456|-101489|-759945||49266.7421875|390||38993.75|388.5|49266.7421875|750406|MXD183|0|2478|0|||3|3|0|1|1|132|50|["132,210,2,2159","132,82,5","132,66,5","132,50,5"]|13:41:06:742
62|1.1|636136510538311770|0|49271.7421875|6.81370728529|99.84034435097|-100776|-760901||49271.7421875|390||39012.5|388.5|49271.7421875|750406|MXD183|0|2478|0|||3|3|0|1|1|132|66|["132,210,2,2159","132,82,5","132,66,5","132,50,5"]|13:41:11:742
62|1.1|636136510588236762|0|49276.7421875|6.80558556855|99.84625593079|-100123|-761804||49276.7421875|390||39037.5|388.5|49276.7421875|750406|MXD183|0|2478|0|||3|3|0|1|1|132|66|["132,210,2,2159","132,82,5","132,66,5","132,50,5"]|13:41:16:742
62|1.1|636136510638161754|0|49281.71875|6.79717417367|99.85210313769|-99477|-762739||49281.71875|390||39050|388.5|49281.71875|750406|MXD183|0|2478|0|||3|3|0|1|1|132|66|["132,210,2,2159","132,82,5","132,66,5","132,50,5"]|13:41:21:719
62|1.1|636136510688076745|0|49286.71875|6.78804394785|99.85835803975|-98786|-763755||49286.71875|390||39012.5|388.5|49286.71875|750406|MXD183|0|2478|0|||3|3|0|1|1|132|66|["132,210,2,2159","132,82,5","132,66,5","132,50,5"]|13:41:26:719
62|1.1|636136510737991736|0|49291.6953125|6.77860258625|99.86352396658|-98216|-764804||49291.6953125|390||39050|388.5|49291.6953125|750406|MXD183|0|2478|0|||3|3|0|1|1|132|66|["132,210,2,2159","132,82,5","132,66,5","132,50,5"]|13:41:31:695
62|1.1|636136510787916728|0|49296.6953125|6.76839411402|99.86875963074|-97638|-765939||49296.6953125|390||38993.75|388.5|49296.6953125|750406|MXD183|0|2478|0|||3|3|0|1|1|132|83|["132,210,2,2159","132,82,5","132,66,5","132,50,5"]|13:41:36:695
62|1.1|636136510837841720|0|49301.6953125|6.75865234546|99.87418841366|-97038|-767022||49301.6953125|390||39012.5|388.5|49301.6953125|750406|MXD183|0|2478|0|||3|3|0|1|1|132|83|["132,210,2,2159","132,82,5","132,66,5","132,50,5"]|13:41:41:695
62|1.1|636136510887766712|0|49306.6796875|6.75036969642|99.8789305521|-96515|-767943||49306.6796875|390||39018.75|388.5|49306.6796875|750406|MXD183|0|2478|0|||3|3|0|1|1|132|66|["132,210,2,2159","132,82,5","132,66,5","132,50,5"]|13:41:46:680
62|1.1|636136510937681703|0|49311.6796875|6.74050991084|99.88438615707|-95912|-769039||49311.6796875|390||38987.5|388.5|49311.6796875|750406|MXD183|0|2478|0|||3|3|0|1|1|132|66|["132,210,2,2159","132,82,5","132,66,5","132,50,5"]|13:41:51:680
62|1.1|636136510987616696|0|49316.65625|6.73127776123|99.88952526185|-95345|-770065||49316.65625|390||38993.75|388.5|49316.65625|750406|MXD183|0|2478|0|||3|3|0|1|1|132|66|["132,210,2,2159","132,82,5","132,66,5","132,50,5"]|13:41:56:656
62|1.1|636136511037531687|0|49321.65625|6.72175056907|99.89491112949|-94750|-771125||49321.65625|390||38981.25|388.5|49321.65625|750406|MXD183|0|2478|0|||3|3|0|1|1|132|66|["132,82,5","132,66,5","132,50,5"]|13:42:01:656
62|1.1|636136511087446678|0|49326.65625|6.71242186008|99.90004486986|-94183|-772162||49326.65625|390||38993.75|388.5|49326.65625|750406|MXD183|0|2478|0|||3|3|0|1|1|132|66|["132,82,5","132,66,5","132,50,5"]|13:42:06:656
62|1.1|636136511137371670|0|49331.640625|6.70313606637|99.90537172899|-93595|-773194||49331.640625|390||38987.5|388.5|49331.640625|750406|MXD183|0|2478|0|||3|3|0|1|1|132|66|["132,210,2,2161","132,82,5","132,66,5","132,50,5"]|13:42:11:641
62|1.1|636136511187296662|0|49336.640625|6.69412922198|99.91037135911|-93042|-774195||49336.640625|390||39006.25|388.5|49336.640625|750406|MXD183|0|2478|0|||3|3|0|1|1|132|82|["132,210,2,2161","132,82,5","132,66,5","132,50,5"]|13:42:16:641
62|1.1|636136511237211653|0|49341.6171875|6.68435526696|99.91572504029|-92451|-775282||49341.6171875|390||38993.75|388.5|49341.6171875|750406|MXD183|0|2478|0|||3|3|0|1|1|132|50|["132,210,2,2161","132,82,5","132,66,5","132,50,5"]|13:42:21:617
62|1.1|636136511287136645|0|49346.6171875|6.67471005778|99.9211484588|-91852|-776354||49346.6171875|390||38981.25|388.5|49346.6171875|750406|MXD183|0|2478|0|||3|3|0|1|1|132|66|["132,210,2,2161","132,82,5","132,66,5","132,50,5"]|13:42:26:617
62|1.1|636136511337061637|0|49351.6171875|6.66525796736|99.92644313147|-91267|-777405||49351.6171875|390||38956.25|388.5|49351.6171875|750406|MXD183|0|2478|0|||3|3|0|1|1|132|66|["132,210,2,2161","132,82,5","132,66,5","132,50,5"]|13:42:31:617
62|1.1|636136511386986629|0|49356.6015625|6.65600972452|99.93181827029|-90673|-778433||49356.6015625|390||38937.5|388.5|49356.6015625|750406|MXD183|0|2478|0|||3|3|0|1|1|132|50|["132,210,2,2161","132,82,5","132,66,5","132,50,5"]|13:42:36:602
62|1.1|636136511436901620|0|49361.6015625|6.64738375324|99.93636728997|-90170|-779392||49361.6015625|390||39006.25|388.5|49361.6015625|750406|MXD183|0|2478|0|||3|3|0|1|1|132|51|["132,210,2,2161","132,82,5","132,66,5","132,50,5"]|13:42:41:602
62|1.1|636136511486826612|0|49366.578125|6.63843055295|99.9413722845|-89617|-780387||49366.578125|390||39012.5|388.5|49366.578125|750406|MXD183|0|2478|0|||3|3|0|1|1|132|50|["132,210,2,2161","132,82,5","132,66,5","132,50,5"]|13:42:46:578
62|1.1|636136511536741603|0|49371.578125|6.62908575073|99.94655430456|-89044|-781426||49371.578125|390||39006.25|388.5|49371.578125|750406|MXD183|0|2478|0|||3|3|0|1|1|132|83|["132,210,2,2161","132,82,5","132,66,5","132,50,5"]|13:42:51:578
62|1.1|636136511586676596|0|49376.578125|6.61974631292|99.95169340934|-88477|-782464||49376.578125|390||39000|388.5|49376.578125|750406|MXD183|0|2478|0|||3|3|0|1|1|132|83|["132,210,2,2161","132,82,5","132,66,5","132,50,5"]|13:42:56:578
62|1.1|636136511636591587|0|49381.5625|6.61037468865|99.95692370909|-87898|-783506||49381.5625|390||39000|388.5|49381.5625|750406|MXD183|0|2478|0|||3|3|0|1|1|132|83|["132,210,2,2161","132,82,5","132,66,5","132,50,5"]|13:43:01:563
62|1.1|636136511686516579|0|49386.5625|6.60097087792|99.96220228853|-87315|-784551||49386.5625|390||38993.75|388.5|49386.5625|750406|MXD183|0|2478|0|||3|3|0|1|1|132|82|["132,210,2,2161","132,82,5","132,66,5","132,50,5"]|13:43:06:563
62|1.1|636136511736431570|0|49391.5390625|6.59173872831|99.96756133412|-86723|-785578||49391.5390625|390||38981.25|388.5|49391.5390625|750406|MXD183|0|2478|0|||3|3|0|1|1|132|83|["132,210,2,2161","132,82,5","132,66,5","132,50,5"]|13:43:11:539
62|1.1|636136511786356562|0|49396.5390625|6.58235101081|99.97294183735|-86128|-786621||49396.5390625|390||38975|388.5|49396.5390625|750406|MXD183|0|2478|0|||3|3|0|1|1|132|82|["132,210,2,2161","132,82,5","132,66,5","132,50,5"]|13:43:16:539
62|1.1|636136511836271553|0|49401.5390625|6.57293647126|99.97822041679|-85544|-787668||49401.5390625|390||38981.25|388.5|49401.5390625|750406|MXD183|0|2478|0|||3|3|0|1|1|132|82|["132,210,2,2161","132,82,5","132,66,5","132,50,5"]|13:43:21:539
62|1.1|636136511886196545|0|49406.515625|6.5634629232|99.98345071654|-84966|-788721||49406.515625|390||38987.5|388.5|49406.515625|750406|MXD183|0|2478|0|||3|3|0|1|1|132|82|["132,210,2,2161","132,82,5","132,66,5","132,50,5"]|13:43:26:516
62|1.1|636136511936121537|0|49411.515625|6.55409129893|99.98867565188|-84388|-789763||49411.515625|390||39000|388.5|49411.515625|750406|MXD183|0|2478|0|||3|3|0|1|1|132|82|["132,210,2,2161","132,82,5","132,66,5","132,50,5"]|13:43:31:516
62|1.1|636136511986036528|0|49416.5|6.54477331876|99.9938362143|-83818|-790799||49416.5|390||39000|388.5|49416.5|750406|MXD183|0|2478|0|||3|3|0|1|1|132|82|["132,210,2,2161","132,82,5","132,66,5","132,50,5"]|13:43:36:500
62|1.1|636136512035971521|0|49421.5|6.5354070589|99.99924890399|-83219|-791840||49421.5|390||39000|388.5|49421.5|750406|MXD183|0|2478|0|||3|3|0|1|1|132|50|["132,210,2,2161","132,82,5","132,66,5","132,50,5"]|13:43:41:500
62|1.1|636136512085896513|0|49426.5|6.52609980755|100.0046186784|-82625|-792875||49426.5|390||38993.75|388.5|49426.5|750406|MXD183|0|2478|0|||3|3|0|1|1|132|50|["132,210,2,2161","132,82,5","132,66,5","132,50,5"]|13:43:46:500
62|1.1|636136512135801503|0|49431.4765625|6.51660480185|100.01000991045|-82029|-793930||49431.4765625|390||38981.25|388.5|49431.4765625|750406|MXD183|0|2478|0|||3|3|0|1|1|132|50|["132,210,2,2161","132,82,5","132,66,5","132,50,5"]|13:43:51:477
62|1.1|636136512185736496|0|49436.4765625|6.50694886385|100.01553525275|-81418|-795004||49436.4765625|390||38931.25|388.5|49436.4765625|750406|MXD183|0|2478|0|||3|3|0|1|1|132|50|["132,210,2,2161","132,82,5","132,66,5","132,50,5"]|13:43:56:477
62|1.1|636136512235661488|0|49441.4609375|6.49668138311|100.02092112039|-80822|-796145||49441.4609375|390||38900|388.5|49441.4609375|750406|MXD183|0|2478|0|||3|3|0|1|1|132|82|["132,210,2,2161","132,82,5","132,66,5","132,50,5"]|13:44:01:461
62|1.1|636136512285576479|0|49446.4609375|6.48700398747|100.02631771685|-80225|-797221||49446.4609375|390||38881.25|388.5|49446.4609375|750406|MXD183|0|2478|0|||3|3|0|1|1|132|82|["132,82,5","132,66,5","132,50,5"]|13:44:06:461
62|1.1|636136512335501471|0|49451.4609375|6.47746606649|100.0316553048|-79635|-798281||49451.4609375|390||38937.5|388.5|49451.4609375|750406|MXD183|0|2478|0|||3|3|0|1|1|132|83|["132,82,5","132,66,5","132,50,5"]|13:44:11:461
62|1.1|636136512385426463|0|49456.4375|6.46804079812|100.03697143511|-79047|-799329||49456.4375|390||38950|388.5|49456.4375|750406|MXD183|0|2478|0|||3|3|0|1|1|132|82|["132,82,5","132,66,5","132,50,5"]|13:44:16:438
62|1.1|636136512435331453|0|49461.4375|6.45851360596|100.04220709927|-78468|-800388||49461.4375|390||38943.75|388.5|49461.4375|750406|MXD183|0|2478|0|||3|3|0|1|1|132|82|["132,82,5","132,66,5","132,50,5"]|13:44:21:438
62|1.1|636136512485256445|0|49466.421875|6.44917953256|100.04749104312|-77883|-801426||49466.421875|390||38975|388.5|49466.421875|750406|MXD183|0|2478|0|||3|3|0|1|1|132|82|["132,82,5","132,66,5","132,50,5"]|13:44:26:422
62|1.1|636136512535191438|0|49471.421875|6.43978108624|100.0527374361|-77303|-802471||49471.421875|390||39000|388.5|49471.421875|750406|MXD183|0|2478|0|||3|3|0|1|1|132|82|["132,82,5","132,66,5","132,50,5"]|13:44:31:422
62|1.1|636136512585096428|0|49476.421875|6.43036118228|100.05808038846|-76712|-803518||49476.421875|390||38956.25|388.5|49476.421875|750406|MXD183|0|2478|0|||3|3|0|1|1|132|82|["132,82,5","132,66,5","132,50,5"]|13:44:36:422
62|1.1|636136512635021420|0|49481.3984375|6.42086081217|100.06328923057|-76135|-804574||49481.3984375|390||38887.5|388.5|49481.3984375|750406|MXD183|0|2478|0|||3|3|0|1|1|132|82|["132,82,5","132,66,5","132,50,5"]|13:44:41:398
62|1.1|636136512684956413|0|49486.3984375|6.41133362001|100.06855171678|-75553|-805633||49486.3984375|390||38862.5|388.5|49486.3984375|750406|MXD183|0|2478|0|||3|3|0|1|1|132|82|["132,82,5","132,66,5","132,50,5"]|13:44:46:398
62|1.1|636136512734861403|0|49491.375|6.40201027543|100.0736586351|-74988|-806670||49491.375|390||38931.25|388.5|49491.375|750406|MXD183|0|2478|0|||3|3|0|1|1|132|82|["132,82,5","132,66,5","132,50,5"]|13:44:51:375
62|1.1|636136512784786395|0|49496.375|6.39250990532|100.07872800255|-74427|-807726||49496.375|390||38943.75|388.5|49496.375|750406|MXD183|0|2478|0|||3|3|0|1|1|132|82|["132,82,5","132,66,5","132,50,5"]|13:44:56:375
62|1.1|636136512834711387|0|49501.375|6.38309000136|100.08396366671|-73847|-808773||49501.375|390||38943.75|388.5|49501.375|750406|MXD183|0|2478|0|||3|3|0|1|1|132|50|["132,82,5","132,66,5","132,50,5"]|13:45:01:375
62|1.1|636136512884626378|0|49506.359375|6.3736164533|100.08918323764|-73270|-809826||49506.359375|390||38906.25|388.5|49506.359375|750406|MXD183|0|2478|0|||3|3|0|1|1|132|50|["132,82,5","132,66,5","132,50,5"]|13:45:06:359
62|1.1|636136512934561371|0|49511.359375|6.36420191375|100.09452082559|-72679|-810872||49511.359375|390||38906.25|388.5|49511.359375|750406|MXD183|0|2478|0|||3|3|0|1|1|132|50|["132,82,5","132,66,5","132,50,5"]|13:45:11:359
62|1.1|636136512984476362|0|49516.3359375|6.35486784035|100.09992815087|-72080|-811910||49516.3359375|390||38981.25|388.5|49516.3359375|750406|MXD183|0|2478|0|||3|3|0|1|1|132|82|["132,82,5","132,66,5","132,50,5"]|13:45:16:336
62|1.1|636136513034401354|0|49521.3359375|6.34543184316|100.10522818795|-71493|-812959||49521.3359375|390||38987.5|388.5|49521.3359375|750406|MXD183|0|2478|0|||3|3|0|1|1|132|82|["132,82,5","132,66,5","132,50,5"]|13:45:21:336
62|1.1|636136513084316345|0|49526.3359375|6.3359582951|100.11050676739|-70909|-814012||49526.3359375|390||38993.75|388.5|49526.3359375|750406|MXD183|0|2478|0|||3|3|0|1|1|132|82|["132,82,5","132,66,5","132,50,5"]|13:45:26:336
62|1.1|636136513134241337|0|49531.3203125|6.32659739965|100.11573170273|-70330|-815053||49531.3203125|390||39006.25|388.5|49531.3203125|750406|MXD183|0|2478|0|||3|3|0|1|1|132|82|["132,82,5","132,66,5","132,50,5"]|13:45:31:320
62|1.1|636136513184156328|0|49536.3203125|6.31711848718|100.1209727313|-69750|-816107||49536.3203125|390||38968.75|388.5|49536.3203125|750406|MXD183|0|2478|0|||3|3|0|1|1|132|82|["132,82,5","132,66,5","132,50,5"]|13:45:36:320
62|1.1|636136513234081320|0|49541.296875|6.30775759173|100.12623521751|-69167|-817147||49541.296875|390||39006.25|388.5|49541.296875|750406|MXD183|0|2478|0|||3|3|0|1|1|132|82|["132,82,5","132,66,5","132,50,5"]|13:45:41:297
62|1.1|636136513284006312|0|49546.296875|6.2983001369|100.13155671223|-68578|-818199||49546.296875|390||38968.75|388.5|49546.296875|750406|MXD183|0|2478|0|||3|3|0|1|1|132|82|["132,82,5","132,66,5","132,50,5"]|13:45:46:297
62|1.1|636136513333921303|0|49551.296875|6.28882658884|100.13688357136|-67988|-819252||49551.296875|390||38931.25|388.5|49551.296875|750406|MXD183|0|2478|0|||3|3|0|1|1|132|82|["132,82,5","132,66,5","132,50,5"]|13:45:51:297
62|1.1|636136513383846295|0|49556.28125|6.27945496457|100.14222115931|-67397|-820294||49556.28125|390||38962.5|388.5|49556.28125|750406|MXD183|0|2478|0|||3|3|0|1|1|132|82|["132,82,5","132,66,5","132,50,5"]|13:45:56:281
62|1.1|636136513433771287|0|49561.28125|6.26998678092|100.1474729167|-66815|-821346||49561.28125|390||38962.5|388.5|49561.28125|750406|MXD183|0|2478|0|||3|3|0|1|1|132|82|["132,82,5","132,66,5","132,50,5"]|13:46:01:281
62|1.1|636136513483696279|0|49566.2578125|6.2605883346|100.15274613173|-66231|-822391||49566.2578125|390||38956.25|388.5|49566.2578125|750406|MXD183|0|2478|0|||3|3|0|1|1|132|82|["132,82,5","132,66,5","132,50,5"]|13:46:06:258
62|1.1|636136513533611270|0|49571.2578125|6.25120598151|100.15812663496|-65635|-823434||49571.2578125|390||38981.25|388.5|49571.2578125|750406|MXD183|0|2478|0|||3|3|0|1|1|132|82|["132,82,5","132,66,5","132,50,5"]|13:46:11:258
62|1.1|636136513583536262|0|49576.2578125|6.24186117929|100.16359296875|-65030|-824473||49576.2578125|390||38987.5|388.5|49576.2578125|750406|MXD183|0|2478|0|||3|3|0|1|1|132|82|["132,82,5","132,66,5","132,50,5"]|13:46:16:258
62|1.1|636136513633451253|0|49581.2421875|6.23244127533|100.16892519229|-64439|-825520||49581.2421875|390||38943.75|388.5|49581.2421875|750406|MXD183|0|2478|0|||3|3|0|1|1|132|50|["132,82,5","132,66,5","132,50,5"]|13:46:21:242
62|1.1|636136513683376245|0|49586.2421875|6.22301064255|100.1742949667|-63844|-826569||49586.2421875|390||38912.5|388.5|49586.2421875|750406|MXD183|0|2478|0|||3|3|0|1|1|132|50|["132,82,5","132,66,5","132,50,5"]|13:46:26:242
62|1.1|636136513733291236|0|49591.21875|6.2135424589|100.17946625794|-63271|-827621||49591.21875|390||38918.75|388.5|49591.21875|750406|MXD183|0|2478|0|||3|3|0|1|1|132|82|["132,82,5","132,66,5","132,50,5"]|13:46:31:219
62|1.1|636136513783216228|0|49596.21875|6.20418156345|100.18480384589|-62679|-828662||49596.21875|390||38968.75|388.5|49596.21875|750406|MXD183|0|2478|0|||3|3|0|1|1|132|82|["132,82,5","132,66,5","132,50,5"]|13:46:36:219
62|1.1|636136513833141220|0|49601.21875|6.19477238831|100.19009315415|-62093|-829708||49601.21875|390||38975|388.5|49601.21875|750406|MXD183|0|2478|0|||3|3|0|1|1|132|82|["132,82,5","132,66,5","132,50,5"]|13:46:41:219
62|1.1|636136513883066212|0|49606.1953125|6.18543831491|100.19555948794|-61488|-830746||49606.1953125|390||38993.75|388.5|49606.1953125|750406|MXD183|0|2478|0|||3|3|0|1|1|132|82|["132,82,5","132,66,5","132,50,5"]|13:46:46:195
62|1.1|636136513932981203|0|49611.1953125|6.17597013126|100.20072541477|-60915|-831798||49611.1953125|390||38981.25|388.5|49611.1953125|750406|MXD183|0|2478|0|||3|3|0|1|1|132|82|["132,82,5","132,66,5","132,50,5"]|13:46:51:195
62|1.1|636136513982906195|0|49616.1796875|6.16652340525|100.20587524837|-60344|-832848||49616.1796875|390||38943.75|388.5|49616.1796875|750406|MXD183|0|2478|0|||3|3|0|1|1|132|82|["132,82,5","132,66,5","132,50,5"]|13:46:56:180
62|1.1|636136514032831187|0|49621.1796875|6.15720006067|100.21134158216|-59738|-833885||49621.1796875|390||38925|388.5|49621.1796875|750406|MXD183|0|2478|0|||3|3|0|1|1|132|82|["132,82,5","132,66,5","132,50,5"]|13:47:01:180
62|1.1|636136514082616165|0|49626.1796875|6.14781770758|100.21672208539|-59142|-834928||49626.1796875|390||38918.75|388.5|49626.1796875|750406|MXD183|0|2478|0|||3|3|0|1|1|132|82|["132,82,5","132,66,5","132,50,5"]|13:47:06:180
62|1.1|636136514132671170|0|49631.15625|6.13853727828|100.22216159713|-58539|-835960||49631.15625|390||38925|388.5|49631.15625|750406|MXD183|0|2478|0|||3|3|0|1|1|132|82|["132,82,5","132,66,5","132,50,5"]|13:47:11:156
62|1.1|636136514182436146|0|49636.15625|6.12904763699|100.22738653247|-57960|-837015||49636.15625|390||38881.25|388.5|49636.15625|750406|MXD183|0|2478|0|||3|3|0|1|1|132|82|["132,82,5","132,66,5","132,50,5"]|13:47:16:156
62|1.1|636136514232361138|0|49641.140625|6.11959018216|100.23238079818|-57406|-838066||49641.140625|390||38906.25|388.5|49641.140625|750406|MXD183|0|2478|0|||3|3|0|1|1|132|82|["132,82,5","132,66,5","132,50,5"]|13:47:21:141
62|1.1|636136514282276129|0|49646.140625|6.11019173584|100.23750917414|-56838|-839111||49646.140625|390||38893.75|388.5|49646.140625|750406|MXD183|0|2478|0|||3|3|0|1|1|132|66|["132,82,5","132,66,5","132,50,5"]|13:47:26:141
62|1.1|636136514332201121|0|49651.140625|6.10085766244|100.24280921122|-56250|-840148||49651.140625|390||38918.75|388.5|49651.140625|750406|MXD183|0|2478|0|||3|3|0|1|1|132|66|["132,82,5","132,66,5","132,50,5"]|13:47:31:141
62|1.1|636136514382146115|0|49656.1171875|6.09144312289|100.24796440923|-55678|-841195||49656.1171875|390||38912.5|388.5|49656.1171875|750406|MXD183|0|2478|0|||3|3|0|1|1|132|82|["132,82,5","132,66,5","132,50,5"]|13:47:36:117
62|1.1|636136514432051105|0|49661.1171875|6.08213050713|100.2530445055|-55115|-842230||49661.1171875|390||38943.75|388.5|49661.1171875|750406|MXD183|0|2478|0|||3|3|0|1|1|132|50|["132,82,5","132,66,5","132,50,5"]|13:47:41:117
62|1.1|636136514481966096|0|49666.1015625|6.07285544224|100.25818361028|-54545|-843261||49666.1015625|390||38950|388.5|49666.1015625|750406|MXD183|0|2478|0|||3|3|0|1|1|132|82|["132,82,5","132,66,5","132,50,5"]|13:47:46:102
62|1.1|636136514531891088|0|49671.1015625|6.06367693673|100.26347828295|-53958|-844282||49671.1015625|390||38968.75|388.5|49671.1015625|750406|MXD183|0|2478|0|||3|3|0|1|1|132|82|["132,82,5","132,66,5","132,50,5"]|13:47:51:102
62|1.1|636136514581806079|0|49676.1015625|6.05442869389|100.26861738773|-53388|-845310||49676.1015625|390||38968.75|388.5|49676.1015625|750406|MXD183|0|2478|0|||3|3|0|1|1|132|82|["132,82,5","132,66,5","132,50,5"]|13:47:56:102
62|1.1|636136514631731071|0|49681.078125|6.0452609172|100.27375649251|-52818|-846329||49681.078125|390||38968.75|388.5|49681.078125|750406|MXD183|0|2478|0|||3|3|0|1|1|132|50|["132,82,5","132,66,5","132,50,5"]|13:48:01:078
62|1.1|636136514681656063|0|49686.078125|6.03613605579|100.27899215667|-52237|-847343||49686.078125|390||38987.5|388.5|49686.078125|750406|MXD183|0|2478|0|||3|3|0|1|1|132|82|["132,82,5","132,66,5","132,50,5"]|13:48:06:078
62|1.1|636136514731581055|0|49691.0625|6.02703801643|100.28412589704|-51668|-848355||49691.0625|390||38993.75|388.5|49691.0625|750406|MXD183|0|2478|0|||3|3|0|1|1|132|82|["132,82,5","132,66,5","132,50,5"]|13:48:11:063
62|1.1|636136514781496046|0|49696.0625|6.01796679912|100.28947421381|-51075|-849363||49696.0625|390||39000|388.5|49696.0625|750406|MXD183|0|2478|0|||3|3|0|1|1|132|51|["132,82,5","132,66,5","132,50,5"]|13:48:16:063
62|1.1|636136514831411037|0|49701.0625|6.00879365802|100.29474742884|-50490|-850383||49701.0625|390||38968.75|388.5|49701.0625|750406|MXD183|0|2478|0|||3|3|0|1|1|132|50|["132,82,5","132,66,5","132,50,5"]|13:48:21:063
62|1.1|636136514881346030|0|49706.0390625|5.99975999158|100.30005283033|-49901|-851388||49706.0390625|390||38968.75|388.5|49706.0390625|750406|MXD183|0|2478|0|||3|3|0|1|1|132|50|["132,82,5","132,66,5","132,50,5"]|13:48:26:039
62|1.1|636136514931261021|0|49711.0390625|5.99060830812|100.30523485039|-49326|-852405||49711.0390625|390||38956.25|388.5|49711.0390625|750406|MXD183|0|2478|0|||3|3|0|1|1|132|50|["132,82,5","132,66,5","132,50,5"]|13:48:31:039
62|1.1|636136514981176012|0|49716.015625|5.98146198907|100.31007354821|-48789|-853422||49716.015625|390||38981.25|388.5|49716.015625|750406|MXD183|0|2478|0|||3|3|0|1|1|132|66|["132,82,5","132,66,5","132,50,5"]|13:48:36:016
62|1.1|636136515031101004|0|49721.015625|5.9723585853|100.31512682243|-48228|-854434||49721.015625|390||38981.25|388.5|49721.015625|750406|MXD183|0|2478|0|||3|3|0|1|1|132|66|["132,82,5","132,66,5","132,50,5"]|13:48:41:016
62|1.1|636136515081025996|0|49726.015625|5.96327127476|100.32016936783|-47669|-855444||49726.015625|390||38975|388.5|49726.015625|750406|MXD183|0|2478|0|||3|3|0|1|1|132|66|["132,82,5","132,66,5","132,50,5"]|13:48:46:016
62|1.1|636136515130940987|0|49731|5.95416250658|100.32512608267|-47119|-856457||49731|390||38950|388.5|49731|750406|MXD183|0|2478|0|||3|3|0|1|1|132|66|["132,82,5","132,66,5","132,50,5"]|13:48:51:000
62|1.1|636136515180885981|0|49736|5.9450537384|100.3301847213|-46557|-857469||49736|390||38950|388.5|49736|750406|MXD183|0|2478|0|||3|3|0|1|1|132|66|["132,82,5","132,66,5","132,50,5"]|13:48:56:000
62|1.1|636136515230800972|0|49740.9765625|5.93597179227|100.33525945316|-45994|-858479||49740.9765625|390||38937.5|388.5|49740.9765625|750406|MXD183|0|2478|0|||3|3|0|1|1|132|66|["132,66,5","132,50,5"]|13:49:00:977
62|1.1|636136515280705962|0|49745.9765625|5.9268147444|100.34015715949|-45450|-859497||49745.9765625|390||38937.5|388.5|49745.9765625|750406|MXD183|0|2478|0|||3|3|0|1|1|132|50|["132,66,5","132,50,5"]|13:49:05:977
62|1.1|636136515330630954|0|49750.9765625|5.91778107796|100.34532308632|-44877|-860501||49750.9765625|390||38956.25|388.5|49750.9765625|750406|MXD183|0|2478|0|||3|3|0|1|1|132|50|["132,66,5","132,50,5"]|13:49:10:977
62|1.1|636136515380555946|0|49755.9609375|5.90875277593|100.35050510638|-44302|-861505||49755.9609375|390||38956.25|388.5|49755.9609375|750406|MXD183|0|2478|0|||3|3|0|1|1|132|50|["132,66,5","132,50,5"]|13:49:15:961
62|1.1|636136515430480938|0|49760.9609375|5.89967619421|100.35562811793|-43733|-862514||49760.9609375|390||38956.25|388.5|49760.9609375|750406|MXD183|0|2478|0|||3|3|0|1|1|132|50|["132,66,5","132,50,5"]|13:49:20:961
62|1.1|636136515480395929|0|49765.9375|5.89055669721|100.36060629041|-43180|-863528||49765.9375|390||38925|388.5|49765.9375|750406|MXD183|0|2478|0|||3|3|0|1|1|132|50|["132,66,5","132,50,5"]|13:49:25:938
62|1.1|636136515530320921|0|49770.9375|5.88151230195|100.36583122575|-42600|-864533||49770.9375|390||38931.25|388.5|49770.9375|750406|MXD183|0|2478|0|||3|3|0|1|1|132|50|["132,66,5","132,50,5"]|13:49:30:938
62|1.1|636136515580245913|0|49775.9375|5.87243035582|100.37098105935|-42028|-865543||49775.9375|390||38925|388.5|49775.9375|750406|MXD183|0|2478|0|||3|3|0|1|1|132|50|["132,66,5","132,50,5"]|13:49:35:938
62|1.1|636136515630160904|0|49780.921875|5.86342887584|100.37617380823|-41452|-866544||49780.921875|390||38925|388.5|49780.921875|750406|MXD183|0|2478|0|||3|3|0|1|1|132|50|["132,66,5","132,50,5"]|13:49:40:922
62|1.1|636136515680085896|0|49785.921875|5.85426109915|100.38098031959|-40918|-867563||49785.921875|390||38925|388.5|49785.921875|750406|MXD183|0|2478|0|||3|3|0|1|1|132|50|["132,66,5","132,50,5"]|13:49:45:922
62|1.1|636136515730010888|0|49790.8984375|5.84522743271|100.38613015319|-40346|-868567||49790.8984375|390||38925|388.5|49790.8984375|750406|MXD183|0|2478|0|||3|3|0|1|1|132|66|["132,66,5","132,50,5"]|13:49:50:898
62|1.1|636136515779925879|0|49795.8984375|5.83611330012|100.39110296126|-39794|-869580||49795.8984375|390||38931.25|388.5|49795.8984375|750406|MXD183|0|2478|0|||3|3|0|1|1|132|66|["132,66,5","132,50,5"]|13:49:55:898
62|1.1|636136515829850871|0|49800.8984375|5.82701526076|100.39609186256|-39240|-870592||49800.8984375|390||38931.25|388.5|49800.8984375|750406|MXD183|0|2478|0|||3|3|0|1|1|132|66|["132,66,5","132,50,5"]|13:50:00:898
62|1.1|636136515879765862|0|49805.875|5.81793867904|100.4012095097|-38672|-871601||49805.875|390||38912.5|388.5|49805.875|750406|MXD183|0|2478|0|||3|3|0|1|1|132|66|["132,66,5","132,50,5"]|13:50:05:875
62|1.1|636136515929690854|0|49810.875|5.80880308881|100.40624669069|-38112|-872617||49810.875|390||38912.5|388.5|49810.875|750406|MXD183|0|2478|0|||3|3|0|1|1|132|51|["132,66,5","132,50,5"]|13:50:10:875
62|1.1|636136515979615846|0|49815.859375|5.79975869355|100.4112946005|-37551|-873622||49815.859375|390||38931.25|388.5|49815.859375|750406|MXD183|0|2478|0|||3|3|0|1|1|132|51|["132,66,5","132,50,5"]|13:50:15:859
62|1.1|636136516029540838|0|49820.859375|5.79063919655|100.41636933236|-36988|-874636||49820.859375|390||38931.25|388.5|49820.859375|750406|MXD183|0|2478|0|||3|3|0|1|1|132|83|["132,66,5","132,50,5"]|13:50:20:859
62|1.1|636136516079465830|0|49825.859375|5.78146605545|100.42151380155|-36416|-875656||49825.859375|390||38925|388.5|49825.859375|750406|MXD183|0|2478|0|||3|3|0|1|1|132|50|["132,66,5","132,50,5"]|13:50:25:859
62|1.1|636136516129380821|0|49830.8359375|5.77238947373|100.4266368131|-35847|-876665||49830.8359375|390||38918.75|388.5|49830.8359375|750406|MXD183|0|2478|0|||3|3|0|1|1|132|50|["132,66,5","132,50,5"]|13:50:30:836
62|1.1|636136516179295812|0|49835.8359375|5.76321633263|100.43164717204|-35290|-877685||49835.8359375|390||38887.5|388.5|49835.8359375|750406|MXD183|0|2478|0|||3|3|0|1|1|132|50|["132,66,5","132,50,5"]|13:50:35:836
62|1.1|636136516229240806|0|49840.8203125|5.75395199656|100.43651805632|-34749|-878714||49840.8203125|390||38975|388.5|49840.8203125|750406|MXD183|0|2478|0|||3|3|0|1|1|132|51|["132,66,5","132,50,5"]|13:50:40:820
62|1.1|636136516279145796|0|49845.8203125|5.74515972857|100.44141039824|-34206|-879692||49845.8203125|390||39018.75|388.5|49845.8203125|750406|MXD183|0|2478|0|||3|3|0|1|1|132|50|["132,66,5","132,50,5"]|13:50:45:820
62|1.1|636136516329060787|0|49850.8203125|5.73614751977|100.44657096066|-33632|-880694||49850.8203125|390||39043.75|388.5|49850.8203125|750406|MXD183|0|2478|0|||3|3|0|1|1|132|50|["132,66,5","132,50,5"]|13:50:50:820
62|1.1|636136516378985779|0|49855.796875|5.72735525178|100.45148476022|-33086|-881671||49855.796875|390||39037.5|388.5|49855.796875|750406|MXD183|0|2478|0|||3|3|0|1|1|132|50|["132,66,5","132,50,5"]|13:50:55:797
62|1.1|636136516428910771|0|49860.796875|5.71759202558|100.45666678028|-32510|-882757||49860.796875|390||39012.5|388.5|49860.796875|750406|MXD183|0|2478|0|||3|3|0|1|1|132|83|["132,66,5","132,50,5"]|13:51:00:797
62|1.1|636136516478825762|0|49865.78125|5.70949713089|100.46148402046|-31975|-883657||49865.78125|390||39018.75|388.5|49865.78125|750406|MXD183|0|2478|0|||3|3|0|1|1|132|66|["132,66,5","132,50,5"]|13:51:05:781
62|1.1|636136516528760755|0|49870.78125|5.69887559909|100.46711128655|-31350|-884838||49870.78125|390||38993.75|388.5|49870.78125|750406|MXD183|0|2478|0|||3|3|0|1|1|132|51|["132,66,5","132,50,5"]|13:51:10:781
62|1.1|636136516578675746|0|49875.78125|5.69079679763|100.47166030623|-30844|-885736||49875.78125|390||39000|388.5|49875.78125|750406|MXD183|0|2478|0|||3|3|0|1|1|132|51|["132,66,5","132,50,5"]|13:51:15:781
62|1.1|636136516628600738|0|49880.7578125|5.68174167355|100.47676186014|-30277|-886743||49880.7578125|390||38993.75|388.5|49880.7578125|750406|MXD183|0|2478|0|||3|3|0|1|1|132|66|["132,66,5","132,50,5"]|13:51:20:758
62|1.1|636136516678515729|0|49885.7578125|5.67199990499|100.48218527865|-29674|-887826||49885.7578125|390||38968.75|388.5|49885.7578125|750406|MXD183|0|2478|0|||3|3|0|1|1|132|66|["132,66,5","132,50,5"]|13:51:25:758
62|1.1|636136516728450722|0|49890.7421875|5.66283749271|100.48758187511|-29074|-888844||49890.7421875|390||38950|388.5|49890.7421875|750406|MXD183|0|2478|0|||3|3|0|1|1|132|66|["132,66,5","132,50,5"]|13:51:30:742
62|1.1|636136516778365713|0|49895.7421875|5.65373408894|100.49259223405|-28517|-889856||49895.7421875|390||38987.5|388.5|49895.7421875|750406|MXD183|0|2478|0|||3|3|0|1|1|132|66|["132,66,5","132,50,5"]|13:51:35:742
62|1.1|636136516828280704|0|49900.7421875|5.64382602367|100.49793518641|-27923|-890958||49900.7421875|390||38968.75|388.5|49900.7421875|750406|MXD183|0|2478|0|||3|3|0|1|1|132|83|["132,66,5","132,50,5"]|13:51:40:742
62|1.1|636136516878205696|0|49905.71875|5.63481381487|100.50282216392|-27380|-891960||49905.71875|390||38993.75|388.5|49905.71875|750406|MXD183|0|2478|0|||3|3|0|1|1|132|51|["132,66,5","132,50,5"]|13:51:45:719
62|1.1|636136516928120687|0|49910.71875|5.62562994495|100.508122201|-26791|-892981||49910.71875|390||38993.75|388.5|49910.71875|750406|MXD183|0|2478|0|||3|3|0|1|1|132|50|["132,66,5","132,50,5"]|13:51:50:719
62|1.1|636136516978045679|0|49915.6953125|5.6164299818|100.51330958547|-26213|-894004||49915.6953125|390||38993.75|388.5|49915.6953125|750406|MXD183|0|2478|0|||3|3|0|1|1|132|50|["132,66,5","132,50,5"]|13:51:55:695
62|1.1|636136517027990673|0|49920.6953125|5.60711200163|100.51852379199|-25634|-895040||49920.6953125|390||38981.25|388.5|49920.6953125|750406|MXD183|0|2478|0|||3|3|0|1|1|132|50|["132,66,5","132,50,5"]|13:52:00:695
62|1.1|636136517077895663|0|49925.6953125|5.59783693674|100.5237862782|-25048|-896071||49925.6953125|390||38956.25|388.5|49925.6953125|750406|MXD183|0|2478|0|||3|3|0|1|1|132|50|["132,66,5","132,50,5"]|13:52:05:695
62|1.1|636136517127810654|0|49930.6796875|5.58840630396|100.52894684062|-24475|-897120||49930.6796875|390||38906.25|388.5|49930.6796875|750406|MXD183|0|2478|0|||3|3|0|1|1|132|50|["132,66,5","132,50,5"]|13:52:10:680
62|1.1|636136517177735646|0|49935.6796875|5.57858406925|100.53410203863|-23901|-898212||49935.6796875|390||38975|388.5|49935.6796875|750406|MXD183|0|2478|0|||3|3|0|1|1|132|51|["132,66,5","132,50,5"]|13:52:15:680
62|1.1|636136517227650637|0|49940.65625|5.56993127592|100.53883344825|-23375|-899174||49940.65625|390||39012.5|388.5|49940.65625|750406|MXD183|0|2478|0|||3|3|0|1|1|132|83|["132,66,5","132,50,5"]|13:52:20:656
62|1.1|636136517277575629|0|49945.65625|5.56079568569|100.54414421415|-22784|-900189||49945.65625|390||39037.5|388.5|49945.65625|750406|MXD183|0|2478|0|||3|3|0|1|1|132|50|["132,66,5","132,50,5"]|13:52:25:656
62|1.1|636136517327500621|0|49950.65625|5.55198732447|100.54905801371|-22237|-901169||49950.65625|390||39031.25|388|49950.65625|750406|MXD183|0|2478|0|||3|3|0|1|1|132|50|["132,66,5","132,50,5"]|13:52:30:656
62|1.1|636136517377415612|0|49955.640625|5.54226701355|100.55448143222|-21634|-902249||49955.640625|390||38975|388|49955.640625|750406|MXD183|0|2478|0|||3|3|0|1|1|132|50|["132,50,5"]|13:52:35:641
62|1.1|636136517427340604|0|49960.640625|5.53308850804|100.55977074048|-21046|-903270||49960.640625|390||38962.5|388|49960.640625|750406|MXD183|0|2478|0|||3|3|0|1|1|132|50|["132,50,5"]|13:52:40:641
62|1.1|636136517477265596|0|49965.6171875|5.52386708725|100.56495276054|-20469|-904295||49965.6171875|390||38950|388|49965.6171875|750406|MXD183|0|2478|0|||3|3|0|1|1|132|50|["132,50,5"]|13:52:45:617
62|1.1|636136517527180587|0|49970.6171875|5.5135942421|100.56995775507|-19912|-905437||49970.6171875|390||38950|388|49970.6171875|750406|MXD183|0|2478|0|||3|3|0|1|1|132|51|["132,50,5"]|13:52:50:617
62|1.1|636136517577105579|0|49975.6171875|5.50435672808|100.57434584245|-19424|-906464||49975.6171875|390||38993.75|390|49975.6171875|750406|MXD183|0|2478|0|||3|3|0|1|1|132|51|["132,50,5"]|13:52:55:617
62|1.1|636136517627030571|0|49980.6015625|5.4948724512|100.57894850623|-18912|-907519||49980.6015625|390||39018.75|390|49980.6015625|750406|MXD183|0|2478|0|||3|3|0|1|1|132|50|["132,50,5"]|13:53:00:602
62|1.1|636136517676945562|0|49985.6015625|5.48525406407|100.58245146596|-18522|-908588||49985.6015625|390||39012.5|390|49985.6015625|750406|MXD183|0|2478|0|||3|3|0|1|1|132|83|["132,50,5"]|13:53:05:602
62|1.1|636136517726880555|0|49990.578125|5.47478273575|100.58697366359|-18019|-909752||49990.578125|390||38975|390|49990.578125|750406|MXD183|0|2478|0|||3|3|0|1|1|132|51|["132,50,5"]|13:53:10:578
62|1.1|636136517776795546|0|49995.578125|5.46449379737|100.59146903917|-17519|-910896||49995.578125|390||38950|390|49995.578125|750406|MXD183|0|2478|0|||3|3|0|1|1|132|50|["132,50,5"]|13:53:15:578
62|1.1|636136517826710537|0|50000.578125|5.45500415608|100.59558890605|-17061|-911951||50000.578125|390||38987.5|390|50000.578125|750406|MXD183|0|2478|0|||3|3|0|1|1|132|50|["132,50,5"]|13:53:20:578
62|1.1|636136517876635529|0|50005.5625|5.44550378597|100.59971950175|-16601|-913007||50005.5625|390||39006.25|390|50005.5625|750406|MXD183|0|2478|0|||3|3|0|1|1|132|50|["132,50,5"]|13:53:25:563
62|1.1|636136517926560521|0|50010.5625|5.434683771|100.60423633497|-16099|-914210||50010.5625|390||38975|390|50010.5625|750406|MXD183|0|2478|0|||3|3|0|1|1|132|51|["132,50,5"]|13:53:30:563
62|1.1|636136517976495514|0|50015.5390625|5.42517803648|100.60839911713|-15635|-915267||50015.5390625|390||38993.75|390|50015.5390625|750406|MXD183|0|2478|0|||3|3|0|1|1|132|51|["132,50,5"]|13:53:35:539
62|1.1|636136518026400504|0|50020.5390625|5.41500175071|100.61284084861|-15141|-916399||50020.5390625|390||38975|390|50020.5390625|750406|MXD183|0|2478|0|||3|3|0|1|1|132|83|["132,50,5"]|13:53:40:539
62|1.1|636136518076325496|0|50025.5390625|5.40476645643|100.61723966481|-14651|-917536||50025.5390625|390||38968.75|390|50025.5390625|750406|MXD183|0|2478|0|||3|3|0|1|1|132|50|["132,50,5"]|13:53:45:539
62|1.1|636136518126260489|0|50030.515625|5.39552894241|100.62127370113|-14202|-918564||50030.515625|390||39006.25|390|50030.515625|750406|MXD183|0|2478|0|||3|3|0|1|1|132|50|["132,50,5"]|13:53:50:516
62|1.1|636136518176165479|0|50035.515625|5.38608758081|100.62541502565|-13741|-919613||50035.515625|390||39012.5|390|50035.515625|750406|MXD183|0|2478|0|||3|3|0|1|1|132|50|["132,50,5"]|13:53:55:516
62|1.1|636136518226090471|0|50040.5|5.37532120994|100.62985139272|-13247|-920810||50040.5|390||38993.75|390|50040.5|750406|MXD183|0|2478|0|||3|3|0|1|1|132|51|["132,50,5"]|13:54:00:500
62|1.1|636136518276005462|0|50045.5|5.36493571218|100.63442187004|-12738|-921965||50045.5|390||38975|390|50045.5|750406|MXD183|0|2478|0|||3|3|0|1|1|132|51|["132,50,5"]|13:54:05:500
62|1.1|636136518325930454|0|50050.5|5.35471114672|100.63894943208|-12234|-923102||50050.5|390||38968.75|390|50050.5|750406|MXD183|0|2478|0|||3|3|0|1|1|132|51|["132,50,5"]|13:54:10:500
62|1.1|636136518375855446|0|50055.4765625|5.34561847177|100.6430907566|-11773|-924113||50055.4765625|390||39018.75|390|50055.4765625|750406|MXD183|0|2478|0|||3|3|0|1|1|132|51|["132,50,5"]|13:54:15:477
62|1.1|636136518425770437|0|50060.4765625|5.33611810166|100.64733400491|-11301|-925169||50060.4765625|390||39025|390|50060.4765625|750406|MXD183|0|2478|0|||3|3|0|1|1|132|51|["132,50,5"]|13:54:20:477
62|1.1|636136518475705430|0|50065.4609375|5.32558776483|100.65184010931|-10799|-926340||50065.4609375|390||38987.5|390|50065.4609375|750406|MXD183|0|2478|0|||3|3|0|1|1|132|83|["132,50,5"]|13:54:25:461
62|1.1|636136518525620421|0|50070.4609375|5.31589427596|100.65614236613|-10320|-927418||50070.4609375|390||39006.25|390|50070.4609375|750406|MXD183|0|2478|0|||3|3|0|1|1|132|51|["132,50,5"]|13:54:30:461
62|1.1|636136518575545413|0|50075.4609375|5.30636171939|100.66043389413|-9842|-928478||50075.4609375|390||39012.5|390|50075.4609375|750406|MXD183|0|2478|0|||3|3|0|1|1|132|50|["132,50,5"]|13:54:35:461
62|1.1|636136518625460404|0|50080.4375|5.29565435703|100.66494536294|-9339|-929668||50080.4375|390||38975|390|50080.4375|750406|MXD183|0|2478|0|||3|3|0|1|1|132|50|["132,50,5"]|13:54:40:438
62|1.1|636136518675385396|0|50085.4375|5.2856068171|100.66931199268|-8853|-930785||50085.4375|390||39012.5|390|50085.4375|750406|MXD183|0|2478|0|||3|3|0|1|1|132|83|["132,50,5"]|13:54:45:438
62|1.1|636136518725300387|0|50090.421875|5.27625665047|100.67343185956|-8394|-931825||50090.421875|390||39025|390|50090.421875|750406|MXD183|0|2478|0|||3|3|0|1|1|132|50|["132,50,5"]|13:54:50:422
62|1.1|636136518775225379|0|50095.421875|5.26619838172|100.67778776048|-7909|-932944||50095.421875|390||39012.5|390|50095.421875|750406|MXD183|0|2478|0|||3|3|0|1|1|132|51|["132,50,5"]|13:54:55:422
62|1.1|636136518825150371|0|50100.421875|5.2562098503|100.68213293258|-7425|-934054||50100.421875|390||38993.75|390|50100.421875|750406|MXD183|0|2478|0|||3|3|0|1|1|132|51|["132,50,5"]|13:55:00:422
62|1.1|636136518875075363|0|50105.3984375|5.24628032739|100.6864888335|-6939|-935158||50105.3984375|390||38981.25|390|50105.3984375|750406|MXD183|0|2478|0|||3|3|0|1|1|132|50|["132,50,5"]|13:55:05:398
62|1.1|636136518925000355|0|50110.3984375|5.23625960951|100.69087692088|-6451|-936272||50110.3984375|390||38968.75|390|50110.3984375|750406|MXD183|0|2478|0|||3|3|0|1|1|132|50|["132,50,5"]|13:55:10:398
62|1.1|636136518974915346|0|50115.375|5.2262764425|100.69525427944|-5963|-937383||50115.375|390||38950|390|50115.375|750406|MXD183|0|2478|0|||3|3|0|1|1|132|50|["132,50,5"]|13:55:15:375
62|1.1|636136519024840338|0|50120.375|5.21623426698|100.69965309564|-5473|-938499||50120.375|390||38931.25|390|50120.375|750406|MXD183|0|2478|0|||3|3|0|1|1|132|50|["132,50,5"]|13:55:20:375
62|1.1|636136519074765330|0|50125.375|5.20600433711|100.70407873389|-4980|-939637||50125.375|390||38875|390|50125.375|750406|MXD183|0|2478|0|||3|3|0|1|1|132|51|["132,50,5"]|13:55:25:375
62|1.1|636136519124680321|0|50130.359375|5.19597825482|100.70850437214|-4486|-940752||50130.359375|390||38850|390|50130.359375|750406|MXD183|0|2478|0|||3|3|0|1|1|132|51|["132,50,5"]|13:55:30:359
62|1.1|636136519174765329|0|50135.359375|5.18578587582|100.71295683244|-3990|-941885||50135.359375|390||38993.75|390|50135.359375|750406|MXD183|0|2478|0|||3|3|0|1|1|132|51|["132,50,5"]|13:55:35:359
62|1.1|636136519224520304|0|50140.3359375|5.17648935329|100.71702841963|-3536|-942919||50140.3359375|390||39037.5|390|50140.3359375|750406|MXD183|0|2478|0|||3|3|0|1|1|132|51|["132,50,5"]|13:55:40:336
62|1.1|636136519274445296|0|50145.3359375|5.16655983038|100.72144869347|-3044|-944023||50145.3359375|390||39068.75|390|50145.3359375|750406|MXD183|0|2478|0|||3|3|0|1|1|132|50|["132,50,5"]|13:55:45:336
62|1.1|636136519324370288|0|50150.3359375|5.1565927566|100.72585287408|-2553|-945131||50150.3359375|390||39093.75|390|50150.3359375|750406|MXD183|0|2478|0|||3|3|0|1|1|132|50|["132,50,5"]|13:55:50:336
62|1.1|636136519374285279|0|50155.3203125|5.14651303021|100.73016049531|-2072|-946252||50155.3203125|390||39012.5|390|50155.3203125|750406|MXD183|0|2478|0|||3|3|0|1|1|132|51|["132,50,5"]|13:55:55:320
62|1.1|636136519424240274|0|50160.3203125|5.13659423612|100.73458076915|-1580|-947355||50160.3203125|390||39006.25|390|50160.3203125|750406|MXD183|0|2478|0|||3|3|0|1|1|132|50|["132,50,5"]|13:56:00:320
62|1.1|636136519474135263|0|50165.296875|5.12675054377|100.73897958535|-1089|-948450||50165.296875|390||39006.25|390|50165.296875|750406|MXD183|0|2478|0|||3|3|0|1|1|132|50|["132,50,5"]|13:56:05:297
62|1.1|636136519524050254|0|50170.296875|5.11702486844|100.74318528279|-620|-949531||50170.296875|390||39012.5|390|50170.296875|750406|MXD183|0|2478|0|||3|3|0|1|1|132|50|["132,50,5"]|13:56:10:297
62|1.1|636136519573975246|0|50175.296875|5.1071865405|100.74758409899|-130|-950626||50175.296875|390||39018.75|390|50175.296875|750406|MXD183|0|2478|0|||3|3|0|1|1|132|50|["132,50,5"]|13:56:15:297
62|1.1|636136519623900238|0|50180.28125|5.09741794989|100.75199900842|362|-951712||50180.28125|390||39031.25|390|50180.28125|750406|MXD183|0|2478|0|||3|3|0|1|1|132|50|["132,50,5"]|13:56:20:281
62|1.1|636136519670704918|0|50184.9609375|5.0882501732|100.75602231592|811|-952731||50184.9609375|390||39068.75|390|50184.9609375|750406|MXD183|0|2478|0|||3|3|0|1|1|132|50|["132,50,5"]|13:56:24:961
62|1.1|636136519720629910|0|50189.9609375|5.07841720967|100.76017973367|1275|-953825||50189.9609375|390||39131.25|390.25|50189.9609375|750406|MXD183|0|2478|0|||3|3|0|1|1|132|50|["132,50,5"]|13:56:29:961
62|1.1|636136519770544901|0|50194.9375|5.06864861906|100.76366660017|1663|-954911||50194.9375|390||39218.75|390.25|50194.9375|750406|MXD183|0|2478|0|||3|3|0|1|1|132|50|["132,50,5"]|13:56:34:938
62|1.1|636136519820459892|0|50199.9375|5.05827921453|100.76562460982|1882|-956064||50199.9375|390||39256.25|390.25|50199.9375|750406|MXD183|0|2478|0|||3|3|0|1|1|132|51|["132,50,5"]|13:56:39:938
62|1.1|636136519870384884|0|50204.9375|5.04787762354|100.76745387363|2086|-957221||50204.9375|390||39306.25|390.25|50204.9375|750406|MXD183|0|2478|0|||3|3|0|1|1|132|51|["132,50,5"]|13:56:44:938
62|1.1|636136519920309876|0|50209.921875|5.03742238845|100.76746996686|2088|-958384||50209.921875|390||39050|390|50209.921875|750406|MXD183|0|2478|0|||3|3|0|1|1|132|51|["132,50,5"]|13:56:49:922
62|1.1|636136519970224867|0|50214.921875|5.02750895877|100.76767917885|2111|-959486||50214.921875|390||39100|390|50214.921875|750406|MXD183|0|2478|0|||3|3|0|1|1|132|50|["132,50,5"]|13:56:54:922
62|1.1|636136520020149859|0|50219.8984375|5.01695179989|100.76806005196|2154|-960661||50219.8984375|390||39156.25|390.25|50219.8984375|750406|MXD183|0|2478|0|||3|3|0|1|1|132|50|["132,50,5"]|13:56:59:898
62|1.1|636136520070064850|0|50224.8984375|5.00690425996|100.76736804307|2076|-961778||50224.8984375|390||39087.5|390|50224.8984375|750406|MXD183|0|2478|0|||3|3|0|1|1|132|50|["132,50,5"]|13:57:04:898
62|1.1|636136520119989842|0|50229.8984375|4.99532786318|100.76639708486|1968|-963066||50229.8984375|390||38987.5|390|50229.8984375|750406|MXD183|0|2478|0|||3|3|0|1|1|132|51|["132,50,5"]|13:57:09:898
62|1.1|636136520169914834|0|50234.875|4.98441128883|100.76612886436|1939|-964280||50234.875|390||38975|390|50234.875|750406|MXD183|0|2478|0|||3|3|0|1|1|132|51|["132,50,5"]|13:57:14:875
62|1.1|636136520219829825|0|50239.875|4.97362882473|100.76557633013|1877|-965479||50239.875|390||38981.25|390|50239.875|750406|MXD183|0|2478|0|||3|3|0|1|1|132|51|["132,50,5"]|13:57:19:875
62|1.1|636136520269754817|0|50244.859375|4.96379049679|100.76504525354|1818|-966573||50244.859375|390||39025|390|50244.859375|750406|MXD183|0|2478|0|||3|3|0|1|1|132|51|["132,50,5"]|13:57:24:859
62|1.1|636136520319679809|0|50249.859375|4.95316360058|100.76490041447|1802|-967755||50249.859375|390||39043.75|390|50249.859375|750406|MXD183|0|2478|0|||3|3|0|1|1|132|50|["132,50,5"]|13:57:29:859
62|1.1|636136520369604801|0|50254.859375|4.94149600883|100.7639509139|1696|-969053||50254.859375|390||39025|390|50254.859375|750406|MXD183|0|2478|0|||3|3|0|1|1|132|51|["132,50,5"]|13:57:34:859
62|1.1|636136520419519792|0|50259.8359375|4.93180788437|100.76335009998|1629|-970131||50259.8359375|390||38993.75|390|50259.8359375|750406|MXD183|0|2478|0|||3|3|0|1|1|132|50|["132,50,5"]|13:57:39:836
62|1.1|636136520469444784|0|50264.8359375|4.92054798778|100.76265809109|1552|-971383||50264.8359375|389.75||38937.5|389.75|50264.8359375|750406|MXD183|0|2478|0|||3|3|0|1|1|132|50|["132,50,5"]|13:57:44:836
62|1.1|636136520519369776|0|50269.8203125|4.91040925288|100.76202509071|1481|-972511||50269.8203125|389||38912.5|389.5|50269.8203125|750406|MXD183|0|2478|0|||3|3|0|1|1|132|50|["132,50,5"]|13:57:49:820
62|1.1|636136520569284767|0|50274.8203125|4.90004521276|100.76139745474|1411|-973664||50274.8203125|388.25||38837.5|388.5|50274.8203125|750406|MXD183|0|2478|-393.75|||3|3|2|1|1|132|50|["132,50,5"]|13:57:54:820
62|1.1|636136520619209759|0|50279.8203125|4.88832934132|100.76080200523|1345|-974967||50279.8203125|387.5||38687.5|387.5|50279.8203125|750406|MXD183|0|2478|-925|||3|3|2|1|1|132|50|["132,50,5"]|13:57:59:820
62|1.1|636136520669134751|0|50284.796875|4.87822279288|100.76025483541|1284|-976091||50284.796875|386.75||38637.5|386.25|50284.796875|750406|MXD183|0|2478|-943.75|||3|3|2|1|1|132|50|["132,50,5"]|13:58:04:797
62|1.1|636136520719049742|0|50289.796875|4.86681805722|100.75967547913|1219|-977360||50289.796875|385.5||38518.75|385.25|50289.796875|750406|MXD183|0|2478|-943.75|||3|3|2|1|1|132|51|["132,50,5"]|13:58:09:797
62|1.1|636136520768974734|0|50294.78125|4.85615361014|100.75924632633|1171|-978546||50294.78125|385||38418.75|384.5|50294.78125|750406|MXD183|0|2478|-962.5|||3|3|2|1|1|132|50|["132,50,5"]|13:58:14:781
62|1.1|636136520818899726|0|50299.78125|4.8452424002|100.75888154645|1131|-979760||50299.78125|384.5||38318.75|383.75|50299.78125|750406|MXD183|0|2478|-943.75|||3|3|2|1|1|132|50|["132,50,5"]|13:58:19:781
62|1.1|636136520868814717|0|50304.78125|4.83435801231|100.75859723272|1099|-980971||50304.78125|383.75||38218.75|383|50304.78125|750406|MXD183|0|2478|-906.25|||3|3|2|1|1|132|50|["132,50,5"]|13:58:24:781
62|1.1|636136520918739709|0|50309.7578125|4.82352726852|100.75830755458|1067|-982176||50309.7578125|383||38100|382.25|50309.7578125|750406|MXD183|0|2478|-906.25|||3|3|2|1|1|132|50|["132,50,5"]|13:58:29:758
62|1.1|636136520968664701|0|50314.7578125|4.81170947329|100.75743315575|969|-983490||50314.7578125|381.5||38162.5|381.5|50314.7578125|750406|MXD183|0|2478|-906.25|||3|3|2|1|1|132|51|["132,50,5"]|13:58:34:758
62|1.1|636136521018589693|0|50319.7421875|4.80246123045|100.75703618941|925|-984519||50319.7421875|381.5||38118.75|380.75|50319.7421875|750406|MXD183|0|2478|-906.25|||3|3|2|1|1|132|50|["132,50,5"]|13:58:39:742
62|1.1|636136521068504684|0|50324.7421875|4.79054151143|100.75650511282|866|-985845||50324.7421875|380.25||37975|380|50324.7421875|750406|MXD183|0|2478|-943.75|||3|3|2|1|1|132|51|["132,50,5"]|13:58:44:742
62|1.1|636136521118429676|0|50329.7421875|4.77980196261|100.75624762114|837|-987040||50329.7421875|380||37868.75|379.25|50329.7421875|750406|MXD183|0|2478|-943.75|||3|3|2|1|1|132|50|["132,50,5"]|13:58:49:742
62|1.1|636136521168344667|0|50334.71875|4.76826848111|100.75580237511|787|-988323||50334.71875|378.5||37775|378.25|50334.71875|750406|MXD183|0|2478|-981.25|||3|3|2|1|1|132|50|["132,50,5"]|13:58:54:719
62|1.1|636136521218269659|0|50339.71875|4.75788834776|100.75542686641|745|-989478||50339.71875|377.75||37762.5|377.5|50339.71875|750406|MXD183|0|2478|-981.25|||3|3|2|1|1|132|50|["132,50,5"]|13:58:59:719
62|1.1|636136521268194651|0|50344.6953125|4.74741165503|100.75497089156|694|-990644||50344.6953125|377||37712.5|377|50344.6953125|750406|MXD183|0|2478|-906.25|||3|3|2|1|1|132|50|["132,50,5"]|13:59:04:695
62|1.1|636136521318109642|0|50349.6953125|4.73677939441|100.75587211244|795|-991827||50349.6953125|376.25||37643.75|376|50349.6953125|750406|MXD183|0|2478|-906.25|||3|3|2|1|1|132|51|["132,50,5"]|13:59:09:695
62|1.1|636136521368034634|0|50354.6953125|4.72598083708|100.75712738438|935|-993028||50354.6953125|375.5||37562.5|375.25|50354.6953125|750406|MXD183|0|2478|-925|||3|3|2|1|1|132|51|["132,50,5"]|13:59:14:695
62|1.1|636136521417959626|0|50359.6796875|4.71521446621|100.75883326676|1126|-994226||50359.6796875|374.75||37468.75|374.5|50359.6796875|750406|MXD183|0|2478|-943.75|||3|3|2|1|1|132|51|["132,50,5"]|13:59:19:680
62|1.1|636136521467874617|0|50364.6796875|4.70445882416|100.76075908995|1341|-995423||50364.6796875|374.25||37375|373.75|50364.6796875|750406|MXD183|0|2478|-925|||3|3|2|1|1|132|50|["132,50,5"]|13:59:24:680
62|1.1|636136521517649594|0|50369.65625|4.69329548695|100.76317307445|1610|-996665||50369.65625|373.25||37218.75|373|50369.65625|750406|MXD183|0|2478|-943.75|||3|3|2|1|1|132|50|["132,50,5"]|13:59:29:656
62|1.1|636136521567724601|0|50374.65625|4.68190148011|100.76593038119|1918|-997932||50374.65625|372.75||37100|372|50374.65625|750406|MXD183|0|2478|-962.5|||3|3|2|1|1|132|50|["132,50,5"]|13:59:34:656
62|1.1|636136521617489577|0|50379.65625|4.67126385508|100.76978202757|2348|-999116||50379.65625|371.75||37037.5|371.25|50379.65625|750406|MXD183|0|2478|-962.5|||3|3|2|1|1|132|50|["132,50,5"]|13:59:39:656
62|1.1|636136521667404568|0|50384.640625|4.66188150199|100.77265198692|2669|-1000160||50384.640625|370.5||37062.5|370.5|50384.640625|750406|MXD183|0|2478|-943.75|||3|3|2|1|1|132|51|["132,50,5"]|13:59:44:641
62|1.1|636136521717489576|0|50389.640625|4.65081472416|100.77665383678|3116|-1001392||50389.640625|369.75||36943.75|369.75|50389.640625|750406|MXD183|0|2478|-962.5|||3|3|2|1|1|132|51|["132,50,5"]|13:59:49:641
62|1.1|636136521767404567|0|50394.6171875|4.64120706585|100.7804732967|3542|-1002460||50394.6171875|369.25||36906.25|369|50394.6171875|750406|MXD183|0|2478|-962.5|||3|3|2|1|1|132|51|["132,50,5"]|13:59:54:617
62|1.1|636136521817169543|0|50399.6171875|4.63139555996|100.78494185023|4041|-1003552||50399.6171875|368.75||36837.5|368.25|50399.6171875|750406|MXD183|0|2478|-962.5|||3|3|2|1|1|132|50|["132,50,5"]|13:59:59:617
62|1.1|636136521867094535|0|50404.6171875|4.62107443512|100.79013996352|4621|-1004701||50404.6171875|367.75||36662.5|367.25|50404.6171875|750406|MXD183|0|2478|-981.25|||3|3|2|1|1|132|51|["132,50,5"]|14:00:04:617
62|1.1|636136521917029528|0|50409.6015625|4.61149359886|100.7952790683|5196|-1005767||50409.6015625|367.25||36531.25|366.5|50409.6015625|750406|MXD183|0|2478|-981.25|||3|3|2|1|1|132|50|["132,50,5"]|14:00:09:602
62|1.1|636136521966944519|0|50414.6015625|4.6007325924|100.80060056302|5790|-1006964||50414.6015625|365.75||36506.25|365.5|50414.6015625|750406|MXD183|0|2478|-981.25|||3|3|2|1|1|132|51|["132,50,5"]|14:00:14:602
62|1.1|636136522016869511|0|50419.578125|4.59148971397|100.80543926084|6330|-1007992||50419.578125|365||36493.75|365|50419.578125|750406|MXD183|0|2478|-943.75|||3|3|2|1|1|132|50|["132,50,5"]|14:00:19:578
62|1.1|636136522066784502|0|50424.578125|4.58201616591|100.8108358573|6933|-1009046||50424.578125|364.25||36431.25|364|50424.578125|750406|MXD183|0|2478|-943.75|||3|3|2|1|1|132|50|["132,50,5"]|14:00:24:578
62|1.1|636136522116699493|0|50429.578125|4.57280010953|100.81572819922|7480|-1010072||50429.578125|363.5||36356.25|363.25|50429.578125|750406|MXD183|0|2478|-943.75|||3|3|2|1|1|132|50|["132,50,5"]|14:00:29:578
62|1.1|636136522166634486|0|50434.5625|4.56262918817|100.82128572798|8100|-1011204||50434.5625|362.75||36225|362.5|50434.5625|750406|MXD183|0|2478|-962.5|||3|3|2|1|1|132|50|["132,50,5"]|14:00:34:563
62|1.1|636136522216549477|0|50439.5625|4.55345604707|100.82631218015|8662|-1012225||50439.5625|362||36193.75|361.75|50439.5625|750406|MXD183|0|2478|-925|||3|3|2|1|1|132|50|["132,50,5"]|14:00:39:563
62|1.1|636136522266474469|0|50444.5390625|4.54398249901|100.83163903928|9257|-1013279||50444.5390625|361.25||36125|361|50444.5390625|750406|MXD183|0|2478|-943.75|||3|3|2|1|1|132|50|["132,50,5"]|14:00:44:539
62|1.1|636136522316389460|0|50449.5390625|4.53347898423|100.83737359357|9898|-1014448||50449.5390625|360.5||35962.5|360|50449.5390625|750406|MXD183|0|2478|-981.25|||3|3|2|1|1|132|50|["132,50,5"]|14:00:49:539
62|1.1|636136522366314452|0|50454.5390625|4.52378549536|100.84268972388|10492|-1015526||50454.5390625|359.25||35925|359.25|50454.5390625|750406|MXD183|0|2478|-981.25|||3|3|2|1|1|132|51|["132,50,5"]|14:00:54:539
62|1.1|636136522416239444|0|50459.515625|4.51463917631|100.84788247276|11072|-1016544||50459.515625|359||35850|358.5|50459.515625|750406|MXD183|0|2478|-981.25|||3|3|2|1|1|132|50|["132,50,5"]|14:00:59:516
62|1.1|636136522466154435|0|50464.515625|4.50407128861|100.85361702705|11713|-1017720||50464.515625|358||35731.25|357.75|50464.515625|750406|MXD183|0|2478|-962.5|||3|3|2|1|1|132|51|["132,50,5"]|14:01:04:516
62|1.1|636136522516079427|0|50469.5|4.49453873204|100.85901898792|12317|-1018781||50469.5|357.5||35625|357|50469.5|750406|MXD183|0|2478|-962.5|||3|3|2|1|1|132|50|["132,50,5"]|14:01:09:500
62|1.1|636136522566004419|0|50474.5|4.48483987876|100.86449605053|12929|-1019860||50474.5|356.75||35525|356|50474.5|750406|MXD183|0|2478|-962.5|||3|3|2|1|1|132|50|["132,50,5"]|14:01:14:500
62|1.1|636136522615919410|0|50479.5|4.47514102548|100.86997847755|13541|-1020939||50479.5|356||35412.5|355.25|50479.5|750406|MXD183|0|2478|-962.5|||3|3|2|1|1|132|50|["132,50,5"]|14:01:19:500
62|1.1|636136522665844402|0|50484.4765625|4.46546362984|100.87540726047|14148|-1022016||50484.4765625|355.25||35293.75|354.5|50484.4765625|750406|MXD183|0|2478|-962.5|||3|3|2|1|1|132|50|["132,50,5"]|14:01:24:477
62|1.1|636136522715759393|0|50489.4765625|4.45555020016|100.88091650954|14764|-1023119||50489.4765625|354.5||35150|353.75|50489.4765625|750406|MXD183|0|2478|-962.5|||3|3|2|1|1|132|50|["132,50,5"]|14:01:29:477
62|1.1|636136522765684385|0|50494.4609375|4.44567968576|100.88626482631|15362|-1024217||50494.4609375|353.75||35018.75|353|50494.4609375|750406|MXD183|0|2478|-962.5|||3|3|2|1|1|132|50|["132,50,5"]|14:01:34:461
62|1.1|636136522815609377|0|50499.4609375|4.43547657794|100.89171506687|15971|-1025353||50499.4609375|352.25||34950|352|50499.4609375|750406|MXD183|0|2478|-962.5|||3|3|2|1|1|132|50|["132,50,5"]|14:01:39:461
62|1.1|636136522865534369|0|50504.4609375|4.42564361441|100.89723504476|16588|-1026447||50504.4609375|351.5||34875|351.25|50504.4609375|750406|MXD183|0|2478|-962.5|||3|3|2|1|1|132|50|["132,50,5"]|14:01:44:461
62|1.1|636136522915459361|0|50509.4375|4.4158750238|100.90291595495|17224|-1027534||50509.4375|350.75||34806.25|350.5|50509.4375|750406|MXD183|0|2478|-962.5|||3|3|2|1|1|132|50|["132,50,5"]|14:01:49:438
62|1.1|636136522965374352|0|50514.4375|4.40606888232|100.90859150073|17858|-1028626||50514.4375|350||34750|349.75|50514.4375|750406|MXD183|0|2478|-962.5|||3|3|2|1|1|132|50|["132,50,5"]|14:01:54:438
62|1.1|636136523015299344|0|50519.421875|4.39625737643|100.91404174129|18468|-1029717||50519.421875|349.25||34681.25|349|50519.421875|750406|MXD183|0|2478|-962.5|||3|3|2|1|1|132|50|["132,50,5"]|14:01:59:422
62|1.1|636136523065214335|0|50524.421875|4.38635467557|100.91941688011|19069|-1030819||50524.421875|348.5||34593.75|348.25|50524.421875|750406|MXD183|0|2478|-962.5|||3|3|2|1|1|132|50|["132,50,5"]|14:02:04:422
62|1.1|636136523115139327|0|50529.421875|4.37643588148|100.92458280694|19646|-1031923||50529.421875|347.75||34500|347.25|50529.421875|750406|MXD183|0|2478|-962.5|||3|3|2|1|1|132|50|["132,50,5"]|14:02:09:422
62|1.1|636136523165064319|0|50534.3984375|4.36658682472|100.92990430166|20241|-1033019||50534.3984375|347||34425|346.5|50534.3984375|750406|MXD183|0|2478|-962.5|||3|3|2|1|1|132|50|["132,50,5"]|14:02:14:398
62|1.1|636136523214989311|0|50539.3984375|4.3567055815|100.93528480489|20843|-1034119||50539.3984375|346.25||34343.75|345.75|50539.3984375|750406|MXD183|0|2478|-943.75|||3|3|2|1|1|132|50|["132,50,5"]|14:02:19:398
62|1.1|636136523264914303|0|50544.375|4.34691016884|100.94084769806|21465|-1035209||50544.375|345.5||34281.25|345|50544.375|750406|MXD183|0|2478|-943.75|||3|3|2|1|1|132|50|["132,50,5"]|14:02:24:375
62|1.1|636136523314829294|0|50549.375|4.33709329854|100.94657152353|22105|-1036301||50549.375|344.75||34212.5|344.25|50549.375|750406|MXD183|0|2478|-962.5|||3|3|2|1|1|132|50|["132,50,5"]|14:02:29:375
62|1.1|636136523364794290|0|50554.375|4.32713158917|100.95178036564|22688|-1037410||50554.375|344||34112.5|343.25|50554.375|750406|MXD183|0|2478|-962.5|||3|3|2|1|1|132|50|["132,50,5"]|14:02:34:375
62|1.1|636136523414669277|0|50559.359375|4.31724498154|100.95714477564|23288|-1038510||50559.359375|343.25||34012.5|342.5|50559.359375|750406|MXD183|0|2478|-962.5|||3|3|2|1|1|132|50|["132,50,5"]|14:02:39:359
62|1.1|636136523464594269|0|50564.359375|4.3074602977|100.963024169|23946|-1039599||50564.359375|342.5||33950|341.75|50564.359375|750406|MXD183|0|2478|-962.5|||3|3|2|1|1|132|50|["132,50,5"]|14:02:44:359
62|1.1|636136523514509260|0|50569.3359375|4.2976434274|100.96852268925|24561|-1040692||50569.3359375|341.75||33875|341|50569.3359375|750406|MXD183|0|2478|-962.5|||3|3|2|1|1|132|50|["132,50,5"]|14:02:49:336
62|1.1|636136523564434252|0|50574.3359375|4.28762270952|100.97362424316|25132|-1041807||50574.3359375|341||33775|340.25|50574.3359375|750406|MXD183|0|2478|-962.5|||3|3|2|1|1|132|50|["132,50,5"]|14:02:54:336
62|1.1|636136523614359244|0|50579.3359375|4.27769318661|100.97889745819|25722|-1042912||50579.3359375|340.25||33687.5|339.5|50579.3359375|750406|MXD183|0|2478|-962.5|||3|3|2|1|1|132|50|["132,50,5"]|14:02:59:336
62|1.1|636136523664274235|0|50584.3203125|4.26816063004|100.98535084342|26444|-1043973||50584.3203125|339.5||33662.5|338.5|50584.3203125|750406|MXD183|0|2478|-962.5|||3|3|2|1|1|132|50|["132,50,5"]|14:03:04:320
62|1.1|636136523714199227|0|50589.3203125|4.2585905226|100.99088155013|27063|-1045038||50589.3203125|339.5||33575|337.75|50589.3203125|750406|MXD183|0|2478|-962.5|||3|3|2|1|1|132|50|[]|14:03:09:320
62|1.1|636136523764124219|0|50594.296875|4.24905260162|100.99639616361|27680|-1046099||50594.296875|339.5||33487.5|337|50594.296875|750406|MXD183|0|2478|-962.5|||3|3|2|1|1|132|50|[]|14:03:14:297
62|1.1|636136523814049211|0|50599.296875|4.23948785859|101.00192687032|28299|-1047164||50599.296875|339.5||33400|336.25|50599.296875|750406|MXD183|0|2478|-962.5|||3|3|2|1|1|132|50|[]|14:03:19:297
