62|1.1|636136510900237959|0|49306.8359375|5.27607426053|100.34228146585|-45301|-931819||49306.8359375|||0|||76aa61|X|X|1949|||||||1|1|132|50|["132,50,4"]|13:41:46:836
62|1.1|636136510937681703|0|49311.6796875|5.27179882576|100.34342944959|-45174|-932295||49311.6796875|||212.5|||76aa61|X|X|1949|||||||1|1|132|50|["132,50,4"]|13:41:51:680
62|1.1|636136510987606695|0|49316.65625|5.26740000956|100.34460425538|-45043|-932784||49316.65625|||425|||76aa61|X|X|1949|||||||1|1|132|50|["132,50,4"]|13:41:56:656
62|1.1|636136511037521686|0|49321.65625|5.263022651|100.34618139192|-44868|-933271||49321.65625|55||5750|||76aa61|X|0|1949||||3|3|3|1|1|132|50|["132,50,5"]|13:42:01:656
62|1.1|636136511087446678|0|49326.65625|5.25760996131|100.35072504719|-44362|-933873||49326.65625|58.5||5887.5|58.5|49326.65625|76aa61|JSA678|0|1949|2225|||3|3|1|1|1|132|50|["132,50,5"]|13:42:06:656
62|1.1|636136511137361669|0|49331.640625|5.25255132268|100.35163163248|-44262|-934436||49331.640625|60||6056.25|60.5|49331.640625|76aa61|JSA678|0|1949|2143.75|||3|3|1|1|1|132|50|["132,50,5"]|13:42:11:641
62|1.1|636136511187286661|0|49336.640625|5.24746049759|100.35328387076|-44078|-935002||49336.640625|61.5||6212.5|62.25|49336.640625|76aa61|JSA678|0|1949|2068.75|||3|3|1|1|1|132|50|["132,50,5"]|13:42:16:641
62|1.1|636136511237211653|0|49341.6171875|5.24262716418|100.35570321967|-43809|-935540||49341.6171875|63||6343.75|63.25|49341.6171875|76aa61|JSA678|0|1949|1931.25|||3|3|1|1|1|132|50|["132,50,5"]|13:42:21:617
62|1.1|636136511287136645|0|49346.6171875|5.23717155921|100.35751639025|-43608|-936147||49346.6171875|64.25||6500|64.75|49346.6171875|76aa61|JSA678|0|1949|1868.75|||3|3|1|1|1|132|50|["132,50,5"]|13:42:26:617
62|1.1|636136511337061637|0|49351.6171875|5.23175886952|100.35967288307|-43368|-936749||49351.6171875|65.5||6606.25|66.25|49351.6171875|76aa61|JSA678|0|1949|1768.75|||3|3|1|1|1|132|50|["132,50,5"]|13:42:31:617
62|1.1|636136511386976628|0|49356.6015625|5.22598139995|100.36155579098|-43159|-937391||49356.6015625|66.75||6750|67.5|49356.6015625|76aa61|JSA678|0|1949|1712.5|||3|3|1|1|1|132|50|["132,50,5"]|13:42:36:602
62|1.1|636136511436891619|0|49361.6015625|5.21921151453|100.36408242809|-42878|-938144||49361.6015625|68.5||6868.75|68.75|49361.6015625|76aa61|JSA678|0|1949|1593.75|||3|3|1|1|1|132|51|["132,50,5"]|13:42:41:602
62|1.1|636136511486816611|0|49366.578125|5.21257573936|100.36649641259|-42610|-938883||49366.578125|69.75||7000|70.25|49366.578125|76aa61|JSA678|0|1949|1575|||3|3|1|1|1|132|51|["132,50,5"]|13:42:46:578
62|1.1|636136511536741603|0|49371.578125|5.20578976071|100.36898013442|-42334|-939637||49371.578125|71||7125|71.25|49371.578125|76aa61|JSA678|0|1949|1575|||3|3|1|1|1|132|51|["132,50,5"]|13:42:51:578
62|1.1|636136511586666595|0|49376.578125|5.19905206175|100.37145312743|-42059|-940387||49376.578125|72.25||7256.25|72.75|49376.578125|76aa61|JSA678|0|1949|1575|||3|3|1|1|1|132|51|["132,50,5"]|13:42:56:578
62|1.1|636136511636581586|0|49381.5625|5.19243237981|100.37360425584|-41820|-941123||49381.5625|72.75||7393.75|74.25|49381.5625|76aa61|JSA678|0|1949|1556.25|||3|3|1|1|1|132|50|["132,50,5"]|13:43:01:563
62|1.1|636136511686506578|0|49386.5625|5.18548010445|100.37590022332|-41565|-941897||49386.5625|73.75||7531.25|75.25|49386.5625|76aa61|JSA678|0|1949|1493.75|||3|3|1|1|1|132|50|["132,50,5"]|13:43:06:563
62|1.1|636136511736421569|0|49391.5390625|5.17859220201|100.37861997919|-41263|-942663||49391.5390625|74.5||7637.5|75.75|49391.5390625|76aa61|JSA678|0|1949|1337.5|||3|3|1|1|1|132|50|["132,50,5"]|13:43:11:539
62|1.1|636136511786346561|0|49396.5390625|5.1724714102|100.38341576173|-40729|-943344||49396.5390625|75||7662.5|76.25|49396.5390625|76aa61|JSA678|0|1949|1062.5|||3|3|1|1|1|132|50|["132,50,5"]|13:43:16:539
62|1.1|636136511836271553|0|49401.5390625|5.1667314915|100.38967066379|-40032|-943983||49401.5390625|75.75||7618.75|76.5|49401.5390625|76aa61|JSA678|0|1949|925|||3|3|1|1|1|132|50|["132,50,5"]|13:43:21:539
62|1.1|636136511886186544|0|49406.515625|5.1612061492|100.39561443007|-39370|-944598||49406.515625|76.5||7643.75|77|49406.515625|76aa61|JSA678|0|1949|887.5|||3|3|1|1|1|132|50|["132,50,5"]|13:43:26:516
62|1.1|636136511936111536|0|49411.515625|5.15525701851|100.40218583232|-38638|-945261||49411.515625|78.25||7781.25|78.5|49411.515625|76aa61|JSA678|0|1949|981.25|||3|3|1|1|1|132|50|["132,50,5"]|13:43:31:516
62|1.1|636136511986036528|0|49416.5|5.14973167621|100.40879478544|-37902|-945876||49416.5|79.25||7887.5|79.5|49416.5|76aa61|JSA678|0|1949|1062.5|||3|3|1|1|1|132|50|["132,50,5"]|13:43:36:500
62|1.1|636136512035961520|0|49421.5|5.14407222366|100.41521598421|-37186|-946505||49421.5|80.5||8025|80.75|49421.5|76aa61|JSA678|0|1949|1181.25|||3|3|1|1|1|132|50|["132,50,5"]|13:43:41:500
62|1.1|636136512085876511|0|49426.5|5.13839131347|100.42210925106|-36419|-947138||49426.5|81.75||8175|82.25|49426.5|76aa61|JSA678|0|1949|1318.75|||3|3|1|1|1|132|50|["132,50,5"]|13:43:46:500
62|1.1|636136512135801503|0|49431.4765625|5.13268894564|100.42924928077|-35623|-947773||49431.4765625|83.5||8356.25|83.75|49431.4765625|76aa61|JSA678|0|1949|1793.75|||3|3|1|1|1|132|50|["132,50,5"]|13:43:51:477
62|1.1|636136512185726495|0|49436.4765625|5.12698657781|100.43635712402|-34831|-948408||49436.4765625|85.5||8568.75|86.5|49436.4765625|76aa61|JSA678|0|1949|2162.5|||3|3|1|1|1|132|50|["132,50,5"]|13:43:56:477
62|1.1|636136512235651487|0|49441.4609375|5.12133785408|100.44354006901|-34031|-949037||49441.4609375|88||8837.5|89.25|49441.4609375|76aa61|JSA678|0|1949|2556.25|||3|3|1|1|1|132|50|["132,50,5"]|13:44:01:461
62|1.1|636136512285566478|0|49446.4609375|5.11572668122|100.45131846351|-33164|-949661||49446.4609375|90.5||9125|91.75|49446.4609375|76aa61|JSA678|0|1949|2837.5|||3|3|1|1|1|132|50|["132,50,5"]|13:44:06:461
62|1.1|636136512335491470|0|49451.4609375|5.11001894898|100.4585550526|-32358|-950297||49451.4609375|93.5||9450|95.25|49451.4609375|76aa61|JSA678|0|1949|3131.25|||3|3|1|1|1|132|50|["132,50,5"]|13:44:11:461
62|1.1|636136512385406461|0|49456.4375|5.10434876761|100.46570581113|-31561|-950928||49456.4375|96.75||9812.5|98.5|49456.4375|76aa61|JSA678|0|1949|3525|||3|3|1|1|1|132|50|["132,50,5"]|13:44:16:438
62|1.1|636136512435331453|0|49461.4375|5.0986034845|100.47275464587|-30775|-951567||49461.4375|99.5||10162.5|102.25|49461.4375|76aa61|JSA678|0|1949|3662.5|||3|3|1|1|1|132|50|["132,50,5"]|13:44:21:438
62|1.1|636136512485246444|0|49466.421875|5.09285283698|100.47950307365|-30023|-952207||49466.421875|102.25||10487.5|104.75|49466.421875|76aa61|JSA678|0|1949|3643.75|||3|3|1|1|1|132|50|["132,50,5"]|13:44:26:422
62|1.1|636136512535171436|0|49471.421875|5.0871236471|100.48630514553|-29265|-952845||49471.421875|104.5||10775|107.25|49471.421875|76aa61|JSA678|0|1949|3406.25|||3|3|1|1|1|132|50|["132,50,5"]|13:44:31:422
62|1.1|636136512581966115|0|49476.1015625|5.08172705064|100.49283899691|-28537|-953446||49476.1015625|106.5||10987.5|109.25|49476.1015625|76aa61|JSA678|0|1949|3068.75|||3|3|1|1|1|132|50|["132,50,5"]|13:44:36:102
62|1.1|636136512631891107|0|49481.1015625|5.07589593697|100.49934066183|-27812|-954095||49481.1015625|108.25||11168.75|110.5|49481.1015625|76aa61|JSA678|0|1949|2737.5|||3|3|1|1|1|132|50|["132,50,5"]|13:44:41:102
62|1.1|636136512681816099|0|49486.078125|5.06996826392|100.50541317395|-27136|-954755||49486.078125|110||11325|112.25|49486.078125|76aa61|JSA678|0|1949|2518.75|||3|3|1|1|1|132|50|["132,50,5"]|13:44:46:078
62|1.1|636136512731741091|0|49491.078125|5.06405131969|100.5120382203|-26397|-955413||49491.078125|111.5||11468.75|113.75|49491.078125|76aa61|JSA678|0|1949|2325|||3|3|1|1|1|132|50|["132,50,5"]|13:44:51:078
62|1.1|636136512781656082|0|49496.0625|5.05827921453|100.52023503878|-25484|-956056||49496.0625|115.25||11587.5|115.5|49496.0625|76aa61|JSA678|0|1949|2225|||3|3|1|1|1|132|50|["132,50,5"]|13:44:56:063
62|1.1|636136512831581074|0|49501.0625|5.05237299912|100.5274877211|-24675|-956713||49501.0625|117||11768.75|117.5|49501.0625|76aa61|JSA678|0|1949|2262.5|||3|3|1|1|1|132|50|["132,50,5"]|13:45:01:063
62|1.1|636136512881506066|0|49506.0625|5.04641850402|100.53470285255|-23871|-957376||49506.0625|118.75||11943.75|119.25|49506.0625|76aa61|JSA678|0|1949|2281.25|||3|3|1|1|1|132|50|["132,50,5"]|13:45:06:063
62|1.1|636136512931421057|0|49511.0390625|5.04043182246|100.54175168729|-23085|-958042||49511.0390625|120.75||12137.5|121.25|49511.0390625|76aa61|JSA678|0|1949|2325|||3|3|1|1|1|132|50|["132,50,5"]|13:45:11:039
62|1.1|636136512981346049|0|49516.0390625|5.03439686121|100.54897754756|-22280|-958714||49516.0390625|122.5||12331.25|123.25|49516.0390625|76aa61|JSA678|0|1949|2343.75|||3|3|1|1|1|132|50|["132,50,5"]|13:45:16:039
62|1.1|636136513031271041|0|49521.015625|5.0283833576|100.55628387398|-21465|-959383||49521.015625|124.75||12537.5|125.5|49521.015625|76aa61|JSA678|0|1949|2418.75|||3|3|1|1|1|132|50|["132,50,5"]|13:45:21:016
62|1.1|636136513081196033|0|49526.015625|5.02241276927|100.5639657091|-20609|-960047||49526.015625|127||12775|128.25|49526.015625|76aa61|JSA678|0|1949|2537.5|||3|3|1|1|1|132|50|["132,50,5"]|13:45:26:016
62|1.1|636136513131111024|0|49531.015625|5.0163134351|100.57082678949|-19844|-960726||49531.015625|129||13000|130.25|49531.015625|76aa61|JSA678|0|1949|2618.75|||3|3|1|1|1|132|50|["132,50,5"]|13:45:31:016
62|1.1|636136513181026015|0|49536|5.01025701621|100.57790244628|-19055|-961400||49536|131||13212.5|132.5|49536|76aa61|JSA678|0|1949|2637.5|||3|3|1|1|1|132|50|["132,50,5"]|13:45:36:000
62|1.1|636136513230951007|0|49541|5.00412549558|100.58506929804|-18256|-962083||49541|133||13425|134.5|49541|76aa61|JSA678|0|1949|2618.75|||3|3|1|1|1|132|50|["132,50,5"]|13:45:41:000
62|1.1|636136513280875999|0|49545.9765625|4.99805834787|100.59227906508|-17452|-962758||49545.9765625|135||13643.75|136.75|49545.9765625|76aa61|JSA678|0|1949|2600|||3|3|1|1|1|132|50|["132,50,5"]|13:45:45:977
62|1.1|636136513330790990|0|49550.9765625|4.99191073401|100.59952101858|-16645|-963442||49550.9765625|136.75||13837.5|138.5|49550.9765625|76aa61|JSA678|0|1949|2518.75|||3|3|1|1|1|132|50|["132,50,5"]|13:45:50:977
62|1.1|636136513380715982|0|49555.9765625|4.9857899422|100.6067737009|-15836|-964123||49555.9765625|138.75||14043.75|140.5|49555.9765625|76aa61|JSA678|0|1949|2481.25|||3|3|1|1|1|132|50|["132,50,5"]|13:45:55:977
62|1.1|636136513430640974|0|49560.9609375|4.97963159952|100.61388690856|-15043|-964808||49560.9609375|140.75||14243.75|142.5|49560.9609375|76aa61|JSA678|0|1949|2481.25|||3|3|1|1|1|132|50|["132,50,5"]|13:46:00:961
62|1.1|636136513480405950|0|49565.9609375|4.97346252802|100.62112349765|-14236|-965495||49565.9609375|142.75||14450|144.75|49565.9609375|76aa61|JSA678|0|1949|2481.25|||3|3|1|1|1|132|50|["132,50,5"]|13:46:05:961
62|1.1|636136513530330942|0|49570.9375|4.96728809211|100.62819379003|-13448|-966182||49570.9375|145||14668.75|147.25|49570.9375|76aa61|JSA678|0|1949|2556.25|||3|3|1|1|1|132|50|["132,50,5"]|13:46:10:938
62|1.1|636136513580405949|0|49575.9375|4.96114047825|100.63550011645|-12633|-966866||49575.9375|147||14887.5|149.25|49575.9375|76aa61|JSA678|0|1949|2600|||3|3|1|1|1|132|50|["132,50,5"]|13:46:15:938
62|1.1|636136513630330941|0|49580.9375|4.95489630501|100.64311757865|-11783|-967560||49580.9375|150.5||15087.5|151.25|49580.9375|76aa61|JSA678|0|1949|2418.75|||3|3|1|1|1|132|50|["132,50,5"]|13:46:20:938
62|1.1|636136513680095917|0|49585.921875|4.94878087761|100.65053655768|-10956|-968241||49585.921875|152||15262.5|152.5|49585.921875|76aa61|JSA678|0|1949|2162.5|||3|3|1|1|1|132|50|["132,50,5"]|13:46:25:922
62|1.1|636136513730170924|0|49590.921875|4.94257961965|100.65786434174|-10139|-968931||49590.921875|153.5||15418.75|154.25|49590.921875|76aa61|JSA678|0|1949|2006.25|||3|3|1|1|1|132|50|["132,50,5"]|13:46:30:922
62|1.1|636136513779935900|0|49595.8984375|4.93638909051|100.66515457493|-9326|-969620||49595.8984375|155||15568.75|155.5|49595.8984375|76aa61|JSA678|0|1949|1950|||3|3|1|1|1|132|50|["132,50,5"]|13:46:35:898
62|1.1|636136513829860892|0|49600.8984375|4.93016637491|100.67265938452|-8489|-970312||49600.8984375|156.5||15718.75|157.25|49600.8984375|76aa61|JSA678|0|1949|1931.25|||3|3|1|1|1|132|50|["132,50,5"]|13:46:40:898
62|1.1|636136513879805886|0|49605.8984375|4.92389537962|100.68003544827|-7666|-971010||49605.8984375|158.25||15862.5|159.25|49605.8984375|76aa61|JSA678|0|1949|1968.75|||3|3|1|1|1|132|50|["132,50,5"]|13:46:45:898
62|1.1|636136513929700875|0|49610.875|4.91767266402|100.6874544273|-6838|-971702||49610.875|159.75||16018.75|160.75|49610.875|76aa61|JSA678|0|1949|1987.5|||3|3|1|1|1|132|50|["132,50,5"]|13:46:50:875
62|1.1|636136513979625867|0|49615.875|4.91137484668|100.69470710962|-6029|-972403||49615.875|161.5||16181.25|162.5|49615.875|76aa61|JSA678|0|1949|2050|||3|3|1|1|1|132|50|["132,50,5"]|13:46:55:875
62|1.1|636136514029550859|0|49620.859375|4.90492682586|100.70168620703|-5251|-973120||49620.859375|163||16331.25|164.25|49620.859375|76aa61|JSA678|0|1949|2050|||3|3|1|1|1|132|50|["132,50,5"]|13:47:00:859
62|1.1|636136514079465850|0|49625.859375|4.8987255679|100.70872431295|-4466|-973810||49625.859375|163||16481.25|165.75|49625.859375|76aa61|JSA678|0|1949|2050|||3|3|1|1|1|132|50|["132,50,5"]|13:47:05:859
62|1.1|636136514129390842|0|49630.859375|4.89251358112|100.71575705446|-3681|-974501||49630.859375|163||16631.25|167.5|49630.859375|76aa61|JSA678|0|1949|2050|||3|3|1|1|1|132|50|[]|13:47:10:859
62|1.1|636136514179305833|0|49635.8359375|4.88632841639|100.72276297392|-2899|-975189||49635.8359375|163||16781.25|169.25|49635.8359375|76aa61|JSA678|0|1949|2050|||3|3|1|1|1|132|50|[]|13:47:15:836
