62|1.1|636136520943702205|0|50304.9375|13.66468112685|100.75384972987|552|-2339||50304.9375|5.75||375|2|50304.9375|76cccb|SQC7832|X|2462|1456.25|||3|3|3|1|1|132|5|[]|13:58:24:938
62|1.1|636136520981145949|0|50316|13.65756255478|100.75213311867|366|-3126||50316|5.75||243.75|4.5|50316|76cccb|SQC7832|X|2462|1456.25|||3|3|3|1|1|132|5|[]|13:58:36:000
62|1.1|636136521031070941|0|50321|13.65182800049|100.7506471771|205|-3761||50321|8||800|5.75|50321|76cccb|SQC7832|0|2462|1493.75|||3|3|1|1|1|132|5|["132,18,5,3795"]|13:58:41:000
62|1.1|636136521080985932|0|50325.9765625|13.64828748989|100.74971913417|105|-4153||50325.9765625|9.25||943.75|7.25|50325.9765625|76cccb|SQC7832|0|2462|1556.25|||3|3|1|1|1|132|5|["132,18,5,3795"]|13:58:45:977
62|1.1|636136521130920925|0|50330.9765625|13.64435001295|100.74865698099|-10|-4589||50330.9765625|10.75||1118.75|9.25|50330.9765625|76cccb|SQC7832|0|2462|1768.75|||3|3|1|1|1|132|5|["132,18,5,3795"]|13:58:50:977
62|1.1|636136521180835916|0|50335.9765625|13.64036425632|100.74759482781|-125|-5029||50335.9765625|12||1287.5|10.75|50335.9765625|76cccb|SQC7832|0|2462|1968.75|||3|3|1|1|1|132|5|["132,18,5,3795"]|13:58:55:977
62|1.1|636136521230760908|0|50340.9609375|13.63678619485|100.74658631873|-234|-5425||50340.9609375|13.5||1437.5|12.25|50340.9609375|76cccb|SQC7832|0|2462|1968.75|||3|3|1|1|1|132|5|["132,18,5,3795"]|13:59:00:961
62|1.1|636136521280675899|0|50345.9609375|13.63320276897|100.74556171642|-345|-5822||50345.9609375|14.75||1593.75|14.25|50345.9609375|76cccb|SQC7832|0|2462|1931.25|||3|3|1|1|1|132|18|["132,18,5,3795"]|13:59:05:961
62|1.1|636136521330600891|0|50350.9375|13.62893806302|100.74434935976|-476|-6293||50350.9375|17.25||1762.5|15.5|50350.9375|76cccb|SQC7832|0|2462|1931.25|||3|3|1|1|1|132|5|["132,18,5,3795"]|13:59:10:938
62|1.1|636136521380515882|0|50355.9375|13.62501667931|100.74327647776|-592|-6727||50355.9375|18.5||1912.5|17.25|50355.9375|76cccb|SQC7832|0|2462|1912.5|||3|3|1|1|1|132|5|["132,18,5,3795"]|13:59:15:938
62|1.1|636136521430440874|0|50360.9375|13.62110066001|100.74219823135|-709|-7161||50360.9375|20||2081.25|18.75|50360.9375|76cccb|SQC7832|0|2462|1912.5|||3|3|1|1|1|132|5|["132,18,5,3795"]|13:59:20:938
62|1.1|636136521480365866|0|50365.921875|13.61721146276|100.74111998494|-826|-7591||50365.921875|21.25||2237.5|20.25|50365.921875|76cccb|SQC7832|0|2462|1912.5|||3|3|1|1|1|132|5|["132,18,5,3795"]|13:59:25:922
62|1.1|636136521530280857|0|50370.921875|13.61326862141|100.74005246735|-941|-8027||50370.921875|23.75||2387.5|21.75|50370.921875|76cccb|SQC7832|0|2462|1850|||3|3|1|1|1|132|5|["132,18,5,3795"]|13:59:30:922
62|1.1|636136521580205849|0|50375.8984375|13.61014117038|100.73922634821|-1031|-8373||50375.8984375|25.25||2525|23.25|50375.8984375|76cccb|SQC7832|0|2462|1831.25|||3|3|1|1|1|132|5|["132,18,5,3795"]|13:59:35:898
62|1.1|636136521630130841|0|50380.8984375|13.60614468493|100.73816955944|-1145|-8815||50380.8984375|26.5||2700|25.25|50380.8984375|76cccb|SQC7832|0|2462|1868.75|||3|3|1|1|1|132|5|["132,18,5,3795"]|13:59:40:898
62|1.1|636136521680045832|0|50385.8984375|13.60240569116|100.73718787241|-1251|-9229||50385.8984375|28||2843.75|26.5|50385.8984375|76cccb|SQC7832|0|2462|1931.25|||3|3|1|1|1|132|5|["132,18,5,3795"]|13:59:45:898
62|1.1|636136521729970824|0|50390.875|13.59832873956|100.73615254128|-1363|-9680||50390.875|29.25||3012.5|28.25|50390.875|76cccb|SQC7832|0|2462|1931.25|||3|3|1|1|1|132|5|["132,18,5,3795"]|13:59:50:875
62|1.1|636136521779895816|0|50395.875|13.59426788119|100.73512257456|-1475|-10129||50395.875|30.25||3162.5|29.75|50395.875|76cccb|SQC7832|0|2462|1887.5|||3|3|1|1|1|132|18|["132,18,5,3795"]|13:59:55:875
62|1.1|636136521829660792|0|50400.859375|13.59060398916|100.7341247943|-1583|-10535||50400.859375|31.75||3287.5|31.25|50400.859375|76cccb|SQC7832|0|2462|1850|||3|3|1|1|1|132|18|["132,18,5,3795"]|14:00:00:859
62|1.1|636136521879605786|0|50405.859375|13.58645730023|100.73242427633|-1767|-10994||50405.859375|34.25||3443.75|32.5|50405.859375|76cccb|SQC7832|0|2462|1793.75|||3|3|1|1|1|132|5|["132,18,5,3795"]|14:00:05:859
62|1.1|636136521929500775|0|50410.859375|13.58301871342|100.73011221562|-2017|-11374||50410.859375|35||3537.5|33.25|50410.859375|76cccb|SQC7832|0|2462|1318.75|||3|3|1|1|1|132|5|["132,18,5,3795"]|14:00:10:859
62|1.1|636136521979425767|0|50415.8359375|13.5796820504|100.72713496807|-2339|-11743||50415.8359375|35.5||3600|33.5|50415.8359375|76cccb|SQC7832|0|2462|981.25|||3|3|1|1|1|132|5|["132,18,5,3795"]|14:00:15:836
62|1.1|636136522029350759|0|50420.8359375|13.57654923496|100.72375538977|-2705|-12089||50420.8359375|36.25||3668.75|34.75|50420.8359375|76cccb|SQC7832|0|2462|962.5|||3|3|1|1|1|132|5|["132,18,5,3795"]|14:00:20:836
62|1.1|636136522079265750|0|50425.8203125|13.57373291971|100.72055820141|-3051|-12401||50425.8203125|36.75||3750|35.5|50425.8203125|76cccb|SQC7832|0|2462|962.5|||3|3|1|1|1|132|18|["132,18,5,3795"]|14:00:25:820
62|1.1|636136522129200743|0|50430.8203125|13.57020850234|100.71723226721|-3411|-12791||50430.8203125|38||3837.5|36.5|50430.8203125|76cccb|SQC7832|0|2462|1043.75|||3|3|1|1|1|132|5|["132,18,5,3795"]|14:00:30:820
62|1.1|636136522179115734|0|50435.8203125|13.56651778826|100.71366493456|-3797|-13199||50435.8203125|38.5||3906.25|37.25|50435.8203125|76cccb|SQC7832|0|2462|1025|||3|3|1|1|1|132|18|["132,18,5,3795"]|14:00:35:820
62|1.1|636136522229050727|0|50440.796875|13.56217261616|100.70930903364|-4269|-13680||50440.796875|39.75||3981.25|37.75|50440.796875|76cccb|SQC7832|0|2462|906.25|||3|3|1|1|1|132|5|["132,18,5,3795"]|14:00:40:797
62|1.1|636136522278955717|0|50445.796875|13.55893787693|100.7060152859|-4625|-14038||50445.796875|40.5||4056.25|38.5|50445.796875|76cccb|SQC7832|0|2462|887.5|||3|3|1|1|1|132|5|["132,18,5,3795"]|14:00:45:797
62|1.1|636136522328890710|0|50450.78125|13.5550594085|100.70203489368|-5056|-14467||50450.78125|41.25||4137.5|39.25|50450.78125|76cccb|SQC7832|0|2462|925|||3|3|1|1|1|132|5|["132,18,5,3795"]|14:00:50:781
62|1.1|636136522378805701|0|50455.78125|13.55144916057|100.69827980668|-5463|-14866||50455.78125|42.25||4237.5|40.5|50455.78125|76cccb|SQC7832|0|2462|1006.25|||3|3|1|1|1|132|5|["132,18,5,3795"]|14:00:55:781
62|1.1|636136522428720692|0|50460.78125|13.54767798034|100.69444961794|-5878|-15283||50460.78125|43.75||4387.5|42.25|50460.78125|76cccb|SQC7832|0|2462|1537.5|||3|3|1|1|1|132|5|["132,18,5,3795"]|14:01:00:781
62|1.1|636136522478665686|0|50465.7578125|13.543525927|100.69015272553|-6343|-15742||50465.7578125|44.5||4543.75|43.75|50465.7578125|76cccb|SQC7832|0|2462|1693.75|||3|3|1|1|1|132|18|["132,18,5,3795"]|14:01:05:758
62|1.1|636136522528580677|0|50470.7578125|13.53972256031|100.68631717238|-6758|-16163||50470.7578125|45.5||4631.25|44.5|50470.7578125|76cccb|SQC7832|0|2462|1537.5|||3|3|1|1|1|132|18|["132,18,5,3795"]|14:01:10:758
62|1.1|636136522578485667|0|50475.7421875|13.53524864237|100.68168768655|-7259|-16658||50475.7421875|47||4706.25|45.25|50475.7421875|76cccb|SQC7832|0|2462|1218.75|||3|3|1|1|1|132|5|["132,18,5,3795"]|14:01:15:742
62|1.1|636136522628410659|0|50480.7421875|13.53134335189|100.67735324327|-7729|-17090||50480.7421875|48.25||4818.75|46.25|50480.7421875|76cccb|SQC7832|0|2462|1281.25|||3|3|1|1|1|132|5|["132,18,5,3795"]|14:01:20:742
62|1.1|636136522678325650|0|50485.7421875|13.52777065483|100.67250381663|-8254|-17485||50485.7421875|49.25||4937.5|47.5|50485.7421875|76cccb|SQC7832|0|2462|1375|||3|3|1|1|1|132|5|["132,18,5,3795"]|14:01:25:742
62|1.1|636136522728250642|0|50490.71875|13.5249650684|100.66708576253|-8840|-17796||50490.71875|50.5||5075|48.75|50490.71875|76cccb|SQC7832|0|2462|1437.5|||3|3|1|1|1|132|5|["132,18,5,3795"]|14:01:30:719
62|1.1|636136522778195636|0|50495.71875|13.52339329627|100.66039634326|-9564|-17969||50495.71875|51.5||5231.25|50.25|50495.71875|76cccb|SQC7832|0|2462|1475|||3|3|1|1|1|132|18|["132,18,5,3795"]|14:01:35:719
62|1.1|636136522828120628|0|50500.6953125|13.52323772838|100.65383566983|-10275|-17986||50500.6953125|52.5||5331.25|51.25|50500.6953125|76cccb|SQC7832|0|2462|1475|||3|3|1|1|1|132|18|["132,18,5,3795"]|14:01:40:695
62|1.1|636136522878015617|0|50505.6953125|13.52386536435|100.64606263974|-11116|-17916||50505.6953125|55.25||5512.5|53.25|50505.6953125|76cccb|SQC7832|0|2462|1675|||3|3|1|1|1|132|5|["132,18,5,3795"]|14:01:45:695
62|1.1|636136522927940609|0|50510.6953125|13.52439107653|100.63968435625|-11807|-17858||50510.6953125|57.25||5706.25|55.25|50510.6953125|76cccb|SQC7832|0|2462|1968.75|||3|3|1|1|1|132|5|["132,18,5,3795"]|14:01:50:695
62|1.1|636136522977855600|0|50515.6796875|13.52527620418|100.63268916561|-12564|-17759||50515.6796875|59||5925|57.5|50515.6796875|76cccb|SQC7832|0|2462|2262.5|||3|3|1|1|1|132|5|["132,18,5,3795"]|14:01:55:680
62|1.1|636136523027780592|0|50520.6796875|13.5268426119|100.62581199199|-13308|-17586||50520.6796875|60.75||6156.25|59.5|50520.6796875|76cccb|SQC7832|0|2462|2418.75|||3|3|1|1|1|132|5|["132,18,5,3795"]|14:02:00:680
62|1.1|636136523077705584|0|50525.65625|13.52891327416|100.61910111508|-14034|-17356||50525.65625|62.25||6375|61.75|50525.65625|76cccb|SQC7832|0|2462|2481.25|||3|3|1|1|1|132|18|["132,18,5,3795"]|14:02:05:656
62|1.1|636136523127650578|0|50530.65625|13.53136480953|100.61325927259|-14667|-17085||50530.65625|64.75||6593.75|64.25|50530.65625|76cccb|SQC7832|0|2462|2518.75|||3|3|1|1|1|132|18|["132,18,5,3795"]|14:02:10:656
62|1.1|636136523177545567|0|50535.65625|13.53446543851|100.60566326803|-15489|-16741||50535.65625|69||6906.25|66.75|50535.65625|76cccb|SQC7832|0|2462|2756.25|||3|3|1|1|1|132|5|["132,18,5,3795"]|14:02:15:656
62|1.1|636136523227470559|0|50540.640625|13.53689551624|100.60066900232|-16029|-16472||50540.640625|71||7100|69.25|50540.640625|76cccb|SQC7832|0|2462|2718.75|||3|3|1|1|1|132|5|["132,18,5,3795"]|14:02:20:641
62|1.1|636136523277385550|0|50545.640625|13.54029118777|100.59441410026|-16706|-16096||50545.640625|72.75||7325|71.25|50545.640625|76cccb|SQC7832|0|2462|2775|||3|3|1|1|1|132|5|["132,18,5,3795"]|14:02:25:641
62|1.1|636136523327310542|0|50550.6171875|13.54455052931|100.58922135138|-17268|-15624||50550.6171875|74.5||7512.5|73.5|50550.6171875|76cccb|SQC7832|0|2462|2737.5|||3|3|1|1|1|132|5|["132,18,5,3795"]|14:02:30:617
62|1.1|636136523377235534|0|50555.6171875|13.5493731339|100.58444702648|-17784|-15090||50555.6171875|76.25||7737.5|75.5|50555.6171875|76cccb|SQC7832|0|2462|2637.5|||3|3|1|1|1|132|18|["132,18,5,3795"]|14:02:35:617
62|1.1|636136523427160526|0|50560.6171875|13.55519351875|100.57987654916|-18278|-14446||50560.6171875|78.5||7993.75|77.75|50560.6171875|76cccb|SQC7832|0|2462|2675|||3|3|1|1|1|132|18|["132,18,5,3795"]|14:02:40:617
62|1.1|636136523477095519|0|50565.6015625|13.56243547225|100.57665253875|-18627|-13645||50565.6015625|82.25||8250|80.5|50565.6015625|76cccb|SQC7832|0|2462|2812.5|||3|3|1|1|1|132|5|["132,18,5,3795"]|14:02:45:602
62|1.1|636136523527010510|0|50570.6015625|13.56853480642|100.57409907959|-18903|-12970||50570.6015625|84||8437.5|82.25|50570.6015625|76cccb|SQC7832|0|2462|2381.25|||3|3|1|1|1|132|5|["132,18,5,3795"]|14:02:50:602
62|1.1|636136523576925501|0|50575.578125|13.57493991196|100.57257558715|-19067|-12261||50575.578125|85.75||8625|84.25|50575.578125|76cccb|SQC7832|0|2462|2206.25|||3|3|1|1|1|132|5|["132,18,5,3795"]|14:02:55:578
62|1.1|636136523626840492|0|50580.578125|13.58229451807|100.57155634925|-19177|-11447||50580.578125|87||8825|86.25|50580.578125|76cccb|SQC7832|0|2462|2262.5|||3|3|1|1|1|132|18|["132,18,5,3795"]|14:03:00:578
62|1.1|636136523676765484|0|50585.578125|13.58904294585|100.57203914615|-19124|-10700||50585.578125|88.5||8956.25|87.5|50585.578125|76cccb|SQC7832|0|2462|2087.5|||3|3|1|1|1|132|18|["132,18,5,3795"]|14:03:05:578
62|1.1|636136523726680475|0|50590.5625|13.59655311985|100.57184066298|-19145|-9870||50590.5625|89.75||9112.5|89.25|50590.5625|76cccb|SQC7832|0|2462|2006.25|||3|3|1|1|1|132|18|["132,18,5,3795"]|14:03:10:563
62|1.1|636136523776605467|0|50595.5625|13.60441734491|100.57202841733|-19124|-8999||50595.5625|91.25||9237.5|90.5|50595.5625|76cccb|SQC7832|0|2462|1912.5|||3|3|1|1|1|132|18|["132,18,5,3795"]|14:03:15:563
62|1.1|636136523826530459|0|50600.5390625|13.61175585779|100.57274724827|-19046|-8188||50600.5390625|93.5||9350|91.5|50600.5390625|76cccb|SQC7832|0|2462|1693.75|||3|3|1|1|1|132|5|["132,18,5,3795"]|14:03:20:539
62|1.1|636136523876455451|0|50605.5390625|13.61958253198|100.57309057051|-19008|-7322||50605.5390625|94.5||9468.75|92.75|50605.5390625|76cccb|SQC7832|0|2462|1593.75|||3|3|1|1|1|132|5|["132,18,5,3795"]|14:03:25:539
62|1.1|636136523926370442|0|50610.5390625|13.62738238412|100.57349290126|-18964|-6459||50610.5390625|95.75||9600|94.25|50610.5390625|76cccb|SQC7832|0|2462|1593.75|||3|3|1|1|1|132|5|["132,18,5,3795"]|14:03:30:539
62|1.1|636136523976295434|0|50615.515625|13.63432929507|100.57382013027|-18928|-5690||50615.515625|96.75||9712.5|95.25|50615.515625|76cccb|SQC7832|0|2462|1518.75|||3|3|1|1|1|132|5|["132,18,5,3795"]|14:03:35:516
62|1.1|636136524026220426|0|50620.515625|13.64160879944|100.57420636779|-18885|-4885||50620.515625|97.5||9818.75|96.25|50620.515625|76cccb|SQC7832|0|2462|1475|||3|3|1|1|1|132|18|["132,18,5,3795"]|14:03:40:516
62|1.1|636136524076135417|0|50625.5|13.64986462643|100.57456578326|-18846|-3971||50625.5|98.75||9950|97.5|50625.5|76cccb|SQC7832|0|2462|1456.25|||3|3|1|1|1|132|18|["132,18,5,3795"]|14:03:45:500
62|1.1|636136524126060409|0|50630.5|13.65753573273|100.57499493606|-18799|-3123||50630.5|99.75||10050|98.5|50630.5|76cccb|SQC7832|0|2462|1418.75|||3|3|1|1|1|132|18|["132,18,5,3795"]|14:03:50:500
62|1.1|636136524175985401|0|50635.5|13.665298034|100.57545627532|-18748|-2264||50635.5|101||10131.25|99.5|50635.5|76cccb|SQC7832|0|2462|1356.25|||3|3|1|1|1|132|18|["132,18,5,3795"]|14:03:55:500
62|1.1|636136524225910393|0|50640.4765625|13.6733982931|100.57652379291|-18632|-1368||50640.4765625|101.75||10206.25|100.25|50640.4765625|76cccb|SQC7832|0|2462|1281.25|||3|3|1|1|1|132|18|["132,18,5,3795"]|14:04:00:477
62|1.1|636136524275825384|0|50645.4765625|13.68132689108|100.57727481031|-18550|-491||50645.4765625|102.5||10300|101.25|50645.4765625|76cccb|SQC7832|0|2462|1200|||3|3|1|1|1|132|18|["132,18,5,3795"]|14:04:05:477
62|1.1|636136524328860687|0|50650.78125|13.6906180492|100.58565401873|-17643|536||50650.78125|103.75||10400|102.25|50650.78125|76cccb|SQC7832|0|2462|1100|||3|3|1|1|1|132|5|["132,18,5,3795"]|14:04:10:781
62|1.1|636136524378785679|0|50655.78125|13.69810676556|100.59110425929|-17053|1365||50655.78125|104.75||10512.5|103.25|50655.78125|76cccb|SQC7832|0|2462|1125|||3|3|1|1|1|132|5|["132,18,5,3795"]|14:04:15:781
62|1.1|636136524428720672|0|50660.7578125|13.70466743899|100.59784195825|-16324|2090||50660.7578125|106.5||10650|104.5|50660.7578125|76cccb|SQC7832|0|2462|1337.5|||3|3|1|1|1|132|5|["132,18,5,3795"]|14:04:20:758
62|1.1|636136524478625662|0|50665.7578125|13.7104663662|100.60456356398|-15596|2731||50665.7578125|107.25||10775|105.75|50665.7578125|76cccb|SQC7832|0|2462|1475|||3|3|1|1|1|132|18|["132,18,5,3795"]|14:04:25:758
62|1.1|636136524528550654|0|50670.7421875|13.71519241141|100.61234732289|-14754|3253||50670.7421875|109||10893.75|107.75|50670.7421875|76cccb|SQC7832|0|2462|1793.75|||3|3|1|1|1|132|18|["132,18,5,3795"]|14:04:30:742
62|1.1|636136524578465645|0|50675.7421875|13.71920499009|100.62042075994|-13880|3697||50675.7421875|111||11218.75|110.25|50675.7421875|76cccb|SQC7832|0|2462|2187.5|||3|3|1|1|1|132|18|["132,18,5,3795"]|14:04:35:742
62|1.1|636136524628390637|0|50680.7421875|13.72322293318|100.62842445966|-13014|4141||50680.7421875|113.25||11437.5|112.5|50680.7421875|76cccb|SQC7832|0|2462|2343.75|||3|3|1|1|1|132|18|["132,18,5,3795"]|14:04:40:742
62|1.1|636136524678315629|0|50685.71875|13.72729452037|100.63567177757|-12230|4591||50685.71875|115.25||11618.75|114.25|50685.71875|76cccb|SQC7832|0|2462|2281.25|||3|3|1|1|1|132|18|["132,18,5,3795"]|14:04:45:719
62|1.1|636136524728240621|0|50690.71875|13.73147876017|100.64319268039|-11417|5054||50690.71875|117||11793.75|116.25|50690.71875|76cccb|SQC7832|0|2462|2243.75|||3|3|1|1|1|132|18|["132,18,5,3795"]|14:04:50:719
62|1.1|636136524778155612|0|50695.6953125|13.7362691783|100.65173282111|-10493|5583||50695.6953125|119||12031.25|118.25|50695.6953125|76cccb|SQC7832|0|2462|2325|||3|3|1|1|1|132|18|["132,18,5,3795"]|14:04:55:695
62|1.1|636136524828080604|0|50700.6953125|13.74154239333|100.66129756414|-9458|6166||50700.6953125|122.75||12281.25|120.5|50700.6953125|76cccb|SQC7832|0|2462|2418.75|||3|3|1|1|1|132|5|["132,18,5,3795","132,114,4"]|14:05:00:695
62|1.1|636136524877995595|0|50705.6953125|13.74483614107|100.66770266968|-8766|6530||50705.6953125|124.5||12450|122.5|50705.6953125|76cccb|SQC7832|0|2462|2418.75|||3|3|1|1|1|132|5|["132,18,5,3795","132,114,4"]|14:05:05:695
62|1.1|636136524927920587|0|50710.6796875|13.7492510505|100.67628036127|-7838|7019||50710.6796875|126.25||12675|124.75|50710.6796875|76cccb|SQC7832|0|2462|2556.25|||3|3|1|1|1|132|5|["132,18,5,3795","132,114,4"]|14:05:10:680
62|1.1|636136524977845579|0|50715.6796875|13.75396100248|100.68489023932|-6906|7539||50715.6796875|127.5||12900|127.25|50715.6796875|76cccb|SQC7832|0|2462|2600|||3|3|1|1|1|132|18|["132,18,5,3795","132,114,4"]|14:05:15:680
62|1.1|636136525027760570|0|50720.65625|13.75904646316|100.6930334137|-6025|8102||50720.65625|129.5||13106.25|129.25|50720.65625|76cccb|SQC7832|0|2462|2556.25|||3|3|1|1|1|132|18|["132,18,5,3795","132,114,4"]|14:05:20:656
62|1.1|636136525077685562|0|50725.65625|13.76468445807|100.69951362098|-5324|8725||50725.65625|131.5||13250|130.5|50725.65625|76cccb|SQC7832|0|2462|2281.25|||3|3|1|1|1|132|18|["132,18,5,3795","132,114,4"]|14:05:25:656
62|1.1|636136525127610554|0|50730.65625|13.77326751407|100.70620840466|-4600|9675||50730.65625|135.25||13531.25|133.5|50730.65625|76cccb|SQC7832|0|2462|2775|||3|3|1|1|1|132|5|["132,18,5,3795"]|14:05:30:656
62|1.1|636136525177525545|0|50735.640625|13.77994084011|100.7122916456|-3942|10413||50735.640625|137.25||13737.5|135.25|50735.640625|76cccb|SQC7832|0|2462|2537.5|||3|3|1|1|1|132|5|["132,18,5,3795"]|14:05:35:641
62|1.1|636136525227450537|0|50740.640625|13.78718815802|100.71823004747|-3300|11215||50740.640625|139.25||13975|137.75|50740.640625|76cccb|SQC7832|0|2462|2637.5|||3|3|1|1|1|132|5|["132,18,5,3795"]|14:05:40:641
62|1.1|636136525277375529|0|50745.6171875|13.79488072196|100.72396460176|-2680|12066||50745.6171875|141.5||14237.5|140.5|50745.6171875|76cccb|SQC7832|0|2462|2893.75|||3|3|1|1|1|132|5|["132,18,5,3795"]|14:05:45:617
62|1.1|636136525327300521|0|50750.6171875|13.80250891298|100.728599452|-2179|12910||50750.6171875|143||14437.5|142.25|50750.6171875|76cccb|SQC7832|0|2462|2462.5|||3|3|1|1|1|132|18|["132,18,5,3795"]|14:05:50:617
62|1.1|636136525377215512|0|50755.6171875|13.81116170631|100.73322357342|-1679|13867||50755.6171875|145||14675|144.25|50755.6171875|76cccb|SQC7832|0|2462|2537.5|||3|3|1|1|1|132|18|["132,18,5,3795"]|14:05:55:617
62|1.1|636136525427160506|0|50760.6015625|13.81953018591|100.73644758383|-1330|14793||50760.6015625|147.25||14862.5|146.5|50760.6015625|76cccb|SQC7832|0|2462|2500|||3|3|1|1|1|132|114|["132,18,5,3795","132,114,4"]|14:06:00:602
62|1.1|636136525477065496|0|50765.6015625|13.82914320863|100.74051917102|-890|15857||50765.6015625|151||15112.5|149.25|50765.6015625|76cccb|SQC7832|0|2462|2693.75|||3|3|1|1|1|132|5|["132,18,5,3795"]|14:06:05:602
62|1.1|636136525526980487|0|50770.578125|13.83840218029|100.74438691063|-471|16881||50770.578125|152.75||15350|151.5|50770.578125|76cccb|SQC7832|0|2462|2856.25|||3|3|1|1|1|132|114|["132,18,5,3795","132,114,5,603"]|14:06:10:578
62|1.1|636136525576905479|0|50775.578125|13.8464541597|100.74785231949|-97|17772||50775.578125|154.75||15531.25|153.75|50775.578125|76cccb|SQC7832|0|2462|2756.25|||3|3|1|1|1|132|114|["132,18,5,3795","132,114,5,603"]|14:06:15:578
62|1.1|636136525626820470|0|50780.578125|13.85515523272|100.75175224556|325|18734||50780.578125|156.75||15750|155.5|50780.578125|76cccb|SQC7832|0|2462|2537.5|||3|3|1|1|1|132|114|["132,18,5,3795","132,114,5,603"]|14:06:20:578
62|1.1|636136525676745462|0|50785.5625|13.86361490729|100.755421502|721|19671||50785.5625|159||15912.5|157.5|50785.5625|76cccb|SQC7832|0|2462|2400|||3|3|1|1|1|132|114|["132,18,5,3795","132,114,5,603"]|14:06:25:563
62|1.1|636136525726670454|0|50790.5625|13.87218723447|100.75908002962|1117|20619||50790.5625|161||16112.5|159.25|50790.5625|76cccb|SQC7832|0|2462|2325|||3|3|1|1|1|132|114|["132,18,5,3795","132,114,5,603"]|14:06:30:563
62|1.1|636136525776595446|0|50795.5390625|13.88178416396|100.76311943035|1553|21681||50795.5390625|163||16331.25|161.5|50795.5390625|76cccb|SQC7832|0|2462|2418.75|||3|3|1|1|1|132|114|["132,18,5,3795","132,114,5,603"]|14:06:35:539
62|1.1|636136525826520438|0|50800.5390625|13.89034576232|100.76677795797|1949|22628||50800.5390625|164.25||16537.5|163.5|50800.5390625|76cccb|SQC7832|0|2462|2418.75|||3|3|1|1|1|132|18|["132,18,5,3795","132,114,5,603"]|14:06:40:539
62|1.1|636136525876445430|0|50805.5390625|13.89942234404|100.77059205348|2361|23632||50805.5390625|167.5||16768.75|165.75|50805.5390625|76cccb|SQC7832|0|2462|2518.75|||3|3|1|1|1|132|114|["132,18,5,3795","132,114,5,603"]|14:06:45:539
62|1.1|636136525926360421|0|50810.515625|13.9080912306|100.77427740315|2759|24591||50810.515625|169.75||16981.25|167.75|50810.515625|76cccb|SQC7832|0|2462|2537.5|||3|3|1|1|1|132|114|["132,18,5,3795","132,114,5,603"]|14:06:50:516
62|1.1|636136525976285413|0|50815.515625|13.9171034394|100.77811832071|3174|25589||50815.515625|172||17212.5|170.25|50815.515625|76cccb|SQC7832|0|2462|2656.25|||3|3|1|1|1|132|114|["132,18,5,3795","132,114,5,603"]|14:06:55:516
62|1.1|636136526026200404|0|50820.5|13.92679156386|100.78210407734|3605|26660||50820.5|173||17468.75|172.5|50820.5|76cccb|SQC7832|0|2462|2756.25|||3|3|1|1|1|132|18|["132,18,5,3795","132,114,5,603"]|14:07:00:500
62|1.1|636136526076125396|0|50825.5|13.9370054005|100.7864277918|4072|27791||50825.5|176.5||17675|174.75|50825.5|76cccb|SQC7832|0|2462|2618.75|||3|3|1|1|1|132|5|["132,18,5,3795","132,114,5,603"]|14:07:05:500
62|1.1|636136526126060389|0|50830.5|13.94550262594|100.79014532793|4473|28731||50830.5|178.25||17850|176.5|50830.5|76cccb|SQC7832|0|2462|2325|||3|3|1|1|1|132|5|["132,18,5,3795","132,114,5,603"]|14:07:10:500
62|1.1|636136526175965379|0|50835.4765625|13.95389256318|100.79379849114|4868|29659||50835.4765625|180||18031.25|178.25|50835.4765625|76cccb|SQC7832|0|2462|2162.5|||3|3|1|1|1|132|114|["132,18,5,3795","132,114,5,603"]|14:07:15:477
62|1.1|636136526225890371|0|50840.4765625|13.96355386559|100.79784325628|5305|30728||50840.4765625|181.75||18225|180.25|50840.4765625|76cccb|SQC7832|0|2462|2262.5|||3|3|1|1|1|132|114|["132,18,5,3795","132,114,5,603"]|14:07:20:477
62|1.1|636136526275815363|0|50845.4609375|13.97228712507|100.80162516533|5713|31694||50845.4609375|183.75||18400|182.25|50845.4609375|76cccb|SQC7832|0|2462|2243.75|||3|3|1|1|1|132|114|["132,18,5,3795","132,114,5,603"]|14:07:25:461
62|1.1|636136526325750356|0|50850.4609375|13.98143344412|100.80548754053|6130|32706||50850.4609375|185.75||18593.75|184.25|50850.4609375|76cccb|SQC7832|0|2462|2306.25|||3|3|1|1|1|132|114|["132,18,5,3795","132,114,5,603"]|14:07:30:461
62|1.1|636136526375705351|0|50855.4609375|13.99129859411|100.80965032269|6580|33798||50855.4609375|187.75||18806.25|186.25|50855.4609375|76cccb|SQC7832|0|2462|2381.25|||3|3|1|1|1|132|114|["132,18,5,3795","132,114,5,603","132,178,4"]|14:07:35:461
62|1.1|636136526425580338|0|50860.4375|13.99984946365|100.81342686733|6988|34745||50860.4375|189.5||18981.25|188.25|50860.4375|76cccb|SQC7832|0|2462|2325|||3|3|1|1|1|132|114|["132,18,5,3795","132,114,5,603","132,178,4"]|14:07:40:438
62|1.1|636136526475495329|0|50865.4375|14.00917280823|100.81737507309|7414|35776||50865.4375|190.5||19175|190.25|50865.4375|76cccb|SQC7832|0|2462|2362.5|||3|3|1|1|1|132|178|["132,18,5,3795","132,114,5,603","132,178,4"]|14:07:45:438
62|1.1|636136526525420321|0|50870.421875|14.01873755126|100.82134473649|7842|36834||50870.421875|193.5||19375|192.25|50870.421875|76cccb|SQC7832|0|2462|2400|||3|3|1|1|1|132|114|["132,18,5,3795","132,114,5,603","132,178,4"]|14:07:50:422
62|1.1|636136526575345313|0|50875.421875|14.02872071827|100.82546460337|8287|37939||50875.421875|195.5||19581.25|194.25|50875.421875|76cccb|SQC7832|0|2462|2418.75|||3|3|1|1|1|132|114|["132,18,5,3795","132,114,5,603","132,178,5,1954"]|14:07:55:422
62|1.1|636136526625260304|0|50880.421875|14.03896137696|100.82994925013|8771|39072||50880.421875|197.25||19756.25|196.25|50880.421875|76cccb|SQC7832|0|2462|2343.75|||3|3|1|1|1|132|114|["132,18,5,3795","132,114,5,603","132,178,5,1954"]|14:08:00:422
62|1.1|636136526675185296|0|50885.3984375|14.0485314844|100.83440171043|9252|40131||50885.3984375|199||19925|197.75|50885.3984375|76cccb|SQC7832|0|2462|2262.5|||3|3|1|1|1|132|114|["132,18,5,3795","132,114,5,603","132,178,5,1954"]|14:08:05:398
62|1.1|636136526725120289|0|50890.3984375|14.05798357482|100.8389990098|9748|41177||50890.3984375|201||20106.25|199.5|50890.3984375|76cccb|SQC7832|0|2462|2206.25|||3|3|1|1|1|132|114|["132,18,5,3795","132,114,5,603","132,178,5,1954"]|14:08:10:398
62|1.1|636136526775035280|0|50895.375|14.06747321611|100.84325835134|10207|42227||50895.375|202.75||20300|201.25|50895.375|76cccb|SQC7832|0|2462|2206.25|||3|3|1|1|1|132|114|["132,18,5,3795","132,114,5,603","132,178,5,1954"]|14:08:15:375
62|1.1|636136526824960272|0|50900.375|14.07672682336|100.84754451493|10670|43251||50900.375|204.25||20456.25|203.25|50900.375|76cccb|SQC7832|0|2462|2143.75|||3|3|1|1|1|132|114|["132,18,5,3795","132,114,5,603","132,178,5,1954"]|14:08:20:375
62|1.1|636136526874875263|0|50905.375|14.08617891378|100.85158928007|11106|44297||50905.375|206||20643.75|204.5|50905.375|76cccb|SQC7832|0|2462|2068.75|||3|3|1|1|1|132|114|["132,18,5,3795","132,114,5,603","132,178,5,1954"]|14:08:25:375
62|1.1|636136526924800255|0|50910.359375|14.09550762277|100.85543019763|11520|45330||50910.359375|207.75||20818.75|206.25|50910.359375|76cccb|SQC7832|0|2462|1987.5|||3|3|1|1|1|132|114|["132,18,5,3795","132,114,5,603","132,178,5,1954"]|14:08:30:359
62|1.1|636136526974725247|0|50915.359375|14.10489534027|100.85944814072|11954|46368||50915.359375|209.5||20968.75|207.75|50915.359375|76cccb|SQC7832|0|2462|2006.25|||3|3|1|1|1|132|114|["132,18,5,3795","132,114,5,603","132,178,5,1954"]|14:08:35:359
62|1.1|636136527024640238|0|50920.3359375|14.11433133746|100.86349290586|12390|47413||50920.3359375|211.5||21143.75|209.5|50920.3359375|76cccb|SQC7832|0|2462|2068.75|||3|3|1|1|1|132|5|["132,18,5,3795","132,114,5,603","132,178,5,1954"]|14:08:40:336
62|1.1|636136527074555229|0|50925.3359375|14.12387998726|100.86741965398|12814|48470||50925.3359375|212.75||21287.5|211.25|50925.3359375|76cccb|SQC7832|0|2462|2050|||3|3|1|1|1|132|114|["132,18,5,3795","132,114,5,603","132,178,5,1954"]|14:08:45:336
62|1.1|636136527124480221|0|50930.3359375|14.13337499296|100.87159316496|13264|49520||50930.3359375|214.5||21475|212.75|50930.3359375|76cccb|SQC7832|0|2462|1931.25|||3|3|1|1|1|132|114|["132,18,5,3795","132,114,5,603","132,178,5,1954"]|14:08:50:336
62|1.1|636136527174405213|0|50935.3203125|14.14282708338|100.87566475215|13703|50566||50935.3203125|216.25||21625|214.5|50935.3203125|76cccb|SQC7832|0|2462|2025|||3|3|1|1|1|132|114|["132,18,5,3795","132,114,5,603","132,178,5,1954"]|14:08:55:320
62|1.1|636136527224320204|0|50940.3203125|14.15235427554|100.87978461903|14147|51621||50940.3203125|218||21781.25|216.25|50940.3203125|76cccb|SQC7832|0|2462|2050|||3|3|1|1|1|132|114|["132,18,5,3795","132,114,5,603","132,178,5,1954"]|14:09:00:320
62|1.1|636136527274245196|0|50945.296875|14.16185464565|100.88393667237|14595|52672||50945.296875|219.75||21943.75|218.25|50945.296875|76cccb|SQC7832|0|2462|2125|||3|3|1|1|1|132|114|["132,18,5,3795","132,114,5,603","132,178,5,1954"]|14:09:05:297
62|1.1|636136527324170188|0|50950.296875|14.17140329545|100.88810481894|15044|53729||50950.296875|221.5||22106.25|219.5|50950.296875|76cccb|SQC7832|0|2462|1712.5|||3|3|1|1|1|132|114|["132,18,5,3795","132,114,5,603","132,178,5,1954"]|14:09:10:297
62|1.1|636136527374085179|0|50955.296875|14.18091439438|100.89232660961|15499|54781||50955.296875|222.75||22262.5|221.25|50955.296875|76cccb|SQC7832|0|2462|1693.75|||3|3|1|1|1|132|114|["132,18,5,3795","132,114,5,603","132,178,5,1954"]|14:09:15:297
62|1.1|636136527424010171|0|50960.28125|14.19051132387|100.89647866295|15947|55843||50960.28125|224.25||22412.5|222.5|50960.28125|76cccb|SQC7832|0|2462|1750|||3|3|1|1|1|132|114|["132,18,5,3795","132,114,5,603","132,178,5,1954"]|14:09:20:281
62|1.1|636136527473945164|0|50965.28125|14.20016189746|100.90060389424|16391|56911||50965.28125|225.75||22600|224.25|50965.28125|76cccb|SQC7832|0|2462|1793.75|||3|3|1|1|1|132|178|["132,18,5,3795","132,114,5,603","132,178,5,1954"]|14:09:25:281
62|1.1|636136527523850154|0|50970.2578125|14.20974273372|100.90488469342|16853|57972||50970.2578125|227.5||22743.75|225.5|50970.2578125|76cccb|SQC7832|0|2462|1831.25|||3|3|1|1|1|132|178|["132,18,5,3795","132,114,5,603","132,178,5,1954"]|14:09:30:258
62|1.1|636136527573775146|0|50975.2578125|14.21943085818|100.90915476378|17313|59044||50975.2578125|229.25||22900|227.5|50975.2578125|76cccb|SQC7832|0|2462|1968.75|||3|3|1|1|1|132|178|["132,18,5,3795","132,114,5,603","132,178,5,1954"]|14:09:35:258
62|1.1|636136527623710139|0|50980.2578125|14.22864691456|100.91346774942|17778|60064||50980.2578125|230.75||23118.75|229.25|50980.2578125|76cccb|SQC7832|0|2462|2006.25|||3|3|1|1|1|132|178|["132,18,5,3795","132,114,5,603","132,178,5,1954"]|14:09:40:258
62|1.1|636136527673615129|0|50985.2421875|14.23814192026|100.91776464183|18241|61115||50985.2421875|232.25||23275|230.75|50985.2421875|76cccb|SQC7832|0|2462|1987.5|||3|3|1|1|1|132|178|["132,18,5,3795","132,114,5,603","132,178,5,1954"]|14:09:45:242
62|1.1|636136527723550122|0|50990.2421875|14.24675179831|100.92176649169|18672|62068||50990.2421875|233.75||23418.75|232.25|50990.2421875|76cccb|SQC7832|0|2462|1931.25|||3|3|1|1|1|132|178|["132,18,5,3795","132,114,5,603","132,178,5,1954"]|14:09:50:242
62|1.1|636136527773465113|0|50995.21875|14.25606441407|100.92597755354|19126|63099||50995.21875|235.5||23575|233.75|50995.21875|76cccb|SQC7832|0|2462|1887.5|||3|3|1|1|1|132|178|["132,18,5,3795","132,114,5,603","132,178,5,1954"]|14:09:55:219
62|1.1|636136527823380104|0|51000.21875|14.26637481009|100.9304622003|19609|64240||51000.21875|237||23743.75|235.5|51000.21875|76cccb|SQC7832|0|2462|1931.25|||3|3|1|1|1|132|178|["132,18,5,3795","132,114,5,603","132,178,5,1954"]|14:10:00:219
62|1.1|636136527873325098|0|51005.21875|14.27613267188|100.93465180451|20060|65320||51005.21875|237.75||23918.75|237.25|51005.21875|76cccb|SQC7832|0|2462|1931.25|||3|3|1|1|1|132|18|["132,18,5,3795","132,114,5,603","132,178,5,1954"]|14:10:05:219
62|1.1|636136527923250090|0|51010.1953125|14.28524680447|100.93862683232|20488|66328||51010.1953125|239.5||24037.5|238.5|51010.1953125|76cccb|SQC7832|0|2462|1868.75|||3|3|1|1|1|132|18|["132,18,5,3795","132,114,5,603","132,178,5,1954"]|14:10:10:195
62|1.1|636136527973155080|0|51015.1953125|14.2962062941|100.94299882647|20959|67542||51015.1953125|242||24218.75|240.25|51015.1953125|76cccb|SQC7832|0|2462|1912.5|||3|3|1|1|1|132|178|["132,18,5,3795","132,114,5,603","132,178,5,1954"]|14:10:15:195
62|1.1|636136528023070071|0|51020.1796875|14.30616263906|100.9471455154|21405|68644||51020.1796875|242.75||24381.25|241.75|51020.1796875|76cccb|SQC7832|0|2462|1950|||3|3|1|1|1|132|18|["132,18,5,3795","132,114,5,603","132,178,5,1954"]|14:10:20:180
62|1.1|636136528072995063|0|51025.1796875|14.31565228035|100.95109908557|21831|69694||51025.1796875|245||24537.5|243.5|51025.1796875|76cccb|SQC7832|0|2462|1931.25|||3|3|1|1|1|132|5|["132,18,5,3795","132,114,5,603","132,178,5,1954"]|14:10:25:180
62|1.1|636136528122920055|0|51030.1796875|14.32562471854|100.95520822363|22274|70798||51030.1796875|245.75||24700|245.25|51030.1796875|76cccb|SQC7832|0|2462|1912.5|||3|3|1|1|1|132|18|["132,18,5,3795","132,114,5,603","132,178,5,1954"]|14:10:30:180
62|1.1|636136528172835046|0|51035.15625|14.33540940238|100.95927981082|22712|71881||51035.15625|247||24793.75|246.25|51035.15625|76cccb|SQC7832|0|2462|1556.25|||3|3|1|1|1|132|18|["132,18,5,3795","132,114,5,603","132,178,5,1954"]|14:10:35:156
62|1.1|636136528222760038|0|51040.15625|14.34536574734|100.96342113534|23157|72983||51040.15625|248||24906.25|246.5|51040.15625|76cccb|SQC7832|0|2462|1200|||3|3|1|1|1|132|18|["132,18,5,3795","132,114,5,603","132,178,5,1954"]|14:10:40:156
62|1.1|636136528272685030|0|51045.140625|14.35636815225|100.96776094303|23625|74200||51045.140625|249.25||25031.25|248.25|51045.140625|76cccb|SQC7832|0|2462|1356.25|||3|3|1|1|1|132|18|["132,18,5,3795","132,114,5,603","132,178,5,1954"]|14:10:45:141
62|1.1|636136528322610022|0|51050.140625|14.36684484498|100.97195591165|24076|75360||51050.140625|250.5||25162.5|249.25|51050.140625|76cccb|SQC7832|0|2462|1418.75|||3|3|1|1|1|132|18|["132,18,5,3795","132,114,5,603","132,178,5,1954"]|14:10:50:141
62|1.1|636136528372545015|0|51055.140625|14.37621110484|100.97602749884|24514|76397||51055.140625|252.25||25250|250.5|51055.140625|76cccb|SQC7832|0|2462|1418.75|||3|3|1|1|1|132|5|["132,18,5,3795","132,114,5,603","132,178,5,1954"]|14:10:55:141
62|1.1|636136528422460006|0|51060.1171875|14.38721887416|100.98052287442|24998|77615||51060.1171875|253.5||25387.5|251.75|51060.1171875|76cccb|SQC7832|0|2462|1456.25|||3|3|1|1|1|132|5|["132,18,5,3795","132,114,5,603","132,178,5,1954"]|14:11:00:117
62|1.1|636136528472364996|0|51065.1171875|14.39761510074|100.98471784304|25449|78766||51065.1171875|254.5||25518.75|253.25|51065.1171875|76cccb|SQC7832|0|2462|1537.5|||3|3|1|1|1|132|18|["132,18,5,3795","132,114,5,603","132,178,5,1954"]|14:11:05:117
