62|1.1|636136510338621803|0|49251.78125|5.3706327156|98.53087041233|-247141|-920538||49251.78125|400||39887.5|400|49251.78125|76ce62|SIA528|0|2533|0|||3|3|0|1|1|132|50|["132,66,5","132,50,5"]|13:40:51:781
62|1.1|636136510388536794|0|49256.7578125|5.37833600836|98.52368210293|-247937|-919676||49256.7578125|400||39931.25|400|49256.7578125|76ce62|SIA528|0|2533|0|||3|3|0|1|1|132|51|["132,66,5","132,50,5"]|13:40:56:758
62|1.1|636136510438471787|0|49261.7578125|5.38574425857|98.51694440397|-248682|-918847||49261.7578125|400||39956.25|400|49261.7578125|76ce62|SIA528|0|2533|0|||3|3|0|1|1|132|50|["132,66,5","132,50,5"]|13:41:01:758
62|1.1|636136510488386778|0|49266.7421875|5.39374259388|98.50983656072|-249469|-917952||49266.7421875|400||39981.25|400|49266.7421875|76ce62|SIA528|0|2533|0|||3|3|0|1|1|132|50|["132,66,5","132,50,5"]|13:41:06:742
62|1.1|636136510538311770|0|49271.7421875|5.40248121777|98.50301839561|-250222|-916976||49271.7421875|400||39987.5|400|49271.7421875|76ce62|SIA528|0|2533|0|||3|3|0|1|1|132|50|["132,66,5","132,50,5"]|13:41:11:742
62|1.1|636136510588226761|0|49276.7421875|5.41104281613|98.49607684907|-250989|-916018||49276.7421875|400||39987.5|400|49276.7421875|76ce62|SIA528|0|2533|0|||3|3|0|1|1|132|50|["132,66,5","132,50,5"]|13:41:16:742
62|1.1|636136510638161754|0|49281.71875|5.41977607561|98.48932842129|-251735|-915043||49281.71875|400||39981.25|400|49281.71875|76ce62|SIA528|0|2533|0|||3|3|0|1|1|132|50|["132,66,5","132,50,5"]|13:41:21:719
62|1.1|636136510688066744|0|49286.71875|5.42778513974|98.48252634941|-252487|-914147||49286.71875|400||39968.75|400|49286.71875|76ce62|SIA528|0|2533|0|||3|3|0|1|1|132|50|["132,66,5","132,50,5"]|13:41:26:719
62|1.1|636136510737991736|0|49291.6953125|5.43687781469|98.47572964194|-253238|-913131||49291.6953125|400||39975|400|49291.6953125|76ce62|SIA528|0|2533|0|||3|3|0|1|1|132|50|["132,66,5","132,50,5"]|13:41:31:695
62|1.1|636136510787916728|0|49296.6953125|5.44570226914|98.46928162112|-253950|-912145||49296.6953125|400||39956.25|400|49296.6953125|76ce62|SIA528|0|2533|0|||3|3|0|1|1|132|50|["132,66,5","132,50,5"]|13:41:36:695
62|1.1|636136510837831719|0|49301.6953125|5.45408147756|98.46250637129|-254699|-911208||49301.6953125|400||39956.25|400|49301.6953125|76ce62|SIA528|0|2533|0|||3|3|0|1|1|132|51|["132,66,5","132,50,5"]|13:41:41:695
62|1.1|636136510887756711|0|49306.6796875|5.46255724536|98.45575794351|-255444|-910260||49306.6796875|400||39962.5|400|49306.6796875|76ce62|SIA528|0|2533|0|||3|3|0|1|1|132|51|["132,66,5","132,50,5"]|13:41:46:680
62|1.1|636136510937681703|0|49311.6796875|5.47121003869|98.44898269368|-256193|-909293||49311.6796875|400||39968.75|400|49311.6796875|76ce62|SIA528|0|2533|0|||3|3|0|1|1|132|51|["132,66,5","132,50,5"]|13:41:51:680
62|1.1|636136510987606695|0|49316.65625|5.47985746761|98.44225035913|-256937|-908326||49316.65625|400||39975|400|49316.65625|76ce62|SIA528|0|2533|0|||3|3|0|1|1|132|51|["132,66,5","132,50,5"]|13:41:56:656
62|1.1|636136511037521686|0|49321.65625|5.48795772671|98.43565213483|-257666|-907421||49321.65625|400||39968.75|400|49321.65625|76ce62|SIA528|0|2533|0|||3|3|0|1|1|132|50|["132,66,5","132,50,5"]|13:42:01:656
62|1.1|636136511087446678|0|49326.65625|5.49673926588|98.4293596819|-258360|-906440||49326.65625|400||39943.75|400|49326.65625|76ce62|SIA528|0|2533|0|||3|3|0|1|1|132|50|["132,66,5","132,50,5"]|13:42:06:656
62|1.1|636136511137361669|0|49331.640625|5.50521503368|98.42248250828|-259120|-905492||49331.640625|400||39968.75|400|49331.640625|76ce62|SIA528|0|2533|0|||3|3|0|1|1|132|51|["132,66,5","132,50,5"]|13:42:11:641
62|1.1|636136511187286661|0|49336.640625|5.51394829316|98.41578236019|-259860|-904516||49336.640625|400||39975|400|49336.640625|76ce62|SIA528|0|2533|0|||3|3|0|1|1|132|51|["132,66,5","132,50,5"]|13:42:16:641
62|1.1|636136511237211653|0|49341.6171875|5.52268691705|98.40877644073|-260634|-903539||49341.6171875|400||39993.75|400|49341.6171875|76ce62|SIA528|0|2533|0|||3|3|0|1|1|132|50|["132,66,5","132,50,5"]|13:42:21:617
62|1.1|636136511287136645|0|49346.6171875|5.53005225198|98.40301506439|-261270|-902715||49346.6171875|400||39956.25|400|49346.6171875|76ce62|SIA528|0|2533|0|||3|3|0|1|1|132|50|["132,66,5","132,50,5"]|13:42:26:617
62|1.1|636136511337061637|0|49351.6171875|5.53873723177|98.39665823854|-261972|-901745||49351.6171875|400||39918.75|400|49351.6171875|76ce62|SIA528|0|2533|0|||3|3|0|1|1|132|50|["132,66,5","132,50,5"]|13:42:31:617
62|1.1|636136511386976628|0|49356.6015625|5.54762069473|98.39038187884|-262664|-900752||49356.6015625|400||39868.75|400|49356.6015625|76ce62|SIA528|0|2533|0|||3|3|0|1|1|132|50|["132,66,5","132,50,5"]|13:42:36:602
62|1.1|636136511436891619|0|49361.6015625|5.55643978477|98.3839767733|-263371|-899767||49361.6015625|400||39825|400|49361.6015625|76ce62|SIA528|0|2533|0|||3|3|0|1|1|132|50|["132,66,5","132,50,5"]|13:42:41:602
62|1.1|636136511486816611|0|49366.578125|5.56524278158|98.37750729484|-264085|-898783||49366.578125|400||39775|400|49366.578125|76ce62|SIA528|0|2533|0|||3|3|0|1|1|132|51|["132,66,5","132,50,5"]|13:42:46:578
62|1.1|636136511536741603|0|49371.578125|5.57398676988|98.37057647712|-264850|-897806||49371.578125|400||39731.25|400|49371.578125|76ce62|SIA528|0|2533|0|||3|3|0|1|1|132|50|["132,66,5","132,50,5"]|13:42:51:578
62|1.1|636136511586666595|0|49376.578125|5.58278440228|98.36361347294|-265619|-896822||49376.578125|400||39731.25|400|49376.578125|76ce62|SIA528|0|2533|0|||3|3|0|1|1|132|50|["132,66,5","132,50,5"]|13:42:56:578
62|1.1|636136511636581586|0|49381.5625|5.59101877163|98.35678457901|-266373|-895901||49381.5625|400||39943.75|400|49381.5625|76ce62|SIA528|0|2533|0|||3|3|0|1|1|132|50|["132,66,5","132,50,5"]|13:43:01:563
62|1.1|636136511686506578|0|49386.5625|5.59983786167|98.3501273462|-267108|-894915||49386.5625|400||39937.5|400|49386.5625|76ce62|SIA528|0|2533|0|||3|3|0|1|1|132|50|["132,66,5","132,50,5"]|13:43:06:563
62|1.1|636136511736421569|0|49391.5390625|5.60781473934|98.34381343563|-267805|-894023||49391.5390625|400||39937.5|400|49391.5390625|76ce62|SIA528|0|2533|0|||3|3|0|1|1|132|50|["132,66,5","132,50,5"]|13:43:11:539
62|1.1|636136511786346561|0|49396.5390625|5.6160544731|98.3370918299|-268547|-893102||49396.5390625|400||39981.25|400|49396.5390625|76ce62|SIA528|0|2533|0|||3|3|0|1|1|132|51|["132,66,5","132,50,5"]|13:43:16:539
62|1.1|636136511836271553|0|49401.5390625|5.62418155425|98.33093348722|-269227|-892194||49401.5390625|400||39975|400|49401.5390625|76ce62|SIA528|0|2533|0|||3|3|0|1|1|132|51|["132,66,5","132,50,5"]|13:43:21:539
62|1.1|636136511886186544|0|49406.515625|5.63264122882|98.32449619522|-269937|-891248||49406.515625|400||39962.5|400|49406.515625|76ce62|SIA528|0|2533|0|||3|3|0|1|1|132|50|["132,66,5","132,50,5"]|13:43:26:516
62|1.1|636136511936111536|0|49411.515625|5.64150323414|98.31796770825|-270657|-890258||49411.515625|400||39968.75|400|49411.515625|76ce62|SIA528|0|2533|0|||3|3|0|1|1|132|51|["132,66,5","132,50,5"]|13:43:31:516
62|1.1|636136511986036528|0|49416.5|5.65023112921|98.31124073811|-271399|-889282||49416.5|400||39981.25|400|49416.5|76ce62|SIA528|0|2533|0|||3|3|0|1|1|132|51|["132,66,5","132,50,5"]|13:43:36:500
62|1.1|636136512035961520|0|49421.5|5.65915750745|98.30450840356|-272142|-888284||49421.5|400||39987.5|400|49421.5|76ce62|SIA528|0|2533|0|||3|3|0|1|1|132|51|["132,66,5","132,50,5"]|13:43:41:500
62|1.1|636136512085876511|0|49426.5|5.66818580948|98.29769560286|-272893|-887275||49426.5|400||39987.5|400|49426.5|76ce62|SIA528|0|2533|0|||3|3|0|1|1|132|50|["132,66,5","132,50,5"]|13:43:46:500
62|1.1|636136512135801503|0|49431.4765625|5.6771014589|98.29132804819|-273595|-886279||49431.4765625|400||39987.5|400|49431.4765625|76ce62|SIA528|0|2533|0|||3|3|0|1|1|132|50|["132,66,5","132,50,5"]|13:43:51:477
62|1.1|636136512185726495|0|49436.4765625|5.68611903211|98.28431139991|-274370|-885271||49436.4765625|400||39993.75|400|49436.4765625|76ce62|SIA528|0|2533|0|||3|3|0|1|1|132|50|["132,66,5","132,50,5"]|13:43:56:477
62|1.1|636136512235651487|0|49441.4609375|5.69444459643|98.27784192145|-275083|-884340||49441.4609375|400||39968.75|400|49441.4609375|76ce62|SIA528|0|2533|0|||3|3|0|1|1|132|50|["132,66,5","132,50,5"]|13:44:01:461
62|1.1|636136512285566478|0|49446.4609375|5.70334951703|98.27145290914|-275787|-883344||49446.4609375|400||39950|400|49446.4609375|76ce62|SIA528|0|2533|0|||3|3|0|1|1|132|50|["132,66,5","132,50,5"]|13:44:06:461
62|1.1|636136512335491470|0|49451.4609375|5.7122383444|98.26487077807|-276513|-882351||49451.4609375|400||39931.25|400|49451.4609375|76ce62|SIA528|0|2533|0|||3|3|0|1|1|132|50|["132,66,5","132,50,5"]|13:44:11:461
62|1.1|636136512385426463|0|49456.4375|5.72090186655|98.25814380793|-277255|-881382||49456.4375|400||39918.75|400|49456.4375|76ce62|SIA528|0|2533|0|||3|3|0|1|1|132|50|["132,66,5","132,50,5"]|13:44:16:438
62|1.1|636136512435331453|0|49461.4375|5.72938836317|98.25085357474|-278060|-880433||49461.4375|400||39868.75|400|49461.4375|76ce62|SIA528|0|2533|0|||3|3|0|1|1|132|50|["132,66,5","132,50,5"]|13:44:21:438
62|1.1|636136512485256445|0|49466.421875|5.73759054606|98.24340777366|-278882|-879515||49466.421875|400||39881.25|400|49466.421875|76ce62|SIA528|0|2533|0|||3|3|0|1|1|132|50|["132,66,5","132,50,5"]|13:44:26:422
62|1.1|636136512535191438|0|49471.421875|5.74563716106|98.2355971927|-279745|-878614||49471.421875|400||39862.5|400|49471.421875|76ce62|SIA528|0|2533|0|||3|3|0|1|1|132|50|["132,66,5","132,50,5"]|13:44:31:422
62|1.1|636136512585096428|0|49476.421875|5.75202080896|98.22829623069|-280553|-877898||49476.421875|400||39943.75|400|49476.421875|76ce62|SIA528|0|2533|0|||3|3|0|1|1|132|51|["132,66,5","132,50,5"]|13:44:36:422
62|1.1|636136512635021420|0|49481.3984375|5.759767017|98.22063585321|-281399|-877031||49481.3984375|400||39968.75|400|49481.3984375|76ce62|SIA528|0|2533|0|||3|3|0|1|1|132|51|["132,66,5","132,50,5"]|13:44:41:398
62|1.1|636136512684946412|0|49486.3984375|5.76740057243|98.21262142467|-282286|-876175||49486.3984375|400||39975|400|49486.3984375|76ce62|SIA528|0|2533|0|||3|3|0|1|1|132|51|["132,66,5","132,50,5"]|13:44:46:398
62|1.1|636136512734861403|0|49491.375|5.77494293289|98.20360385146|-283283|-875329||49491.375|400||40018.75|400.25|49491.375|76ce62|SIA528|0|2533|0|||3|3|0|1|1|132|66|["132,66,5","132,50,5"]|13:44:51:375
62|1.1|636136512784786395|0|49496.375|5.78158407247|98.19650137262|-284068|-874585||49496.375|400||39962.5|400|49496.375|76ce62|SIA528|0|2533|0|||3|3|0|1|1|132|66|["132,66,5","132,50,5"]|13:44:56:375
62|1.1|636136512834701386|0|49501.375|5.7892176279|98.18786467252|-285023|-873729||49501.375|400||39981.25|400|49501.375|76ce62|SIA528|0|2533|0|||3|3|0|1|1|132|51|["132,66,5","132,50,5"]|13:45:01:375
62|1.1|636136512884626378|0|49506.359375|5.79684045451|98.1800755492|-285884|-872875||49506.359375|400||39968.75|400|49506.359375|76ce62|SIA528|0|2533|0|||3|3|0|1|1|132|50|["132,66,5","132,50,5"]|13:45:06:359
62|1.1|636136512934551370|0|49511.359375|5.80378736546|98.17222741737|-286752|-872096||49511.359375|400||39956.25|400|49511.359375|76ce62|SIA528|0|2533|0|||3|3|0|1|1|132|50|["132,66,5","132,50,5"]|13:45:11:359
62|1.1|636136512984466361|0|49516.3359375|5.81123853095|98.16422908206|-287636|-871261||49516.3359375|400||39943.75|400|49516.3359375|76ce62|SIA528|0|2533|0|||3|3|0|1|1|132|50|["132,66,5","132,50,5"]|13:45:16:336
62|1.1|636136513034391353|0|49521.3359375|5.8184536624|98.15575331426|-288574|-870452||49521.3359375|400||39975|400|49521.3359375|76ce62|SIA528|0|2533|0|||3|3|0|1|1|132|50|["132,66,5","132,50,5"]|13:45:21:336
62|1.1|636136513084306344|0|49526.3359375|5.82514308167|98.14747066522|-289489|-869701||49526.3359375|400||39968.75|400|49526.3359375|76ce62|SIA528|0|2533|0|||3|3|0|1|1|132|51|["132,66,5","132,50,5"]|13:45:26:336
62|1.1|636136513134231336|0|49531.3203125|5.83196661119|98.13906999916|-290419|-868935||49531.3203125|400||39987.5|400|49531.3203125|76ce62|SIA528|0|2533|0|||3|3|0|1|1|132|50|["132,66,5","132,50,5"]|13:45:31:320
62|1.1|636136513184156328|0|49536.3203125|5.83901008152|98.12943015439|-291486|-868144||49536.3203125|400||40000|400|49536.3203125|76ce62|SIA528|0|2533|0|||3|3|0|1|1|132|50|["132,66,5","132,50,5"]|13:45:36:320
62|1.1|636136513234071319|0|49541.296875|5.84507722923|98.12027310652|-292500|-867462||49541.296875|400||40062.5|400.25|49541.296875|76ce62|SIA528|0|2533|0|||3|3|0|1|1|132|50|["132,66,5","132,50,5"]|13:45:41:297
62|1.1|636136513283996311|0|49546.296875|5.8512838516|98.11111605865|-293514|-866764||49546.296875|400||40100|400|49546.296875|76ce62|SIA528|0|2533|0|||3|3|0|1|1|132|50|["132,66,5","132,50,5"]|13:45:46:297
62|1.1|636136513333921303|0|49551.296875|5.85741000782|98.10201801929|-294521|-866075||49551.296875|400||40131.25|400.25|49551.296875|76ce62|SIA528|0|2533|0|||3|3|0|1|1|132|50|["132,66,5","132,50,5"]|13:45:51:297
62|1.1|636136513383846295|0|49556.28125|5.86234526502|98.09131065693|-295709|-865517||49556.28125|400||40006.25|400|49556.28125|76ce62|SIA528|0|2533|0|||3|3|0|1|1|132|51|["132,66,5","132,50,5"]|13:45:56:281
62|1.1|636136513433761286|0|49561.28125|5.86752728508|98.08343570305|-296581|-864934||49561.28125|400||39962.5|400|49561.28125|76ce62|SIA528|0|2533|0|||3|3|0|1|1|132|51|["132,66,5","132,50,5"]|13:46:01:281
62|1.1|636136513483696279|0|49566.2578125|5.87353005987|98.07437521456|-297584|-864259||49566.2578125|400||39931.25|400|49566.2578125|76ce62|SIA528|0|2533|0|||3|3|0|1|1|132|51|["132,66,5","132,50,5"]|13:46:06:258
62|1.1|636136513533611270|0|49571.2578125|5.87953283466|98.06456907308|-298670|-863583||49571.2578125|400||39962.5|400|49571.2578125|76ce62|SIA528|0|2533|0|||3|3|0|1|1|132|66|["132,66,5","132,50,5"]|13:46:11:258
62|1.1|636136513583536262|0|49576.2578125|5.88565899088|98.05499896564|-299730|-862893||49576.2578125|400||39975|400|49576.2578125|76ce62|SIA528|0|2533|0|||3|3|0|1|1|132|66|["132,66,5","132,50,5"]|13:46:16:258
62|1.1|636136513633451253|0|49581.2421875|5.89124334169|98.04592774833|-300735|-862265||49581.2421875|400||39975|400|49581.2421875|76ce62|SIA528|0|2533|0|||3|3|0|1|1|132|66|["132,66,5","132,50,5"]|13:46:21:242
62|1.1|636136513683376245|0|49586.2421875|5.89717637915|98.03685653102|-301739|-861597||49586.2421875|400||39968.75|400|49586.2421875|76ce62|SIA528|0|2533|0|||3|3|0|1|1|132|51|["132,66,5","132,50,5"]|13:46:26:242
62|1.1|636136513733291236|0|49591.21875|5.90330789978|98.02784432222|-302737|-860907||49591.21875|400||39950|400|49591.21875|76ce62|SIA528|0|2533|0|||3|3|0|1|1|132|50|["132,66,5","132,50,5"]|13:46:31:219
62|1.1|636136513783216228|0|49596.21875|5.90885469972|98.01892330839|-303725|-860282||49596.21875|400||39950|400|49596.21875|76ce62|SIA528|0|2533|0|||3|3|0|1|1|132|50|["132,66,5","132,50,5"]|13:46:36:219
62|1.1|636136513833141220|0|49601.21875|5.91456779637|98.00983063344|-304731|-859639||49601.21875|400||39956.25|400|49601.21875|76ce62|SIA528|0|2533|0|||3|3|0|1|1|132|50|["132,66,5","132,50,5"]|13:46:41:219
62|1.1|636136513883066212|0|49606.1953125|5.92087634253|97.99998694109|-305821|-858929||49606.1953125|400||39968.75|400|49606.1953125|76ce62|SIA528|0|2533|0|||3|3|0|1|1|132|50|["132,66,5","132,50,5"]|13:46:46:195
62|1.1|636136513932981203|0|49611.1953125|5.92676646471|97.99073333384|-306846|-858266||49611.1953125|400||39962.5|400|49611.1953125|76ce62|SIA528|0|2533|0|||3|3|0|1|1|132|50|["132,66,5","132,50,5"]|13:46:51:195
62|1.1|636136513982906195|0|49616.1796875|5.93269413776|97.98128124342|-307892|-857598||49616.1796875|400||39968.75|400|49616.1796875|76ce62|SIA528|0|2533|0|||3|3|0|1|1|132|51|["132,66,5","132,50,5"]|13:46:56:180
62|1.1|636136514032831187|0|49621.1796875|5.93828921739|97.97222611934|-308895|-856968||49621.1796875|400||39962.5|400|49621.1796875|76ce62|SIA528|0|2533|0|||3|3|0|1|1|132|51|["132,66,5","132,50,5"]|13:47:01:180
62|1.1|636136514082616165|0|49626.1796875|5.94436172951|97.9631924529|-309894|-856285||49626.1796875|400||39956.25|400|49626.1796875|76ce62|SIA528|0|2533|0|||3|3|0|1|1|132|50|["132,66,5","132,50,5"]|13:47:06:180
62|1.1|636136514132671170|0|49631.15625|5.9503108602|97.95308590446|-311014|-855614||49631.15625|400||39981.25|400|49631.15625|76ce62|SIA528|0|2533|0|||3|3|0|1|1|132|50|["132,66,5","132,50,5"]|13:47:11:156
62|1.1|636136514182436146|0|49636.15625|5.95541241411|97.94478179778|-311933|-855039||49636.15625|400||39968.75|400|49636.15625|76ce62|SIA528|0|2533|0|||3|3|0|1|1|132|66|["132,66,5","132,50,5"]|13:47:16:156
62|1.1|636136514232361138|0|49641.140625|5.96164049412|97.93590369923|-312916|-854339||49641.140625|400||39943.75|400|49641.140625|76ce62|SIA528|0|2533|0|||3|3|0|1|1|132|66|["132,66,5","132,50,5"]|13:47:21:141
62|1.1|636136514282276129|0|49646.140625|5.96770764183|97.92685930397|-313916|-853656||49646.140625|400||39912.5|400|49646.140625|76ce62|SIA528|0|2533|0|||3|3|0|1|1|132|66|["132,66,5","132,50,5"]|13:47:26:141
62|1.1|636136514332201121|0|49651.140625|5.97389817097|97.91772907815|-314927|-852959||49651.140625|400||39868.75|400|49651.140625|76ce62|SIA528|0|2533|0|||3|3|0|1|1|132|66|["132,66,5","132,50,5"]|13:47:31:141
62|1.1|636136514382146115|0|49656.1171875|5.98002432719|97.90821261481|-315980|-852269||49656.1171875|400||39818.75|400|49656.1171875|76ce62|SIA528|0|2533|0|||3|3|0|1|1|132|66|["132,66,5","132,50,5"]|13:47:36:117
62|1.1|636136514432051105|0|49661.1171875|5.98601637316|97.8984440242|-317061|-851594||49661.1171875|400||39737.5|400|49661.1171875|76ce62|SIA528|0|2533|0|||3|3|0|1|1|132|66|["132,66,5","132,50,5"]|13:47:41:117
62|1.1|636136514481966096|0|49666.1015625|5.99212107174|97.88858423862|-318153|-850906||49666.1015625|400||39718.75|400|49666.1015625|76ce62|SIA528|0|2533|0|||3|3|0|1|1|132|66|["132,66,5","132,50,5"]|13:47:46:102
62|1.1|636136514531891088|0|49671.1015625|5.99806483802|97.87912141938|-319200|-850236||49671.1015625|400||39650|400|49671.1015625|76ce62|SIA528|0|2533|0|||3|3|0|1|1|132|66|["132,66,5","132,50,5"]|13:47:51:102
62|1.1|636136514581806079|0|49676.1015625|6.00408370604|97.86926699821|-320291|-849558||49676.1015625|400||39625|400|49676.1015625|76ce62|SIA528|0|2533|0|||3|3|0|1|1|132|50|["132,66,5","132,50,5"]|13:47:56:102
62|1.1|636136514631731071|0|49681.078125|6.01011866729|97.85991146717|-321326|-848878||49681.078125|400||39612.5|400|49681.078125|76ce62|SIA528|0|2533|0|||3|3|0|1|1|132|50|["132,66,5","132,50,5"]|13:48:01:078
62|1.1|636136514681656063|0|49686.078125|6.01606243357|97.85038963942|-322380|-848208||49686.078125|400||39575|400|49686.078125|76ce62|SIA528|0|2533|0|||3|3|0|1|1|132|50|["132,66,5","132,50,5"]|13:48:06:078
62|1.1|636136514731581055|0|49691.0625|6.02195255575|97.84119504068|-323397|-847545||49691.0625|400||39550|400|49691.0625|76ce62|SIA528|0|2533|0|||3|3|0|1|1|132|50|["132,66,5","132,50,5"]|13:48:11:063
62|1.1|636136514781496046|0|49696.0625|6.02799288141|97.83165175529|-324453|-846864||49696.0625|400||39568.75|400|49696.0625|76ce62|SIA528|0|2533|0|||3|3|0|1|1|132|50|["132,66,5","132,50,5"]|13:48:16:063
62|1.1|636136514831421038|0|49701.0625|6.03395810533|97.82211919872|-325508|-846192||49701.0625|400||39562.5|400|49701.0625|76ce62|SIA528|0|2533|0|||3|3|0|1|1|132|50|["132,66,5","132,50,5"]|13:48:21:063
62|1.1|636136514881346030|0|49706.0390625|6.03995551571|97.81283340501|-326535|-845516||49706.0390625|400||39587.5|400|49706.0390625|76ce62|SIA528|0|2533|0|||3|3|0|1|1|132|50|["132,66,5","132,50,5"]|13:48:26:039
62|1.1|636136514931261021|0|49711.0390625|6.04584027348|97.80338131459|-327581|-844852||49711.0390625|400||39562.5|400|49711.0390625|76ce62|SIA528|0|2533|0|||3|3|0|1|1|132|50|["132,66,5","132,50,5"]|13:48:31:039
62|1.1|636136514981186013|0|49716.015625|6.05175721771|97.79414916498|-328603|-844186||49716.015625|400||39581.25|400|49716.015625|76ce62|SIA528|0|2533|0|||3|3|0|1|1|132|66|["132,66,5","132,50,5"]|13:48:36:016
62|1.1|636136515031111005|0|49721.015625|6.05767952635|97.78471316779|-329646|-843518||49721.015625|400||39593.75|400|49721.015625|76ce62|SIA528|0|2533|0|||3|3|0|1|1|132|66|["132,66,5","132,50,5"]|13:48:41:016
62|1.1|636136515081025996|0|49726.015625|6.0635535553|97.77552393346|-330663|-842856||49726.015625|400||39593.75|400|49726.015625|76ce62|SIA528|0|2533|0|||3|3|0|1|1|132|66|["132,66,5","132,50,5"]|13:48:46:016
62|1.1|636136515130950988|0|49731|6.06937394015|97.76620595329|-331694|-842200||49731|400||39587.5|400|49731|76ce62|SIA528|0|2533|0|||3|3|0|1|1|132|51|["132,66,5","132,50,5"]|13:48:51:000
62|1.1|636136515180885981|0|49736|6.07356354436|97.75841146556|-332557|-841726||49736|400||39968.75|400|49736|76ce62|SIA528|0|2533|0|||3|3|0|1|1|132|66|["132,66,5","132,50,5"]|13:48:56:000
62|1.1|636136515230800972|0|49740.9765625|6.07897086964|97.74950118055|-333543|-841117||49740.9765625|400||39993.75|400|49740.9765625|76ce62|SIA528|0|2533|0|||3|3|0|1|1|132|66|["132,66,5","132,50,5"]|13:49:00:977
62|1.1|636136515280715963|0|49745.9765625|6.08454985604|97.74101468393|-334481|-840488||49745.9765625|400||39968.75|400|49745.9765625|76ce62|SIA528|0|2533|0|||3|3|0|1|1|132|66|["132,66,5","132,50,5"]|13:49:05:977
62|1.1|636136515330630954|0|49750.9765625|6.09015566449|97.73212585656|-335465|-839856||49750.9765625|400||39968.75|400|49750.9765625|76ce62|SIA528|0|2533|0|||3|3|0|1|1|132|66|["132,66,5","132,50,5"]|13:49:10:977
62|1.1|636136515380555946|0|49755.9609375|6.09622817661|97.72323166478|-336448|-839172||49755.9609375|400||39950|400|49755.9609375|76ce62|SIA528|0|2533|0|||3|3|0|1|1|132|66|["132,66,5","132,50,5"]|13:49:15:961
62|1.1|636136515430480938|0|49760.9609375|6.10237042606|97.7139619643|-337473|-838480||49760.9609375|400||39912.5|400|49760.9609375|76ce62|SIA528|0|2533|0|||3|3|0|1|1|132|50|["132,66,5","132,50,5"]|13:49:20:961
62|1.1|636136515480395929|0|49765.9375|6.10842148054|97.70453133152|-338516|-837798||49765.9375|400||39881.25|400|49765.9375|76ce62|SIA528|0|2533|0|||3|3|0|1|1|132|50|["132,66,5","132,50,5"]|13:49:25:938
62|1.1|636136515530320921|0|49770.9375|6.11420967893|97.69460717302|-339614|-837144||49770.9375|400||39950|400|49770.9375|76ce62|SIA528|0|2533|0|||3|3|0|1|1|132|50|["132,66,5","132,50,5"]|13:49:30:938
62|1.1|636136515580275916|0|49775.9375|6.12021781813|97.68516044701|-340659|-836467||49775.9375|400||39950|400|49775.9375|76ce62|SIA528|0|2533|0|||3|3|0|1|1|132|50|["132,66,5","132,50,5"]|13:49:35:938
62|1.1|636136515630160904|0|49780.921875|6.12614012677|97.67552596665|-341724|-835799||49780.921875|400||39968.75|400|49780.921875|76ce62|SIA528|0|2533|0|||3|3|0|1|1|132|83|["132,66,5","132,50,5"]|13:49:40:922
62|1.1|636136515680085896|0|49785.921875|6.13214290156|97.66613824915|-342763|-835122||49785.921875|400||39956.25|400|49785.921875|76ce62|SIA528|0|2533|0|||3|3|0|1|1|132|50|["132,66,5","132,50,5"]|13:49:45:922
62|1.1|636136515730010888|0|49790.8984375|6.13824223573|97.65720114209|-343750|-834435||49790.8984375|400||39912.5|400|49790.8984375|76ce62|SIA528|0|2533|0|||3|3|0|1|1|132|83|["132,66,5","132,50,5"]|13:49:50:898
62|1.1|636136515779925879|0|49795.8984375|6.14399824766|97.64780269577|-344790|-833785||49795.8984375|400||39818.75|400|49795.8984375|76ce62|SIA528|0|2533|0|||3|3|0|1|1|132|66|["132,82,5","132,66,5","132,50,5"]|13:49:55:898
62|1.1|636136515829850871|0|49800.8984375|6.14934656443|97.63858663939|-345810|-833181||49800.8984375|400||39712.5|400|49800.8984375|76ce62|SIA528|0|2533|0|||3|3|0|1|1|132|66|["132,82,5","132,66,5","132,50,5"]|13:50:00:898
62|1.1|636136515879775863|0|49805.875|6.1550167458|97.629043354|-346865|-832541||49805.875|400||39687.5|400|49805.875|76ce62|SIA528|0|2533|0|||3|3|0|1|1|132|66|["132,82,5","132,66,5","132,50,5"]|13:50:05:875
62|1.1|636136515929700855|0|49810.875|6.16042407108|97.6194947042|-347922|-831930||49810.875|400||39693.75|400|49810.875|76ce62|SIA528|0|2533|0|||3|3|0|1|1|132|66|["132,82,5","132,66,5","132,50,5"]|13:50:10:875
62|1.1|636136515979615846|0|49815.859375|6.16582603195|97.60954908806|-349022|-831319||49815.859375|400||39681.25|400|49815.859375|76ce62|SIA528|0|2533|0|||3|3|0|1|1|132|66|["132,82,5","132,66,5","132,50,5"]|13:50:15:859
62|1.1|636136516029540838|0|49820.859375|6.17067545859|97.60000043826|-350079|-830770||49820.859375|400||39706.25|400|49820.859375|76ce62|SIA528|0|2533|0|||3|3|0|1|1|132|66|["132,82,5","132,66,5","132,50,5"]|13:50:20:859
62|1.1|636136516079475831|0|49825.859375|6.17541223262|97.58990998305|-351196|-830233||49825.859375|400||39725|400|49825.859375|76ce62|SIA528|0|2533|0|||3|3|0|1|1|132|66|["132,82,5","132,66,5","132,50,5"]|13:50:25:859
62|1.1|636136516129380821|0|49830.8359375|6.17951064186|97.57973369728|-352324|-829767||49830.8359375|400||39793.75|400|49830.8359375|76ce62|SIA528|0|2533|0|||3|3|0|1|1|132|66|["132,82,5","132,66,5","132,50,5"]|13:50:30:836
62|1.1|636136516179305813|0|49835.8359375|6.18344275439|97.5691765384|-353494|-829318||49835.8359375|400||39893.75|400.25|49835.8359375|76ce62|SIA528|0|2533|0|||3|3|0|1|1|132|66|["132,82,5","132,66,5","132,50,5"]|13:50:35:836
62|1.1|636136516229240806|0|49840.8203125|6.18755725686|97.55849063368|-354678|-828850||49840.8203125|400||39962.5|400.25|49840.8203125|76ce62|SIA528|0|2533|0|||3|3|0|1|1|132|66|["132,82,5","132,66,5","132,50,5"]|13:50:40:820
62|1.1|636136516279145796|0|49845.8203125|6.19185951368|97.54781545778|-355861|-828360||49845.8203125|400||40012.5|400.25|49845.8203125|76ce62|SIA528|0|2533|0|||3|3|0|1|1|132|66|["132,82,5","132,66,5","132,50,5"]|13:50:45:820
62|1.1|636136516329070788|0|49850.8203125|6.19568433801|97.53745678207|-357009|-827924||49850.8203125|400||40075|400.25|49850.8203125|76ce62|SIA528|0|2533|0|||3|3|0|1|1|132|66|["132,82,5","132,66,2"]|13:50:50:820
62|1.1|636136516378985779|0|49855.796875|6.19935895886|97.52716784369|-358149|-827504||49855.796875|400||40131.25|400.25|49855.796875|76ce62|SIA528|0|2533|0|||3|3|0|1|1|132|66|["132,82,5","132,66,2"]|13:50:55:797
62|1.1|636136516428920772|0|49860.796875|6.20288337623|97.51684135444|-359294|-827101||49860.796875|400||40181.25|400.25|49860.796875|76ce62|SIA528|0|2533|0|||3|3|0|1|1|132|66|["132,82,5","132,66,2"]|13:51:00:797
62|1.1|636136516478835763|0|49865.78125|6.20622003925|97.50650413637|-360441|-826719||49865.78125|400||40212.5|400.25|49865.78125|76ce62|SIA528|0|2533|0|||3|3|0|1|1|132|66|["132,82,5","132,66,2"]|13:51:05:781
62|1.1|636136516528760755|0|49870.78125|6.20943868525|97.49593088426|-361613|-826350||49870.78125|400||40218.75|400.25|49870.78125|76ce62|SIA528|0|2533|0|||3|3|0|1|1|132|66|["132,82,5","132,66,2"]|13:51:10:781
62|1.1|636136516578675746|0|49875.78125|6.21073150806|97.49022315202|-362246|-826200||49875.78125|400||40006.25|400|49875.78125|76ce62|SIA528|0|2533|0|||3|3|0|1|1|132|66|["132,66,2"]|13:51:15:781
62|1.1|636136516628610739|0|49880.7578125|6.21350490803|97.480449197|-363330|-825881||49880.7578125|400||40000|400|49880.7578125|76ce62|SIA528|0|2533|0|||3|3|0|1|1|132|66|["132,66,2"]|13:51:20:758
62|1.1|636136516678515729|0|49885.7578125|6.21678256254|97.46867431705|-364636|-825504||49885.7578125|400||39993.75|400|49885.7578125|76ce62|SIA528|0|2533|0|||3|3|0|1|1|132|66|["132,66,2"]|13:51:25:758
62|1.1|636136516728450722|0|49890.7421875|6.21969543717|97.45842292954|-365773|-825168||49890.7421875|400||39993.75|400|49890.7421875|76ce62|SIA528|0|2533|0|||3|3|0|1|1|132|66|["132,66,2"]|13:51:30:742
62|1.1|636136516778365713|0|49895.7421875|6.22275315087|97.44797305886|-366932|-824817||49895.7421875|400||39987.5|400|49895.7421875|76ce62|SIA528|0|2533|0|||3|3|0|1|1|132|66|["132,66,2"]|13:51:35:742
62|1.1|636136516828290705|0|49900.7421875|6.22581622898|97.43738907793|-368106|-824465||49900.7421875|400||39987.5|400|49900.7421875|76ce62|SIA528|0|2533|0|||3|3|0|1|1|132|66|["132,66,2"]|13:51:40:742
62|1.1|636136516878215697|0|49905.71875|6.22886857827|97.42667098675|-369295|-824113||49905.71875|400||39993.75|400|49905.71875|76ce62|SIA528|0|2533|0|||3|3|0|1|1|132|66|["132,66,2"]|13:51:45:719
62|1.1|636136516978055680|0|49915.6953125|6.23520931089|97.40437113438|-371768|-823384||49915.6953125|400||40018.75|400|49915.6953125|76ce62|SIA528|0|2533|0|||3|3|0|1|1|132|66|["132,66,2"]|13:51:55:695
62|1.1|636136517027990673|0|49920.6953125|6.23865326211|97.39268208499|-373064|-822988||49920.6953125|400||40056.25|400|49920.6953125|76ce62|SIA528|0|2533|0|||3|3|0|1|1|132|66|["132,66,2"]|13:52:00:695
62|1.1|636136517077925666|0|49925.6953125|6.24217767948|97.38105204411|-374353|-822583||49925.6953125|400||40106.25|400|49925.6953125|76ce62|SIA528|0|2533|0|||3|3|0|1|1|132|66|["132,66,2"]|13:52:05:695
62|1.1|636136517127820655|0|49930.6796875|6.24595422412|97.36928252857|-375658|-822150||49930.6796875|400||40156.25|400|49930.6796875|76ce62|SIA528|0|2533|0|||3|3|0|1|1|132|66|["132,66,2"]|13:52:10:680
62|1.1|636136517177735646|0|49935.6796875|6.24946791267|97.35800653875|-376908|-821746||49935.6796875|400||40156.25|400|49935.6796875|76ce62|SIA528|0|2533|0|||3|3|0|1|1|132|66|["132,66,2"]|13:52:15:680
62|1.1|636136517227660638|0|49940.65625|6.25285821979|97.34708459999|-378119|-821357||49940.65625|400||40143.75|400|49940.65625|76ce62|SIA528|0|2533|0|||3|3|0|1|1|132|66|["132,66,2"]|13:52:20:656
62|1.1|636136517277585630|0|49945.65625|6.25612514548|97.33640405968|-379303|-820982||49945.65625|400||40118.75|400|49945.65625|76ce62|SIA528|0|2533|0|||3|3|0|1|1|132|66|["132,66,2"]|13:52:25:656
62|1.1|636136517327500621|0|49950.65625|6.25942425763|97.32558940912|-380502|-820603||49950.65625|400||40100|400|49950.65625|76ce62|SIA528|0|2533|0|||3|3|0|1|1|132|66|["132,66,2"]|13:52:30:656
62|1.1|636136517377425613|0|49955.640625|6.26261071717|97.31504297906|-381671|-820236||49955.640625|400||40081.25|400|49955.640625|76ce62|SIA528|0|2533|0|||3|3|0|1|1|132|66|["132,66,2"]|13:52:35:641
62|1.1|636136517427350605|0|49960.640625|6.26577571907|97.30448045577|-382842|-819872||49960.640625|400||40056.25|400|49960.640625|76ce62|SIA528|0|2533|0|||3|3|0|1|1|132|66|["132,66,2"]|13:52:40:641
62|1.1|636136517477265596|0|49965.6171875|6.26898900066|97.29378382223|-384028|-819502||49965.6171875|400||40043.75|400|49965.6171875|76ce62|SIA528|0|2533|0|||3|3|0|1|1|132|66|["132,66,2"]|13:52:45:617
62|1.1|636136517527190588|0|49970.6171875|6.27213254492|97.28324812099|-385196|-819141||49970.6171875|400||40018.75|400|49970.6171875|76ce62|SIA528|0|2533|0|||3|3|0|1|1|132|66|["132,66,2"]|13:52:50:617
62|1.1|636136517676955563|0|49985.6015625|6.28124667751|97.25199506833|-388661|-818091||49985.6015625|400||39937.5|400|49985.6015625|76ce62|SIA528|0|2533|0|||3|3|0|1|1|132|66|["132,66,2"]|13:53:05:602
62|1.1|636136517726890556|0|49990.578125|6.28441167941|97.24126088392|-389851|-817726||49990.578125|400||39937.5|400|49990.578125|76ce62|SIA528|0|2533|0|||3|3|0|1|1|132|66|["132,66,2"]|13:53:10:578
62|1.1|636136517776805547|0|49995.578125|6.28760886777|97.23061253007|-391032|-817358||49995.578125|400||39925|400|49995.578125|76ce62|SIA528|0|2533|0|||3|3|0|1|1|132|83|["132,66,2"]|13:53:15:578
62|1.1|636136517826720538|0|50000.578125|6.29085433582|97.219738871|-392237|-816985||50000.578125|400||39931.25|400|50000.578125|76ce62|SIA528|0|2533|0|||3|3|0|1|1|132|66|["132,66,2"]|13:53:20:578
62|1.1|636136517876645530|0|50005.5625|6.29388522747|97.20921389858|-393404|-816635||50005.5625|400||39925|400|50005.5625|76ce62|SIA528|0|2533|0|||3|3|0|1|1|132|66|["132,66,2"]|13:53:25:563
62|1.1|636136517926560521|0|50010.5625|6.29706095819|97.19855481591|-394585|-816269||50010.5625|400||39918.75|400|50010.5625|76ce62|SIA528|0|2533|0|||3|3|0|1|1|132|66|["132,66,2"]|13:53:30:563
62|1.1|636136517976505515|0|50015.5390625|6.30019913804|97.18792255529|-395764|-815908||50015.5390625|400||39912.5|400|50015.5390625|76ce62|SIA528|0|2533|0|||3|3|0|1|1|132|66|["132,66,2"]|13:53:35:539
62|1.1|636136518026440508|0|50020.5390625|6.30343387727|97.1770918115|-396965|-815535||50020.5390625|400||39925|400|50020.5390625|76ce62|SIA528|0|2533|0|||3|3|0|1|1|132|83|["132,66,2"]|13:53:40:539
62|1.1|636136518076325496|0|50025.5390625|6.30660960799|97.16637908473|-398152|-815169||50025.5390625|400||39925|400|50025.5390625|76ce62|SIA528|0|2533|0|||3|3|0|1|1|132|83|["132,66,2"]|13:53:45:539
62|1.1|636136518126260489|0|50030.515625|6.30969414374|97.15589702759|-399314|-814814||50030.515625|400||39925|400|50030.515625|76ce62|SIA528|0|2533|0|||3|3|0|1|1|132|83|["132,66,2"]|13:53:50:516
62|1.1|636136518176165479|0|50035.515625|6.31282695918|97.14523794492|-400495|-814453||50035.515625|400||39918.75|400|50035.515625|76ce62|SIA528|0|2533|0|||3|3|0|1|1|132|66|["132,66,2"]|13:53:55:516
62|1.1|636136518226090471|0|50040.5|6.3140715023|97.1385753477|-401235|-814306||50040.5|400||39987.5|400|50040.5|76ce62|SIA528|0|2533|0|||3|3|0|1|1|132|83|["132,66,2"]|13:54:00:500
62|1.1|636136518276015463|0|50045.5|6.31707020749|97.12813084143|-402393|-813960||50045.5|400||39981.25|400|50045.5|76ce62|SIA528|0|2533|0|||3|3|0|1|1|132|66|["132,66,2"]|13:54:05:500
62|1.1|636136518325940455|0|50050.5|6.31998308212|97.11763805547|-403556|-813623||50050.5|400||39975|400|50050.5|76ce62|SIA528|0|2533|0|||3|3|0|1|1|132|66|["132,66,2"]|13:54:10:500
62|1.1|636136518375855446|0|50055.4765625|6.32304079582|97.10663565056|-404776|-813270||50055.4765625|400||39993.75|400|50055.4765625|76ce62|SIA528|0|2533|0|||3|3|0|1|1|132|66|["132,66,2"]|13:54:15:477
62|1.1|636136518425780438|0|50060.4765625|6.32655448437|97.09475348241|-406093|-812865||50060.4765625|400||40006.25|400|50060.4765625|76ce62|SIA528|0|2533|0|||3|3|0|1|1|132|83|["132,66,2"]|13:54:20:477
62|1.1|636136518475705430|0|50065.4609375|6.32967120658|97.08386909452|-407299|-812505||50065.4609375|400||40012.5|400|50065.4609375|76ce62|SIA528|0|2533|0|||3|3|0|1|1|132|66|["132,66,2"]|13:54:25:461
62|1.1|636136518525620421|0|50070.4609375|6.33285766612|97.07292033371|-408513|-812137||50070.4609375|400||40031.25|400|50070.4609375|76ce62|SIA528|0|2533|0|||3|3|0|1|1|132|66|["132,66,2"]|13:54:30:461
62|1.1|636136518575555414|0|50075.4609375|6.33612459181|97.06186964911|-409738|-811760||50075.4609375|400||40050|400|50075.4609375|76ce62|SIA528|0|2533|0|||3|3|0|1|1|132|66|["132,66,2"]|13:54:35:461
62|1.1|636136518625470405|0|50080.4375|6.33945052601|97.05089406625|-410954|-811377||50080.4375|400||40087.5|400|50080.4375|76ce62|SIA528|0|2533|0|||3|3|0|1|1|132|66|["132,66,2"]|13:54:40:438
62|1.1|636136518675385396|0|50085.4375|6.34302322307|97.03974145786|-412190|-810966||50085.4375|400||40150|400|50085.4375|76ce62|SIA528|0|2533|0|||3|3|0|1|1|132|66|["132,66,2"]|13:54:45:438
62|1.1|636136518725310388|0|50090.421875|6.34660128454|97.02864785798|-413419|-810554||50090.421875|400||40206.25|400.25|50090.421875|76ce62|SIA528|0|2533|0|||3|3|0|1|1|132|66|["132,66,2"]|13:54:50:422
62|1.1|636136518775235380|0|50095.421875|6.34997549843|97.01784393624|-414616|-810165||50095.421875|400||40225|400.25|50095.421875|76ce62|SIA528|0|2533|0|||3|3|0|1|1|132|66|["132,66,2"]|13:54:55:422
62|1.1|636136518825160372|0|50100.421875|6.35339799201|97.00690590425|-415828|-809771||50100.421875|400||40231.25|400.25|50100.421875|76ce62|SIA528|0|2533|0|||3|3|0|1|1|132|66|["132,66,2"]|13:55:00:422
62|1.1|636136518875075363|0|50105.3984375|6.35667028211|96.99619317748|-417015|-809394||50105.3984375|400||40206.25|400|50105.3984375|76ce62|SIA528|0|2533|0|||3|3|0|1|1|132|66|["132,66,2"]|13:55:05:398
62|1.1|636136518925000355|0|50110.3984375|6.35999621631|96.9853677981|-418215|-809010||50110.3984375|400||40187.5|400|50110.3984375|76ce62|SIA528|0|2533|0|||3|3|0|1|1|132|66|["132,66,2"]|13:55:10:398
62|1.1|636136518974915346|0|50115.375|6.36326850641|96.97461752046|-419406|-808633||50115.375|400||40162.5|400|50115.375|76ce62|SIA528|0|2533|0|||3|3|0|1|1|132|66|["132,66,2"]|13:55:15:375
62|1.1|636136519873505196|0|50205.2421875|6.41984157427|96.78327974458|-440607|-802093||50205.2421875|400||39887.5|400|50205.2421875|76ce62|X|0|2533|0|||3|3|0|1|1|132|66|["132,66,4"]|13:56:45:242
62|1.1|636136519923430188|0|50210.2421875|6.42292074561|96.77269039924|-441781|-801736||50210.2421875|400||39875|400|50210.2421875|76ce62|X|0|2533|0|||3|3|0|1|1|132|66|["132,66,2"]|13:56:50:242
62|1.1|636136519973365181|0|50215.21875|6.42652026472|96.7616719011|-443001|-801321||50215.21875|400||39981.25|400|50215.21875|76ce62|X|0|2533|0|||3|3|0|1|1|132|66|["132,66,5"]|13:56:55:219
62|1.1|636136520023270171|0|50220.21875|6.42963162252|96.75107182694|-444176|-800961||50220.21875|400||39981.25|400|50220.21875|76ce62|X|0|2533|0|||3|3|0|1|1|132|66|["132,66,2"]|13:57:00:219
62|1.1|636136520073195163|0|50225.21875|6.43328478573|96.73995676942|-445406|-800540||50225.21875|400||40050|400.25|50225.21875|76ce62|SIA528|0|2533|0|||3|3|0|1|1|132|66|["132,66,5"]|13:57:05:219
62|1.1|636136520123120155|0|50230.1953125|6.43639614353|96.72935669526|-446581|-800179||50230.1953125|400||40043.75|400|50230.1953125|76ce62|SIA528|0|2533|0|||3|3|0|1|1|132|66|["132,66,2"]|13:57:10:195
62|1.1|636136520173035146|0|50235.1953125|6.43944312841|96.7188102652|-447749|-799826||50235.1953125|400||40018.75|400|50235.1953125|76ce62|SIA528|0|2533|0|||3|3|0|1|1|132|66|["132,66,2"]|13:57:15:195
62|1.1|636136520222960138|0|50240.1796875|6.4424954777|96.70828529278|-448915|-799472||50240.1796875|400||39993.75|400|50240.1796875|76ce62|SIA528|0|2533|0|||3|3|0|1|1|132|66|["132,66,2"]|13:57:20:180
62|1.1|636136520272885130|0|50245.1796875|6.4455531914|96.69775495595|-450082|-799118||50245.1796875|400||39975|400|50245.1796875|76ce62|SIA528|0|2533|0|||3|3|0|1|1|132|66|["132,66,2"]|13:57:25:180
62|1.1|636136520322810122|0|50250.1796875|6.44870746448|96.68712805974|-451259|-798753||50250.1796875|400||39968.75|400|50250.1796875|76ce62|SIA528|0|2533|0|||3|3|0|1|1|132|66|["132,66,2"]|13:57:30:180
62|1.1|636136520372725113|0|50255.15625|6.45175444936|96.67661918055|-452423|-798400||50255.15625|400||39943.75|400|50255.15625|76ce62|SIA528|0|2533|0|||3|3|0|1|1|132|66|["132,66,2"]|13:57:35:156
62|1.1|636136520422650105|0|50260.15625|6.45495700213|96.66594400465|-453606|-798029||50260.15625|400||39956.25|400|50260.15625|76ce62|SIA528|0|2533|0|||3|3|0|1|1|132|66|["132,66,2"]|13:57:40:156
62|1.1|636136520472565096|0|50265.140625|6.45808445316|96.65532247285|-454782|-797666||50265.140625|400||39943.75|400|50265.140625|76ce62|SIA528|0|2533|0|||3|3|0|1|1|132|66|["132,66,2"]|13:57:45:141
62|1.1|636136520522500089|0|50270.140625|6.46106706512|96.64484578012|-455943|-797320||50270.140625|400||39906.25|400|50270.140625|76ce62|SIA528|0|2533|0|||3|3|0|1|1|132|66|["132,66,2"]|13:57:50:141
62|1.1|636136520572415080|0|50275.140625|6.46406577031|96.63435835857|-457105|-796972||50275.140625|400||39875|400|50275.140625|76ce62|SIA528|0|2533|0|||3|3|0|1|1|132|66|["132,66,2"]|13:57:55:141
62|1.1|636136520622330071|0|50280.1171875|6.46713421283|96.62381729292|-458273|-796616||50280.1171875|400||39868.75|400|50280.1171875|76ce62|SIA528|0|2533|0|||3|3|0|1|1|132|66|["132,66,2"]|13:58:00:117
62|1.1|636136520672255063|0|50285.1171875|6.47035285883|96.61309920174|-459460|-796243||50285.1171875|400||39887.5|400|50285.1171875|76ce62|SIA528|0|2533|0|||3|3|0|1|1|132|66|["132,66,2"]|13:58:05:117
62|1.1|636136521620769905|0|50379.9609375|6.5423271478|96.4167939822|-481181|-787958||50379.9609375|400||39912.5|400|50379.9609375|76ce62|X|0|2533|0|||3|3|0|1|1|132|66|["132,66,4"]|13:59:39:961
62|1.1|636136521670684896|0|50384.9609375|6.54740724407|96.40697174749|-482265|-787379||50384.9609375|400||39887.5|400|50384.9609375|76ce62|X|0|2533|0|||3|3|0|1|1|132|66|["132,66,2"]|13:59:44:961
62|1.1|636136521720609888|0|50389.9375|6.55204745872|96.39733726713|-483330|-786849||50389.9375|400||39868.75|400|50389.9375|76ce62|X|0|2533|0|||3|3|0|1|1|132|66|["132,66,2"]|13:59:49:938
62|1.1|636136521770524879|0|50394.9375|6.55682714803|96.3874506595|-484421|-786303||50394.9375|400||39875|400|50394.9375|76ce62|X|0|2533|0|||3|3|0|1|1|132|66|["132,66,2"]|13:59:54:938
62|1.1|636136521820299856|0|50399.9375|6.56186969343|96.37784300119|-485482|-785728||50399.9375|400||39843.75|400|50399.9375|76ce62|X|0|2533|0|||3|3|0|1|1|132|66|["132,66,2"]|13:59:59:938
62|1.1|636136521870224848|0|50404.921875|6.56727701871|96.36750578312|-486623|-785111||50404.921875|400||39900|400|50404.921875|76ce62|X|0|2533|0|||3|3|0|1|1|132|66|["132,66,5"]|14:00:04:922
62|1.1|636136521920139839|0|50409.921875|6.57187431808|96.35744214996|-487735|-784585||50409.921875|400||39906.25|400|50409.921875|76ce62|X|0|2533|0|||3|3|0|1|1|132|66|["132,66,2"]|14:00:09:922
62|1.1|636136521970064831|0|50414.8984375|6.57666473621|96.34742143208|-488842|-784038||50414.8984375|400||39912.5|400|50414.8984375|76ce62|X|0|2533|0|||3|3|0|1|1|132|66|["132,66,2"]|14:00:14:898
62|1.1|636136522019989823|0|50419.8984375|6.58144978993|96.33747045153|-489941|-783490||50419.8984375|400||39912.5|400|50419.8984375|76ce62|X|0|2533|0|||3|3|0|1|1|132|66|["132,66,2"]|14:00:19:898
62|1.1|636136522069904814|0|50424.8984375|6.58635286067|96.32741754719|-491051|-782930||50424.8984375|400||39918.75|400|50424.8984375|76ce62|X|0|2533|0|||3|3|0|1|1|132|66|["132,66,2"]|14:00:24:898
62|1.1|636136522119829806|0|50429.875|6.59129348228|96.31747193105|-492149|-782366||50429.875|400||39918.75|400|50429.875|76ce62|X|0|2533|0|||3|3|0|1|1|132|66|["132,66,2"]|14:00:29:875
62|1.1|636136522169754798|0|50434.875|6.59608926482|96.30755313696|-493244|-781818||50434.875|400||39912.5|400|50434.875|76ce62|X|0|2533|0|||3|3|0|1|1|132|66|["132,66,2"]|14:00:34:875
62|1.1|636136522219689791|0|50439.859375|6.60080994562|96.2977577243|-494326|-781278||50439.859375|400||39906.25|400|50439.859375|76ce62|X|0|2533|0|||3|3|0|1|1|132|66|["132,66,2"]|14:00:39:859
62|1.1|636136522269594781|0|50444.859375|6.60579884692|96.28773700642|-495432|-780708||50444.859375|400||39912.5|400|50444.859375|76ce62|X|0|2533|0|||3|3|0|1|1|132|66|["132,66,2"]|14:00:44:859
62|1.1|636136522319519773|0|50449.859375|6.61073410412|96.27778066146|-496531|-780144||50449.859375|400||39912.5|400|50449.859375|76ce62|X|0|2533|0|||3|3|0|1|1|132|66|["132,66,2"]|14:00:49:859
62|1.1|636136522369444765|0|50454.8359375|6.61551379343|96.26793696911|-497618|-779598||50454.8359375|400||39906.25|400|50454.8359375|76ce62|X|0|2533|0|||3|3|0|1|1|132|66|["132,66,2"]|14:00:54:836
62|1.1|636136522419359756|0|50459.8359375|6.62034176243|96.2580610903|-498708|-779046||50459.8359375|400||39906.25|400|50459.8359375|76ce62|X|0|2533|0|||3|3|0|1|1|132|66|["132,66,2"]|14:00:59:836
62|1.1|636136522469284748|0|50464.8203125|6.62515900261|96.24822812677|-499794|-778495||50464.8203125|400||39906.25|400|50464.8203125|76ce62|X|0|2533|0|||3|3|0|1|1|132|66|["132,66,2"]|14:01:04:820
