62|1.1|636136510347972738|0|49252.6953125|11.54878616173|99.54794109069|-131033|-236142||49252.6953125|359.5||35943.75|357|49252.6953125|76d035|TGW2656|0|1671|0|||3|3|0|1|1|132|82|["132,18,5,3697","132,210,2,2115","132,82,5"]|13:40:52:695
62|1.1|636136510397907731|0|49257.6953125|11.55856011675|99.54277516386|-131592|-235058||49257.6953125|359.5||35950|357|49257.6953125|76d035|TGW2656|0|1671|0|||3|3|0|1|1|132|82|["132,18,5,3697","132,210,2,2115","132,82,5"]|13:40:57:695
62|1.1|636136510447822722|0|49262.6953125|11.56805512245|99.53790427958|-132118|-234005||49262.6953125|359.5||35950|357|49262.6953125|76d035|TGW2656|0|1671|0|||3|3|0|1|1|132|82|["132,18,5,3697","132,210,2,2115","132,82,5"]|13:41:02:695
62|1.1|636136510497747714|0|49267.6796875|11.57750721287|99.53299584443|-132649|-232956||49267.6796875|359.5||35956.25|357|49267.6796875|76d035|TGW2656|0|1671|0|||3|3|0|1|1|132|82|["132,18,5,3697","132,210,2,2115","132,82,5"]|13:41:07:680
62|1.1|636136510547662705|0|49272.6796875|11.58705586267|99.52796939226|-133193|-231897||49272.6796875|359.5||35962.5|357|49272.6796875|76d035|TGW2656|0|1671|0|||3|3|0|1|1|132|82|["132,18,5,3697","132,210,2,2115","132,82,5"]|13:41:12:680
62|1.1|636136510597587697|0|49277.65625|11.59660451247|99.52278200779|-133754|-230838||49277.65625|359.5||35975|357|49277.65625|76d035|TGW2656|0|1671|0|||3|3|0|1|1|132|82|["132,18,5,3697","132,210,2,2115","132,82,5"]|13:41:17:656
62|1.1|636136510647512689|0|49282.65625|11.60608342494|99.51749806394|-134325|-229786||49282.65625|359.5||35987.5|357|49282.65625|76d035|TGW2656|0|1671|0|||3|3|0|1|1|132|82|["132,18,5,3697","132,210,2,2115","132,82,5"]|13:41:22:656
62|1.1|636136510697437681|0|49287.65625|11.61569108325|99.51175278083|-134947|-228720||49287.65625|359.5||35981.25|357|49287.65625|76d035|TGW2656|0|1671|0|||3|3|0|1|1|132|82|["132,18,5,3697","132,210,2,2115","132,82,5"]|13:41:27:656
62|1.1|636136510747362673|0|49292.640625|11.62509489398|99.50662440487|-135502|-227677||49292.640625|359.5||35987.5|357|49292.640625|76d035|TGW2656|0|1671|0|||3|3|0|1|1|132|82|["132,18,5,3697","132,210,2,2115","132,82,5"]|13:41:32:641
62|1.1|636136510797277664|0|49297.640625|11.63437532328|99.50199491904|-136002|-226647||49297.640625|359.75||35993.75|357.25|49297.640625|76d035|TGW2656|0|1671|0|||3|3|0|1|1|132|82|["132,18,5,3697","132,210,2,2115","132,82,5"]|13:41:37:641
62|1.1|636136510847192655|0|49302.6171875|11.64355382879|99.49756928079|-136480|-225629||49302.6171875|359.75||36006.25|357.25|49302.6171875|76d035|TGW2656|0|1671|0|||3|3|0|1|1|132|82|["132,18,5,3697","132,210,2,2115","132,82,5"]|13:41:42:617
62|1.1|636136510897137649|0|49307.6171875|11.65271624107|99.49327775279|-136943|-224613||49307.6171875|360||36006.25|357.25|49307.6171875|76d035|TGW2656|0|1671|0|||3|3|0|1|1|132|210|["132,18,5,3697","132,210,2,2115","132,82,5"]|13:41:47:617
62|1.1|636136510947042639|0|49312.6171875|11.66166944136|99.48941001318|-137360|-223620||49312.6171875|360||36012.5|357.5|49312.6171875|76d035|TGW2656|0|1671|0|||3|3|0|1|1|132|210|["132,18,5,3697","132,210,2,2115","132,82,5"]|13:41:52:617
62|1.1|636136510996957630|0|49317.6015625|11.67093914184|99.48455522213|-137885|-222592||49317.6015625|360||36012.5|357.75|49317.6015625|76d035|TGW2656|0|1671|0|||3|3|0|1|1|132|210|["132,18,5,3697","132,210,2,2115","132,82,5"]|13:41:57:602
62|1.1|636136511046882622|0|49322.6015625|11.68046096959|99.47921226977|-138462|-221535||49322.6015625|360||36012.5|357.75|49322.6015625|76d035|TGW2656|0|1671|0|||3|3|0|1|1|132|210|["132,18,5,3697","132,210,2,2115","132,82,5"]|13:42:02:602
62|1.1|636136511096807614|0|49327.578125|11.68964483951|99.47473298742|-138946|-220516||49327.578125|360||36012.5|357.75|49327.578125|76d035|TGW2656|0|1671|0|||3|3|0|1|1|132|210|["132,18,5,3697","132,210,2,2115","132,82,5"]|13:42:07:578
62|1.1|636136511146722605|0|49332.578125|11.69901646378|99.4699479337|-139463|-219477||49332.578125|360||36012.5|357.75|49332.578125|76d035|TGW2656|0|1671|0|||3|3|0|1|1|132|210|["132,18,5,3697","132,210,2,2115","132,82,5"]|13:42:12:578
62|1.1|636136511196657598|0|49337.578125|11.7088440629|99.46396125214|-140110|-218386||49337.578125|360||36012.5|357.75|49337.578125|76d035|TGW2656|0|1671|0|||3|3|0|1|1|132|210|["132,18,5,3697","132,210,2,2115","132,82,5"]|13:42:17:578
62|1.1|636136511246572589|0|49342.5625|11.71856973823|99.45831252841|-140721|-217306||49342.5625|360||36018.75|358|49342.5625|76d035|TGW2656|0|1671|0|||3|3|0|1|1|132|210|["132,18,5,3697","132,210,2,2115","132,82,5"]|13:42:22:563
62|1.1|636136511296487580|0|49347.5625|11.72821494741|99.45301249133|-141294|-216236||49347.5625|360||36018.75|358|49347.5625|76d035|TGW2656|0|1671|0|||3|3|0|1|1|132|210|["132,18,5,3697","132,210,2,2115","132,82,5"]|13:42:27:563
62|1.1|636136511346412572|0|49352.5390625|11.73762412255|99.44817915792|-141816|-215193||49352.5390625|360||36025|358|49352.5390625|76d035|TGW2656|0|1671|0|||3|3|0|1|1|132|210|["132,18,5,3697","132,210,2,2115","132,82,5"]|13:42:32:539
62|1.1|636136511396337564|0|49357.5390625|11.74697965359|99.44356040091|-142314|-214155||49357.5390625|360||36031.25|358|49357.5390625|76d035|TGW2656|0|1671|0|||3|3|0|1|1|132|210|["132,18,5,3697","132,210,2,2115","132,82,5"]|13:42:37:539
62|1.1|636136511446262556|0|49362.5390625|11.75650148134|99.43877534719|-142831|-213098||49362.5390625|360||36031.25|358|49362.5390625|76d035|TGW2656|0|1671|0|||3|3|0|1|1|132|210|["132,18,5,3697","132,210,2,2115","132,82,5"]|13:42:42:539
62|1.1|636136511496177547|0|49367.515625|11.76608768201|99.43348067452|-143403|-212034||49367.515625|360||36025|358|49367.515625|76d035|TGW2656|0|1671|0|||3|3|0|1|1|132|210|["132,18,5,3697","132,210,2,2115","132,82,5"]|13:42:47:516
62|1.1|636136511546102539|0|49372.515625|11.77553440802|99.42865270552|-143924|-210986||49372.515625|360.25||36025|358|49372.515625|76d035|TGW2656|0|1671|0|||3|3|0|1|1|132|5|["132,18,5,3697","132,210,2,2115","132,82,5"]|13:42:52:516
62|1.1|636136511596017530|0|49377.5|11.78460026092|99.42452747423|-144369|-209981||49377.5|360||36037.5|358|49377.5|76d035|TGW2656|0|1671|0|||3|3|0|1|1|132|210|["132,18,5,3697","132,210,2,2115","132,82,5"]|13:42:57:500
62|1.1|636136511645942522|0|49382.5|11.79436885153|99.41898067429|-144968|-208897||49382.5|360||36025|358|49382.5|76d035|TGW2656|0|1671|0|||3|3|0|1|1|132|210|["132,18,5,3697","132,210,2,2115","132,82,5"]|13:43:02:500
62|1.1|636136511695867514|0|49387.5|11.80387995046|99.41391130684|-145515|-207841||49387.5|360||36025|358|49387.5|76d035|TGW2656|0|1671|0|||3|3|0|1|1|132|210|["132,18,5,3697","132,210,2,2115","132,82,5"]|13:43:07:500
62|1.1|636136511745782505|0|49392.4765625|11.81352515964|99.4085790833|-146091|-206771||49392.4765625|360||36018.75|358|49392.4765625|76d035|TGW2656|0|1671|0|||3|3|0|1|1|132|210|["132,18,5,3697","132,210,2,2115","132,82,5"]|13:43:12:477
62|1.1|636136511795717498|0|49397.4765625|11.82301480093|99.40361700405|-146626|-205718||49397.4765625|360||36025|358|49397.4765625|76d035|TGW2656|0|1671|0|||3|3|0|1|1|132|210|["132,18,5,3697","132,210,2,2115","132,82,5"]|13:43:17:477
62|1.1|636136511845632489|0|49402.4609375|11.83248834899|99.39869247567|-147158|-204667||49402.4609375|360||36025|357.75|49402.4609375|76d035|TGW2656|0|1671|0|||3|3|0|1|1|132|210|["132,18,5,3697","132,210,2,2115","132,82,5"]|13:43:22:461
62|1.1|636136511895547480|0|49407.4609375|11.84160248158|99.39434193916|-147627|-203656||49407.4609375|360||36018.75|357.75|49407.4609375|76d035|TGW2656|0|1671|0|||3|3|0|1|1|132|210|["132,18,5,3697","132,210,2,2115","132,82,5"]|13:43:27:461
62|1.1|636136511945472472|0|49412.4609375|11.85067369889|99.39005577557|-148089|-202649||49412.4609375|360||36018.75|357.75|49412.4609375|76d035|TGW2656|0|1671|0|||3|3|0|1|1|132|210|["132,18,5,3697","132,210,2,2115","132,82,5"]|13:43:32:461
62|1.1|636136511995397464|0|49417.4375|11.85917092433|99.3856730526|-148561|-201707||49417.4375|360||35993.75|357.75|49417.4375|76d035|TGW2656|0|1671|0|||3|3|0|1|1|132|210|["132,18,5,3697","132,210,2,2115","132,82,5"]|13:43:37:438
62|1.1|636136512045312455|0|49422.4375|11.86851572655|99.38085581242|-149081|-200670||49422.4375|360||35993.75|357.75|49422.4375|76d035|TGW2656|0|1671|0|||3|3|0|1|1|132|210|["132,18,5,3697","132,210,2,2115","132,82,5"]|13:43:42:438
62|1.1|636136512095237447|0|49427.421875|11.87798927461|99.37592055522|-149613|-199619||49427.421875|360||35993.75|357.75|49427.421875|76d035|TGW2656|0|1671|0|||3|3|0|1|1|132|210|["132,18,5,3697","132,210,2,2115","132,82,5"]|13:43:47:422
62|1.1|636136512145162439|0|49432.421875|11.88741990739|99.37100675566|-150144|-198572||49432.421875|360||36000|357.75|49432.421875|76d035|TGW2656|0|1671|0|||3|3|0|1|1|132|210|["132,18,5,3697","132,210,2,2115","132,82,5"]|13:43:52:422
62|1.1|636136512195077430|0|49437.421875|11.89711876067|99.36589983734|-150694|-197496||49437.421875|360||36025|357.75|49437.421875|76d035|TGW2656|0|1671|0|||3|3|0|1|1|132|210|["132,18,5,3697","132,210,2,2115","132,82,5"]|13:43:57:422
62|1.1|636136512245002422|0|49442.3984375|11.90675860544|99.36065880877|-151260|-196426||49442.3984375|360||36043.75|357.75|49442.3984375|76d035|TGW2656|0|1671|0|||3|3|0|1|1|132|210|["132,18,5,3697","132,210,2,2115","132,82,5"]|13:44:02:398
62|1.1|636136512294927414|0|49447.3984375|11.91648964518|99.35531585641|-151836|-195346||49447.3984375|360||36043.75|357.5|49447.3984375|76d035|TGW2656|0|1671|0|||3|3|0|1|1|132|210|["132,18,5,3697","132,210,2,2115","132,82,5"]|13:44:07:398
62|1.1|636136512344842405|0|49452.375|11.92589345591|99.35052007387|-152353|-194302||49452.375|360||36050|357.5|49452.375|76d035|TGW2656|0|1671|0|||3|3|0|1|1|132|210|["132,18,5,3697","132,210,2,2115","132,82,5"]|13:44:12:375
62|1.1|636136512394767397|0|49457.375|11.93545819894|99.34541315555|-152904|-193241||49457.375|360||36043.75|357.5|49457.375|76d035|TGW2656|0|1671|0|||3|3|0|1|1|132|210|["132,18,5,3697","132,210,2,2115","132,82,5"]|13:44:17:375
62|1.1|636136512444692389|0|49462.375|11.94506049284|99.3400755676|-153480|-192175||49462.375|360||36031.25|357.5|49462.375|76d035|TGW2656|0|1671|0|||3|3|0|1|1|132|210|["132,18,5,3697","132,210,2,2115","132,82,5"]|13:44:22:375
62|1.1|636136512494607380|0|49467.359375|11.95452331208|99.33509203071|-154017|-191125||49467.359375|360||36018.75|357.5|49467.359375|76d035|TGW2656|0|1671|0|||3|3|0|1|1|132|210|["132,18,5,3697","132,210,2,2115","132,82,5"]|13:44:27:359
62|1.1|636136512544532372|0|49472.359375|11.96414706362|99.3296686122|-154602|-190057||49472.359375|360||35993.75|357.5|49472.359375|76d035|TGW2656|0|1671|0|||3|3|0|1|1|132|210|["132,18,5,3697","132,210,2,2115","132,82,5"]|13:44:32:359
62|1.1|636136512594457364|0|49477.3359375|11.97270866198|99.32576868613|-155022|-189107||49477.3359375|360||35968.75|357.5|49477.3359375|76d035|TGW2656|0|1671|0|||3|3|0|1|1|132|210|["132,18,5,3697","132,210,2,2115","132,82,5"]|13:44:37:336
62|1.1|636136512644372355|0|49482.3359375|11.9808196499|99.321514709|-155481|-188207||49482.3359375|360||35956.25|357.75|49482.3359375|76d035|TGW2656|0|1671|0|||3|3|0|1|1|132|210|["132,18,5,3697","132,210,2,2115","132,82,5"]|13:44:42:336
62|1.1|636136512694297347|0|49487.3359375|11.99009471479|99.31665455354|-156004|-187178||49487.3359375|360||35962.5|357.75|49487.3359375|76d035|TGW2656|0|1671|0|||3|3|0|1|1|132|210|["132,18,5,3697","132,210,2,2115","132,82,5"]|13:44:47:336
62|1.1|636136512744222339|0|49492.3203125|12.00005642416|99.31166565224|-156542|-186072||49492.3203125|360||35993.75|357.75|49492.3203125|76d035|TGW2656|0|1671|0|||3|3|0|1|1|132|210|["132,18,5,3697","132,210,2,2115","132,82,5"]|13:44:52:320
62|1.1|636136512794147331|0|49497.3203125|12.00949242135|99.30674648827|-157072|-185025||49497.3203125|360||36006.25|357.75|49497.3203125|76d035|TGW2656|0|1671|0|||3|3|0|1|1|132|210|["132,18,5,3697","132,210,2,2115","132,82,5"]|13:44:57:320
62|1.1|636136512844062322|0|49502.296875|12.0191751814|99.30176831579|-157608|-183951||49502.296875|360||36012.5|357.75|49502.296875|76d035|TGW2656|0|1671|0|||3|3|0|1|1|132|210|["132,18,5,3697","132,210,2,2115","132,82,5"]|13:45:02:297
62|1.1|636136512893987314|0|49507.296875|12.02896522965|99.29666676188|-158158|-182864||49507.296875|360||36012.5|357.75|49507.296875|76d035|TGW2656|0|1671|0|||3|3|0|1|1|132|210|["132,18,5,3697","132,210,2,2115","132,82,5"]|13:45:07:297
62|1.1|636136512943902305|0|49512.296875|12.03767166708|99.29203191164|-158657|-181898||49512.296875|360||36000|357.75|49512.296875|76d035|TGW2656|0|1671|0|||3|3|0|1|1|132|210|["132,18,5,3697","132,210,2,2115","132,82,5"]|13:45:12:297
62|1.1|636136512993827297|0|49517.28125|12.0469628252|99.28715029854|-159183|-180867||49517.28125|360||36000|357.75|49517.28125|76d035|TGW2656|0|1671|0|||3|3|0|1|1|132|210|["132,18,5,3697","132,210,2,2115","132,82,5"]|13:45:17:281
62|1.1|636136513043752289|0|49522.28125|12.05704255159|99.28199510053|-159738|-179748||49522.28125|360||36000|357.5|49522.28125|76d035|TGW2656|0|1671|0|||3|3|0|1|1|132|210|["132,18,5,3697","132,210,2,2115","132,82,5"]|13:45:22:281
62|1.1|636136513093677281|0|49527.2578125|12.06650000642|99.27697937718|-160278|-178698||49527.2578125|360||36006.25|357.75|49527.2578125|76d035|TGW2656|0|1671|0|||3|3|0|1|1|132|210|["132,18,5,3697","132,210,2,2115","132,82,5"]|13:45:27:258
62|1.1|636136513143602273|0|49532.2578125|12.07607011386|99.27201193352|-160813|-177636||49532.2578125|360||36006.25|357.75|49532.2578125|76d035|TGW2656|0|1671|0|||3|3|0|1|1|132|210|["132,18,5,3697","132,210,2,2115","132,82,5"]|13:45:32:258
62|1.1|636136513193517264|0|49537.2578125|12.0856402213|99.2670123034|-161351|-176574||49537.2578125|360||36012.5|357.75|49537.2578125|76d035|TGW2656|0|1671|0|||3|3|0|1|1|132|210|["132,18,5,3697","132,210,2,2115","132,82,5"]|13:45:37:258
62|1.1|636136513243442256|0|49542.2421875|12.09541417632|99.2617551816|-161918|-175489||49542.2421875|360||36018.75|357.75|49542.2421875|76d035|TGW2656|0|1671|0|||3|3|0|1|1|132|18|["132,18,5,3697","132,210,2,2115","132,82,5"]|13:45:42:242
62|1.1|636136513293357247|0|49547.2421875|12.10521495339|99.25617083079|-162520|-174401||49547.2421875|360||36018.75|357.75|49547.2421875|76d035|TGW2656|0|1671|0|||3|3|0|1|1|132|18|["132,18,5,3697","132,210,2,2115","132,82,5"]|13:45:47:242
62|1.1|636136513343302241|0|49552.21875|12.11496208636|99.25044700532|-163137|-173319||49552.21875|360||36006.25|357.75|49552.21875|76d035|TGW2656|0|1671|0|||3|3|0|1|1|132|18|["132,18,5,3697","132,210,2,2115","132,82,5"]|13:45:52:219
62|1.1|636136513393207231|0|49557.21875|12.12460729554|99.2452327988|-163698|-172248||49557.21875|360||35987.5|357.75|49557.21875|76d035|TGW2656|0|1671|0|||3|3|0|1|1|132|210|["132,18,5,3697","132,210,2,2115","132,82,5"]|13:45:57:219
62|1.1|636136513443122222|0|49562.21875|12.13434369969|99.239439236|-164322|-171167||49562.21875|360||35956.25|357.75|49562.21875|76d035|TGW2656|0|1671|0|||3|3|0|1|1|132|210|["132,18,5,3697","132,210,2,2115","132,82,5"]|13:46:02:219
62|1.1|636136513493047214|0|49567.1953125|12.14380651893|99.23432695327|-164873|-170116||49567.1953125|360||35943.75|357.75|49567.1953125|76d035|TGW2656|0|1671|0|||3|3|0|1|1|132|18|["132,18,5,3697","132,210,2,2115","132,82,5"]|13:46:07:195
62|1.1|636136513542972206|0|49572.1953125|12.15340344842|99.22883916184|-165464|-169051||49572.1953125|360||35918.75|357.75|49572.1953125|76d035|TGW2656|0|1671|0|||3|3|0|1|1|132|18|["132,18,5,3697","132,210,2,2115","132,82,5"]|13:46:12:195
62|1.1|636136513592887197|0|49577.1796875|12.16256049629|99.22451544738|-165929|-168035||49577.1796875|360||35937.5|357.75|49577.1796875|76d035|TGW2656|0|1671|0|||3|3|0|1|1|132|83|["132,18,5,3697","132,210,2,2115","132,82,5"]|13:46:17:180
62|1.1|636136513642812189|0|49582.1796875|12.17196430702|99.21933879173|-166486|-166991||49582.1796875|360||35925|357.75|49582.1796875|76d035|TGW2656|0|1671|0|||3|3|0|1|1|132|210|["132,18,5,3697","132,210,2,2115","132,82,5"]|13:46:22:180
62|1.1|636136513692737181|0|49587.1796875|12.18140566862|99.2144410854|-167013|-165943||49587.1796875|360||35918.75|357.75|49587.1796875|76d035|TGW2656|0|1671|0|||3|3|0|1|1|132|18|["132,18,5,3697","132,210,2,2115","132,82,5"]|13:46:27:180
62|1.1|636136513742662173|0|49592.15625|12.19070755556|99.20960238758|-167534|-164910||49592.15625|360||35925|357.5|49592.15625|76d035|TGW2656|0|1671|0|||3|3|0|1|1|132|18|["132,18,5,3697","132,210,2,2115","132,82,5"]|13:46:32:156
62|1.1|636136513792577164|0|49597.15625|12.20014355275|99.20465640156|-168066|-163863||49597.15625|359.75||35918.75|357.5|49597.15625|76d035|TGW2656|0|1671|0|||3|3|0|1|1|132|18|["132,18,5,3697","132,210,2,2115","132,82,5"]|13:46:37:156
62|1.1|636136513842502156|0|49602.140625|12.20948299056|99.19969432231|-168600|-162826||49602.140625|359.75||35912.5|357.5|49602.140625|76d035|TGW2656|0|1671|0|||3|3|0|1|1|132|18|["132,18,5,3697","132,210,2,2115","132,82,5"]|13:46:42:141
62|1.1|636136513892417147|0|49607.140625|12.2189994539|99.19460886163|-169147|-161770||49607.140625|359.75||35900|357.5|49607.140625|76d035|TGW2656|0|1671|0|||3|3|0|1|1|132|18|["132,18,5,3697","132,210,2,2115","132,82,5"]|13:46:47:141
62|1.1|636136513942342139|0|49612.140625|12.22822087469|99.1899793758|-169645|-160746||49612.140625|359.75||35912.5|357.5|49612.140625|76d035|TGW2656|0|1671|0|||3|3|0|1|1|132|18|["132,18,5,3697","132,210,2,2115","132,82,5"]|13:46:52:141
62|1.1|636136513992267131|0|49617.1171875|12.23735110051|99.18560738165|-170115|-159733||49617.1171875|359.75||35931.25|357.5|49617.1171875|76d035|TGW2656|0|1671|0|||3|3|0|1|1|132|18|["132,18,5,3697","132,210,2,2115","132,82,5"]|13:46:57:117
62|1.1|636136514042032107|0|49622.1171875|12.24451795227|99.18324167684|-170367|-158938||49622.1171875|359.75||35981.25|357.5|49622.1171875|76d035|TGW2656|0|1671|0|||3|3|0|1|1|132|18|["132,18,5,3697","132,210,2,2115","132,82,5"]|13:47:02:117
62|1.1|636136514092107114|0|49627.1015625|12.25357307635|99.17878385213|-170846|-157933||49627.1015625|359.75||35993.75|357.5|49627.1015625|76d035|TGW2656|0|1671|0|||3|3|0|1|1|132|18|["132,18,5,3697","132,210,2,2115","132,82,5"]|13:47:07:102
62|1.1|636136514141892092|0|49632.1015625|12.26359379423|99.173456993|-171419|-156821||49632.1015625|360||35993.75|357.75|49632.1015625|76d035|TGW2656|0|1671|0|||3|3|0|1|1|132|83|["132,18,5,3697","132,210,2,2115","132,82,5"]|13:47:12:102
62|1.1|636136514191947097|0|49637.1015625|12.27368961385|99.16788873542|-172018|-155700||49637.1015625|359.75||36000|357.75|49637.1015625|76d035|TGW2656|0|1671|0|||3|3|0|1|1|132|5|["132,18,5,3697","132,210,2,2115","132,82,5"]|13:47:17:102
62|1.1|636136514241722074|0|49642.078125|12.28254625476|99.1635864786|-172480|-154717||49642.078125|360||36006.25|357.75|49642.078125|76d035|TGW2656|0|1671|0|||3|3|0|1|1|132|18|["132,18,5,3697","132,210,2,2115","132,82,5"]|13:47:22:078
62|1.1|636136514291637065|0|49647.078125|12.29201443841|99.15873168755|-173002|-153666||49647.078125|359.75||35981.25|357.5|49647.078125|76d035|TGW2656|0|1671|0|||3|3|0|1|1|132|18|["132,18,5,3697","132,210,2,2115","132,82,5"]|13:47:27:078
62|1.1|636136514341562057|0|49652.0625|12.30055994354|99.15422021874|-173487|-152717||49652.0625|359.75||35975|357.5|49652.0625|76d035|TGW2656|0|1671|0|||3|3|0|1|1|132|18|["132,18,5,3697","132,210,2,2115","132,82,5"]|13:47:32:063
62|1.1|636136514391487049|0|49657.0625|12.31053238173|99.14914012247|-174033|-151610||49657.0625|359.75||35968.75|357.5|49657.0625|76d035|TGW2656|0|1671|0|||3|3|0|1|1|132|18|["132,18,5,3697","132,210,2,2115","132,82,5"]|13:47:37:063
62|1.1|636136514441412041|0|49662.0625|12.31997374333|99.14431215347|-174552|-150562||49662.0625|360||35968.75|357.75|49662.0625|76d035|TGW2656|0|1671|0|||3|3|0|1|1|132|18|["132,18,5,3697","132,210,2,2115","132,82,5"]|13:47:42:063
62|1.1|636136514491327032|0|49667.0390625|12.3308474024|99.1386956162|-175155|-149355||49667.0390625|360||35993.75|357.75|49667.0390625|76d035|TGW2656|0|1671|0|||3|3|0|1|1|132|18|["132,18,5,3697","132,210,2,2115","132,82,5"]|13:47:47:039
62|1.1|636136514541252024|0|49672.0390625|12.3405033404|99.13366916403|-175695|-148283||49672.0390625|360||36006.25|357.75|49672.0390625|76d035|TGW2656|0|1671|0|||3|3|0|1|1|132|18|["132,18,5,3697","132,210,2,2115","132,82,5"]|13:47:52:039
62|1.1|636136514591167015|0|49677.015625|12.34984277821|99.12856224571|-176244|-147246||49677.015625|360||36012.5|357.75|49677.015625|76d035|TGW2656|0|1671|0|||3|3|0|1|1|132|18|["132,18,5,3697","132,210,2,2115","132,82,5"]|13:47:57:016
62|1.1|636136514641092007|0|49682.015625|12.35913930074|99.12341241211|-176798|-146213||49682.015625|360||36018.75|357.75|49682.015625|76d035|TGW2656|0|1671|0|||3|3|0|1|1|132|18|["132,18,5,3697","132,210,2,2115","132,82,5"]|13:48:02:016
62|1.1|636136514691016999|0|49687.015625|12.36853774706|99.11850397696|-177325|-145170||49687.015625|360||36018.75|357.75|49687.015625|76d035|TGW2656|0|1671|0|||3|3|0|1|1|132|18|["132,18,5,3697","132,210,2,2115","132,82,5"]|13:48:07:016
62|1.1|636136514740941991|0|49692|12.37790400692|99.11334877895|-177879|-144130||49692|360||36018.75|357.75|49692|76d035|TGW2656|0|1671|0|||3|3|0|1|1|132|18|["132,18,5,3697","132,210,2,2115","132,82,5"]|13:48:12:000
62|1.1|636136514791016998|0|49697|12.38737219057|99.10829550473|-178422|-143079||49697|359.75||36000|357.5|49697|76d035|TGW2656|0|1671|0|||3|3|0|1|1|132|18|["132,18,5,3697","132,210,2,2115","132,82,5"]|13:48:17:000
62|1.1|636136514840781974|0|49701.9765625|12.39685110304|99.10294718796|-178997|-142026||49701.9765625|359.75||35975|357.5|49701.9765625|76d035|TGW2656|0|1671|0|||3|3|0|1|1|132|18|["132,18,5,3697","132,210,2,2115","132,82,5"]|13:48:21:977
62|1.1|636136514890696965|0|49706.9765625|12.4063246511|99.09782954082|-179547|-140974||49706.9765625|359.75||35962.5|357.5|49706.9765625|76d035|TGW2656|0|1671|0|||3|3|0|1|1|132|18|["132,18,5,3697","132,210,2,2115","132,82,5"]|13:48:26:977
62|1.1|636136514940621957|0|49711.9765625|12.41579819916|99.09264752076|-180104|-139922||49711.9765625|359.75||35943.75|357.5|49711.9765625|76d035|TGW2656|0|1671|0|||3|3|0|1|1|132|18|["132,18,5,3697","132,210,2,2115","132,82,5"]|13:48:31:977
62|1.1|636136514990546949|0|49716.9609375|12.42500352672|99.08794293319|-180609|-138900||49716.9609375|359.75||35950|357.5|49716.9609375|76d035|TGW2656|0|1671|0|||3|3|0|1|1|132|18|["132,18,5,3697","132,210,2,2115","132,82,5"]|13:48:36:961
62|1.1|636136515040461940|0|49721.9609375|12.43444488832|99.08280919282|-181160|-137852||49721.9609375|359.75||35937.5|357.5|49721.9609375|76d035|TGW2656|0|1671|0|||3|3|0|1|1|132|18|["132,18,5,3697","132,210,2,2115","132,82,5"]|13:48:41:961
62|1.1|636136515090386932|0|49726.9375|12.4437145888|99.07801877469|-181675|-136823||49726.9375|359.75||35943.75|357.5|49726.9375|76d035|TGW2656|0|1671|0|||3|3|0|1|1|132|18|["132,18,5,3697","132,210,2,2115","132,82,5"]|13:48:46:938
62|1.1|636136515140311924|0|49731.9375|12.45310767071|99.07302450898|-182211|-135779||49731.9375|359.75||35943.75|357.5|49731.9375|76d035|TGW2656|0|1671|0|||3|3|0|1|1|132|18|["132,18,5,3697","132,210,2,2115","132,82,5"]|13:48:51:938
62|1.1|636136515190226915|0|49736.9375|12.46246856616|99.06813216706|-182736|-134740||49736.9375|359.75||35943.75|357.5|49736.9375|76d035|TGW2656|0|1671|0|||3|3|0|1|1|132|18|["132,18,5,3697","132,210,2,2115","132,82,5"]|13:48:56:938
62|1.1|636136515240151907|0|49741.921875|12.47181873279|99.06315399458|-183270|-133702||49741.921875|359.75||35937.5|357.5|49741.921875|76d035|TGW2656|0|1671|0|||3|3|0|1|1|132|18|["132,18,5,3697","132,210,2,2115","132,82,5"]|13:49:01:922
62|1.1|636136515290076899|0|49746.921875|12.48123863675|99.05807926272|-183815|-132656||49746.921875|359.75||35931.25|357.5|49746.921875|76d035|TGW2656|0|1671|0|||3|3|0|1|1|132|18|["132,18,5,3697","132,210,2,2115","132,82,5"]|13:49:06:922
62|1.1|636136515340001891|0|49751.8984375|12.49044932872|99.05342831925|-184314|-131633||49751.8984375|359.75||35937.5|357.5|49751.8984375|76d035|TGW2656|0|1671|0|||3|3|0|1|1|132|18|["132,18,5,3697","132,210,2,2115","132,82,5"]|13:49:11:898
62|1.1|636136515389916882|0|49756.8984375|12.49964392746|99.04874518932|-184817|-130612||49756.8984375|359.75||35943.75|357.5|49756.8984375|76d035|TGW2656|0|1671|0|||3|3|0|1|1|132|18|["132,18,5,3697","132,210,2,2115","132,82,5"]|13:49:16:898
62|1.1|636136515439841874|0|49761.8984375|12.50871514477|99.04412643231|-185312|-129605||49761.8984375|359.75||35943.75|357.5|49761.8984375|76d035|TGW2656|0|1671|0|||3|3|0|1|1|132|18|["132,18,5,3697","132,210,2,2115","132,82,5"]|13:49:21:898
62|1.1|636136515489766866|0|49766.875|12.51802239612|99.0392394548|-185836|-128571||49766.875|359.75||35943.75|357.5|49766.875|76d035|TGW2656|0|1671|0|||3|3|0|1|1|132|83|["132,18,5,3697","132,210,2,2115","132,82,5"]|13:49:26:875
62|1.1|636136515539681857|0|49771.875|12.52754422387|99.03417545176|-186380|-127514||49771.875|359.75||35937.5|357.5|49771.875|76d035|TGW2656|0|1671|0|||3|3|0|1|1|132|18|["132,18,5,3697","132,210,2,2115","132,82,5"]|13:49:31:875
62|1.1|636136515589606849|0|49776.859375|12.53663153441|99.0295298727|-186878|-126505||49776.859375|359.75||35943.75|357.5|49776.859375|76d035|TGW2656|0|1671|0|||3|3|0|1|1|132|18|["132,18,5,3697","132,210,2,2115"]|13:49:36:859
62|1.1|636136515639541842|0|49781.859375|12.54600315868|99.02467508165|-187399|-125465||49781.859375|359.75||35950|357.5|49781.859375|76d035|TGW2656|0|1671|0|||3|3|0|1|1|132|83|["132,18,5,3697","132,210,2,2115"]|13:49:41:859
62|1.1|636136515689446832|0|49786.859375|12.55479542667|99.02032454514|-187865|-124488||49786.859375|359.75||35962.5|357.5|49786.859375|76d035|TGW2656|0|1671|0|||3|3|0|1|1|132|83|["132,18,5,3697","132,210,2,2115"]|13:49:46:859
62|1.1|636136515739391826|0|49791.8359375|12.56444063585|99.01513716067|-188421|-123417||49791.8359375|360||35962.5|357.5|49791.8359375|76d035|TGW2656|0|1671|0|||3|3|0|1|1|132|210|["132,18,5,3697","132,210,2,2115"]|13:49:51:836
62|1.1|636136515789296816|0|49796.8359375|12.57425750615|99.0101643526|-188954|-122327||49796.8359375|360||36006.25|357.75|49796.8359375|76d035|TGW2656|0|1671|0|||3|3|0|1|1|132|83|["132,18,5,3697","132,210,2,2115"]|13:49:56:836
62|1.1|636136515839211807|0|49801.8203125|12.58370959657|99.00526128186|-189480|-121277||49801.8203125|360||36012.5|357.75|49801.8203125|76d035|TGW2656|0|1671|0|||3|3|0|1|1|132|83|["132,18,5,3697","132,210,2,2115"]|13:50:01:820
62|1.1|636136515889146800|0|49806.8203125|12.59229801698|99.00074444864|-189964|-120324||49806.8203125|360||36006.25|357.75|49806.8203125|76d035|TGW2656|0|1671|0|||3|3|0|1|1|132|83|["132,18,5,3697","132,210,2,2115"]|13:50:06:820
62|1.1|636136515939051790|0|49811.8203125|12.60237237896|98.99558388622|-190518|-119205||49811.8203125|360||36006.25|357.75|49811.8203125|76d035|TGW2656|0|1671|0|||3|3|0|1|1|132|83|["132,18,5,3697","132,210,2,2115"]|13:50:11:820
62|1.1|636136515988976782|0|49816.796875|12.61144896068|98.99078810368|-191032|-118197||49816.796875|360||36006.25|357.75|49816.796875|76d035|TGW2656|0|1671|0|||3|3|0|1|1|132|83|["132,18,5,3697","132,210,2,2115"]|13:50:16:797
62|1.1|636136516038901774|0|49821.796875|12.62021977103|98.98608888052|-191536|-117223||49821.796875|360||36006.25|357.75|49821.796875|76d035|TGW2656|0|1671|0|||3|3|0|1|1|132|5|["132,18,5,3697","132,210,2,2115"]|13:50:21:797
62|1.1|636136516088826766|0|49826.78125|12.62928025952|98.98127164034|-192052|-116216||49826.78125|360||36006.25|357.75|49826.78125|76d035|TGW2656|0|1671|0|||3|3|0|1|1|132|210|["132,18,5,3697","132,210,2,2115"]|13:50:26:781
62|1.1|636136516138751758|0|49831.78125|12.63833001919|98.97648122221|-192566|-115211||49831.78125|360||36006.25|357.75|49831.78125|76d035|TGW2656|0|1671|0|||3|3|0|1|1|132|210|["132,18,5,3697","132,210,2,2115"]|13:50:31:781
62|1.1|636136516188666749|0|49836.78125|12.64742805855|98.97168007526|-193081|-114201||49836.78125|360||36006.25|357.75|49836.78125|76d035|TGW2656|0|1671|0|||3|3|0|1|1|132|210|["132,18,5,3697","132,210,2,2115"]|13:50:36:781
62|1.1|636136516238581740|0|49841.7578125|12.65844655669|98.96626738557|-193660|-112977||49841.7578125|360||36000|357.75|49841.7578125|76d035|TGW2656|0|1671|0|||3|3|0|1|1|132|5|["132,18,5,3697","132,210,2,2115"]|13:50:41:758
62|1.1|636136516288506732|0|49846.7578125|12.66695451095|98.96169690825|-194150|-112032||49846.7578125|360||36000|357.75|49846.7578125|76d035|TGW2656|0|1671|0|||3|3|0|1|1|132|210|["132,18,5,3697","132,210,2,2115"]|13:50:46:758
62|1.1|636136516338421723|0|49851.7421875|12.67620275379|98.95684748161|-194669|-111005||49851.7421875|360||36000|357.75|49851.7421875|76d035|TGW2656|0|1671|0|||3|3|0|1|1|132|210|["132,18,5,3697","132,210,2,2115"]|13:50:51:742
62|1.1|636136516388346715|0|49856.7421875|12.68608936142|98.95164400391|-195227|-109907||49856.7421875|360||36006.25|357.75|49856.7421875|76d035|TGW2656|0|1671|0|||3|3|0|1|1|132|5|["132,18,5,3697","132,210,2,2115"]|13:50:56:742
62|1.1|636136516438271707|0|49861.7421875|12.69550390097|98.94649417031|-195779|-108861||49861.7421875|360||35981.25|357.75|49861.7421875|76d035|TGW2656|0|1671|0|||3|3|0|1|1|132|5|["132,18,5,3697","132,210,2,2115"]|13:51:01:742
62|1.1|636136516488186698|0|49866.71875|12.70465022002|98.94170911659|-196292|-107845||49866.71875|360||35993.75|357.75|49866.71875|76d035|TGW2656|0|1671|0|||3|3|0|1|1|132|5|["132,18,5,3697","132,114,4,549","132,210,2,2115"]|13:51:06:719
62|1.1|636136516538111690|0|49871.71875|12.71404330193|98.93676313057|-196822|-106802||49871.71875|360||35987.5|357.75|49871.71875|76d035|TGW2656|0|1671|0|||3|3|0|1|1|132|83|["132,18,5,3697","132,114,4,549","132,210,2,2115"]|13:51:11:719
62|1.1|636136516588036682|0|49876.6953125|12.72484722367|98.93142554262|-197393|-105602||49876.6953125|360||36000|357.75|49876.6953125|76d035|TGW2656|0|1671|0|||3|3|0|1|1|132|114|["132,18,5,3697","132,114,5,549","132,210,2,2115"]|13:51:16:695
62|1.1|636136516637961674|0|49881.6953125|12.73475528894|98.92634544635|-197937|-104502||49881.6953125|359.75||36000|357.5|49881.6953125|76d035|TGW2656|0|1671|0|||3|3|0|1|1|132|114|["132,18,5,3697","132,114,5,549","132,210,2,2115"]|13:51:21:695
62|1.1|636136516687876665|0|49886.6953125|12.74453460837|98.92131899418|-198475|-103416||49886.6953125|360||36000|357.75|49886.6953125|76d035|TGW2656|0|1671|0|||3|3|0|1|1|132|114|["132,18,5,3697","132,114,5,549","132,210,2,2115"]|13:51:26:695
62|1.1|636136516737801657|0|49891.6796875|12.75430856339|98.91755317836|-198876|-102331||49891.6796875|360||36006.25|357.75|49891.6796875|76d035|TGW2656|0|1671|0|||3|3|0|1|1|132|5|["132,18,5,3697","132,114,5,549","132,210,2,2115"]|13:51:31:680
62|1.1|636136516787726649|0|49896.6796875|12.76437756096|98.91328847241|-199331|-101214||49896.6796875|360||36006.25|357.75|49896.6796875|76d035|TGW2656|0|1671|0|||3|3|0|1|1|132|5|["132,18,5,3697","132,114,5,549","132,210,2,2115"]|13:51:36:680
62|1.1|636136516837651641|0|49901.65625|12.77360971057|98.90925443609|-199761|-100189||49901.65625|360||36006.25|357.75|49901.65625|76d035|TGW2656|0|1671|0|||3|3|0|1|1|132|114|["132,18,5,3697","132,114,5,549","132,210,2,2115"]|13:51:41:656
62|1.1|636136516887576633|0|49906.65625|12.78327637739|98.90477515374|-200240|-99116||49906.65625|360||36012.5|357.75|49906.65625|76d035|TGW2656|0|1671|0|||3|3|0|1|1|132|114|["132,18,5,3697","132,114,5,549","132,210,2,2115"]|13:51:46:656
62|1.1|636136516937491624|0|49911.65625|12.79491714709|98.90142239749|-200595|-97824||49911.65625|360.25||36006.25|358|49911.65625|76d035|TGW2656|0|1671|0|||3|3|0|1|1|132|114|["132,18,5,3697","132,114,5,549","132,210,2,2115"]|13:51:51:656
62|1.1|636136516987406615|0|49916.640625|12.80336609284|98.89827885323|-200929|-96887||49916.640625|360.25||36031.25|358|49916.640625|76d035|TGW2656|0|1671|0|||3|3|0|1|1|132|114|["132,18,5,3697","132,114,5,549","132,210,2,2115"]|13:51:56:641
62|1.1|636136517037331607|0|49921.640625|12.8130005732|98.89444330008|-201338|-95818||49921.640625|360||36037.5|358|49921.640625|76d035|TGW2656|0|1671|0|||3|3|0|1|1|132|114|["132,18,5,3697","132,114,5,549","132,210,2,2115"]|13:52:01:641
62|1.1|636136517087256599|0|49926.6171875|12.82398688488|98.89198103589|-201596|-94600||49926.6171875|360.25||36031.25|358|49926.6171875|76d035|TGW2656|0|1671|0|||3|3|0|1|1|132|114|["132,18,5,3697","132,114,5,549","132,210,2,2115"]|13:52:06:617
62|1.1|636136517137201593|0|49931.6171875|12.83410952655|98.8883922456|-201978|-93477||49931.6171875|360.25||36037.5|358|49931.6171875|76d035|TGW2656|0|1671|0|||3|3|0|1|1|132|114|["132,18,5,3697","132,114,5,549","132,210,2,2115"]|13:52:11:617
62|1.1|636136517187096582|0|49936.6171875|12.84423216822|98.88488928587|-202350|-92354||49936.6171875|360.25||36043.75|358|49936.6171875|76d035|TGW2656|0|1671|0|||3|3|0|1|1|132|114|["132,18,5,3697","132,114,5,549","132,210,2,2115"]|13:52:16:617
62|1.1|636136517237021574|0|49941.6015625|12.8539310215|98.8819013095|-202666|-91278||49941.6015625|360.25||36025|358|49941.6015625|76d035|TGW2656|0|1671|0|||3|3|0|1|1|132|5|["132,18,5,3697","132,114,5,549","132,210,2,2115"]|13:52:21:602
62|1.1|636136517286966568|0|49946.6015625|12.86365133242|98.87856464648|-203021|-90200||49946.6015625|360.25||36025|358|49946.6015625|76d035|TGW2656|0|1671|0|||3|3|0|1|1|132|83|["132,18,5,3697","132,114,5,549","132,210,2,2115"]|13:52:26:602
62|1.1|636136517336871558|0|49951.578125|12.87362913502|98.87509387321|-203389|-89093||49951.578125|360||36025|358|49951.578125|76d035|TGW2656|0|1671|0|||3|3|0|1|1|132|210|["132,18,5,3697","132,114,5,549","132,210,2,2115"]|13:52:31:578
62|1.1|636136517386786549|0|49956.578125|12.88510360801|98.87125295565|-203796|-87820||49956.578125|360.25||36025|358|49956.578125|76d035|TGW2656|0|1671|0|||3|3|0|1|1|132|5|["132,18,5,3697","132,114,5,549","132,210,2,2115"]|13:52:36:578
62|1.1|636136517436721542|0|49961.578125|12.89561785161|98.86767489418|-204176|-86654||49961.578125|360||36025|358|49961.578125|76d035|TGW2656|0|1671|0|||3|3|0|1|1|132|210|["132,18,5,3697","132,114,5,549","132,210,2,2115"]|13:52:41:578
62|1.1|636136517486626532|0|49966.5625|12.90486609445|98.86404318861|-204563|-85627||49966.5625|360||36018.75|358|49966.5625|76d035|TGW2656|0|1671|0|||3|3|0|1|1|132|210|["132,18,5,3697","132,210,2,2115"]|13:52:46:563
62|1.1|636136517536551524|0|49971.5625|12.91431282046|98.86043294068|-204946|-84579||49971.5625|360.25||36018.75|358|49971.5625|76d035|TGW2656|0|1671|0|||3|3|0|1|1|132|5|["132,18,5,3697","132,210,2,2115"]|13:52:51:563
62|1.1|636136517586476516|0|49976.5390625|12.9248485217|98.85666176045|-205347|-83410||49976.5390625|360.25||36018.75|358|49976.5390625|76d035|TGW2656|0|1671|0|||3|3|0|1|1|132|5|["132,18,5,3697","132,210,2,2115"]|13:52:56:539
62|1.1|636136517636391507|0|49981.5390625|12.93558270611|98.85279402084|-205758|-82219||49981.5390625|360.25||36018.75|358|49981.5390625|76d035|TGW2656|0|1671|0|||3|3|0|1|1|132|83|["132,18,5,3697","132,210,2,2115"]|13:53:01:539
62|1.1|636136517686316499|0|49986.5390625|12.94441252497|98.84909794235|-206152|-81239||49986.5390625|360||36000|357.75|49986.5390625|76d035|TGW2656|0|1671|0|||3|3|0|1|1|132|83|["132,18,5,3697","132,210,2,2115"]|13:53:06:539
62|1.1|636136517736241491|0|49991.515625|12.95328525911|98.84557352498|-206527|-80254||49991.515625|360||35993.75|357.75|49991.515625|76d035|TGW2656|0|1671|0|||3|3|0|1|1|132|5|["132,18,5,3697","132,210,2,2115"]|13:53:11:516
62|1.1|636136517786166483|0|49996.515625|12.96267834102|98.84197937028|-206909|-79212||49996.515625|360||35987.5|357.5|49996.515625|76d035|TGW2656|0|1671|0|||3|3|0|1|1|132|114|["132,18,5,3697","132,114,4,549","132,210,2,2115"]|13:53:16:516
62|1.1|636136517836081474|0|50001.5|12.97380412736|98.83797215601|-207334|-77977||50001.5|359.75||35968.75|357.5|50001.5|76d035|TGW2656|0|1671|0|||3|3|0|1|1|132|83|["132,18,5,3697","132,114,5,557","132,210,2,2115"]|13:53:21:500
62|1.1|636136517886016467|0|50006.5|12.98330986188|98.83423852665|-207731|-76922||50006.5|359.75||35962.5|357.5|50006.5|76d035|TGW2656|0|1671|0|||3|3|0|1|1|132|114|["132,18,5,3697","132,114,5,557","132,210,2,2115"]|13:53:26:500
62|1.1|636136517935921457|0|50011.5|12.9934593256|98.83028495648|-208151|-75795||50011.5|359.5||35943.75|357|50011.5|76d035|TGW2656|0|1671|0|||3|3|0|1|1|132|5|["132,18,5,3697","132,114,5,557","132,210,2,2115"]|13:53:31:500
62|1.1|636136517985846449|0|50016.4765625|13.00245544117|98.8267015306|-208533|-74797||50016.4765625|359.5||35943.75|357|50016.4765625|76d035|TGW2656|0|1671|0|||3|3|0|1|1|132|5|["132,18,5,3697","132,114,5,557","132,210,2,2115"]|13:53:36:477
62|1.1|636136518035771441|0|50021.4765625|13.01207919271|98.82298399447|-208928|-73729||50021.4765625|359.5||35950|357|50021.4765625|76d035|TGW2656|0|1671|0|||3|3|0|1|1|132|5|["132,18,5,3697","132,114,5,557","132,210,2,2115"]|13:53:41:477
62|1.1|636136518085686432|0|50026.4609375|13.0229099365|98.81898214461|-209353|-72527||50026.4609375|359.5||35950|357|50026.4609375|76d035|TGW2656|0|1671|0|||3|3|0|1|1|132|5|["132,18,5,3697","132,114,5,557","132,210,2,2115"]|13:53:46:461
62|1.1|636136518135611424|0|50031.4609375|13.03293065438|98.81520559997|-209754|-71415||50031.4609375|359.5||35943.75|357|50031.4609375|76d035|TGW2656|0|1671|0|||3|3|0|1|1|132|114|["132,18,5,3697","132,114,5,557","132,210,2,2115"]|13:53:51:461
62|1.1|636136518185536416|0|50036.4609375|13.04298355872|98.81140759769|-210157|-70299||50036.4609375|359.5||35943.75|357|50036.4609375|76d035|TGW2656|0|1671|0|||3|3|0|1|1|132|114|["132,18,5,3697","132,114,5,557","132,210,2,2115"]|13:53:56:461
62|1.1|636136518235451407|0|50041.4375|13.05303109865|98.80762568864|-210559|-69184||50041.4375|359.75||35943.75|357|50041.4375|76d035|TGW2656|0|1671|0|||3|3|0|1|1|132|114|["132,18,5,3697","132,114,5,557","132,210,2,2115"]|13:54:01:438
62|1.1|636136518285376399|0|50046.4375|13.06204867186|98.80397788984|-210947|-68183||50046.4375|359.75||35975|357.5|50046.4375|76d035|TGW2656|0|1671|0|||3|3|0|1|1|132|114|["132,18,5,3697","132,114,5,557","132,210,2,2115"]|13:54:06:438
62|1.1|636136518335301391|0|50051.421875|13.07184408452|98.80017452315|-211351|-67096||50051.421875|359.75||35981.25|357.5|50051.421875|76d035|TGW2656|0|1671|0|||3|3|0|1|1|132|5|["132,18,5,3697","132,114,5,557","132,210,2,2115"]|13:54:11:422
62|1.1|636136518385236384|0|50056.421875|13.08090457301|98.79661255491|-211729|-66090||50056.421875|359.5||35962.5|357.5|50056.421875|76d035|TGW2656|0|1671|0|||3|3|0|1|1|132|5|["132,18,5,3697","132,114,5,557","132,210,2,2115"]|13:54:16:422
62|1.1|636136518435141374|0|50061.421875|13.09051759573|98.79288428996|-212125|-65023||50061.421875|359.75||35962.5|357|50061.421875|76d035|TGW2656|0|1671|0|||3|3|0|1|1|132|114|["132,18,5,3697","132,114,5,557","132,210,2,2115"]|13:54:21:422
62|1.1|636136518485066366|0|50066.3984375|13.10011452522|98.78921503352|-212515|-63958||50066.3984375|359.75||35962.5|357.5|50066.3984375|76d035|TGW2656|0|1671|0|||3|3|0|1|1|132|114|["132,18,5,3697","132,114,5,557","132,210,2,2115"]|13:54:26:398
62|1.1|636136518534981357|0|50071.3984375|13.10999040403|98.78558332795|-212900|-62862||50071.3984375|359.75||35956.25|357.5|50071.3984375|76d035|TGW2656|0|1671|0|||3|3|0|1|1|132|114|["132,18,5,3697","132,114,5,557","132,210,2,2115"]|13:54:31:398
62|1.1|636136518584906349|0|50076.375|13.12031689328|98.78194089356|-213286|-61716||50076.375|359.75||35937.5|357.5|50076.375|76d035|TGW2656|0|1671|0|||3|3|0|1|1|132|114|["132,18,5,3697","132,114,5,557","132,210,2,2115"]|13:54:36:375
62|1.1|636136518634831341|0|50081.375|13.13059510284|98.77791758606|-213713|-60575||50081.375|360||35931.25|357.5|50081.375|76d035|TGW2656|0|1671|0|||3|3|0|1|1|132|210|["132,18,5,3697","132,114,5,557","132,210,2,2115"]|13:54:41:375
62|1.1|636136518684756333|0|50086.375|13.14111471085|98.773808448|-214150|-59408||50086.375|360||35931.25|357.5|50086.375|76d035|TGW2656|0|1671|0|||3|3|0|1|1|132|210|["132,18,5,3697","132,114,5,557","132,210,2,2115"]|13:54:46:375
62|1.1|636136518734671324|0|50091.359375|13.15089939469|98.76985487783|-214570|-58321||50091.359375|359.75||35975|357.5|50091.359375|76d035|TGW2656|0|1671|0|||3|3|0|1|1|132|5|["132,18,5,3697","132,114,5,557","132,210,2,2115"]|13:54:51:359
62|1.1|636136518784596316|0|50096.359375|13.16115614661|98.76589057884|-214991|-57183||50096.359375|359.5||35962.5|357|50096.359375|76d035|TGW2656|0|1671|0|||3|3|0|1|1|132|5|["132,18,5,3697","132,114,5,557","132,210,2,2115"]|13:54:56:359
62|1.1|636136518834511307|0|50101.3359375|13.17058141498|98.76211939861|-215391|-56137||50101.3359375|359.75||35968.75|357|50101.3359375|76d035|TGW2656|0|1671|0|||3|3|0|1|1|132|5|["132,18,5,3697","132,114,5,557","132,210,2,2115"]|13:55:01:336
62|1.1|636136518884436299|0|50106.3359375|13.18126195529|98.75804781142|-215823|-54951||50106.3359375|359.75||35968.75|357.5|50106.3359375|76d035|TGW2656|0|1671|0|||3|3|0|1|1|132|5|["132,18,5,3697","132,114,5,557","132,210,2,2115"]|13:55:06:336
62|1.1|636136518934371292|0|50111.3359375|13.19144360547|98.75413715653|-216238|-53821||50111.3359375|359.75||35968.75|357.5|50111.3359375|76d035|TGW2656|0|1671|0|||3|3|0|1|1|132|114|["132,18,5,3697","132,114,5,557","132,210,2,2115"]|13:55:11:336
62|1.1|636136518984276282|0|50116.3203125|13.20164134888|98.7502586881|-216650|-52689||50116.3203125|359.75||35975|357.5|50116.3203125|76d035|TGW2656|0|1671|0|||3|3|0|1|1|132|114|["132,18,5,3697","132,114,5,557","132,210,2,2115"]|13:55:16:320
62|1.1|636136519034201274|0|50121.3203125|13.21184982111|98.74634803321|-217064|-51556||50121.3203125|359.75||35975|357.5|50121.3203125|76d035|TGW2656|0|1671|0|||3|3|0|1|1|132|114|["132,18,5,3697","132,114,5,557","132,210,2,2115"]|13:55:21:320
62|1.1|636136519084136267|0|50126.296875|13.2218222593|98.74254466652|-217468|-50449||50126.296875|360||35975|357.75|50126.296875|76d035|TGW2656|0|1671|0|||3|3|0|1|1|132|83|["132,18,5,3697","132,114,5,557","132,210,2,2115"]|13:55:26:297
62|1.1|636136519134201273|0|50131.296875|13.23167668047|98.73881640157|-217863|-49355||50131.296875|360||35975|357.75|50131.296875|76d035|TGW2656|0|1671|0|||3|3|0|1|1|132|114|["132,18,5,3697","132,114,5,557","132,210,2,2115"]|13:55:31:297
62|1.1|636136519183986251|0|50136.296875|13.24175640686|98.73486819581|-218282|-48236||50136.296875|360||35968.75|357.75|50136.296875|76d035|TGW2656|0|1671|0|||3|3|0|1|1|132|114|["132,18,5,3697","132,114,5,557","132,210,2,2115"]|13:55:36:297
62|1.1|636136519233891241|0|50141.28125|13.25177176033|98.73074296452|-218720|-47124||50141.28125|360.25||35968.75|358|50141.28125|76d035|TGW2656|0|1671|0|||3|3|0|1|1|132|114|["132,18,5,3697","132,114,5,557","132,210,2,2115"]|13:55:41:281
62|1.1|636136519283826234|0|50146.28125|13.2615188933|98.7269235046|-219125|-46042||50146.28125|360.25||35962.5|358|50146.28125|76d035|TGW2656|0|1671|0|||3|3|0|1|1|132|114|["132,18,5,3697","132,114,5,557","132,210,2,2115"]|13:55:46:281
62|1.1|636136519333731224|0|50151.2578125|13.27150206031|98.7229001971|-219552|-44934||50151.2578125|360.25||35962.5|358|50151.2578125|76d035|TGW2656|0|1671|0|||3|3|0|1|1|132|114|["132,18,5,3697","132,114,5,557","132,210,2,2115"]|13:55:51:258
62|1.1|636136519383656216|0|50156.2578125|13.28124919328|98.71922021184|-219942|-43852||50156.2578125|360.5||35981.25|358|50156.2578125|76d035|TGW2656|0|1671|0|||3|3|0|1|1|132|114|["132,18,5,3697","132,114,5,557","132,210,2,2115"]|13:55:56:258
62|1.1|636136519433581208|0|50161.2578125|13.29171515719|98.71496623471|-220394|-42690||50161.2578125|360.5||35993.75|358|50161.2578125|76d035|TGW2656|0|1671|0|||3|3|0|1|1|132|114|["132,18,5,3697","132,114,5,557","132,210,2,2115"]|13:56:01:258
62|1.1|636136519483496199|0|50166.2421875|13.30184316327|98.71107703746|-220806|-41566||50166.2421875|360.5||36018.75|358|50166.2421875|76d035|TGW2656|0|1671|0|||3|3|0|1|1|132|114|["132,18,5,3697","132,114,5,557","132,210,2,2115"]|13:56:06:242
62|1.1|636136519533421191|0|50171.2421875|13.31179414382|98.70719856903|-221217|-40461||50171.2421875|360.5||36025|358|50171.2421875|76d035|TGW2656|0|1671|0|||3|3|0|1|1|132|114|["132,18,5,3697","132,114,5,557","132,210,2,2115"]|13:56:11:242
62|1.1|636136519583346183|0|50176.21875|13.32167538704|98.70334155824|-221626|-39364||50176.21875|360.5||36025|358|50176.21875|76d035|TGW2656|0|1671|0|||3|3|0|1|1|132|114|["132,18,5,3697","132,114,5,557","132,210,2,2115"]|13:56:16:219
62|1.1|636136519633261174|0|50181.21875|13.33151371498|98.69951673391|-222032|-38272||50181.21875|360.5||36018.75|358|50181.21875|76d035|TGW2656|0|1671|0|||3|3|0|1|1|132|114|["132,18,5,3697","132,114,5,557","132,210,2,2115"]|13:56:21:219
62|1.1|636136519683176165|0|50186.21875|13.34157734814|98.69561680784|-222445|-37154||50186.21875|360.25||36012.5|358|50186.21875|76d035|TGW2656|0|1671|0|||3|3|0|1|1|132|114|["132,18,5,3697","132,114,5,557","132,210,2,2115"]|13:56:26:219
62|1.1|636136519733111158|0|50191.1953125|13.35144249813|98.69171688177|-222858|-36059||50191.1953125|360.25||35993.75|358|50191.1953125|76d035|TGW2656|0|1671|0|||3|3|0|1|1|132|114|["132,18,5,3697","132,114,5,557","132,210,2,2115"]|13:56:31:195
62|1.1|636136519783026149|0|50196.1953125|13.36171534328|98.68777940483|-223275|-34919||50196.1953125|360.25||36000|358|50196.1953125|76d035|TGW2656|0|1671|0|||3|3|0|1|1|132|114|["132,18,5,3697","132,114,5,557","132,210,2,2115"]|13:56:36:195
62|1.1|636136519832951141|0|50201.1796875|13.37133373041|98.68417988572|-223656|-33851||50201.1796875|360.25||35981.25|358|50201.1796875|76d035|TGW2656|0|1671|0|||3|3|0|1|1|132|114|["132,18,5,3697","132,114,5,557","132,210,2,2115"]|13:56:41:180
62|1.1|636136519882886134|0|50206.1796875|13.38108086338|98.6805750022|-224038|-32769||50206.1796875|360.25||35975|358|50206.1796875|76d035|TGW2656|0|1671|0|||3|3|0|1|1|132|114|["132,18,5,3697","132,114,5,557","132,210,2,2115"]|13:56:46:180
62|1.1|636136519932801125|0|50211.1796875|13.39121423387|98.67675554228|-224442|-31644||50211.1796875|360.25||35968.75|358|50211.1796875|76d035|TGW2656|0|1671|0|||3|3|0|1|1|132|5|["132,18,5,3697","132,114,5,557","132,210,2,2115"]|13:56:51:180
62|1.1|636136519982716116|0|50216.15625|13.40141734169|98.67275369242|-224866|-30511||50216.15625|360.25||35962.5|358|50216.15625|76d035|TGW2656|0|1671|0|||3|3|0|1|1|132|5|["132,18,5,3697","132,114,5,557","132,210,2,2115"]|13:56:56:156
62|1.1|636136520032631107|0|50221.15625|13.41116447466|98.66905224952|-225258|-29429||50221.15625|360.25||35956.25|357.75|50221.15625|76d035|TGW2656|0|1671|0|||3|3|0|1|1|132|114|["132,18,5,3697","132,114,5,557","132,210,2,2115"]|13:57:01:156
62|1.1|636136520082556099|0|50226.140625|13.41962414923|98.66587115439|-225595|-28490||50226.140625|360.25||36025|358|50226.140625|76d035|TGW2656|0|1671|0|||3|3|0|1|1|132|114|["132,18,5,3697","132,114,5,557","132,210,2,2115"]|13:57:06:141
62|1.1|636136520132481091|0|50231.140625|13.42950002804|98.66215898267|-225987|-27394||50231.140625|360||36025|357.75|50231.140625|76d035|TGW2656|0|1671|0|||3|3|0|1|1|132|114|["132,18,5,3697","132,114,5,557","132,210,2,2115"]|13:57:11:141
62|1.1|636136520182396082|0|50236.140625|13.43964949176|98.6583663448|-226389|-26267||50236.140625|360||36012.5|357.75|50236.140625|76d035|TGW2656|0|1671|0|||3|3|0|1|1|132|114|["132,18,5,3697","132,114,5,557","132,210,2,2115"]|13:57:16:141
62|1.1|636136520232321074|0|50241.1171875|13.45075382046|98.65413382531|-226836|-25034||50241.1171875|360||36000|357.75|50241.1171875|76d035|TGW2656|0|1671|0|||3|3|0|1|1|132|5|["132,18,5,3697","132,114,5,557","132,210,2,2115"]|13:57:21:117
62|1.1|636136520282246066|0|50246.1171875|13.46088182654|98.6503197298|-227240|-23910||50246.1171875|360||35993.75|357.75|50246.1171875|76d035|TGW2656|0|1671|0|||3|3|0|1|1|132|114|["132,18,5,3697","132,114,5,557","132,210,2,2115"]|13:57:26:117
62|1.1|636136520332161057|0|50251.1015625|13.47100983262|98.6465109987|-227643|-22785||50251.1015625|360||35993.75|357.75|50251.1015625|76d035|TGW2656|0|1671|0|||3|3|0|1|1|132|114|["132,18,5,3697","132,114,5,557","132,210,2,2115"]|13:57:31:102
62|1.1|636136520382086049|0|50256.1015625|13.4810841946|98.64262716586|-228054|-21667||50256.1015625|359.75||35987.5|357.5|50256.1015625|76d035|TGW2656|0|1671|0|||3|3|0|1|1|132|114|["132,18,5,3697","132,114,5,557","132,210,2,2115"]|13:57:36:102
62|1.1|636136520432011041|0|50261.1015625|13.49088497167|98.63880770594|-228458|-20578||50261.1015625|359.5||35987.5|357.5|50261.1015625|76d035|TGW2656|0|1671|0|||3|3|0|1|1|132|114|["132,18,5,3697","132,114,5,557","132,210,2,2115"]|13:57:41:102
62|1.1|636136520481936033|0|50266.078125|13.50050872321|98.63500970366|-228860|-19510||50266.078125|359.75||35962.5|357.5|50266.078125|76d035|TGW2656|0|1671|0|||3|3|0|1|1|132|114|["132,18,5,3697","132,114,5,557","132,210,2,2115"]|13:57:46:078
62|1.1|636136520531851024|0|50271.078125|13.51043824612|98.63110441318|-229274|-18408||50271.078125|359.75||35937.5|357.5|50271.078125|76d035|TGW2656|0|1671|0|||3|3|0|1|1|132|114|["132,18,5,3697","132,114,5,557","132,210,2,2115"]|13:57:51:078
62|1.1|636136520581776016|0|50276.0625|13.52048042164|98.62715084301|-229692|-17292||50276.0625|359.75||35975|357.5|50276.0625|76d035|TGW2656|0|1671|0|||3|3|0|1|1|132|5|["132,18,5,3697","132,114,5,557","132,210,2,2115"]|13:57:56:063
62|1.1|636136520631691007|0|50281.0625|13.53052796157|98.62332601868|-230097|-16177||50281.0625|359.75||35968.75|357.5|50281.0625|76d035|TGW2656|0|1671|0|||3|3|0|1|1|132|114|["132,18,5,3697","132,114,5,557","132,210,2,2115"]|13:58:01:063
62|1.1|636136520681615999|0|50286.0625|13.54056477268|98.61943682143|-230508|-15063||50286.0625|359.75||35962.5|357.5|50286.0625|76d035|TGW2656|0|1671|0|||3|3|0|1|1|132|114|["132,18,5,3697","132,114,5,557","132,210,2,2115"]|13:58:06:063
62|1.1|636136520731540991|0|50291.0390625|13.55051038882|98.61562809033|-230911|-13959||50291.0390625|359.75||35943.75|357.5|50291.0390625|76d035|TGW2656|0|1671|0|||3|3|0|1|1|132|5|["132,18,5,3697","132,114,5,557","132,210,2,2115"]|13:58:11:039
62|1.1|636136520781465983|0|50296.0390625|13.56049892024|98.61183008805|-231312|-12849||50296.0390625|359.75||35931.25|357.5|50296.0390625|76d035|TGW2656|0|1671|0|||3|3|0|1|1|132|114|["132,18,5,3697","132,114,5,557","132,210,2,2115"]|13:58:16:039
62|1.1|636136520831380974|0|50301.015625|13.57006902768|98.60845587416|-231668|-11787||50301.015625|359.75||35931.25|357.5|50301.015625|76d035|TGW2656|0|1671|0|||3|3|0|1|1|132|114|["132,18,5,3697","132,114,5,557","132,210,2,2115"]|13:58:21:016
62|1.1|636136520881305966|0|50306.015625|13.57990735562|98.60488854151|-232045|-10695||50306.015625|359.75||35925|357.5|50306.015625|76d035|TGW2656|0|1671|0|||3|3|0|1|1|132|114|["132,18,5,3697","132,114,5,557","132,210,2,2115"]|13:58:26:016
62|1.1|636136520931230958|0|50311.015625|13.58968667505|98.60098325103|-232458|-9609||50311.015625|359.75||35931.25|357.5|50311.015625|76d035|TGW2656|0|1671|0|||3|3|0|1|1|132|114|["132,18,5,3697","132,114,5,557","132,210,2,2115"]|13:58:31:016
62|1.1|636136520981145949|0|50316|13.59914412988|98.59674000272|-232908|-8558||50316|359.5||35931.25|357|50316|76d035|TGW2656|0|1671|0|||3|3|0|1|1|132|114|["132,18,5,3697","132,114,5,557","132,210,2,2115"]|13:58:36:000
62|1.1|636136521031070941|0|50321|13.60851038974|98.59196031341|-233416|-7517||50321|359.5||35937.5|357|50321|76d035|TGW2656|0|1671|0|||3|3|0|1|1|132|114|["132,18,5,3697","132,114,5,557","132,210,2,2115"]|13:58:41:000
62|1.1|636136521080985932|0|50325.9765625|13.61727583568|98.58533526706|-234125|-6541||50325.9765625|359.5||35950|357|50325.9765625|76d035|TGW2656|0|1671|0|||3|3|0|1|1|132|114|["132,18,5,3697","132,114,5,557","132,210,2,2115"]|13:58:45:977
62|1.1|636136521130920925|0|50330.9765625|13.62488256906|98.57668247373|-235054|-5690||50330.9765625|359.5||35950|357|50330.9765625|76d035|TGW2656|0|1671|0|||3|3|0|1|1|132|5|["132,18,5,3697","132,114,5,557","132,210,2,2115"]|13:58:50:977
62|1.1|636136521180835916|0|50335.9765625|13.63301501462|98.56935468967|-235839|-4783||50335.9765625|359.5||35968.75|357|50335.9765625|76d035|TGW2656|0|1671|0|||3|3|0|1|1|132|114|["132,18,5,3697","132,114,5,557","132,210,2,2115"]|13:58:55:977
62|1.1|636136521230760908|0|50340.9609375|13.64123329074|98.5615387443|-236677|-3866||50340.9609375|359.5||35975|357|50340.9609375|76d035|TGW2656|0|1671|0|||3|3|0|1|1|132|114|["132,18,5,3697","132,114,5,557","132,210,2,2115"]|13:59:00:961
62|1.1|636136521280675899|0|50345.9609375|13.64864690536|98.5538139939|-237505|-3038||50345.9609375|359.5||35968.75|357|50345.9609375|76d035|TGW2656|0|1671|0|||3|3|0|1|1|132|114|["132,18,5,3697","132,114,5,557","132,210,2,2115"]|13:59:05:961
62|1.1|636136521330600891|0|50350.9375|13.65527195171|98.54656131158|-238284|-2298||50350.9375|359.5||35968.75|357|50350.9375|76d035|TGW2656|0|1671|0|||3|3|0|1|1|132|114|["132,18,5,3697","132,114,5,557","132,210,2,2115"]|13:59:10:938
62|1.1|636136521380515882|0|50355.9375|13.66160195551|98.53849323894|-239150|-1589||50355.9375|359.5||35962.5|357.5|50355.9375|76d035|TGW2656|0|1671|0|||3|3|0|1|1|132|114|["132,18,5,3697","132,114,5,557","132,210,2,2115"]|13:59:15:938
62|1.1|636136521430440874|0|50360.9375|13.66857568851|98.52894995355|-240176|-808||50360.9375|359.75||35962.5|357.5|50360.9375|76d035|TGW2656|0|1671|0|||3|3|0|1|1|132|114|["132,18,5,3697","132,114,5,557","132,210,2,2115"]|13:59:20:938
62|1.1|636136521480365866|0|50365.921875|13.67455164125|98.52013622792|-241124|-138||50365.921875|359.75||35975|357.5|50365.921875|76d035|TGW2656|0|1671|0|||3|3|0|1|1|132|114|["132,18,5,3697","132,114,5,557","132,210,2,2115"]|13:59:25:922
62|1.1|636136521533401169|0|50371.21875|13.68038275492|98.51144051931|-242059|516||50371.21875|359.75||35975|357.5|50371.21875|76d035|TGW2656|0|1671|0|||3|3|0|1|1|132|114|["132,18,5,3697","132,114,5,557","132,210,2,2115"]|13:59:31:219
62|1.1|636136521583326161|0|50376.21875|13.68687905543|98.50169338634|-243107|1245||50376.21875|359.75||35975|357.5|50376.21875|76d035|TGW2656|0|1671|0|||3|3|0|1|1|132|114|["132,18,5,3697","132,114,5,557","132,210,2,2115"]|13:59:36:219
62|1.1|636136521633091137|0|50381.21875|13.69302666929|98.49294403363|-244048|1934||50381.21875|359.75||35975|357.5|50381.21875|76d035|TGW2656|0|1671|0|||3|3|0|1|1|132|114|["132,18,5,3697","132,114,5,557","132,210,2,2115"]|13:59:41:219
62|1.1|636136521683006128|0|50386.1953125|13.70015597018|98.48336856178|-245076|2733||50386.1953125|359.75||35968.75|357.5|50386.1953125|76d035|TGW2656|0|1671|0|||3|3|0|1|1|132|5|["132,18,5,3697","132,114,5,557","132,210,2,2115"]|13:59:46:195
62|1.1|636136521732931120|0|50391.1953125|13.70670591479|98.47429734447|-246051|3467||50391.1953125|359.75||35968.75|357.5|50391.1953125|76d035|TGW2656|0|1671|0|||3|3|0|1|1|132|114|["132,18,5,3697","132,114,5,557","132,210,2,2115"]|13:59:51:195
62|1.1|636136521783016128|0|50396.1796875|13.71298227449|98.46726996737|-246805|4169||50396.1796875|359.75||36000|357.75|50396.1796875|76d035|TGW2656|0|1671|0|||3|3|0|1|1|132|114|["132,18,5,3697","132,114,5,557","132,210,2,2115"]|13:59:56:180
62|1.1|636136521832931119|0|50401.1796875|13.71949466823|98.45879419957|-247715|4898||50401.1796875|360||36012.5|357.75|50401.1796875|76d035|TGW2656|0|1671|0|||3|3|0|1|1|132|114|["132,18,5,3697","132,114,5,557","132,210,2,2115"]|14:00:01:180
62|1.1|636136521882856111|0|50406.1796875|13.72797043603|98.44995365189|-248663|5845||50406.1796875|360||36006.25|357.75|50406.1796875|76d035|TGW2656|0|1671|0|||3|3|0|1|1|132|114|["132,18,5,3697","132,114,5,557","132,210,2,2115"]|14:00:06:180
62|1.1|636136521932771102|0|50411.15625|13.73597413575|98.44251857963|-249459|6739||50411.15625|360||36006.25|357.75|50411.15625|76d035|TGW2656|0|1671|0|||3|3|0|1|1|132|5|["132,18,5,3697","132,114,5,557","132,210,2,2115"]|14:00:11:156
62|1.1|636136521982536078|0|50416.15625|13.74287813142|98.43560921955|-250199|7510||50416.15625|360||36006.25|357.75|50416.15625|76d035|TGW2656|0|1671|0|||3|3|0|1|1|132|5|["132,18,5,3697","132,114,5,557","132,210,2,2115"]|14:00:16:156
62|1.1|636136522032471071|0|50421.140625|13.75089792437|98.42757333337|-251060|8406||50421.140625|360||36000|357.75|50421.140625|76d035|TGW2656|0|1671|0|||3|3|0|1|1|132|5|["132,18,5,3697","132,114,5,557","132,210,2,2115"]|14:00:21:141
62|1.1|636136522082386062|0|50426.140625|13.75893381055|98.41950526073|-251924|9303||50426.140625|360||36000|357.75|50426.140625|76d035|TGW2656|0|1671|0|||3|3|0|1|1|132|5|["132,18,5,3697","132,114,5,557","132,210,2,2115"]|14:00:26:141
62|1.1|636136522132311054|0|50431.140625|13.76632060312|98.41205409524|-252722|10129||50431.140625|360||36006.25|357.75|50431.140625|76d035|TGW2656|0|1671|0|||3|3|0|1|1|132|114|["132,18,5,3697","132,114,5,557","132,210,2,2115"]|14:00:31:141
62|1.1|636136522182226045|0|50436.1171875|13.77386832799|98.40440981099|-253541|10972||50436.1171875|360||36006.25|357.75|50436.1171875|76d035|TGW2656|0|1671|0|||3|3|0|1|1|132|114|["132,18,5,3697","132,114,5,557","132,210,2,2115"]|14:00:36:117
62|1.1|636136522232151037|0|50441.1171875|13.78141605286|98.39664750972|-254373|11816||50441.1171875|360||36006.25|357.75|50441.1171875|76d035|TGW2656|0|1671|0|||3|3|0|1|1|132|114|["132,18,5,3697","132,114,5,557","132,210,2,2115"]|14:00:41:117
62|1.1|636136522282086030|0|50446.1015625|13.78866337077|98.38923925951|-255166|12626||50446.1015625|360||36006.25|357.75|50446.1015625|76d035|TGW2656|0|1671|0|||3|3|0|1|1|132|114|["132,18,5,3697","132,114,5,557","132,210,2,2115"]|14:00:46:102
62|1.1|636136522332001021|0|50451.1015625|13.79598579042|98.38168617023|-255975|13444||50451.1015625|360||36000|358|50451.1015625|76d035|TGW2656|0|1671|0|||3|3|0|1|1|132|114|["132,18,5,3697","132,114,5,557","132,210,2,2115"]|14:00:51:102
62|1.1|636136522381916012|0|50456.1015625|13.80341549827|98.37402579275|-256796|14275||50456.1015625|360||36000|358|50456.1015625|76d035|TGW2656|0|1671|0|||3|3|0|1|1|132|114|["132,18,5,3697","132,114,5,557","132,210,2,2115"]|14:00:56:102
62|1.1|636136522431831003|0|50461.078125|13.81079692643|98.36633322881|-257620|15100||50461.078125|360||36006.25|358|50461.078125|76d035|TGW2656|0|1671|0|||3|3|0|1|1|132|114|["132,18,5,3697","132,114,5,557","132,210,2,2115"]|14:01:01:078
62|1.1|636136522481755995|0|50466.078125|13.81817835459|98.35836171555|-258474|15925||50466.078125|360||36006.25|358|50466.078125|76d035|TGW2656|0|1671|0|||3|3|0|1|1|132|114|["132,18,5,3697","132,114,5,557","132,210,2,2115"]|14:01:06:078
62|1.1|636136522531680987|0|50471.0625|13.8254793166|98.34988058334|-259383|16742||50471.0625|360||36006.25|358|50471.0625|76d035|TGW2656|0|1671|0|||3|3|0|1|1|132|18|["132,18,5,3697","132,114,5,557","132,210,2,2115"]|14:01:11:063
62|1.1|636136522581615980|0|50476.0625|13.83302704147|98.34157111225|-260273|17587||50476.0625|360||35962.5|357.75|50476.0625|76d035|TGW2656|0|1671|0|||3|3|0|1|1|132|114|["132,18,5,3697","132,114,5,557","132,210,2,2115"]|14:01:16:063
62|1.1|636136522631530971|0|50481.0625|13.84275808121|98.33267155606|-261225|18673||50481.0625|360||35993.75|357.75|50481.0625|76d035|TGW2656|0|1671|0|||3|3|0|1|1|132|114|["132,18,5,3697","132,114,5,557","132,210,2,2115"]|14:01:21:063
62|1.1|636136522681445962|0|50486.0390625|13.85120166255|98.32450692404|-262099|19617||50486.0390625|360||35993.75|357.75|50486.0390625|76d035|TGW2656|0|1671|0|||3|3|0|1|1|132|5|["132,18,5,3697","132,114,5,557","132,210,2,2115"]|14:01:26:039
62|1.1|636136522731360953|0|50491.0390625|13.85915708258|98.31646030904|-262960|20506||50491.0390625|360||35987.5|357.75|50491.0390625|76d035|TGW2656|0|1671|0|||3|3|0|1|1|132|114|["132,18,5,3697","132,114,5,557","132,210,2,2115"]|14:01:31:039
62|1.1|636136522781285945|0|50496.015625|13.86779914709|98.3104843563|-263597|21469||50496.015625|360||36006.25|357.75|50496.015625|76d035|TGW2656|0|1671|0|||3|3|0|1|1|132|114|["132,18,5,3697","132,114,5,557","132,210,2,2115"]|14:01:36:016
62|1.1|636136522831230939|0|50501.015625|13.87653240657|98.30411680163|-264275|22443||50501.015625|360||36006.25|357.75|50501.015625|76d035|TGW2656|0|1671|0|||3|3|0|1|1|132|18|["132,18,5,3697","132,114,5,557","132,210,2,2115"]|14:01:41:016
62|1.1|636136522881135929|0|50506.015625|13.88590939525|98.29856463728|-264865|23487||50506.015625|360||36006.25|357.75|50506.015625|76d035|TGW2656|0|1671|0|||3|3|0|1|1|132|114|["132,18,5,3697","132,114,5,557","132,210,2,2115"]|14:01:46:016
62|1.1|636136522931080923|0|50511|13.89502352784|98.29491147407|-265250|24499||50511|360.25||36025|357.75|50511|76d035|TGW2656|0|1671|0|||3|3|0|1|1|132|5|["132,18,5,3697","132,114,5,557","132,210,2,2115"]|14:01:51:000
62|1.1|636136522980995914|0|50516|13.9032096175|98.28991184395|-265781|25411||50516|360||36031.25|357.75|50516|76d035|TGW2656|0|1671|0|||3|3|0|1|1|132|114|["132,18,5,3697","132,114,5,557","132,210,2,2115"]|14:01:56:000
62|1.1|636136523030900904|0|50520.9765625|13.91244176711|98.28512679023|-266288|26438||50520.9765625|360.25||36031.25|358|50520.9765625|76d035|TGW2656|0|1671|0|||3|3|0|1|1|132|114|["132,18,5,3697","132,114,5,557","132,210,2,2115"]|14:02:00:977
62|1.1|636136523080825896|0|50525.9765625|13.92396451979|98.28352283164|-266448|27715||50525.9765625|360.25||35975|358|50525.9765625|76d035|TGW2656|0|1671|0|||3|3|0|1|1|132|114|["132,18,5,3697","132,114,5,557","132,210,2,2115"]|14:02:05:977
62|1.1|636136523130740887|0|50530.9765625|13.93559992508|98.28287373803|-266505|29004||50530.9765625|360.25||35918.75|358|50530.9765625|76d035|TGW2656|0|1671|0|||3|3|0|1|1|132|114|["132,18,5,3697","132,114,5,557","132,210,2,2115"]|14:02:10:977
62|1.1|636136523180675880|0|50535.9609375|13.9450520155|98.27921521041|-266890|30054||50535.9609375|360.5||36037.5|358|50535.9609375|76d035|TGW2656|0|1671|0|||3|3|0|1|1|132|114|["132,18,5,3697","132,114,5,557","132,210,2,2115"]|14:02:15:961
62|1.1|636136523230590871|0|50540.9609375|13.95530340301|98.27616822553|-267208|31192||50540.9609375|360.5||36037.5|358.5|50540.9609375|76d035|TGW2656|0|1671|0|||3|3|0|1|1|132|18|["132,18,5,3697","132,114,5,557","132,210,2,2115"]|14:02:20:961
62|1.1|636136523280525864|0|50545.9375|13.96561916344|98.27235413002|-267608|32338||50545.9375|360.5||36062.5|358.5|50545.9375|76d035|TGW2656|0|1671|0|||3|3|0|1|1|132|114|["132,18,5,3697","132,114,5,557","132,210,2,2115"]|14:02:25:938
62|1.1|636136523330430854|0|50550.9375|13.97613877145|98.26844883954|-268018|33507||50550.9375|360.5||36050|358|50550.9375|76d035|TGW2656|0|1671|0|||3|3|0|1|1|132|114|["132,18,5,3697","132,114,5,557","132,210,2,2115"]|14:02:30:938
62|1.1|636136523380355846|0|50555.9375|13.9875381427|98.26419486241|-268465|34773||50555.9375|360.5||36043.75|358|50555.9375|76d035|TGW2656|0|1671|0|||3|3|0|1|1|132|114|["132,18,5,3697","132,114,5,557","132,210,2,2115"]|14:02:35:938
62|1.1|636136523430270837|0|50560.921875|13.99796655574|98.26043977541|-268859|35932||50560.921875|360.5||36050|358|50560.921875|76d035|TGW2656|0|1671|0|||3|3|0|1|1|132|114|["132,18,5,3697","132,114,5,557","132,210,2,2115"]|14:02:40:922
62|1.1|636136523480195829|0|50565.921875|14.00811065505|98.25581565399|-269347|37060||50565.921875|360.25||36050|358|50565.921875|76d035|TGW2656|0|1671|0|||3|3|0|1|1|132|114|["132,18,5,3697","132,114,5,557","132,210,2,2115"]|14:02:45:922
62|1.1|636136523530120821|0|50570.8984375|14.01848005958|98.25081602387|-269875|38213||50570.8984375|360.25||36025|358|50570.8984375|76d035|TGW2656|0|1671|0|||3|3|0|1|1|132|5|["132,18,5,3697","132,114,5,557","132,210,2,2115"]|14:02:50:898
62|1.1|636136523580035812|0|50575.8984375|14.02773366683|98.24652449587|-270328|39242||50575.8984375|360.25||36018.75|358|50575.8984375|76d035|TGW2656|0|1671|0|||3|3|0|1|1|132|114|["132,18,5,3697","132,114,5,557","132,210,2,2115"]|14:02:55:898
62|1.1|636136523629960804|0|50580.8984375|14.03612896848|98.2423563493|-270769|40176||50580.8984375|360.25||36025|358|50580.8984375|76d035|TGW2656|0|1671|0|||3|3|0|1|1|132|114|["132,18,5,3697","132,114,5,557","132,210,2,2115"]|14:03:00:898
62|1.1|636136523679885796|0|50585.875|14.04491050765|98.23797362633|-271232|41153||50585.875|360.25||36025|358|50585.875|76d035|TGW2656|0|1671|0|||3|3|0|1|1|132|114|["132,18,5,3697","132,114,5,557","132,210,2,2115"]|14:03:05:875
62|1.1|636136523729810788|0|50590.875|14.05445379304|98.23330122522|-271726|42215||50590.875|360||36018.75|358|50590.875|76d035|TGW2656|0|1671|0|||3|3|0|1|1|132|114|["132,18,5,3697","132,114,5,557"]|14:03:10:875
62|1.1|636136523779735780|0|50595.859375|14.06549911323|98.2278724423|-272300|43443||50595.859375|360||35987.5|358|50595.859375|76d035|TGW2656|0|1671|0|||3|3|0|1|1|132|114|["132,18,5,3697","132,114,5,557"]|14:03:15:859
62|1.1|636136523829660772|0|50600.859375|14.07492974601|98.22295327833|-272820|44493||50600.859375|360||35981.25|358|50600.859375|76d035|TGW2656|0|1671|0|||3|3|0|1|1|132|18|["132,18,5,3697","132,114,5,557"]|14:03:20:859
62|1.1|636136523879575763|0|50605.859375|14.08443011612|98.21787318206|-273358|45550||50605.859375|360||35981.25|358|50605.859375|76d035|TGW2656|0|1671|0|||3|3|0|1|1|132|114|["132,18,5,3697","132,114,5,557"]|14:03:25:859
62|1.1|636136523929500755|0|50610.8359375|14.09397876592|98.21305594188|-273867|46613||50610.8359375|360||35981.25|358|50610.8359375|76d035|TGW2656|0|1671|0|||3|3|0|1|1|132|114|["132,18,5,3697","132,114,5,557"]|14:03:30:836
62|1.1|636136523979415746|0|50615.8359375|14.10348450044|98.20822260847|-274378|47671||50615.8359375|360||35975|358|50615.8359375|76d035|TGW2656|0|1671|0|||3|3|0|1|1|132|114|["132,18,5,3697","132,114,5,557"]|14:03:35:836
62|1.1|636136524029340738|0|50620.8203125|14.11290976881|98.20213936753|-275024|48721||50620.8203125|360||36000|358|50620.8203125|76d035|TGW2656|0|1671|0|||3|3|0|1|1|132|5|["132,18,5,3697","132,114,5,557"]|14:03:40:820
62|1.1|636136524079255729|0|50625.8203125|14.12227066426|98.19705927126|-275562|49763||50625.8203125|360||36000|358|50625.8203125|76d035|TGW2656|0|1671|0|||3|3|0|1|1|132|5|["132,18,5,3697","132,114,5,557"]|14:03:45:820
62|1.1|636136524129180721|0|50630.8203125|14.13103074579|98.1922527599|-276071|50738||50630.8203125|360||36000|358|50630.8203125|76d035|TGW2656|0|1671|0|||3|3|0|1|1|132|5|["132,18,5,3697","132,114,5,557"]|14:03:50:820
62|1.1|636136524179105713|0|50635.796875|14.14006441223|98.18736041798|-276588|51743||50635.796875|360||36006.25|358|50635.796875|76d035|TGW2656|0|1671|0|||3|3|0|1|1|132|114|["132,18,5,3697","132,114,5,557"]|14:03:55:797
62|1.1|636136524229020704|0|50640.796875|14.14827195953|98.18294014414|-277056|52657||50640.796875|360||36000|358|50640.796875|76d035|TGW2656|0|1671|0|||3|3|0|1|1|132|114|["132,18,5,3697","132,114,5,557"]|14:04:00:797
62|1.1|636136524278955697|0|50645.78125|14.15785279579|98.17786004787|-277593|53724||50645.78125|360||36000|358|50645.78125|76d035|TGW2656|0|1671|0|||3|3|0|1|1|132|114|["132,18,5,3697","132,114,5,557"]|14:04:05:781
62|1.1|636136524328870688|0|50650.78125|14.16771258137|98.17265120576|-278144|54821||50650.78125|360||35993.75|358|50650.78125|76d035|TGW2656|0|1671|0|||3|3|0|1|1|132|114|["132,18,5,3697","132,114,5,557"]|14:04:10:781
62|1.1|636136524378795680|0|50655.78125|14.17639756116|98.16790906732|-278646|55788||50655.78125|360||36000|358|50655.78125|76d035|TGW2656|0|1671|0|||3|3|0|1|1|132|114|["132,18,5,3697","132,114,5,557"]|14:04:15:781
62|1.1|636136524428730673|0|50660.7578125|14.185645804|98.16295235248|-279170|56817||50660.7578125|360||36006.25|358|50660.7578125|76d035|TGW2656|0|1671|0|||3|3|0|1|1|132|114|["132,18,5,3697","132,114,5,557"]|14:04:20:758
62|1.1|636136524478635663|0|50665.7578125|14.19492086889|98.15795272236|-279699|57850||50665.7578125|359.75||36006.25|358|50665.7578125|76d035|TGW2656|0|1671|0|||3|3|0|1|1|132|114|["132,18,5,3697","132,114,5,557"]|14:04:25:758
62|1.1|636136524528560655|0|50670.7421875|14.20446415428|98.15296918547|-280225|58912||50670.7421875|359.75||36006.25|357.75|50670.7421875|76d035|TGW2656|0|1671|0|||3|3|0|1|1|132|114|["132,18,5,3697","132,114,5,557"]|14:04:30:742
62|1.1|636136524578475646|0|50675.7421875|14.2149354826|98.14796419094|-280753|60077||50675.7421875|359.75||35943.75|357.75|50675.7421875|76d035|TGW2656|0|1671|0|||3|3|0|1|1|132|114|["132,18,5,3697","132,114,5,557"]|14:04:35:742
62|1.1|636136524628400638|0|50680.7421875|14.22408716606|98.14250322156|-281332|61097||50680.7421875|359.75||35893.75|357.75|50680.7421875|76d035|TGW2656|0|1671|0|||3|3|0|1|1|132|114|["132,18,5,3697","132,114,5,557"]|14:04:40:742
62|1.1|636136524678315629|0|50685.71875|14.23453703674|98.13682767578|-281932|62260||50685.71875|359.75||35862.5|357.75|50685.71875|76d035|TGW2656|0|1671|0|||3|3|0|1|1|132|114|["132,18,5,3697","132,114,5,557"]|14:04:45:719
62|1.1|636136524728270624|0|50690.71875|14.24485279717|98.13128624025|-282518|63408||50690.71875|359.5||35837.5|357.75|50690.71875|76d035|TGW2656|0|1671|0|||3|3|0|1|1|132|114|["132,18,5,3697","132,114,5,557"]|14:04:50:719
62|1.1|636136524778165613|0|50695.6953125|14.2550612694|98.12581990646|-283095|64545||50695.6953125|359.5||35825|357.5|50695.6953125|76d035|TGW2656|0|1671|0|||3|3|0|1|1|132|114|["132,18,5,3697","132,114,5,557"]|14:04:55:695
62|1.1|636136524828090605|0|50700.6953125|14.26435779193|98.12083636957|-283622|65580||50700.6953125|359.5||35825|357.5|50700.6953125|76d035|TGW2656|0|1671|0|||3|3|0|1|1|132|114|["132,18,5,3697","132,114,5,557"]|14:05:00:695
62|1.1|636136524878005596|0|50705.6953125|14.27378842471|98.11571872243|-284163|66630||50705.6953125|359.5||35818.75|357.5|50705.6953125|76d035|TGW2656|0|1671|0|||3|3|0|1|1|132|114|["132,18,5,3697","132,114,5,557"]|14:05:05:695
62|1.1|636136524927930588|0|50710.6796875|14.28337462538|98.11048842268|-284716|67697||50710.6796875|359.5||35806.25|357.5|50710.6796875|76d035|TGW2656|0|1671|0|||3|3|0|1|1|132|18|["132,18,5,3697","132,114,5,557"]|14:05:10:680
62|1.1|636136524977855580|0|50715.6796875|14.29267651232|98.10560680958|-285231|68733||50715.6796875|359.5||35818.75|357.5|50715.6796875|76d035|TGW2656|0|1671|0|||3|3|0|1|1|132|114|["132,18,5,3697","132,114,5,557"]|14:05:15:680
62|1.1|636136525027770571|0|50720.65625|14.30230026386|98.10064473033|-285755|69804||50720.65625|359.5||35825|357.5|50720.65625|76d035|TGW2656|0|1671|0|||3|3|0|1|1|132|114|["132,18,5,3697","132,114,5,557"]|14:05:20:656
62|1.1|636136525077705564|0|50725.65625|14.31165043049|98.09551635437|-286297|70845||50725.65625|359.5||35818.75|357.5|50725.65625|76d035|TGW2656|0|1671|0|||3|3|0|1|1|132|18|["132,18,5,3697","132,114,5,557"]|14:05:25:656
62|1.1|636136525127620555|0|50730.65625|14.32173552129|98.0905971904|-286815|71968||50730.65625|359.75||35843.75|357.75|50730.65625|76d035|TGW2656|0|1671|0|||3|3|0|1|1|132|18|["132,18,5,3697","132,114,5,557"]|14:05:30:656
62|1.1|636136525177535546|0|50735.640625|14.33060825543|98.08572630612|-287330|72956||50735.640625|359.75||35862.5|357.75|50735.640625|76d035|TGW2656|0|1671|0|||3|3|0|1|1|132|114|["132,18,5,3697","132,114,5,557"]|14:05:35:641
62|1.1|636136525227460538|0|50740.640625|14.34046804101|98.0806730319|-287863|74053||50740.640625|359.75||35868.75|357.75|50740.640625|76d035|TGW2656|0|1671|0|||3|3|0|1|1|132|18|["132,18,5,3697","132,114,5,557"]|14:05:40:641
62|1.1|636136525277395531|0|50745.6171875|14.34972164826|98.07559293563|-288400|75084||50745.6171875|359.75||35862.5|357.75|50745.6171875|76d035|TGW2656|0|1671|0|||3|3|0|1|1|132|18|["132,18,5,3697","132,114,5,557"]|14:05:45:617
62|1.1|636136525327310522|0|50750.6171875|14.35866948414|98.07077033104|-288909|76080||50750.6171875|359.75||35868.75|357.75|50750.6171875|76d035|TGW2656|0|1671|0|||3|3|0|1|1|132|18|["132,18,5,3697","132,114,5,557"]|14:05:50:617
62|1.1|636136525377225513|0|50755.6171875|14.36609382758|98.06729955777|-289274|76906||50755.6171875|359.75||35975|357.75|50755.6171875|76d035|TGW2656|0|1671|0|||3|3|0|1|1|132|5|["132,18,5,3697","132,114,5,557"]|14:05:55:617
62|1.1|636136525427170507|0|50760.6015625|14.37526696868|98.06229992765|-289802|77928||50760.6015625|359.75||36006.25|357.75|50760.6015625|76d035|TGW2656|0|1671|0|||3|3|0|1|1|132|18|["132,18,5,3697","132,114,5,557"]|14:06:00:602
62|1.1|636136525477075497|0|50765.6015625|14.38475124556|98.05741831455|-290317|78984||50765.6015625|359.5||36018.75|357.5|50765.6015625|76d035|TGW2656|0|1671|0|||3|3|0|1|1|132|18|["132,18,5,3697","132,114,5,557"]|14:06:05:602
62|1.1|636136525527010490|0|50770.578125|14.39434281064|98.0523489471|-290852|80052||50770.578125|359.5||35993.75|357.5|50770.578125|76d035|TGW2656|0|1671|0|||3|3|0|1|1|132|18|["132,18,5,3697","132,114,5,557"]|14:06:10:578
62|1.1|636136525576925481|0|50775.578125|14.40409530802|98.04717229145|-291398|81138||50775.578125|359.5||35937.5|357.5|50775.578125|76d035|TGW2656|0|1671|0|||3|3|0|1|1|132|18|["132,18,5,3697","132,114,5,557"]|14:06:15:578
62|1.1|636136525626840472|0|50780.578125|14.41364395782|98.04219411897|-291923|82201||50780.578125|359.75||35906.25|357.5|50780.578125|76d035|TGW2656|0|1671|0|||3|3|0|1|1|132|18|["132,18,5,3697","132,114,5,557"]|14:06:20:578
62|1.1|636136525676785466|0|50785.5625|14.42301558209|98.03700137009|-292471|83245||50785.5625|359.5||35856.25|357.5|50785.5625|76d035|TGW2656|0|1671|0|||3|3|0|1|1|132|18|["132,18,5,3697","132,114,5,557"]|14:06:25:563
62|1.1|636136525726690456|0|50790.5625|14.43251058779|98.03204465525|-292994|84302||50790.5625|359.5||35837.5|357.5|50790.5625|76d035|TGW2656|0|1671|0|||3|3|0|1|1|132|18|["132,18,5,3697","132,114,5,557"]|14:06:30:563
62|1.1|636136525776605447|0|50795.5390625|14.44198413585|98.02703429631|-293522|85357||50795.5390625|359.5||35818.75|357.5|50795.5390625|76d035|TGW2656|0|1671|0|||3|3|0|1|1|132|18|["132,18,5,3697","132,114,5,557"]|14:06:35:539
62|1.1|636136525826520438|0|50800.5390625|14.45160252298|98.02202930178|-294050|86428||50800.5390625|359.5||35812.5|357.5|50800.5390625|76d035|TGW2656|0|1671|0|||3|3|0|1|1|132|18|["132,18,5,3697","132,114,5,557"]|14:06:40:539
62|1.1|636136525876445430|0|50805.5390625|14.4607327488|98.01707258694|-294573|87445||50805.5390625|359.5||35812.5|357.5|50805.5390625|76d035|TGW2656|0|1671|0|||3|3|0|1|1|132|18|["132,18,5,3697","132,114,5,557"]|14:06:45:539
62|1.1|636136525926360421|0|50810.515625|14.47051206823|98.01200321949|-295107|88534||50810.515625|359.5||35806.25|357.5|50810.515625|76d035|TGW2656|0|1671|0|||3|3|0|1|1|132|18|["132,18,5,3697","132,114,5,557"]|14:06:50:516
62|1.1|636136525976285413|0|50815.515625|14.47958864995|98.00721816577|-295612|89545||50815.515625|359.5||35825|357.5|50815.515625|76d035|TGW2656|0|1671|0|||3|3|0|1|1|132|18|["132,18,5,3697","132,114,5,557"]|14:06:55:516
62|1.1|636136526026200404|0|50820.5|14.48962546106|98.0020844254|-296152|90662||50820.5|359.75||35831.25|357.75|50820.5|76d035|TGW2656|0|1671|0|||3|3|0|1|1|132|18|["132,18,5,3697","132,114,5,557"]|14:07:00:500
62|1.1|636136526076145398|0|50825.5|14.49895417005|97.99706333764|-296682|91701||50825.5|359.75||35837.5|357.75|50825.5|76d035|TGW2656|0|1671|0|||3|3|0|1|1|132|18|["132,18,5,3697","132,114,5,557"]|14:07:05:500
62|1.1|636136526126060389|0|50830.5|14.50834725196|97.99198860578|-297217|92747||50830.5|359.75||35837.5|357.75|50830.5|76d035|TGW2656|0|1671|0|||3|3|0|1|1|132|18|["132,18,5,3697","132,114,5,557"]|14:07:10:500
62|1.1|636136526175975380|0|50835.4765625|14.51768668977|97.9870640774|-297736|93788||50835.4765625|359.75||35850|357.75|50835.4765625|76d035|TGW2656|0|1671|0|||3|3|0|1|1|132|18|["132,18,5,3697","132,114,5,557"]|14:07:15:477
62|1.1|636136526225900372|0|50840.4765625|14.52747673802|97.982021532|-298267|94878||50840.4765625|359.75||35850|357.75|50840.4765625|76d035|TGW2656|0|1671|0|||3|3|0|1|1|132|18|["132,18,5,3697","132,114,5,557"]|14:07:20:477
62|1.1|636136526275815363|0|50845.4609375|14.53639238744|97.97725793592|-298769|95871||50845.4609375|359.75||35881.25|357.75|50845.4609375|76d035|TGW2656|0|1671|0|||3|3|0|1|1|132|18|["132,18,5,3697","132,114,5,557"]|14:07:25:461
62|1.1|636136526325750356|0|50850.4609375|14.54550652003|97.97248361102|-299272|96886||50850.4609375|359.75||35900|357.75|50850.4609375|76d035|TGW2656|0|1671|0|||3|3|0|1|1|132|18|["132,18,5,3697","132,114,5,557"]|14:07:30:461
62|1.1|636136526375705351|0|50855.4609375|14.55484595784|97.96758054028|-299789|97926||50855.4609375|359.75||35906.25|357.75|50855.4609375|76d035|TGW2656|0|1671|0|||3|3|0|1|1|132|18|["132,18,5,3697","132,114,5,557"]|14:07:35:461
62|1.1|636136526425580338|0|50860.4375|14.56465746373|97.96256481693|-300316|99019||50860.4375|359.75||35893.75|357.75|50860.4375|76d035|TGW2656|0|1671|0|||3|3|0|1|1|132|18|["132,18,5,3697","132,114,5,557"]|14:07:40:438
62|1.1|636136526475505330|0|50865.4375|14.57393789303|97.95751690712|-300848|100052||50865.4375|359.75||35887.5|357.75|50865.4375|76d035|TGW2656|0|1671|0|||3|3|0|1|1|132|18|["132,18,5,3697","132,114,5,557"]|14:07:45:438
62|1.1|636136526525430322|0|50870.421875|14.58331488171|97.95234025147|-301394|101097||50870.421875|359.75||35862.5|357.75|50870.421875|76d035|TGW2656|0|1671|0|||3|3|0|1|1|132|18|["132,18,5,3697","132,114,5,557"]|14:07:50:422
62|1.1|636136526575355314|0|50875.421875|14.59286353151|97.94738353663|-301916|102161||50875.421875|359.75||35862.5|357.75|50875.421875|76d035|TGW2656|0|1671|0|||3|3|0|1|1|132|18|["132,18,5,3697","132,114,5,557"]|14:07:55:422
62|1.1|636136526625270305|0|50880.421875|14.60227270665|97.94235172005|-302446|103209||50880.421875|359.75||35850|357.75|50880.421875|76d035|TGW2656|0|1671|0|||3|3|0|1|1|132|18|["132,18,5,3697","132,114,5,557"]|14:08:00:422
62|1.1|636136526675195297|0|50885.3984375|14.6113653816|97.93730917465|-302978|104222||50885.3984375|359.75||35843.75|357.75|50885.3984375|76d035|TGW2656|0|1671|0|||3|3|0|1|1|132|18|["132,18,5,3697","132,114,5,557"]|14:08:05:398
62|1.1|636136526725130290|0|50890.3984375|14.62099449755|97.93233636658|-303501|105294||50890.3984375|359.75||35831.25|357.75|50890.3984375|76d035|TGW2656|0|1671|0|||3|3|0|1|1|132|114|["132,18,5,3697","132,114,5,557"]|14:08:10:398
62|1.1|636136526775035280|0|50895.375|14.63033393536|97.92730455|-304031|106335||50895.375|359.75||35831.25|357.75|50895.375|76d035|TGW2656|0|1671|0|||3|3|0|1|1|132|18|["132,18,5,3697","132,114,5,557"]|14:08:15:375
62|1.1|636136526824960272|0|50900.375|14.63961436466|97.92230491988|-304558|107369||50900.375|359.75||35843.75|357.75|50900.375|76d035|TGW2656|0|1671|0|||3|3|0|1|1|132|18|["132,18,5,3697","132,114,5,557"]|14:08:20:375
62|1.1|636136526874875263|0|50905.375|14.64895916688|97.9175949679|-305052|108409||50905.375|359.75||35862.5|357.75|50905.375|76d035|TGW2656|0|1671|0|||3|3|0|1|1|132|114|["132,18,5,3697","132,114,5,557"]|14:08:25:375
62|1.1|636136526924800255|0|50910.359375|14.65882968128|97.91243976989|-305595|109509||50910.359375|359.75||35843.75|357.75|50910.359375|76d035|TGW2656|0|1671|0|||3|3|0|1|1|132|114|["132,18,5,3697","132,114,5,557"]|14:08:30:359
62|1.1|636136526974725247|0|50915.359375|14.6682817717|97.90732212275|-306134|110562||50915.359375|359.75||35831.25|357.75|50915.359375|76d035|TGW2656|0|1671|0|||3|3|0|1|1|132|114|["132,18,5,3697","132,114,5,557"]|14:08:35:359
62|1.1|636136527024670241|0|50920.3359375|14.67771240448|97.90244050965|-306647|111613||50920.3359375|359.75||35843.75|357.75|50920.3359375|76d035|TGW2656|0|1671|0|||3|3|0|1|1|132|114|["132,18,5,3697","132,114,5,557"]|14:08:40:336
62|1.1|636136527074595233|0|50925.3359375|14.68730396956|97.89749988804|-307167|112681||50925.3359375|359.75||35850|357.75|50925.3359375|76d035|TGW2656|0|1671|0|||3|3|0|1|1|132|114|["132,18,5,3697","132,114,5,557"]|14:08:45:336
62|1.1|636136527124500223|0|50930.3359375|14.69635372923|97.89257535966|-307685|113689||50930.3359375|359.75||35856.25|357.75|50930.3359375|76d035|TGW2656|0|1671|0|||3|3|0|1|1|132|114|["132,18,5,3697","132,114,5,557"]|14:08:50:336
62|1.1|636136527174435216|0|50935.3203125|14.70567707381|97.88754890749|-308214|114728||50935.3203125|360||35856.25|358|50935.3203125|76d035|TGW2656|0|1671|0|||3|3|0|1|1|132|114|["132,18,5,3697","132,114,5,557"]|14:08:55:320
62|1.1|636136527224330205|0|50940.3203125|14.71512379982|97.88263510793|-308731|115780||50940.3203125|360||35868.75|358|50940.3203125|76d035|TGW2656|0|1671|0|||3|3|0|1|1|132|114|["132,18,5,3697","132,114,5,557"]|14:09:00:320
62|1.1|636136527274255197|0|50945.296875|14.72475828018|97.87758719812|-309262|116854||50945.296875|360||35868.75|358|50945.296875|76d035|TGW2656|0|1671|0|||3|3|0|1|1|132|114|["132,18,5,3697","132,114,5,557"]|14:09:05:297
62|1.1|636136527324200191|0|50950.296875|14.73438203172|97.87270022061|-309775|117926||50950.296875|360||35893.75|358|50950.296875|76d035|TGW2656|0|1671|0|||3|3|0|1|1|132|114|["132,18,5,3697","132,114,5,557"]|14:09:10:297
62|1.1|636136527374095180|0|50955.296875|14.74351762195|97.86770059049|-310301|118944||50955.296875|360||35893.75|358|50955.296875|76d035|TGW2656|0|1671|0|||3|3|0|1|1|132|114|["132,18,5,3697","132,114,5,557"]|14:09:15:297
62|1.1|636136527424030173|0|50960.28125|14.75287315299|97.86280288416|-310816|119986||50960.28125|360||35906.25|358|50960.28125|76d035|TGW2656|0|1671|0|||3|3|0|1|1|132|114|["132,18,5,3697","132,114,5,557"]|14:09:20:281
62|1.1|636136527473945164|0|50965.28125|14.76252372658|97.85776570317|-311346|121061||50965.28125|360||35893.75|358|50965.28125|76d035|TGW2656|0|1671|0|||3|3|0|1|1|132|114|["132,18,5,3697","132,114,5,557"]|14:09:25:281
62|1.1|636136527523860155|0|50970.2578125|14.77200263905|97.85275534423|-311872|122118||50970.2578125|360||35893.75|358|50970.2578125|76d035|TGW2656|0|1671|0|||3|3|0|1|1|132|114|["132,18,5,3697","132,114,5,557"]|14:09:30:258
62|1.1|636136527573785147|0|50975.2578125|14.78159956854|97.84776644293|-312397|123187||50975.2578125|360||35900|358|50975.2578125|76d035|TGW2656|0|1671|0|||3|3|0|1|1|132|114|["132,18,5,3697","132,114,5,557"]|14:09:35:258
62|1.1|636136527623710139|0|50980.2578125|14.7909658284|97.84275608399|-312923|124230||50980.2578125|360||35900|358|50980.2578125|76d035|TGW2656|0|1671|0|||3|3|0|1|1|132|114|["132,18,5,3697","132,114,5,557"]|14:09:40:258
62|1.1|636136527673635131|0|50985.2421875|14.79996730838|97.83767598772|-313458|125234||50985.2421875|360||35875|358|50985.2421875|76d035|TGW2656|0|1671|0|||3|3|0|1|1|132|114|["132,18,5,3697","132,114,5,557"]|14:09:45:242
62|1.1|636136527723560123|0|50990.2421875|14.80978417868|97.83264417114|-313987|126327||50990.2421875|360||35875|358|50990.2421875|76d035|TGW2656|0|1671|0|||3|3|0|1|1|132|114|["132,18,5,3697","132,114,5,557"]|14:09:50:242
62|1.1|636136527773485115|0|50995.21875|14.81911825208|97.8276338122|-314513|127368||50995.21875|360||35875|358|50995.21875|76d035|TGW2656|0|1671|0|||3|3|0|1|1|132|114|["132,18,5,3697","132,114,5,557"]|14:09:55:219
62|1.1|636136527823420108|0|51000.21875|14.8289994953|97.82256980916|-315045|128469||51000.21875|360||35868.75|358|51000.21875|76d035|TGW2656|0|1671|0|||3|3|0|1|1|132|114|["132,18,5,3697","132,114,5,557"]|14:10:00:219
62|1.1|636136527873335099|0|51005.21875|14.83834966193|97.81758090786|-315569|129511||51005.21875|360||35875|358|51005.21875|76d035|TGW2656|0|1671|0|||3|3|0|1|1|132|114|["132,18,5,3697","132,114,5,557"]|14:10:05:219
62|1.1|636136527923260091|0|51010.1953125|14.84798414229|97.81247398954|-316106|130584||51010.1953125|360||35862.5|358|51010.1953125|76d035|TGW2656|0|1671|0|||3|3|0|1|1|132|114|["132,18,5,3697","132,114,5,557"]|14:10:10:195
62|1.1|636136527973155080|0|51015.1953125|14.85743623271|97.80756018998|-316622|131637||51015.1953125|360||35881.25|360|51015.1953125|76d035|TGW2656|0|1671|0|||3|3|0|1|1|132|114|["132,18,5,3697","132,114,5,557"]|14:10:15:195
62|1.1|636136528023080072|0|51020.1796875|14.86700634015|97.80250155135|-317153|132704||51020.1796875|360||35881.25|360|51020.1796875|76d035|TGW2656|0|1671|0|||3|3|0|1|1|132|114|["132,18,5,3697","132,114,5,557"]|14:10:20:180
62|1.1|636136528072995063|0|51025.1796875|14.87610974392|97.79744291272|-317685|133719||51025.1796875|360||35881.25|360|51025.1796875|76d035|TGW2656|0|1671|0|||3|3|0|1|1|132|114|["132,18,5,3697","132,114,5,557"]|14:10:25:180
62|1.1|636136528122930056|0|51030.1796875|14.88574422428|97.7923359944|-318221|134793||51030.1796875|360||35868.75|360|51030.1796875|76d035|TGW2656|0|1671|0|||3|3|0|1|1|132|114|["132,18,5,3697","132,114,5,557"]|14:10:30:180
62|1.1|636136528172845047|0|51035.15625|14.89515339942|97.78752411863|-318726|135841||51035.15625|360.25||35893.75|360|51035.15625|76d035|TGW2656|0|1671|0|||3|3|0|1|1|132|114|["132,18,5,3697","132,114,5,557"]|14:10:35:156
62|1.1|636136528222770039|0|51040.15625|14.90483079506|97.78247620882|-319256|136919||51040.15625|360.25||35881.25|360|51040.15625|76d035|TGW2656|0|1671|0|||3|3|0|1|1|132|114|["132,18,5,3697","132,114,5,557"]|14:10:40:156
62|1.1|636136528272685030|0|51045.140625|14.91484078412|97.77749803634|-319778|138035||51045.140625|360||35906.25|360|51045.140625|76d035|TGW2656|0|1671|0|||3|3|0|1|1|132|114|["132,18,5,3697","132,114,5,557"]|14:10:45:141
62|1.1|636136528322610022|0|51050.140625|14.92428214572|97.77233747392|-320320|139087||51050.140625|360.25||35893.75|360|51050.140625|76d035|TGW2656|0|1671|0|||3|3|0|1|1|132|114|["132,18,5,3697","132,114,5,557"]|14:10:50:141
62|1.1|636136528372555016|0|51055.140625|14.93318706632|97.76733247939|-320846|140080||51055.140625|360.25||35906.25|360|51055.140625|76d035|TGW2656|0|1671|0|||3|3|0|1|1|132|114|["132,18,5,3697","132,114,5,557"]|14:10:55:141
62|1.1|636136528422470007|0|51060.1171875|14.94222073276|97.76210754405|-321396|141087||51060.1171875|360.25||35900|360|51060.1171875|76d035|TGW2656|0|1671|0|||3|3|0|1|1|132|114|["132,18,5,3697","132,114,5,557"]|14:11:00:117
62|1.1|636136528472374997|0|51065.1171875|14.95169964523|97.75707572747|-321924|142144||51065.1171875|360.25||35875|360|51065.1171875|76d035|TGW2656|0|1671|0|||3|3|0|1|1|132|114|["132,18,5,3697","132,114,5,557"]|14:11:05:117
