62|1.1|636136510301188060|0|49248.015625|14.89828085045|102.1547814946|151312|134612||49248.015625|382||38150|379.75|49248.015625|77058a|ALK883|0|2488|-2381.25|||3|3|2|1|1|132|178|["132,18,5,3681","132,114,5,474","132,178,5,1557","132,146,5,1701","132,162,5"]|13:40:48:016
62|1.1|636136510351113052|0|49253.015625|14.89253556734|102.14624135388|150397|133971||49253.015625|380||37975|378|49253.015625|77058a|ALK883|0|2488|-2306.25|||3|3|2|1|1|132|178|["132,18,5,3681","132,114,5,474","132,178,5,1557","132,146,5,1701","132,162,5"]|13:40:53:016
62|1.1|636136510401028043|0|49258.015625|14.88630212292|102.13710576365|149418|133275||49258.015625|378||37787.5|375.75|49258.015625|77058a|ALK883|0|2488|-2400|||3|3|2|1|1|132|178|["132,18,5,3681","132,114,5,474","132,178,5,1557","132,146,5,1701","132,162,5"]|13:40:58:016
62|1.1|636136510450963036|0|49263|14.87906553383|102.1262428334|148254|132467||49263|376.25||37568.75|374|49263|77058a|ALK883|0|2488|-2262.5|||3|3|2|1|1|132|178|["132,18,5,3681","132,114,5,474","132,178,5,1557","132,146,5,1701","132,162,5"]|13:41:03:000
62|1.1|636136510500878027|0|49268|14.87335243718|102.11774024355|147342|131829||49268|374.5||37418.75|372.25|49268|77058a|ALK883|0|2488|-2125|||3|3|2|1|1|132|178|["132,18,5,3681","132,114,5,474","132,178,5,1557","132,146,5,1701","132,162,5"]|13:41:08:000
62|1.1|636136510550813020|0|49272.9765625|14.86716727245|102.10855100922|146357|131139||49272.9765625|373||37262.5|371|49272.9765625|77058a|ALK883|0|2488|-1912.5|||3|3|2|1|1|132|178|["132,18,5,3681","132,114,5,474","132,178,5,1557","132,146,5,1701","132,162,5"]|13:41:12:977
62|1.1|636136510600718010|0|49277.9765625|14.86105720946|102.09943687663|145380|130457||49277.9765625|371.25||37112.5|369.5|49277.9765625|77058a|ALK883|0|2488|-1831.25|||3|3|2|1|1|132|178|["132,18,5,3681","132,114,5,474","132,178,5,1557","132,146,5,1701","132,162,5"]|13:41:17:977
62|1.1|636136510650643002|0|49282.9765625|14.85493641765|102.09031737963|144402|129774||49282.9765625|369.5||36937.5|367.75|49282.9765625|77058a|ALK883|0|2488|-1887.5|||3|3|2|1|1|132|114|["132,18,5,3681","132,114,5,474","132,178,5,1557","132,146,5,1701","132,162,5"]|13:41:22:977
62|1.1|636136510700557993|0|49287.9609375|14.84787148968|102.07977631398|143272|128986||49287.9609375|367.25||36712.5|365.5|49287.9609375|77058a|ALK883|0|2488|-2262.5|||3|3|2|1|1|132|178|["132,18,5,3681","132,114,5,474","132,178,5,1557","132,146,5,1701","132,162,5"]|13:41:27:961
62|1.1|636136510750502987|0|49292.9609375|14.84178824874|102.07071582549|142300|128307||49292.9609375|364.75||36475|363|49292.9609375|77058a|ALK883|0|2488|-2737.5|||3|3|2|1|1|132|178|["132,18,5,3681","132,114,5,474","132,178,5,1557","132,146,5,1701","132,162,5"]|13:41:32:961
62|1.1|636136510800407977|0|49297.9375|14.83498617686|102.06069510761|141226|127548||49297.9375|362.25||36206.25|360.25|49297.9375|77058a|ALK883|0|2488|-2975|||3|3|2|1|1|132|178|["132,18,5,3681","132,114,5,474","132,178,5,1557","132,146,5,1701","132,162,5"]|13:41:37:938
62|1.1|636136510850322968|0|49302.9375|14.82955739394|102.05255193323|140353|126942||49302.9375|359.75||35962.5|357.25|49302.9375|77058a|ALK883|0|2488|-3287.5|||3|3|2|1|1|132|114|["132,18,5,3681","132,114,5,474","132,178,5,1557","132,146,5,1701","132,162,5"]|13:41:42:938
62|1.1|636136510900277963|0|49307.9375|14.82324348337|102.04327686834|139358|126238||49307.9375|356.75||35687.5|354.75|49307.9375|77058a|ALK883|0|2488|-3231.25|||3|3|2|1|1|132|178|["132,18,5,3681","132,114,5,474","132,178,5,1557","132,146,5,1701","132,162,5"]|13:41:47:938
62|1.1|636136510950182953|0|49312.921875|14.81699394572|102.03405544755|138369|125541||49312.921875|354.5||35425|352.5|49312.921875|77058a|ALK883|0|2488|-3068.75|||3|3|2|1|1|132|178|["132,18,5,3681","132,114,5,474","132,178,5,1557","132,146,5,1701","132,162,5"]|13:41:52:922
62|1.1|636136511000097944|0|49317.921875|14.81004703477|102.02361094128|137249|124766||49317.921875|352.25||35150|349.75|49317.921875|77058a|ALK883|0|2488|-3112.5|||3|3|2|1|1|132|114|["132,18,5,3681","132,114,5,474","132,178,5,1557","132,146,5,1701","132,162,5"]|13:41:57:922
62|1.1|636136511050012935|0|49322.8984375|14.80339516637|102.0138584439|136203|124024||49322.8984375|350||34881.25|347.25|49322.8984375|77058a|ALK883|0|2488|-3012.5|||3|3|2|1|1|132|114|["132,18,5,3681","132,114,5,474","132,178,5,1557","132,146,5,1701","132,162,5"]|13:42:02:898
62|1.1|636136511099937927|0|49327.8984375|14.79668965387|102.00390209894|135135|123276||49327.8984375|347.5||34662.5|345|49327.8984375|77058a|ALK883|0|2488|-2875|||3|3|2|1|1|132|114|["132,18,5,3681","132,114,5,474","132,178,5,1557","132,146,5,1701","132,162,5"]|13:42:07:898
62|1.1|636136511149852918|0|49332.8984375|14.7898393023|101.99391356752|134064|122512||49332.8984375|344.25||34406.25|342.75|49332.8984375|77058a|ALK883|0|2488|-2837.5|||3|3|2|1|1|132|163|["132,18,5,3681","132,114,5,474","132,178,5,1557","132,146,5,1701","132,162,5"]|13:42:12:898
62|1.1|636136511199777910|0|49337.875|14.78439442615|101.98595814749|133210|121905||49337.875|342||34206.25|340.25|49337.875|77058a|ALK883|0|2488|-3150|||3|3|2|1|1|132|114|["132,18,5,3681","132,114,5,474","132,178,5,1557","132,146,5,1701","132,162,5"]|13:42:17:875
62|1.1|636136511249702902|0|49342.875|14.77845602428|101.97712832863|132263|121243||49342.875|339.25||33918.75|337.25|49342.875|77058a|ALK883|0|2488|-2975|||3|3|2|1|1|132|114|["132,18,5,3681","132,114,5,474","132,178,5,1557","132,146,5,1701","132,162,5"]|13:42:22:875
62|1.1|636136511299617893|0|49347.875|14.77180415588|101.96722562777|131200|120501||49347.875|336.25||33625|334|49347.875|77058a|ALK883|0|2488|-3581.25|||3|3|2|1|1|132|114|["132,18,5,3681","132,114,5,474","132,178,5,1557","132,146,5,1701","132,162,5"]|13:42:27:875
62|1.1|636136511349542885|0|49352.859375|14.76490016021|101.95684013001|130086|119731||49352.859375|333.25||33275|330.75|49352.859375|77058a|ALK883|0|2488|-3837.5|||3|3|2|1|1|132|114|["132,18,5,3681","132,114,5,474","132,178,5,1557","132,146,5,1701","132,162,5"]|13:42:32:859
62|1.1|636136511399467877|0|49357.859375|14.75814636802|101.94681404772|129010|118978||49357.859375|330.5||32962.5|327.75|49357.859375|77058a|ALK883|0|2488|-3662.5|||3|3|2|1|1|132|114|["132,18,5,3681","132,114,5,474","132,178,5,1557","132,146,5,1701","132,162,5"]|13:42:37:859
62|1.1|636136511449382868|0|49362.8359375|14.75224551702|101.93820416967|128086|118320||49362.8359375|328||32737.5|326.25|49362.8359375|77058a|ALK883|0|2488|-3112.5|||3|3|2|1|1|132|114|["132,18,5,3681","132,114,5,474","132,178,5,1557","132,146,5,1701","132,162,5"]|13:42:42:836
62|1.1|636136511499307860|0|49367.8359375|14.74509475849|101.92768992607|126958|117523||49367.8359375|324.75||32468.75|323.5|49367.8359375|77058a|ALK883|0|2488|-2975|||3|3|2|1|1|132|163|["132,18,5,3681","132,114,5,474","132,178,5,1557","132,146,5,1701","132,162,5"]|13:42:47:836
62|1.1|636136511549232852|0|49372.8203125|14.73988055197|101.91997054008|126130|116942||49372.8203125|322.75||32256.25|320.75|49372.8203125|77058a|ALK883|0|2488|-3150|||3|3|2|1|1|132|114|["132,18,5,3681","132,114,5,474","132,178,5,1557","132,146,5,1701","132,162,5"]|13:42:52:820
62|1.1|636136511599167845|0|49377.8203125|14.73247766617|101.90896277076|124948|116117||49377.8203125|319.75||31918.75|317.75|49377.8203125|77058a|ALK883|0|2488|-3425|||3|3|2|1|1|132|114|["132,18,5,3681","132,114,5,474","132,178,5,1557","132,146,5,1701","132,162,5"]|13:42:57:820
62|1.1|636136511649072835|0|49382.8203125|14.72689867977|101.90068548613|124060|115495||49382.8203125|316.75||31656.25|315|49382.8203125|77058a|ALK883|0|2488|-3443.75|||3|3|2|1|1|132|114|["132,18,5,3681","132,114,5,474","132,178,5,1557","132,146,5,1701","132,162,5"]|13:43:02:820
62|1.1|636136511698997827|0|49387.796875|14.71966209068|101.88974745414|122886|114689||49387.796875|313.5||31312.5|311|49387.796875|77058a|ALK883|0|2488|-3956.25|||3|3|2|1|1|132|114|["132,18,5,3681","132,114,5,474","132,178,5,1557","132,146,5,1701","132,162,5"]|13:43:07:797
62|1.1|636136511748912818|0|49392.796875|14.71288684085|101.87971600744|121809|113934||49392.796875|310.25||30993.75|308.25|49392.796875|77058a|ALK883|0|2488|-3837.5|||3|3|2|1|1|132|114|["132,18,5,3681","132,114,5,474","132,178,5,1557","132,146,5,1701","132,162,5"]|13:43:12:797
62|1.1|636136511798847811|0|49397.78125|14.70662120997|101.87074671392|120846|113235||49397.78125|307.5||30725|305.75|49397.78125|77058a|ALK883|0|2488|-3250|||3|3|2|1|1|132|5|["132,18,5,3681","132,114,5,474","132,178,5,1557","132,146,5,1701","132,162,5"]|13:43:17:781
62|1.1|636136511848762802|0|49402.78125|14.69982986691|101.86066698753|119764|112479||49402.78125|304.25||30400|302.5|49402.78125|77058a|ALK883|0|2488|-3525|||3|3|2|1|1|132|114|["132,18,5,3681","132,114,5,474","132,178,5,1557","132,146,5,1701","132,162,5"]|13:43:22:781
62|1.1|636136511898687794|0|49407.78125|14.69334965963|101.8512631768|118754|111757||49407.78125|301||30081.25|298.75|49407.78125|77058a|ALK883|0|2488|-3875|||3|3|2|1|1|132|114|["132,18,5,3681","132,114,5,474","132,178,5,1557","132,146,5,1701","132,162,5"]|13:43:27:781
62|1.1|636136511948602785|0|49412.7578125|14.68691236763|101.84180572197|117739|111040||49412.7578125|298||29775|296|49412.7578125|77058a|ALK883|0|2488|-3718.75|||3|3|2|1|1|132|114|["132,18,5,3681","132,114,5,474","132,178,5,1557","132,146,5,1701","132,162,5"]|13:43:32:758
62|1.1|636136511998527777|0|49417.7578125|14.6805662706|101.83223025012|116711|110333||49417.7578125|295.75||29531.25|293.75|49417.7578125|77058a|ALK883|0|2488|-3325|||3|3|2|1|1|132|163|["132,18,5,3681","132,114,5,474","132,178,5,1557","132,146,5,1701","132,162,5"]|13:43:37:758
62|1.1|636136512048452769|0|49422.7421875|14.67410752096|101.82257967653|115675|109613||49422.7421875|294.25||29356.25|292.5|49422.7421875|77058a|ALK883|0|2488|-2500|||3|3|2|1|1|132|114|["132,18,5,3681","132,114,5,474","132,178,5,1557","132,146,5,1701","132,162,5"]|13:43:42:742
62|1.1|636136512098377761|0|49427.7421875|14.66752002548|101.81288082325|114633|108880||49427.7421875|292.75||29218.75|291|49427.7421875|77058a|ALK883|0|2488|-2125|||3|3|2|1|1|132|114|["132,18,5,3681","132,114,5,474","132,178,5,1557","132,146,5,1701","132,162,5"]|13:43:47:742
62|1.1|636136512148292752|0|49432.7421875|14.6603424449|101.80209299474|113474|108080||49432.7421875|291.25||29050|289|49432.7421875|77058a|ALK883|0|2488|-2162.5|||3|3|2|1|1|132|162|["132,18,5,3681","132,114,5,474","132,178,5,1557","132,146,5,1701","132,162,5"]|13:43:52:742
62|1.1|636136512198207743|0|49437.71875|14.65372812737|101.79241023469|112435|107343||49437.71875|289.5||28918.75|287.5|49437.71875|77058a|ALK883|0|2488|-2050|||3|3|2|1|1|132|162|["132,18,5,3681","132,114,5,474","132,178,5,1557","132,146,5,1701","132,162,5"]|13:43:57:719
62|1.1|636136512248132735|0|49442.71875|14.6470387081|101.78248071178|111368|106598||49442.71875|288||28762.5|285.75|49442.71875|77058a|ALK883|0|2488|-1987.5|||3|3|2|1|1|132|162|["132,18,5,3681","132,114,5,474","132,178,5,1557","132,146,5,1701","132,162,5"]|13:44:02:719
62|1.1|636136512298047726|0|49447.6953125|14.64005424628|101.77214885812|110258|105820||49447.6953125|286.25||28600|284.25|49447.6953125|77058a|ALK883|0|2488|-1968.75|||3|3|2|1|1|132|162|["132,18,5,3681","132,114,5,474","132,178,5,1557","132,146,5,1701","132,162,5"]|13:44:07:695
62|1.1|636136512347992720|0|49452.6953125|14.63414266646|101.76337268336|109315|105162||49452.6953125|284.25||28443.75|282.5|49452.6953125|77058a|ALK883|0|2488|-2050|||3|3|2|1|1|132|162|["132,18,5,3681","132,114,5,474","132,178,5,1557","132,162,5"]|13:44:12:695
62|1.1|636136512397897710|0|49457.6953125|14.62688461973|101.75281016007|108181|104354||49457.6953125|282.25||28237.5|280.5|49457.6953125|77058a|ALK883|0|2488|-2125|||3|3|2|1|1|132|163|["132,18,5,3681","132,114,5,474","132,178,5,1557","132,162,5"]|13:44:17:695
62|1.1|636136512447812701|0|49462.6796875|14.62143437917|101.74468307892|107308|103747||49462.6796875|280.75||28093.75|279|49462.6796875|77058a|ALK883|0|2488|-1987.5|||3|3|2|1|1|132|5|["132,18,5,3681","132,114,5,474","132,178,5,1557","132,162,5"]|13:44:22:680
62|1.1|636136512497737693|0|49467.6796875|14.61496490071|101.73511833589|106281|103027||49467.6796875|279.5||27925|277.25|49467.6796875|77058a|ALK883|0|2488|-1968.75|||3|3|2|1|1|132|162|["132,18,5,3681","132,114,5,474","132,178,5,1557","132,162,5"]|13:44:27:680
62|1.1|636136512547672686|0|49472.65625|14.60834521877|101.72522099944|105217|102290||49472.65625|277.75||27750|275.75|49472.65625|77058a|ALK883|0|2488|-1931.25|||3|3|2|1|1|132|162|["132,18,5,3681","132,114,5,474","132,178,5,1557","132,162,5"]|13:44:32:656
62|1.1|636136512597587677|0|49477.65625|14.6021922405|101.71624634151|104253|101605||49477.65625|276.25||27600|274.25|49477.65625|77058a|ALK883|0|2488|-1868.75|||3|3|2|1|1|132|162|["132,18,5,3681","132,114,5,474","132,178,5,1557","132,162,5"]|13:44:37:656
62|1.1|636136512647502668|0|49482.65625|14.59572812645|101.70666550525|103223|100886||49482.65625|275.75||27437.5|272.75|49482.65625|77058a|ALK883|0|2488|-1868.75|||3|3|2|1|1|132|18|["132,18,5,3681","132,114,5,474","132,178,5,1557","132,162,5"]|13:44:42:656
62|1.1|636136512697437661|0|49487.640625|14.58977899576|101.69809854248|102303|100224||49487.640625|273||27231.25|270.25|49487.640625|77058a|ALK883|0|2488|-2243.75|||3|3|2|1|1|132|5|["132,18,5,3681","132,114,5,474","132,178,5,1557","132,162,5"]|13:44:47:641
62|1.1|636136512747342651|0|49492.640625|14.58366893277|101.68920971511|101347|99543||49492.640625|271||27018.75|268|49492.640625|77058a|ALK883|0|2488|-2400|||3|3|2|1|1|132|5|["132,18,5,3681","132,114,5,474","132,178,5,1557","132,162,5"]|13:44:52:641
62|1.1|636136512797267643|0|49497.6171875|14.57704388642|101.67914608195|100266|98806||49497.6171875|267.5||26768.75|265.25|49497.6171875|77058a|ALK883|0|2488|-2756.25|||3|3|2|1|1|132|162|["132,18,5,3681","132,114,5,474","132,178,5,1557","132,162,5"]|13:44:57:617
62|1.1|636136512847192635|0|49502.6171875|14.5707031538|101.66997294085|99280|98101||49502.6171875|265.5||26525|263.5|49502.6171875|77058a|ALK883|0|2488|-2537.5|||3|3|2|1|1|132|162|["132,18,5,3681","132,114,5,474","132,178,5,1557","132,162,5"]|13:45:02:617
62|1.1|636136512897127628|0|49507.6171875|14.56442142969|101.66062277422|98275|97401||49507.6171875|263.5||26325|261.5|49507.6171875|77058a|ALK883|0|2488|-2481.25|||3|3|2|1|1|132|162|["132,18,5,3681","132,114,5,474","132,178,5,1557","132,162,5"]|13:45:07:617
62|1.1|636136512947042619|0|49512.6015625|14.55832745993|101.65169103157|97315|96723||49512.6015625|261.5||26143.75|259.75|49512.6015625|77058a|ALK883|0|2488|-2325|||3|3|2|1|1|132|162|["132,18,5,3681","132,114,5,474","132,178,5,1557","132,162,5"]|13:45:12:602
62|1.1|636136512996957610|0|49517.6015625|14.55204573582|101.64241596668|96318|96024||49517.6015625|259.25||25943.75|257.25|49517.6015625|77058a|ALK883|0|2488|-2481.25|||3|3|2|1|1|132|162|["132,18,5,3681","132,114,5,474","132,178,5,1557","132,162,5"]|13:45:17:602
62|1.1|636136513046872601|0|49522.578125|14.54595713047|101.6335217749|95362|95347||49522.578125|257||25743.75|255|49522.578125|77058a|ALK883|0|2488|-2600|||3|3|2|1|1|132|162|["132,18,5,3681","132,114,5,474","132,178,5,1557","132,162,5"]|13:45:22:578
62|1.1|636136513096797593|0|49527.578125|14.53924625356|101.62352251466|94287|94600||49527.578125|254.75||25456.25|252.5|49527.578125|77058a|ALK883|0|2488|-2856.25|||3|3|2|1|1|132|162|["132,18,5,3681","132,114,5,474","132,178,5,1557","132,162,5"]|13:45:27:578
62|1.1|636136513146722585|0|49532.578125|14.53322202113|101.61470342462|93339|93930||49532.578125|254||25243.75|250.5|49532.578125|77058a|ALK883|0|2488|-2737.5|||3|3|2|1|1|132|18|["132,18,5,3681","132,114,5,474","132,178,5,1557","132,162,5"]|13:45:32:578
62|1.1|636136513196647577|0|49537.5625|14.52718705988|101.60595407191|92398|93259||49537.5625|250.75||25062.5|249|49537.5625|77058a|ALK883|0|2488|-2462.5|||3|3|2|1|1|132|162|["132,18,5,3681","132,114,5,474","132,178,5,1557","132,162,5"]|13:45:37:563
62|1.1|636136513246562568|0|49542.5625|14.52107699689|101.59698477839|91434|92579||49542.5625|248.75||24881.25|247.25|49542.5625|77058a|ALK883|0|2488|-2262.5|||3|3|2|1|1|132|162|["132,18,5,3681","132,114,5,474","132,178,5,1557","132,162,5"]|13:45:42:563
62|1.1|636136513296487560|0|49547.5390625|14.51443585731|101.58715717927|90377|91841||49547.5390625|247.25||24687.5|245.25|49547.5390625|77058a|ALK883|0|2488|-2243.75|||3|3|2|1|1|132|162|["132,18,5,3681","132,114,5,474","132,178,5,1557","132,162,5"]|13:45:47:539
62|1.1|636136513346402551|0|49552.5390625|14.50848136221|101.57832736041|89427|91178||49552.5390625|245.25||24537.5|243.25|49552.5390625|77058a|ALK883|0|2488|-2243.75|||3|3|2|1|1|132|162|["132,18,5,3681","132,114,5,474","132,178,5,1557","132,162,5"]|13:45:52:539
62|1.1|636136513396327543|0|49557.5390625|14.50243567214|101.56943853304|88472|90506||49557.5390625|243.5||24356.25|241.5|49557.5390625|77058a|ALK883|0|2488|-2225|||3|3|2|1|1|132|162|["132,18,5,3681","132,114,5,474","132,178,5,1557","132,162,5"]|13:45:57:539
62|1.1|636136513446252535|0|49562.515625|14.49595010045|101.55971285771|87426|89785||49562.515625|241.5||24143.75|239.5|49562.515625|77058a|ALK883|0|2488|-2262.5|||3|3|2|1|1|132|162|["132,18,5,3681","132,114,5,474","132,178,5,1557","132,162,5"]|13:46:02:516
62|1.1|636136513496167526|0|49567.515625|14.48978102895|101.5508025727|86467|89099||49567.515625|240.25||24000|238.5|49567.515625|77058a|ALK883|0|2488|-1768.75|||3|3|2|1|1|132|162|["132,18,5,3681","132,114,5,474","132,178,5,1557","132,162,5"]|13:46:07:516
62|1.1|636136513546092518|0|49572.5|14.48373533888|101.54171526216|85490|88427||49572.5|239.5||23893.75|237.75|49572.5|77058a|ALK883|0|2488|-1356.25|||3|3|2|1|1|132|162|["132,18,5,3681","132,114,5,474","132,178,5,1557","132,162,5"]|13:46:12:500
62|1.1|636136513596017510|0|49577.5|14.4773624198|101.53227926497|84475|87718||49577.5|239||23812.5|237|49577.5|77058a|ALK883|0|2488|-1043.75|||3|3|2|1|1|132|5|["132,18,5,3681","132,114,5,474","132,178,5,1557","132,162,5"]|13:46:17:500
62|1.1|636136513645932501|0|49582.5|14.47148839085|101.5237659463|83559|87065||49582.5|238.5||23768.75|236.25|49582.5|77058a|ALK883|0|2488|-925|||3|3|2|1|1|132|5|["132,18,5,3681","132,114,5,474","132,178,5,1557","132,162,5"]|13:46:22:500
62|1.1|636136513695857493|0|49587.4765625|14.46571092128|101.51538673788|82658|86423||49587.4765625|237||23706.25|235.25|49587.4765625|77058a|ALK883|0|2488|-943.75|||3|3|2|1|1|132|162|["132,18,5,3681","132,114,5,474","132,178,5,1557","132,162,5"]|13:46:27:477
62|1.1|636136513745782485|0|49592.4765625|14.45940773953|101.50609021535|81658|85722||49592.4765625|236.75||23600|234.5|49592.4765625|77058a|ALK883|0|2488|-981.25|||3|3|2|1|1|132|18|["132,18,5,3681","132,114,5,474","132,178,5,1557","132,162,5"]|13:46:32:477
62|1.1|636136513795707477|0|49597.4609375|14.45379120226|101.49799532066|80787|85098||49597.4609375|235.5||23487.5|233.25|49597.4609375|77058a|ALK883|0|2488|-1100|||3|3|2|1|1|132|18|["132,18,5,3681","132,114,5,474","132,178,5,1557","132,162,5"]|13:46:37:461
62|1.1|636136513845622468|0|49602.4609375|14.44819612263|101.48984678187|79910|84476||49602.4609375|233.5||23356.25|231.75|49602.4609375|77058a|ALK883|0|2488|-1318.75|||3|3|2|1|1|132|5|["132,18,5,3681","132,114,5,474","132,178,5,1557","132,162,5"]|13:46:42:461
62|1.1|636136513895547460|0|49607.4609375|14.44241865306|101.48128518351|78989|83834||49607.4609375|232.5||23250|230.75|49607.4609375|77058a|ALK883|0|2488|-1318.75|||3|3|2|1|1|132|162|["132,18,5,3681","132,114,5,474","132,178,5,1557","132,162,5"]|13:46:47:461
62|1.1|636136513945472452|0|49612.4375|14.4365929038|101.47266994105|78062|83186||49612.4375|232||23143.75|229.75|49612.4375|77058a|ALK883|0|2488|-1281.25|||3|3|2|1|1|132|5|["132,18,5,3681","132,114,5,474","132,178,5,1557","132,162,5"]|13:46:52:438
62|1.1|636136513995387443|0|49617.4375|14.4313894261|101.46509539413|77247|82608||49617.4375|231||23056.25|228.75|49617.4375|77058a|ALK883|0|2488|-1237.5|||3|3|2|1|1|132|5|["132,18,5,3681","132,114,5,474","132,178,5,1557","132,162,5"]|13:46:57:438
62|1.1|636136514045312435|0|49622.421875|14.42568169386|101.45664644838|76338|81973||49622.421875|230.25||22937.5|227.75|49622.421875|77058a|ALK883|0|2488|-1237.5|||3|3|2|1|1|132|18|["132,18,5,3681","132,114,5,474","132,178,5,1557","132,162,5"]|13:47:02:422
62|1.1|636136514095227426|0|49627.421875|14.42044066529|101.44886268947|75500|81391||49627.421875|228.5||22837.5|226.75|49627.421875|77058a|ALK883|0|2488|-1218.75|||3|3|2|1|1|132|162|["132,18,5,3681","132,114,5,474","132,178,5,1557","132,162,5"]|13:47:07:422
62|1.1|636136514145152418|0|49632.421875|14.41553759455|101.44166365125|74725|80846||49632.421875|227.5||22743.75|225.75|49632.421875|77058a|ALK883|0|2488|-1218.75|||3|3|2|1|1|132|162|["132,18,5,3681","132,114,5,474","132,178,5,1557","132,162,5"]|13:47:12:422
62|1.1|636136514195077410|0|49637.3984375|14.41024292188|101.43387452793|73887|80258||49637.3984375|226.5||22631.25|224.5|49637.3984375|77058a|ALK883|0|2488|-1237.5|||3|3|2|1|1|132|5|["132,18,5,3681","132,114,5,474","132,178,5,1557","132,162,5"]|13:47:17:398
62|1.1|636136514244992401|0|49642.3984375|14.40543641052|101.42692225257|73139|79724||49642.3984375|225.75||22543.75|223.75|49642.3984375|77058a|ALK883|0|2488|-1200|||3|3|2|1|1|132|5|["132,18,5,3681","132,114,5,474","132,178,5,1557","132,162,5"]|13:47:22:398
62|1.1|636136514294767378|0|49647.375|14.40063526357|101.41993242634|72387|79190||49647.375|224.75||22437.5|222.5|49647.375|77058a|ALK883|0|2488|-1218.75|||3|3|2|1|1|132|5|["132,18,5,3681","132,114,5,474","132,178,5,1557","132,162,5"]|13:47:27:375
62|1.1|636136514344682369|0|49652.375|14.39588776072|101.41300697303|71641|78663||49652.375|223.75||22312.5|221.25|49652.375|77058a|ALK883|0|2488|-1300|||3|3|2|1|1|132|18|["132,18,5,3681","132,114,5,474","132,178,5,1557","132,162,5"]|13:47:32:375
62|1.1|636136514394607361|0|49657.375|14.3906735542|101.40525003617|70806|78084||49657.375|222.25||22162.5|219.75|49657.375|77058a|ALK883|0|2488|-1612.5|||3|3|2|1|1|132|18|["132,18,5,3681","132,114,5,474","132,178,5,1557","132,162,5"]|13:47:37:375
62|1.1|636136514444552355|0|49662.359375|14.38571147495|101.39760575192|69983|77532||49662.359375|219||21918.75|217.5|49662.359375|77058a|ALK883|0|2488|-1968.75|||3|3|2|1|1|132|5|["132,18,5,3681","132,114,5,474","132,178,5,1557","132,162,5"]|13:47:42:359
62|1.1|636136514494447344|0|49667.359375|14.38154869279|101.39065884097|69235|77070||49667.359375|217.75||21750|215.5|49667.359375|77058a|ALK883|0|2488|-2050|||3|3|2|1|1|132|5|["132,18,5,3681","132,114,5,474","132,178,5,1557","132,162,5"]|13:47:47:359
62|1.1|636136514544372336|0|49672.3359375|14.37749319883|101.38273024299|68381|76619||49672.3359375|216||21543.75|213.5|49672.3359375|77058a|ALK883|0|2488|-2206.25|||3|3|2|1|1|132|5|["132,18,5,3681","132,114,5,474","132,178,5,1557","132,162,5"]|13:47:52:336
62|1.1|636136514594297328|0|49677.3359375|14.37492364644|101.37428666165|67471|76332||49677.3359375|213.75||21312.5|211.5|49677.3359375|77058a|ALK883|0|2488|-2362.5|||3|3|2|1|1|132|5|["132,18,5,3681","132,114,5,474","132,178,5,1557"]|13:47:57:336
62|1.1|636136514644222320|0|49682.3359375|14.37316411996|101.36569824124|66545|76135||49682.3359375|212||21093.75|209.25|49682.3359375|77058a|ALK883|0|2488|-2481.25|||3|3|2|1|1|132|5|["132,18,5,3681","132,114,5,474","132,178,5,1557"]|13:48:02:336
62|1.1|636136514694157313|0|49687.3203125|14.37215024647|101.3578983891|65704|76021||49687.3203125|210.25||20875|206.5|49687.3203125|77058a|ALK883|0|2488|-2600|||3|3|2|1|1|132|18|["132,18,5,3681","132,114,5,474","132,178,5,1557"]|13:48:07:320
62|1.1|636136514744062303|0|49692.3203125|14.37124902559|101.349261689|64773|75919||49692.3203125|208||20625|204|49692.3203125|77058a|ALK883|0|2488|-2718.75|||3|3|2|1|1|132|18|["132,18,5,3681","132,114,5,474","132,178,5,1557"]|13:48:12:320
62|1.1|636136514793987295|0|49697.296875|14.36990255868|101.34103804847|63886|75767||49697.296875|204.25||20406.25|202|49697.296875|77058a|ALK883|0|2488|-2656.25|||3|3|2|1|1|132|5|["132,18,5,3681","132,114,5,474","132,178,5,1557"]|13:48:17:297
62|1.1|636136514843902286|0|49702.296875|14.36847562562|101.33259983154|62976|75607||49702.296875|203||20231.25|200.5|49702.296875|77058a|ALK883|0|2488|-2362.5|||3|3|2|1|1|132|5|["132,18,5,3681","132,114,5,474","132,178,5,1557"]|13:48:22:297
62|1.1|636136514893837279|0|49707.296875|14.36696822641|101.3251754881|62176|75438||49707.296875|202||20125|199.75|49707.296875|77058a|ALK883|0|2488|-1693.75|||3|3|2|1|1|132|5|["132,18,5,3681","132,114,5,474","132,178,5,1557"]|13:48:27:297
62|1.1|636136514943742269|0|49712.28125|14.36543936956|101.31661388974|61253|75267||49712.28125|201||20012.5|198.5|49712.28125|77058a|ALK883|0|2488|-1400|||3|3|2|1|1|132|5|["132,18,5,3681","132,114,5,474","132,178,5,1557"]|13:48:32:281
62|1.1|636136514993667261|0|49717.28125|14.36408753824|101.30910371574|60443|75115||49717.28125|199.75||19906.25|197.5|49717.28125|77058a|ALK883|0|2488|-1318.75|||3|3|2|1|1|132|5|["132,18,5,3681","132,114,5,474","132,178,5,1557"]|13:48:37:281
62|1.1|636136515043592253|0|49722.2578125|14.36276789338|101.3009283549|59561|74967||49722.2578125|199||19781.25|196.5|49722.2578125|77058a|ALK883|0|2488|-1337.5|||3|3|2|1|1|132|18|["132,18,5,3681","132,114,5,474","132,178,5,1557"]|13:48:42:258
62|1.1|636136515093507244|0|49727.2578125|14.36125512976|101.29313923158|58722|74798||49727.2578125|198||19712.5|195.25|49727.2578125|77058a|ALK883|0|2488|-1318.75|||3|3|2|1|1|132|18|["132,18,5,3681","132,114,5,474","132,178,5,1557"]|13:48:47:258
62|1.1|636136515143432236|0|49732.2578125|14.35944195918|101.28403582781|57740|74595||49732.2578125|196||19606.25|194.25|49732.2578125|77058a|ALK883|0|2488|-1300|||3|3|2|1|1|132|5|["132,18,5,3681","132,114,5,474","132,178,5,1557"]|13:48:52:258
62|1.1|636136515193357228|0|49737.2421875|14.35799893289|101.27611259424|56886|74433||49737.2421875|195||19493.75|193|49737.2421875|77058a|ALK883|0|2488|-1337.5|||3|3|2|1|1|132|5|["132,18,5,3681","132,114,5,474","132,178,5,1557"]|13:48:57:242
62|1.1|636136515243282220|0|49742.2421875|14.35637888107|101.26725058892|55931|74252||49742.2421875|194||19362.5|191.5|49742.2421875|77058a|ALK883|0|2488|-1418.75|||3|3|2|1|1|132|5|["132,18,5,3681","132,114,5,474","132,178,5,1557"]|13:49:02:242
62|1.1|636136515293217213|0|49747.21875|14.35474810043|101.25868899056|55007|74070||49747.21875|193.25||19250|190.5|49747.21875|77058a|ALK883|0|2488|-1437.5|||3|3|2|1|1|132|18|["132,18,5,3681","132,114,5,474","132,178,5,1557"]|13:49:07:219
62|1.1|636136515343122203|0|49752.21875|14.35319242153|101.25129683358|54210|73896||49752.21875|192.5||19162.5|189.5|49752.21875|77058a|ALK883|0|2488|-1337.5|||3|3|2|1|1|132|18|["132,18,5,3681","132,114,5,474","132,178,5,1557"]|13:49:12:219
62|1.1|636136515393047195|0|49757.21875|14.35167965791|101.24370082902|53391|73727||49757.21875|191.25||19075|188.75|49757.21875|77058a|ALK883|0|2488|-1262.5|||3|3|2|1|1|132|18|["132,18,5,3681","132,114,5,474","132,178,5,1557"]|13:49:17:219
62|1.1|636136515442972187|0|49762.1953125|14.35009179255|101.23482273047|52434|73549||49762.1953125|190.25||18962.5|187.75|49762.1953125|77058a|ALK883|0|2488|-1237.5|||3|3|2|1|1|132|18|["132,18,5,3681","132,114,5,474","132,178,5,1557"]|13:49:22:195
62|1.1|636136515492887178|0|49767.1953125|14.34855757129|101.2264167|51527|73378||49767.1953125|189||18850|186.5|49767.1953125|77058a|ALK883|0|2488|-1300|||3|3|2|1|1|132|18|["132,18,5,3681","132,114,5,474","132,178,5,1557"]|13:49:27:195
62|1.1|636136515542802169|0|49772.1796875|14.34698043475|101.21782291518|50601|73201||49772.1796875|187.75||18737.5|185.25|49772.1796875|77058a|ALK883|0|2488|-1300|||3|3|2|1|1|132|5|["132,18,5,3681","132,114,5,474","132,178,5,1557"]|13:49:32:180
62|1.1|636136515592727161|0|49777.1796875|14.34547839995|101.20931496092|49683|73033||49777.1796875|187.25||18631.25|184.25|49777.1796875|77058a|ALK883|0|2488|-1300|||3|3|2|1|1|132|18|["132,18,5,3681","132,114,5,474","132,178,5,1557"]|13:49:37:180
62|1.1|636136515642652153|0|49782.1796875|14.34406756012|101.20057097262|48740|72875||49782.1796875|186.25||18518.75|183.25|49782.1796875|77058a|ALK883|0|2488|-1281.25|||3|3|2|1|1|132|18|["132,18,5,3681","132,114,5,474","132,178,5,1557"]|13:49:42:180
62|1.1|636136515692567144|0|49787.15625|14.34254406768|101.19215421333|47833|72705||49787.15625|185||18406.25|182.25|49787.15625|77058a|ALK883|0|2488|-1237.5|||3|3|2|1|1|132|18|["132,18,5,3681","132,114,5,474","132,178,5,1557"]|13:49:47:156
62|1.1|636136515742492136|0|49792.15625|14.34094010909|101.1837696405|46928|72525||49792.15625|184||18306.25|181.25|49792.15625|77058a|ALK883|0|2488|-1218.75|||3|3|2|1|1|132|18|["132,18,5,3681","132,114,5,474","132,178,5,1557"]|13:49:52:156
62|1.1|636136515792417128|0|49797.140625|14.33875142981|101.17578203401|46067|72282||49797.140625|183||18187.5|180.25|49797.140625|77058a|ALK883|0|2488|-1200|||3|3|2|1|1|132|18|["132,18,5,3681","132,114,5,474","132,178,5,1557"]|13:49:57:141
62|1.1|636136515842342120|0|49802.140625|14.33356940975|101.16997237798|45441|71707||49802.140625|182||18143.75|179.5|49802.140625|77058a|ALK883|0|2488|-1143.75|||3|3|2|1|1|132|5|["132,18,5,3681","132,114,5,474","132,178,5,1557"]|13:50:02:141
62|1.1|636136515892257111|0|49807.140625|14.32854832199|101.16442021363|44843|71151||49807.140625|181.25||18075|178.75|49807.140625|77058a|ALK883|0|2488|-1043.75|||3|3|2|1|1|132|5|["132,18,5,3681","132,114,5,474","132,178,5,1557"]|13:50:07:141
62|1.1|636136515942192104|0|49812.1171875|14.32300688646|101.159361575|44299|70537||49812.1171875|180.5||18000|178|49812.1171875|77058a|ALK883|0|2488|-962.5|||3|3|2|1|1|132|18|["132,18,5,3681","132,114,5,474","132,178,5,1557"]|13:50:12:117
62|1.1|636136515992127097|0|49817.1171875|14.3163764757|101.15433512283|43758|69802||49817.1171875|179.5||17912.5|177.25|49817.1171875|77058a|ALK883|0|2488|-981.25|||3|3|2|1|1|132|18|["132,18,5,3681","132,114,5,474","132,178,5,1557"]|13:50:17:117
62|1.1|636136516042022086|0|49822.1015625|14.31007329395|101.14948033178|43235|69104||49822.1015625|177.75||17781.25|176|49822.1015625|77058a|ALK883|0|2488|-1162.5|||3|3|2|1|1|132|5|["132,18,5,3681","132,114,5,474","132,178,5,1557"]|13:50:22:102
62|1.1|636136516091957079|0|49827.1015625|14.30420999382|101.14474892216|42726|68454||49827.1015625|176.75||17668.75|174.75|49827.1015625|77058a|ALK883|0|2488|-1237.5|||3|3|2|1|1|132|5|["132,18,5,3681","132,114,5,474","132,178,5,1557"]|13:50:27:102
62|1.1|636136516141872070|0|49832.1015625|14.29773515095|101.13982975819|42196|67737||49832.1015625|175.75||17543.75|173.5|49832.1015625|77058a|ALK883|0|2488|-1337.5|||3|3|2|1|1|132|5|["132,18,5,3681","132,114,5,474","132,178,5,1557"]|13:50:32:102
62|1.1|636136516191787061|0|49837.078125|14.29151243535|101.13579035746|41762|67048||49837.078125|174.75||17437.5|172.25|49837.078125|77058a|ALK883|0|2488|-1356.25|||3|3|2|1|1|132|5|["132,18,5,3681","132,114,5,474","132,178,5,1557"]|13:50:37:078
62|1.1|636136516241712053|0|49842.078125|14.28473718552|101.13268436407|41428|66298||49842.078125|173.5||17325|171|49842.078125|77058a|ALK883|0|2488|-1400|||3|3|2|1|1|132|5|["132,18,5,3681","132,114,5,474","132,178,5,1557"]|13:50:42:078
62|1.1|636136516291627044|0|49847.0625|14.27745768115|101.13065661709|41210|65492||49847.0625|172.75||17212.5|170|49847.0625|77058a|ALK883|0|2488|-1356.25|||3|3|2|1|1|132|18|["132,18,5,3681","132,114,5,474","132,178,5,1557"]|13:50:47:063
62|1.1|636136516341562037|0|49852.0625|14.26992604951|101.12935306546|41071|64658||49852.0625|171.5||17100|169|49852.0625|77058a|ALK883|0|2488|-1337.5|||3|3|2|1|1|132|18|["132,18,5,3681","132,114,5,474","132,178,5,1557"]|13:50:52:063
62|1.1|636136516391477028|0|49857.0625|14.26191698538|101.12780275097|40905|63772||49857.0625|170.25||16956.25|167.75|49857.0625|77058a|ALK883|0|2488|-1437.5|||3|3|2|1|1|132|18|["132,18,5,3681","132,114,5,474","132,178,5,1557"]|13:50:57:063
62|1.1|636136516441392019|0|49862.0390625|14.25371480249|101.1260485889|40717|62864||49862.0390625|168.25||16825|166.5|49862.0390625|77058a|ALK883|0|2488|-1456.25|||3|3|2|1|1|132|5|["132,18,5,3681","132,114,5,474","132,178,5,1557"]|13:51:02:039
62|1.1|636136516491317011|0|49867.0390625|14.24640847607|101.12425687596|40525|62055||49867.0390625|167||16693.75|165|49867.0390625|77058a|ALK883|0|2488|-1575|||3|3|2|1|1|132|5|["132,18,5,3681","132,114,5,474","132,178,5,1557"]|13:51:07:039
62|1.1|636136516541242003|0|49872.015625|14.23843696281|101.12228277308|40313|61173||49872.015625|166||16556.25|163.5|49872.015625|77058a|ALK883|0|2488|-1612.5|||3|3|2|1|1|132|5|["132,18,5,3681","132,114,5,474","132,178,5,1557"]|13:51:12:016
62|1.1|636136516591156994|0|49877.015625|14.23144713658|101.12042668722|40114|60399||49877.015625|165.25||16450|162.5|49877.015625|77058a|ALK883|0|2488|-1537.5|||3|3|2|1|1|132|18|["132,18,5,3681","132,114,5,474","132,178,5,1557"]|13:51:17:016
62|1.1|636136516641081986|0|49882.015625|14.22364728444|101.11835602496|39892|59536||49882.015625|164.5||16356.25|161.75|49882.015625|77058a|ALK883|0|2488|-1356.25|||3|3|2|1|1|132|18|["132,18,5,3681","132,114,5,474","132,178,5,1557"]|13:51:22:016
62|1.1|636136516691006978|0|49887|14.21580988143|101.11623708301|39665|58668||49887|163.75||16293.75|161|49887|77058a|ALK883|0|2488|-1125|||3|3|2|1|1|132|18|["132,18,5,3681","132,114,5,474","132,178,5,1557"]|13:51:27:000
62|1.1|636136516740931970|0|49892|14.2079081055|101.11382846292|39406|57793||49892|162.75||16250|160.75|49892|77058a|ALK883|0|2488|-787.5|||3|3|2|1|1|132|5|["132,18,5,3681","132,114,5,474","132,178,5,1557"]|13:51:32:000
62|1.1|636136516790846961|0|49896.9765625|14.20215745798|101.11213867377|39225|57157||49896.9765625|162||16200|160|49896.9765625|77058a|ALK883|0|2488|-768.75|||3|3|2|1|1|132|5|["132,18,5,3681","132,114,5,474","132,178,5,1557"]|13:51:36:977
62|1.1|636136516840771953|0|49901.9765625|14.19509253001|101.1101162912|39008|56375||49901.9765625|161||16106.25|159|49901.9765625|77058a|ALK883|0|2488|-981.25|||3|3|2|1|1|132|5|["132,18,5,3681","132,114,5,474","132,178,5,1557"]|13:51:41:977
62|1.1|636136516890706946|0|49906.9765625|14.18714247439|101.10798662043|38779|55495||49906.9765625|160||15993.75|157.5|49906.9765625|77058a|ALK883|0|2488|-1337.5|||3|3|2|1|1|132|5|["132,18,5,3681","132,114,5,474","132,178,5,1557"]|13:51:46:977
62|1.1|636136516940611936|0|49911.9609375|14.17964839362|101.10599105991|38565|54666||49911.9609375|159.25||15906.25|156.5|49911.9609375|77058a|ALK883|0|2488|-1337.5|||3|3|2|1|1|132|18|["132,18,5,3681","132,114,5,474","132,178,5,1557"]|13:51:51:961
62|1.1|636136516990536928|0|49916.9609375|14.17280340646|101.10396867734|38348|53908||49916.9609375|158.5||15800|155.75|49916.9609375|77058a|ALK883|0|2488|-1262.5|||3|3|2|1|1|132|18|["132,18,5,3681","132,114,5,474","132,178,5,1557"]|13:51:56:961
62|1.1|636136517040461920|0|49921.9375|14.16587258874|101.10196775241|38133|53141||49921.9375|157.75||15725|155.25|49921.9375|77058a|ALK883|0|2488|-1025|||3|3|2|1|1|132|18|["132,18,5,3681","132,114,5,474","132,178,5,1557"]|13:52:01:938
62|1.1|636136517090386912|0|49926.9375|14.15807810101|101.09978980195|37899|52278||49926.9375|157||15637.5|154.5|49926.9375|77058a|ALK883|0|2488|-962.5|||3|3|2|1|1|132|18|["132,18,5,3681","132,114,5,474","132,178,5,1557"]|13:52:06:938
62|1.1|636136517140301903|0|49931.9375|14.1505625626|101.09774596174|37680|51446||49931.9375|156||15556.25|153.5|49931.9375|77058a|ALK883|0|2488|-981.25|||3|3|2|1|1|132|18|["132,18,5,3681","132,114,5,474","132,178,5,1557"]|13:52:11:938
62|1.1|636136517190226895|0|49936.921875|14.14302020214|101.09550900277|37439|50611||49936.921875|154||15406.25|152.25|49936.921875|77058a|ALK883|0|2488|-1181.25|||3|3|2|1|1|132|5|["132,18,5,3681","132,114,5,474","132,178,5,1557"]|13:52:16:922
62|1.1|636136517240141886|0|49941.921875|14.13708180027|101.09384603567|37261|49954||49941.921875|153||15300|151|49941.921875|77058a|ALK883|0|2488|-1318.75|||3|3|2|1|1|132|5|["132,18,5,3681","132,114,5,474","132,178,5,1557"]|13:52:21:922
62|1.1|636136517290066878|0|49946.8984375|14.13002760112|101.0918772972|37049|49173||49946.8984375|151.75||15181.25|149.5|49946.8984375|77058a|ALK883|0|2488|-1493.75|||3|3|2|1|1|132|5|["132,18,5,3681","132,114,5,474","132,178,4,1557"]|13:52:26:898
62|1.1|636136517339991870|0|49951.8984375|14.12300022402|101.0898924655|36836|48395||49951.8984375|150.75||15056.25|148.5|49951.8984375|77058a|ALK883|0|2488|-1456.25|||3|3|2|1|1|132|18|["132,18,5,3681","132,114,5,474","132,178,4,1557"]|13:52:31:898
62|1.1|636136517389916862|0|49956.8984375|14.11519500747|101.08781107442|36612|47531||49956.8984375|149.75||14925|147|49956.8984375|77058a|ALK883|0|2488|-1475|||3|3|2|1|1|132|18|["132,18,5,3681","132,114,5,474","132,178,5,1903"]|13:52:36:898
62|1.1|636136517439841854|0|49961.875|14.10775993521|101.08582087831|36399|46709||49961.875|149||14806.25|146.25|49961.875|77058a|ALK883|0|2488|-1356.25|||3|3|2|1|1|132|18|["132,18,5,3681","132,114,5,474","132,178,5,1903"]|13:52:41:875
62|1.1|636136517489756845|0|49966.875|14.1000834645|101.08384677543|36187|45859||49966.875|148||14687.5|145.25|49966.875|77058a|ALK883|0|2488|-1262.5|||3|3|2|1|1|132|18|["132,18,5,3681","132,114,5,474","132,178,5,1903"]|13:52:46:875
62|1.1|636136517539681837|0|49971.859375|14.09263766342|101.08172246907|35959|45035||49971.859375|147.25||14650|144.5|49971.859375|77058a|ALK883|0|2488|-1143.75|||3|3|2|1|1|132|18|["132,18,5,3681","132,114,5,474","132,178,5,1903"]|13:52:51:859
62|1.1|636136517589626831|0|49976.859375|14.0854386252|101.07965717122|35736|44238||49976.859375|145.75||14562.5|143.75|49976.859375|77058a|ALK883|0|2488|-1062.5|||3|3|2|1|1|132|5|["132,18,5,3681","132,114,5,474","132,178,5,1903"]|13:52:56:859
62|1.1|636136517639521820|0|49981.859375|14.07913544345|101.07789228033|35547|43540||49981.859375|145||14481.25|142.75|49981.859375|77058a|ALK883|0|2488|-1100|||3|3|2|1|1|132|18|["132,18,5,3681","132,114,5,474","132,178,5,1903"]|13:53:01:859
62|1.1|636136517689436811|0|49986.8359375|14.07090643851|101.07576260956|35318|42629||49986.8359375|143.75||14318.75|141.5|49986.8359375|77058a|ALK883|0|2488|-1318.75|||3|3|2|1|1|132|18|["132,18,5,3681","132,114,5,474","132,178,5,1903"]|13:53:06:836
62|1.1|636136517739371804|0|49991.8359375|14.06335871364|101.07375632022|35102|41794||49991.8359375|142.5||14206.25|139.75|49991.8359375|77058a|ALK883|0|2488|-1556.25|||3|3|2|1|1|132|18|["132,18,5,3681","132,114,5,474","132,178,5,1903"]|13:53:11:836
62|1.1|636136517789276794|0|49996.8203125|14.05585926846|101.07173393765|34885|40964||49996.8203125|141||14075|138.5|49996.8203125|77058a|ALK883|0|2488|-1612.5|||3|3|2|1|1|132|18|["132,18,5,3681","132,114,5,474","132,178,5,1903"]|13:53:16:820
62|1.1|636136517839201786|0|50001.8203125|14.04855830645|101.06978665682|34676|40156||50001.8203125|139.75||13931.25|137|50001.8203125|77058a|ALK883|0|2488|-1593.75|||3|3|2|1|1|132|18|["132,18,5,3681","132,114,5,474","132,178,5,1903"]|13:53:21:820
62|1.1|636136517889126778|0|50006.8203125|14.0412895309|101.0675228758|34433|39351||50006.8203125|138.5||13756.25|135.75|50006.8203125|77058a|ALK883|0|2488|-1593.75|||3|3|2|1|1|132|18|["132,18,5,3681","132,114,5,474","132,178,5,1903"]|13:53:26:820
62|1.1|636136517939041769|0|50011.796875|14.03510436617|101.06568824758|34235|38666||50011.796875|136.75||13662.5|134.75|50011.796875|77058a|ALK883|0|2488|-1518.75|||3|3|2|1|1|132|5|["132,18,5,3681","132,114,5,474"]|13:53:31:797
62|1.1|636136517988966761|0|50016.796875|14.02758346335|101.06361758532|34013|37834||50016.796875|136||13556.25|133.5|50016.796875|77058a|ALK883|0|2488|-1437.5|||3|3|2|1|1|132|5|["132,18,5,3681","132,114,5,474"]|13:53:36:797
62|1.1|636136518038891753|0|50021.78125|14.02039515395|101.0616220248|33798|37039||50021.78125|135.25||13443.75|132.5|50021.78125|77058a|ALK883|0|2488|-1337.5|||3|3|2|1|1|132|18|["132,18,5,3681","132,114,5,474"]|13:53:41:781
62|1.1|636136518088806744|0|50026.78125|14.01389348903|101.05980885422|33603|36319||50026.78125|134.25||13375|131.75|50026.78125|77058a|ALK883|0|2488|-1237.5|||3|3|2|1|1|132|18|["132,18,5,3681","132,114,5,474"]|13:53:46:781
62|1.1|636136518138731736|0|50031.78125|14.00673736609|101.05785620898|33393|35527||50031.78125|133.5||13275|131|50031.78125|77058a|ALK883|0|2488|-1143.75|||3|3|2|1|1|132|18|["132,18,5,3681","132,114,5,474"]|13:53:51:781
62|1.1|636136518188656728|0|50036.7578125|13.99939885321|101.05590892815|33184|34715||50036.7578125|132.5||13187.5|130|50036.7578125|77058a|ALK883|0|2488|-1100|||3|3|2|1|1|132|18|["132,18,5,3681","132,114,5,474"]|13:53:56:758
62|1.1|636136518238571719|0|50041.7578125|13.99184576393|101.05403674906|32983|33879||50041.7578125|131.75||13106.25|129.25|50041.7578125|77058a|ALK883|0|2488|-1043.75|||3|3|2|1|1|132|18|["132,18,5,3681","132,114,5,474"]|13:54:01:758
62|1.1|636136518288496711|0|50046.7421875|13.98522608199|101.05196072239|32759|33146||50046.7421875|130.75||13050|128.5|50046.7421875|77058a|ALK883|0|2488|-962.5|||3|3|2|1|1|132|5|["132,18,5,3681","132,114,5,474"]|13:54:06:742
62|1.1|636136518338411702|0|50051.7421875|13.978043137|101.05004026361|32553|32351||50051.7421875|130.5||12981.25|128|50051.7421875|77058a|ALK883|0|2488|-843.75|||3|3|2|1|1|132|18|["132,18,5,3681","132,114,5,474"]|13:54:11:742
62|1.1|636136518388346695|0|50056.7421875|13.97091383611|101.04806079632|32340|31562||50056.7421875|130||12918.75|127.5|50056.7421875|77058a|ALK883|0|2488|-787.5|||3|3|2|1|1|132|18|["132,18,5,3681","132,114,5,474"]|13:54:16:742
62|1.1|636136518438261686|0|50061.71875|13.96467502728|101.04629054102|32150|30872||50061.71875|129.25||12868.75|127|50061.71875|77058a|ALK883|0|2488|-768.75|||3|3|2|1|1|132|18|["132,18,5,3681","132,114,5,474"]|13:54:21:719
62|1.1|636136518488186678|0|50066.71875|13.95707365831|101.04426815845|31932|30030||50066.71875|128||12787.5|125.75|50066.71875|77058a|ALK883|0|2488|-887.5|||3|3|2|1|1|132|18|["132,18,5,3681","132,114,5,474"]|13:54:26:719
62|1.1|636136518538101669|0|50071.6953125|13.9499872727|101.04232087762|31723|29246||50071.6953125|126.75||12706.25|124.5|50071.6953125|77058a|ALK883|0|2488|-1100|||3|3|2|1|1|132|18|["132,18,5,3681","132,114,5,474"]|13:54:31:695
62|1.1|636136518588036662|0|50076.6953125|13.94284724299|101.04036286797|31512|28456||50076.6953125|125.25||12618.75|123|50076.6953125|77058a|ALK883|0|2488|-1400|||3|3|2|1|1|132|18|["132,18,5,3681","132,114,5,474"]|13:54:36:695
62|1.1|636136518637951653|0|50081.6953125|13.93581986589|101.03845850242|31307|27678||50081.6953125|123.5||12306.25|120.75|50081.6953125|77058a|ALK883|0|2488|-1812.5|||3|3|2|1|1|132|18|["132,18,5,3681","132,114,5,474"]|13:54:41:695
62|1.1|636136518687866644|0|50086.6796875|13.93005312514|101.03675262004|31124|27040||50086.6796875|121.75||12137.5|119|50086.6796875|77058a|ALK883|0|2488|-1950|||3|3|2|1|1|132|18|["132,18,5,3681"]|13:54:46:680
62|1.1|636136518737791636|0|50091.6796875|13.92378212985|101.03500918679|30936|26346||50091.6796875|120||11937.5|117.25|50091.6796875|77058a|ALK883|0|2488|-2025|||3|3|2|1|1|132|18|["132,18,5,3681"]|13:54:51:680
62|1.1|636136518787706627|0|50096.65625|13.91637387964|101.03304581273|30725|25526||50096.65625|118.25||11743.75|115.5|50096.65625|77058a|ALK883|0|2488|-2125|||3|3|2|1|1|132|18|["132,18,5,3681"]|13:54:56:656
62|1.1|636136518837641620|0|50101.65625|13.90950207043|101.03114681159|30521|24765||50101.65625|116.5||11562.5|113.75|50101.65625|77058a|ALK883|0|2488|-2087.5|||3|3|2|1|1|132|18|["132,18,5,3681"]|13:55:01:656
62|1.1|636136518887546610|0|50106.65625|13.90254979507|101.02924781045|30316|23996||50106.65625|114.75||11393.75|112|50106.65625|77058a|ALK883|0|2488|-2068.75|||3|3|2|1|1|132|18|["132,18,5,3681"]|13:55:06:656
62|1.1|636136518937481603|0|50111.640625|13.89680451196|101.02762775863|30142|23360||50111.640625|112.5||11237.5|110.25|50111.640625|77058a|ALK883|0|2488|-2068.75|||3|3|2|1|1|132|5|["132,18,5,3681"]|13:55:11:641
62|1.1|636136518987396594|0|50116.640625|13.88950354995|101.02569657103|29934|22552||50116.640625|111.25||11031.25|108.5|50116.640625|77058a|ALK883|0|2488|-2187.5|||3|3|2|1|1|132|18|["132,18,5,3681"]|13:55:16:641
62|1.1|636136519037321586|0|50121.6171875|13.88266929161|101.02384048517|29734|21795||50121.6171875|109.5||10850|106.75|50121.6171875|77058a|ALK883|0|2488|-2087.5|||3|3|2|1|1|132|18|["132,18,5,3681"]|13:55:21:617
62|1.1|636136519087236577|0|50126.6171875|13.87581357563|101.02196294167|29532|21037||50126.6171875|107.5||10668.75|105|50126.6171875|77058a|ALK883|0|2488|-2106.25|||3|3|2|1|1|132|18|["132,18,5,3681"]|13:55:26:617
62|1.1|636136519137161569|0|50131.6171875|13.86888275791|101.02005321171|29327|20270||50131.6171875|105.5||10443.75|102.75|50131.6171875|77058a|ALK883|0|2488|-2306.25|||3|3|2|1|1|132|18|["132,18,5,3681"]|13:55:31:617
62|1.1|636136519187076560|0|50136.6015625|13.86213433013|101.01819176144|29126|19523||50136.6015625|103.5||10256.25|100.75|50136.6015625|77058a|ALK883|0|2488|-2343.75|||3|3|2|1|1|132|18|["132,18,5,3681"]|13:55:36:602
62|1.1|636136519237011553|0|50141.6015625|13.85620129267|101.01646442142|28940|18866||50141.6015625|101.75||10106.25|99.25|50141.6015625|77058a|ALK883|0|2488|-2187.5|||3|3|2|1|1|132|18|["132,18,5,3681"]|13:55:41:602
62|1.1|636136519286926544|0|50146.578125|13.84960306837|101.01462442879|28742|18136||50146.578125|100.25||9931.25|97.5|50146.578125|77058a|ALK883|0|2488|-2087.5|||3|3|2|1|1|132|18|["132,18,5,3681"]|13:55:46:578
62|1.1|636136519336851536|0|50151.578125|13.84351446302|101.01295073287|28562|17462||50151.578125|98.75||9812.5|96|50151.578125|77058a|ALK883|0|2488|-1987.5|||3|3|2|1|1|132|18|["132,18,5,3681"]|13:55:51:578
62|1.1|636136519386766527|0|50156.578125|13.83695378959|101.01112146906|28365|16736||50156.578125|97||9650|94.5|50156.578125|77058a|ALK883|0|2488|-1950|||3|3|2|1|1|132|18|["132,18,5,3681"]|13:55:56:578
62|1.1|636136519436691519|0|50161.5625|13.83053259082|101.00939412904|28179|16025||50161.5625|95.25||9481.25|92.75|50161.5625|77058a|ALK883|0|2488|-1968.75|||3|3|2|1|1|132|18|["132,18,5,3681"]|13:56:01:563
62|1.1|636136519486616511|0|50166.5625|13.82305460328|101.00746294144|27971|15198||50166.5625|93.25||9287.5|90.75|50166.5625|77058a|ALK883|0|2488|-2087.5|||3|3|2|1|1|132|18|["132,18,5,3681"]|13:56:06:563
62|1.1|636136519536531502|0|50171.5390625|13.81700891321|101.00574633024|27786|14529||50171.5390625|92||9143.75|89.25|50171.5390625|77058a|ALK883|0|2488|-2050|||3|3|2|1|1|132|18|["132,18,5,3681"]|13:56:11:539
62|1.1|636136519586456494|0|50176.5390625|13.81059307885|101.00397071053|27595|13819||50176.5390625|90.75||9018.75|88.25|50176.5390625|77058a|ALK883|0|2488|-1850|||3|3|2|1|1|132|18|["132,18,5,3681"]|13:56:16:539
62|1.1|636136519636371485|0|50181.5390625|13.80331893889|101.00199124324|27382|13014||50181.5390625|89.75||8881.25|87.25|50181.5390625|77058a|ALK883|0|2488|-1593.75|||3|3|2|1|1|132|18|["132,18,5,3681"]|13:56:21:539
62|1.1|636136519686306478|0|50186.515625|13.79658123993|101.00012979297|27182|12268||50186.515625|88.5||8750|86|50186.515625|77058a|ALK883|0|2488|-1475|||3|3|2|1|1|132|18|["132,18,5,3681"]|13:56:26:516
62|1.1|636136519736221469|0|50191.515625|13.7911470926|100.99722764716|26868|11667||50191.515625|87.5||8700|85.25|50191.515625|77058a|ALK883|0|2488|-1337.5|||3|3|2|1|1|132|18|["132,18,5,3681"]|13:56:31:516
62|1.1|636136519786146461|0|50196.5|13.78598116577|100.99285565301|26396|11094||50196.5|86.5||8625|84.25|50196.5|77058a|ALK883|0|2488|-1200|||3|3|2|1|1|132|5|["132,18,5,3681"]|13:56:36:500
62|1.1|636136519836061452|0|50201.5|13.78174328187|100.98491632621|25538|10625||50201.5|85.75||8537.5|83.5|50201.5|77058a|ALK883|0|2488|-1181.25|||3|3|2|1|1|132|18|["132,18,5,3681"]|13:56:41:500
62|1.1|636136519885996445|0|50206.5|13.77863192407|100.97873116148|24870|10280||50206.5|84.75||8462.5|82.5|50206.5|77058a|ALK883|0|2488|-1125|||3|3|2|1|1|132|18|["132,18,5,3681"]|13:56:46:500
62|1.1|636136519935901435|0|50211.4765625|13.77654516858|100.97194518283|24136|10048||50211.4765625|84||8381.25|81.75|50211.4765625|77058a|ALK883|0|2488|-1062.5|||3|3|2|1|1|132|18|["132,18,5,3681"]|13:56:51:477
62|1.1|636136519985826427|0|50216.4765625|13.77536499838|100.96503582275|23389|9917||50216.4765625|83||8293.75|80.75|50216.4765625|77058a|ALK883|0|2488|-1062.5|||3|3|2|1|1|132|18|["132,18,5,3681"]|13:56:56:477
62|1.1|636136520035751419|0|50221.4609375|13.77537036279|100.95740763173|22564|9917||50221.4609375|82||8168.75|79.75|50221.4609375|77058a|ALK883|0|2488|-1143.75|||3|3|2|1|1|132|18|["132,18,5,3681"]|13:57:01:461
62|1.1|636136520085676411|0|50226.4609375|13.7753220831|100.95094888209|21865|9911||50226.4609375|80.75||8062.5|78.75|50226.4609375|77058a|ALK883|0|2488|-1200|||3|3|2|1|1|132|18|["132,18,5,3681"]|13:57:06:461
62|1.1|636136520135591402|0|50231.4609375|13.77647543125|100.9446778868|21187|10038||50231.4609375|79.5||7925|77.25|50231.4609375|77058a|ALK883|0|2488|-1300|||3|3|2|1|1|132|18|["132,18,5,3681"]|13:57:11:461
62|1.1|636136520185516394|0|50236.4375|13.77873921227|100.93833178977|20501|10288||50236.4375|78.25||7775|76|50236.4375|77058a|ALK883|0|2488|-1437.5|||3|3|2|1|1|132|5|["132,18,5,3681"]|13:57:16:438
62|1.1|636136520235441386|0|50241.4375|13.78231727374|100.93149753143|19761|10683||50241.4375|76.75||7562.5|74.75|50241.4375|77058a|ALK883|0|2488|-1768.75|||3|3|2|1|1|132|5|["132,18,5,3681"]|13:57:21:438
62|1.1|636136520285356377|0|50246.421875|13.78645859826|100.92516216322|19076|11141||50246.421875|74.25||7362.5|71.75|50246.421875|77058a|ALK883|0|2488|-2162.5|||3|3|2|1|1|132|18|["132,18,5,3681"]|13:57:26:422
62|1.1|636136520335281369|0|50251.421875|13.78989718507|100.91896626967|18406|11521||50251.421875|72.5||7187.5|69.75|50251.421875|77058a|ALK883|0|2488|-2162.5|||3|3|2|1|1|132|5|["132,18,5,3681"]|13:57:31:422
62|1.1|636136520385206361|0|50256.421875|13.7933465007|100.91292594401|17752|11902||50256.421875|71||7000|68|50256.421875|77058a|ALK883|0|2488|-2187.5|||3|3|2|1|1|132|5|["132,18,5,3681"]|13:57:36:422
62|1.1|636136520435121352|0|50261.3984375|13.7967797231|100.90777611041|17195|12281||50261.3984375|69.75||6856.25|66.5|50261.3984375|77058a|ALK883|0|2488|-2106.25|||3|3|2|1|1|132|5|["132,18,5,3681"]|13:57:41:398
62|1.1|636136520485046344|0|50266.3984375|13.80094250526|100.90306615843|16686|12742||50266.3984375|68.5||6725|65.25|50266.3984375|77058a|ALK883|0|2488|-1912.5|||3|3|2|1|1|132|5|["132,18,5,3681"]|13:57:46:398
62|1.1|636136520534971336|0|50271.375|13.80728323788|100.89973485982|16325|13443||50271.375|67.25||6675|65|50271.375|77058a|ALK883|0|2488|-1300|||3|3|2|1|1|132|5|["132,18,5,3681"]|13:57:51:375
62|1.1|636136520584886327|0|50276.375|13.81396192833|100.89674151904|16001|14182||50276.375|66.5||6606.25|64.5|50276.375|77058a|ALK883|0|2488|-1025|||3|3|2|1|1|132|18|["132,18,5,3681"]|13:57:56:375
62|1.1|636136520634811319|0|50281.375|13.82148819556|100.8954862471|15865|15014||50281.375|65.75||6543.75|63.5|50281.375|77058a|ALK883|0|2488|-943.75|||3|3|2|1|1|132|18|["132,18,5,3681"]|13:58:01:375
62|1.1|636136520684736311|0|50286.359375|13.8282688098|100.89528776393|15843|15765||50286.359375|65.5||6500|63|50286.359375|77058a|ALK883|0|2488|-887.5|||3|3|2|1|1|132|5|["132,18,5,3681"]|13:58:06:359
62|1.1|636136520734661303|0|50291.359375|13.83491531379|100.8954862471|15864|16500||50291.359375|64.75||6431.25|62.25|50291.359375|77058a|ALK883|0|2488|-825|||3|3|2|1|1|132|5|["132,18,5,3681"]|13:58:11:359
62|1.1|636136520784576294|0|50296.3359375|13.8421626317|100.89655376469|15979|17302||50296.3359375|64.25||6356.25|61.75|50296.3359375|77058a|ALK883|0|2488|-806.25|||3|3|2|1|1|132|5|["132,18,5,3681"]|13:58:16:336
62|1.1|636136520834501286|0|50301.3359375|13.84901298327|100.89733696855|16063|18060||50301.3359375|62.5||6231.25|60|50301.3359375|77058a|ALK883|0|2488|-1200|||3|3|2|1|1|132|5|["132,18,5,3681"]|13:58:21:336
62|1.1|636136520884416277|0|50306.3359375|13.85485482576|100.89771784166|16104|18706||50306.3359375|61.5||6125|59.25|50306.3359375|77058a|ALK883|0|2488|-1218.75|||3|3|2|1|1|132|5|["132,18,5,3681"]|13:58:26:336
62|1.1|636136520934341269|0|50311.3203125|13.86086296496|100.89825428266|16161|19371||50311.3203125|60.75||6031.25|58.25|50311.3203125|77058a|ALK883|0|2488|-1200|||3|3|2|1|1|132|5|["132,18,5,3681"]|13:58:31:320
62|1.1|636136520984266261|0|50316.3203125|13.86718223994|100.89873707956|16213|20070||50316.3203125|60||5937.5|57.25|50316.3203125|77058a|ALK883|0|2488|-1162.5|||3|3|2|1|1|132|5|["132,18,5,3681"]|13:58:36:320
62|1.1|636136521034191253|0|50321.296875|13.8743490917|100.89922524087|16265|20863||50321.296875|59.25||5831.25|56.5|50321.296875|77058a|ALK883|0|2488|-1162.5|||3|3|2|1|1|132|5|["132,18,5,3681"]|13:58:41:297
62|1.1|636136521084116245|0|50326.296875|13.88057717171|100.89963830044|16310|21552||50326.296875|58||5781.25|55.75|50326.296875|77058a|ALK883|0|2488|-1025|||3|3|2|1|1|132|18|["132,18,5,3681"]|13:58:46:297
62|1.1|636136521134031236|0|50331.296875|13.88764746409|100.90008354647|16357|22334||50331.296875|57.25||5693.75|55|50331.296875|77058a|ALK883|0|2488|-1006.25|||3|3|2|1|1|132|5|["132,18,5,3681"]|13:58:51:297
62|1.1|636136521183956228|0|50336.28125|13.89425641721|100.90048587722|16400|23066||50336.28125|57.25||5625|54.25|50336.28125|77058a|ALK883|0|2488|-1006.25|||3|3|2|1|1|132|18|["132,18,5,3681"]|13:58:56:281
62|1.1|636136521233871219|0|50341.28125|13.9002055479|100.90088284356|16443|23724||50341.28125|55.5||5512.5|53.25|50341.28125|77058a|ALK883|0|2488|-1043.75|||3|3|2|1|1|132|5|["132,18,5,3681"]|13:59:01:281
62|1.1|636136521283796211|0|50346.2578125|13.90667502636|100.90128517431|16486|24440||50346.2578125|55||5418.75|52.25|50346.2578125|77058a|ALK883|0|2488|-1125|||3|3|2|1|1|132|18|["132,18,5,3681"]|13:59:06:258
62|1.1|636136521333711202|0|50351.2578125|13.91367558141|100.90175724239|16536|25214||50351.2578125|52.75||5262.5|50.75|50351.2578125|77058a|ALK883|0|2488|-1281.25|||3|3|2|1|1|132|5|["132,18,5,3681"]|13:59:11:258
62|1.1|636136521383636194|0|50356.2578125|13.9202684413|100.90216493755|16580|25944||50356.2578125|53||5150|49.75|50356.2578125|77058a|ALK883|0|2488|-1281.25|||3|3|2|1|1|132|18|["132,18,5,3681"]|13:59:16:258
62|1.1|636136521433561186|0|50361.2421875|13.92701686908|100.90257799712|16624|26690||50361.2421875|52.25||5050|49|50361.2421875|77058a|ALK883|0|2488|-1218.75|||3|3|2|1|1|132|18|["132,18,5,3681"]|13:59:21:242
62|1.1|636136521483326162|0|50366.2421875|13.93257976225|100.90303933638|16674|27306||50366.2421875|51.25||5075|49|50366.2421875|77058a|ALK883|0|2488|-843.75|||3|3|2|1|1|132|5|["132,18,5,3681"]|13:59:26:242
62|1.1|636136521533401169|0|50371.21875|13.93957495289|100.90351676887|16725|28080||50371.21875|51||5037.5|48.5|50371.21875|77058a|ALK883|0|2488|-650|||3|3|2|1|1|132|5|["132,18,5,3681"]|13:59:31:219
62|1.1|636136521583326161|0|50376.21875|13.94615171955|100.90395128608|16771|28808||50376.21875|50.75||4987.5|48.25|50376.21875|77058a|ALK883|0|2488|-587.5|||3|3|2|1|1|132|18|["132,18,5,3681"]|13:59:36:219
62|1.1|636136521633241152|0|50381.21875|13.95164487539|100.90440726093|16820|29415||50381.21875|49.5||4925|47.25|50381.21875|77058a|ALK883|0|2488|-687.5|||3|3|2|1|1|132|5|["132,18,5,3681"]|13:59:41:219
62|1.1|636136521683166144|0|50386.1953125|13.95757791285|100.90484177814|16867|30072||50386.1953125|48.75||4843.75|46.5|50386.1953125|77058a|ALK883|0|2488|-787.5|||3|3|2|1|1|132|5|["132,18,5,3681"]|13:59:46:195
62|1.1|636136521733091136|0|50391.1953125|13.96343584857|100.90528702417|16914|30720||50391.1953125|48.25||4787.5|45.75|50391.1953125|77058a|ALK883|0|2488|-825|||3|3|2|1|1|132|5|["132,18,5,3681"]|13:59:51:195
62|1.1|636136521783016128|0|50396.1796875|13.96932060634|100.90570544815|16959|31371||50396.1796875|47.75||4737.5|45.5|50396.1796875|77058a|ALK883|0|2488|-731.25|||3|3|2|1|1|132|5|["132,18,5,3681"]|13:59:56:180
62|1.1|636136521832931119|0|50401.1796875|13.97528583026|100.90611314331|17003|32031||50401.1796875|47||4675|44.75|50401.1796875|77058a|ALK883|0|2488|-706.25|||3|3|2|1|1|132|5|["132,18,5,3681"]|14:00:01:180
62|1.1|636136521882856111|0|50406.1796875|13.98106329983|100.90651547406|17046|32670||50406.1796875|46.5||4600|44|50406.1796875|77058a|ALK883|0|2488|-750|||3|3|2|1|1|132|5|["132,18,5,3681"]|14:00:06:180
62|1.1|636136521932781103|0|50411.15625|13.98644380306|100.90624188915|17016|33266||50411.15625|45.25||4525|43.25|50411.15625|77058a|ALK883|0|2488|-825|||3|3|2|1|1|132|18|["132,18,5,3681"]|14:00:11:156
62|1.1|636136521982546079|0|50416.15625|13.99253240841|100.90440726093|16817|33939||50416.15625|44.75||4450|42.5|50416.15625|77058a|ALK883|0|2488|-825|||3|3|2|1|1|132|5|["132,18,5,3681"]|14:00:16:156
62|1.1|636136522032471071|0|50421.140625|13.99796655574|100.90178942885|16534|34540||50421.140625|44.25||4381.25|42|50421.140625|77058a|ALK883|0|2488|-825|||3|3|2|1|1|132|5|["132,18,5,3681"]|14:00:21:141
62|1.1|636136522082386062|0|50426.140625|14.00276770269|100.89790559601|16114|35071||50426.140625|43.75||4318.75|41.25|50426.140625|77058a|ALK883|0|2488|-825|||3|3|2|1|1|132|5|["132,18,5,3681"]|14:00:26:141
62|1.1|636136522132331056|0|50431.140625|14.00641013708|100.89293815235|15577|35474||50431.140625|43||4243.75|40.75|50431.140625|77058a|ALK883|0|2488|-806.25|||3|3|2|1|1|132|5|["132,18,5,3681"]|14:00:31:141
62|1.1|636136522182226045|0|50436.1171875|14.00899041829|100.88858761584|15107|35759||50436.1171875|42.5||4193.75|40|50436.1171875|77058a|ALK883|0|2488|-787.5|||3|3|2|1|1|132|5|["132,18,5,3681"]|14:00:36:117
62|1.1|636136522232151037|0|50441.1171875|14.00893140978|100.88363626541|14572|35752||50441.1171875|41.75||4168.75|39.75|50441.1171875|77058a|ALK883|0|2488|-650|||3|3|2|1|1|132|5|["132,18,5,3681"]|14:00:41:117
62|1.1|636136522282086030|0|50446.1015625|14.01019741054|100.87801436373|13965|35892||50446.1015625|41.25||4106.25|39|50446.1015625|77058a|ALK883|0|2488|-650|||3|3|2|1|1|132|5|["132,18,5,3681"]|14:00:46:102
62|1.1|636136522332001021|0|50451.1015625|14.01134539428|100.87285380131|13407|36019||50451.1015625|40.75||4056.25|38.5|50451.1015625|77058a|ALK883|0|2488|-650|||3|3|2|1|1|132|5|["132,18,5,3681"]|14:00:51:102
62|1.1|636136522381916012|0|50456.1015625|14.01248801361|100.86856227331|12943|36145||50456.1015625|40||3981.25|37.75|50456.1015625|77058a|ALK883|0|2488|-706.25|||3|3|2|1|1|132|5|["132,18,5,3681"]|14:00:56:102
62|1.1|636136522431831003|0|50461.078125|14.01346433623|100.86341780412|12388|36253||50461.078125|39.25||3887.5|37|50461.078125|77058a|ALK883|0|2488|-806.25|||3|3|2|1|1|132|5|["132,18,5,3681"]|14:01:01:078
62|1.1|636136522481765996|0|50466.078125|14.01408660779|100.85824114847|11828|36321||50466.078125|38.5||3793.75|36.25|50466.078125|77058a|ALK883|0|2488|-887.5|||3|3|2|1|1|132|5|["132,18,5,3681"]|14:01:06:078
62|1.1|636136522531680987|0|50471.0625|14.01368964145|100.85356338295|11323|36277||50471.0625|38||3731.25|35.5|50471.0625|77058a|ALK883|0|2488|-887.5|||3|3|2|1|1|132|5|["132,18,5,3681"]|14:01:11:063
62|1.1|636136522581615980|0|50476.0625|14.01035834284|100.84911628706|10843|35908||50476.0625|37.5||3731.25|35.25|50476.0625|77058a|ALK883|0|2488|-475|||3|3|2|1|1|132|5|["132,18,5,3681"]|14:01:16:063
62|1.1|636136522631530971|0|50481.0625|14.00795508716|100.8445243521|10347|35642||50481.0625|37.25||3700|35.25|50481.0625|77058a|ALK883|0|2488|-312.5|||3|3|2|1|1|132|5|["132,18,5,3681"]|14:01:21:063
62|1.1|636136522681445962|0|50486.0390625|14.00535871272|100.84030792584|9891|35355||50486.0390625|37||3675|35|50486.0390625|77058a|ALK883|0|2488|0|||3|3|0|1|1|132|5|["132,18,5,3681"]|14:01:26:039
62|1.1|636136522731360953|0|50491.0390625|14.00340606748|100.83650992356|9481|35138||50491.0390625|36.75||3662.5|34.75|50491.0390625|77058a|ALK883|0|2488|0|||3|3|0|1|1|132|5|["132,18,5,3681"]|14:01:31:039
62|1.1|636136522781285945|0|50496.015625|14.00103499826|100.8323471414|9032|34876||50496.015625|36.25||3612.5|34.25|50496.015625|77058a|ALK883|0|2488|0|||3|3|0|1|1|132|5|["132,18,5,3681"]|14:01:36:016
62|1.1|636136522831210937|0|50501.015625|13.99903407333|100.82868861378|8636|34654||50501.015625|35.75||3556.25|33.5|50501.015625|77058a|ALK883|0|2488|-493.75|||3|3|2|1|1|132|5|["132,18,5,3681"]|14:01:41:016
62|1.1|636136522881125928|0|50506.015625|13.99668446175|100.82455265367|8190|34394||50506.015625|35||3487.5|33|50506.015625|77058a|ALK883|0|2488|-587.5|||3|3|2|1|1|132|5|["132,18,5,3681"]|14:01:46:016
62|1.1|636136522931050920|0|50511|13.99410954495|100.82064736319|7768|34109||50511|34.5||3412.5|32.25|50511|77058a|ALK883|0|2488|-650|||3|3|2|1|1|132|5|["132,18,5,3681"]|14:01:51:000
62|1.1|636136522980975912|0|50516|13.99093381423|100.81812072608|7495|33758||50516|33.75||3343.75|31.5|50516|77058a|ALK883|0|2488|-687.5|||3|3|2|1|1|132|5|["132,18,5,3681"]|14:01:56:000
62|1.1|636136523030890903|0|50520.9765625|13.98613803169|100.81726778489|7403|33227||50520.9765625|32.75||3268.75|30.75|50520.9765625|77058a|ALK883|0|2488|-787.5|||3|3|2|1|1|132|5|["132,18,5,3681"]|14:02:00:977
62|1.1|636136523080825896|0|50525.9765625|13.98133688474|100.81611980115|7279|32696||50525.9765625|32||3168.75|29.75|50525.9765625|77058a|ALK883|0|2488|-868.75|||3|3|2|1|1|132|5|["132,18,5,3681"]|14:02:05:977
62|1.1|636136523130740887|0|50530.9765625|13.97674494978|100.8153419617|7195|32188||50530.9765625|31.25||3075|28.75|50530.9765625|77058a|ALK883|0|2488|-981.25|||3|3|2|1|1|132|5|["132,18,5,3681"]|14:02:10:977
62|1.1|636136523180675880|0|50535.9609375|13.97235149799|100.81448902051|7103|31702||50535.9609375|30.75||3000|28|50535.9609375|77058a|ALK883|0|2488|-1006.25|||3|3|2|1|1|132|5|["132,18,5,3681"]|14:02:15:961
62|1.1|636136523230580870|0|50540.9609375|13.96851594484|100.81327129944|6972|31277||50540.9609375|30||2931.25|27.25|50540.9609375|77058a|ALK883|0|2488|-943.75|||3|3|2|1|1|132|5|["132,18,5,3681"]|14:02:20:961
62|1.1|636136523280505862|0|50545.9375|13.96414395069|100.8116941629|6801|30794||50545.9375|29||2868.75|26.75|50545.9375|77058a|ALK883|0|2488|-906.25|||3|3|2|1|1|132|5|["132,18,5,3681"]|14:02:25:938
62|1.1|636136523330430854|0|50550.9375|13.960340584|100.81057300121|6680|30373||50550.9375|28.5||2825|26.25|50550.9375|77058a|ALK883|0|2488|-787.5|||3|3|2|1|1|132|5|["132,18,5,3681"]|14:02:30:938
62|1.1|636136523380345845|0|50555.9375|13.95644065793|100.80951084803|6565|29941||50555.9375|27.75||2762.5|25.5|50555.9375|77058a|ALK883|0|2488|-768.75|||3|3|2|1|1|132|5|["132,18,5,3681"]|14:02:35:938
62|1.1|636136523430270837|0|50560.921875|13.95247635894|100.80845405926|6452|29503||50560.921875|27||2681.25|24.75|50560.921875|77058a|ALK883|0|2488|-806.25|||3|3|2|1|1|132|5|["132,18,5,3681"]|14:02:40:922
62|1.1|636136523480195829|0|50565.921875|13.94838867852|100.80739190608|6337|29050||50565.921875|26.5||2606.25|24|50565.921875|77058a|ALK883|0|2488|-843.75|||3|3|2|1|1|132|5|["132,18,5,3681"]|14:02:45:922
62|1.1|636136523530110820|0|50570.8984375|13.944247354|100.80629756644|6219|28592||50570.8984375|25.75||2531.25|23.25|50570.8984375|77058a|ALK883|0|2488|-887.5|||3|3|2|1|1|132|5|["132,18,5,3681"]|14:02:50:898
62|1.1|636136523580035812|0|50575.8984375|13.94008993625|100.8052032268|6101|28132||50575.8984375|25||2450|22.5|50575.8984375|77058a|ALK883|0|2488|-906.25|||3|3|2|1|1|132|5|["132,18,5,3681"]|14:02:55:898
62|1.1|636136523629960804|0|50580.8984375|13.93559456067|100.8040767007|5979|27635||50580.8984375|23.75||2375|21.75|50580.8984375|77058a|ALK883|0|2488|-906.25|||3|3|2|1|1|132|5|["132,18,5,3681"]|14:03:00:898
62|1.1|636136523679875795|0|50585.875|13.93120110888|100.80296626783|5859|27149||50585.875|23.25||2300|21|50585.875|77058a|ALK883|0|2488|-887.5|||3|3|2|1|1|132|5|["132,18,5,3681"]|14:03:05:875
62|1.1|636136523729810788|0|50590.875|13.92729045399|100.80191484347|5745|26716||50590.875|23||2268.75|20.75|50590.875|77058a|ALK883|0|2488|-768.75|||3|3|2|1|1|132|5|["132,18,5,3681"]|14:03:10:875
62|1.1|636136523779725779|0|50595.859375|13.92342807879|100.80087414793|5633|26289||50595.859375|22.75||2243.75|20.5|50595.859375|77058a|ALK883|0|2488|-587.5|||3|3|2|1|1|132|5|["132,18,5,3681"]|14:03:15:859
62|1.1|636136523829650771|0|50600.859375|13.91901853377|100.79976371506|5513|25801||50600.859375|22.25||2200|20|50600.859375|77058a|ALK883|0|2488|-531.25|||3|3|2|1|1|132|5|["132,18,5,3681"]|14:03:20:859
62|1.1|636136523879575763|0|50605.859375|13.91470554813|100.79864791778|5393|25324||50605.859375|22||2162.5|19.5|50605.859375|77058a|ALK883|0|2488|-531.25|||3|3|2|1|1|132|18|["132,18,5,3681"]|14:03:25:859
62|1.1|636136523929500755|0|50610.8359375|13.91135815629|100.79765550193|5286|24953||50610.8359375|21.75||2143.75|19.25|50610.8359375|77058a|ALK883|0|2488|-475|||3|3|2|1|1|132|18|["132,18,5,3681"]|14:03:30:836
62|1.1|636136523979415746|0|50615.8359375|13.90720610295|100.79663089962|5175|24494||50615.8359375|21.75||2162.5|19.5|50615.8359375|77058a|ALK883|0|2488|0|||3|3|0|1|1|132|5|["132,18,5,3681"]|14:03:35:836
62|1.1|636136524029330737|0|50620.8203125|13.90323107514|100.79557947526|5062|24054||50620.8203125|21.75||2162.5|19.5|50620.8203125|77058a|ALK883|0|2488|0|||3|3|0|1|1|132|5|["132,18,5,3681"]|14:03:40:820
62|1.1|636136524079255729|0|50625.8203125|13.8992935982|100.79453877972|4949|23618||50625.8203125|21.75||2168.75|19.5|50625.8203125|77058a|ALK883|0|2488|0|||3|3|0|1|1|132|5|["132,18,5,3681"]|14:03:45:820
62|1.1|636136524129170720|0|50630.8203125|13.89593011313|100.79355709269|4843|23246||50630.8203125|21.75||2175|19.75|50630.8203125|77058a|ALK883|0|2488|0|||3|3|0|1|1|132|5|["132,18,5,3681"]|14:03:50:820
62|1.1|636136524179095712|0|50635.796875|13.89219648377|100.79252712597|4732|22833||50635.796875|21.75||2181.25|19.75|50635.796875|77058a|ALK883|0|2488|0|||3|3|0|1|1|132|18|["132,18,5,3681"]|14:03:55:797
62|1.1|636136524229020704|0|50640.796875|13.88874716814|100.7915776254|4629|22451||50640.796875|21.75||2175|19.75|50640.796875|77058a|ALK883|0|2488|0|||3|3|0|1|1|132|18|["132,18,5,3681"]|14:04:00:797
62|1.1|636136524278945696|0|50645.78125|13.88430543666|100.79049937899|4513|21960||50645.78125|21.75||2181.25|19.75|50645.78125|77058a|ALK883|0|2488|0|||3|3|0|1|1|132|5|["132,18,5,3681"]|14:04:05:781
62|1.1|636136524328860687|0|50650.78125|13.88039478177|100.78946941227|4401|21527||50650.78125|21.75||2181.25|19.75|50650.78125|77058a|ALK883|0|2488|0|||3|3|0|1|1|132|18|["132,18,5,3681"]|14:04:10:781
62|1.1|636136524378785679|0|50655.78125|13.87682208471|100.78847163201|4294|21132||50655.78125|21.75||2175|19.75|50655.78125|77058a|ALK883|0|2488|0|||3|3|0|1|1|132|18|["132,18,5,3681"]|14:04:15:781
62|1.1|636136524428720672|0|50660.7578125|13.8725788364|100.78738265678|4176|20662||50660.7578125|21.75||2175|19.75|50660.7578125|77058a|ALK883|0|2488|0|||3|3|0|1|1|132|5|["132,18,5,3681"]|14:04:20:758
62|1.1|636136524478625662|0|50665.7578125|13.86864672387|100.78634732565|4064|20227||50665.7578125|21.75||2175|19.75|50665.7578125|77058a|ALK883|0|2488|0|||3|3|0|1|1|132|18|["132,18,5,3681"]|14:04:25:758
62|1.1|636136524528550654|0|50670.7421875|13.86478434867|100.7853549098|3957|19800||50670.7421875|21.75||2175|19.75|50670.7421875|77058a|ALK883|0|2488|0|||3|3|0|1|1|132|5|["132,18,5,3681"]|14:04:30:742
62|1.1|636136524578465645|0|50675.7421875|13.86135649068|100.78441613805|3855|19421||50675.7421875|21.75||2175|19.75|50675.7421875|77058a|ALK883|0|2488|0|||3|3|0|1|1|132|5|["132,18,5,3681"]|14:04:35:742
62|1.1|636136524628390637|0|50680.7421875|13.85778915803|100.7834773663|3754|19026||50680.7421875|21.75||2175|19.75|50680.7421875|77058a|ALK883|0|2488|0|||3|3|0|1|1|132|5|["132,18,5,3681"]|14:04:40:742
62|1.1|636136524678315629|0|50685.71875|13.85377657935|100.78246885722|3645|18582||50685.71875|21.75||2175|19.75|50685.71875|77058a|ALK883|0|2488|0|||3|3|0|1|1|132|5|["132,18,5,3681"]|14:04:45:719
62|1.1|636136524728240621|0|50690.71875|13.84979082272|100.78147644137|3538|18141||50690.71875|21.75||2175|19.75|50690.71875|77058a|ALK883|0|2488|0|||3|3|0|1|1|132|18|["132,18,5,3681"]|14:04:50:719
62|1.1|636136524778155612|0|50695.6953125|13.84575142199|100.78047866111|3430|17694||50695.6953125|21.75||2175|19.75|50695.6953125|77058a|ALK883|0|2488|0|||3|3|0|1|1|132|18|["132,18,5,3681"]|14:04:55:695
62|1.1|636136524828080604|0|50700.6953125|13.84235038605|100.77952916054|3328|17318||50700.6953125|21.75||2175|19.75|50700.6953125|77058a|ALK883|0|2488|0|||3|3|0|1|1|132|18|["132,18,5,3681"]|14:05:00:695
62|1.1|636136524878005596|0|50705.6953125|13.83795693426|100.77841872767|3207|16832||50705.6953125|21.75||2175|19.75|50705.6953125|77058a|ALK883|0|2488|0|||3|3|0|1|1|132|5|["132,18,5,3681"]|14:05:05:695
62|1.1|636136524927920587|0|50710.6796875|13.83409992347|100.77738339654|3096|16405||50710.6796875|21.75||2175|19.75|50710.6796875|77058a|ALK883|0|2488|0|||3|3|0|1|1|132|5|["132,18,5,3681"]|14:05:10:680
62|1.1|636136524977845579|0|50715.6796875|13.83016781094|100.77634806541|2984|15970||50715.6796875|21.75||2175|19.75|50715.6796875|77058a|ALK883|0|2488|0|||3|3|0|1|1|132|5|["132,18,5,3681"]|14:05:15:680
62|1.1|636136525027760570|0|50720.65625|13.82636444425|100.77531809869|2872|15549||50720.65625|21.75||2175|19.75|50720.65625|77058a|ALK883|0|2488|0|||3|3|0|1|1|132|5|["132,18,5,3681"]|14:05:20:656
62|1.1|636136525077685562|0|50725.65625|13.82285612011|100.77432568284|2765|15161||50725.65625|21.75||2175|19.75|50725.65625|77058a|ALK883|0|2488|0|||3|3|0|1|1|132|5|["132,18,5,3681"]|14:05:25:656
62|1.1|636136525127610554|0|50730.65625|13.81930488069|100.77334399581|2659|14768||50730.65625|21.75||2175|19.75|50730.65625|77058a|ALK883|0|2488|0|||3|3|0|1|1|132|5|["132,18,5,3681"]|14:05:30:656
62|1.1|636136525177525545|0|50735.640625|13.81532985288|100.77233012232|2550|14328||50735.640625|21.75||2175|19.75|50735.640625|77058a|ALK883|0|2488|0|||3|3|0|1|1|132|18|["132,18,5,3681"]|14:05:35:641
62|1.1|636136525227450537|0|50740.640625|13.81128508774|100.77130552001|2439|13881||50740.640625|22||2200|20|50740.640625|77058a|ALK883|0|2488|0|||3|3|0|1|1|132|18|["132,18,5,3681"]|14:05:40:641
62|1.1|636136525277375529|0|50745.6171875|13.80791623826|100.77037211267|2338|13508||50745.6171875|22||2206.25|20|50745.6171875|77058a|ALK883|0|2488|0|||3|3|0|1|1|132|18|["132,18,5,3681"]|14:05:45:617
62|1.1|636136525327300521|0|50750.6171875|13.80437036325|100.76944943415|2238|13116||50750.6171875|21.25||2143.75|19|50750.6171875|77058a|ALK883|0|2488|0|||3|3|0|1|1|132|5|["132,18,5,3681"]|14:05:50:617
62|1.1|636136525377215512|0|50755.6171875|13.80023976755|100.76844092507|2129|12659||50755.6171875|20.75||2056.25|18.5|50755.6171875|77058a|ALK883|0|2488|0|||3|3|0|1|1|132|18|["132,18,5,3681"]|14:05:55:617
62|1.1|636136525427160506|0|50760.6015625|13.79673144341|100.76751824655|2029|12270||50760.6015625|19.75||1968.75|17.5|50760.6015625|77058a|ALK883|0|2488|-787.5|||3|3|2|1|1|132|18|["132,18,5,3681"]|14:06:00:602
62|1.1|636136525477065496|0|50765.6015625|13.79314265312|100.76656874598|1927|11874||50765.6015625|19||1875|16.75|50765.6015625|77058a|ALK883|0|2488|-825|||3|3|2|1|1|132|5|["132,18,5,3681"]|14:06:05:602
62|1.1|636136525526980487|0|50770.578125|13.78915689649|100.7655602369|1818|11432||50770.578125|18.5||1812.5|16.25|50770.578125|77058a|ALK883|0|2488|-768.75|||3|3|2|1|1|132|5|["132,18,5,3681"]|14:06:10:578
62|1.1|636136525576905479|0|50775.578125|13.78519796191|100.76452490577|1706|10995||50775.578125|18||1768.75|15.75|50775.578125|77058a|ALK883|0|2488|-731.25|||3|3|2|1|1|132|5|["132,18,5,3681"]|14:06:15:578
62|1.1|636136525626820470|0|50780.578125|13.78184520566|100.7635754052|1603|10624||50780.578125|17.5||1693.75|15|50780.578125|77058a|ALK883|0|2488|-731.25|||3|3|2|1|1|132|18|["132,18,5,3681"]|14:06:20:578
62|1.1|636136525676745462|0|50785.5625|13.77853536469|100.76266881991|1505|10257||50785.5625|16.5||1618.75|14.25|50785.5625|77058a|ALK883|0|2488|-768.75|||3|3|2|1|1|132|18|["132,18,5,3681"]|14:06:25:563
62|1.1|636136525726670454|0|50790.5625|13.77501631173|100.76170322611|1401|9868||50790.5625|15.75||1525|13.25|50790.5625|77058a|ALK883|0|2488|-843.75|||3|3|2|1|1|132|18|["132,18,5,3681"]|14:06:30:563
62|1.1|636136525776595446|0|50795.5390625|13.77136314852|100.76080736964|1304|9464||50795.5390625|14.75||1462.5|12.5|50795.5390625|77058a|ALK883|0|2488|-887.5|||3|3|2|1|1|132|5|["132,18,5,3681"]|14:06:35:539
62|1.1|636136525826510437|0|50800.5390625|13.76771534972|100.75986859789|1202|9060||50800.5390625|14.25||1393.75|12|50800.5390625|77058a|ALK883|0|2488|-868.75|||3|3|2|1|1|132|5|["132,18,5,3681"]|14:06:40:539
62|1.1|636136525876435429|0|50805.5390625|13.76464154279|100.75899419906|1108|8720||50805.5390625|13.75||1343.75|11.5|50805.5390625|77058a|ALK883|0|2488|-768.75|||3|3|2|1|1|132|5|["132,18,5,3681"]|14:06:45:539
62|1.1|636136525926360421|0|50810.515625|13.76159992232|100.75815198669|1017|8384||50810.515625|13.5||1287.5|11|50810.515625|77058a|ALK883|0|2488|-750|||3|3|2|1|1|132|18|["132,18,5,3681"]|14:06:50:516
62|1.1|636136525976275412|0|50815.515625|13.75856903067|100.75730977432|926|8048||50815.515625|12.75||1250|10.5|50815.515625|77058a|ALK883|0|2488|-687.5|||3|3|2|1|1|132|18|["132,18,5,3681"]|14:06:55:516
62|1.1|636136526026200404|0|50820.5|13.75537184231|100.75653193487|842|7695||50820.5|12||1193.75|10|50820.5|77058a|ALK883|0|2488|-650|||3|3|2|1|1|132|5|["132,18,5,3681"]|14:07:00:500
62|1.1|636136526076115395|0|50825.5|13.75239459476|100.75575409542|758|7365||50825.5|11.5||1137.5|9.5|50825.5|77058a|ALK883|0|2488|-650|||3|3|2|1|1|132|5|["132,18,5,3681"]|14:07:05:500
62|1.1|636136526126060389|0|50830.5|13.74944416926|100.75497089156|673|7039||50830.5|11||1075|8.75|50830.5|77058a|ALK883|0|2488|-668.75|||3|3|2|1|1|132|5|["132,18,5,3681"]|14:07:10:500
62|1.1|636136526175965379|0|50835.4765625|13.74638645556|100.7541340436|583|6700||50835.4765625|10.5||1012.5|8.25|50835.4765625|77058a|ALK883|0|2488|-687.5|||3|3|2|1|1|132|5|["132,18,5,3681"]|14:07:15:477
62|1.1|636136526225890371|0|50840.4765625|13.7430283349|100.75333474651|496|6329||50840.4765625|10||962.5|7.5|50840.4765625|77058a|ALK883|0|2488|-706.25|||3|3|2|1|1|132|18|["132,18,5,3681"]|14:07:20:477
62|1.1|636136526275805362|0|50845.4609375|13.74017446878|100.75255154265|411|6013||50845.4609375|9.25||887.5|7|50845.4609375|77058a|ALK883|0|2488|-687.5|||3|3|2|1|1|132|18|["132,18,5,3681"]|14:07:25:461
62|1.1|636136526325730354|0|50850.4609375|13.73703628893|100.75179516084|329|5666||50850.4609375|8.5||831.25|6.5|50850.4609375|77058a|ALK883|0|2488|-706.25|||3|3|2|1|1|132|5|["132,18,5,3681"]|14:07:30:461
62|1.1|636136526375655346|0|50855.4609375|13.7337479056|100.75094758406|238|5302||50855.4609375|8||781.25|5.75|50855.4609375|77058a|ALK883|0|2488|-706.25|||3|3|2|1|1|132|5|["132,18,5,3681"]|14:07:35:461
62|1.1|636136526425570337|0|50860.4375|13.73092622594|100.75018047343|155|4990||50860.4375|7.5||743.75|5.25|50860.4375|77058a|ALK883|0|2488|-668.75|||3|3|2|1|1|132|5|["132,18,5,3681"]|14:07:40:438
62|1.1|636136526475495329|0|50865.4375|13.72801871572|100.74940263398|71|4668||50865.4375|7||675|4.75|50865.4375|77058a|ALK883|0|2488|-668.75|||3|3|2|1|1|132|18|["132,18,5,3681"]|14:07:45:438
62|1.1|636136526525410320|0|50870.421875|13.72505219699|100.7486087013|-15|4340||50870.421875|6.5||618.75|4.25|50870.421875|77058a|ALK883|0|2488|-668.75|||3|3|2|1|1|132|18|["132,18,5,3681"]|14:07:50:422
62|1.1|636136526575335312|0|50875.421875|13.72164579664|100.74775576011|-107|3963||50875.421875|5.75||537.5|3.5|50875.421875|77058a|ALK883|0|2488|-706.25|||3|3|2|1|1|132|18|["132,18,5,3681"]|14:07:55:422
62|1.1|636136526625260304|0|50880.421875|13.71832522685|100.74690281892|-200|3596||50880.421875|5.25||487.5|2.75|50880.421875|77058a|ALK883|0|2488|-731.25|||3|3|2|1|1|132|18|["132,18,5,3681"]|14:08:00:422
62|1.1|636136526675175295|0|50885.3984375|13.71558937775|100.74615180152|-281|3293||50885.3984375|4.5||437.5|2.5|50885.3984375|77058a|ALK883|0|2488|-687.5|||3|3|2|1|1|132|5|["132,18,5,3681"]|14:08:05:398
62|1.1|636136526725100287|0|50890.3984375|13.71219907063|100.74529349592|-374|2918||50890.3984375|4||393.75|1.75|50890.3984375|77058a|ALK883|0|2488|-668.75|||3|3|2|1|1|132|5|["132,18,5,3681"]|14:08:10:398
62|1.1|636136526775025279|0|50895.375|13.70906625519|100.7444781056|-462|2571||50895.375|4||337.5|1.25|50895.375|77058a|ALK883|0|2488|-668.75|||3|3|2|1|1|132|5|["132,18,5,3681"]|14:08:15:375
62|1.1|636136526824950271|0|50900.375|13.70568131248|100.74362516441|-554|2197||50900.375|3||262.5|0.5|50900.375|77058a|ALK883|0|2488|-731.25|||3|3|2|1|1|132|18|["132,18,5,3681"]|14:08:20:375
62|1.1|636136526874865262|0|50905.375|13.70275234462|100.74282586732|-641|1873||50905.375|2.5||206.25|0|50905.375|77058a|ALK883|0|2488|-687.5|||3|3|2|1|1|132|5|["132,18,5,3681"]|14:08:25:375
62|1.1|636136526924790254|0|50910.359375|13.69965171564|100.74199974818|-730|1530||50910.359375|2.5||150|8191.5|50910.359375|77058a|ALK883|0|2488|-687.5|||3|3|2|1|1|132|5|["132,18,5,3681"]|14:08:30:359
62|1.1|636136526974715246|0|50915.359375|13.69654572225|100.74118435786|-818|1186||50915.359375|2.5||93.75|8191|50915.359375|77058a|ALK883|0|2488|-687.5|||3|3|2|1|1|132|5|[]|14:08:35:359
62|1.1|636136527024640238|0|50920.3359375|13.69345582209|100.74037433195|-906|845||50920.3359375|2.5||31.25|8190.5|50920.3359375|77058a|ALK883|0|2488|-687.5|||3|3|2|1|1|132|5|[]|14:08:40:336
62|1.1|636136527074555229|0|50925.3359375|13.69035519311|100.73955894163|-994|502||50925.3359375|1.5||0|8190.5|50925.3359375|77058a|ALK883|0|2488|-393.75|||3|3|3|1|1|132|18|["132,18,5,3681"]|14:08:45:336
62|1.1|636136527124480221|0|50930.3359375|13.68725992854|100.73874891572|-1082|159||50930.3359375|1.5||0|8190.5|50930.3359375|77058a|ALK883|0|2488|-393.75|||3|3|3|1|1|132|18|["132,18,5,3681"]|14:08:50:336
62|1.1|636136527174395212|0|50935.3203125|13.68417002838|100.7379335254|-1170|-183||50935.3203125|1.75||0|8191.75|50935.3203125|77058a|ALK883|0|2488|0|||3|3|3|1|1|132|18|["132,18,5,3681"]|14:08:55:320
62|1.1|636136527221209893|0|50940|13.68125715375|100.73717714359|-1252|-505||50940|1.75||0|8191.5|50940|77058a|ALK883|0|2488|0|||3|3|3|1|1|132|18|["132,18,5,3681"]|14:09:00:000
62|1.1|636136527271124884|0|50945|13.67815652477|100.73635638886|-1341|-848||50945|1.75||0|8191.5|50945|77058a|ALK883|0|2488|0|||3|3|3|1|1|132|18|[]|14:09:05:000
62|1.1|636136527321059877|0|50949.9765625|13.67505589579|100.73553563413|-1429|-1191||50949.9765625|1.75||0|8191.25|50949.9765625|77058a|ALK883|0|2488|0|||3|3|3|1|1|132|18|[]|14:09:09:977
