62|1.1|636136510304298371|0|49248.3359375|16.42972871048|101.16850252964|44856|303713||49248.3359375|309.75||30981.25|309.75|49248.3359375|7804b7|CES5078|0|2062|0|||3|3|0|1|1|132|18|["132,18,5,3632","132,114,5,443","132,178,5,1741","132,146,5,1787","132,162,5"]|13:40:48:336
62|1.1|636136510354223363|0|49253.3359375|16.43960458929|101.16964514897|44976|304807||49253.3359375|309.75||30975|309.75|49253.3359375|7804b7|CES5078|0|2062|0|||3|3|0|1|1|132|18|["132,18,5,3632","132,114,5,443","132,178,5,1741","132,146,5,1787","132,162,5"]|13:40:53:336
62|1.1|636136510404148355|0|49258.3203125|16.44987743444|101.17087896327|45106|305944||49258.3203125|309.75||30968.75|309.75|49258.3203125|7804b7|CES5078|0|2062|0|||3|3|0|1|1|132|18|["132,18,5,3632","132,114,5,443","132,178,5,1741","132,146,5,1787","132,162,5"]|13:40:58:320
62|1.1|636136510454073347|0|49263.3203125|16.45987669468|101.17199476055|45223|307052||49263.3203125|309.75||30968.75|309.75|49263.3203125|7804b7|CES5078|0|2062|0|||3|3|0|1|1|132|18|["132,18,5,3632","132,114,5,443","132,178,5,1741","132,146,5,1787","132,162,5"]|13:41:03:320
62|1.1|636136510503988338|0|49268.296875|16.46947362417|101.17309982901|45339|308115||49268.296875|309.75||30975|309.75|49268.296875|7804b7|CES5078|0|2062|0|||3|3|0|1|1|132|147|["132,18,5,3632","132,114,5,443","132,178,5,1741","132,146,5,1787","132,162,5"]|13:41:08:297
62|1.1|636136510553903329|0|49273.296875|16.47984839311|101.17423171952|45458|309264||49273.296875|309.75||30975|309.75|49273.296875|7804b7|CES5078|0|2062|0|||3|3|0|1|1|132|18|["132,18,5,3632","132,114,5,443","132,178,5,1741","132,146,5,1787","132,162,5"]|13:41:13:297
62|1.1|636136510603838322|0|49278.296875|16.49048601814|101.17540652531|45581|310442||49278.296875|309.75||30987.5|309.75|49278.296875|7804b7|CES5078|0|2062|0|||3|3|0|1|1|132|18|["132,18,5,3632","132,114,5,443","132,178,5,1741","132,146,5,1787","132,162,5"]|13:41:18:297
62|1.1|636136510653753313|0|49283.28125|16.50096271087|101.17659205992|45705|311602||49283.28125|309.75||30981.25|310|49283.28125|7804b7|CES5078|0|2062|0|||3|3|0|1|1|132|18|["132,18,5,3632","132,114,5,443","132,178,5,1741","132,146,5,1787","132,162,5"]|13:41:23:281
62|1.1|636136510703688306|0|49288.28125|16.51152523416|101.17779905217|45832|312772||49288.28125|309.75||30981.25|309.75|49288.28125|7804b7|CES5078|0|2062|0|||3|3|0|1|1|132|18|["132,18,5,3632","132,114,5,443","132,178,5,1741","132,146,5,1787","132,162,5"]|13:41:28:281
62|1.1|636136510753593296|0|49293.2578125|16.52303725802|101.17905968852|45965|314047||49293.2578125|309.75||30968.75|309.75|49293.2578125|7804b7|CES5078|0|2062|0|||3|3|0|1|1|132|18|["132,18,5,3632","132,114,5,443","132,178,5,1741","132,146,5,1787","132,162,5"]|13:41:33:258
62|1.1|636136510803518288|0|49298.2578125|16.53299896739|101.18020767226|46085|315151||49298.2578125|309.75||30975|309.75|49298.2578125|7804b7|CES5078|0|2062|0|||3|3|0|1|1|132|18|["132,18,5,3632","132,114,5,443","132,178,5,1741","132,146,5,1787","132,162,5"]|13:41:38:258
62|1.1|636136510853433279|0|49303.2578125|16.54376533826|101.18144148656|46214|316343||49303.2578125|309.75||30981.25|309.75|49303.2578125|7804b7|CES5078|0|2062|0|||3|3|0|1|1|132|18|["132,18,5,3632","132,114,5,443","132,178,5,1741","132,146,5,1787","132,162,5"]|13:41:43:258
62|1.1|636136510903358271|0|49308.2421875|16.55446733621|101.18264847881|46341|317528||49308.2421875|309.75||30993.75|309.75|49308.2421875|7804b7|CES5078|0|2062|0|||3|3|0|1|1|132|18|["132,18,5,3632","132,114,5,443","132,178,5,1741","132,146,5,1787","132,162,5"]|13:41:48:242
62|1.1|636136510953283263|0|49313.2421875|16.56418764713|101.18378573373|46460|318605||49313.2421875|310||31006.25|309.75|49313.2421875|7804b7|CES5078|0|2062|0|||3|3|0|1|1|132|18|["132,18,5,3632","132,114,5,443","132,178,5,1741","132,146,5,1787"]|13:41:53:242
62|1.1|636136511003198254|0|49318.21875|16.57381139867|101.18495517511|46583|319671||49318.21875|309.75||31012.5|309.75|49318.21875|7804b7|CES5078|0|2062|0|||3|3|0|1|1|132|18|["132,18,5,3632","132,114,5,443","132,178,5,1741","132,146,5,1787"]|13:41:58:219
62|1.1|636136511053143248|0|49323.21875|16.58433637109|101.186183625|46712|320837||49323.21875|310||31012.5|310|49323.21875|7804b7|CES5078|0|2062|0|||3|3|0|1|1|132|18|["132,18,5,3632","132,114,5,443","132,178,5,1741","132,146,5,1787"]|13:42:03:219
62|1.1|636136511103048238|0|49328.21875|16.59568209824|101.18740671048|46840|322093||49328.21875|310||31012.5|310|49328.21875|7804b7|CES5078|0|2062|0|||3|3|0|1|1|132|18|["132,18,5,3632","132,114,5,443","132,178,5,1741","132,146,5,1787"]|13:42:08:219
62|1.1|636136511152973230|0|49333.1953125|16.60666304551|101.18867807565|46973|323310||49333.1953125|310||31018.75|310|49333.1953125|7804b7|CES5078|0|2062|0|||3|3|0|1|1|132|18|["132,18,5,3632","132,114,5,443","132,178,5,1741","132,146,5,1787"]|13:42:13:195
62|1.1|636136511202898222|0|49338.1953125|16.6170109924|101.18971877119|47082|324456||49338.1953125|309.75||31006.25|310|49338.1953125|7804b7|CES5078|0|2062|0|||3|3|0|1|1|132|18|["132,18,5,3632","132,114,5,443","132,178,5,1741","132,146,5,1787","132,162,5"]|13:42:18:195
62|1.1|636136511252813213|0|49343.1796875|16.62778272768|101.19087748375|47203|325649||49343.1796875|310||31025|310|49343.1796875|7804b7|CES5078|0|2062|0|||3|3|0|1|1|132|18|["132,18,5,3632","132,114,5,443","132,178,5,1741","132,146,5,1787","132,162,5"]|13:42:23:180
62|1.1|636136511302738205|0|49348.1796875|16.63813603898|101.19214348451|47336|326796||49348.1796875|310||31025|310|49348.1796875|7804b7|CES5078|0|2062|0|||3|3|0|1|1|132|18|["132,18,5,3632","132,114,5,443","132,178,5,1741","132,146,5,1787","132,162,5"]|13:42:28:180
62|1.1|636136511352653196|0|49353.1796875|16.64727699362|101.19332365471|47460|327808||49353.1796875|310||31006.25|310|49353.1796875|7804b7|CES5078|0|2062|0|||3|3|0|1|1|132|18|["132,18,5,3632","132,114,5,443","132,178,5,1741","132,146,5,1787","132,162,5"]|13:42:33:180
62|1.1|636136511402588189|0|49358.15625|16.65743182175|101.19475595218|47611|328933||49358.15625|310||31000|310|49358.15625|7804b7|CES5078|0|2062|0|||3|3|0|1|1|132|18|["132,18,5,3632","132,114,5,443","132,178,5,1741","132,146,5,1787","132,162,5"]|13:42:38:156
62|1.1|636136511452523182|0|49363.15625|16.6673291582|101.19624189375|47767|330029||49363.15625|310||31000|310|49363.15625|7804b7|CES5078|0|2062|0|||3|3|0|1|1|132|18|["132,18,5,3632","132,114,5,443","132,178,5,1741","132,146,5,1787","132,162,5"]|13:42:43:156
62|1.1|636136511502428172|0|49368.140625|16.67738206254|101.1979316829|47945|331143||49368.140625|310||31000|310|49368.140625|7804b7|CES5078|0|2062|0|||3|3|0|1|1|132|18|["132,18,5,3632","132,114,5,443","132,178,5,1741","132,146,5,1787","132,162,5"]|13:42:48:141
62|1.1|636136511552343163|0|49373.140625|16.68690389029|101.20061925231|48230|332198||49373.140625|310||31006.25|310|49373.140625|7804b7|CES5078|0|2062|0|||3|3|0|1|1|132|18|["132,18,5,3632","132,114,5,443","132,178,5,1741","132,146,5,1787","132,162,5"]|13:42:53:141
62|1.1|636136511602268155|0|49378.140625|16.69675294705|101.2029205842|48473|333289||49378.140625|309.75||31012.5|310|49378.140625|7804b7|CES5078|0|2062|0|||3|3|0|1|1|132|18|["132,18,5,3632","132,114,5,443","132,178,5,1741","132,146,5,1787","132,162,5"]|13:42:58:141
62|1.1|636136511652193147|0|49383.1171875|16.70696678369|101.2061928743|48820|334421||49383.1171875|309.75||30975|309.75|49383.1171875|7804b7|CES5078|0|2062|0|||3|3|0|1|1|132|18|["132,18,5,3632","132,114,5,443","132,178,5,1741","132,146,5,1787","132,162,5"]|13:43:03:117
62|1.1|636136511702118139|0|49388.1171875|16.71794773096|101.20937933384|49158|335638||49388.1171875|309.75||30956.25|309.75|49388.1171875|7804b7|CES5078|0|2062|0|||3|3|0|1|1|132|18|["132,18,5,3632","132,114,5,443","132,178,5,1741","132,146,5,1787","132,162,5"]|13:43:08:117
62|1.1|636136511752043131|0|49393.1015625|16.72794162679|101.21193815741|49428|336745||49393.1015625|310||30962.5|309.75|49393.1015625|7804b7|CES5078|0|2062|0|||3|3|0|1|1|132|18|["132,18,5,3632","132,114,5,443","132,178,5,1741","132,146,5,1787","132,162,5"]|13:43:13:102
62|1.1|636136511801958122|0|49398.1015625|16.73853633654|101.21492076937|49744|337919||49398.1015625|310||30975|309.75|49398.1015625|7804b7|CES5078|0|2062|0|||3|3|0|1|1|132|18|["132,18,5,3632","132,114,5,443","132,178,5,1741","132,146,5,1787","132,162,5"]|13:43:18:102
62|1.1|636136511851873113|0|49403.1015625|16.74915786834|101.21800530512|50071|339096||49403.1015625|310||30987.5|310|49403.1015625|7804b7|CES5078|0|2062|0|||3|3|0|1|1|132|18|["132,18,5,3632","132,114,5,443","132,178,5,1741","132,146,5,1787","132,162,5"]|13:43:23:102
62|1.1|636136511901818107|0|49408.078125|16.75884062839|101.22095036621|50383|340169||49408.078125|310||31006.25|310|49408.078125|7804b7|CES5078|0|2062|0|||3|3|0|1|1|132|114|["132,18,5,3632","132,114,5,443","132,178,5,1741","132,146,5,1787","132,162,5"]|13:43:28:078
62|1.1|636136511951723097|0|49413.078125|16.76938169404|101.22408854606|50715|341337||49413.078125|310||31006.25|310|49413.078125|7804b7|CES5078|0|2062|0|||3|3|0|1|1|132|114|["132,18,5,3632","132,114,5,443","132,178,5,1741","132,146,5,1787","132,162,5"]|13:43:33:078
62|1.1|636136512001648089|0|49418.0625|16.77846364017|101.22696923423|51020|342344||49418.0625|310||31006.25|310|49418.0625|7804b7|CES5078|0|2062|0|||3|3|0|1|1|132|18|["132,18,5,3632","132,114,5,443","132,178,5,1741","132,146,5,1787","132,162,5"]|13:43:38:063
62|1.1|636136512051563080|0|49423.0625|16.7880283832|101.22983919358|51324|343404||49423.0625|310||31006.25|310|49423.0625|7804b7|CES5078|0|2062|0|||3|3|0|1|1|132|18|["132,18,5,3632","132,114,5,443","132,178,5,1741","132,146,5,1787","132,162,5"]|13:43:43:063
62|1.1|636136512101488072|0|49428.0625|16.79778624499|101.23274133939|51631|344485||49428.0625|310||31006.25|310|49428.0625|7804b7|CES5078|0|2062|0|||3|3|0|1|1|132|162|["132,18,5,3632","132,114,5,443","132,178,5,1741","132,146,5,1787","132,162,5"]|13:43:48:063
62|1.1|636136512151403063|0|49433.0390625|16.80852579381|101.23592779893|51969|345675||49433.0390625|310||31000|310|49433.0390625|7804b7|CES5078|0|2062|0|||3|3|0|1|1|132|162|["132,18,5,3632","132,114,5,443","132,178,5,1741","132,146,5,1787","132,162,5"]|13:43:53:039
62|1.1|636136512201328055|0|49438.0390625|16.81905076623|101.2390230635|52296|346842||49438.0390625|310||30993.75|310|49438.0390625|7804b7|CES5078|0|2062|0|||3|3|0|1|1|132|162|["132,18,5,3632","132,114,5,443","132,178,5,1741","132,146,5,1787","132,162,5"]|13:43:58:039
62|1.1|636136512251263048|0|49443.015625|16.82845457696|101.24199494664|52611|347884||49443.015625|310||31000|310|49443.015625|7804b7|CES5078|0|2062|0|||3|3|0|1|1|132|162|["132,18,5,3632","132,114,5,443","132,178,5,1741","132,146,5,1787","132,162,5"]|13:44:03:016
62|1.1|636136512301168038|0|49448.015625|16.83818025229|101.24484344835|52912|348962||49448.015625|310||31006.25|310|49448.015625|7804b7|CES5078|0|2062|0|||3|3|0|1|1|132|147|["132,18,5,3632","132,114,5,443","132,178,5,1741","132,146,5,1787","132,162,5"]|13:44:08:016
62|1.1|636136512351093030|0|49453.015625|16.84867840266|101.24791725528|53237|350125||49453.015625|309.75||30981.25|310|49453.015625|7804b7|CES5078|0|2062|0|||3|3|0|1|1|132|147|["132,18,5,3632","132,114,5,443","132,178,5,1741","132,146,5,1787","132,162,5"]|13:44:13:016
62|1.1|636136512401018022|0|49458|16.85918191744|101.25092132488|53555|351289||49458|309.75||30968.75|309.75|49458|7804b7|CES5078|0|2062|0|||3|3|0|1|1|132|114|["132,18,5,3632","132,114,5,443","132,178,5,1741","132,146,5,1787","132,162,5"]|13:44:18:000
62|1.1|636136512450933013|0|49463|16.86939575408|101.25392539448|53873|352421||49463|309.75||30968.75|309.75|49463|7804b7|CES5078|0|2062|0|||3|3|0|1|1|132|114|["132,18,5,3632","132,114,5,443","132,178,5,1741","132,146,5,1787","132,162,5"]|13:44:23:000
62|1.1|636136512500858005|0|49467.9765625|16.87876737835|101.25681144706|54178|353460||49467.9765625|309.75||30975|309.75|49467.9765625|7804b7|CES5078|0|2062|0|||3|3|0|1|1|132|114|["132,18,5,3632","132,114,5,443","132,178,5,1741","132,146,5,1787","132,162,5"]|13:44:27:977
62|1.1|636136512550782997|0|49472.9765625|16.88932990164|101.25987452517|54502|354631||49472.9765625|309.75||30968.75|309.75|49472.9765625|7804b7|CES5078|0|2062|0|||3|3|0|1|1|132|114|["132,18,5,3632","132,114,5,443","132,178,5,1741","132,146,5,1787","132,162,5"]|13:44:32:977
62|1.1|636136512600717990|0|49477.9765625|16.89931843306|101.262894688|54821|355737||49477.9765625|310||30987.5|309.75|49477.9765625|7804b7|CES5078|0|2062|0|||3|3|0|1|1|132|147|["132,18,5,3632","132,114,5,443","132,178,5,1741","132,146,5,1787"]|13:44:37:977
62|1.1|636136512650622980|0|49482.9609375|16.90884026081|101.26574855412|55123|356793||49482.9609375|310||30987.5|309.75|49482.9609375|7804b7|CES5078|0|2062|0|||3|3|0|1|1|132|114|["132,18,5,3632","132,114,5,443","132,178,5,1741","132,146,5,1787"]|13:44:42:961
62|1.1|636136512700547972|0|49487.9609375|16.91927403826|101.26876335254|55442|357949||49487.9609375|310||31000|310|49487.9609375|7804b7|CES5078|0|2062|0|||3|3|0|1|1|132|147|["132,18,5,3632","132,114,5,443","132,178,5,1741","132,146,5,1787"]|13:44:47:961
62|1.1|636136512750472964|0|49492.9375|16.92806630625|101.27155821015|55737|358924||49492.9375|310||31012.5|310|49492.9375|7804b7|CES5078|0|2062|0|||3|3|0|1|1|132|162|["132,18,5,3632","132,114,5,443","132,178,5,1741","132,146,5,1787","132,162,5"]|13:44:52:938
62|1.1|636136512800387955|0|49497.9375|16.93801192239|101.27463201708|56062|360026||49497.9375|310||31018.75|310|49497.9375|7804b7|CES5078|0|2062|0|||3|3|0|1|1|132|162|["132,18,5,3632","132,114,5,443","132,178,5,1741","132,146,5,1787","132,162,5"]|13:44:57:938
62|1.1|636136512850302946|0|49502.9375|16.9478878012|101.2775395273|56370|361121||49502.9375|310||31012.5|310|49502.9375|7804b7|CES5078|0|2062|0|||3|3|0|1|1|132|162|["132,18,5,3632","132,114,5,443","132,178,5,1741","132,146,5,1787","132,162,5"]|13:45:02:938
62|1.1|636136512900227938|0|49507.921875|16.95794606995|101.28063479187|56697|362236||49507.921875|310||31012.5|310|49507.921875|7804b7|CES5078|0|2062|0|||3|3|0|1|1|132|162|["132,18,5,3632","132,114,5,443","132,178,5,1741","132,146,5,1787","132,162,5"]|13:45:07:922
62|1.1|636136512950162931|0|49512.921875|16.96888410194|101.28371396321|57022|363448||49512.921875|310||30987.5|310|49512.921875|7804b7|CES5078|0|2062|0|||3|3|0|1|1|132|162|["132,18,5,3632","132,114,5,443","132,178,5,1741","132,146,5,1787","132,162,5"]|13:45:12:922
62|1.1|636136513000067921|0|49517.8984375|16.9795378202|101.28669121076|57337|364629||49517.8984375|310||30993.75|310|49517.8984375|7804b7|CES5078|0|2062|0|||3|3|0|1|1|132|147|["132,18,5,3632","132,114,5,443","132,178,5,1741","132,146,5,1787","132,162,5"]|13:45:17:898
62|1.1|636136513049992913|0|49522.8984375|16.98888262242|101.28961481421|57646|365665||49522.8984375|310||31006.25|310|49522.8984375|7804b7|CES5078|0|2062|0|||3|3|0|1|1|132|162|["132,18,5,3632","132,114,5,443","132,178,5,1741","132,146,5,1787","132,162,5"]|13:45:22:898
62|1.1|636136513099917905|0|49527.8984375|16.99848491632|101.2925062312|57951|366729||49527.8984375|310||31006.25|310|49527.8984375|7804b7|CES5078|0|2062|0|||3|3|0|1|1|132|162|["132,18,5,3632","132,114,5,443","132,178,5,1741","132,146,5,1787","132,162,5"]|13:45:27:898
62|1.1|636136513149852898|0|49532.875|17.00794237115|101.29537082614|58254|367778||49532.875|310||31006.25|310|49532.875|7804b7|CES5078|0|2062|0|||3|3|0|1|1|132|162|["132,18,5,3632","132,114,5,443","132,178,5,1741","132,146,5,1787","132,162,5"]|13:45:32:875
62|1.1|636136513199757888|0|49537.875|17.01856390295|101.29858947214|58594|368955||49537.875|310||31000|310|49537.875|7804b7|CES5078|0|2062|0|||3|3|0|1|1|132|162|["132,18,5,3632","132,114,5,443","132,178,5,1741","132,146,5,1787","132,162,5"]|13:45:37:875
62|1.1|636136513249682880|0|49542.859375|17.02877237518|101.30165255025|58917|370086||49542.859375|310||31006.25|310|49542.859375|7804b7|CES5078|0|2062|0|||3|3|0|1|1|132|147|["132,18,5,3632","132,114,5,443","132,178,5,1741","132,146,5,1787","132,162,5"]|13:45:42:859
62|1.1|636136513299607872|0|49547.859375|17.03829956734|101.30442058581|59210|371142||49547.859375|310||31000|310|49547.859375|7804b7|CES5078|0|2062|0|||3|3|0|1|1|132|147|["132,18,5,3632","132,114,5,443","132,178,5,1741","132,146,5,1787","132,162,5"]|13:45:47:859
62|1.1|636136513349522863|0|49552.859375|17.04880308212|101.30746220628|59531|372307||49552.859375|310||31000|310|49552.859375|7804b7|CES5078|0|2062|0|||3|3|0|1|1|132|114|["132,18,5,3632","132,114,5,443","132,178,5,1741","132,146,5,1787","132,162,5"]|13:45:52:859
62|1.1|636136513399447855|0|49557.8359375|17.05749342632|101.31023024184|59823|373270||49557.8359375|310||31012.5|310|49557.8359375|7804b7|CES5078|0|2062|0|||3|3|0|1|1|132|114|["132,18,5,3632","132,114,5,443","132,178,5,1741","132,146,5,1787","132,162,5"]|13:45:57:836
62|1.1|636136513449362846|0|49562.8359375|17.0674605001|101.31321821821|60139|374375||49562.8359375|309.75||31012.5|309.75|49562.8359375|7804b7|CES5078|0|2062|0|||3|3|0|1|1|132|114|["132,18,5,3632","132,114,5,443","132,178,5,1741","132,146,5,1787","132,162,5"]|13:46:02:836
62|1.1|636136513499287838|0|49567.8203125|17.07799620134|101.31624374545|60458|375543||49567.8203125|309.75||31006.25|309.75|49567.8203125|7804b7|CES5078|0|2062|0|||3|3|0|1|1|132|114|["132,18,5,3632","132,114,5,443","132,178,5,1741","132,146,5,1787","132,162,5"]|13:46:07:820
62|1.1|636136513549222831|0|49572.8203125|17.0889717842|101.31937656089|60788|376759||49572.8203125|309.75||30975|309.75|49572.8203125|7804b7|CES5078|0|2062|0|||3|3|0|1|1|132|147|["132,18,5,3632","132,114,5,443","132,178,5,1741","132,146,5,1787","132,162,5"]|13:46:12:820
62|1.1|636136513599147823|0|49577.8203125|17.09902468854|101.32243427459|61111|377874||49577.8203125|309.75||30956.25|309.75|49577.8203125|7804b7|CES5078|0|2062|0|||3|3|0|1|1|132|162|["132,18,5,3632","132,114,5,443","132,178,5,1741","132,146,5,1787","132,162,5"]|13:46:17:820
62|1.1|636136513649062814|0|49582.796875|17.10895421145|101.3253900645|61423|378975||49582.796875|309.75||30943.75|309.75|49582.796875|7804b7|CES5078|0|2062|0|||3|3|0|1|1|132|162|["132,18,5,3632","132,114,5,443","132,178,5,1741","132,146,5,1787","132,162,5"]|13:46:22:797
62|1.1|636136513698977805|0|49587.796875|17.1193879889|101.32842632056|61743|380131||49587.796875|309.75||30950|309.75|49587.796875|7804b7|CES5078|0|2062|0|||3|3|0|1|1|132|114|["132,18,5,3632","132,114,5,443","132,178,5,1741","132,146,5,1787","132,162,5"]|13:46:27:797
62|1.1|636136513748922799|0|49592.78125|17.12875961317|101.33138747488|62056|381170||49592.78125|309.75||30968.75|309.75|49592.78125|7804b7|CES5078|0|2062|0|||3|3|0|1|1|132|114|["132,18,5,3632","132,114,5,443","132,178,5,1741","132,146,5,1787","132,162,5"]|13:46:32:781
62|1.1|636136513798817788|0|49597.78125|17.1389144413|101.33432717156|62366|382296||49597.78125|309.75||30968.75|309.75|49597.78125|7804b7|CES5078|0|2062|0|||3|3|0|1|1|132|114|["132,18,5,3632","132,114,5,443","132,178,5,1741","132,146,5,1787","132,162,5"]|13:46:37:781
62|1.1|636136513848742780|0|49602.78125|17.14928921024|101.33737415644|62687|383446||49602.78125|309.75||30975|309.75|49602.78125|7804b7|CES5078|0|2062|0|||3|3|0|1|1|132|114|["132,18,5,3632","132,114,5,443","132,178,5,1741","132,146,5,1787","132,162,5"]|13:46:42:781
62|1.1|636136513898667772|0|49607.7578125|17.15846235134|101.34018510728|62984|384463||49607.7578125|309.75||30981.25|309.75|49607.7578125|7804b7|CES5078|0|2062|0|||3|3|0|1|1|132|114|["132,18,5,3632","132,114,5,443","132,178,5,1741","132,146,5,1787","132,162,5"]|13:46:47:758
62|1.1|636136513948582763|0|49612.7578125|17.16744237368|101.34301215135|63283|385459||49612.7578125|309.75||30981.25|309.75|49612.7578125|7804b7|CES5078|0|2062|0|||3|3|0|1|1|132|114|["132,18,5,3632","132,114,5,443","132,178,5,1741","132,146,5,1787","132,162,5"]|13:46:52:758
62|1.1|636136513998357740|0|49617.7421875|17.17723242193|101.34595721244|63593|386544||49617.7421875|309.75||30987.5|309.75|49617.7421875|7804b7|CES5078|0|2062|0|||3|3|0|1|1|132|114|["132,18,5,3632","132,114,5,443","132,178,5,1741","132,146,5,1787","132,162,5"]|13:46:57:742
62|1.1|636136514048422746|0|49622.7421875|17.18718340248|101.34896128204|63910|387647||49622.7421875|309.75||30993.75|309.75|49622.7421875|7804b7|CES5078|0|2062|0|||3|3|0|1|1|132|114|["132,18,5,3632","132,114,5,443","132,178,5,1741","132,146,5,1787"]|13:47:02:742
62|1.1|636136514098347738|0|49627.7421875|17.19724167123|101.3519975381|64230|388762||49627.7421875|309.75||30987.5|309.75|49627.7421875|7804b7|CES5078|0|2062|0|||3|3|0|1|1|132|114|["132,18,5,3632","132,114,5,443","132,178,5,1741","132,146,5,1787"]|13:47:07:742
62|1.1|636136514148272730|0|49632.71875|17.20835136434|101.35507670944|64554|389994||49632.71875|309.75||30975|309.75|49632.71875|7804b7|CES5078|0|2062|0|||3|3|0|1|1|132|114|["132,18,5,3632","132,114,5,443","132,178,5,1741","132,146,5,1787"]|13:47:12:719
62|1.1|636136514198197722|0|49637.71875|17.21875295533|101.35806468581|64870|391147||49637.71875|309.75||30968.75|309.75|49637.71875|7804b7|CES5078|0|2062|0|||3|3|0|1|1|132|114|["132,18,5,3632","132,114,5,443","132,178,5,1741","132,146,5,1787"]|13:47:17:719
62|1.1|636136514248112713|0|49642.6953125|17.2291974616|101.36117604361|65197|392305||49642.6953125|309.75||30968.75|309.75|49642.6953125|7804b7|CES5078|0|2062|0|||3|3|0|1|1|132|114|["132,18,5,3632","132,114,5,443","132,178,5,1741","132,146,5,1787"]|13:47:22:695
62|1.1|636136514297897691|0|49647.6953125|17.23922354389|101.36420157085|65516|393417||49647.6953125|309.75||30968.75|309.75|49647.6953125|7804b7|CES5078|0|2062|0|||3|3|0|1|1|132|114|["132,18,5,3632","132,114,5,443","132,178,5,1741","132,146,5,1787"]|13:47:27:695
62|1.1|636136514347802681|0|49652.6953125|17.24833231207|101.36719491163|65832|394427||49652.6953125|309.75||30981.25|309.75|49652.6953125|7804b7|CES5078|0|2062|0|||3|3|0|1|1|132|98|["132,18,5,3632","132,114,5,443","132,178,5,1741","132,146,5,1787","132,98,4"]|13:47:32:695
62|1.1|636136514397727673|0|49657.6796875|17.25835302995|101.37018825241|66148|395538||49657.6796875|309.75||30987.5|309.75|49657.6796875|7804b7|CES5078|0|2062|0|||3|3|0|1|1|132|98|["132,18,5,3632","132,98,5,3881","132,114,5,443","132,178,5,1741","132,146,5,1787"]|13:47:37:680
62|1.1|636136514447652665|0|49662.6796875|17.26843275634|101.37327815257|66473|396656||49662.6796875|309.75||30981.25|308|49662.6796875|7804b7|CES5078|0|2062|0|||3|3|0|1|1|132|147|["132,18,5,3632","132,98,5,3881","132,114,5,443","132,178,5,1741","132,146,5,1787"]|13:47:42:680
62|1.1|636136514497567656|0|49667.65625|17.27762199067|101.37598181521|66758|397674||49667.65625|309.75||30993.75|308|49667.65625|7804b7|CES5078|0|2062|0|||3|3|0|1|1|132|114|["132,18,5,3632","132,98,5,3881","132,114,5,443","132,178,5,1741","132,146,5,1787"]|13:47:47:656
62|1.1|636136514547512650|0|49672.65625|17.28832935303|101.37907171537|67083|398861||49672.65625|309.75||30993.75|308|49672.65625|7804b7|CES5078|0|2062|0|||3|3|0|1|1|132|114|["132,18,5,3632","132,98,5,3881","132,114,5,443","132,178,5,1741","132,146,5,1787"]|13:47:52:656
62|1.1|636136514597427641|0|49677.65625|17.29859683377|101.3823064546|67424|400000||49677.65625|309.75||30981.25|308|49677.65625|7804b7|CES5078|0|2062|0|||3|3|0|1|1|132|114|["132,18,5,3632","132,98,5,3881","132,114,5,443","132,178,5,1741","132,146,5,1787"]|13:47:57:656
62|1.1|636136514647332631|0|49682.640625|17.30889650097|101.38553046501|67764|401142||49682.640625|309.75||30968.75|308|49682.640625|7804b7|CES5078|0|2062|0|||3|3|0|1|1|132|114|["132,18,5,3632","132,98,5,3881","132,114,5,443","132,178,5,1741","132,146,5,1787"]|13:48:02:641
62|1.1|636136514697257623|0|49687.640625|17.31869191363|101.38857744989|68085|402228||49687.640625|309.75||30981.25|308|49687.640625|7804b7|CES5078|0|2062|0|||3|3|0|1|1|132|147|["132,18,5,3632","132,98,5,3881","132,114,5,443","132,178,5,1741","132,146,5,1787"]|13:48:07:641
62|1.1|636136514747192616|0|49692.6171875|17.32773630889|101.39137767191|68380|403231||49692.6171875|309.75||30981.25|308|49692.6171875|7804b7|CES5078|0|2062|0|||3|3|0|1|1|132|114|["132,18,5,3632","132,98,5,3881","132,114,5,443","132,178,5,1741","132,146,5,1787"]|13:48:12:617
62|1.1|636136514797127609|0|49697.6171875|17.33754781478|101.39439247033|68697|404319||49697.6171875|309.75||30981.25|308|49697.6171875|7804b7|CES5078|0|2062|0|||3|3|0|1|1|132|114|["132,18,5,3632","132,98,5,3881","132,114,5,443","132,178,5,1741","132,146,5,1787"]|13:48:17:617
62|1.1|636136514847032599|0|49702.6171875|17.34773482937|101.39748237049|69023|405448||49702.6171875|309.75||30975|308|49702.6171875|7804b7|CES5078|0|2062|0|||3|3|0|1|1|132|114|["132,18,5,3632","132,98,5,3881","132,114,5,443","132,178,5,1741","132,146,5,1787"]|13:48:22:617
62|1.1|636136514896937589|0|49707.6015625|17.35827053061|101.4004918045|69339|406617||49707.6015625|309.75||30962.5|308|49707.6015625|7804b7|CES5078|0|2062|0|||3|3|0|1|1|132|114|["132,18,5,3632","132,98,5,3881","132,114,5,443","132,178,5,1741","132,146,5,1787"]|13:48:27:602
62|1.1|636136514946862581|0|49712.6015625|17.36815713824|101.40334030621|69639|407713||49712.6015625|309.75||30975|308|49712.6015625|7804b7|CES5078|0|2062|0|||3|3|0|1|1|132|114|["132,18,5,3632","132,98,5,3881","132,114,5,443","132,178,5,1741","132,146,5,1787"]|13:48:32:602
62|1.1|636136514996797574|0|49717.578125|17.37774333891|101.406124435|69932|408776||49717.578125|309.75||30981.25|308|49717.578125|7804b7|CES5078|0|2062|0|||3|3|0|1|1|132|114|["132,18,5,3632","132,98,5,3881","132,114,5,443","132,178,5,1741","132,146,5,1787"]|13:48:37:578
62|1.1|636136515046712565|0|49722.578125|17.38765676859|101.40904267404|70239|409875||49722.578125|310||30975|308|49722.578125|7804b7|CES5078|0|2062|0|||3|3|0|1|1|132|114|["132,18,5,3632","132,98,5,3881","132,114,5,443","132,178,5,1741","132,146,5,1787"]|13:48:42:578
62|1.1|636136515096637557|0|49727.578125|17.39770430852|101.41214866743|70566|410989||49727.578125|310||30993.75|308|49727.578125|7804b7|CES5078|0|2062|0|||3|3|0|1|1|132|114|["132,18,5,3632","132,98,5,3881","132,114,5,443","132,178,5,1741","132,146,5,1787"]|13:48:47:578
62|1.1|636136515146562549|0|49732.5625|17.40755336528|101.41522783877|70890|412081||49732.5625|309.75||31000|308|49732.5625|7804b7|CES5078|0|2062|0|||3|3|0|1|1|132|114|["132,18,5,3632","132,98,5,3881","132,114,5,443","132,178,5,1741","132,146,5,1787","132,162,5"]|13:48:52:563
62|1.1|636136515196487541|0|49737.5625|17.41768137136|101.41850012887|71235|413205||49737.5625|310||30987.5|308|49737.5625|7804b7|CES5078|0|2062|0|||3|3|0|1|1|132|114|["132,18,5,3632","132,98,5,3881","132,114,5,443","132,178,5,1741","132,146,5,1787","132,162,5"]|13:48:57:563
62|1.1|636136515246412533|0|49742.5390625|17.42775036893|101.42170268164|71572|414321||49742.5390625|310||30987.5|308|49742.5390625|7804b7|CES5078|0|2062|0|||3|3|0|1|1|132|98|["132,18,5,3632","132,98,5,3881","132,114,5,443","132,178,5,1741","132,146,5,1787","132,162,5"]|13:49:02:539
62|1.1|636136515296317523|0|49747.5390625|17.43783009532|101.42434733577|71850|415439||49747.5390625|310||31000|308|49747.5390625|7804b7|CES5078|0|2062|0|||3|3|0|1|1|132|114|["132,18,5,3632","132,98,5,3881","132,114,5,443","132,178,5,1741","132,146,5,1787","132,162,5"]|13:49:07:539
62|1.1|636136515346242515|0|49752.5390625|17.44852136445|101.42734604096|72165|416625||49752.5390625|310||30993.75|308|49752.5390625|7804b7|CES5078|0|2062|0|||3|3|0|1|1|132|114|["132,18,5,3632","132,98,5,3881","132,114,5,443","132,178,5,1741","132,146,5,1787","132,162,5"]|13:49:12:539
62|1.1|636136515396157506|0|49757.515625|17.45827922624|101.43025355118|72471|417707||49757.515625|310||31006.25|308|49757.515625|7804b7|CES5078|0|2062|0|||3|3|0|1|1|132|114|["132,18,5,3632","132,98,5,3881","132,114,5,443","132,178,5,1741","132,146,5,1787","132,162,5"]|13:49:17:516
62|1.1|636136515446082498|0|49762.515625|17.46838577468|101.43326298519|72787|418828||49762.515625|310||31012.5|308|49762.515625|7804b7|CES5078|0|2062|0|||3|3|0|1|1|132|114|["132,18,5,3632","132,98,5,3881","132,114,5,443","132,178,5,1741","132,146,5,1787","132,162,5"]|13:49:22:516
62|1.1|636136515496017491|0|49767.5|17.4779451533|101.43615440218|73091|419888||49767.5|310||31012.5|308|49767.5|7804b7|CES5078|0|2062|0|||3|3|0|1|1|132|114|["132,18,5,3632","132,98,5,3881","132,114,5,443","132,178,5,1741","132,146,5,1787","132,162,5"]|13:49:27:500
62|1.1|636136515545922481|0|49772.5|17.48787467621|101.43912092091|73403|420989||49772.5|310||31012.5|308|49772.5|7804b7|CES5078|0|2062|0|||3|3|0|1|1|132|114|["132,18,5,3632","132,98,5,3881","132,114,5,443","132,178,5,1741","132,146,5,1787","132,162,5"]|13:49:32:500
62|1.1|636136515595847473|0|49777.5|17.49925795423|101.44251122803|73759|422252||49777.5|310||30993.75|308|49777.5|7804b7|CES5078|0|2062|0|||3|3|0|1|1|132|114|["132,18,5,3632","132,98,5,3881","132,114,5,443","132,178,5,1741","132,146,5,1787","132,162,5"]|13:49:37:500
62|1.1|636136515645772465|0|49782.4765625|17.50972928255|101.44572450962|74097|423413||49782.4765625|310||30981.25|308|49782.4765625|7804b7|CES5078|0|2062|0|||3|3|0|1|1|132|114|["132,18,5,3632","132,98,5,3881","132,114,5,443","132,178,5,1741","132,146,5,1787","132,162,5"]|13:49:42:477
62|1.1|636136515695707458|0|49787.4765625|17.5192511103|101.44862129102|74402|424469||49787.4765625|310||31000|308|49787.4765625|7804b7|CES5078|0|2062|0|||3|3|0|1|1|132|114|["132,18,5,3632","132,98,5,3881","132,114,5,443","132,178,5,1741","132,146,5,1787","132,162,5"]|13:49:47:477
62|1.1|636136515745612448|0|49792.4609375|17.52926646377|101.45165218267|74720|425580||49792.4609375|310||31006.25|308|49792.4609375|7804b7|CES5078|0|2062|0|||3|3|0|1|1|132|114|["132,18,5,3632","132,98,5,3881","132,114,5,443","132,178,5,1741","132,146,5,1787"]|13:49:52:461
62|1.1|636136515795537440|0|49797.4609375|17.5397968006|101.45464015904|75034|426748||49797.4609375|310||31000|308|49797.4609375|7804b7|CES5078|0|2062|0|||3|3|0|1|1|132|114|["132,18,5,3632","132,98,5,3881","132,114,5,443","132,178,5,1741","132,146,5,1787"]|13:49:57:461
62|1.1|636136515845452431|0|49802.4609375|17.54965122177|101.45774078802|75360|427841||49802.4609375|310||31000|308|49802.4609375|7804b7|CES5078|0|2062|0|||3|3|0|1|1|132|114|["132,18,5,3632","132,98,5,3881","132,114,5,443","132,178,5,1741","132,146,5,1787"]|13:50:02:461
62|1.1|636136515895377423|0|49807.4375|17.55855077796|101.46052491681|75653|428828||49807.4375|310||31025|308|49807.4375|7804b7|CES5078|0|2062|0|||3|3|0|1|1|132|114|["132,18,5,3632","132,98,5,3881","132,114,5,443","132,178,5,1741","132,146,5,1787"]|13:50:07:438
62|1.1|636136515945312416|0|49812.4375|17.56808869894|101.46339487616|75954|429886||49812.4375|310||31018.75|308|49812.4375|7804b7|CES5078|0|2062|0|||3|3|0|1|1|132|114|["132,18,5,3632","132,98,5,3881","132,114,5,443","132,178,5,1741","132,146,5,1787"]|13:50:12:438
62|1.1|636136515995217406|0|49817.421875|17.57880679012|101.46648477632|76278|431074||49817.421875|310||31000|308|49817.421875|7804b7|CES5078|0|2062|0|||3|3|0|1|1|132|114|["132,18,5,3632","132,98,5,3881","132,114,5,443","132,178,5,1741","132,146,5,1787"]|13:50:17:422
62|1.1|636136516045142398|0|49822.421875|17.58890797415|101.46970878673|76617|432195||49822.421875|310||31000|308|49822.421875|7804b7|CES5078|0|2062|0|||3|3|0|1|1|132|114|["132,18,5,3632","132,98,5,3881","132,114,5,443","132,178,5,1741","132,146,5,1787"]|13:50:22:422
62|1.1|636136516095067390|0|49827.421875|17.59863901389|101.47276113602|76938|433274||49827.421875|310||31000|308|49827.421875|7804b7|CES5078|0|2062|0|||3|3|0|1|1|132|114|["132,18,5,3632","132,98,5,3881","132,114,5,443","132,178,5,1741","132,146,5,1787"]|13:50:27:422
62|1.1|636136516144992382|0|49832.3984375|17.60873483351|101.47588858705|77266|434394||49832.3984375|310||31000|308|49832.3984375|7804b7|CES5078|0|2062|0|||3|3|0|1|1|132|114|["132,18,5,3632","132,98,5,3881","132,114,5,443","132,178,5,1741","132,146,5,1787"]|13:50:32:398
62|1.1|636136516194907373|0|49837.3984375|17.61942610264|101.47904286013|77598|435580||49837.3984375|310||30987.5|308|49837.3984375|7804b7|CES5078|0|2062|0|||3|3|0|1|1|132|114|["132,18,5,3632","132,98,5,3881","132,114,5,443","132,178,5,1741","132,146,5,1787"]|13:50:37:398
62|1.1|636136516244852367|0|49842.375|17.62918396443|101.48173579395|77880|436662||49842.375|310||31000|308|49842.375|7804b7|CES5078|0|2062|0|||3|3|0|1|1|132|114|["132,18,5,3632","132,98,5,3881","132,114,5,443","132,178,5,1741","132,146,5,1787"]|13:50:42:375
62|1.1|636136516294747356|0|49847.375|17.63907593647|101.48489006703|78211|437759||49847.375|310||31000|308|49847.375|7804b7|CES5078|0|2062|0|||3|3|0|1|1|132|114|["132,18,5,3632","132,98,5,3881","132,114,5,443","132,178,5,1741","132,146,5,1787","132,162,5"]|13:50:47:375
62|1.1|636136516344672348|0|49852.375|17.64841000987|101.48773320433|78510|438795||49852.375|310||31012.5|308|49852.375|7804b7|CES5078|0|2062|0|||3|3|0|1|1|132|114|["132,18,5,3632","132,98,5,3881","132,114,5,443","132,178,5,1741","132,146,5,1787","132,162,5"]|13:50:52:375
62|1.1|636136516394597340|0|49857.359375|17.65906372813|101.49091429946|78844|439977||49857.359375|310||31000|308|49857.359375|7804b7|CES5078|0|2062|0|||3|3|0|1|1|132|114|["132,18,5,3632","132,98,5,3881","132,114,5,443","132,178,5,1741","132,146,5,1787","132,162,5"]|13:50:57:359
62|1.1|636136516444522332|0|49862.359375|17.66915954775|101.49397201316|79165|441097||49862.359375|310||31000|308|49862.359375|7804b7|CES5078|0|2062|0|||3|3|0|1|1|132|114|["132,18,5,3632","132,98,5,3881","132,114,5,443","132,178,5,1741","132,146,5,1787","132,162,5"]|13:51:02:359
62|1.1|636136516494437323|0|49867.3359375|17.67909979948|101.49681515046|79463|442199||49867.3359375|310||31012.5|308|49867.3359375|7804b7|CES5078|0|2062|0|||3|3|0|1|1|132|114|["132,18,5,3632","132,98,5,3881","132,114,5,443","132,178,5,1741","132,146,5,1787","132,162,5"]|13:51:07:336
62|1.1|636136516544362315|0|49872.3359375|17.68996809414|101.49978166919|79773|443404||49872.3359375|310||30993.75|308|49872.3359375|7804b7|CES5078|0|2062|0|||3|3|0|1|1|132|114|["132,18,5,3632","132,98,5,3881","132,114,5,443","132,178,5,1741","132,146,5,1787","132,162,5"]|13:51:12:336
62|1.1|636136516594277306|0|49877.3359375|17.69998344761|101.50298422196|80110|444516||49877.3359375|310||30987.5|308|49877.3359375|7804b7|CES5078|0|2062|0|||3|3|0|1|1|132|114|["132,18,5,3632","132,98,5,3881","132,114,5,443","132,178,5,1741","132,146,5,1787","132,162,5"]|13:51:17:336
62|1.1|636136516644202298|0|49882.3203125|17.71039040301|101.50598829156|80425|445670||49882.3203125|310||30987.5|308|49882.3203125|7804b7|CES5078|0|2062|0|||3|3|0|1|1|132|114|["132,18,5,3632","132,98,5,3881","132,114,5,443","132,178,5,1741","132,146,5,1787","132,162,5"]|13:51:22:320
62|1.1|636136516694137291|0|49887.3203125|17.72060423965|101.50896553911|80737|446803||49887.3203125|310||30981.25|308|49887.3203125|7804b7|CES5078|0|2062|0|||3|3|0|1|1|132|114|["132,18,5,3632","132,114,5,443","132,178,5,1741","132,146,5,1787","132,162,5"]|13:51:27:320
62|1.1|636136516744042281|0|49892.296875|17.73065714399|101.51192132902|81047|447918||49892.296875|310||30968.75|308|49892.296875|7804b7|CES5078|0|2062|0|||3|3|0|1|1|132|114|["132,18,5,3632","132,114,5,443","132,178,5,1741","132,146,5,1787","132,162,5"]|13:51:32:297
62|1.1|636136516793967273|0|49897.296875|17.74077442125|101.51490930539|81360|449041||49897.296875|310||30950|308|49897.296875|7804b7|CES5078|0|2062|0|||3|3|0|1|1|132|114|["132,18,5,3632","132,114,5,443","132,178,5,1741","132,146,5,1787","132,162,5"]|13:51:37:297
62|1.1|636136516843892265|0|49902.296875|17.75066639329|101.5178650953|81670|450138||49902.296875|310||30943.75|308|49902.296875|7804b7|CES5078|0|2062|0|||3|3|0|1|1|132|114|["132,18,5,3632","132,114,5,443","132,178,5,1741","132,146,5,1787","132,162,5"]|13:51:42:297
62|1.1|636136516893807256|0|49907.28125|17.76054763651|101.52091744459|81990|451234||49907.28125|310||30943.75|308|49907.28125|7804b7|CES5078|0|2062|0|||3|3|0|1|1|132|114|["132,18,5,3632","132,114,5,443","132,178,5,1741","132,146,5,1787","132,162,5"]|13:51:47:281
62|1.1|636136516943732248|0|49912.28125|17.77062199849|101.5238195904|82294|452352||49912.28125|310||30937.5|308|49912.28125|7804b7|CES5078|0|2062|0|||3|3|0|1|1|132|114|["132,18,5,3632","132,114,5,443","132,178,5,1741","132,146,5,1787"]|13:51:52:281
62|1.1|636136516993667241|0|49917.2578125|17.77913531716|101.52672710062|82599|453296||49917.2578125|310||31025|308|49917.2578125|7804b7|CES5078|0|2062|0|||3|3|0|1|1|132|114|["132,18,5,3632","132,114,5,443","132,178,5,1741","132,146,5,1787"]|13:51:57:258
62|1.1|636136517043592233|0|49922.2578125|17.78933842498|101.52970434817|82911|454428||49922.2578125|310||31012.5|308|49922.2578125|7804b7|CES5078|0|2062|0|||3|3|0|1|1|132|114|["132,18,5,3632","132,114,5,443","132,178,5,1741","132,146,5,1787"]|13:52:02:258
62|1.1|636136517093497223|0|49927.2578125|17.79950934634|101.53273523982|83229|455557||49927.2578125|310||31025|308|49927.2578125|7804b7|CES5078|0|2062|0|||3|3|0|1|1|132|114|["132,18,5,3632","132,98,4,3881","132,114,5,443","132,178,5,1741","132,146,5,1787"]|13:52:07:258
62|1.1|636136517143422215|0|49932.2421875|17.80995385261|101.53590024172|83560|456715||49932.2421875|310||31018.75|308|49932.2421875|7804b7|CES5078|0|2062|0|||3|3|0|1|1|132|114|["132,18,5,3632","132,98,4,3881","132,114,5,443","132,178,5,1741","132,146,5,1787"]|13:52:12:242
62|1.1|636136517193347207|0|49937.2421875|17.82021596894|101.53895259101|83880|457854||49937.2421875|310||31000|308|49937.2421875|7804b7|CES5078|0|2062|0|||3|3|0|1|1|132|146|["132,18,5,3632","132,98,5,3888","132,114,5,443","132,178,5,1741","132,146,5,1787"]|13:52:17:242
62|1.1|636136517243272199|0|49942.21875|17.82834305009|101.54150605017|84148|458756||49942.21875|310||31025|308|49942.21875|7804b7|CES5078|0|2062|0|||3|3|0|1|1|132|114|["132,18,5,3632","132,98,5,3888","132,114,5,443","132,178,5,1741","132,146,5,1787"]|13:52:22:219
62|1.1|636136517293187190|0|49947.21875|17.83890557338|101.54465495884|84478|459927||49947.21875|310||31037.5|308|49947.21875|7804b7|CES5078|0|2062|0|||3|3|0|1|1|132|114|["132,18,5,3632","132,98,5,3888","132,114,5,443","132,178,5,1741","132,146,5,1787"]|13:52:27:219
62|1.1|636136517343102181|0|49952.21875|17.84945736785|101.54766439285|84793|461098||49952.21875|310||31006.25|308|49952.21875|7804b7|CES5078|0|2062|0|||3|3|0|1|1|132|146|["132,18,5,3632","132,98,5,3888","132,114,5,443","132,178,5,1741","132,146,5,1787"]|13:52:32:219
62|1.1|636136517393037174|0|49957.1953125|17.85975167064|101.55061481835|85102|462240||49957.1953125|310||31000|308|49957.1953125|7804b7|CES5078|0|2062|0|||3|3|0|1|1|132|146|["132,18,5,3632","132,98,5,3888","132,114,5,443","132,178,5,1741","132,146,5,1787"]|13:52:37:195
62|1.1|636136517442952165|0|49962.1953125|17.87052340592|101.55361352354|85416|463435||49962.1953125|310||30975|308|49962.1953125|7804b7|CES5078|0|2062|0|||3|3|0|1|1|132|114|["132,18,5,3632","132,98,5,3888","132,114,5,443","132,178,5,1741","132,146,5,1787"]|13:52:42:195
62|1.1|636136517492867156|0|49967.1796875|17.88072651374|101.55662832196|85731|464567||49967.1796875|310||30956.25|308|49967.1796875|7804b7|CES5078|0|2062|0|||3|3|0|1|1|132|146|["132,18,5,3632","132,98,5,3888","132,114,5,443","132,178,5,1741","132,146,5,1787"]|13:52:47:180
62|1.1|636136517542792148|0|49972.1796875|17.89095644361|101.55973431535|86056|465702||49972.1796875|310||30950|308|49972.1796875|7804b7|CES5078|0|2062|0|||3|3|0|1|1|132|146|["132,18,5,3632","132,98,4,3888","132,114,5,443","132,178,5,1741","132,146,5,1787"]|13:52:52:180
62|1.1|636136517592717140|0|49977.1796875|17.90103617|101.56286176638|86384|466821||49977.1796875|310||30956.25|308|49977.1796875|7804b7|CES5078|0|2062|0|||3|3|0|1|1|132|146|["132,18,5,3632","132,98,4,3888","132,114,5,443","132,178,5,1741","132,146,5,1787"]|13:52:57:180
62|1.1|636136517642642132|0|49982.15625|17.9111212608|101.56602676828|86715|467940||49982.15625|310||30943.75|308|49982.15625|7804b7|CES5078|0|2062|0|||3|3|0|1|1|132|146|["132,18,5,3632","132,98,5,3889","132,114,5,443","132,178,5,1741","132,146,5,1787"]|13:53:02:156
62|1.1|636136517692587126|0|49987.15625|17.92124926688|101.56897719378|87024|469064||49987.15625|310||30925|308|49987.15625|7804b7|CES5078|0|2062|0|||3|3|0|1|1|132|147|["132,18,5,3632","132,98,5,3889","132,114,5,443","132,178,5,1741","132,146,5,1787"]|13:53:07:156
62|1.1|636136517742482115|0|49992.140625|17.93057797587|101.57187397518|87327|470099||49992.140625|309.75||30968.75|308|49992.140625|7804b7|CES5078|0|2062|0|||3|3|0|1|1|132|98|["132,18,5,3632","132,98,5,3889","132,114,5,443","132,178,5,1741","132,146,5,1787"]|13:53:12:141
62|1.1|636136517792407107|0|49997.140625|17.94040021058|101.57509798559|87665|471189||49997.140625|309.75||30968.75|308|49997.140625|7804b7|CES5078|0|2062|0|||3|3|0|1|1|132|146|["132,18,5,3632","132,98,5,3889","132,114,5,443","132,178,5,1741","132,146,5,1787"]|13:53:17:141
62|1.1|636136517842322098|0|50002.140625|17.94906373273|101.57760852947|87928|472150||50002.140625|309.75||30993.75|308|50002.140625|7804b7|CES5078|0|2062|0|||3|3|0|1|1|132|146|["132,18,5,3632","132,98,5,3889","132,114,5,443","132,178,5,1741","132,146,5,1787"]|13:53:22:141
62|1.1|636136517892247090|0|50007.1171875|17.95892888272|101.58082717547|88265|473245||50007.1171875|309.75||31012.5|308|50007.1171875|7804b7|CES5078|0|2062|0|||3|3|0|1|1|132|146|["132,98,5,3889","132,114,5,443","132,178,5,1741","132,146,5,1787"]|13:53:27:117
62|1.1|636136517942172082|0|50012.1171875|17.96914808377|101.5840082706|88598|474379||50012.1171875|309.75||31006.25|308|50012.1171875|7804b7|CES5078|0|2062|0|||3|3|0|1|1|132|146|["132,98,5,3889","132,114,5,443","132,178,5,1741","132,146,5,1787"]|13:53:32:117
62|1.1|636136517995197384|0|50017.421875|17.97995200551|101.58691041641|88901|475578||50017.421875|309.75||30981.25|308|50017.421875|7804b7|CES5078|0|2062|0|||3|3|0|1|1|132|114|["132,98,5,3889","132,114,5,443","132,178,5,1741","132,146,5,1787"]|13:53:37:422
62|1.1|636136518045122376|0|50022.421875|17.98998881662|101.58996813011|89220|476691||50022.421875|309.75||30975|308|50022.421875|7804b7|CES5078|0|2062|0|||3|3|0|1|1|132|114|["132,98,5,3889","132,114,5,443","132,178,5,1741","132,146,5,1787"]|13:53:42:422
62|1.1|636136518095047368|0|50027.3984375|18.00013291593|101.59303657263|89542|477817||50027.3984375|309.75||30968.75|308|50027.3984375|7804b7|CES5078|0|2062|0|||3|3|0|1|1|132|146|["132,98,5,3889","132,114,5,443","132,178,5,1741","132,146,5,1787"]|13:53:47:398
62|1.1|636136518144962359|0|50032.3984375|18.01040576108|101.59597626931|89849|478957||50032.3984375|309.75||30968.75|308|50032.3984375|7804b7|CES5078|0|2062|0|||3|3|0|1|1|132|114|["132,98,5,3889","132,114,5,443","132,178,5,1741","132,146,5,1787"]|13:53:52:398
62|1.1|636136518194887351|0|50037.375|18.0200187838|101.59880331338|90144|480024||50037.375|309.75||30981.25|308|50037.375|7804b7|CES5078|0|2062|0|||3|3|0|1|1|132|114|["132,98,5,3889","132,114,5,443","132,178,5,1741","132,146,5,1787"]|13:53:57:375
62|1.1|636136518244812343|0|50042.375|18.03040428156|101.60174301006|90451|481176||50042.375|309.75||30975|308|50042.375|7804b7|CES5078|0|2062|0|||3|3|0|1|1|132|114|["132,98,5,3889","132,114,5,443","132,178,5,1741","132,146,5,1787"]|13:54:02:375
62|1.1|636136518294727334|0|50047.375|18.04036599093|101.60495629165|90788|482282||50047.375|309.75||30968.75|308|50047.375|7804b7|CES5078|0|2062|0|||3|3|0|1|1|132|114|["132,98,5,3889","132,114,5,443","132,178,5,1741","132,146,5,1787"]|13:54:07:375
62|1.1|636136518344652326|0|50052.359375|18.04940502178|101.60779942895|91085|483285||50052.359375|309.75||30987.5|308|50052.359375|7804b7|CES5078|0|2062|0|||3|3|0|1|1|132|114|["132,98,5,3889","132,114,5,443","132,178,5,1741","132,146,5,1787"]|13:54:12:359
62|1.1|636136518394577318|0|50057.359375|18.05956521432|101.61102880377|91423|484413||50057.359375|309.75||31000|308|50057.359375|7804b7|CES5078|0|2062|0|||3|3|0|1|1|132|114|["132,98,5,3889","132,114,5,443","132,178,5,1741","132,146,5,1787"]|13:54:17:359
62|1.1|636136518444492309|0|50062.3359375|18.06999899177|101.61400068691|91733|485570||50062.3359375|309.75||31006.25|308|50062.3359375|7804b7|CES5078|0|2062|0|||3|3|0|1|1|132|114|["132,98,5,3889","132,114,5,443","132,178,5,1741","132,146,5,1787"]|13:54:22:336
62|1.1|636136518494437303|0|50067.3359375|18.08022892164|101.61714959558|92062|486706||50067.3359375|309.75||30987.5|308|50067.3359375|7804b7|CES5078|0|2062|0|||3|3|0|1|1|132|114|["132,98,5,3889","132,114,5,443","132,178,5,1741","132,146,5,1787"]|13:54:27:336
62|1.1|636136518544342293|0|50072.3359375|18.09017990219|101.62019121605|92380|487810||50072.3359375|309.75||30993.75|308|50072.3359375|7804b7|CES5078|0|2062|0|||3|3|0|1|1|132|114|["132,98,5,3889","132,114,5,443","132,178,5,1741","132,146,5,1787"]|13:54:32:336
62|1.1|636136518594267285|0|50077.3203125|18.10050102703|101.62341522646|92717|488956||50077.3203125|309.75||30950|308|50077.3203125|7804b7|CES5078|0|2062|0|||3|3|0|1|1|132|114|["132,98,5,3889","132,114,5,443","132,178,5,1741","132,146,5,1787"]|13:54:37:320
62|1.1|636136518644182276|0|50082.3203125|18.11082215187|101.62631737227|93020|490101||50082.3203125|309.75||30962.5|308|50082.3203125|7804b7|CES5078|0|2062|0|||3|3|0|1|1|132|114|["132,98,5,3889","132,114,5,443","132,178,5,1741","132,146,5,1787"]|13:54:42:320
62|1.1|636136518694107268|0|50087.296875|18.12112718348|101.62918196721|93319|491245||50087.296875|309.75||30962.5|308|50087.296875|7804b7|CES5078|0|2062|0|||3|3|0|1|1|132|114|["132,98,5,3889","132,114,5,443","132,178,5,1741","132,146,5,1787"]|13:54:47:297
62|1.1|636136518744022259|0|50092.296875|18.13120690987|101.63236306234|93651|492364||50092.296875|309.75||30968.75|308|50092.296875|7804b7|CES5078|0|2062|0|||3|3|0|1|1|132|146|["132,98,5,3889","132,114,5,443","132,178,5,1741","132,146,5,1787"]|13:54:52:297
62|1.1|636136518793957252|0|50097.296875|18.1404497883|101.63512036908|93939|493390||50097.296875|309.75||30993.75|308|50097.296875|7804b7|CES5078|0|2062|0|||3|3|0|1|1|132|146|["132,98,5,3889","132,114,5,443","132,178,5,1741","132,146,5,1787"]|13:54:57:297
62|1.1|636136518843872243|0|50102.28125|18.15041686208|101.63809225222|94249|494496||50102.28125|309.75||31000|308|50102.28125|7804b7|CES5078|0|2062|0|||3|3|0|1|1|132|114|["132,98,5,3889","132,114,5,443","132,178,5,1741","132,146,5,1787"]|13:55:02:281
62|1.1|636136518893797235|0|50107.28125|18.15995478306|101.64103731331|94557|495555||50107.28125|309.75||30993.75|308|50107.28125|7804b7|CES5078|0|2062|0|||3|3|0|1|1|132|114|["132,98,5,3889","132,114,5,443","132,178,5,1741","132,146,5,1787"]|13:55:07:281
62|1.1|636136518943712226|0|50112.2578125|18.16926739882|101.64384289974|94850|496588||50112.2578125|309.75||30987.5|308|50112.2578125|7804b7|CES5078|0|2062|0|||3|3|0|1|1|132|146|["132,98,5,3889","132,114,5,443","132,178,5,1741","132,146,5,1787"]|13:55:12:258
62|1.1|636136518993637218|0|50117.2578125|18.17934712521|101.64683087611|95162|497707||50117.2578125|309.75||30981.25|308|50117.2578125|7804b7|CES5078|0|2062|0|||3|3|0|1|1|132|146|["132,98,5,3889","132,114,5,443","132,178,5,1741","132,146,5,1787"]|13:55:17:258
62|1.1|636136519043562210|0|50122.2578125|18.18917472433|101.64988858981|95481|498798||50122.2578125|309.75||30975|308|50122.2578125|7804b7|CES5078|0|2062|0|||3|3|0|1|1|132|114|["132,98,5,3889","132,114,5,443","132,178,5,1741","132,146,5,1787"]|13:55:22:258
62|1.1|636136519093477201|0|50127.2421875|18.19912570488|101.65270490506|95775|499903||50127.2421875|309.75||30975|308|50127.2421875|7804b7|CES5078|0|2062|0|||3|3|0|1|1|132|146|["132,98,5,3889","132,114,5,443","132,178,5,1741","132,146,5,1787"]|13:55:27:242
62|1.1|636136519143402193|0|50132.2421875|18.21003691482|101.65571970348|96089|501113||50132.2421875|309.75||30956.25|308|50132.2421875|7804b7|CES5078|0|2062|0|||3|3|0|1|1|132|146|["132,98,5,3889","132,114,5,443","132,178,5,1741","132,146,5,1787"]|13:55:32:242
62|1.1|636136519193327185|0|50137.21875|18.21998253096|101.65887934097|96419|502217||50137.21875|309.75||30975|308|50137.21875|7804b7|CES5078|0|2062|0|||3|3|0|1|1|132|146|["132,98,5,3889","132,114,5,443","132,178,5,1741","132,146,5,1787"]|13:55:37:219
62|1.1|636136519243242176|0|50142.21875|18.22977257921|101.66174930032|96718|503304||50142.21875|309.75||30975|308|50142.21875|7804b7|CES5078|0|2062|0|||3|3|0|1|1|132|146|["132,98,5,3889","132,114,5,443","132,194,5,3518","132,178,5,1741","132,146,5,1787"]|13:55:42:219
62|1.1|636136519293167168|0|50147.21875|18.2407642553|101.66487675135|97044|504524||50147.21875|309.75||30987.5|308|50147.21875|7804b7|CES5078|0|2062|0|||3|3|0|1|1|132|146|["132,98,5,3889","132,114,5,443","132,194,5,3518","132,178,5,1741","132,146,5,1787"]|13:55:47:219
62|1.1|636136519343092160|0|50152.1953125|18.2514394312|101.66824560083|97396|505709||50152.1953125|309.75||30968.75|308|50152.1953125|7804b7|CES5078|0|2062|0|||3|3|0|1|1|132|98|["132,98,5,3889","132,114,5,443","132,194,5,3518","132,178,5,1741","132,146,5,1787"]|13:55:52:195
62|1.1|636136519393027153|0|50157.1953125|18.26070376727|101.67119066192|97703|506737||50157.1953125|310||30981.25|308|50157.1953125|7804b7|CES5078|0|2062|0|||3|3|0|1|1|132|146|["132,98,5,3889","132,114,5,443","132,194,5,3518","132,178,5,1741","132,146,5,1787"]|13:55:57:195
62|1.1|636136519442932143|0|50162.1796875|18.2705367308|101.67442540115|98041|507829||50162.1796875|310||30981.25|308|50162.1796875|7804b7|CES5078|0|2062|0|||3|3|0|1|1|132|146|["132,98,5,3889","132,114,5,443","132,194,5,3518","132,178,5,1741","132,146,5,1787"]|13:56:02:180
62|1.1|636136519492857135|0|50167.1796875|18.28095977943|101.67759576746|98372|508986||50167.1796875|310||30981.25|308|50167.1796875|7804b7|CES5078|0|2062|0|||3|3|0|1|1|132|146|["132,98,5,3889","132,114,5,443","132,194,5,3518","132,178,5,1741","132,146,5,1787"]|13:56:07:180
62|1.1|636136519542772126|0|50172.1796875|18.29028848842|101.68023505718|98646|510022||50172.1796875|310||31006.25|308|50172.1796875|7804b7|CES5078|0|2062|0|||3|3|0|1|1|132|146|["132,98,5,3889","132,114,5,443","132,194,5,3518","132,178,5,1741","132,146,5,1787"]|13:56:12:180
62|1.1|636136519592707119|0|50177.15625|18.30027165543|101.68322303355|98958|511130||50177.15625|310||31018.75|308|50177.15625|7804b7|CES5078|0|2062|0|||3|3|0|1|1|132|146|["132,98,5,3889","132,114,5,443","132,194,5,3518","132,178,5,1741","132,146,5,1787"]|13:56:17:156
62|1.1|636136519642622110|0|50182.15625|18.31048549207|101.68613590818|99261|512264||50182.15625|310||31025|308|50182.15625|7804b7|CES5078|0|2062|0|||3|3|0|1|1|132|146|["132,98,5,3889","132,114,5,443","132,194,5,3518","132,178,5,1741","132,146,5,1787"]|13:56:22:156
62|1.1|636136519692547102|0|50187.140625|18.32105874418|101.68938674064|99600|513438||50187.140625|310||30993.75|308|50187.140625|7804b7|CES5078|0|2062|0|||3|3|0|1|1|132|146|["132,98,5,3889","132,114,5,443","132,194,5,3518","132,178,5,1741","132,146,5,1787"]|13:56:27:141
62|1.1|636136519742462093|0|50192.140625|18.33091852976|101.69228352204|99902|514532||50192.140625|310||31006.25|308|50192.140625|7804b7|CES5078|0|2062|0|||3|3|0|1|1|132|146|["132,98,5,3889","132,114,5,443","132,194,5,3518","132,178,5,1741","132,146,5,1787"]|13:56:32:141
62|1.1|636136519792387085|0|50197.140625|18.33985027241|101.69505692201|100191|515524||50197.140625|310||31018.75|308|50197.140625|7804b7|CES5078|0|2062|0|||3|3|0|1|1|132|146|["132,98,5,3889","132,114,5,443","132,194,5,3518","132,178,5,1741","132,146,5,1787"]|13:56:37:141
62|1.1|636136519842312077|0|50202.1171875|18.34954376128|101.69804489838|100503|516600||50202.1171875|310||31018.75|308|50202.1171875|7804b7|CES5078|0|2062|0|||3|3|0|1|1|132|146|["132,98,5,3889","132,114,5,443","132,194,5,3518","132,178,5,1741","132,146,5,1787"]|13:56:42:117
62|1.1|636136519892227068|0|50207.1171875|18.3601760219|101.70124208674|100836|517781||50207.1171875|310||31000|308|50207.1171875|7804b7|CES5078|0|2062|0|||3|3|0|1|1|132|146|["132,98,5,3889","132,114,5,443","132,194,5,3518","132,178,5,1741","132,146,5,1787"]|13:56:47:117
62|1.1|636136519942152060|0|50212.1015625|18.37073854519|101.70425688516|101149|518953||50212.1015625|310||30987.5|308|50212.1015625|7804b7|CES5078|0|2062|0|||3|3|0|1|1|132|146|["132,98,5,3889","132,114,5,443","132,194,5,3518","132,178,5,1741","132,146,5,1787"]|13:56:52:102
62|1.1|636136519992077052|0|50217.1015625|18.38121523792|101.70721803948|101458|520116||50217.1015625|310||31006.25|308|50217.1015625|7804b7|CES5078|0|2062|0|||3|3|0|1|1|132|147|["132,98,5,3889","132,114,5,443","132,194,5,3518","132,178,5,1741","132,146,5,1787"]|13:56:57:102
62|1.1|636136520041992043|0|50222.1015625|18.39069415039|101.70993243094|101740|521168||50222.1015625|310||30993.75|308|50222.1015625|7804b7|CES5078|0|2062|0|||3|3|0|1|1|132|146|["132,98,5,3889","132,114,5,443","132,194,5,3518","132,178,5,1741","132,146,5,1787"]|13:57:02:102
62|1.1|636136520091917035|0|50227.078125|18.40026425783|101.71292040731|102052|522231||50227.078125|310||31006.25|308|50227.078125|7804b7|CES5078|0|2062|0|||3|3|0|1|1|132|147|["132,98,5,3889","132,114,5,443","132,194,5,3518","132,178,5,1741","132,146,5,1787"]|13:57:07:078
62|1.1|636136520141842027|0|50232.078125|18.41020987397|101.71595666337|102367|523335||50232.078125|310||31006.25|308|50232.078125|7804b7|CES5078|0|2062|0|||3|3|0|1|1|132|178|["132,98,5,3889","132,114,5,443","132,194,5,3518","132,178,5,1741","132,146,5,1787"]|13:57:12:078
62|1.1|636136520191777020|0|50237.0625|18.42082067695|101.71936306372|102723|524514||50237.0625|310||30987.5|308|50237.0625|7804b7|CES5078|0|2062|0|||3|3|0|1|1|132|146|["132,98,5,3889","132,114,5,443","132,194,5,3518","132,178,5,1741","132,146,5,1787"]|13:57:17:063
62|1.1|636136520241682010|0|50242.0625|18.43124372558|101.72255488767|103055|525671||50242.0625|310||30975|308|50242.0625|7804b7|CES5078|0|2062|0|||3|3|0|1|1|132|98|["132,98,5,3889","132,114,5,443","132,194,5,3518","132,178,5,1741","132,146,5,1787"]|13:57:22:063
62|1.1|636136520291607002|0|50247.0625|18.4408567483|101.72556968609|103369|526738||50247.0625|310||31000|308|50247.0625|7804b7|CES5078|0|2062|0|||3|3|0|1|1|132|98|["132,98,5,3889","132,114,5,443","132,194,5,3518","132,178,5,1741","132,146,5,1787"]|13:57:27:063
62|1.1|636136520341521993|0|50252.0390625|18.45037857605|101.72849328954|103674|527795||50252.0390625|310||31012.5|308|50252.0390625|7804b7|CES5078|0|2062|0|||3|3|0|1|1|132|98|["132,98,5,3889","132,114,5,443","132,194,5,3518","132,178,5,1741","132,146,5,1787"]|13:57:32:039
62|1.1|636136520391436984|0|50257.0390625|18.46123614189|101.73148126591|103984|529001||50257.0390625|310||30993.75|308|50257.0390625|7804b7|CES5078|0|2062|0|||3|3|0|1|1|132|147|["132,98,5,3889","132,114,5,443","132,194,5,3518","132,178,5,1741","132,146,5,1787"]|13:57:37:039
62|1.1|636136520441361976|0|50262.015625|18.4706828679|101.73428148793|104275|530050||50262.015625|310||31006.25|308|50262.015625|7804b7|CES5078|0|2062|0|||3|3|0|1|1|132|147|["132,98,5,3889","132,114,5,443","132,194,5,3518","132,178,5,1741","132,146,5,1787"]|13:57:42:016
62|1.1|636136520491286968|0|50267.015625|18.48025833975|101.73714071846|104573|531113||50267.015625|310||31012.5|308|50267.015625|7804b7|CES5078|0|2062|0|||3|3|0|1|1|132|178|["132,98,5,3889","132,114,5,443","132,194,5,3518","132,178,5,1741","132,146,5,1787"]|13:57:47:016
62|1.1|636136520541211960|0|50272.015625|18.48998401508|101.74001604222|104872|532193||50272.015625|310||31006.25|308|50272.015625|7804b7|CES5078|0|2062|0|||3|3|0|1|1|132|178|["132,98,5,3889","132,114,5,443","132,194,5,3518","132,178,5,1741","132,146,5,1787"]|13:57:52:016
62|1.1|636136520591126951|0|50277|18.50085230974|101.74307912033|105190|533400||50277|310||30993.75|308|50277|7804b7|CES5078|0|2062|0|||3|3|0|1|1|132|178|["132,98,5,3889","132,114,5,443","132,194,5,3518","132,178,5,1741","132,146,5,1787"]|13:57:57:000
62|1.1|636136520641051943|0|50282|18.51080329029|101.74605100347|105499|534505||50282|310||31000|308|50282|7804b7|CES5078|0|2062|0|||3|3|0|1|1|132|178|["132,98,5,3889","132,114,5,443","132,194,5,3518","132,178,5,1741","132,146,5,1787"]|13:58:02:000
62|1.1|636136520690976935|0|50286.9765625|18.52114587277|101.74930720034|105838|535653||50286.9765625|310||31006.25|308|50286.9765625|7804b7|CES5078|0|2062|0|||3|3|0|1|1|132|147|["132,98,5,3889","132,114,5,443","132,194,5,3518","132,178,5,1741","132,146,5,1787"]|13:58:06:977
62|1.1|636136520740891926|0|50291.9765625|18.529745022|101.75189284596|106107|536608||50291.9765625|310||31006.25|308|50291.9765625|7804b7|CES5078|0|2062|0|||3|3|0|1|1|132|147|["132,98,5,3889","132,114,5,443","132,194,5,3518","132,178,5,1741","132,146,5,1787"]|13:58:11:977
62|1.1|636136520790836920|0|50296.9765625|18.53959944317|101.75508466991|106439|537702||50296.9765625|310||31012.5|308|50296.9765625|7804b7|CES5078|0|2062|0|||3|3|0|1|1|132|178|["132,98,5,3889","132,114,5,443","132,194,5,3518","132,178,5,1741","132,146,5,1787"]|13:58:16:977
62|1.1|636136520840741910|0|50301.9609375|18.54979182217|101.75818529889|106762|538834||50301.9609375|310||31000|308|50301.9609375|7804b7|CES5078|0|2062|0|||3|3|0|1|1|132|194|["132,98,5,3889","132,114,5,443","132,194,5,3518","132,178,5,1741","132,146,5,1787"]|13:58:21:961
62|1.1|636136520890666902|0|50306.9609375|18.56056892186|101.76144149576|107100|540031||50306.9609375|310||30962.5|308|50306.9609375|7804b7|CES5078|0|2062|0|||3|3|0|1|1|132|178|["132,98,5,3889","132,114,5,443","132,194,5,3518","132,178,5,1741","132,146,5,1787"]|13:58:26:961
62|1.1|636136520940581893|0|50311.9375|18.57100269931|101.76466550617|107436|541190||50311.9375|309.75||30962.5|308|50311.9375|7804b7|CES5078|0|2062|0|||3|3|0|1|1|132|178|["132,98,5,3889","132,114,5,443","132,194,5,3518","132,178,5,1741","132,146,5,1787"]|13:58:31:938
62|1.1|636136520990506885|0|50316.9375|18.58067473054|101.76782514366|107764|542264||50316.9375|309.75||30968.75|308|50316.9375|7804b7|CES5078|0|2062|0|||3|3|0|1|1|132|98|["132,98,5,3889","132,114,5,443","132,194,5,3518","132,178,5,1741","132,146,5,1787"]|13:58:36:938
62|1.1|636136521040431877|0|50321.9375|18.5912748047|101.77083457767|108077|543441||50321.9375|309.75||30956.25|308|50321.9375|7804b7|CES5078|0|2062|0|||3|3|0|1|1|132|98|["132,98,5,3889","132,114,5,443","132,194,5,3518","132,178,5,1741","132,146,5,1787"]|13:58:41:938
62|1.1|636136521090346868|0|50326.921875|18.60106485295|101.77365625733|108370|544528||50326.921875|309.75||30968.75|308|50326.921875|7804b7|CES5078|0|2062|0|||3|3|0|1|1|132|98|["132,98,5,3889","132,114,5,443","132,194,5,3518","132,178,5,1741","132,146,5,1787"]|13:58:46:922
62|1.1|636136521140271860|0|50331.921875|18.61098364704|101.77700364917|108718|545630||50331.921875|309.75||30962.5|308|50331.921875|7804b7|CES5078|0|2062|0|||3|3|0|1|1|132|98|["132,98,5,3889","132,114,5,443","132,194,5,3518","132,178,5,1741","132,146,5,1787"]|13:58:51:922
62|1.1|636136521190196852|0|50336.8984375|18.6207254156|101.7797019474|108998|546712||50336.8984375|309.75||30981.25|307|50336.8984375|7804b7|CES5078|0|2062|0|||3|3|0|1|1|132|98|["132,98,5,3889","132,114,5,443","132,194,5,3518","132,178,5,1741","132,146,5,1787"]|13:58:56:898
62|1.1|636136521240111843|0|50341.8984375|18.63099826075|101.78260409321|109299|547853||50341.8984375|309.75||30975|307|50341.8984375|7804b7|CES5078|0|2062|0|||3|3|0|1|1|132|178|["132,98,5,3889","132,114,5,443","132,194,5,3518","132,178,5,1741","132,146,5,1787"]|13:59:01:898
62|1.1|636136521290036835|0|50346.8984375|18.64070784285|101.78542040846|109591|548931||50346.8984375|309.75||30987.5|307|50346.8984375|7804b7|CES5078|0|2062|0|||3|3|0|1|1|132|178|["132,98,5,3889","132,114,5,443","132,194,5,3518","132,178,5,1741","132,146,5,1787"]|13:59:06:898
62|1.1|636136521339961827|0|50351.875|18.65056226402|101.78870879179|109934|550025||50351.875|309.75||30987.5|307|50351.875|7804b7|CES5078|0|2062|0|||3|3|0|1|1|132|194|["132,98,5,3889","132,114,5,443","132,194,5,3518","132,178,5,1741","132,146,5,1787"]|13:59:11:875
62|1.1|636136521389876818|0|50356.875|18.66138227899|101.7919864463|110274|551227||50356.875|309.75||30950|307|50356.875|7804b7|CES5078|0|2062|0|||3|3|0|1|1|132|178|["132,98,5,3889","132,114,5,443","132,194,5,3518","132,178,5,1741","132,146,5,1787"]|13:59:16:875
62|1.1|636136521439801810|0|50361.859375|18.67094165761|101.79483494801|110570|552289||50361.859375|309.75||30975|307|50361.859375|7804b7|CES5078|0|2062|0|||3|3|0|1|1|132|147|["132,98,5,3889","132,114,5,443","132,194,5,3518","132,178,5,1741","132,146,5,1787"]|13:59:21:859
62|1.1|636136521489756805|0|50366.859375|18.68076925673|101.79784974643|110883|553381||50366.859375|309.75||30975|307|50366.859375|7804b7|CES5078|0|2062|0|||3|3|0|1|1|132|178|["132,98,5,3889","132,114,5,443","132,194,5,3518","132,178,5,1741","132,146,5,1787"]|13:59:26:859
62|1.1|636136521539641793|0|50371.859375|18.69066659318|101.8007304346|111182|554480||50371.859375|309.75||30981.25|307|50371.859375|7804b7|CES5078|0|2062|0|||3|3|0|1|1|132|178|["132,98,5,3889","132,114,5,443","132,194,5,3518","132,178,5,1741","132,146,5,1787"]|13:59:31:859
62|1.1|636136521589566785|0|50376.8359375|18.70062830255|101.80355747867|111475|555586||50376.8359375|309.75||30987.5|307|50376.8359375|7804b7|CES5078|0|2062|0|||3|3|0|1|1|132|178|["132,98,5,3889","132,114,5,443","132,194,5,3518","132,178,5,1741","132,146,5,1787"]|13:59:36:836
62|1.1|636136521639481776|0|50381.8359375|18.71065438484|101.80640061597|111770|556700||50381.8359375|309.75||30981.25|307|50381.8359375|7804b7|CES5078|0|2062|0|||3|3|0|1|1|132|147|["132,98,5,3889","132,114,5,443","132,194,5,3518","132,178,5,1741","132,146,5,1787"]|13:59:41:836
62|1.1|636136521689426770|0|50386.8203125|18.72142075571|101.809528067|112094|557895||50386.8203125|309.75||30962.5|307|50386.8203125|7804b7|CES5078|0|2062|0|||3|3|0|1|1|132|178|["132,98,5,3889","132,114,5,443","132,194,5,3518","132,178,5,1741","132,146,5,1787"]|13:59:46:820
62|1.1|636136521739351762|0|50391.8203125|18.73170432968|101.81254822983|112407|559038||50391.8203125|309.75||30962.5|307|50391.8203125|7804b7|CES5078|0|2062|0|||3|3|0|1|1|132|178|["132,114,5,443","132,194,5,3518","132,178,5,1741","132,146,5,1787"]|13:59:51:820
62|1.1|636136521789256752|0|50396.8203125|18.74203618334|101.81554693502|112718|560186||50396.8203125|309.75||30956.25|307|50396.8203125|7804b7|CES5078|0|2062|0|||3|3|0|1|1|132|178|["132,114,5,443","132,194,5,3518","132,178,5,1741","132,146,5,1787"]|13:59:56:820
62|1.1|636136521839021728|0|50401.796875|18.75264162191|101.81890505568|113067|561363||50401.796875|309.75||30975|307|50401.796875|7804b7|CES5078|0|2062|0|||3|3|0|1|1|132|147|["132,114,5,443","132,194,5,3518","132,178,5,1741","132,146,5,1787"]|14:00:01:797
62|1.1|636136521888946720|0|50406.796875|18.76134805934|101.82154970981|113341|562330||50406.796875|309.75||30975|307|50406.796875|7804b7|CES5078|0|2062|0|||3|3|0|1|1|132|147|["132,114,5,443","132,194,5,3518","132,178,5,1741","132,146,5,1787"]|14:00:06:797
62|1.1|636136521938881713|0|50411.78125|18.77124539579|101.82456987264|113654|563430||50411.78125|310||30975|307|50411.78125|7804b7|CES5078|0|2062|0|||3|3|0|1|1|132|178|["132,114,5,443","132,194,5,3518","132,178,5,1741","132,146,5,1787"]|14:00:11:781
62|1.1|636136521988786703|0|50416.78125|18.78203858871|101.82774023895|113983|564629||50416.78125|310||30987.5|307|50416.78125|7804b7|CES5078|0|2062|0|||3|3|0|1|1|132|178|["132,114,5,443","132,194,5,3518","132,178,5,1741","132,146,5,1787"]|14:00:16:781
62|1.1|636136522038731697|0|50421.78125|18.79238117119|101.83079795265|114300|565778||50421.78125|310||30987.5|307.25|50421.78125|7804b7|CES5078|0|2062|0|||3|3|0|1|1|132|178|["132,114,5,443","132,194,5,3518","132,178,5,1741","132,146,5,1787"]|14:00:21:781
62|1.1|636136522088636687|0|50426.7578125|18.80187081248|101.83378056461|114610|566832||50426.7578125|310||31012.5|307.25|50426.7578125|7804b7|CES5078|0|2062|0|||3|3|0|1|1|132|178|["132,114,5,443","132,194,5,3518","132,178,5,1741","132,146,5,1787"]|14:00:26:758
62|1.1|636136522138561679|0|50431.7578125|18.8116447675|101.83677390539|114920|567918||50431.7578125|310||31012.5|307.25|50431.7578125|7804b7|CES5078|0|2062|0|||3|3|0|1|1|132|147|["132,114,5,443","132,194,5,3518","132,178,5,1741","132,146,5,1787"]|14:00:31:758
62|1.1|636136522188476670|0|50436.7421875|18.82191761265|101.83989599201|115244|569059||50436.7421875|310||31006.25|307.25|50436.7421875|7804b7|CES5078|0|2062|0|||3|3|0|1|1|132|178|["132,114,5,443","132,194,5,3518","132,178,5,1741","132,146,5,1787"]|14:00:36:742
62|1.1|636136522238411663|0|50441.7421875|18.83174521177|101.84288933279|115554|570151||50441.7421875|310||31006.25|307.25|50441.7421875|7804b7|CES5078|0|2062|0|||3|3|0|1|1|132|178|["132,114,5,443","132,194,5,3518","132,178,5,1741","132,146,5,1787"]|14:00:41:742
62|1.1|636136522288336655|0|50446.7421875|18.84173374319|101.84592558885|115869|571260||50446.7421875|310||31006.25|307.25|50446.7421875|7804b7|CES5078|0|2062|0|||3|3|0|1|1|132|178|["132,114,5,443","132,194,5,3518","132,178,5,1741","132,146,5,1787"]|14:00:46:742
62|1.1|636136522338231644|0|50451.71875|18.85267177518|101.84914423485|116202|572476||50451.71875|310||30987.5|307.25|50451.71875|7804b7|CES5078|0|2062|0|||3|3|0|1|1|132|178|["132,114,5,443","132,194,5,3518","132,178,5,1741","132,146,5,1787"]|14:00:51:719
62|1.1|636136522388156636|0|50456.71875|18.86304117971|101.8522287706|116522|573628||50456.71875|310||30987.5|307.25|50456.71875|7804b7|CES5078|0|2062|0|||3|3|0|1|1|132|178|["132,114,5,443","132,194,5,3518","132,178,5,1741","132,146,5,1787"]|14:00:56:719
62|1.1|636136522438081628|0|50461.6953125|18.87328720281|101.85527039107|116837|574766||50461.6953125|310||30993.75|307.25|50461.6953125|7804b7|CES5078|0|2062|0|||3|3|0|1|1|132|194|["132,114,5,443","132,194,5,3518","132,178,5,1741","132,146,5,1787"]|14:01:01:695
62|1.1|636136522487996619|0|50466.6953125|18.88385509051|101.8586124185|117183|575940||50466.6953125|310||31000|307.25|50466.6953125|7804b7|CES5078|0|2062|0|||3|3|0|1|1|132|178|["132,114,5,443","132,194,5,3518","132,178,5,1741","132,146,5,1787"]|14:01:06:695
62|1.1|636136522537921611|0|50471.6953125|18.89438006293|101.86184715773|117519|577109||50471.6953125|310||30993.75|307.25|50471.6953125|7804b7|CES5078|0|2062|0|||3|3|0|1|1|132|178|["132,114,5,443","132,194,5,3518","132,178,5,1741","132,146,5,1787"]|14:01:11:695
62|1.1|636136522587846603|0|50476.6796875|18.90447588255|101.8649424223|117839|578231||50476.6796875|310||31000|307.25|50476.6796875|7804b7|CES5078|0|2062|0|||3|3|0|1|1|132|178|["132,114,5,443","132,194,5,3518","132,178,5,1741","132,146,5,1787"]|14:01:16:680
62|1.1|636136522637771595|0|50481.6796875|18.91463071068|101.86804841569|118161|579359||50481.6796875|310||31006.25|307.25|50481.6796875|7804b7|CES5078|0|2062|0|||3|3|0|1|1|132|178|["132,114,5,443","132,194,5,3518","132,178,5,1741","132,146,5,1787"]|14:01:21:680
62|1.1|636136522687696587|0|50486.65625|18.92297773264|101.87081645125|118448|580287||50486.65625|310||31031.25|307.25|50486.65625|7804b7|CES5078|0|2062|0|||3|3|0|1|1|132|178|["132,114,5,443","132,194,5,3518","132,178,5,1741","132,146,5,1787"]|14:01:26:656
62|1.1|636136522737611578|0|50491.65625|18.9325049248|101.87380979203|118758|581346||50491.65625|310||31037.5|307.25|50491.65625|7804b7|CES5078|0|2062|0|||3|3|0|1|1|132|194|["132,114,5,443","132,194,5,3518","132,178,5,1741","132,146,5,1787"]|14:01:31:656
62|1.1|636136522787556572|0|50496.65625|18.94231106628|101.87679240399|119067|582435||50496.65625|310||31043.75|307.25|50496.65625|7804b7|CES5078|0|2062|0|||3|3|0|1|1|132|194|["132,114,5,443","132,194,5,3518","132,178,5,1741","132,146,5,1787"]|14:01:36:656
62|1.1|636136522837451561|0|50501.640625|18.95274484373|101.87981793123|119380|583594||50501.640625|310||31031.25|307.25|50501.640625|7804b7|CES5078|0|2062|0|||3|3|0|1|1|132|178|["132,114,5,443","132,194,5,3518","132,178,5,1741","132,146,5,1787"]|14:01:41:641
62|1.1|636136522887376553|0|50506.640625|18.96400474032|101.88305267046|119715|584845||50506.640625|310||30987.5|307.25|50506.640625|7804b7|CES5078|0|2062|0|||3|3|0|1|1|132|178|["132,114,5,443","132,194,5,3518","132,178,5,1741","132,146,5,1787"]|14:01:46:641
62|1.1|636136522937301545|0|50511.6171875|18.97457799243|101.88614793503|120035|586020||50511.6171875|310||30975|307.25|50511.6171875|7804b7|CES5078|0|2062|0|||3|3|0|1|1|132|178|["132,114,5,443","132,194,5,3518","132,178,5,1741","132,146,5,1787"]|14:01:51:617
62|1.1|636136522987226537|0|50516.6171875|18.98510296485|101.88943631836|120375|587190||50516.6171875|310||30943.75|307.25|50516.6171875|7804b7|CES5078|0|2062|0|||3|3|0|1|1|132|178|["132,114,5,443","132,194,5,3518","132,178,5,1741","132,146,5,1787"]|14:01:56:617
62|1.1|636136523037151529|0|50521.6171875|18.99525242857|101.8924082015|120682|588317||50521.6171875|310||30956.25|307.25|50521.6171875|7804b7|CES5078|0|2062|0|||3|3|0|1|1|132|178|["132,114,5,443","132,194,5,3518","132,178,5,1741","132,146,5,1787"]|14:02:01:617
62|1.1|636136523087086522|0|50526.6015625|19.00555209577|101.89580923744|121035|589462||50526.6015625|310||30931.25|307.25|50526.6015625|7804b7|CES5078|0|2062|0|||3|3|0|1|1|132|147|["132,114,5,443","132,194,5,3518","132,178,5,1741","132,146,5,1787"]|14:02:06:602
62|1.1|636136523136991512|0|50531.6015625|19.015760568|101.89896887493|121362|590596||50531.6015625|310||30937.5|307.25|50531.6015625|7804b7|CES5078|0|2062|0|||3|3|0|1|1|132|178|["132,114,5,443","132,194,5,3518","132,178,5,1741","132,146,5,1787"]|14:02:11:602
62|1.1|636136523186906503|0|50536.578125|19.02600122669|101.90226262267|121703|591735||50536.578125|310||30918.75|307.25|50536.578125|7804b7|CES5078|0|2062|0|||3|3|0|1|1|132|178|["132,114,5,443","132,194,5,3518","132,178,5,1741","132,146,5,1787"]|14:02:16:578
62|1.1|636136523236831495|0|50541.578125|19.03579127494|101.90499310736|121985|592822||50541.578125|310||30950|307.25|50541.578125|7804b7|CES5078|0|2062|0|||3|3|0|1|1|132|178|["132,114,5,443","132,194,5,3518","132,178,5,1741","132,146,5,1787"]|14:02:21:578
62|1.1|636136523286756487|0|50546.578125|19.04529700946|101.90768067677|122262|593879||50546.578125|310||31012.5|307.25|50546.578125|7804b7|CES5078|0|2062|0|||3|3|0|1|1|132|178|["132,114,5,443","132,194,5,3518","132,178,5,1741","132,146,5,1787"]|14:02:26:578
62|1.1|636136523336681479|0|50551.5625|19.05447015056|101.91036288177|122540|594898||50551.5625|310||31018.75|307.25|50551.5625|7804b7|CES5078|0|2062|0|||3|3|0|1|1|132|178|["132,114,5,443","132,194,5,3518","132,178,5,1741","132,146,5,1787"]|14:02:31:563
62|1.1|636136523386596470|0|50556.5625|19.06410463092|101.91315773938|122828|595968||50556.5625|310.25||31018.75|307.25|50556.5625|7804b7|CES5078|0|2062|0|||3|3|0|1|1|132|178|["132,114,5,443","132,194,5,3518","132,178,5,1741","132,146,5,1787"]|14:02:36:563
62|1.1|636136523436531463|0|50561.5390625|19.07373374687|101.91614035134|123137|597038||50561.5390625|310.25||31031.25|307.25|50561.5390625|7804b7|CES5078|0|2062|0|||3|3|0|1|1|132|178|["132,114,5,443","132,194,5,3518","132,178,5,1741","132,146,5,1787"]|14:02:41:539
62|1.1|636136523486436453|0|50566.5390625|19.08358816804|101.91916587858|123450|598134||50566.5390625|310.25||31018.75|307.25|50566.5390625|7804b7|CES5078|0|2062|0|||3|3|0|1|1|132|178|["132,114,5,443","132,194,5,3518","132,178,5,1741","132,146,5,1787"]|14:02:46:539
62|1.1|636136523536361445|0|50571.5390625|19.09474077643|101.92241671104|123786|599373||50571.5390625|310||30987.5|307.25|50571.5390625|7804b7|CES5078|0|2062|0|||3|3|0|1|1|132|194|["132,114,5,443","132,194,5,3518","132,178,5,1741","132,146,5,1787"]|14:02:51:539
62|1.1|636136523586296438|0|50576.515625|19.10568417283|101.92571045878|124126|600589||50576.515625|310||30993.75|307.25|50576.515625|7804b7|CES5078|0|2062|0|||3|3|0|1|1|132|147|["132,114,5,443","132,194,5,3518","132,178,5,1741","132,146,5,1787"]|14:02:56:516
62|1.1|636136523636211429|0|50581.515625|19.11492705126|101.92866088428|124431|601616||50581.515625|310||31000|307.25|50581.515625|7804b7|CES5078|0|2062|0|||3|3|0|1|1|132|178|["132,114,5,443","132,194,5,3518","132,178,5,1741","132,146,5,1787"]|14:03:01:516
62|1.1|636136523686126420|0|50586.5|19.12493167591|101.93170786916|124746|602728||50586.5|310||31000|307.25|50586.5|7804b7|CES5078|0|2062|0|||3|3|0|1|1|132|178|["132,114,5,443","132,194,5,3518","132,178,5,1741","132,146,5,1787"]|14:03:06:500
62|1.1|636136523736041411|0|50591.5|19.13458761391|101.93468511671|125054|603802||50591.5|310||31006.25|307.25|50591.5|7804b7|CES5078|0|2062|0|||3|3|0|1|1|132|178|["132,114,5,443","132,194,5,3518","132,178,5,1741","132,146,5,1787"]|14:03:11:500
62|1.1|636136523785966403|0|50596.5|19.14548273062|101.93793058476|125389|605013||50596.5|310||31000|307.25|50596.5|7804b7|CES5078|0|2062|0|||3|3|0|1|1|132|178|["132,114,5,443","132,194,5,3518","132,178,5,1741","132,146,5,1787"]|14:03:16:500
62|1.1|636136523835891395|0|50601.4765625|19.15570193167|101.94102048492|125708|606148||50601.4765625|310||31000|310|50601.4765625|7804b7|CES5078|0|2062|0|||3|3|0|1|1|132|178|["132,114,5,443","132,194,5,3518","132,178,5,1741","132,146,5,1787"]|14:03:21:477
62|1.1|636136523885816387|0|50606.4765625|19.16485897954|101.94395481719|126011|607166||50606.4765625|310||31006.25|310|50606.4765625|7804b7|CES5078|0|2062|0|||3|3|0|1|1|132|178|["132,114,5,443","132,194,5,3518","132,178,5,1741","132,146,5,1787"]|14:03:26:477
62|1.1|636136523935741379|0|50611.4609375|19.17490115506|101.94699107325|126325|608282||50611.4609375|310||31012.5|310|50611.4609375|7804b7|CES5078|0|2062|0|||3|3|0|1|1|132|178|["132,114,5,443","132,194,5,3518","132,178,5,1741","132,146,5,1787"]|14:03:31:461
62|1.1|636136523985656370|0|50616.4609375|19.18505598319|101.95003805813|126640|609411||50616.4609375|310||31018.75|310|50616.4609375|7804b7|CES5078|0|2062|0|||3|3|0|1|1|132|178|["132,114,5,443","132,194,5,3518","132,178,5,1741","132,146,5,1787"]|14:03:36:461
62|1.1|636136524035571361|0|50621.4609375|19.19520544691|101.95319233121|126966|610539||50621.4609375|310||31006.25|310|50621.4609375|7804b7|CES5078|0|2062|0|||3|3|0|1|1|132|178|["132,114,5,443","132,194,5,3518","132,178,5,1741","132,146,5,1787"]|14:03:41:461
62|1.1|636136524085496353|0|50626.4375|19.20631514002|101.95640024839|127296|611774||50626.4375|310||30968.75|310|50626.4375|7804b7|CES5078|0|2062|0|||3|3|0|1|1|132|178|["132,114,5,443","132,194,5,3518","132,178,5,1741","132,146,5,1787"]|14:03:46:438
62|1.1|636136524135421345|0|50631.4375|19.21664162927|101.95956525029|127623|612922||50631.4375|310||30962.5|310|50631.4375|7804b7|CES5078|0|2062|0|||3|3|0|1|1|132|178|["132,114,5,443","132,194,5,3518","132,178,5,1741","132,146,5,1787"]|14:03:51:438
62|1.1|636136524185346337|0|50636.421875|19.22697348293|101.96293409977|127971|614070||50636.421875|310||30931.25|310|50636.421875|7804b7|CES5078|0|2062|0|||3|3|0|1|1|132|178|["132,114,5,443","132,194,5,3518","132,178,5,1741","132,146,5,1787"]|14:03:56:422
62|1.1|636136524235261328|0|50641.421875|19.23722487044|101.96607764403|128296|615210||50641.421875|310||30918.75|310|50641.421875|7804b7|CES5078|0|2062|0|||3|3|0|1|1|132|178|["132,114,5,443","132,194,5,3518","132,178,5,1741","132,146,5,1787"]|14:04:01:422
62|1.1|636136524285186320|0|50646.421875|19.2472885036|101.96910317127|128608|616328||50646.421875|310||30925|310|50646.421875|7804b7|CES5078|0|2062|0|||3|3|0|1|1|132|178|["132,114,5,443","132,194,5,3518","132,178,5,1741","132,146,5,1787"]|14:04:06:422
62|1.1|636136524335111312|0|50651.3984375|19.25731458589|101.97200531708|128907|617443||50651.3984375|310||30925|310|50651.3984375|7804b7|CES5078|0|2062|0|||3|3|0|1|1|132|178|["132,114,5,443","132,194,5,3518","132,178,5,1741","132,146,5,1787"]|14:04:11:398
62|1.1|636136524385026303|0|50656.3984375|19.26698125271|101.97500938668|129217|618517||50656.3984375|309.75||30956.25|310|50656.3984375|7804b7|CES5078|0|2062|0|||3|3|0|1|1|132|178|["132,114,5,443","132,194,5,3518","132,178,5,1741","132,146,5,1787"]|14:04:16:398
62|1.1|636136524434951295|0|50661.375|19.27698051295|101.97799736305|129525|619629||50661.375|310||30950|310|50661.375|7804b7|CES5078|0|2062|0|||3|3|0|1|1|132|178|["132,114,5,443","132,194,5,3518","132,178,5,1741","132,146,5,1787"]|14:04:21:375
62|1.1|636136524484866286|0|50666.375|19.286663273|101.98077612743|129811|620705||50666.375|310||30981.25|309.75|50666.375|7804b7|CES5078|0|2062|0|||3|3|0|1|1|132|194|["132,114,5,443","132,194,5,3518","132,178,5,1741","132,146,5,1787"]|14:04:26:375
62|1.1|636136524534791278|0|50671.375|19.29673763498|101.98388212082|130132|621825||50671.375|309.75||30968.75|309.75|50671.375|7804b7|CES5078|0|2062|0|||3|3|0|1|1|132|178|["132,114,5,443","132,194,5,3518","132,178,5,1741","132,146,5,1787"]|14:04:31:375
62|1.1|636136524584716270|0|50676.359375|19.30678517491|101.98690764806|130444|622942||50676.359375|309.75||30956.25|309.75|50676.359375|7804b7|CES5078|0|2062|0|||3|3|0|1|1|132|178|["132,114,5,443","132,194,5,3518","132,178,5,1741","132,146,5,1787"]|14:04:36:359
62|1.1|636136524634661264|0|50681.359375|19.31655376552|101.98995463294|130758|624028||50681.359375|309.75||30962.5|309.75|50681.359375|7804b7|CES5078|0|2062|0|||3|3|0|1|1|132|178|["132,114,5,443","132,194,5,3518","132,178,5,1741","132,146,5,1787"]|14:04:41:359
62|1.1|636136524684566254|0|50686.3359375|19.32632772054|101.99298016018|131070|625115||50686.3359375|309.75||30962.5|309.75|50686.3359375|7804b7|CES5078|0|2062|0|||3|3|0|1|1|132|178|["132,114,5,443","132,194,5,3518","132,178,5,1741","132,146,5,1787"]|14:04:46:336
62|1.1|636136524734481245|0|50691.3359375|19.33625187904|101.99605933152|131388|626218||50691.3359375|309.75||30956.25|309.75|50691.3359375|7804b7|CES5078|0|2062|0|||3|3|0|1|1|132|178|["132,114,5,443","132,194,5,3518","132,178,5,1741","132,146,5,1787"]|14:04:51:336
62|1.1|636136524784396236|0|50696.3359375|19.3463155122|101.99918141814|131710|627337||50696.3359375|309.75||30950|309.75|50696.3359375|7804b7|CES5078|0|2062|0|||3|3|0|1|1|132|194|["132,114,5,443","132,194,5,3518","132,178,5,1741","132,146,5,1787"]|14:04:56:336
62|1.1|636136524834321228|0|50701.3203125|19.35640596741|102.00226058948|132027|628459||50701.3203125|309.75||30931.25|309.75|50701.3203125|7804b7|CES5078|0|2062|0|||3|3|0|1|1|132|178|["132,114,5,443","132,194,5,3518","132,178,5,1741","132,146,5,1787"]|14:05:01:320
62|1.1|636136524884246220|0|50706.3203125|19.36653397349|102.00535585405|132346|629585||50706.3203125|309.75||30918.75|309.75|50706.3203125|7804b7|CES5078|0|2062|0|||3|3|0|1|1|132|194|["132,114,5,443","132,194,5,3518","132,178,5,1741","132,146,5,1787"]|14:05:06:320
62|1.1|636136524934171212|0|50711.296875|19.3763562082|102.00846184744|132667|630677||50711.296875|309.75||30918.75|309.75|50711.296875|7804b7|CES5078|0|2062|0|||3|3|0|1|1|132|194|["132,114,5,443","132,194,5,3518","132,178,5,1741","132,146,5,1787"]|14:05:11:297
62|1.1|636136524984106205|0|50716.296875|19.38659686689|102.01137472207|132966|631815||50716.296875|309.75||30968.75|309.75|50716.296875|7804b7|CES5078|0|2062|0|||3|3|0|1|1|132|178|["132,114,5,443","132,194,5,3518","132,178,5,1741","132,146,5,1787"]|14:05:16:297
62|1.1|636136525034011195|0|50721.296875|19.39653175421|102.0143948849|133277|632920||50721.296875|309.75||30975|309.75|50721.296875|7804b7|CES5078|0|2062|0|||3|3|0|1|1|132|147|["132,114,5,443","132,194,5,3518","132,178,5,1741","132,146,5,1787"]|14:05:21:297
62|1.1|636136525083926186|0|50726.28125|19.40647200594|102.01742041214|133589|634025||50726.28125|309.75||30981.25|309.75|50726.28125|7804b7|CES5078|0|2062|0|||3|3|0|1|1|132|178|["132,114,5,443","132,194,5,3518","132,178,5,1741","132,146,5,1787"]|14:05:26:281
62|1.1|636136525133851178|0|50731.28125|19.41636934239|102.02048349025|133905|635126||50731.28125|309.75||30987.5|309.75|50731.28125|7804b7|CES5078|0|2062|0|||3|3|0|1|1|132|178|["132,114,5,443","132,194,5,3518","132,178,5,1741","132,146,5,1787"]|14:05:31:281
62|1.1|636136525183776170|0|50736.2578125|19.42556930554|102.02333199196|134198|636148||50736.2578125|309.75||31000|309.75|50736.2578125|7804b7|CES5078|0|2062|0|||3|3|0|1|1|132|178|["132,114,5,443","132,194,5,3518","132,178,5,1741","132,146,5,1787"]|14:05:36:258
62|1.1|636136525233691161|0|50741.2578125|19.43533789615|102.02634142597|134508|637234||50741.2578125|309.75||31006.25|309.75|50741.2578125|7804b7|CES5078|0|2062|0|||3|3|0|1|1|132|178|["132,114,5,443","132,194,5,3518","132,178,5,1741","132,146,5,1787"]|14:05:41:258
62|1.1|636136525283616153|0|50746.2578125|19.44537470726|102.02939913967|134823|638351||50746.2578125|309.5||31000|309.75|50746.2578125|7804b7|CES5078|0|2062|0|||3|3|0|1|1|132|194|["132,114,5,443","132,194,5,3518","132,178,5,1741","132,146,5,1787"]|14:05:46:258
62|1.1|636136525333541145|0|50751.2421875|19.45574411179|102.0324729466|135139|639504||50751.2421875|309.5||30981.25|309.5|50751.2421875|7804b7|CES5078|0|2062|0|||3|3|0|1|1|132|178|["132,114,5,443","132,194,5,3518","132,178,5,1741","132,146,5,1787"]|14:05:51:242
62|1.1|636136525383456136|0|50756.2421875|19.4666392285|102.03547165179|135447|640715||50756.2421875|309.75||30950|309.5|50756.2421875|7804b7|CES5078|0|2062|0|||3|3|0|1|1|132|178|["132,114,5,443","132,194,5,3518","132,178,5,1741","132,146,5,1787"]|14:05:56:242
62|1.1|636136525433381128|0|50761.21875|19.47669213284|102.03879222158|135789|641833||50761.21875|309.75||30931.25|309.5|50761.21875|7804b7|CES5078|0|2062|0|||3|3|0|1|1|132|194|["132,114,5,443","132,194,5,3518","132,178,5,1741","132,146,5,1787"]|14:06:01:219
62|1.1|636136525483306120|0|50766.21875|19.4869166983|102.04185529969|136105|642970||50766.21875|309.75||30968.75|309.75|50766.21875|7804b7|CES5078|0|2062|0|||3|3|0|1|1|132|194|["132,114,5,443","132,194,5,3518","132,178,5,1741","132,146,5,1787"]|14:06:06:219
62|1.1|636136525533231112|0|50771.21875|19.49703397556|102.04490228457|136418|644095||50771.21875|309.75||30975|309.75|50771.21875|7804b7|CES5078|0|2062|0|||3|3|0|1|1|132|178|["132,114,5,443","132,194,5,3518","132,178,5,1741","132,146,5,1787"]|14:06:11:219
62|1.1|636136525583146103|0|50776.1953125|19.50589598088|102.04778297274|136715|645081||50776.1953125|309.75||30987.5|309.75|50776.1953125|7804b7|CES5078|0|2062|0|||3|3|0|1|1|132|194|["132,114,5,443","132,194,5,3518","132,178,5,1741","132,146,5,1787"]|14:06:16:195
62|1.1|636136525633071095|0|50781.1953125|19.5163673092|102.05091578818|137037|646245||50781.1953125|309.75||30975|309.75|50781.1953125|7804b7|CES5078|0|2062|0|||3|3|0|1|1|132|147|["132,114,5,443","132,194,5,3518","132,178,5,1741","132,146,5,1787"]|14:06:21:195
62|1.1|636136525682996087|0|50786.1796875|19.52631828975|102.05396813747|137351|647352||50786.1796875|309.75||30981.25|309.75|50786.1796875|7804b7|CES5078|0|2062|0|||3|3|0|1|1|132|194|["132,114,5,443","132,194,5,3518","132,178,5,1741","132,146,5,1787"]|14:06:26:180
62|1.1|636136525732911078|0|50791.1796875|19.5357328293|102.05689174092|137652|648399||50791.1796875|309.75||30981.25|309.75|50791.1796875|7804b7|CES5078|0|2062|0|||3|3|0|1|1|132|178|["132,114,5,443","132,194,5,3518","132,178,5,1741","132,146,5,1787"]|14:06:31:180
62|1.1|636136525782836070|0|50796.1796875|19.54638654756|102.06007820046|137980|649583||50796.1796875|309.75||30975|309.75|50796.1796875|7804b7|CES5078|0|2062|0|||3|3|0|1|1|132|194|["132,114,5,443","132,194,5,3518","132,178,5,1741","132,146,5,1787"]|14:06:36:180
62|1.1|636136525832761062|0|50801.15625|19.55642335867|102.06315200739|138296|650699||50801.15625|309.75||30968.75|309.75|50801.15625|7804b7|CES5078|0|2062|0|||3|3|0|1|1|132|194|["132,114,5,443","132,194,5,3518","132,178,5,1741","132,146,5,1787"]|14:06:41:156
62|1.1|636136525882676053|0|50806.15625|19.56547848275|102.06607561084|138597|651707||50806.15625|309.75||30981.25|309.75|50806.15625|7804b7|CES5078|0|2062|0|||3|3|0|1|1|132|194|["132,114,5,443","132,194,5,3518","132,178,5,1741","132,146,5,1787"]|14:06:46:156
62|1.1|636136525932601045|0|50811.140625|19.57535436156|102.06910113808|138908|652805||50811.140625|309.75||30993.75|309.75|50811.140625|7804b7|CES5078|0|2062|0|||3|3|0|1|1|132|194|["132,114,5,443","132,194,5,3518","132,178,5,1741","132,146,5,1787"]|14:06:51:141
62|1.1|636136525982516036|0|50816.140625|19.58532679975|102.07214812296|139221|653914||50816.140625|310||30993.75|310|50816.140625|7804b7|CES5078|0|2062|0|||3|3|0|1|1|132|194|["132,114,5,443","132,194,5,3518","132,178,5,1741","132,146,5,1787"]|14:06:56:141
62|1.1|636136526032461030|0|50821.140625|19.59605561975|102.07527557399|139542|655107||50821.140625|310||30975|310|50821.140625|7804b7|CES5078|0|2062|0|||3|3|0|1|1|132|194|["132,114,5,443","132,194,5,3518","132,178,5,1741","132,146,5,1787"]|14:07:01:141
62|1.1|636136526082366020|0|50826.1171875|19.60612998173|102.07826891477|139850|656228||50826.1171875|310||31006.25|310|50826.1171875|7804b7|CES5078|0|2062|0|||3|3|0|1|1|132|194|["132,194,5,3518","132,178,5,1741","132,146,5,1787"]|14:07:06:117
62|1.1|636136526132281011|0|50831.1171875|19.61667104738|102.08154120487|140186|657400||50831.1171875|310||30987.5|310|50831.1171875|7804b7|CES5078|0|2062|0|||3|3|0|1|1|132|194|["132,194,5,3518","132,178,5,1741","132,146,5,1787"]|14:07:11:117
62|1.1|636136526182206003|0|50836.1015625|19.62689024843|102.08481349497|140523|658537||50836.1015625|310||30987.5|310|50836.1015625|7804b7|CES5078|0|2062|0|||3|3|0|1|1|132|194|["132,194,5,3518","132,178,5,1741","132,146,5,1787"]|14:07:16:102
62|1.1|636136526232130995|0|50841.1015625|19.63729720383|102.0883700988|140889|659695||50841.1015625|310||30956.25|310|50841.1015625|7804b7|CES5078|0|2062|0|||3|3|0|1|1|132|194|["132,194,5,3518","132,178,5,1741","132,146,5,1787"]|14:07:21:102
62|1.1|636136526282065988|0|50846.1015625|19.64745203196|102.09143854132|141204|660824||50846.1015625|310||30956.25|310|50846.1015625|7804b7|CES5078|0|2062|0|||3|3|0|1|1|132|194|["132,194,5,3518","132,146,5,1787"]|14:07:26:102
62|1.1|636136526331970978|0|50851.078125|19.65766050419|102.09460890763|141530|661959||50851.078125|310||30943.75|310|50851.078125|7804b7|CES5078|0|2062|0|||3|3|0|1|1|132|194|["132,194,5,3518","132,146,5,1787"]|14:07:31:078
62|1.1|636136526381895970|0|50856.078125|19.66772413735|102.09747350257|141824|663079||50856.078125|310||30956.25|310|50856.078125|7804b7|CES5078|0|2062|0|||3|3|0|1|1|132|194|["132,194,5,3518","132,146,5,1787"]|14:07:36:078
62|1.1|636136526431810961|0|50861.0625|19.67765902467|102.10068678416|142154|664184||50861.0625|310||30962.5|310|50861.0625|7804b7|CES5078|0|2062|0|||3|3|0|1|1|132|194|["132,194,5,3518","132,146,5,1787"]|14:07:41:063
62|1.1|636136526481755955|0|50866.0625|19.68756172553|102.10363720966|142457|665285||50866.0625|310||30987.5|310|50866.0625|7804b7|CES5078|0|2062|0|||3|3|0|1|1|132|194|["132,194,5,3518","132,146,5,1787"]|14:07:46:063
62|1.1|636136526531670946|0|50871.0625|19.69783457068|102.10646425373|142746|666428||50871.0625|310||31006.25|310|50871.0625|7804b7|CES5078|0|2062|0|||3|3|0|1|1|132|147|["132,194,5,3518","132,146,5,1787"]|14:07:51:063
62|1.1|636136526581595938|0|50876.0390625|19.70674485569|102.10915718755|143023|667419||50876.0390625|310||31025|310|50876.0390625|7804b7|CES5078|0|2062|0|||3|3|0|1|1|132|194|["132,194,5,3518","132,146,5,1787"]|14:07:56:039
62|1.1|636136526631500928|0|50881.0390625|19.71695869233|102.1121880792|143334|668555||50881.0390625|310||31025|310|50881.0390625|7804b7|CES5078|0|2062|0|||3|3|0|1|1|132|194|["132,194,5,3518","132,146,5,1787"]|14:08:01:039
62|1.1|636136526681425920|0|50886.015625|19.72711888487|102.11526725054|143650|669686||50886.015625|310||31025|310|50886.015625|7804b7|CES5078|0|2062|0|||3|3|0|1|1|132|194|["132,194,5,3518","132,146,5,1787"]|14:08:06:016
62|1.1|636136526731350912|0|50891.015625|19.73720397567|102.1182498625|143956|670807||50891.015625|310||31031.25|310|50891.015625|7804b7|CES5078|0|2062|0|||3|3|0|1|1|132|194|["132,194,5,3518","132,146,5,1787"]|14:08:11:016
62|1.1|636136526781265903|0|50896.015625|19.747466092|102.12145777968|144285|671949||50896.015625|310||31012.5|310|50896.015625|7804b7|CES5078|0|2062|0|||3|3|0|1|1|132|194|["132,194,5,3518","132,146,5,1787"]|14:08:16:016
62|1.1|636136526831190895|0|50901|19.7574975387|102.12458523071|144606|673065||50901|310||31012.5|310|50901|7804b7|CES5078|0|2062|0|||3|3|0|1|1|132|194|["132,194,5,3518","132,146,5,1787"]|14:08:21:000
62|1.1|636136526881115887|0|50906|19.76767382447|102.12768585969|144924|674197||50906|310||31000|310|50906|7804b7|CES5078|0|2062|0|||3|3|0|1|1|132|194|["132,194,5,3518","132,146,5,1787"]|14:08:26:000
62|1.1|636136526931030878|0|50910.9765625|19.77799494931|102.13090450569|145254|675345||50910.9765625|310||30968.75|310|50910.9765625|7804b7|CES5078|0|2062|0|||3|3|0|1|1|132|194|["132,194,5,3518","132,146,5,1787"]|14:08:30:977
62|1.1|636136526980955870|0|50915.9765625|19.78803176042|102.13405877877|145578|676462||50915.9765625|310||30968.75|310|50915.9765625|7804b7|CES5078|0|2062|0|||3|3|0|1|1|132|194|["132,194,5,3518","132,146,5,1787"]|14:08:35:977
62|1.1|636136527030880862|0|50920.9765625|19.7979988342|102.13730961123|145912|677571||50920.9765625|310||30975|310|50920.9765625|7804b7|CES5078|0|2062|0|||3|3|0|1|1|132|194|["132,194,5,3518","132,146,5,1787"]|14:08:40:977
62|1.1|636136527080805854|0|50925.9609375|19.80775669599|102.14016347735|146205|678657||50925.9609375|310||31012.5|310|50925.9609375|7804b7|CES5078|0|2062|0|||3|3|0|1|1|132|194|["132,194,5,3518","132,146,5,1787"]|14:08:45:961
62|1.1|636136527130720845|0|50930.9609375|19.81815292257|102.14321046223|146517|679813||50930.9609375|309.75||30975|310|50930.9609375|7804b7|CES5078|0|2062|0|||3|3|0|1|1|132|147|["132,194,5,3518","132,146,5,1787"]|14:08:50:961
62|1.1|636136527180645837|0|50935.9375|19.8282004625|102.14605359953|146807|680931||50935.9375|309.75||30968.75|309.75|50935.9375|7804b7|CES5078|0|2062|0|||3|3|0|1|1|132|194|["132,194,5,3518","132,146,5,1787"]|14:08:55:938
62|1.1|636136527230580830|0|50940.9375|19.83860205349|102.14884309273|147093|682088||50940.9375|309.75||30925|309.75|50940.9375|7804b7|CES5078|0|2062|0|||3|3|0|1|1|132|194|["132,194,5,3518","132,146,5,1787"]|14:09:00:938
62|1.1|636136527280505822|0|50945.9375|19.84913775473|102.15148774686|147362|683259||50945.9375|309.75||30868.75|309.75|50945.9375|7804b7|CES5078|0|2062|0|||3|3|0|1|1|132|194|["132,194,5,3518","132,146,5,1787"]|14:09:05:938
62|1.1|636136527330420813|0|50950.921875|19.85958762541|102.15301660371|147515|684421||50950.921875|310||30868.75|310|50950.921875|7804b7|CES5078|0|2062|0|||3|3|0|1|1|132|194|["132,194,5,3518","132,146,5,1787"]|14:09:10:922
62|1.1|636136527380355806|0|50955.921875|19.87034863187|102.15361205322|147569|685616||50955.921875|310||30862.5|310|50955.921875|7804b7|CES5078|0|2062|0|||3|3|0|1|1|132|194|["132,194,5,3518","132,146,5,1787"]|14:09:15:922
62|1.1|636136527430250795|0|50960.8984375|19.88099698572|102.15347794297|147546|686799||50960.8984375|310||30868.75|310|50960.8984375|7804b7|CES5078|0|2062|0|||3|3|0|1|1|132|194|["132,194,5,3518","132,146,5,1787"]|14:09:20:898
62|1.1|636136527480165786|0|50965.8984375|19.89122155118|102.15235678128|147420|687933||50965.8984375|310||30993.75|310|50965.8984375|7804b7|CES5078|0|2062|0|||3|3|0|1|1|132|194|["132,194,5,3518","132,146,5,1787"]|14:09:25:898
62|1.1|636136527530090778|0|50970.8984375|19.900888218|102.15225485749|147402|689007||50970.8984375|310||31025|310|50970.8984375|7804b7|CES5078|0|2062|0|||3|3|0|1|1|132|194|["132,194,5,3518","132,146,5,1787"]|14:09:30:898
62|1.1|636136527580015770|0|50975.875|19.9107050883|102.15191689966|147359|690096||50975.875|310||31031.25|310|50975.875|7804b7|CES5078|0|2062|0|||3|3|0|1|1|132|194|["132,194,5,3518","132,146,5,1787"]|14:09:35:875
62|1.1|636136527629930761|0|50980.875|19.92158411178|102.15146628922|147303|691304||50980.875|310||31006.25|310|50980.875|7804b7|CES5078|0|2062|0|||3|3|0|1|1|132|194|["132,194,5,3518","132,146,5,1787"]|14:09:40:875
62|1.1|636136527679855753|0|50985.859375|19.93315514415|102.15035585635|147177|692588||50985.859375|310||31000|310|50985.859375|7804b7|CES5078|0|2062|0|||3|3|0|1|1|132|194|["132,194,5,3518","132,146,5,1787"]|14:09:45:859
62|1.1|636136527729790746|0|50990.859375|19.94231219202|102.14981405094|147113|693605||50990.859375|310||31006.25|310|50990.859375|7804b7|CES5078|0|2062|0|||3|3|0|1|1|132|194|["132,194,5,3518","132,146,5,1787"]|14:09:50:859
62|1.1|636136527779715738|0|50995.859375|19.95285325767|102.14746443936|146858|694773||50995.859375|310||31012.5|310|50995.859375|7804b7|CES5078|0|2062|0|||3|3|0|1|1|132|147|["132,194,5,3518","132,146,5,1787"]|14:09:55:859
62|1.1|636136527829620728|0|51000.8359375|19.96283106027|102.14512019219|146604|695880||51000.8359375|310||31006.25|310|51000.8359375|7804b7|CES5078|0|2062|0|||3|3|0|1|1|132|147|["132,194,5,3518","132,146,5,1787"]|14:10:00:836
62|1.1|636136527879545720|0|51005.8359375|19.97202565901|102.14271693651|146345|696899||51005.8359375|310||30993.75|310|51005.8359375|7804b7|CES5078|0|2062|0|||3|3|0|1|1|132|194|["132,194,5,3518","132,146,5,1787"]|14:10:05:836
62|1.1|636136527929480713|0|51010.8203125|19.98218585155|102.13984697716|146036|698025||51010.8203125|310||30987.5|310|51010.8203125|7804b7|CES5078|0|2062|0|||3|3|0|1|1|132|194|["132,194,5,3518","132,146,5,1787"]|14:10:10:820
62|1.1|636136527979385703|0|51015.8203125|19.99234604409|102.13663369557|145690|699151||51015.8203125|310||30981.25|310|51015.8203125|7804b7|CES5078|0|2062|0|||3|3|0|1|1|132|194|["132,194,5,3518","132,146,5,1787"]|14:10:15:820
62|1.1|636136528029310695|0|51020.8203125|20.00348255925|102.13313610025|145314|700385||51020.8203125|310||30962.5|310|51020.8203125|7804b7|CES5078|0|2062|0|||3|3|0|1|1|132|194|["132,194,5,3518","132,146,5,1787"]|14:10:20:820
62|1.1|636136528079235687|0|51025.796875|20.01314386166|102.12942929294|144917|701455||51025.796875|310||30987.5|310|51025.796875|7804b7|CES5078|0|2062|0|||3|3|0|1|1|132|194|["132,194,5,3518","132,146,5,1787"]|14:10:25:797
62|1.1|636136528129160679|0|51030.796875|20.02209169754|102.12558301097|144507|702446||51030.796875|310||31006.25|310|51030.796875|7804b7|CES5078|0|2062|0|||3|3|0|1|1|132|194|["132,194,5,3518","132,146,5,1787"]|14:10:30:797
62|1.1|636136528179075670|0|51035.78125|20.03294926338|102.12108763539|144027|703649||51035.78125|310||31000|310|51035.78125|7804b7|CES5078|0|2062|0|||3|3|0|1|1|132|194|["132,194,5,3518","132,146,5,1787"]|14:10:35:781
62|1.1|636136528229000662|0|51040.78125|20.04369954102|102.11595925943|143480|704839||51040.78125|310||31006.25|310|51040.78125|7804b7|CES5078|0|2062|0|||3|3|0|1|1|132|147|["132,194,5,3518","132,146,5,1787"]|14:10:40:781
62|1.1|636136528278925654|0|51045.78125|20.05266883454|102.11217198597|143076|705832||51045.78125|310||31000|310|51045.78125|7804b7|CES5078|0|2062|0|||3|3|0|1|1|132|194|["132,194,5,3518","132,146,5,1787"]|14:10:45:781
62|1.1|636136528328860647|0|51050.7578125|20.06292022205|102.10774634772|142604|706967||51050.7578125|310||31000|310|51050.7578125|7804b7|CES5078|0|2062|0|||3|3|0|1|1|132|194|["132,194,5,3518","132,146,5,1787"]|14:10:50:758
62|1.1|636136528378765637|0|51055.7578125|20.07205044787|102.1037123114|142173|707979||51055.7578125|310||31012.5|310|51055.7578125|7804b7|CES5078|0|2062|0|||3|3|0|1|1|132|194|["132,194,5,3518","132,146,5,1787"]|14:10:55:758
62|1.1|636136528428690629|0|51060.7421875|20.08179221643|102.09959780893|141734|709058||51060.7421875|310||31012.5|310|51060.7421875|7804b7|CES5078|0|2062|0|||3|3|0|1|1|132|194|["132,194,5,3518","132,146,5,1787"]|14:11:00:742
62|1.1|636136528478605620|0|51065.7421875|20.09106728132|102.09545112|141292|710085||51065.7421875|310||31012.5|310|51065.7421875|7804b7|CES5078|0|2062|0|||3|3|0|1|1|132|194|["132,194,5,3518","132,146,5,1787"]|14:11:05:742
