62|1.1|636136515583366225|0|49776.2421875|8.13997719164|98.24569837673|-276536|-612787||49776.2421875|39.5||3968.75|38.25|49776.2421875|78083c|CSZ9038|0|2646|925|||3|3|1|1|1|132|83|["132,66,2"]|13:49:36:242
62|1.1|636136515633281216|0|49781.2421875|8.14643057687|98.2445021133|-276662|-612070||49781.2421875|41||4131.25|39.25|49781.2421875|78083c|CSZ9038|0|2646|981.25|||3|3|1|1|1|132|66|["132,66,2"]|13:49:41:242
62|1.1|636136515683206208|0|49786.21875|8.15295906384|98.24398176553|-276713|-611345||49786.21875|42||4243.75|40.25|49786.21875|78083c|CSZ9038|0|2646|1143.75|||3|3|1|1|1|132|66|["132,66,2"]|13:49:46:219
62|1.1|636136515733131200|0|49791.21875|8.15933734733|98.24430899454|-276671|-610638||49791.21875|44||4406.25|42.25|49791.21875|78083c|CSZ9038|0|2646|1712.5|||3|3|1|1|1|132|66|["132,66,2"]|13:49:51:219
62|1.1|636136515783046191|0|49796.21875|8.16535085094|98.24457721504|-276636|-609972||49796.21875|46||4581.25|44.75|49796.21875|78083c|CSZ9038|0|2646|2162.5|||3|3|1|1|1|132|66|["132,66,4"]|13:49:56:219
62|1.1|636136515832971183|0|49801.1953125|8.17142872747|98.24617044481|-276455|-609299||49801.1953125|48.5||4875|47.25|49801.1953125|78083c|CSZ9038|0|2646|2481.25|||3|3|1|1|1|132|66|["132,66,5"]|13:50:01:195
62|1.1|636136515882896175|0|49806.1953125|8.17716328176|98.24957148075|-276074|-608666||49806.1953125|50.75||5087.5|49.5|49806.1953125|78083c|CSZ9038|0|2646|2600|||3|3|1|1|1|132|66|["132,66,5"]|13:50:06:195
62|1.1|636136515932811166|0|49811.1796875|8.18290320046|98.2511539817|-275893|-608031||49811.1796875|53.25||5343.75|52.25|49811.1796875|78083c|CSZ9038|0|2646|2775|||3|3|1|1|1|132|66|["132,66,5"]|13:50:11:180
62|1.1|636136515982736158|0|49816.1796875|8.18923856867|98.25180307531|-275816|-607329||49816.1796875|56||5618.75|54.5|49816.1796875|78083c|CSZ9038|0|2646|2893.75|||3|3|1|1|1|132|66|["132,66,5"]|13:50:16:180
62|1.1|636136516032651149|0|49821.1796875|8.19505358911|98.25314954222|-275662|-606685||49821.1796875|56.25||5875|56.75|49821.1796875|78083c|CSZ9038|0|2646|2893.75|||3|3|1|1|1|132|83|["132,66,5"]|13:50:21:180
62|1.1|636136516082596143|0|49826.15625|8.20085788073|98.25447455149|-275510|-606043||49826.15625|58.75||6143.75|59.75|49826.15625|78083c|CSZ9038|0|2646|3031.25|||3|3|1|1|1|132|66|["132,66,5"]|13:50:26:156
62|1.1|636136516132501133|0|49831.15625|8.20719324894|98.25502708572|-275443|-605341||49831.15625|61.5||6437.5|62.5|49831.15625|78083c|CSZ9038|0|2646|3131.25|||3|3|1|1|1|132|66|["132,66,5"]|13:50:31:156
62|1.1|636136516182426125|0|49836.140625|8.21342132895|98.256142883|-275314|-604651||49836.140625|64.25||6743.75|65.5|49836.140625|78083c|CSZ9038|0|2646|3187.5|||3|3|1|1|1|132|66|["132,66,5"]|13:50:36:141
62|1.1|636136516232341116|0|49841.140625|8.22056672307|98.25414732248|-275528|-603857||49841.140625|69.5||7025|68.5|49841.140625|78083c|CSZ9038|0|2646|3306.25|||3|3|1|1|1|132|83|["132,66,5"]|13:50:41:141
62|1.1|636136516282266108|0|49846.140625|8.22604378568|98.25349286446|-275595|-603249||49846.140625|71.75||7237.5|70.75|49846.140625|78083c|CSZ9038|0|2646|3131.25|||3|3|1|1|1|132|83|["132,66,5"]|13:50:46:141
62|1.1|636136516332181099|0|49851.1171875|8.23199828078|98.25154558363|-275805|-602587||49851.1171875|74||7512.5|73.25|49851.1171875|78083c|CSZ9038|0|2646|3087.5|||3|3|1|1|1|132|83|["132,66,5"]|13:50:51:117
62|1.1|636136516382106091|0|49856.1171875|8.23814589464|98.2498665233|-275985|-601904||49856.1171875|76.5||7787.5|76.25|49856.1171875|78083c|CSZ9038|0|2646|3087.5|||3|3|1|1|1|132|83|["132,66,5"]|13:50:56:117
62|1.1|636136516432031083|0|49861.1015625|8.24395555067|98.24827329353|-276155|-601258||49861.1015625|78.75||7981.25|78.25|49861.1015625|78083c|CSZ9038|0|2646|2856.25|||3|3|1|1|1|132|83|["132,66,5"]|13:51:01:102
62|1.1|636136516481956075|0|49866.1015625|8.24997441869|98.2467015214|-276323|-600589||49866.1015625|81.5||8237.5|81.25|49866.1015625|78083c|CSZ9038|0|2646|3068.75|||3|3|1|1|1|132|83|["132,82,5","132,66,5"]|13:51:06:102
62|1.1|636136516531871066|0|49871.1015625|8.25604693081|98.24520485101|-276483|-599914||49871.1015625|84||8525|84.25|49871.1015625|78083c|CSZ9038|0|2646|3268.75|||3|3|1|1|1|132|83|["132,82,5","132,66,5"]|13:51:11:102
62|1.1|636136516581796058|0|49876.078125|8.26212480734|98.24331657869|-276686|-599238||49876.078125|86.5||8812.5|86.5|49876.078125|78083c|CSZ9038|0|2646|3268.75|||3|3|1|1|1|132|83|["132,82,5","132,66,5"]|13:51:16:078
62|1.1|636136516631711049|0|49881.078125|8.26809003126|98.24190037445|-276837|-598576||49881.078125|89.25||9037.5|88.75|49881.078125|78083c|CSZ9038|0|2646|3050|||3|3|1|1|1|132|83|["132,82,5","132,66,5"]|13:51:21:078
62|1.1|636136516681636041|0|49886.0625|8.27400161108|98.24014621238|-277025|-597918||49886.0625|91.25||9268.75|91.25|49886.0625|78083c|CSZ9038|0|2646|2875|||3|3|1|1|1|132|83|["132,82,5","132,66,5"]|13:51:26:063
62|1.1|636136516731561033|0|49891.0625|8.28048718277|98.2385476182|-277196|-597198||49891.0625|93.5||9543.75|93.25|49891.0625|78083c|CSZ9038|0|2646|2893.75|||3|3|1|1|1|132|82|["132,82,5","132,66,5"]|13:51:31:063
62|1.1|636136516781476024|0|49896.0625|8.28696739005|98.23705631222|-277354|-596478||49896.0625|97.25||9775|96.25|49896.0625|78083c|CSZ9038|0|2646|2931.25|||3|3|1|1|1|132|83|["132,82,5","132,66,5"]|13:51:36:063
62|1.1|636136516831401016|0|49901.0390625|8.29291652074|98.23555427742|-277515|-595817||49901.0390625|99.25||9968.75|98.25|49901.0390625|78083c|CSZ9038|0|2646|2718.75|||3|3|1|1|1|132|83|["132,82,5","132,66,5"]|13:51:41:039
62|1.1|636136516881326008|0|49906.0390625|8.29896757522|98.23380547976|-277702|-595144||49906.0390625|101.75||10206.25|100.5|49906.0390625|78083c|CSZ9038|0|2646|2756.25|||3|3|1|1|1|132|83|["132,82,5","132,66,5"]|13:51:46:039
62|1.1|636136516931251000|0|49911.015625|8.30559262157|98.23214787707|-277879|-594408||49911.015625|104||10468.75|103.25|49911.015625|78083c|CSZ9038|0|2646|2912.5|||3|3|1|1|1|132|83|["132,82,5","132,66,5"]|13:51:51:016
62|1.1|636136516981165991|0|49916.015625|8.31171877779|98.23035079972|-278072|-593727||49916.015625|105.5||10731.25|105.75|49916.015625|78083c|CSZ9038|0|2646|2993.75|||3|3|1|1|1|132|82|["132,82,5","132,66,5"]|13:51:56:016
62|1.1|636136517031090983|0|49921.015625|8.3181077901|98.22885412933|-278231|-593017||49921.015625|108||10993.75|108.25|49921.015625|78083c|CSZ9038|0|2646|2975|||3|3|1|1|1|132|82|["132,82,5","132,66,5"]|13:52:01:016
62|1.1|636136517081045978|0|49926|8.32458799738|98.22720725546|-278407|-592297||49926|110.5||11281.25|110.75|49926|78083c|CSZ9038|0|2646|2950|||3|3|1|1|1|132|82|["132,82,5","132,66,5"]|13:52:06:000
62|1.1|636136517130930966|0|49931|8.33104674702|98.22590906824|-278544|-591579||49931|112.75||11500|113.25|49931|78083c|CSZ9038|0|2646|2893.75|||3|3|1|1|1|132|82|["132,82,5","132,66,5"]|13:52:11:000
62|1.1|636136517180855958|0|49935.9765625|8.33761814927|98.22406907561|-278742|-590849||49935.9765625|114.75||11662.5|114.75|49935.9765625|78083c|CSZ9038|0|2646|2737.5|||3|3|1|1|1|132|82|["132,82,5","132,66,5"]|13:52:15:977
62|1.1|636136517230780950|0|49940.9765625|8.34414127183|98.22217007447|-278945|-590124||49940.9765625|116.75||11862.5|116.75|49940.9765625|78083c|CSZ9038|0|2646|2600|||3|3|1|1|1|132|82|["132,82,5","132,66,5"]|13:52:20:977
62|1.1|636136517280695941|0|49945.9765625|8.35023524159|98.22049637855|-279124|-589447||49945.9765625|120||12025|118.75|49945.9765625|78083c|CSZ9038|0|2646|2462.5|||3|3|1|1|1|132|210|["132,210,2,2180","132,82,5","132,66,5"]|13:52:25:977
62|1.1|636136517330620933|0|49950.9609375|8.35622728756|98.2187529453|-279311|-588781||49950.9609375|121||12187.5|120.25|49950.9609375|78083c|CSZ9038|0|2646|2343.75|||3|3|1|1|1|132|210|["132,210,2,2180","132,82,5","132,66,5"]|13:52:30:961
62|1.1|636136517380535924|0|49955.9609375|8.36280405422|98.21688613062|-279511|-588050||49955.9609375|123||12393.75|122.25|49955.9609375|78083c|CSZ9038|0|2646|2306.25|||3|3|1|1|1|132|210|["132,210,2,2180","132,82,5","132,66,5"]|13:52:35:961
62|1.1|636136517430460916|0|49960.9375|8.36906432069|98.21503540917|-279709|-587354||49960.9375|125||12600|124.25|49960.9375|78083c|CSZ9038|0|2646|2306.25|||3|3|1|1|1|132|210|["132,210,2,2180","132,82,5","132,66,5"]|13:52:40:938
62|1.1|636136517480385908|0|49965.9375|8.37550161269|98.21320614536|-279905|-586638||49965.9375|127||12825|126.25|49965.9375|78083c|CSZ9038|0|2646|2325|||3|3|1|1|1|132|210|["132,210,2,2180","132,82,5","132,66,5"]|13:52:45:938
62|1.1|636136517530310900|0|49970.9375|8.38278111706|98.21119449161|-280121|-585829||49970.9375|129.75||12993.75|128.25|49970.9375|78083c|CSZ9038|0|2646|2306.25|||3|3|1|1|1|132|83|["132,210,2,2180","132,82,5","132,66,5"]|13:52:50:938
62|1.1|636136517580235892|0|49975.921875|8.38853712899|98.20942960072|-280310|-585189||49975.921875|131||13175|130.25|49975.921875|78083c|CSZ9038|0|2646|2343.75|||3|3|1|1|1|132|210|["132,210,2,2180","132,82,5","132,66,5"]|13:52:55:922
62|1.1|636136517630150883|0|49980.921875|8.39492077689|98.20747159107|-280520|-584480||49980.921875|133||13387.5|132.25|49980.921875|78083c|CSZ9038|0|2646|2381.25|||3|3|1|1|1|132|210|["132,210,2,2180","132,82,5","132,66,5"]|13:53:00:922
62|1.1|636136517680075875|0|49985.8984375|8.40158337411|98.20587299689|-280691|-583739||49985.8984375|136||13618.75|134.5|49985.8984375|78083c|CSZ9038|0|2646|2518.75|||3|3|1|1|1|132|210|["132,210,2,2180","132,82,5","132,66,5"]|13:53:05:898
62|1.1|636136517730010868|0|49990.8984375|8.40813331872|98.20470891992|-280813|-583012||49990.8984375|138||13793.75|136.5|49990.8984375|78083c|CSZ9038|0|2646|2518.75|||3|3|1|1|1|132|210|["132,210,2,2180","132,82,5","132,66,5"]|13:53:10:898
62|1.1|636136517779925859|0|49995.8984375|8.41532162812|98.2055028526|-280718|-582216||49995.8984375|139.25||13993.75|138.75|49995.8984375|78083c|CSZ9038|0|2646|2537.5|||3|3|1|1|1|132|82|["132,210,2,2180","132,82,5","132,66,5"]|13:53:15:898
62|1.1|636136517829840850|0|50000.875|8.4233038702|98.20669911603|-280579|-581332||50000.875|142.5||14275|141.25|50000.875|78083c|CSZ9038|0|2646|2637.5|||3|3|1|1|1|132|210|["132,210,2,2180","132,82,5","132,66,5"]|13:53:20:875
62|1.1|636136517879765842|0|50005.875|8.43004156916|98.20897362587|-280321|-580587||50005.875|144||14450|143.25|50005.875|78083c|CSZ9038|0|2646|2325|||3|3|1|1|1|132|210|["132,210,2,2180","132,82,5","132,66,5"]|13:53:25:875
62|1.1|636136517929680833|0|50010.859375|8.43621600507|98.21141979683|-280045|-579905||50010.859375|147||14650|145.25|50010.859375|78083c|CSZ9038|0|2646|2381.25|||3|3|1|1|1|132|210|["132,210,2,2180","132,82,5","132,66,5"]|13:53:30:859
62|1.1|636136517979605825|0|50015.859375|8.44270694117|98.21425756972|-279726|-579187||50015.859375|149||14887.5|147.75|50015.859375|78083c|CSZ9038|0|2646|2675|||3|3|1|1|1|132|210|["132,210,2,2180","132,82,5","132,66,5"]|13:53:35:859
62|1.1|636136518029520816|0|50020.859375|8.44923006373|98.21708461379|-279407|-578467||50020.859375|149.75||15112.5|149.25|50020.859375|78083c|CSZ9038|0|2646|2343.75|||3|3|1|1|1|132|83|["132,210,2,2180","132,82,5","132,66,5"]|13:53:40:859
62|1.1|636136518079455809|0|50025.8359375|8.45549569461|98.21987410699|-279094|-577775||50025.8359375|151||15175|149.25|50025.8359375|78083c|CSZ9038|0|2646|1237.5|||3|3|1|1|1|132|210|["132,210,2,2180","132,82,5","132,66,5"]|13:53:45:836
62|1.1|636136518129390802|0|50030.8359375|8.46264645314|98.22284599013|-278759|-576985||50030.8359375|152||15287.5|150.5|50030.8359375|78083c|CSZ9038|0|2646|1025|||3|3|1|1|1|132|210|["132,210,2,2180","132,82,5","132,66,5"]|13:53:50:836
62|1.1|636136518179295792|0|50035.8203125|8.46935196564|98.22587151737|-278419|-576244||50035.8203125|152||15300|150.75|50035.8203125|78083c|CSZ9038|0|2646|843.75|||3|3|1|1|1|132|82|["132,210,2,2180","132,82,5","132,66,5"]|13:53:55:820
62|1.1|636136518229210783|0|50040.8203125|8.47577852882|98.22875220554|-278094|-575534||50040.8203125|152.75||15318.75|151.25|50040.8203125|78083c|CSZ9038|0|2646|731.25|||3|3|1|1|1|132|82|["132,210,2,2180","132,82,5","132,66,5"]|13:54:00:820
62|1.1|636136518279135775|0|50045.8203125|8.48256450747|98.23185819893|-277745|-574785||50045.8203125|154||15393.75|152.25|50045.8203125|78083c|CSZ9038|0|2646|868.75|||3|3|1|1|1|132|210|["132,210,2,2180","132,82,5","132,66,5"]|13:54:05:820
62|1.1|636136518329100771|0|50050.796875|8.4904126393|98.23537725189|-277349|-573918||50050.796875|155||15556.25|153.75|50050.796875|78083c|CSZ9038|0|2646|1262.5|||3|3|1|1|1|132|210|["132,210,2,2180","132,82,5","132,66,5"]|13:54:10:797
62|1.1|636136518378975758|0|50055.796875|8.49761704193|98.23871927932|-276974|-573122||50055.796875|156.25||15675|155.25|50055.796875|78083c|CSZ9038|0|2646|1418.75|||3|3|1|1|1|132|82|["132,210,2,2180","132,82,5","132,66,5"]|13:54:15:797
62|1.1|636136518428900750|0|50060.78125|8.50533642792|98.24236707812|-276564|-572270||50060.78125|158.5||15856.25|157.25|50060.78125|78083c|CSZ9038|0|2646|1850|||3|3|1|1|1|132|83|["132,210,2,2180","132,82,5","132,66,5"]|13:54:20:781
62|1.1|636136518478825742|0|50065.78125|8.51254619496|98.24565546145|-276194|-571473||50065.78125|159.5||16012.5|158.75|50065.78125|78083c|CSZ9038|0|2646|1887.5|||3|3|1|1|1|132|82|["132,210,2,2180","132,82,5","132,66,5"]|13:54:25:781
62|1.1|636136518528740733|0|50070.78125|8.51999736045|98.24915305677|-275801|-570650||50070.78125|162.25||16218.75|160.75|50070.78125|78083c|CSZ9038|0|2646|2050|||3|3|1|1|1|132|83|["132,210,2,2180","132,82,5","132,66,5"]|13:54:30:781
62|1.1|636136518578665725|0|50075.7578125|8.52721785631|98.25247899097|-275427|-569853||50075.7578125|164||16400|162.5|50075.7578125|78083c|CSZ9038|0|2646|2125|||3|3|1|1|1|132|83|["132,210,2,2180","132,82,5","132,66,5"]|13:54:35:758
62|1.1|636136518628590717|0|50080.7578125|8.53481386087|98.25597658629|-275034|-569014||50080.7578125|166||16606.25|164.5|50080.7578125|78083c|CSZ9038|0|2646|2187.5|||3|3|1|1|1|132|83|["132,210,2,2180","132,82,5","132,66,5"]|13:54:40:758
62|1.1|636136518678505708|0|50085.7421875|8.54183587356|98.25928106285|-274663|-568239||50085.7421875|167.75||16781.25|166.25|50085.7421875|78083c|CSZ9038|0|2646|2225|||3|3|1|1|1|132|83|["132,210,2,2180","132,82,5","132,66,5"]|13:54:45:742
62|1.1|636136518728430700|0|50090.7421875|8.54873986923|98.26244606475|-274307|-567476||50090.7421875|169.25||16956.25|168.25|50090.7421875|78083c|CSZ9038|0|2646|2206.25|||3|3|1|1|1|132|83|["132,210,2,2180","132,82,5","132,66,5"]|13:54:50:742
62|1.1|636136518778355692|0|50095.7421875|8.55646461963|98.26597584653|-273910|-566623||50095.7421875|170.75||17175|170.25|50095.7421875|78083c|CSZ9038|0|2646|2225|||3|3|1|1|1|132|82|["132,210,2,2180","132,82,5","132,66,5"]|13:54:55:742
62|1.1|636136518828270683|0|50100.71875|8.56376558164|98.26931250955|-273536|-565817||50100.71875|172.5||17325|171.5|50100.71875|78083c|CSZ9038|0|2646|2143.75|||3|3|1|1|1|132|82|["132,210,2,2180","132,82,5","132,66,5"]|13:55:00:719
62|1.1|636136518878195675|0|50105.71875|8.5712006539|98.27286374897|-273137|-564996||50105.71875|174||17518.75|173.25|50105.71875|78083c|CSZ9038|0|2646|2087.5|||3|3|1|1|1|132|82|["132,210,2,2180","132,82,5","132,66,5"]|13:55:05:719
62|1.1|636136518928130668|0|50110.6953125|8.57908097219|98.2763667087|-272743|-564125||50110.6953125|176.5||17675|175.25|50110.6953125|78083c|CSZ9038|0|2646|1831.25|||3|3|1|1|1|132|83|["132,210,2,2180","132,82,5","132,66,5"]|13:55:10:695
62|1.1|636136518978045659|0|50115.6953125|8.58613517134|98.27971410054|-272367|-563346||50115.6953125|178||17812.5|176.75|50115.6953125|78083c|CSZ9038|0|2646|1812.5|||3|3|1|1|1|132|83|["132,210,2,2180","132,82,5","132,66,5"]|13:55:15:695
62|1.1|636136519027960650|0|50120.6953125|8.59338785366|98.28302930592|-271994|-562545||50120.6953125|179.5||17987.5|178.5|50120.6953125|78083c|CSZ9038|0|2646|1931.25|||3|3|1|1|1|132|82|["132,210,2,2180","132,82,5","132,66,5"]|13:55:20:695
62|1.1|636136519077885642|0|50125.6796875|8.60078001064|98.28656981652|-271597|-561729||50125.6796875|181.5||18168.75|180.25|50125.6796875|78083c|CSZ9038|0|2646|2206.25|||3|3|1|1|1|132|82|["132,210,2,2180","132,82,5","132,66,5"]|13:55:25:680
62|1.1|636136519127810634|0|50130.6796875|8.60838674402|98.29035172557|-271172|-560889||50130.6796875|183.25||18393.75|182.75|50130.6796875|78083c|CSZ9038|0|2646|2418.75|||3|3|1|1|1|132|82|["132,210,2,2180","132,82,5","132,66,5"]|13:55:30:680
62|1.1|636136519177725625|0|50135.65625|8.61602566386|98.29389760058|-270774|-560046||50135.65625|185||18643.75|184.5|50135.65625|78083c|CSZ9038|0|2646|2362.5|||3|3|1|1|1|132|82|["132,210,2,2180","132,82,5","132,66,5"]|13:55:35:656
62|1.1|636136519227650617|0|50140.65625|8.62379332954|98.29781361988|-270335|-559188||50140.65625|186.75||18950|186.25|50140.65625|78083c|CSZ9038|0|2646|2243.75|||3|3|1|1|1|132|82|["132,210,2,2180","132,82,5","132,66,5"]|13:55:40:656
62|1.1|636136519277565608|0|50145.65625|8.63170046988|98.30139168135|-269933|-558315||50145.65625|188.5||19137.5|187.75|50145.65625|78083c|CSZ9038|0|2646|2125|||3|3|1|1|1|132|82|["132,210,2,2180","132,82,5","132,66,5"]|13:55:45:656
62|1.1|636136519327510602|0|50150.640625|8.63943058469|98.30524869214|-269500|-557461||50150.640625|190||19306.25|189.25|50150.640625|78083c|CSZ9038|0|2646|2006.25|||3|3|1|1|1|132|82|["132,210,2,2180","132,82,5","132,66,5"]|13:55:50:641
62|1.1|636136519377415592|0|50155.640625|8.64702122484|98.30837077876|-269149|-556623||50155.640625|192||19268.75|191.25|50155.640625|78083c|CSZ9038|0|2646|1987.5|||3|3|1|1|1|132|83|["132,210,2,2180","132,82,5","132,66,5"]|13:55:55:641
62|1.1|636136519427350585|0|50160.6171875|8.65420416983|98.31149822979|-268797|-555829||50160.6171875|193.5||19381.25|192.5|50160.6171875|78083c|CSZ9038|0|2646|1950|||3|3|1|1|1|132|82|["132,210,2,2180","132,82,5","132,66,5"]|13:56:00:617
62|1.1|636136519477275577|0|50165.6171875|8.66117790283|98.31444329088|-268466|-555059||50165.6171875|195||19500|194.25|50165.6171875|78083c|CSZ9038|0|2646|1887.5|||3|3|1|1|1|132|82|["132,210,2,2180","132,82,5","132,66,5"]|13:56:05:617
62|1.1|636136519527180567|0|50170.6171875|8.66911722963|98.31775849626|-268093|-554182||50170.6171875|196.5||19687.5|195.5|50170.6171875|78083c|CSZ9038|0|2646|1868.75|||3|3|1|1|1|132|82|["132,210,2,2180","132,82,5","132,66,5"]|13:56:10:617
62|1.1|636136519577095558|0|50175.6015625|8.67667568332|98.32104687959|-267723|-553347||50175.6015625|197.75||19856.25|197.25|50175.6015625|78083c|CSZ9038|0|2646|1887.5|||3|3|1|1|1|132|82|["132,210,2,2180","132,82,5","132,66,5"]|13:56:15:602
62|1.1|636136519627030551|0|50180.6015625|8.68434142521|98.32453374609|-267332|-552500||50180.6015625|199.25||20056.25|198.25|50180.6015625|78083c|CSZ9038|0|2646|1812.5|||3|3|1|1|1|132|82|["132,210,2,2180","132,82,5","132,66,5"]|13:56:20:602
62|1.1|636136519676945542|0|50185.578125|8.69210372648|98.32808498551|-266933|-551643||50185.578125|201||20281.25|199.75|50185.578125|78083c|CSZ9038|0|2646|1768.75|||3|3|1|1|1|132|83|["132,210,2,2180","132,82,5","132,66,5"]|13:56:25:578
62|1.1|636136519726870534|0|50190.578125|8.70009133297|98.33168450462|-266529|-550761||50190.578125|202.5||20325|201.25|50190.578125|78083c|CSZ9038|0|2646|1750|||3|3|1|1|1|132|82|["132,210,2,2180","132,82,5","132,66,5"]|13:56:30:578
62|1.1|636136519776785525|0|50195.578125|8.70823450735|98.33552005777|-266098|-549862||50195.578125|204.25||20500|203.25|50195.578125|78083c|CSZ9038|0|2646|1912.5|||3|3|1|1|1|132|82|["132,210,2,2180","132,82,5","132,66,5"]|13:56:35:578
62|1.1|636136519826710517|0|50200.5625|8.71600753744|98.33894791576|-265713|-549003||50200.5625|205.5||20656.25|204.75|50200.5625|78083c|CSZ9038|0|2646|1950|||3|3|1|1|1|132|82|["132,210,2,2180","132,82,5","132,66,5"]|13:56:40:563
62|1.1|636136519876625508|0|50205.5625|8.72329777063|98.34227921437|-265339|-548198||50205.5625|207||20768.75|206.25|50205.5625|78083c|CSZ9038|0|2646|1850|||3|3|1|1|1|132|82|["132,210,2,2180","132,82,5","132,66,5"]|13:56:45:563
62|1.1|636136519926550500|0|50210.5390625|8.73094741929|98.34568025031|-264957|-547353||50210.5390625|208.5||20881.25|207.25|50210.5390625|78083c|CSZ9038|0|2646|1675|||3|3|1|1|1|132|83|["132,210,2,2180","132,82,5","132,66,5"]|13:56:50:539
62|1.1|636136519976495494|0|50215.5390625|8.73872044938|98.34922076091|-264559|-546494||50215.5390625|209.75||21012.5|208.5|50215.5390625|78083c|CSZ9038|0|2646|1631.25|||3|3|1|1|1|132|83|["132,210,2,2180","132,82,5","132,66,5"]|13:56:55:539
62|1.1|636136520026400484|0|50220.5390625|8.74609651313|98.35258961039|-264181|-545680||50220.5390625|211.25||21143.75|210.25|50220.5390625|78083c|CSZ9038|0|2646|1656.25|||3|3|1|1|1|132|82|["132,210,2,2180","132,82,5","132,66,5"]|13:57:00:539
62|1.1|636136520076315475|0|50225.515625|8.75361205154|98.35601746838|-263796|-544850||50225.515625|212.75||21293.75|211.5|50225.515625|78083c|CSZ9038|0|2646|1675|||3|3|1|1|1|132|82|["132,210,2,2180","132,82,5","132,66,5"]|13:57:05:516
62|1.1|636136520126240467|0|50230.515625|8.76068234392|98.35932730935|-263425|-544069||50230.515625|214.25||21437.5|213.25|50230.515625|78083c|CSZ9038|0|2646|1731.25|||3|3|1|1|1|132|82|["132,210,2,2180","132,82,5","132,66,5"]|13:57:10:516
62|1.1|636136520176155458|0|50235.5|8.76810132295|98.36279271821|-263036|-543250||50235.5|216||21593.75|214.75|50235.5|78083c|CSZ9038|0|2646|1850|||3|3|1|1|1|132|82|["132,210,2,2180","132,82,5","132,66,5"]|13:57:15:500
62|1.1|636136520226080450|0|50240.5|8.7766039128|98.36661217813|-262607|-542311||50240.5|218.25||21831.25|216.75|50240.5|78083c|CSZ9038|0|2646|2068.75|||3|3|1|1|1|132|83|["132,210,2,2180","132,82,5","132,66,5"]|13:57:20:500
62|1.1|636136520276015443|0|50245.5|8.78437694289|98.37011513786|-262214|-541453||50245.5|220||22031.25|218.75|50245.5|78083c|CSZ9038|0|2646|2306.25|||3|3|1|1|1|132|82|["132,210,2,2180","132,82,5","132,66,5","132,50,5"]|13:57:25:500
62|1.1|636136520325920433|0|50250.4765625|8.79220361708|98.37361273318|-261821|-540588||50250.4765625|222||22237.5|221.25|50250.4765625|78083c|CSZ9038|0|2646|2418.75|||3|3|1|1|1|132|82|["132,210,2,2180","132,82,5","132,66,5","132,50,5"]|13:57:30:477
62|1.1|636136520375845425|0|50255.4765625|8.80012685065|98.37726053198|-261412|-539713||50255.4765625|223.75||22487.5|223.25|50255.4765625|78083c|CSZ9038|0|2646|2443.75|||3|3|1|1|1|132|82|["132,210,2,2180","132,82,5","132,66,5","132,50,5"]|13:57:35:477
62|1.1|636136520425770417|0|50260.4609375|8.80807690627|98.38101561898|-260991|-538835||50260.4609375|225.25||22750|224.25|50260.4609375|78083c|CSZ9038|0|2646|2106.25|||3|3|1|1|1|132|82|["132,210,2,2180","132,82,5","132,66,5","132,50,5"]|13:57:40:461
62|1.1|636136520475695409|0|50265.4609375|8.81596258897|98.38486190095|-260560|-537964||50265.4609375|226.25||22843.75|225.25|50265.4609375|78083c|CSZ9038|0|2646|1593.75|||3|3|1|1|1|132|82|["132,210,2,2180","132,82,5","132,66,5","132,50,5"]|13:57:45:461
62|1.1|636136520525610400|0|50270.4609375|8.82373025465|98.38860625913|-260140|-537107||50270.4609375|227.25||22856.25|226.25|50270.4609375|78083c|CSZ9038|0|2646|1318.75|||3|3|1|1|1|132|82|["132,210,2,2180","132,82,5","132,66,5","132,50,5"]|13:57:50:461
62|1.1|636136520575535392|0|50275.4375|8.83062888591|98.39173907457|-259788|-536345||50275.4375|228.25||22862.5|226.75|50275.4375|78083c|CSZ9038|0|2646|1100|||3|3|1|1|1|132|83|["132,210,2,2180","132,82,5","132,66,5","132,50,5"]|13:57:55:438
62|1.1|636136520625460384|0|50280.4375|8.83810687345|98.39532250045|-259387|-535519||50280.4375|229||22968.75|227.5|50280.4375|78083c|CSZ9038|0|2646|1043.75|||3|3|1|1|1|132|82|["132,210,2,2180","132,82,5","132,66,5","132,50,5"]|13:58:00:438
62|1.1|636136520675375375|0|50285.421875|8.84552048807|98.39898102807|-258977|-534701||50285.421875|229.75||23056.25|228.5|50285.421875|78083c|CSZ9038|0|2646|1006.25|||3|3|1|1|1|132|66|["132,210,2,2180","132,82,5","132,66,5","132,50,5"]|13:58:05:422
62|1.1|636136520725310368|0|50290.421875|8.8535831963|98.4028058524|-258548|-533810||50290.421875|230.75||23225|229.25|50290.421875|78083c|CSZ9038|0|2646|1006.25|||3|3|1|1|1|132|82|["132,210,2,2180","132,82,5","132,66,5","132,50,5"]|13:58:10:422
62|1.1|636136520775225359|0|50295.421875|8.86190339621|98.40628199008|-258157|-532891||50295.421875|231.75||23381.25|230.25|50295.421875|78083c|CSZ9038|0|2646|1043.75|||3|3|1|1|1|132|82|["132,210,2,2180","132,82,5","132,66,5","132,50,5"]|13:58:15:422
62|1.1|636136520825150351|0|50300.3984375|8.87008948587|98.41032675522|-257704|-531988||50300.3984375|232.75||23431.25|231.5|50300.3984375|78083c|CSZ9038|0|2646|1143.75|||3|3|1|1|1|132|82|["132,210,2,2180","132,82,5","132,66,5","132,50,5"]|13:58:20:398
62|1.1|636136520875065342|0|50305.3984375|8.87809318559|98.41413012191|-257278|-531104||50305.3984375|234.25||23525|232.75|50305.3984375|78083c|CSZ9038|0|2646|1262.5|||3|3|1|1|1|132|82|["132,210,2,2180","132,82,5","132,66,5"]|13:58:25:398
62|1.1|636136520924990334|0|50310.375|8.88607006326|98.41792275978|-256853|-530223||50310.375|235.75||23650|234.5|50310.375|78083c|CSZ9038|0|2646|1575|||3|3|1|1|1|132|82|["132,210,2,2180","132,82,5","132,66,5"]|13:58:30:375
62|1.1|636136520974915326|0|50315.375|8.89411667826|98.42128088044|-256475|-529334||50315.375|237.25||23762.5|235.75|50315.375|78083c|CSZ9038|0|2646|1675|||3|3|1|1|1|132|82|["132,210,2,2180","132,82,5","132,66,5"]|13:58:35:375
62|1.1|636136521024830317|0|50320.375|8.90206136947|98.42505206067|-256053|-528457||50320.375|238.5||23893.75|237.25|50320.375|78083c|CSZ9038|0|2646|1675|||3|3|1|1|1|132|82|["132,210,2,2180","132,82,5","132,66,5"]|13:58:40:375
62|1.1|636136521074755309|0|50325.359375|8.90997387422|98.42867303742|-255647|-527583||50325.359375|239.5||23993.75|238.25|50325.359375|78083c|CSZ9038|0|2646|1537.5|||3|3|1|1|1|132|82|["132,210,2,2180","132,82,5","132,66,5"]|13:58:45:359
62|1.1|636136521124670300|0|50330.359375|8.91792392984|98.43205261572|-255267|-526705||50330.359375|240.25||24075|239.25|50330.359375|78083c|CSZ9038|0|2646|1300|||3|3|1|1|1|132|82|["132,210,2,2180","132,82,5","132,66,5"]|13:58:50:359
62|1.1|636136521174615294|0|50335.3359375|8.92579351931|98.43569505011|-254859|-525836||50335.3359375|241.25||24156.25|239.75|50335.3359375|78083c|CSZ9038|0|2646|1062.5|||3|3|1|1|1|132|82|["132,210,2,2180","132,82,5","132,66,5"]|13:58:55:336
62|1.1|636136521224520284|0|50340.3359375|8.9334592612|98.43936967096|-254447|-524990||50340.3359375|242||24243.75|240.75|50340.3359375|78083c|CSZ9038|0|2646|1006.25|||3|3|1|1|1|132|82|["132,210,2,2180","132,82,5","132,66,5"]|13:59:00:336
62|1.1|636136521274435275|0|50345.3359375|8.94143613887|98.44304429181|-254035|-524109||50345.3359375|243||24337.5|241.5|50345.3359375|78083c|CSZ9038|0|2646|1006.25|||3|3|1|1|1|132|82|["132,210,2,2180","132,82,5","132,66,5"]|13:59:05:336
62|1.1|636136521324370268|0|50350.3203125|8.94937010126|98.44670281943|-253625|-523232||50350.3203125|243.75||24431.25|242.5|50350.3203125|78083c|CSZ9038|0|2646|1025|||3|3|1|1|1|132|82|["132,210,2,2180","132,82,5","132,66,5"]|13:59:10:320
62|1.1|636136521374285259|0|50355.3203125|8.95737916539|98.45042571997|-253208|-522348||50355.3203125|244.75||24543.75|243.5|50355.3203125|78083c|CSZ9038|0|2646|1062.5|||3|3|1|1|1|132|82|["132,210,2,2180","132,82,5","132,66,5"]|13:59:15:320
62|1.1|636136521424200250|0|50360.296875|8.96545260244|98.45391795088|-252816|-521457||50360.296875|246||24650|244.5|50360.296875|78083c|CSZ9038|0|2646|1200|||3|3|1|1|1|132|83|["132,210,2,2180","132,82,5","132,66,5"]|13:59:20:297
62|1.1|636136521474125242|0|50365.296875|8.97346166657|98.45766767347|-252396|-520572||50365.296875|247.25||24812.5|245.75|50365.296875|78083c|CSZ9038|0|2646|1281.25|||3|3|1|1|1|132|82|["132,210,2,2180","132,82,5","132,66,5"]|13:59:25:297
62|1.1|636136521524050234|0|50370.296875|8.98151901039|98.46134229432|-251984|-519682||50370.296875|248.75||24968.75|247.25|50370.296875|78083c|CSZ9038|0|2646|1493.75|||3|3|1|1|1|132|82|["132,210,2,2180","132,82,5","132,66,5"]|13:59:30:297
62|1.1|636136521573965225|0|50375.28125|8.98953343893|98.4649793643|-251576|-518797||50375.28125|250.25||25118.75|248.75|50375.28125|78083c|CSZ9038|0|2646|1593.75|||3|3|1|1|1|132|82|["132,210,2,2180","132,82,5","132,66,5"]|13:59:35:281
62|1.1|636136521623890217|0|50380.28125|8.99761224039|98.46854669695|-251176|-517905||50380.28125|251.75||25256.25|250.25|50380.28125|78083c|CSZ9038|0|2646|1675|||3|3|1|1|1|132|82|["132,210,2,2180","132,82,5","132,66,5"]|13:59:40:281
62|1.1|636136521673815209|0|50385.2578125|9.00561594011|98.47224277544|-250762|-517021||50385.2578125|252.75||25406.25|251.5|50385.2578125|78083c|CSZ9038|0|2646|1675|||3|3|1|1|1|132|82|["132,210,2,2180","132,82,5","132,66,5"]|13:59:45:258
62|1.1|636136521723730200|0|50390.2578125|9.01359818219|98.47611587946|-250328|-516140||50390.2578125|253.75||25543.75|252.5|50390.2578125|78083c|CSZ9038|0|2646|1493.75|||3|3|1|1|1|132|82|["132,210,2,2180","132,82,5","132,66,5"]|13:59:50:258
62|1.1|636136521773655192|0|50395.2578125|9.02165552601|98.47977440708|-249918|-515250||50395.2578125|254.5||25637.5|253.25|50395.2578125|78083c|CSZ9038|0|2646|1081.25|||3|3|1|1|1|132|82|["132,210,2,2180","132,82,5","132,66,5"]|13:59:55:258
62|1.1|636136521823430169|0|50400.2421875|9.02965922573|98.48356168054|-249494|-514366||50400.2421875|255.25||25743.75|253.5|50400.2421875|78083c|CSZ9038|0|2646|887.5|||3|3|1|1|1|132|82|["132,210,2,2180","132,82,5","132,66,5"]|14:00:00:242
62|1.1|636136521873495175|0|50405.2421875|9.03777557806|98.48713974201|-249093|-513470||50405.2421875|256||25818.75|254.5|50405.2421875|78083c|CSZ9038|0|2646|943.75|||3|3|1|1|1|132|82|["132,210,2,2180","132,82,5","132,66,5"]|14:00:05:242
62|1.1|636136521923270152|0|50410.21875|9.04581146424|98.49089482901|-248672|-512582||50410.21875|257.25||25931.25|255.5|50410.21875|78083c|CSZ9038|0|2646|1081.25|||3|3|1|1|1|132|82|["132,210,2,2180","132,82,5","132,66,5"]|14:00:10:219
62|1.1|636136521973185143|0|50415.21875|9.05397609626|98.49445143284|-248273|-511681||50415.21875|258.25||26031.25|256.75|50415.21875|78083c|CSZ9038|0|2646|1218.75|||3|3|1|1|1|132|66|["132,210,2,2180","132,82,5","132,66,5"]|14:00:15:219
62|1.1|636136522023110135|0|50420.21875|9.06189932983|98.4979168417|-247885|-510806||50420.21875|259.5||25962.5|258.25|50420.21875|78083c|CSZ9038|0|2646|1356.25|||3|3|1|1|1|132|83|["132,210,2,2180","132,82,5","132,66,5"]|14:00:20:219
62|1.1|636136522073035127|0|50425.1953125|9.06911982569|98.50101747068|-247537|-510008||50425.1953125|260.75||26056.25|259.25|50425.1953125|78083c|CSZ9038|0|2646|1437.5|||3|3|1|1|1|132|66|["132,210,2,2180","132,82,5","132,66,5"]|14:00:25:195
62|1.1|636136522122950118|0|50430.1953125|9.07725227125|98.50471354917|-247123|-509110||50430.1953125|262||26156.25|260.75|50430.1953125|78083c|CSZ9038|0|2646|1493.75|||3|3|1|1|1|132|66|["132,210,2,2180","132,82,5","132,66,5"]|14:00:30:195
62|1.1|636136522172915114|0|50435.1796875|9.08579777638|98.50841499207|-246708|-508166||50435.1796875|263.25||26331.25|262.25|50435.1796875|78083c|CSZ9038|0|2646|1518.75|||3|3|1|1|1|132|66|["132,210,2,2180","132,82,5","132,66,5"]|14:00:35:180
62|1.1|636136522222810103|0|50440.1796875|9.09344206063|98.51188576534|-246319|-507322||50440.1796875|264.25||26412.5|262.75|50440.1796875|78083c|CSZ9038|0|2646|1356.25|||3|3|1|1|1|132|66|["132,210,2,2180","132,82,5","132,66,5"]|14:00:40:180
62|1.1|636136522272715093|0|50445.1796875|9.10167106557|98.51559793706|-245903|-506413||50445.1796875|265||26531.25|263.75|50445.1796875|78083c|CSZ9038|0|2646|1237.5|||3|3|1|1|1|132|66|["132,210,2,2180","132,82,5","132,66,5"]|14:00:45:180
62|1.1|636136522322650086|0|50450.15625|9.10991616374|98.51931010878|-245487|-505503||50450.15625|265.75||26662.5|264.5|50450.15625|78083c|CSZ9038|0|2646|1100|||3|3|1|1|1|132|66|["132,210,2,2180","132,82,5","132,66,5"]|14:00:50:156
62|1.1|636136522372565077|0|50455.15625|9.11828464334|98.52311883988|-245060|-504579||50455.15625|266.75||26831.25|265.25|50455.15625|78083c|CSZ9038|0|2646|1062.5|||3|3|1|1|1|132|66|["132,210,2,2180","132,82,5","132,66,5"]|14:00:55:156
62|1.1|636136522422490069|0|50460.140625|9.1259879361|98.52675054545|-244654|-503728||50460.140625|267.5||26768.75|266.25|50460.140625|78083c|CSZ9038|0|2646|1006.25|||3|3|1|1|1|132|66|["132,210,2,2180","132,82,5","132,66,5"]|14:01:00:141
62|1.1|636136522472405060|0|50465.140625|9.13497332285|98.53086504792|-244193|-502736||50465.140625|268.25||26862.5|266.75|50465.140625|78083c|CSZ9038|0|2646|962.5|||3|3|1|1|1|132|66|["132,210,2,2180","132,82,5","132,66,5"]|14:01:05:141
62|1.1|636136522522330052|0|50470.140625|9.14338471773|98.53469523666|-243764|-501807||50470.140625|269||26981.25|267.5|50470.140625|78083c|CSZ9038|0|2646|943.75|||3|3|1|1|1|132|66|["132,210,2,2180","132,82,5","132,66,5","132,50,4"]|14:01:10:141
62|1.1|636136522572265045|0|50475.1171875|9.15186048553|98.53872390857|-243313|-500871||50475.1171875|270||27137.5|268.5|50475.1171875|78083c|CSZ9038|0|2646|981.25|||3|3|1|1|1|132|66|["132,210,2,2180","132,82,5","132,66,5","132,50,4"]|14:01:15:117
62|1.1|636136522622170035|0|50480.1171875|9.16011094811|98.54252191085|-242888|-499960||50480.1171875|270||27262.5|269.25|50480.1171875|78083c|CSZ9038|0|2646|981.25|||3|3|1|1|1|132|210|["132,210,2,2180","132,82,5","132,66,5","132,50,4"]|14:01:20:117
62|1.1|636136522672095027|0|50485.1015625|9.16866181765|98.54641647251|-242452|-499016||50485.1015625|272||27212.5|270.5|50485.1015625|78083c|CSZ9038|0|2646|1081.25|||3|3|1|1|1|132|66|["132,210,2,2180","132,82,5","132,66,5","132,50,4"]|14:01:25:102
62|1.1|636136522722010018|0|50490.1015625|9.17708394135|98.5502198392|-242026|-498086||50490.1015625|273.25||27312.5|271.75|50490.1015625|78083c|CSZ9038|0|2646|1200|||3|3|1|1|1|132|66|["132,210,2,2180","132,82,5","132,66,5","132,50,4"]|14:01:30:102
62|1.1|636136522771935010|0|50495.1015625|9.18403621671|98.55350822253|-241658|-497318||50495.1015625|273.75||27368.75|272.75|50495.1015625|78083c|CSZ9038|0|2646|1237.5|||3|3|1|1|1|132|83|["132,210,2,2180","132,82,5","132,66,5","132,50,4"]|14:01:35:102
62|1.1|636136522821860002|0|50500.078125|9.19228667929|98.55738132655|-241225|-496407||50500.078125|274||27450|273.75|50500.078125|78083c|CSZ9038|0|2646|1281.25|||3|3|1|1|1|132|210|["132,210,2,2180","132,82,5","132,66,5"]|14:01:40:078
62|1.1|636136522871804996|0|50505.078125|9.20083754883|98.56120615088|-240797|-495463||50505.078125|275||27587.5|275.25|50505.078125|78083c|CSZ9038|0|2646|1281.25|||3|3|1|1|1|132|210|["132,210,2,2180","132,82,5","132,66,5"]|14:01:45:078
62|1.1|636136522921699985|0|50510.0625|9.20938305396|98.56521872956|-240347|-494519||50510.0625|276.5||27793.75|275.5|50510.0625|78083c|CSZ9038|0|2646|1006.25|||3|3|1|1|1|132|51|["132,210,2,2180","132,82,5","132,66,5","132,50,4"]|14:01:50:063
62|1.1|636136522971634978|0|50515.0625|9.2180412117|98.56924203706|-239897|-493563||50515.0625|277.5||28037.5|276.25|50515.0625|78083c|CSZ9038|0|2646|887.5|||3|3|1|1|1|132|83|["132,210,2,2180","132,82,5","132,66,5","132,50,4"]|14:01:55:063
62|1.1|636136523021549969|0|50520.0625|9.22535290253|98.57257870008|-239524|-492756||50520.0625|278.25||27856.25|277.25|50520.0625|78083c|CSZ9038|0|2646|925|||3|3|1|1|1|132|51|["132,210,2,2180","132,82,5","132,66,5","132,50,4"]|14:02:00:063
62|1.1|636136523071464960|0|50525.0390625|9.2341880858|98.57656982112|-239077|-491780||50525.0390625|279.25||27968.75|278.25|50525.0390625|78083c|CSZ9038|0|2646|1025|||3|3|1|1|1|132|51|["132,210,2,2180","132,82,5","132,66,5","132,50,4"]|14:02:05:039
62|1.1|636136523121389952|0|50530.0390625|9.24267458242|98.58038928104|-238649|-490843||50530.0390625|280||28068.75|279.25|50530.0390625|78083c|CSZ9038|0|2646|1081.25|||3|3|1|1|1|132|210|["132,210,2,2180","132,82,5","132,66,5","132,50,4"]|14:02:10:039
62|1.1|636136523171304943|0|50535.015625|9.25240025775|98.58482564811|-238153|-489769||50535.015625|282||28206.25|279.75|50535.015625|78083c|CSZ9038|0|2646|1218.75|||3|3|1|1|1|132|51|["132,210,2,2180","132,82,5","132,66,5","132,50,4"]|14:02:15:016
62|1.1|636136523221259938|0|50540.015625|9.25885900739|98.58790481945|-237809|-489056||50540.015625|283||28281.25|280.75|50540.015625|78083c|CSZ9038|0|2646|1237.5|||3|3|1|1|1|132|83|["132,210,2,2180","132,82,5","132,66,5","132,50,4"]|14:02:20:016
62|1.1|636136523271174929|0|50545.015625|9.26770491948|98.59186375403|-237365|-488079||50545.015625|283.75||28393.75|281.75|50545.015625|78083c|CSZ9038|0|2646|1262.5|||3|3|1|1|1|132|83|["132,210,2,2180","132,82,5","132,66,5","132,50,4"]|14:02:25:016
62|1.1|636136523321079919|0|50550|9.2765669248|98.59588169712|-236916|-487101||50550|284.5||28518.75|282.75|50550|78083c|CSZ9038|0|2646|1262.5|||3|3|1|1|1|132|51|["132,210,2,2180","132,82,5","132,66,5"]|14:02:30:000
62|1.1|636136523370994910|0|50555|9.28545575217|98.59998547077|-236457|-486119||50555|285.5||28637.5|284.25|50555|78083c|CSZ9038|0|2646|1300|||3|3|1|1|1|132|83|["132,210,2,2180","132,82,5","132,66,5"]|14:02:35:000
62|1.1|636136523420919902|0|50559.9765625|9.29407635904|98.60396586299|-236011|-485167||50559.9765625|286||28731.25|284.75|50559.9765625|78083c|CSZ9038|0|2646|1237.5|||3|3|1|1|1|132|210|["132,210,2,2180","132,82,5","132,66,5"]|14:02:39:977
62|1.1|636136523470834893|0|50564.9765625|9.30260577094|98.60797844167|-235563|-484225||50564.9765625|287||28843.75|285.75|50564.9765625|78083c|CSZ9038|0|2646|1200|||3|3|1|1|1|132|210|["132,210,2,2180","132,82,5","132,66,5"]|14:02:44:977
62|1.1|636136523520759885|0|50569.9765625|9.31116200489|98.6119641983|-235117|-483281||50569.9765625|288||28968.75|286.25|50569.9765625|78083c|CSZ9038|0|2646|1006.25|||3|3|1|1|1|132|210|["132,210,2,2180","132,82,5","132,66,5"]|14:02:49:977
62|1.1|636136523570684877|0|50574.9609375|9.3188384756|98.61549934449|-234722|-482433||50574.9609375|289||28881.25|286.5|50574.9609375|78083c|CSZ9038|0|2646|787.5|||3|3|1|1|1|132|51|["132,210,2,2180","132,82,5","132,66,5","132,50,4"]|14:02:54:961
62|1.1|636136523620609869|0|50579.9609375|9.32764683682|98.61950655876|-234273|-481460||50579.9609375|289.5||28968.75|287.5|50579.9609375|78083c|CSZ9038|0|2646|843.75|||3|3|1|1|1|132|83|["132,210,2,2180","132,82,5","132,66,5","132,50,4"]|14:02:59:961
62|1.1|636136523670524860|0|50584.9375|9.33611724021|98.62345476452|-233832|-480525||50584.9375|290||29037.5|288.25|50584.9375|78083c|CSZ9038|0|2646|906.25|||3|3|1|1|1|132|210|["132,210,2,2180","132,82,5","132,66,5","132,50,5"]|14:03:04:938
62|1.1|636136523720459853|0|50589.9375|9.34466810975|98.62744588556|-233386|-479581||50589.9375|291.25||29137.5|289.25|50589.9375|78083c|CSZ9038|0|2646|1006.25|||3|3|1|1|1|132|51|["132,210,2,2180","132,82,5","132,66,5","132,50,5"]|14:03:09:938
62|1.1|636136523770374844|0|50594.9375|9.35332090308|98.6314370066|-232939|-478625||50594.9375|292||29262.5|290.25|50594.9375|78083c|CSZ9038|0|2646|1025|||3|3|1|1|1|132|51|["132,210,2,2180","132,82,5","132,66,5","132,50,5"]|14:03:14:938
62|1.1|636136523820289835|0|50599.921875|9.36201661169|98.63553005143|-232482|-477665||50599.921875|293||29462.5|291.25|50599.921875|78083c|CSZ9038|0|2646|1062.5|||3|3|1|1|1|132|210|["132,210,2,2180","132,82,5","132,66,5","132,50,5"]|14:03:19:922
62|1.1|636136523870214827|0|50604.921875|9.3708196085|98.63944607073|-232044|-476693||50604.921875|294||29637.5|292.5|50604.921875|78083c|CSZ9038|0|2646|1200|||3|3|1|1|1|132|210|["132,210,2,2180","132,82,5","132,66,5","132,50,5"]|14:03:24:922
62|1.1|636136523920139819|0|50609.8984375|9.37962796972|98.64344255618|-231597|-475721||50609.8984375|295.75||29743.75|293.75|50609.8984375|78083c|CSZ9038|0|2646|1300|||3|3|1|1|1|132|50|["132,210,2,2180","132,82,5","132,66,5","132,50,5"]|14:03:29:898
62|1.1|636136523970054810|0|50614.8984375|9.38818956808|98.64718154995|-231178|-474775||50614.8984375|296.25||29812.5|294.5|50614.8984375|78083c|CSZ9038|0|2646|1162.5|||3|3|1|1|1|132|50|["132,210,2,2180","132,82,5","132,66,5","132,50,5"]|14:03:34:898
62|1.1|636136524023090113|0|50620.1953125|9.39736807359|98.65141943385|-230705|-473761||50620.1953125|297||29912.5|295.25|50620.1953125|78083c|CSZ9038|0|2646|825|||3|3|1|1|1|132|50|["132,210,2,2180","132,82,5","132,66,5","132,50,5"]|14:03:40:195
62|1.1|636136524073015105|0|50625.1953125|9.40597795164|98.65524425818|-230277|-472811||50625.1953125|297.5||29962.5|295.5|50625.1953125|78083c|CSZ9038|0|2646|731.25|||3|3|1|1|1|132|50|["132,210,2,2180","132,82,5","132,66,5","132,50,5"]|14:03:45:195
62|1.1|636136524122930096|0|50630.1796875|9.41461465174|98.65921928599|-229833|-471857||50630.1796875|298||30031.25|296.25|50630.1796875|78083c|CSZ9038|0|2646|687.5|||3|3|1|1|1|132|50|["132,210,2,2180","132,82,5","132,66,5","132,50,5"]|14:03:50:180
62|1.1|636136524172855088|0|50635.1796875|9.42325671625|98.66309239001|-229400|-470903||50635.1796875|299.25||30075|296.75|50635.1796875|78083c|CSZ9038|0|2646|706.25|||3|3|1|1|1|132|51|["132,210,2,2180","132,82,5","132,66,5","132,50,5"]|14:03:55:180
62|1.1|636136524222780080|0|50640.1796875|9.43195778927|98.66718007043|-228943|-469942||50640.1796875|299.75||30156.25|297.5|50640.1796875|78083c|CSZ9038|0|2646|806.25|||3|3|1|1|1|132|50|["132,210,2,2180","132,82,5","132,66,5","132,50,5"]|14:04:00:180
62|1.1|636136524272695071|0|50645.15625|9.43995612458|98.67083323364|-228534|-469059||50645.15625|301||30118.75|299.25|50645.15625|78083c|CSZ9038|0|2646|1181.25|||3|3|1|1|1|132|50|["132,210,2,2180","132,82,5","132,66,5","132,50,5"]|14:04:05:156
62|1.1|636136524322620063|0|50650.15625|9.44868401965|98.6749423717|-228076|-468095||50650.15625|302.25||30250|300.75|50650.15625|78083c|CSZ9038|0|2646|1575|||3|3|1|1|1|132|50|["132,210,2,2180","132,82,5","132,66,5","132,50,5"]|14:04:10:156
62|1.1|636136524372535054|0|50655.140625|9.45784643193|98.67922853529|-227596|-467084||50655.140625|304.25||30400|302.25|50655.140625|78083c|CSZ9038|0|2646|1556.25|||3|3|1|1|1|132|83|["132,210,2,2180","132,82,5","132,66,5","132,50,5"]|14:04:15:141
62|1.1|636136524422470047|0|50660.140625|9.46538342798|98.68270467297|-227208|-466251||50660.140625|304.5||30481.25|303.25|50660.140625|78083c|CSZ9038|0|2646|1556.25|||3|3|1|1|1|132|50|["132,210,2,2180","132,82,5","132,66,5","132,50,5"]|14:04:20:141
62|1.1|636136524472385038|0|50665.140625|9.47471750138|98.68702838743|-226725|-465221||50665.140625|305.5||30550|303.25|50665.140625|78083c|CSZ9038|0|2646|943.75|||3|3|1|1|1|132|51|["132,210,2,2180","132,82,5","132,66,5","132,50,5"]|14:04:25:141
62|1.1|636136524522310030|0|50670.1171875|9.48297869278|98.69086394058|-226297|-464308||50670.1171875|306||30612.5|303.75|50670.1171875|78083c|CSZ9038|0|2646|750|||3|3|1|1|1|132|51|["132,210,2,2180","132,82,5","132,66,5","132,50,5"]|14:04:30:117
62|1.1|636136524572225021|0|50675.1171875|9.49030647684|98.69421669683|-225922|-463499||50675.1171875|306.25||30656.25|304.25|50675.1171875|78083c|CSZ9038|0|2646|668.75|||3|3|1|1|1|132|83|["132,210,2,2180","132,82,5","132,66,5","132,50,5"]|14:04:35:117
62|1.1|636136524622150013|0|50680.1015625|9.49934014328|98.69832583489|-225463|-462502||50680.1015625|306.75||30756.25|304.75|50680.1015625|78083c|CSZ9038|0|2646|650|||3|3|1|1|1|132|82|["132,210,2,2180","132,82,5","132,66,5","132,50,5"]|14:04:40:102
62|1.1|636136524672075005|0|50685.1015625|9.50822360624|98.70238669326|-225009|-461521||50685.1015625|308||30843.75|305.75|50685.1015625|78083c|CSZ9038|0|2646|843.75|||3|3|1|1|1|132|210|["132,210,2,2180","132,82,5","132,66,5","132,50,5"]|14:04:45:102
62|1.1|636136524721999997|0|50690.1015625|9.51673692491|98.70630271256|-224571|-460581||50690.1015625|309.75||30943.75|307.25|50690.1015625|78083c|CSZ9038|0|2646|1125|||3|3|1|1|1|132|50|["132,210,2,2180","132,82,5","132,66,5","132,50,5"]|14:04:50:102
62|1.1|636136524771914988|0|50695.078125|9.52594761688|98.71050304559|-224102|-459564||50695.078125|310.5||31081.25|308.5|50695.078125|78083c|CSZ9038|0|2646|1218.75|||3|3|1|1|1|132|50|["132,210,2,2180","132,82,5","132,66,5","132,50,5"]|14:04:55:078
62|1.1|636136524821839980|0|50700.078125|9.53482571543|98.7144780734|-223658|-458583||50700.078125|311.25||31200|309.5|50700.078125|78083c|CSZ9038|0|2646|1218.75|||3|3|1|1|1|132|50|["132,210,2,2180","132,82,5","132,66,5","132,50,5"]|14:05:00:078
62|1.1|636136524871754971|0|50705.0625|9.54368772075|98.71846919444|-223212|-457605||50705.0625|312||31350|310.25|50705.0625|78083c|CSZ9038|0|2646|1143.75|||3|3|1|1|1|132|50|["132,210,2,2180","132,82,5","132,66,5","132,50,5"]|14:05:05:063
62|1.1|636136524921679963|0|50710.0625|9.55231905644|98.72246031548|-222767|-456652||50710.0625|312.5||31350|310.25|50710.0625|78083c|CSZ9038|0|2646|1025|||3|3|1|1|1|132|50|["132,210,2,2180","132,82,5","132,66,5","132,50,5"]|14:05:10:063
62|1.1|636136524971604955|0|50715.0625|9.56124007027|98.72657481795|-222307|-455667||50715.0625|313.25||31368.75|311.25|50715.0625|78083c|CSZ9038|0|2646|868.75|||3|3|1|1|1|132|83|["132,210,2,2180","132,82,5","132,66,5","132,50,5"]|14:05:15:063
62|1.1|636136525021519946|0|50720.0390625|9.56960854987|98.73042646433|-221877|-454743||50720.0390625|314||31412.5|311.75|50720.0390625|78083c|CSZ9038|0|2646|787.5|||3|3|1|1|1|132|51|["132,210,2,2180","132,82,5","132,66,5","132,50,5"]|14:05:20:039
62|1.1|636136525071444938|0|50725.0390625|9.57808431767|98.73437467009|-221436|-453807||50725.0390625|314.5||31462.5|312.5|50725.0390625|78083c|CSZ9038|0|2646|768.75|||3|3|1|1|1|132|50|["132,210,2,2180","132,82,5","132,66,5","132,50,5"]|14:05:25:039
62|1.1|636136525121369930|0|50730.015625|9.58681221274|98.73832287585|-220995|-452843||50730.015625|315.25||31537.5|313.25|50730.015625|78083c|CSZ9038|0|2646|825|||3|3|1|1|1|132|50|["132,210,2,2180","132,82,5","132,66,5","132,50,5"]|14:05:30:016
62|1.1|636136525171284921|0|50735.015625|9.59565276042|98.74223889515|-220558|-451867||50735.015625|316.25||31631.25|314.25|50735.015625|78083c|CSZ9038|0|2646|981.25|||3|3|1|1|1|132|50|["132,210,2,2180","132,82,5","132,66,5","132,50,5"]|14:05:35:016
62|1.1|636136525221209913|0|50740.015625|9.60459523189|98.74614955004|-220121|-450879||50740.015625|317.25||31787.5|315.75|50740.015625|78083c|CSZ9038|0|2646|1143.75|||3|3|1|1|1|132|50|["132,210,2,2180","132,82,5","132,66,5","132,50,5"]|14:05:40:016
62|1.1|636136525271134905|0|50745|9.61262575366|98.75014067108|-219676|-449993||50745|318.5||31893.75|316.75|50745|78083c|CSZ9038|0|2646|1218.75|||3|3|1|1|1|132|82|["132,210,2,2180","132,82,5","132,66,5","132,50,5"]|14:05:45:000
62|1.1|636136525321049896|0|50750|9.62271084446|98.7549793689|-219136|-448879||50750|320||32012.5|317.75|50750|78083c|CSZ9038|0|2646|1162.5|||3|3|1|1|1|132|83|["132,210,2,2180","132,82,5","132,66,5","132,50,5"]|14:05:50:000
62|1.1|636136525370974888|0|50754.9765625|9.63004935734|98.75838576925|-218756|-448069||50754.9765625|320.75||32087.5|318.5|50754.9765625|78083c|CSZ9038|0|2646|1143.75|||3|3|1|1|1|132|83|["132,210,2,2180","132,82,5","132,66,5","132,50,5"]|14:05:54:977
62|1.1|636136525420899880|0|50759.9765625|9.63846075222|98.76223741563|-218326|-447140||50759.9765625|321.25||32150|319.25|50759.9765625|78083c|CSZ9038|0|2646|1025|||3|3|1|1|1|132|83|["132,210,2,2180","132,82,5","132,66,5","132,50,5"]|14:05:59:977
62|1.1|636136525470814871|0|50764.9765625|9.64712427437|98.76619635021|-217884|-446184||50764.9765625|321.75||32231.25|320.25|50764.9765625|78083c|CSZ9038|0|2646|981.25|||3|3|1|1|1|132|82|["132,210,2,2180","132,82,5","132,66,5","132,50,5"]|14:06:04:977
62|1.1|636136525520739863|0|50769.9609375|9.65599700851|98.76998898808|-217460|-445204||50769.9609375|322.5||32368.75|320.75|50769.9609375|78083c|CSZ9038|0|2646|943.75|||3|3|1|1|1|132|82|["132,210,2,2180","132,82,5","132,66,5","132,50,5"]|14:06:09:961
62|1.1|636136525570664855|0|50774.9609375|9.66534717514|98.77384599887|-217029|-444171||50774.9609375|323.5||32593.75|321.5|50774.9609375|78083c|CSZ9038|0|2646|906.25|||3|3|1|1|1|132|50|["132,210,2,2180","132,82,5","132,66,5","132,50,5"]|14:06:14:961
62|1.1|636136525620599848|0|50779.9375|9.67448276537|98.77842720501|-216519|-443162||50779.9375|324||32487.5|322.25|50779.9375|78083c|CSZ9038|0|2646|825|||3|3|1|1|1|132|50|["132,210,2,2180","132,82,5","132,66,5","132,50,5"]|14:06:19:938
62|1.1|636136525670504838|0|50784.9375|9.68279223646|98.78233249549|-216083|-442245||50784.9375|324.5||32500|322.5|50784.9375|78083c|CSZ9038|0|2646|731.25|||3|3|1|1|1|132|50|["132,210,2,2180","132,82,5","132,66,5","132,50,5"]|14:06:24:938
62|1.1|636136525720429830|0|50789.9375|9.69119290252|98.78631288771|-215639|-441318||50789.9375|325||32531.25|322.75|50789.9375|78083c|CSZ9038|0|2646|668.75|||3|3|1|1|1|132|50|["132,210,2,2180","132,82,5","132,66,5","132,50,5"]|14:06:29:938
62|1.1|636136525770344821|0|50794.921875|9.69975450088|98.79040056813|-215183|-440372||50794.921875|325.5||32568.75|323.5|50794.921875|78083c|CSZ9038|0|2646|650|||3|3|1|1|1|132|50|["132,210,2,2180","132,82,5","132,66,5","132,50,5"]|14:06:34:922
62|1.1|636136525820269813|0|50799.921875|9.70907248105|98.79465990967|-214708|-439343||50799.921875|326||32637.5|324.25|50799.921875|78083c|CSZ9038|0|2646|612.5|||3|3|1|1|1|132|50|["132,210,2,2180","132,82,5","132,66,5","132,50,5"]|14:06:39:922
62|1.1|636136525870194805|0|50804.8984375|9.71803104575|98.79867785276|-214260|-438354||50804.8984375|326.5||32700|324.5|50804.8984375|78083c|CSZ9038|0|2646|568.75|||3|3|1|1|1|132|50|["132,210,2,2180","132,82,5","132,66,5","132,50,5"]|14:06:44:898
62|1.1|636136525920119797|0|50809.8984375|9.72709689865|98.80265288057|-213816|-437353||50809.8984375|326.75||32787.5|324.75|50809.8984375|78083c|CSZ9038|0|2646|531.25|||3|3|1|1|1|132|50|["132,210,2,2180","132,82,5","132,66,5","132,50,5"]|14:06:49:898
62|1.1|636136525970054790|0|50814.8984375|9.73621103124|98.80663327279|-213371|-436347||50814.8984375|327.25||32912.5|325.25|50814.8984375|78083c|CSZ9038|0|2646|531.25|||3|3|1|1|1|132|82|["132,210,2,2180","132,82,5","132,66,5","132,50,5"]|14:06:54:898
62|1.1|636136526019959780|0|50819.875|9.74531443501|98.81038299538|-212952|-435341||50819.875|327.75||33037.5|325.5|50819.875|78083c|CSZ9038|0|2646|493.75|||3|3|1|1|1|132|82|["132,210,2,2180","132,82,5","132,66,5","132,50,5"]|14:06:59:875
62|1.1|636136526069874771|0|50824.875|9.75462705077|98.81421318412|-212524|-434312||50824.875|328||33062.5|326.25|50824.875|78083c|CSZ9038|0|2646|512.5|||3|3|1|1|1|132|82|["132,210,2,2180","132,82,5","132,66,5","132,50,5"]|14:07:04:875
62|1.1|636136526119799763|0|50829.859375|9.76253955552|98.81850471212|-212047|-433439||50829.859375|328.5||32893.75|326.5|50829.859375|78083c|CSZ9038|0|2646|512.5|||3|3|1|1|1|132|82|["132,210,2,2180","132,82,5","132,66,5","132,50,5"]|14:07:09:859
62|1.1|636136526169724755|0|50834.859375|9.77125672177|98.82303227416|-211543|-432477||50834.859375|329.25||32912.5|326.75|50834.859375|78083c|CSZ9038|0|2646|0|||3|3|0|1|1|132|83|["132,210,2,2180","132,82,5","132,66,5","132,50,5"]|14:07:14:859
62|1.1|636136526219639746|0|50839.859375|9.78037085436|98.82703412402|-211096|-431470||50839.859375|329.5||32943.75|327|50839.859375|78083c|CSZ9038|0|2646|0|||3|3|0|1|1|132|82|["132,210,2,2180","132,82,5","132,66,5","132,50,5"]|14:07:19:859
62|1.1|636136526269564738|0|50844.8359375|9.78955472428|98.83106279593|-210646|-430457||50844.8359375|329.75||32993.75|327.5|50844.8359375|78083c|CSZ9038|0|2646|0|||3|3|0|1|1|132|82|["132,210,2,2180","132,82,5","132,66,5","132,50,5"]|14:07:24:836
62|1.1|636136526319489730|0|50849.8359375|9.79886734004|98.83507537461|-210199|-429428||50849.8359375|330||33106.25|327.75|50849.8359375|78083c|CSZ9038|0|2646|0|||3|3|0|1|1|132|82|["132,210,2,2180","132,82,5","132,66,5","132,50,5"]|14:07:29:836
62|1.1|636136526369404721|0|50854.8203125|9.80848036276|98.83893774981|-209767|-428366||50854.8203125|330||33256.25|327.75|50854.8203125|78083c|CSZ9038|0|2646|0|||3|3|0|1|1|132|82|["132,210,2,2180","132,82,5","132,66,5","132,50,5"]|14:07:34:820
62|1.1|636136526419339714|0|50859.8203125|9.81798609728|98.84304688787|-209309|-427316||50859.8203125|330||33262.5|327.75|50859.8203125|78083c|CSZ9038|0|2646|0|||3|3|0|1|1|132|50|["132,210,2,2180","132,82,5","132,66,5","132,50,5"]|14:07:39:820
62|1.1|636136526469264706|0|50864.8203125|9.82740063683|98.84704873773|-208862|-426277||50864.8203125|330||33256.25|327.75|50864.8203125|78083c|CSZ9038|0|2646|0|||3|3|0|1|1|132|83|["132,210,2,2180","132,82,5","132,66,5","132,50,5"]|14:07:44:820
62|1.1|636136526519179697|0|50869.796875|9.83674007464|98.85125443517|-208393|-425245||50869.796875|330||33243.75|327.75|50869.796875|78083c|CSZ9038|0|2646|0|||3|3|0|1|1|132|83|["132,210,2,2180","132,82,5","132,66,5","132,50,5"]|14:07:49:797
62|1.1|636136526569094688|0|50874.796875|9.84614924978|98.85535284441|-207936|-424206||50874.796875|330||33256.25|327.75|50874.796875|78083c|CSZ9038|0|2646|0|||3|3|0|1|1|132|50|["132,210,2,2180","132,82,5","132,66,5","132,50,5"]|14:07:54:797
62|1.1|636136526619019680|0|50879.78125|9.85557988256|98.8594780757|-207476|-423165||50879.78125|330||33243.75|327.75|50879.78125|78083c|CSZ9038|0|2646|0|||3|3|0|1|1|132|50|["132,210,2,2180","132,82,5","132,66,5","132,50,5"]|14:07:59:781
62|1.1|636136526668944672|0|50884.78125|9.86507488826|98.86362476463|-207013|-422116||50884.78125|330||33225|327.75|50884.78125|78083c|CSZ9038|0|2646|0|||3|3|0|1|1|132|50|["132,210,2,2180","132,82,5","132,66,5","132,50,5"]|14:08:04:781
62|1.1|636136526718859663|0|50889.78125|9.87455916514|98.86799675878|-206526|-421069||50889.78125|330||33225|327.75|50889.78125|78083c|CSZ9038|0|2646|0|||3|3|0|1|1|132|50|["132,210,2,2180","132,82,5","132,66,5","132,50,5"]|14:08:09:781
62|1.1|636136526768784655|0|50894.7578125|9.883925425|98.87417119469|-205841|-420036||50894.7578125|330||33018.75|327.75|50894.7578125|78083c|CSZ9038|0|2646|0|||3|3|0|1|1|132|83|["132,210,2,2180","132,82,5","132,66,5","132,50,5"]|14:08:14:758
62|1.1|636136526818709647|0|50899.7578125|9.89244410808|98.87852709561|-205356|-419096||50899.7578125|330||32981.25|327.75|50899.7578125|78083c|CSZ9038|0|2646|0|||3|3|0|1|1|132|83|["132,210,2,2180","132,82,5","132,66,5","132,50,5"]|14:08:19:758
62|1.1|636136526868624638|0|50904.7421875|9.90182646117|98.88287226771|-204872|-418060||50904.7421875|330||32950|327.75|50904.7421875|78083c|CSZ9038|0|2646|0|||3|3|0|1|1|132|82|["132,210,2,2180","132,82,5","132,66,5","132,50,5"]|14:08:24:742
62|1.1|636136526918549630|0|50909.7421875|9.91147703476|98.88724426186|-204385|-416994||50909.7421875|330||32943.75|327.75|50909.7421875|78083c|CSZ9038|0|2646|0|||3|3|0|1|1|132|82|["132,210,2,2180","132,82,5","132,66,5","132,50,5"]|14:08:29:742
62|1.1|636136526968474622|0|50914.7421875|9.921476295|98.89215269701|-203838|-415890||50914.7421875|330||33006.25|327.75|50914.7421875|78083c|CSZ9038|0|2646|0|||3|3|0|1|1|132|82|["132,210,2,2180","132,82,5","132,66,5","132,50,5"]|14:08:34:742
62|1.1|636136527018389613|0|50919.71875|9.93256989488|98.8976190308|-203230|-414666||50919.71875|330||33000|327.75|50919.71875|78083c|CSZ9038|0|2646|0|||3|3|0|1|1|132|83|["132,210,2,2180","132,82,5","132,66,5","132,50,5"]|14:08:39:719
62|1.1|636136527068314605|0|50924.71875|9.94069161162|98.90143849072|-202805|-413769||50924.71875|330||33006.25|327.75|50924.71875|78083c|CSZ9038|0|2646|0|||3|3|0|1|1|132|83|["132,210,2,2180","132,82,5","132,66,5","132,50,5"]|14:08:44:719
62|1.1|636136527118239597|0|50929.6953125|9.95046556664|98.90589095102|-202309|-412690||50929.6953125|330||33012.5|327.75|50929.6953125|78083c|CSZ9038|0|2646|0|||3|3|0|1|1|132|83|["132,210,2,2180","132,82,5","132,66,5","132,50,5"]|14:08:49:695
62|1.1|636136527168154588|0|50934.6953125|9.95982646209|98.91033804691|-201814|-411656||50934.6953125|330.25||33018.75|327.75|50934.6953125|78083c|CSZ9038|0|2646|0|||3|3|0|1|1|132|82|["132,210,2,2180","132,82,5","132,66,5","132,50,5"]|14:08:54:695
62|1.1|636136527218079580|0|50939.6953125|9.96984717997|98.91461348168|-201337|-410549||50939.6953125|330.5||33056.25|328|50939.6953125|78083c|CSZ9038|0|2646|0|||3|3|0|1|1|132|50|["132,210,2,2180","132,82,5","132,66,5","132,50,5"]|14:08:59:695
62|1.1|636136527268014573|0|50944.6796875|9.98039361003|98.91951118801|-200792|-409385||50944.6796875|331||33118.75|328.5|50944.6796875|78083c|CSZ9038|0|2646|0|||3|3|0|1|1|132|50|["132,210,2,2180","132,82,5","132,66,5","132,50,5"]|14:09:04:680
62|1.1|636136527317919563|0|50949.6796875|9.9901943871|98.92407630092|-200283|-408303||50949.6796875|331.5||33162.5|329.25|50949.6796875|78083c|CSZ9038|0|2646|450|||3|3|1|1|1|132|50|["132,210,2,2180","132,82,5","132,66,5","132,50,5"]|14:09:09:680
62|1.1|636136527367844555|0|50954.65625|9.99934070615|98.92845902389|-199796|-407293||50954.65625|332.25||33206.25|330.25|50954.65625|78083c|CSZ9038|0|2646|587.5|||3|3|1|1|1|132|83|["132,210,2,2180","132,82,5","132,66,5","132,50,5"]|14:09:14:656
62|1.1|636136527417769547|0|50959.65625|10.00864259309|98.93284174686|-199308|-406266||50959.65625|332.5||33262.5|330.5|50959.65625|78083c|CSZ9038|0|2646|612.5|||3|3|1|1|1|132|50|["132,210,2,2180","132,82,5","132,66,5","132,50,5"]|14:09:19:656
62|1.1|636136527467684538|0|50964.65625|10.01845946339|98.93733712244|-198807|-405182||50964.65625|333.25||33325|331.25|50964.65625|78083c|CSZ9038|0|2646|650|||3|3|1|1|1|132|82|["132,210,2,2180","132,82,5","132,66,5","132,50,5"]|14:09:24:656
62|1.1|636136527517609530|0|50969.640625|10.02840507953|98.9419827015|-198290|-404084||50969.640625|333.75||33381.25|331.5|50969.640625|78083c|CSZ9038|0|2646|631.25|||3|3|1|1|1|132|82|["132,210,2,2180","132,82,5","132,66,5","132,50,5"]|14:09:29:641
62|1.1|636136527567534522|0|50974.640625|10.03865110263|98.94666046702|-197769|-402953||50974.640625|334||33443.75|332.25|50974.640625|78083c|CSZ9038|0|2646|587.5|||3|3|1|1|1|132|82|["132,210,2,2180","132,82,5","132,66,5","132,50,5"]|14:09:34:641
62|1.1|636136527617449513|0|50979.6171875|10.04821584566|98.95105928322|-197280|-401896||50979.6171875|334.25||33450|332.25|50979.6171875|78083c|CSZ9038|0|2646|493.75|||3|3|1|1|1|132|82|["132,210,2,2180","132,82,5","132,66,5","132,50,5"]|14:09:39:617
62|1.1|636136527667374505|0|50984.6171875|10.0588588351|98.95594089632|-196736|-400721||50984.6171875|335||33512.5|332.75|50984.6171875|78083c|CSZ9038|0|2646|512.5|||3|3|1|1|1|132|83|["132,210,2,2180","132,82,5","132,66,5","132,50,5"]|14:09:44:617
62|1.1|636136527717289496|0|50989.6171875|10.06938380752|98.96082250942|-196193|-399559||50989.6171875|335.5||33600|333.5|50989.6171875|78083c|CSZ9038|0|2646|587.5|||3|3|1|1|1|132|82|["132,210,2,2180","132,82,5","132,66,5","132,50,5"]|14:09:49:617
62|1.1|636136527767224489|0|50994.6015625|10.07927041515|98.96539298674|-195684|-398468||50994.6015625|336.75||33668.75|334.5|50994.6015625|78083c|CSZ9038|0|2646|906.25|||3|3|1|1|1|132|82|["132,210,2,2180","132,82,5","132,66,5","132,50,5"]|14:09:54:602
62|1.1|636136527817149481|0|50999.6015625|10.08865276824|98.96980789617|-195193|-397432||50999.6015625|338.25||33762.5|336.25|50999.6015625|78083c|CSZ9038|0|2646|1262.5|||3|3|1|1|1|132|82|["132,210,2,2180","132,82,5","132,66,5","132,50,5"]|14:09:59:602
62|1.1|636136527867064472|0|51004.578125|10.09866812171|98.97434618703|-194688|-396326||51004.578125|340||33868.75|338.25|51004.578125|78083c|CSZ9038|0|2646|1868.75|||3|3|1|1|1|132|82|["132,210,2,2180","132,82,5","132,66,5","132,50,5"]|14:10:04:578
62|1.1|636136527916979463|0|51009.578125|10.10922528059|98.9791580628|-194153|-395160||51009.578125|341.75||34150|340.25|51009.578125|78083c|CSZ9038|0|2646|1987.5|||3|3|1|1|1|132|82|["132,210,2,2180","132,82,5","132,66,5","132,50,5"]|14:10:09:578
62|1.1|636136527966904455|0|51014.578125|10.1193157358|98.9837178113|-193645|-394046||51014.578125|343.75||34343.75|341.75|51014.578125|78083c|CSZ9038|0|2646|2087.5|||3|3|1|1|1|132|82|["132,210,2,2180","132,82,5","132,66,5","132,50,5"]|14:10:14:578
62|1.1|636136528016829447|0|51019.5625|10.12970659797|98.98821318688|-193144|-392898||51019.5625|345.25||34618.75|343.75|51019.5625|78083c|CSZ9038|0|2646|2050|||3|3|1|1|1|132|82|["132,210,2,2180","132,82,5","132,66,5","132,50,5"]|14:10:19:563
62|1.1|636136528066744438|0|51024.5625|10.13979705318|98.99262809631|-192653|-391784||51024.5625|346.5||34862.5|344.5|51024.5625|78083c|CSZ9038|0|2646|1518.75|||3|3|1|1|1|132|50|["132,210,2,2180","132,82,5","132,66,5","132,50,5"]|14:10:24:563
62|1.1|636136528116669430|0|51029.5390625|10.14979094901|98.99695717518|-192171|-390680||51029.5390625|347.5||35012.5|345.25|51029.5390625|78083c|CSZ9038|0|2646|1300|||3|3|1|1|1|132|50|["132,210,2,2180","132,82,5","132,66,5","132,50,5"]|14:10:29:539
62|1.1|636136528166594422|0|51034.5390625|10.15961318372|99.00146327958|-191670|-389596||51034.5390625|348.5||35131.25|346.25|51034.5390625|78083c|CSZ9038|0|2646|1237.5|||3|3|1|1|1|132|50|["132,210,2,2180","132,82,5","132,66,5","132,50,5"]|14:10:34:539
62|1.1|636136528216509413|0|51039.5390625|10.16833571438|99.00585673137|-191182|-388633||51039.5390625|349.25||35000|347.25|51039.5390625|78083c|CSZ9038|0|2646|0|||3|3|0|1|1|132|50|["132,210,2,2180","132,82,5","132,66,5","132,50,5"]|14:10:39:539
62|1.1|636136528266444406|0|51044.515625|10.176822211|99.00987467446|-190735|-387696||51044.515625|349.75||35018.75|347.5|51044.515625|78083c|CSZ9038|0|2646|0|||3|3|0|1|1|132|83|["132,210,2,2180","132,82,5","132,66,5","132,50,5"]|14:10:44:516
62|1.1|636136528316349396|0|51049.515625|10.18643523372|99.0145095247|-190220|-386635||51049.515625|350||35031.25|347.75|51049.515625|78083c|CSZ9038|0|2646|0|||3|3|0|1|1|132|83|["132,210,2,2180","132,82,5","132,66,5","132,50,5"]|14:10:49:516
62|1.1|636136528366284389|0|51054.5|10.19604825644|99.01894052736|-189727|-385573||51054.5|350||35068.75|347.75|51054.5|78083c|CSZ9038|0|2646|0|||3|3|0|1|1|132|82|["132,210,2,2180","132,82,5","132,66,5","132,50,5"]|14:10:54:500
62|1.1|636136528416199380|0|51059.5|10.20505510083|99.02325887741|-189247|-384579||51059.5|350.25||35050|348|51059.5|78083c|CSZ9038|0|2646|0|||3|3|0|1|1|132|82|["132,210,2,2180","132,82,5","132,66,5","132,50,5"]|14:10:59:500
62|1.1|636136528466124372|0|51064.5|10.21438380982|99.02771133771|-188752|-383549||51064.5|350.25||35043.75|348|51064.5|78083c|CSZ9038|0|2646|0|||3|3|0|1|1|132|82|["132,210,2,2180","132,82,5","132,66,5","132,50,5"]|14:11:04:500
