62|1.1|636136510304298371|0|49248.3359375|16.08279085814|100.98863386234|25677|265272||49248.3359375|360||36000|360|49248.3359375|780d46|CBJ377|0|2184|0|||3|3|0|1|1|132|98|["132,18,5,3695","132,98,5,3870","132,114,5,408","132,178,5,1724","132,146,5,1715","132,162,5"]|13:40:48:336
62|1.1|636136510354223363|0|49253.3359375|16.07179918205|100.98667585269|25468|264055||49253.3359375|360||36000|360|49253.3359375|780d46|CBJ377|0|2184|0|||3|3|0|1|1|132|18|["132,18,5,3695","132,98,5,3870","132,114,5,408","132,178,5,1724","132,146,5,1715","132,162,5"]|13:40:53:336
62|1.1|636136510404138354|0|49258.3203125|16.06134931137|100.98478221596|25267|262898||49258.3203125|360||36000|360|49258.3203125|780d46|CBJ377|0|2184|0|||3|3|0|1|1|132|178|["132,18,5,3695","132,98,5,3870","132,114,5,408","132,178,5,1724","132,146,5,1715","132,162,5"]|13:40:58:320
62|1.1|636136510454063346|0|49263.3203125|16.05025034708|100.98272228252|25047|261669||49263.3203125|360||36000|360|49263.3203125|780d46|CBJ377|0|2184|0|||3|3|0|1|1|132|5|["132,18,5,3695","132,98,5,3870","132,114,5,408","132,178,5,1724","132,146,5,1715","132,162,5"]|13:41:03:320
62|1.1|636136510503978337|0|49268.296875|16.04090018045|100.98103249337|24868|260633||49268.296875|360||35993.75|360|49268.296875|780d46|CBJ377|0|2184|0|||3|3|0|1|1|132|18|["132,18,5,3695","132,98,5,3870","132,114,5,408","132,178,5,1724","132,146,5,1715","132,162,5"]|13:41:08:297
62|1.1|636136510553903329|0|49273.296875|16.03109940338|100.9792783313|24681|259548||49273.296875|360||35993.75|360|49273.296875|780d46|CBJ377|0|2184|0|||3|3|0|1|1|132|114|["132,18,5,3695","132,98,5,3870","132,114,5,408","132,178,5,1724","132,146,5,1715","132,162,5"]|13:41:13:297
62|1.1|636136510603838322|0|49278.296875|16.02084801587|100.9774007878|24481|258413||49278.296875|360||36000|360|49278.296875|780d46|CBJ377|0|2184|0|||3|3|0|1|1|132|114|["132,18,5,3695","132,98,5,3870","132,114,5,408","132,178,5,1724","132,146,5,1715","132,162,5"]|13:41:18:297
62|1.1|636136510653743312|0|49283.28125|16.01022111966|100.97555543076|24285|257236||49283.28125|360||36000|360|49283.28125|780d46|CBJ377|0|2184|0|||3|3|0|1|1|132|114|["132,18,5,3695","132,98,5,3870","132,114,5,408","132,178,5,1724","132,146,5,1715","132,162,5"]|13:41:23:281
62|1.1|636136510703668304|0|49288.28125|16.00114453794|100.9739675654|24115|256231||49288.28125|360||36000|360|49288.28125|780d46|CBJ377|0|2184|0|||3|3|0|1|1|132|18|["132,18,5,3695","132,98,5,3870","132,114,5,408","132,178,5,1724","132,146,5,1715","132,162,5"]|13:41:28:281
62|1.1|636136510753593296|0|49293.2578125|15.98949840383|100.9719827337|23905|254942||49293.2578125|360||36012.5|360|49293.2578125|780d46|CBJ377|0|2184|0|||3|3|0|1|1|132|18|["132,18,5,3695","132,98,5,3870","132,114,5,408","132,178,5,1724","132,146,5,1715","132,162,5"]|13:41:33:258
62|1.1|636136510803508287|0|49298.2578125|15.97905926197|100.97009982579|23704|253786||49298.2578125|360||36006.25|360|49298.2578125|780d46|CBJ377|0|2184|0|||3|3|0|1|1|132|114|["132,18,5,3695","132,98,5,3870","132,114,5,408","132,178,5,1724","132,146,5,1715","132,162,5"]|13:41:38:258
62|1.1|636136510853433279|0|49303.2578125|15.96897953558|100.96815790937|23497|252670||49303.2578125|360||36006.25|360|49303.2578125|780d46|CBJ377|0|2184|0|||3|3|0|1|1|132|163|["132,18,5,3695","132,98,5,3870","132,114,5,408","132,178,5,1724","132,146,5,1715","132,162,5"]|13:41:43:258
62|1.1|636136510903358271|0|49308.2421875|15.95883543627|100.96626963705|23296|251547||49308.2421875|360||36000|360|49308.2421875|780d46|CBJ377|0|2184|0|||3|3|0|1|1|132|5|["132,18,5,3695","132,114,5,408","132,178,5,1724","132,146,5,1715","132,162,5"]|13:41:48:242
62|1.1|636136510953273262|0|49313.2421875|15.94863769286|100.96445646647|23103|250418||49313.2421875|360||36000|360|49313.2421875|780d46|CBJ377|0|2184|0|||3|3|0|1|1|132|163|["132,18,5,3695","132,114,5,408","132,178,5,1724","132,146,5,1715","132,162,5"]|13:41:53:242
62|1.1|636136511003198254|0|49318.21875|15.93871353436|100.96279886378|22926|249319||49318.21875|360||36006.25|360|49318.21875|780d46|CBJ377|0|2184|0|||3|3|0|1|1|132|18|["132,18,5,3695","132,114,5,408","132,178,5,1724","132,146,5,1715","132,162,5"]|13:41:58:219
62|1.1|636136511053123246|0|49323.21875|15.92733562075|100.96074965916|22708|248059||49323.21875|360||36006.25|360|49323.21875|780d46|CBJ377|0|2184|0|||3|3|0|1|1|132|114|["132,18,5,3695","132,114,5,408","132,178,5,1724","132,146,5,1715","132,162,5"]|13:42:03:219
62|1.1|636136511103038237|0|49328.21875|15.91880620885|100.95911887852|22534|247115||49328.21875|360||36000|360|49328.21875|780d46|CBJ377|0|2184|0|||3|3|0|1|1|132|114|["132,18,5,3695","132,114,5,408","132,178,5,1724","132,146,5,1715","132,162,5"]|13:42:08:219
62|1.1|636136511152963229|0|49333.1953125|15.90879085538|100.9572842503|22339|246006||49333.1953125|360||36000|360|49333.1953125|780d46|CBJ377|0|2184|0|||3|3|0|1|1|132|18|["132,18,5,3695","132,114,5,408","132,178,5,1724","132,146,5,1715","132,162,5"]|13:42:13:195
62|1.1|636136511202888221|0|49338.1953125|15.8975899673|100.95538524916|22137|244766||49338.1953125|360||36012.5|360|49338.1953125|780d46|CBJ377|0|2184|0|||3|3|0|1|1|132|18|["132,18,5,3695","132,114,5,408","132,178,5,1724","132,146,5,1715","132,162,5"]|13:42:18:195
62|1.1|636136511252803212|0|49343.1796875|15.88534838368|100.95317511224|21901|243411||49343.1796875|360||36006.25|360|49343.1796875|780d46|CBJ377|0|2184|0|||3|3|0|1|1|132|147|["132,18,5,3695","132,114,5,408","132,178,5,1724","132,146,5,1715","132,162,5"]|13:42:23:180
62|1.1|636136511302728204|0|49348.1796875|15.87506480971|100.95124392464|21695|242272||49348.1796875|360||36000|360|49348.1796875|780d46|CBJ377|0|2184|0|||3|3|0|1|1|132|163|["132,18,5,3695","132,114,5,408","132,178,5,1724","132,146,5,1715","132,162,5"]|13:42:28:180
62|1.1|636136511352653196|0|49353.1796875|15.86609015178|100.94960241518|21520|241278||49353.1796875|360||36000|360|49353.1796875|780d46|CBJ377|0|2184|0|||3|3|0|1|1|132|114|["132,18,5,3695","132,114,5,408","132,178,5,1724","132,146,5,1715","132,162,5"]|13:42:33:180
62|1.1|636136511402578188|0|49358.15625|15.85550080644|100.94760149025|21307|240106||49358.15625|359.75||35987.5|360|49358.15625|780d46|CBJ377|0|2184|0|||3|3|0|1|1|132|18|["132,18,5,3695","132,114,5,408","132,178,5,1724","132,146,5,1715","132,162,5"]|13:42:38:156
62|1.1|636136511452503180|0|49363.15625|15.84653687733|100.94592779433|21128|239113||49363.15625|359.75||35975|359.75|49363.15625|780d46|CBJ377|0|2184|0|||3|3|0|1|1|132|18|["132,18,5,3695","132,114,5,408","132,178,5,1724","132,146,5,1715","132,162,5"]|13:42:43:156
62|1.1|636136511502418171|0|49368.140625|15.83507849757|100.94394832704|20917|237845||49368.140625|359.75||35975|359.75|49368.140625|780d46|CBJ377|0|2184|0|||3|3|0|1|1|132|5|["132,18,5,3695","132,114,5,408","132,178,5,1724","132,146,5,1715","132,162,5"]|13:42:48:141
62|1.1|636136511552333162|0|49373.140625|15.82492903385|100.94207078354|20717|236721||49373.140625|360||35975|359.75|49373.140625|780d46|CBJ377|0|2184|0|||3|3|0|1|1|132|114|["132,18,5,3695","132,114,5,408","132,178,5,1724","132,146,5,1715","132,162,5"]|13:42:53:141
62|1.1|636136511599167845|0|49377.8203125|15.81529455349|100.94032735029|20531|235654||49377.8203125|359.75||35975|359.75|49377.8203125|780d46|CBJ377|0|2184|0|||3|3|0|1|1|132|18|["132,18,5,3695","132,114,5,408","132,178,5,1724","132,146,5,1715","132,162,5"]|13:42:57:820
62|1.1|636136511649082836|0|49382.8203125|15.80485004722|100.93842298474|20328|234498||49382.8203125|359.75||35975|359.75|49382.8203125|780d46|CBJ377|0|2184|0|||3|3|0|1|1|132|114|["132,18,5,3695","132,114,5,408","132,178,5,1724","132,146,5,1715","132,162,5"]|13:43:02:820
62|1.1|636136511698997827|0|49387.796875|15.79439481213|100.93655080565|20128|233340||49387.796875|359.75||35981.25|359.75|49387.796875|780d46|CBJ377|0|2184|0|||3|3|0|1|1|132|162|["132,18,5,3695","132,114,5,408","132,178,5,1724","132,146,5,1715","132,162,5"]|13:43:07:797
62|1.1|636136511748922819|0|49392.796875|15.78362307685|100.93460888923|19921|232148||49392.796875|359.75||35975|359.75|49392.796875|780d46|CBJ377|0|2184|0|||3|3|0|1|1|132|162|["132,18,5,3695","132,114,5,408","132,178,5,1724","132,146,5,1715","132,162,5"]|13:43:12:797
62|1.1|636136511798847811|0|49397.78125|15.7741012491|100.93283326952|19732|231094||49397.78125|359.75||35968.75|359.75|49397.78125|780d46|CBJ377|0|2184|0|||3|3|0|1|1|132|162|["132,18,5,3695","132,114,5,408","132,178,5,1724","132,146,5,1715","132,162,5"]|13:43:17:781
62|1.1|636136511848772803|0|49402.78125|15.76401079389|100.9309986413|19536|229977||49402.78125|359.75||35968.75|359.75|49402.78125|780d46|CBJ377|0|2184|0|||3|3|0|1|1|132|147|["132,18,5,3695","132,114,5,408","132,178,5,1724","132,146,5,1715","132,162,5"]|13:43:22:781
62|1.1|636136511898687794|0|49407.78125|15.7537164911|100.92911573339|19335|228838||49407.78125|359.75||35968.75|359.75|49407.78125|780d46|CBJ377|0|2184|0|||3|3|0|1|1|132|162|["132,18,5,3695","132,114,5,408","132,178,5,1724","132,146,5,1715","132,162,5"]|13:43:27:781
62|1.1|636136511948612786|0|49412.7578125|15.74322906955|100.92716308815|19127|227676||49412.7578125|359.75||35968.75|359.75|49412.7578125|780d46|CBJ377|0|2184|0|||3|3|0|1|1|132|162|["132,18,5,3695","132,114,5,408","132,178,5,1724","132,146,5,1715","132,162,5"]|13:43:32:758
62|1.1|636136511998527777|0|49417.7578125|15.73218911377|100.92527481583|18925|226454||49417.7578125|359.75||35981.25|359.75|49417.7578125|780d46|CBJ377|0|2184|0|||3|3|0|1|1|132|162|["132,18,5,3695","132,114,5,408","132,178,5,1724","132,146,5,1715","132,162,5"]|13:43:37:758
62|1.1|636136512048462770|0|49422.7421875|15.72160513284|100.9233811791|18723|225282||49422.7421875|359.75||35981.25|359.75|49422.7421875|780d46|CBJ377|0|2184|0|||3|3|0|1|1|132|162|["132,18,5,3695","132,114,5,408","132,178,5,1724","132,146,5,1715","132,162,5"]|13:43:42:742
62|1.1|636136512098387762|0|49427.7421875|15.71253391553|100.92163774585|18537|224278||49427.7421875|359.75||35968.75|359.75|49427.7421875|780d46|CBJ377|0|2184|0|||3|3|0|1|1|132|162|["132,18,5,3695","132,114,5,408","132,178,5,1724","132,146,5,1715","132,162,5"]|13:43:47:742
62|1.1|636136512148302753|0|49432.7421875|15.70198212106|100.91978165999|18339|223110||49432.7421875|359.75||35975|359.75|49432.7421875|780d46|CBJ377|0|2184|0|||3|3|0|1|1|132|147|["132,18,5,3695","132,114,5,408","132,178,5,1724","132,146,5,1715","132,162,5"]|13:43:52:742
62|1.1|636136512198237746|0|49437.71875|15.69158589448|100.91793630295|18142|221959||49437.71875|359.75||35968.75|359.75|49437.71875|780d46|CBJ377|0|2184|0|||3|3|0|1|1|132|5|["132,18,5,3695","132,114,5,408","132,178,5,1724","132,146,5,1715","132,162,5"]|13:43:57:719
62|1.1|636136512248142736|0|49442.71875|15.6818333971|100.91612313237|17948|220879||49442.71875|359.75||35968.75|359.75|49442.71875|780d46|CBJ377|0|2184|0|||3|3|0|1|1|132|162|["132,18,5,3695","132,114,5,408","132,178,5,1724","132,146,5,1715","132,162,5"]|13:44:02:719
62|1.1|636136512298057727|0|49447.6953125|15.67270853569|100.91439042794|17763|219869||49447.6953125|359.75||35975|359.75|49447.6953125|780d46|CBJ377|0|2184|0|||3|3|0|1|1|132|162|["132,18,5,3695","132,114,5,408","132,178,5,1724","132,146,5,1715","132,162,5"]|13:44:07:695
62|1.1|636136512348002721|0|49452.6953125|15.66324035204|100.91266308792|17579|218821||49452.6953125|360||35968.75|360|49452.6953125|780d46|CBJ377|0|2184|0|||3|3|0|1|1|132|162|["132,18,5,3695","132,114,5,408","132,178,5,1724","132,146,5,1715","132,162,5"]|13:44:12:695
62|1.1|636136512397907711|0|49457.6953125|15.65281730341|100.91086064616|17386|217667||49457.6953125|360||35981.25|360|49457.6953125|780d46|CBJ377|0|2184|0|||3|3|0|1|1|132|162|["132,18,5,3695","132,114,5,408","132,178,5,1724","132,146,5,1715","132,162,5"]|13:44:17:695
62|1.1|636136512447832703|0|49462.6796875|15.64249617857|100.90907966204|17196|216525||49462.6796875|360||35981.25|359.75|49462.6796875|780d46|CBJ377|0|2184|0|||3|3|0|1|1|132|147|["132,18,5,3695","132,114,5,408","132,178,5,1724","132,146,5,1715","132,162,5"]|13:44:22:680
62|1.1|636136512497777697|0|49467.6796875|15.6305496375|100.90706800829|16981|215202||49467.6796875|360||35981.25|359.75|49467.6796875|780d46|CBJ377|0|2184|0|||3|3|0|1|1|132|162|["132,18,5,3695","132,114,5,408","132,178,5,1724","132,146,5,1715","132,162,5"]|13:44:27:680
62|1.1|636136512547682687|0|49472.65625|15.62100635211|100.90526556653|16789|214146||49472.65625|360||35993.75|360|49472.65625|780d46|CBJ377|0|2184|0|||3|3|0|1|1|132|162|["132,18,5,3695","132,114,5,408","132,178,5,1724","132,146,5,1715","132,162,5"]|13:44:32:656
62|1.1|636136512597597678|0|49477.65625|15.61100172746|100.90341484508|16591|213038||49477.65625|360||36006.25|360|49477.65625|780d46|CBJ377|0|2184|0|||3|3|0|1|1|132|162|["132,18,5,3695","132,114,5,408","132,178,5,1724","132,146,5,1715","132,162,5"]|13:44:37:656
62|1.1|636136512647512669|0|49482.65625|15.60084153492|100.90156412363|16393|211913||49482.65625|360||36006.25|360|49482.65625|780d46|CBJ377|0|2184|0|||3|3|0|1|1|132|162|["132,18,5,3695","132,114,5,408","132,178,5,1724","132,146,5,1715","132,162,5"]|13:44:42:656
62|1.1|636136512697447662|0|49487.640625|15.58881989211|100.89954174106|16177|210582||49487.640625|360||36006.25|360|49487.640625|780d46|CBJ377|0|2184|0|||3|3|0|1|1|132|162|["132,18,5,3695","132,114,5,408","132,178,5,1724","132,146,5,1715","132,162,5"]|13:44:47:641
62|1.1|636136512747362653|0|49492.640625|15.57870261485|100.8976856552|15979|209463||49492.640625|360||36006.25|360|49492.640625|780d46|CBJ377|0|2184|0|||3|3|0|1|1|132|162|["132,18,5,3695","132,114,5,408","132,178,5,1724","132,146,5,1715","132,162,5"]|13:44:52:641
62|1.1|636136512797277644|0|49497.6171875|15.56943827878|100.89593149313|15791|208437||49497.6171875|360||35993.75|360|49497.6171875|780d46|CBJ377|0|2184|0|||3|3|0|1|1|132|162|["132,18,5,3695","132,114,5,408","132,178,5,1724","132,146,5,1715","132,162,5"]|13:44:57:617
62|1.1|636136512847222638|0|49502.6171875|15.55918152686|100.89408077168|15593|207302||49502.6171875|360||36000|360|49502.6171875|780d46|CBJ377|0|2184|0|||3|3|0|1|1|132|162|["132,18,5,3695","132,114,5,408","132,178,5,1724","132,146,5,1715","132,162,5"]|13:45:02:617
62|1.1|636136512897137629|0|49507.6171875|15.54808792698|100.89213885526|15386|206074||49507.6171875|360||36006.25|360|49507.6171875|780d46|CBJ377|0|2184|0|||3|3|0|1|1|132|162|["132,18,5,3695","132,114,5,408","132,178,5,1724","132,146,5,1715","132,162,5"]|13:45:07:617
62|1.1|636136512947052620|0|49512.6015625|15.53813158202|100.89030959145|15190|204972||49512.6015625|360||36000|360|49512.6015625|780d46|CBJ377|0|2184|0|||3|3|0|1|1|132|146|["132,18,5,3695","132,114,5,408","132,178,5,1724","132,146,5,1715","132,162,5"]|13:45:12:602
62|1.1|636136512996967611|0|49517.6015625|15.52777827072|100.88843741236|14990|203825||49517.6015625|359.75||35987.5|359.75|49517.6015625|780d46|CBJ377|0|2184|0|||3|3|0|1|1|132|147|["132,18,5,3695","132,114,5,408","132,178,5,1724","132,146,5,1715","132,162,5"]|13:45:17:602
62|1.1|636136513046912605|0|49522.578125|15.51718356097|100.88653841122|14787|202653||49522.578125|359.75||35981.25|359.75|49522.578125|780d46|CBJ377|0|2184|0|||3|3|0|1|1|132|162|["132,18,5,3695","132,114,5,408","132,178,5,1724","132,146,5,1715","132,162,5"]|13:45:22:578
62|1.1|636136513096827596|0|49527.578125|15.50618652047|100.88453748629|14573|201435||49527.578125|360||35975|360|49527.578125|780d46|CBJ377|0|2184|0|||3|3|0|1|1|132|162|["132,18,5,3695","132,114,5,408","132,178,5,1724","132,146,5,1715","132,162,5"]|13:45:27:578
62|1.1|636136513146732586|0|49532.578125|15.49665932831|100.88253119695|14358|200381||49532.578125|360||36000|360|49532.578125|780d46|CBJ377|0|2184|0|||3|3|0|1|1|132|162|["132,18,5,3695","132,114,5,408","132,178,5,1724","132,146,5,1715","132,162,5"]|13:45:32:578
62|1.1|636136513196657578|0|49537.5625|15.48668689012|100.88080922134|14174|199277||49537.5625|359.75||36000|359.75|49537.5625|780d46|CBJ377|0|2184|0|||3|3|0|1|1|132|162|["132,18,5,3695","132,114,5,408","132,178,5,1724","132,146,5,1715","132,162,5"]|13:45:37:563
62|1.1|636136513246602572|0|49542.5625|15.47636576528|100.87899605076|13980|198135||49542.5625|360||35981.25|359.75|49542.5625|780d46|CBJ377|0|2184|0|||3|3|0|1|1|132|146|["132,18,5,3695","132,114,5,408","132,178,5,1724","132,146,5,1715","132,162,5"]|13:45:42:563
62|1.1|636136513296527564|0|49547.5390625|15.4666132679|100.87723652428|13792|197055||49547.5390625|359.75||35968.75|359.75|49547.5390625|780d46|CBJ377|0|2184|0|||3|3|0|1|1|132|146|["132,18,5,3695","132,114,5,408","132,178,5,1724","132,146,5,1715","132,162,5"]|13:45:47:539
62|1.1|636136513346442555|0|49552.5390625|15.45552503243|100.87539116724|13594|195828||49552.5390625|359.75||35968.75|359.75|49552.5390625|780d46|CBJ377|0|2184|0|||3|3|0|1|1|132|162|["132,18,5,3695","132,114,5,408","132,178,5,1724","132,146,5,1715","132,162,5"]|13:45:52:539
62|1.1|636136513396337544|0|49557.5390625|15.44441533932|100.87349753051|13392|194598||49557.5390625|359.75||35975|359.75|49557.5390625|780d46|CBJ377|0|2184|0|||3|3|0|1|1|132|162|["132,18,5,3695","132,114,5,408","132,178,5,1724","132,146,5,1715","132,162,5"]|13:45:57:539
62|1.1|636136513446272537|0|49562.515625|15.4336221464|100.87164144465|13193|193403||49562.515625|360||35975|360|49562.515625|780d46|CBJ377|0|2184|0|||3|3|0|1|1|132|162|["132,18,5,3695","132,114,5,408","132,178,5,1724","132,146,5,1715","132,162,5"]|13:46:02:516
62|1.1|636136513496177527|0|49567.515625|15.42511419214|100.86991410463|13008|192461||49567.515625|360||36000|360|49567.515625|780d46|CBJ377|0|2184|0|||3|3|0|1|1|132|162|["132,18,5,3695","132,114,5,408","132,178,5,1724","132,146,5,1715","132,162,5"]|13:46:07:516
62|1.1|636136513546102519|0|49572.5|15.41587131371|100.86819212902|12824|191438||49572.5|360||36000|360|49572.5|780d46|CBJ377|0|2184|0|||3|3|0|1|1|132|162|["132,18,5,3695","132,114,5,408","132,178,5,1724","132,146,5,1715","132,162,5"]|13:46:12:500
62|1.1|636136513596017510|0|49577.5|15.40547508713|100.86633604316|12625|190288||49577.5|360.25||36006.25|360|49577.5|780d46|CBJ377|0|2184|0|||3|3|0|1|1|132|146|["132,18,5,3695","132,114,5,408","132,178,5,1724","132,146,5,1715","132,162,5"]|13:46:17:500
62|1.1|636136513645942502|0|49582.5|15.39440294489|100.86443167761|12421|189062||49582.5|360.25||36031.25|360|49582.5|780d46|CBJ377|0|2184|0|||3|3|0|1|1|132|147|["132,18,5,3695","132,114,5,408","132,178,5,1724","132,146,5,1715","132,162,5"]|13:46:22:500
62|1.1|636136513695867494|0|49587.4765625|15.38262806494|100.86232346448|12196|187759||49587.4765625|360.25||36031.25|360|49587.4765625|780d46|CBJ377|0|2184|0|||3|3|0|1|1|132|162|["132,18,5,3695","132,114,5,408","132,178,5,1724","132,146,5,1715","132,162,5"]|13:46:27:477
62|1.1|636136513745792486|0|49592.4765625|15.37221038072|100.86041909893|11992|186606||49592.4765625|360.25||36025|360|49592.4765625|780d46|CBJ377|0|2184|0|||3|3|0|1|1|132|162|["132,18,5,3695","132,114,5,408","132,178,5,1724","132,146,5,1715","132,162,5"]|13:46:32:477
62|1.1|636136513795717478|0|49597.4609375|15.36243106129|100.85857374189|11794|185523||49597.4609375|360.25||36025|360|49597.4609375|780d46|CBJ377|0|2184|0|||3|3|0|1|1|132|162|["132,18,5,3695","132,114,5,408","132,178,5,1724","132,146,5,1715","132,162,5"]|13:46:37:461
62|1.1|636136513845632469|0|49602.4609375|15.35203483471|100.85669619839|11593|184373||49602.4609375|360.25||36018.75|360|49602.4609375|780d46|CBJ377|0|2184|0|||3|3|0|1|1|132|162|["132,18,5,3695","132,114,5,408","132,178,5,1724","132,146,5,1715","132,162,5"]|13:46:42:461
62|1.1|636136513895557461|0|49607.4609375|15.3417834472|100.85484011253|11394|183238||49607.4609375|360||36018.75|360|49607.4609375|780d46|CBJ377|0|2184|0|||3|3|0|1|1|132|162|["132,18,5,3695","132,114,5,408","132,178,5,1724","132,146,5,1715","132,162,5"]|13:46:47:461
62|1.1|636136513945492454|0|49612.4375|15.33048063533|100.85293574698|11190|181987||49612.4375|360||36012.5|360|49612.4375|780d46|CBJ377|0|2184|0|||3|3|0|1|1|132|146|["132,18,5,3695","132,114,5,408","132,178,5,1724","132,146,5,1715","132,162,5"]|13:46:52:438
62|1.1|636136513995397444|0|49617.4375|15.32095880758|100.85110648317|10994|180933||49617.4375|360||35993.75|360|49617.4375|780d46|CBJ377|0|2184|0|||3|3|0|1|1|132|146|["132,18,5,3695","132,114,5,408","132,178,5,1724","132,146,5,1715","132,162,5"]|13:46:57:438
62|1.1|636136514045322436|0|49622.421875|15.31058403864|100.84921821085|10792|179785||49622.421875|360||35987.5|360|49622.421875|780d46|CBJ377|0|2184|0|||3|3|0|1|1|132|146|["132,18,5,3695","132,114,5,408","132,178,5,1724","132,146,5,1715","132,162,5"]|13:47:02:422
62|1.1|636136514095237427|0|49627.421875|15.29928659118|100.84728165884|10584|178534||49627.421875|360||36000|360|49627.421875|780d46|CBJ377|0|2184|0|||3|3|0|1|1|132|5|["132,18,5,3695","132,114,5,408","132,178,5,1724","132,146,5,1715","132,162,5"]|13:47:07:422
62|1.1|636136514145162419|0|49632.421875|15.28809106751|100.84531292037|10373|177295||49632.421875|360||36000|360|49632.421875|780d46|CBJ377|0|2184|0|||3|3|0|1|1|132|147|["132,18,5,3695","132,114,5,408","132,178,5,1724","132,146,5,1715","132,162,5"]|13:47:12:422
62|1.1|636136514195087411|0|49637.3984375|15.27876772293|100.84354802948|10184|176263||49637.3984375|360||36006.25|360|49637.3984375|780d46|CBJ377|0|2184|0|||3|3|0|1|1|132|163|["132,18,5,3695","132,114,5,408","132,178,5,1724","132,146,5,1715","132,162,5"]|13:47:17:398
62|1.1|636136514245022404|0|49642.3984375|15.26951948009|100.84180996064|9998|175240||49642.3984375|360.25||36018.75|360|49642.3984375|780d46|CBJ377|0|2184|0|||3|3|0|1|1|132|147|["132,18,5,3695","132,114,5,408","132,178,5,1724","132,146,5,1715","132,162,5"]|13:47:22:398
62|1.1|636136514294907392|0|49647.375|15.25814693089|100.83991632391|9795|173981||49647.375|360.25||36025|360|49647.375|780d46|CBJ377|0|2184|0|||3|3|0|1|1|132|147|["132,18,5,3695","132,114,5,408","132,178,5,1724","132,146,5,1715","132,162,5"]|13:47:27:375
62|1.1|636136514344832384|0|49652.375|15.24824959444|100.83809778892|9600|172886||49652.375|360.25||36031.25|360|49652.375|780d46|CBJ377|0|2184|0|||3|3|0|1|1|132|146|["132,18,5,3695","132,114,5,408","132,178,5,1724","132,146,5,1715","132,162,5"]|13:47:32:375
62|1.1|636136514394757376|0|49657.375|15.23796602047|100.83623633865|9400|171747||49657.375|360.25||36031.25|360|49657.375|780d46|CBJ377|0|2184|0|||3|3|0|1|1|132|146|["132,18,5,3695","132,114,5,408","132,178,5,1724","132,146,5,1715","132,162,5"]|13:47:37:375
62|1.1|636136514444682368|0|49662.359375|15.2277360906|100.83436952397|9200|170615||49662.359375|360.25||36025|360|49662.359375|780d46|CBJ377|0|2184|0|||3|3|0|1|1|132|5|["132,18,5,3695","132,114,5,408","132,178,5,1724","132,146,5,1715","132,162,5"]|13:47:42:359
62|1.1|636136514494607360|0|49667.359375|15.21807478819|100.83264218395|9015|169546||49667.359375|360||36006.25|360|49667.359375|780d46|CBJ377|0|2184|0|||3|3|0|1|1|132|147|["132,18,5,3695","132,114,5,408","132,178,5,1724","132,146,5,1715","132,162,5"]|13:47:47:359
62|1.1|636136514544522351|0|49672.3359375|15.20684707806|100.83072172517|8809|168303||49672.3359375|360||36006.25|360|49672.3359375|780d46|CBJ377|0|2184|0|||3|3|0|1|1|132|5|["132,18,5,3695","132,114,5,408","132,178,5,1724","132,146,5,1715","132,162,5"]|13:47:52:336
62|1.1|636136514594437342|0|49677.3359375|15.19561936793|100.82883881726|8607|167060||49677.3359375|360||36000|360|49677.3359375|780d46|CBJ377|0|2184|0|||3|3|0|1|1|132|146|["132,18,5,3695","132,114,5,408","132,178,5,1724","132,146,5,1715","132,162,5"]|13:47:57:336
62|1.1|636136514644362334|0|49682.3359375|15.18468133594|100.82690226525|8400|165850||49682.3359375|360||35993.75|360|49682.3359375|780d46|CBJ377|0|2184|0|||3|3|0|1|1|132|146|["132,18,5,3695","132,114,5,408","132,178,5,1724","132,146,5,1715","132,162,5"]|13:48:02:336
62|1.1|636136514694287326|0|49687.3203125|15.17337315966|100.82492816237|8188|164598||49687.3203125|360||36000|360|49687.3203125|780d46|CBJ377|0|2184|0|||3|3|0|1|1|132|5|["132,18,5,3695","132,114,5,408","132,178,5,1724","132,146,5,1715","132,162,5"]|13:48:07:320
62|1.1|636136514744072304|0|49692.3203125|15.16233320388|100.82292187303|7973|163377||49692.3203125|360||36000|360|49692.3203125|780d46|CBJ377|0|2184|0|||3|3|0|1|1|132|5|["132,18,5,3695","132,114,5,408","132,178,5,1724","132,146,5,1715","132,162,5"]|13:48:12:320
62|1.1|636136514793987295|0|49697.296875|15.15148636686|100.82094777015|7761|162176||49697.296875|360||36000|360|49697.296875|780d46|CBJ377|0|2184|0|||3|3|0|1|1|132|5|["132,18,5,3695","132,114,5,408","132,178,5,1724","132,146,5,1715","132,162,5"]|13:48:17:297
62|1.1|636136514843912287|0|49702.296875|15.14155147954|100.81907022665|7559|161076||49702.296875|360||35993.75|360|49702.296875|780d46|CBJ377|0|2184|0|||3|3|0|1|1|132|146|["132,18,5,3695","132,114,5,408","132,178,5,1724","132,146,5,1715","132,162,5"]|13:48:22:297
62|1.1|636136514893847280|0|49707.296875|15.13103723594|100.81717658992|7356|159913||49707.296875|360||36000|360|49707.296875|780d46|CBJ377|0|2184|0|||3|3|0|1|1|132|146|["132,18,5,3695","132,114,5,408","132,178,5,1724","132,146,5,1715","132,162,5"]|13:48:27:297
62|1.1|636136514943762271|0|49712.28125|15.12049080588|100.81529904642|7155|158746||49712.28125|360||36006.25|360|49712.28125|780d46|CBJ377|0|2184|0|||3|3|0|1|1|132|146|["132,18,5,3695","132,114,5,408","132,178,5,1724","132,146,5,1715"]|13:48:32:281
62|1.1|636136514993677262|0|49717.28125|15.1125085638|100.81361998609|6974|157862||49717.28125|360||36000|360|49717.28125|780d46|CBJ377|0|2184|0|||3|3|0|1|1|132|5|["132,18,5,3695","132,114,5,408","132,178,5,1724","132,146,5,1715","132,162,5"]|13:48:37:281
62|1.1|636136515043602254|0|49722.2578125|15.10126476044|100.81167806967|6766|156618||49722.2578125|360||36006.25|360|49722.2578125|780d46|CBJ377|0|2184|0|||3|3|0|1|1|132|5|["132,18,5,3695","132,114,5,408","132,178,5,1724","132,146,5,1715","132,162,5"]|13:48:42:258
62|1.1|636136515093517245|0|49727.2578125|15.09076661007|100.8097629753|6560|155456||49727.2578125|360||36006.25|360|49727.2578125|780d46|CBJ377|0|2184|0|||3|3|0|1|1|132|146|["132,18,5,3695","132,114,5,408","132,178,5,1724","132,146,5,1715","132,162,5"]|13:48:47:258
62|1.1|636136515143442237|0|49732.2578125|15.08010216299|100.80784251652|6354|154275||49732.2578125|360||36012.5|360|49732.2578125|780d46|CBJ377|0|2184|0|||3|3|0|1|1|132|146|["132,18,5,3695","132,114,5,408","132,178,5,1724","132,146,5,1715","132,162,5"]|13:48:52:258
62|1.1|636136515193357228|0|49737.2421875|15.06928214802|100.80591669333|6147|153078||49737.2421875|360||36018.75|360|49737.2421875|780d46|CBJ377|0|2184|0|||3|3|0|1|1|132|146|["132,18,5,3695","132,114,5,408","132,178,5,1724","132,146,5,1715","132,162,5"]|13:48:57:242
62|1.1|636136515243292221|0|49742.2421875|15.0581134464|100.80399087014|5940|151842||49742.2421875|360||36043.75|360|49742.2421875|780d46|CBJ377|0|2184|0|||3|3|0|1|1|132|146|["132,18,5,3695","132,114,5,408","132,178,5,1724","132,146,5,1715","132,162,5"]|13:49:02:242
62|1.1|636136515293227214|0|49747.21875|15.04655850726|100.80264440323|5796|150563||49747.21875|360||35962.5|360|49747.21875|780d46|CBJ377|0|2184|0|||3|3|0|1|1|132|146|["132,18,5,3695","132,114,5,408","132,178,5,1724","132,146,5,1715","132,162,5"]|13:49:07:219
62|1.1|636136515343122203|0|49752.21875|15.03584041608|100.80066493594|5583|149377||49752.21875|360||35912.5|360|49752.21875|780d46|CBJ377|0|2184|0|||3|3|0|1|1|132|146|["132,18,5,3695","132,114,5,408","132,178,5,1724","132,146,5,1715","132,162,5"]|13:49:12:219
62|1.1|636136515393047195|0|49757.21875|15.02527789279|100.79885176536|5389|148209||49757.21875|360||35900|360|49757.21875|780d46|CBJ377|0|2184|0|||3|3|0|1|1|132|146|["132,18,5,3695","132,114,5,408","132,178,5,1724","132,146,5,1715","132,162,5"]|13:49:17:219
62|1.1|636136515442972187|0|49762.1953125|15.01491385267|100.79691521335|5180|147061||49762.1953125|360||35887.5|360|49762.1953125|780d46|CBJ377|0|2184|0|||3|3|0|1|1|132|146|["132,18,5,3695","132,114,5,408","132,178,5,1724","132,146,5,1715","132,162,5"]|13:49:22:195
62|1.1|636136515492887178|0|49767.1953125|15.00449616845|100.79512350041|4988|145908||49767.1953125|360||35887.5|360|49767.1953125|780d46|CBJ377|0|2184|0|||3|3|0|1|1|132|146|["132,18,5,3695","132,114,5,408","132,178,5,1724","132,146,5,1715","132,162,5"]|13:49:27:195
62|1.1|636136515542812170|0|49772.1796875|14.99378880609|100.79322449927|4784|144723||49772.1796875|360||35862.5|360|49772.1796875|780d46|CBJ377|0|2184|0|||3|3|0|1|1|132|146|["132,18,5,3695","132,114,5,408","132,178,5,1724","132,146,5,1715","132,162,5"]|13:49:32:180
62|1.1|636136515592737162|0|49777.1796875|14.98336575746|100.79093926061|4538|143570||49777.1796875|360||35831.25|360|49777.1796875|780d46|CBJ377|0|2184|0|||3|3|0|1|1|132|146|["132,18,5,3695","132,114,5,408","132,178,5,1724","132,146,5,1715","132,162,5"]|13:49:37:180
62|1.1|636136515642652153|0|49782.1796875|14.97300171734|100.78871839487|4300|142423||49782.1796875|360||35800|360|49782.1796875|780d46|CBJ377|0|2184|0|||3|3|0|1|1|132|5|["132,18,5,3695","132,114,5,408","132,178,5,1724","132,146,5,1715","132,162,5"]|13:49:42:180
62|1.1|636136515692577145|0|49787.15625|14.96202613448|100.78725391094|4143|141208||49787.15625|360||35781.25|360|49787.15625|780d46|CBJ377|0|2184|0|||3|3|0|1|1|132|163|["132,18,5,3695","132,114,5,408","132,178,5,1724","132,146,5,1715","132,162,5"]|13:49:47:156
62|1.1|636136515742512138|0|49792.15625|14.95157089939|100.78541391831|3944|140051||49792.15625|360||35768.75|360|49792.15625|780d46|CBJ377|0|2184|0|||3|3|0|1|1|132|146|["132,18,5,3695","132,114,5,408","132,178,5,1724","132,146,5,1715","132,162,5"]|13:49:52:156
62|1.1|636136515792427129|0|49797.140625|14.94091181672|100.78367584947|3758|138872||49797.140625|360||35762.5|360|49797.140625|780d46|CBJ377|0|2184|0|||3|3|0|1|1|132|146|["132,18,5,3695","132,114,5,408","132,178,5,1724","132,146,5,1715","132,162,5"]|13:49:57:141
62|1.1|636136515842342120|0|49802.140625|14.93160456537|100.78134233112|3507|137842||49802.140625|360||35993.75|360|49802.140625|780d46|CBJ377|0|2184|0|||3|3|0|1|1|132|146|["132,18,5,3695","132,114,5,408","132,178,5,1724","132,146,5,1715","132,162,5"]|13:50:02:141
62|1.1|636136515892287114|0|49807.140625|14.92353649273|100.77965790638|3326|136949||49807.140625|360||36006.25|360|49807.140625|780d46|CBJ377|0|2184|0|||3|3|0|1|1|132|5|["132,18,5,3695","132,114,5,408","132,178,5,1724","132,146,5,1715","132,162,5"]|13:50:07:141
62|1.1|636136515942192104|0|49812.1171875|14.91300079149|100.7777910917|3125|135783||49812.1171875|360||36012.5|360|49812.1171875|780d46|CBJ377|0|2184|0|||3|3|0|1|1|132|146|["132,18,5,3695","132,114,5,408","132,178,5,1724","132,146,5,1715","132,162,5"]|13:50:12:117
62|1.1|636136515992127097|0|49817.1171875|14.90342531964|100.77601547199|2934|134723||49817.1171875|360||36006.25|360|49817.1171875|780d46|CBJ377|0|2184|0|||3|3|0|1|1|132|146|["132,18,5,3695","132,114,5,408","132,178,5,1724","132,146,5,1715","132,162,5"]|13:50:17:117
62|1.1|636136516042022086|0|49822.1015625|14.89293789809|100.77421839464|2741|133563||49822.1015625|360||36006.25|360|49822.1015625|780d46|CBJ377|0|2184|0|||3|3|0|1|1|132|146|["132,18,5,3695","132,114,5,408","132,178,5,1724","132,146,5,1715","132,162,5"]|13:50:22:102
62|1.1|636136516091967080|0|49827.1015625|14.88220907809|100.77235694437|2541|132376||49827.1015625|360||36006.25|360|49827.1015625|780d46|CBJ377|0|2184|0|||3|3|0|1|1|132|146|["132,18,5,3695","132,114,5,408","132,178,5,1724","132,146,5,1715","132,162,5"]|13:50:27:102
62|1.1|636136516141872070|0|49832.1015625|14.87145880045|100.77050622292|2342|131186||49832.1015625|360||36012.5|358|49832.1015625|780d46|CBJ377|0|2184|0|||3|3|0|1|1|132|146|["132,18,5,3695","132,114,5,408","132,178,5,1724","132,146,5,1715","132,162,5"]|13:50:32:102
62|1.1|636136516191787061|0|49837.078125|14.86009161566|100.76851602681|2127|129928||49837.078125|360||36000|358|49837.078125|780d46|CBJ377|0|2184|0|||3|3|0|1|1|132|5|["132,18,5,3695","132,114,5,408","132,178,5,1724","132,146,5,1715","132,162,5"]|13:50:37:078
62|1.1|636136516241712053|0|49842.078125|14.84901410901|100.76653119511|1914|128702||49842.078125|360||36006.25|358|49842.078125|780d46|CBJ377|0|2184|0|||3|3|0|1|1|132|146|["132,18,5,3695","132,114,5,408","132,178,5,1724","132,146,5,1715","132,162,5"]|13:50:42:078
62|1.1|636136516291637045|0|49847.0625|14.83814581435|100.76460000751|1706|127500||49847.0625|360||36006.25|358|49847.0625|780d46|CBJ377|0|2184|0|||3|3|0|1|1|132|146|["132,18,5,3695","132,114,5,408","132,178,5,1724","132,146,5,1715","132,162,5"]|13:50:47:063
62|1.1|636136516341562037|0|49852.0625|14.82820019821|100.76274392165|1506|126399||49852.0625|360||36000|358|49852.0625|780d46|CBJ377|0|2184|0|||3|3|0|1|1|132|146|["132,18,5,3695","132,114,5,408","132,178,5,1724","132,146,5,1715","132,162,5"]|13:50:52:063
62|1.1|636136516391477028|0|49857.0625|14.81777178517|100.76081809846|1299|125245||49857.0625|360||36006.25|358|49857.0625|780d46|CBJ377|0|2184|0|||3|3|0|1|1|132|146|["132,18,5,3695","132,114,5,408","132,178,5,1724","132,146,5,1715","132,162,5"]|13:50:57:063
62|1.1|636136516441402020|0|49862.0390625|14.80862546612|100.75910685167|1115|124233||49862.0390625|360||36000|358|49862.0390625|780d46|CBJ377|0|2184|0|||3|3|0|1|1|132|5|["132,18,5,3695","132,114,5,408","132,178,5,1724","132,146,5,1715","132,162,5"]|13:51:02:039
62|1.1|636136516491327012|0|49867.0390625|14.79837944302|100.75720785053|911|123099||49867.0390625|360||36000|358|49867.0390625|780d46|CBJ377|0|2184|0|||3|3|0|1|1|132|146|["132,18,5,3695","132,114,5,408","132,178,5,1724","132,146,5,1715","132,162,5"]|13:51:07:039
62|1.1|636136516541242003|0|49872.015625|14.78818706402|100.75531957821|707|121971||49872.015625|360||36006.25|358|49872.015625|780d46|CBJ377|0|2184|0|||3|3|0|1|1|132|146|["132,18,5,3695","132,114,5,408","132,178,5,1724","132,146,5,1715","132,162,5"]|13:51:12:016
62|1.1|636136516591166995|0|49877.015625|14.7771792947|100.75339375502|500|120753||49877.015625|360||36006.25|358|49877.015625|780d46|CBJ377|0|2184|0|||3|3|0|1|1|132|146|["132,18,5,3695","132,114,5,408","132,178,5,1724","132,146,5,1715","132,162,5"]|13:51:17:016
62|1.1|636136516641081986|0|49882.015625|14.76751799229|100.75167714382|315|119684||49882.015625|360||36006.25|358|49882.015625|780d46|CBJ377|0|2184|0|||3|3|0|1|1|132|147|["132,18,5,3695","132,114,5,408","132,178,5,1724","132,146,5,1715","132,162,5"]|13:51:22:016
62|1.1|636136516691016979|0|49887|14.75699838428|100.74979960032|113|118520||49887|360||36006.25|358|49887|780d46|CBJ377|0|2184|0|||3|3|0|1|1|132|147|["132,18,5,3695","132,114,5,408","132,178,5,1724","132,146,5,1715","132,162,5"]|13:51:27:000
62|1.1|636136516740941971|0|49892|14.74516986023|100.74788450595|-93|117211||49892|360||36006.25|358|49892|780d46|CBJ377|0|2184|0|||3|3|0|1|1|132|5|["132,18,5,3695","132,114,5,408","132,178,5,1724","132,146,5,1715","132,162,5"]|13:51:32:000
62|1.1|636136516790846961|0|49896.9765625|14.7345322352|100.74610888624|-284|116034||49896.9765625|360||36012.5|358|49896.9765625|780d46|CBJ377|0|2184|0|||3|3|0|1|1|132|18|["132,18,5,3695","132,114,5,408","132,178,5,1724","132,146,5,1715","132,162,5"]|13:51:36:977
62|1.1|636136516840771953|0|49901.9765625|14.7234279065|100.74417233423|-493|114805||49901.9765625|360||36018.75|358|49901.9765625|780d46|CBJ377|0|2184|0|||3|3|0|1|1|132|146|["132,18,5,3695","132,114,5,408","132,178,5,1724","132,146,5,1715","132,162,5"]|13:51:41:977
62|1.1|636136516890706946|0|49906.9765625|14.7126990865|100.7418495447|-743|113618||49906.9765625|360||36018.75|358|49906.9765625|780d46|CBJ377|0|2184|0|||3|3|0|1|1|132|146|["132,18,5,3695","132,114,5,408","132,178,5,1724","132,146,5,1715","132,162,5"]|13:51:46:977
62|1.1|636136516940611936|0|49911.9609375|14.70103149475|100.74027240816|-913|112327||49911.9609375|360||35987.5|358|49911.9609375|780d46|CBJ377|0|2184|0|||3|3|0|1|1|132|146|["132,18,5,3695","132,114,5,408","132,178,5,1724","132,146,5,1715","132,162,5"]|13:51:51:961
62|1.1|636136516990536928|0|49916.9609375|14.69056553084|100.73865772075|-1087|111169||49916.9609375|360||35956.25|358|49916.9609375|780d46|CBJ377|0|2184|0|||3|3|0|1|1|132|18|["132,18,5,3695","132,114,5,408","132,178,5,1724","132,146,5,1715","132,162,5"]|13:51:56:961
62|1.1|636136517040461920|0|49921.9375|14.67983671084|100.73688210104|-1278|109982||49921.9375|360||35931.25|358|49921.9375|780d46|CBJ377|0|2184|0|||3|3|0|1|1|132|146|["132,18,5,3695","132,114,5,408","132,178,5,1724","132,146,5,1715","132,162,5"]|13:52:01:938
62|1.1|636136517090386912|0|49926.9375|14.66929028078|100.73520304071|-1459|108815||49926.9375|360.25||35937.5|358|49926.9375|780d46|CBJ377|0|2184|0|||3|3|0|1|1|132|5|["132,18,5,3695","132,114,5,408","132,178,5,1724","132,146,5,1715","132,162,5"]|13:52:06:938
62|1.1|636136517140321905|0|49931.9375|14.6584649014|100.73332549721|-1662|107617||49931.9375|360.25||35900|358|49931.9375|780d46|CBJ377|0|2184|0|||3|3|0|1|1|132|18|["132,18,5,3695","132,114,5,408","132,178,5,1724","132,146,5,1715","132,162,5"]|13:52:11:938
62|1.1|636136517190226895|0|49936.921875|14.64759124233|100.73139967402|-1869|106414||49936.921875|360.25||35856.25|358|49936.921875|780d46|CBJ377|0|2184|0|||3|3|0|1|1|132|18|["132,18,5,3695","132,114,5,408","132,178,5,1724","132,146,5,1715","132,162,5"]|13:52:16:922
62|1.1|636136517240151887|0|49941.921875|14.63721110898|100.72909834213|-2117|105265||49941.921875|360.25||35825|358|49941.921875|780d46|CBJ377|0|2184|0|||3|3|0|1|1|132|146|["132,18,5,3695","132,114,5,408","132,178,5,1724","132,146,5,1715","132,162,5"]|13:52:21:922
62|1.1|636136517290066878|0|49946.8984375|14.62701872998|100.72667362881|-2379|104137||49946.8984375|360.25||35793.75|358|49946.8984375|780d46|CBJ377|0|2184|0|||3|3|0|1|1|132|146|["132,18,5,3695","132,114,5,408","132,178,5,1724","132,146,5,1715","132,162,5"]|13:52:26:898
62|1.1|636136517339991870|0|49951.8984375|14.61601096066|100.72490873792|-2569|102919||49951.8984375|360.25||35750|358|49951.8984375|780d46|CBJ377|0|2184|0|||3|3|0|1|1|132|5|["132,18,5,3695","132,114,5,408","132,178,5,1724","132,146,5,1715","132,162,5"]|13:52:31:898
62|1.1|636136517389916862|0|49956.8984375|14.60464914028|100.7231813979|-2755|101662||49956.8984375|360||35718.75|358|49956.8984375|780d46|CBJ377|0|2184|0|||3|3|0|1|1|132|18|["132,18,5,3695","132,114,5,408","132,178,5,1724","132,146,5,1715","132,162,5"]|13:52:36:898
62|1.1|636136517439841854|0|49961.875|14.59321221816|100.72143796465|-2943|100396||49961.875|360||35681.25|358|49961.875|780d46|CBJ377|0|2184|0|||3|3|0|1|1|132|18|["132,18,5,3695","132,114,5,408","132,178,5,1724","132,146,5,1715","132,162,5"]|13:52:41:875
62|1.1|636136517490076877|0|49966.875|14.58124958386|100.71975890432|-3124|99073||49966.875|360||35650|358|49966.875|780d46|CBJ377|0|2184|0|||3|3|0|1|1|132|5|["132,18,5,3695","132,114,5,408","132,178,5,1724","132,146,5,1715","132,162,5"]|13:52:46:875
62|1.1|636136517539691838|0|49971.859375|14.56739867724|100.7184607171|-3264|97540||49971.859375|360||35637.5|358|49971.859375|780d46|CBJ377|0|2184|0|||3|3|0|1|1|132|5|["132,18,5,3695","132,114,5,408","132,178,5,1724","132,146,5,1715","132,162,5"]|13:52:51:859
62|1.1|636136517589626831|0|49976.859375|14.55331710099|100.71710888578|-3410|95982||49976.859375|360||35631.25|358|49976.859375|780d46|CBJ377|0|2184|0|||3|3|0|1|1|132|18|["132,18,5,3695","132,114,5,408","132,178,5,1724","132,162,5"]|13:52:56:859
62|1.1|636136517639521820|0|49981.859375|14.53965931313|100.71568731713|-3563|94471||49981.859375|360||35625|358|49981.859375|780d46|CBJ377|0|2184|0|||3|3|0|1|1|132|18|["132,18,5,3695","132,114,5,408","132,178,5,1724","132,162,5"]|13:53:01:859
62|1.1|636136517689446812|0|49986.8359375|14.52587277943|100.71436230786|-3706|92945||49986.8359375|360||35618.75|358|49986.8359375|780d46|CBJ377|0|2184|0|||3|3|0|1|1|132|18|["132,18,5,3695","132,114,5,408","132,178,5,1724","132,162,5"]|13:53:06:836
62|1.1|636136517739381805|0|49991.8359375|14.52006848781|100.71187322162|-3975|92303||49991.8359375|360||35650|358|49991.8359375|780d46|CBJ377|0|2184|0|||3|3|0|1|1|132|18|["132,18,5,3695","132,114,5,408","132,178,5,1724","132,162,5"]|13:53:11:836
62|1.1|636136517789286795|0|49996.8203125|14.50693641213|100.71063404291|-4109|90850||49996.8203125|360||35656.25|358|49996.8203125|780d46|CBJ377|0|2184|0|||3|3|0|1|1|132|18|["132,18,5,3695","132,114,5,408","132,178,5,1724","132,162,5"]|13:53:16:820
62|1.1|636136517839211787|0|50001.8203125|14.49680304164|100.70877795705|-4309|89729||50001.8203125|360||35656.25|358|50001.8203125|780d46|CBJ377|0|2184|0|||3|3|0|1|1|132|18|["132,18,5,3695","132,114,5,408","132,178,5,1724","132,162,5"]|13:53:21:820
62|1.1|636136517889146780|0|50006.8203125|14.48927677441|100.70642298106|-4563|88896||50006.8203125|360.25||35706.25|358|50006.8203125|780d46|CBJ377|0|2184|0|||3|3|0|1|1|132|5|["132,18,5,3695","132,114,5,408","132,178,5,1724","132,162,5"]|13:53:26:820
62|1.1|636136517939051770|0|50011.796875|14.47923459889|100.70470100545|-4749|87785||50011.796875|360||35712.5|358|50011.796875|780d46|CBJ377|0|2184|0|||3|3|0|1|1|132|18|["132,18,5,3695","132,114,5,408","132,178,5,1724","132,162,5"]|13:53:31:797
62|1.1|636136517988976762|0|50016.796875|14.47375753628|100.70182568169|-5059|87179||50016.796875|360||35631.25|358|50016.796875|780d46|CBJ377|0|2184|0|||3|3|0|1|1|132|18|["132,18,5,3695","132,114,5,408","132,178,5,1724","132,162,5"]|13:53:36:797
62|1.1|636136518038891753|0|50021.78125|14.46965376263|100.6991488411|-5348|86725||50021.78125|360||35643.75|358|50021.78125|780d46|CBJ377|0|2184|0|||3|3|0|1|1|132|18|["132,18,5,3695","132,114,5,408","132,178,5,1724","132,162,5"]|13:53:41:781
62|1.1|636136518088816745|0|50026.78125|14.46066301147|100.69676167865|-5605|85730||50026.78125|360||35762.5|358|50026.78125|780d46|CBJ377|0|2184|0|||3|3|0|1|1|132|18|["132,18,5,3695","132,114,5,408","132,178,5,1724","132,162,5"]|13:53:46:781
62|1.1|636136518138731736|0|50031.78125|14.4501648611|100.6933552783|-5973|84569||50031.78125|360||35862.5|358|50031.78125|780d46|CBJ377|0|2184|0|||3|3|0|1|1|132|18|["132,18,5,3695","132,114,5,408","132,178,5,1724","132,162,5"]|13:53:51:781
62|1.1|636136518188656728|0|50036.7578125|14.4409380759|100.69086619206|-6241|83548||50036.7578125|360||35918.75|358|50036.7578125|780d46|CBJ377|0|2184|0|||3|3|0|1|1|132|163|["132,18,5,3695","132,114,5,408","132,178,5,1724","132,162,5"]|13:53:56:758
62|1.1|636136518238581720|0|50041.7578125|14.43146452784|100.68640300294|-6723|82500||50041.7578125|360||35962.5|358|50041.7578125|780d46|CBJ377|0|2184|0|||3|3|0|1|1|132|18|["132,18,5,3695","132,114,5,408","132,178,5,1724","132,162,5"]|13:54:01:758
62|1.1|636136518288496711|0|50046.7421875|14.42405627763|100.67944536317|-7473|81680||50046.7421875|360.25||36050|358.25|50046.7421875|780d46|CBJ377|0|2184|0|||3|3|0|1|1|132|5|["132,18,5,3695","132,114,5,408","132,178,5,1724","132,162,5"]|13:54:06:742
62|1.1|636136518338421703|0|50051.7421875|14.41516208585|100.67440281777|-8018|80696||50051.7421875|360.25||36050|358|50051.7421875|780d46|CBJ377|0|2184|0|||3|3|0|1|1|132|18|["132,18,5,3695","132,114,5,408","132,178,5,1724","132,162,5"]|13:54:11:742
62|1.1|636136518388346695|0|50056.7421875|14.40601040239|100.66970895902|-8524|79684||50056.7421875|360.25||36043.75|358|50056.7421875|780d46|CBJ377|0|2184|0|||3|3|0|1|1|132|18|["132,18,5,3695","132,114,5,408","132,178,5,1724","132,162,5"]|13:54:16:742
62|1.1|636136518438261686|0|50061.71875|14.39559271817|100.66451621014|-9084|78531||50061.71875|360.25||36031.25|358|50061.71875|780d46|CBJ377|0|2184|0|||3|3|0|1|1|132|5|["132,18,5,3695","132,114,5,408","132,178,5,1724","132,162,5"]|13:54:21:719
62|1.1|636136518488186678|0|50066.71875|14.38470296587|100.65928591039|-9649|77327||50066.71875|360.25||36031.25|358|50066.71875|780d46|CBJ377|0|2184|0|||3|3|0|1|1|132|5|["132,18,5,3695","132,114,5,408","132,178,5,1724","132,162,5"]|13:54:26:719
62|1.1|636136518538111670|0|50071.6953125|14.37469297681|100.65416289884|-10202|76219||50071.6953125|360||36012.5|358|50071.6953125|780d46|CBJ377|0|2184|0|||3|3|0|1|1|132|18|["132,18,5,3695","132,114,5,408","132,178,5,1724","132,162,5"]|13:54:31:695
62|1.1|636136518588036662|0|50076.6953125|14.36606164112|100.64958705711|-10696|75264||50076.6953125|360||35993.75|358|50076.6953125|780d46|CBJ377|0|2184|0|||3|3|0|1|1|132|18|["132,18,5,3695","132,114,5,408","132,178,5,1724","132,162,5"]|13:54:36:695
62|1.1|636136518637951653|0|50081.6953125|14.35692605089|100.64495757128|-11196|74254||50081.6953125|360||35987.5|358|50081.6953125|780d46|CBJ377|0|2184|0|||3|3|0|1|1|132|18|["132,18,5,3695","132,114,5,408","132,178,5,1724","132,162,5"]|13:54:41:695
62|1.1|636136518687876645|0|50086.6796875|14.34554813728|100.63946441544|-11789|72995||50086.6796875|360||36000|358|50086.6796875|780d46|CBJ377|0|2184|0|||3|3|0|1|1|132|5|["132,18,5,3695","132,114,5,408","132,178,5,1724","132,162,5"]|13:54:46:680
62|1.1|636136518737791636|0|50091.6796875|14.3361711486|100.634722277|-12301|71958||50091.6796875|360||36000|358|50091.6796875|780d46|CBJ377|0|2184|0|||3|3|0|1|1|132|5|["132,18,5,3695","132,114,5,408","132,178,5,1724","132,162,5"]|13:54:51:680
62|1.1|636136518787716628|0|50096.65625|14.32770074521|100.63031273198|-12777|71021||50096.65625|360||36000|358|50096.65625|780d46|CBJ377|0|2184|0|||3|3|0|1|1|132|5|["132,18,5,3695","132,114,5,408","132,178,5,1724","132,162,5"]|13:54:56:656
62|1.1|636136518837641620|0|50101.65625|14.31827547684|100.62547403416|-13299|69978||50101.65625|359.75||36000|358|50101.65625|780d46|CBJ377|0|2184|0|||3|3|0|1|1|132|18|["132,18,5,3695","132,114,5,408","132,178,5,1724"]|13:55:01:656
62|1.1|636136518887556611|0|50106.65625|14.30883411524|100.62089819243|-13794|68934||50106.65625|359.75||35981.25|357.75|50106.65625|780d46|CBJ377|0|2184|0|||3|3|0|1|1|132|18|["132,18,5,3695","132,114,5,408","132,178,5,1724"]|13:55:06:656
62|1.1|636136518937511606|0|50111.640625|14.29941957569|100.61618824045|-14303|67892||50111.640625|359.75||35981.25|357.75|50111.640625|780d46|CBJ377|0|2184|0|||3|3|0|1|1|132|18|["132,18,5,3695","132,114,5,408","132,178,5,1724"]|13:55:11:641
62|1.1|636136518987406595|0|50116.640625|14.28933448489|100.61129589853|-14831|66777||50116.640625|359.75||35968.75|357.75|50116.640625|780d46|CBJ377|0|2184|0|||3|3|0|1|1|132|18|["132,18,5,3695","132,114,5,408","132,178,5,1724"]|13:55:16:641
62|1.1|636136519037321586|0|50121.6171875|14.28030618286|100.6067200568|-15325|65778||50121.6171875|359.75||35968.75|357.75|50121.6171875|780d46|CBJ377|0|2184|0|||3|3|0|1|1|132|18|["132,18,5,3695","132,114,5,408","132,178,5,1724"]|13:55:21:617
62|1.1|636136519087246578|0|50126.6171875|14.27083799921|100.60197255395|-15838|64731||50126.6171875|359.75||35975|357.75|50126.6171875|780d46|CBJ377|0|2184|0|||3|3|0|1|1|132|18|["132,18,5,3695","132,114,5,408","132,178,5,1724"]|13:55:26:617
62|1.1|636136519137161569|0|50131.6171875|14.26106404419|100.59730015284|-16343|63650||50131.6171875|359.75||35981.25|357.75|50131.6171875|780d46|CBJ377|0|2184|0|||3|3|0|1|1|132|18|["132,18,5,3695","132,114,5,408","132,178,5,1724"]|13:55:31:617
62|1.1|636136519187086561|0|50136.6015625|14.25098968221|100.59216641247|-16898|62536||50136.6015625|359.75||35981.25|357.75|50136.6015625|780d46|CBJ377|0|2184|0|||3|3|0|1|1|132|5|["132,18,5,3695","132,114,5,408","132,178,5,1724"]|13:55:36:602
62|1.1|636136519237011553|0|50141.6015625|14.24112989663|100.58712923148|-17442|61445||50141.6015625|359.75||35975|357.75|50141.6015625|780d46|CBJ377|0|2184|0|||3|3|0|1|1|132|18|["132,18,5,3695","132,114,5,408","132,178,5,1724"]|13:55:41:602
62|1.1|636136519286936545|0|50146.578125|14.23218206075|100.58249974565|-17943|60455||50146.578125|359.75||35975|357.75|50146.578125|780d46|CBJ377|0|2184|0|||3|3|0|1|1|132|18|["132,18,5,3695","132,114,5,408","132,178,5,1724"]|13:55:46:578
62|1.1|636136519336861537|0|50151.578125|14.22172146125|100.57734991205|-18499|59299||50151.578125|360||35975|357.75|50151.578125|780d46|CBJ377|0|2184|0|||3|3|0|1|1|132|18|["132,18,5,3695","132,114,5,408","132,178,5,1724"]|13:55:51:578
62|1.1|636136519386776528|0|50156.578125|14.21180803157|100.57243074808|-19031|58202||50156.578125|359.75||35981.25|358|50156.578125|780d46|CBJ377|0|2184|0|||3|3|0|1|1|132|18|["132,18,5,3695","132,114,5,408","132,178,5,1724"]|13:55:56:578
62|1.1|636136519436691519|0|50161.5625|14.20188923748|100.5675062197|-19563|57105||50161.5625|360||35981.25|357.75|50161.5625|780d46|CBJ377|0|2184|0|||3|3|0|1|1|132|114|["132,18,5,3695","132,114,5,408","132,178,5,1724"]|13:56:01:563
62|1.1|636136519486626512|0|50166.5625|14.19191679929|100.56253341163|-20101|56002||50166.5625|359.75||35981.25|357.75|50166.5625|780d46|CBJ377|0|2184|0|||3|3|0|1|1|132|18|["132,18,5,3695","132,114,5,408","132,178,5,1724"]|13:56:06:563
62|1.1|636136519536541503|0|50171.5390625|14.1819443611|100.55755523915|-20639|54899||50171.5390625|360||35981.25|357.75|50171.5390625|780d46|CBJ377|0|2184|0|||3|3|0|1|1|132|18|["132,18,5,3695","132,114,5,408","132,178,5,1724"]|13:56:11:539
62|1.1|636136519586456494|0|50176.5390625|14.17242253335|100.55207817654|-21231|53846||50176.5390625|360||36262.5|358.25|50176.5390625|780d46|CBJ377|0|2184|0|||3|3|0|1|1|132|18|["132,18,5,3695","132,114,5,408","132,178,5,1724"]|13:56:16:539
62|1.1|636136519636391487|0|50181.5390625|14.16271295125|100.54707854642|-21772|52772||50181.5390625|360||36356.25|358.25|50181.5390625|780d46|CBJ377|0|2184|0|||3|3|0|1|1|132|18|["132,18,5,3695","132,114,5,408","132,178,5,1724"]|13:56:21:539
62|1.1|636136519686306478|0|50186.515625|14.1528692589|100.54214865363|-22305|51683||50186.515625|360||36318.75|358|50186.515625|780d46|CBJ377|0|2184|0|||3|3|0|1|1|132|18|["132,18,5,3695","132,114,5,408","132,178,5,1724"]|13:56:26:516
62|1.1|636136519736221469|0|50191.515625|14.14298265127|100.53722948966|-22837|50590||50191.515625|360||36225|358|50191.515625|780d46|CBJ377|0|2184|0|||3|3|0|1|1|132|5|["132,18,5,3695","132,114,5,408","132,178,5,1724"]|13:56:31:516
62|1.1|636136519786146461|0|50196.5|14.13333207768|100.53218157985|-23383|49523||50196.5|360||36156.25|358|50196.5|780d46|CBJ377|0|2184|0|||3|3|0|1|1|132|18|["132,18,5,3695","132,114,5,408","132,178,5,1724"]|13:56:36:500
62|1.1|636136519836071453|0|50201.5|14.12569852225|100.52916141702|-23710|48678||50201.5|360||35993.75|358|50201.5|780d46|CBJ377|0|2184|0|||3|3|0|1|1|132|18|["132,18,5,3695","132,114,5,408","132,178,5,1724"]|13:56:41:500
62|1.1|636136519885996445|0|50206.5|14.11504480399|100.52380773584|-24289|47500||50206.5|360||35975|358|50206.5|780d46|CBJ377|0|2184|0|||3|3|0|1|1|132|18|["132,18,5,3695","132,114,5,408","132,178,5,1724"]|13:56:46:500
62|1.1|636136519935911436|0|50211.4765625|14.1052332981|100.51898513125|-24811|46415||50211.4765625|360||35956.25|358|50211.4765625|780d46|CBJ377|0|2184|0|||3|3|0|1|1|132|114|["132,18,5,3695","132,114,5,408","132,178,5,1724"]|13:56:51:477
62|1.1|636136519985836428|0|50216.4765625|14.09527158873|100.51422689958|-25326|45313||50216.4765625|360||35943.75|358|50216.4765625|780d46|CBJ377|0|2184|0|||3|3|0|1|1|132|18|["132,18,5,3695","132,114,5,408","132,178,5,1724"]|13:56:56:477
62|1.1|636136520035761420|0|50221.4609375|14.08580340508|100.50864791318|-25930|44266||50221.4609375|360||36200|358|50221.4609375|780d46|CBJ377|0|2184|0|||3|3|0|1|1|132|178|["132,18,5,3695","132,114,5,408","132,178,5,1724"]|13:57:01:461
62|1.1|636136520085686412|0|50226.4609375|14.07622256882|100.50290263007|-26551|43207||50226.4609375|360||36531.25|358.25|50226.4609375|780d46|CBJ377|0|2184|0|||3|3|0|1|1|132|114|["132,18,5,3695","132,114,5,408","132,178,5,1724"]|13:57:06:461
62|1.1|636136520135601403|0|50231.4609375|14.06656663082|100.49803174579|-27078|42139||50231.4609375|360||36743.75|358.25|50231.4609375|780d46|CBJ377|0|2184|0|||3|3|0|1|1|132|114|["132,18,5,3695","132,114,5,408","132,178,5,1724"]|13:57:11:461
62|1.1|636136520185516394|0|50236.4375|14.05725401506|100.49271025107|-27654|41109||50236.4375|360||36831.25|358|50236.4375|780d46|CBJ377|0|2184|0|||3|3|0|1|1|132|5|["132,18,5,3695","132,114,5,408","132,178,5,1724"]|13:57:16:438
62|1.1|636136520235441386|0|50241.4375|14.04796285694|100.4874155784|-28227|40082||50241.4375|360||36781.25|358.25|50241.4375|780d46|CBJ377|0|2184|0|||3|3|0|1|1|132|5|["132,18,5,3695","132,114,5,408","132,178,5,1724"]|13:57:21:438
62|1.1|636136520285366378|0|50246.421875|14.03864487677|100.48213163455|-28799|39052||50246.421875|360||36656.25|358|50246.421875|780d46|CBJ377|0|2184|0|||3|3|0|1|1|132|5|["132,18,5,3695","132,114,5,408","132,178,5,1724"]|13:57:26:422
62|1.1|636136520335281369|0|50251.421875|14.02918205753|100.47681013983|-29375|38005||50251.421875|360||36512.5|358|50251.421875|780d46|CBJ377|0|2184|0|||3|3|0|1|1|132|5|["132,18,5,3695","132,114,5,408","132,178,5,1724"]|13:57:31:422
62|1.1|636136520385216362|0|50256.421875|14.0196709586|100.47152619598|-29947|36954||50256.421875|360||36350|358|50256.421875|780d46|CBJ377|0|2184|0|||3|3|0|1|1|132|114|["132,18,5,3695","132,114,5,408","132,178,5,1724"]|13:57:36:422
62|1.1|636136520435131353|0|50261.3984375|14.01011157998|100.46632808269|-30510|35897||50261.3984375|360||36200|358|50261.3984375|780d46|CBJ377|0|2184|0|||3|3|0|1|1|132|178|["132,18,5,3695","132,114,5,408","132,178,5,1724"]|13:57:41:398
62|1.1|636136520485046344|0|50266.3984375|14.0004127267|100.46118897791|-31066|34824||50266.3984375|360||36068.75|358|50266.3984375|780d46|CBJ377|0|2184|0|||3|3|0|1|1|132|178|["132,18,5,3695","132,114,5,408","132,178,5,1724"]|13:57:46:398
62|1.1|636136520534971336|0|50271.375|13.99056903435|100.4561410681|-31613|33736||50271.375|360||35981.25|358|50271.375|780d46|CBJ377|0|2184|0|||3|3|0|1|1|132|114|["132,18,5,3695","132,114,5,408","132,178,5,1724"]|13:57:51:375
62|1.1|636136520584896328|0|50276.375|13.98095064722|100.45527203368|-31708|32672||50276.375|360||35925|358|50276.375|780d46|CBJ377|0|2184|0|||3|3|0|1|1|132|114|["132,18,5,3695","132,114,5,408","132,178,5,1724"]|13:57:56:375
62|1.1|636136520634821320|0|50281.375|13.97053832741|100.45028849679|-32248|31520||50281.375|360||36000|358|50281.375|780d46|CBJ377|0|2184|0|||3|3|0|1|1|132|114|["132,18,5,3695","132,114,5,408","132,178,5,1724"]|13:58:01:375
62|1.1|636136520684736311|0|50286.359375|13.96034594841|100.44528350226|-32790|30393||50286.359375|360||36243.75|358|50286.359375|780d46|CBJ377|0|2184|0|||3|3|0|1|1|132|114|["132,18,5,3695","132,114,5,408","132,178,5,1724"]|13:58:06:359
62|1.1|636136520734661303|0|50291.359375|13.95029840848|100.43973133791|-33392|29282||50291.359375|360||36412.5|358|50291.359375|780d46|CBJ377|0|2184|0|||3|3|0|1|1|132|178|["132,18,5,3695","132,114,5,408","132,178,5,1724"]|13:58:11:359
62|1.1|636136520784576294|0|50296.3359375|13.94046544495|100.43499456388|-33905|28195||50296.3359375|360||36518.75|358.25|50296.3359375|780d46|CBJ377|0|2184|0|||3|3|0|1|1|132|114|["132,18,5,3695","132,114,5,408","132,178,5,1724"]|13:58:16:336
62|1.1|636136520834501286|0|50301.3359375|13.93064857465|100.4300163914|-34444|27110||50301.3359375|360||36537.5|358.25|50301.3359375|780d46|CBJ377|0|2184|0|||3|3|0|1|1|132|114|["132,18,5,3695","132,114,5,408","132,178,5,1724"]|13:58:21:336
62|1.1|636136520884426278|0|50306.3359375|13.92085316199|100.42538154116|-34947|26027||50306.3359375|360||36575|358.25|50306.3359375|780d46|CBJ377|0|2184|0|||3|3|0|1|1|132|178|["132,18,5,3695","132,114,5,408","132,178,5,1724"]|13:58:26:336
62|1.1|636136520934341269|0|50311.3203125|13.91122404604|100.42054820775|-35470|24962||50311.3203125|360||36543.75|358|50311.3203125|780d46|CBJ377|0|2184|0|||3|3|0|1|1|132|178|["132,18,5,3695","132,114,5,408","132,178,5,1724"]|13:58:31:320
62|1.1|636136520984266261|0|50316.3203125|13.90163248096|100.41537691651|-36030|23902||50316.3203125|360||36437.5|358|50316.3203125|780d46|CBJ377|0|2184|0|||3|3|0|1|1|132|114|["132,18,5,3695","132,114,5,408","132,178,5,1724"]|13:58:36:320
62|1.1|636136521034191253|0|50321.296875|13.89195508532|100.41066696453|-36541|22832||50321.296875|360||36400|358|50321.296875|780d46|CBJ377|0|2184|0|||3|3|0|1|1|132|5|["132,18,5,3695","132,114,5,408","132,178,5,1724"]|13:58:41:297
62|1.1|636136521084116245|0|50326.296875|13.88230451173|100.40579608025|-37069|21765||50326.296875|360||36425|358|50326.296875|780d46|CBJ377|0|2184|0|||3|3|0|1|1|132|5|["132,18,5,3695","132,114,5,408","132,178,5,1724"]|13:58:46:297
62|1.1|636136521134031236|0|50331.296875|13.87260565845|100.40091983156|-37598|20692||50331.296875|360||36406.25|358|50331.296875|780d46|CBJ377|0|2184|0|||3|3|0|1|1|132|114|["132,18,5,3695","132,114,5,408","132,178,5,1724"]|13:58:51:297
62|1.1|636136521183946227|0|50336.28125|13.86293362722|100.39620987958|-38109|19623||50336.28125|360||36400|358|50336.28125|780d46|CBJ377|0|2184|0|||3|3|0|1|1|132|114|["132,18,5,3695","132,114,5,408","132,178,5,1724"]|13:58:56:281
62|1.1|636136521233871219|0|50341.28125|13.85320795189|100.39141946145|-38628|18548||50341.28125|360.25||36356.25|358|50341.28125|780d46|CBJ377|0|2184|0|||3|3|0|1|1|132|114|["132,18,5,3695","132,114,5,408","132,210,2,2190","132,178,5,1724"]|13:59:01:281
62|1.1|636136521283796211|0|50346.2578125|13.84363248004|100.38689189941|-39119|17489||50346.2578125|360.25||36381.25|358|50346.2578125|780d46|CBJ377|0|2184|0|||3|3|0|1|1|132|114|["132,18,5,3695","132,114,5,408","132,210,2,2190","132,178,5,1724"]|13:59:06:258
62|1.1|636136521333711202|0|50351.2578125|13.8340087285|100.38197273544|-39652|16425||50351.2578125|360.25||36331.25|358|50351.2578125|780d46|CBJ377|0|2184|0|||3|3|0|1|1|132|114|["132,18,5,3695","132,114,5,408","132,210,2,2190","132,178,5,1724"]|13:59:11:258
62|1.1|636136521383636194|0|50356.2578125|13.82435815491|100.37703747824|-40188|15358||50356.2578125|360.25||36250|358|50356.2578125|780d46|CBJ377|0|2184|0|||3|3|0|1|1|132|114|["132,18,5,3695","132,114,5,408","132,210,2,2190","132,178,5,1724"]|13:59:16:258
62|1.1|636136521433561186|0|50361.2421875|13.81471294573|100.37235434831|-40695|14292||50361.2421875|360.25||36206.25|358.25|50361.2421875|780d46|CBJ377|0|2184|0|||3|3|0|1|1|132|114|["132,18,5,3695","132,114,5,408","132,210,2,2190","132,178,5,1724"]|13:59:21:242
62|1.1|636136521483326162|0|50366.2421875|13.80523403326|100.3678428795|-41185|13244||50366.2421875|360.25||36181.25|358.25|50366.2421875|780d46|CBJ377|0|2184|0|||3|3|0|1|1|132|114|["132,18,5,3695","132,114,5,408","132,210,2,2190","132,178,5,1724"]|13:59:26:242
62|1.1|636136521533401169|0|50371.21875|13.79576584961|100.3631758428|-41691|12197||50371.21875|360.25||36206.25|358|50371.21875|780d46|CBJ377|0|2184|0|||3|3|0|1|1|132|114|["132,18,5,3695","132,114,5,408","132,210,2,2190","132,178,5,1724"]|13:59:31:219
62|1.1|636136521583326161|0|50376.21875|13.78616892012|100.35825131442|-42225|11136||50376.21875|360.25||36175|358|50376.21875|780d46|CBJ377|0|2184|0|||3|3|0|1|1|132|114|["132,18,5,3695","132,114,5,408","132,210,2,2192","132,178,5,1724"]|13:59:36:219
62|1.1|636136521633091137|0|50381.21875|13.7768241179|100.35387932027|-42700|10103||50381.21875|360||36000|358.25|50381.21875|780d46|CBJ377|0|2184|0|||3|3|0|1|1|132|114|["132,18,5,3695","132,114,5,408","132,210,2,2192","132,178,5,1724"]|13:59:41:219
62|1.1|636136521683006128|0|50386.1953125|13.76731838338|100.34894942748|-43235|9052||50386.1953125|360||35987.5|358|50386.1953125|780d46|CBJ377|0|2184|0|||3|3|0|1|1|132|114|["132,18,5,3695","132,114,5,408","132,210,2,2192","132,178,5,1724"]|13:59:46:195
62|1.1|636136521732931120|0|50391.1953125|13.75758734364|100.34416973817|-43754|7976||50391.1953125|360.25||36000|358|50391.1953125|780d46|CBJ377|0|2184|0|||3|3|0|1|1|132|114|["132,18,5,3695","132,114,5,408","132,210,2,2192","132,178,5,1724"]|13:59:51:195
62|1.1|636136521783016128|0|50396.1796875|13.74803869384|100.3391969301|-44293|6921||50396.1796875|360||36031.25|358|50396.1796875|780d46|CBJ377|0|2184|0|||3|3|0|1|1|132|114|["132,18,5,3695","132,114,5,408","132,210,2,2192","132,178,5,1724"]|13:59:56:180
62|1.1|636136521832931119|0|50401.1796875|13.73847931522|100.33448161371|-44805|5864||50401.1796875|360.25||36100|358|50401.1796875|780d46|CBJ377|0|2184|0|||3|3|0|1|1|132|114|["132,18,5,3695","132,114,5,408","132,210,2,2192","132,178,5,1724"]|14:00:01:180
62|1.1|636136521882856111|0|50406.1796875|13.72898967393|100.3295946362|-45335|4815||50406.1796875|360||36143.75|358|50406.1796875|780d46|CBJ377|0|2184|0|||3|3|0|1|1|132|114|["132,18,5,3695","132,114,5,408","132,210,2,2192","132,178,5,1724"]|14:00:06:180
62|1.1|636136521932771102|0|50411.15625|13.71935519357|100.32490077745|-45845|3750||50411.15625|360||36181.25|358|50411.15625|780d46|CBJ377|0|2184|0|||3|3|0|1|1|132|114|["132,18,5,3695","132,114,5,408","132,210,2,2192","132,178,4,1724"]|14:00:11:156
62|1.1|636136521982536078|0|50416.15625|13.70969389116|100.32012108814|-46364|2682||50416.15625|360||36231.25|358|50416.15625|780d46|CBJ377|0|2184|0|||3|3|0|1|1|132|114|["132,18,5,3695","132,114,5,408","132,210,2,2192","132,178,4,1724"]|14:00:16:156
62|1.1|636136522032471071|0|50421.140625|13.70012378372|100.31530921237|-46886|1624||50421.140625|360||36143.75|358|50421.140625|780d46|CBJ377|0|2184|0|||3|3|0|1|1|132|114|["132,18,5,3695","132,114,5,408","132,210,2,2192","132,178,5,1919"]|14:00:21:141
62|1.1|636136522082386062|0|50426.140625|13.69054294746|100.31050806542|-47407|565||50426.140625|360||36093.75|358|50426.140625|780d46|CBJ377|0|2184|0|||3|3|0|1|1|132|114|["132,18,5,3695","132,114,5,408","132,210,2,2192","132,178,5,1919"]|14:00:26:141
62|1.1|636136522129200743|0|50430.8203125|13.68154683189|100.30601268984|-47895|-430||50430.8203125|360||36050|358|50430.8203125|780d46|CBJ377|0|2184|0|||3|3|0|1|1|132|114|["132,18,5,3695","132,114,5,408","132,210,2,2192","132,178,5,1919"]|14:00:30:820
62|1.1|636136522179105733|0|50435.8203125|13.67196063122|100.30124909376|-48413|-1489||50435.8203125|360||36012.5|358|50435.8203125|780d46|CBJ377|0|2184|0|||3|3|0|1|1|132|114|["132,18,5,3695","132,114,5,408","132,210,2,2192","132,178,5,1919"]|14:00:35:820
62|1.1|636136522229050727|0|50440.796875|13.66237443055|100.2965498706|-48923|-2549||50440.796875|359.75||35975|357.75|50440.796875|780d46|CBJ377|0|2184|0|||3|3|0|1|1|132|114|["132,18,5,3695","132,114,5,408","132,210,2,2192","132,178,5,1919"]|14:00:40:797
62|1.1|636136522278955717|0|50445.796875|13.65428490027|100.29262848689|-49349|-3443||50445.796875|359.75||36012.5|357.75|50445.796875|780d46|CBJ377|0|2184|0|||3|3|0|1|1|132|5|["132,18,5,3695","132,114,5,408","132,210,2,2192","132,178,5,1919"]|14:00:45:797
62|1.1|636136522328890710|0|50450.78125|13.64492936923|100.28796145019|-49856|-4477||50450.78125|360||35993.75|357.75|50450.78125|780d46|CBJ377|0|2184|0|||3|3|0|1|1|132|114|["132,18,5,3695","132,114,5,408","132,210,2,2192","132,178,5,1919"]|14:00:50:781
62|1.1|636136522378805701|0|50455.78125|13.63511786334|100.28328368467|-50364|-5561||50455.78125|359.75||36018.75|357.75|50455.78125|780d46|CBJ377|0|2184|0|||3|3|0|1|1|132|114|["132,18,5,3695","132,114,5,408","132,210,2,2192","132,178,5,1919"]|14:00:55:781
62|1.1|636136522428720692|0|50460.78125|13.62515078956|100.27838597834|-50896|-6664||50460.78125|359.75||36037.5|357.75|50460.78125|780d46|CBJ377|0|2184|0|||3|3|0|1|1|132|114|["132,18,5,3695","132,114,5,408","132,210,2,2192","132,178,5,1919"]|14:01:00:781
62|1.1|636136522478645684|0|50465.7578125|13.6157308856|100.27350436524|-51427|-7705||50465.7578125|359.75||35968.75|357.75|50465.7578125|780d46|CBJ377|0|2184|0|||3|3|0|1|1|132|114|["132,18,5,3695","132,114,5,408","132,210,2,2192","132,178,5,1919"]|14:01:05:758
62|1.1|636136522528570676|0|50470.7578125|13.60603739673|100.2686549386|-51954|-8776||50470.7578125|359.75||35968.75|357.75|50470.7578125|780d46|CBJ377|0|2184|0|||3|3|0|1|1|132|114|["132,18,5,3695","132,114,5,408","132,210,2,2192","132,178,5,1919"]|14:01:10:758
62|1.1|636136522578485667|0|50475.7421875|13.59647801811|100.26374113904|-52487|-9833||50475.7421875|359.75||35968.75|357.75|50475.7421875|780d46|CBJ377|0|2184|0|||3|3|0|1|1|132|114|["132,18,5,3695","132,114,5,408","132,210,2,2192","132,178,5,1919"]|14:01:15:742
62|1.1|636136522628410659|0|50480.7421875|13.58756236869|100.25918675495|-52982|-10818||50480.7421875|360||35968.75|357.75|50480.7421875|780d46|CBJ377|0|2184|0|||3|3|0|1|1|132|210|["132,18,5,3695","132,114,5,408","132,210,2,2192","132,178,5,1919"]|14:01:20:742
62|1.1|636136522678325650|0|50485.7421875|13.57806736299|100.25451435384|-53490|-11867||50485.7421875|359.75||35981.25|357.75|50485.7421875|780d46|CBJ377|0|2184|0|||3|3|0|1|1|132|5|["132,18,5,3695","132,114,5,408","132,210,2,2192","132,178,5,1919"]|14:01:25:742
62|1.1|636136522728250642|0|50490.71875|13.56974716308|100.25026037671|-53952|-12787||50490.71875|359.75||35981.25|357.75|50490.71875|780d46|CBJ377|0|2184|0|||3|3|0|1|1|132|114|["132,18,5,3695","132,114,5,408","132,210,2,2192","132,178,5,1919"]|14:01:30:719
62|1.1|636136522778195636|0|50495.71875|13.56033262353|100.24555578914|-54464|-13828||50495.71875|359.75||35975|357.75|50495.71875|780d46|CBJ377|0|2184|0|||3|3|0|1|1|132|114|["132,18,5,3695","132,114,5,408","132,210,2,2192","132,178,5,1919"]|14:01:35:719
62|1.1|636136522828120628|0|50500.6953125|13.54999540546|100.24051860815|-55011|-14970||50500.6953125|359.75||35975|357.75|50500.6953125|780d46|CBJ377|0|2184|0|||3|3|0|1|1|132|114|["132,18,5,3695","132,114,5,408","132,210,2,2192","132,178,5,1919"]|14:01:40:695
62|1.1|636136522878015617|0|50505.6953125|13.54016244193|100.23572282561|-55532|-16057||50505.6953125|359.75||35981.25|357.75|50505.6953125|780d46|CBJ377|0|2184|0|||3|3|0|1|1|132|114|["132,18,5,3695","132,114,5,408","132,210,2,2192"]|14:01:45:695
62|1.1|636136522927940609|0|50510.6953125|13.53027046989|100.2309431363|-56052|-17150||50510.6953125|359.75||35993.75|357.75|50510.6953125|780d46|CBJ377|0|2184|0|||3|3|0|1|1|132|114|["132,18,5,3695","132,114,5,408","132,210,2,2192"]|14:01:50:695
62|1.1|636136522977855600|0|50515.6796875|13.52032485375|100.22620636227|-56568|-18249||50515.6796875|359.75||36018.75|357.75|50515.6796875|780d46|CBJ377|0|2184|0|||3|3|0|1|1|132|114|["132,18,5,3695","132,114,5,408","132,210,2,2192"]|14:01:55:680
62|1.1|636136523027780592|0|50520.6796875|13.51017002562|100.22134620681|-57096|-19372||50520.6796875|359.75||36056.25|357.75|50520.6796875|780d46|CBJ377|0|2184|0|||3|3|0|1|1|132|114|["132,18,5,3695","132,114,5,408","132,210,2,2192"]|14:02:00:680
62|1.1|636136523077705584|0|50525.65625|13.50014394333|100.21606226296|-57671|-20480||50525.65625|359.75||36093.75|357.75|50525.65625|780d46|CBJ377|0|2184|0|||3|3|0|1|1|132|114|["132,18,5,3695","132,114,5,408","132,210,2,2192"]|14:02:05:656
62|1.1|636136523127650578|0|50530.65625|13.49023051365|100.21100898874|-58220|-21575||50530.65625|359.75||36087.5|357.75|50530.65625|780d46|CBJ377|0|2184|0|||3|3|0|1|1|132|114|["132,18,5,3695","132,114,5,408","132,210,2,2192"]|14:02:10:656
62|1.1|636136523177545567|0|50535.65625|13.48238238182|100.20694813037|-58661|-22443||50535.65625|359.75||36018.75|357.75|50535.65625|780d46|CBJ377|0|2184|0|||3|3|0|1|1|132|114|["132,18,5,3695","132,114,5,408","132,210,2,2192"]|14:02:15:656
62|1.1|636136523227470559|0|50540.640625|13.47384760551|100.20238301746|-59158|-23386||50540.640625|360||35993.75|357.75|50540.640625|780d46|CBJ377|0|2184|0|||3|3|0|1|1|132|114|["132,18,5,3695","132,114,5,408","132,210,2,2192"]|14:02:20:641
62|1.1|636136523277385550|0|50545.640625|13.46447598124|100.19761405697|-59677|-24422||50545.640625|360||35987.5|358|50545.640625|780d46|CBJ377|0|2184|0|||3|3|0|1|1|132|114|["132,18,5,3695","132,114,5,408","132,210,2,2192"]|14:02:25:641
62|1.1|636136523327310542|0|50550.6171875|13.45378471211|100.19241594368|-60242|-25603||50550.6171875|360||35987.5|358|50550.6171875|780d46|CBJ377|0|2184|0|||3|3|0|1|1|132|114|["132,18,5,3695","132,114,5,408","132,210,2,2192"]|14:02:30:617
62|1.1|636136523377235534|0|50555.6171875|13.44394638417|100.18756651704|-60770|-26691||50555.6171875|360||35981.25|358|50555.6171875|780d46|CBJ377|0|2184|0|||3|3|0|1|1|132|114|["132,18,5,3695","132,114,5,408","132,210,2,2192"]|14:02:35:617
62|1.1|636136523427160526|0|50560.6171875|13.43381301368|100.18274391245|-61295|-27810||50560.6171875|360||35993.75|358|50560.6171875|780d46|CBJ377|0|2184|0|||3|3|0|1|1|132|114|["132,18,5,3695","132,114,5,408","132,210,2,2192"]|14:02:40:617
62|1.1|636136523477085518|0|50565.6015625|13.42363672791|100.17747069742|-61868|-28935||50565.6015625|360.25||36018.75|358|50565.6015625|780d46|CBJ377|0|2184|0|||3|3|0|1|1|132|114|["132,18,5,3695","132,114,5,408","132,210,2,2192"]|14:02:45:602
62|1.1|636136523527010510|0|50570.6015625|13.41368038295|100.17237450792|-62423|-30035||50570.6015625|360||36037.5|358|50570.6015625|780d46|CBJ377|0|2184|0|||3|3|0|1|1|132|114|["132,18,5,3695","132,114,5,408","132,210,2,2192"]|14:02:50:602
62|1.1|636136523576915500|0|50575.578125|13.40390642793|100.16734805575|-62970|-31115||50575.578125|360.25||36043.75|358|50575.578125|780d46|CBJ377|0|2184|0|||3|3|0|1|1|132|114|["132,18,5,3695","132,114,5,408","132,210,2,2192"]|14:02:55:578
62|1.1|636136523626840492|0|50580.578125|13.39425585434|100.16264346818|-63482|-32182||50580.578125|360.25||36068.75|358|50580.578125|780d46|CBJ377|0|2184|0|||3|3|0|1|1|132|114|["132,18,5,3695","132,114,5,408","132,210,2,2192"]|14:03:00:578
62|1.1|636136523676765484|0|50585.578125|13.38462137398|100.15764920247|-64025|-33246||50585.578125|360||36056.25|358|50585.578125|780d46|CBJ377|0|2184|0|||3|3|0|1|1|132|114|["132,18,5,3695","132,114,5,408","132,210,2,2192"]|14:03:05:578
62|1.1|636136523726680475|0|50590.5625|13.37498689362|100.15298216577|-64533|-34311||50590.5625|360||36056.25|358|50590.5625|780d46|CBJ377|0|2184|0|||3|3|0|1|1|132|114|["132,18,5,3695","132,114,5,408","132,210,2,2192"]|14:03:10:563
62|1.1|636136523776605467|0|50595.5625|13.36528267593|100.14818101882|-65056|-35384||50595.5625|360||36043.75|358|50595.5625|780d46|CBJ377|0|2184|0|||3|3|0|1|1|132|114|["132,18,5,3695","132,114,5,408","132,210,2,2192"]|14:03:15:563
62|1.1|636136523826530459|0|50600.5390625|13.35554627178|100.14335841423|-65581|-36459||50600.5390625|360||36031.25|358|50600.5390625|780d46|CBJ377|0|2184|0|||3|3|0|1|1|132|210|["132,18,5,3695","132,114,5,408","132,210,2,2192"]|14:03:20:539
62|1.1|636136523876455451|0|50605.5390625|13.34592252024|100.13877184368|-66081|-37523||50605.5390625|360||36031.25|358|50605.5390625|780d46|CBJ377|0|2184|0|||3|3|0|1|1|132|114|["132,18,5,3695","132,114,5,408","132,210,2,2192"]|14:03:25:539
62|1.1|636136523926370442|0|50610.5390625|13.33627731106|100.13439984953|-66557|-38589||50610.5390625|360||36037.5|358|50610.5390625|780d46|CBJ377|0|2184|0|||3|3|0|1|1|132|114|["132,18,5,3695","132,114,5,408","132,210,2,2192"]|14:03:30:539
62|1.1|636136523976295434|0|50615.515625|13.32671793244|100.12954505848|-67086|-39645||50615.515625|360||36018.75|358|50615.515625|780d46|CBJ377|0|2184|0|||3|3|0|1|1|132|114|["132,18,5,3695","132,114,5,408","132,210,2,2192"]|14:03:35:516
62|1.1|636136524026210425|0|50620.515625|13.31710490972|100.12482437768|-67600|-40707||50620.515625|360||36025|358|50620.515625|780d46|CBJ377|0|2184|0|||3|3|0|1|1|132|114|["132,18,5,3695","132,114,5,408","132,210,2,2192"]|14:03:40:516
62|1.1|636136524076135417|0|50625.5|13.30757235315|100.11997495104|-68128|-41761||50625.5|360||36018.75|358|50625.5|780d46|CBJ377|0|2184|0|||3|3|0|1|1|132|114|["132,18,5,3695","132,114,5,408","132,210,2,2192"]|14:03:45:500
62|1.1|636136524126060409|0|50630.5|13.29802906776|100.11509870235|-68659|-42815||50630.5|360||36025|358|50630.5|780d46|CBJ377|0|2184|0|||3|3|0|1|1|132|114|["132,18,5,3695","132,114,5,408","132,210,2,2192"]|14:03:50:500
62|1.1|636136524175975400|0|50635.5|13.29034186823|100.11085545404|-69121|-43665||50635.5|360||36018.75|358|50635.5|780d46|CBJ377|0|2184|0|||3|3|0|1|1|132|210|["132,18,5,3695","132,114,5,408","132,210,2,2192"]|14:03:55:500
62|1.1|636136524225900392|0|50640.4765625|13.2802406842|100.10575926454|-69676|-44781||50640.4765625|360||36000|358|50640.4765625|780d46|CBJ377|0|2184|0|||3|3|0|1|1|132|114|["132,18,5,3695","132,114,5,408","132,210,2,2192"]|14:04:00:477
62|1.1|636136524275825384|0|50645.4765625|13.27049355123|100.10102785492|-70192|-45858||50645.4765625|360||36000|358|50645.4765625|780d46|CBJ377|0|2184|0|||3|3|0|1|1|132|114|["132,18,5,3695","132,114,5,408","132,210,2,2192"]|14:04:05:477
62|1.1|636136524325750376|0|50650.4609375|13.26058548596|100.09624816561|-70713|-46952||50650.4609375|360||36018.75|357.75|50650.4609375|780d46|CBJ377|0|2184|0|||3|3|0|1|1|132|114|["132,18,5,3695","132,114,5,408","132,210,2,2192"]|14:04:10:461
62|1.1|636136524375665367|0|50655.4609375|13.25060768336|100.09133436605|-71248|-48055||50655.4609375|360||36043.75|357.75|50655.4609375|780d46|CBJ377|0|2184|0|||3|3|0|1|1|132|114|["132,18,5,3695","132,114,5,408","132,210,2,2192"]|14:04:15:461
62|1.1|636136524425590359|0|50660.4609375|13.24057087225|100.08643665972|-71782|-49164||50660.4609375|360||36050|357.75|50660.4609375|780d46|CBJ377|0|2184|0|||3|3|0|1|1|132|114|["132,18,5,3695","132,114,5,408","132,210,2,2192"]|14:04:20:461
62|1.1|636136524475515351|0|50665.4375|13.23058234083|100.08156041103|-72313|-50268||50665.4375|360||36056.25|357.75|50665.4375|780d46|CBJ377|0|2184|0|||3|3|0|1|1|132|114|["132,18,5,3695","132,114,5,408","132,210,2,2192"]|14:04:25:438
62|1.1|636136524525430342|0|50670.4375|13.22255181906|100.07700066253|-72810|-51155||50670.4375|360||36006.25|357.75|50670.4375|780d46|CBJ377|0|2184|0|||3|3|0|1|1|132|114|["132,18,5,3695","132,114,5,408","132,210,2,2192"]|14:04:30:438
62|1.1|636136524575365335|0|50675.421875|13.21285833019|100.07223170204|-73330|-52226||50675.421875|360||36012.5|357.75|50675.421875|780d46|CBJ377|0|2184|0|||3|3|0|1|1|132|114|["132,18,5,3695","132,114,5,408","132,210,2,2192"]|14:04:35:422
62|1.1|636136524625270325|0|50680.421875|13.20413043512|100.06765586031|-73829|-53190||50680.421875|360||36006.25|357.75|50680.421875|780d46|CBJ377|0|2184|0|||3|3|0|1|1|132|114|["132,18,5,3695","132,114,5,408","132,210,2,2192"]|14:04:40:422
62|1.1|636136524675195317|0|50685.421875|13.19436720892|100.06277961162|-74360|-54269||50685.421875|360||36000|357.75|50685.421875|780d46|CBJ377|0|2184|0|||3|3|0|1|1|132|5|["132,18,5,3695","132,114,5,408","132,210,2,2192"]|14:04:45:422
62|1.1|636136524725120309|0|50690.3984375|13.18356328718|100.05755467628|-74930|-55463||50690.3984375|360||35993.75|357.75|50690.3984375|780d46|CBJ377|0|2184|0|||3|3|0|1|1|132|114|["132,18,5,3695","132,114,5,408","132,210,2,2192"]|14:04:50:398
62|1.1|636136524775045301|0|50695.3984375|13.17344600992|100.05261941908|-75468|-56580||50695.3984375|360||36000|357.75|50695.3984375|780d46|CBJ377|0|2184|0|||3|3|0|1|1|132|114|["132,18,5,3695","132,114,5,408","132,210,2,2192"]|14:04:55:398
62|1.1|636136524824960292|0|50700.375|13.16334482589|100.04775926362|-75998|-57696||50700.375|359.75||36000|357.75|50700.375|780d46|CBJ377|0|2184|0|||3|3|0|1|1|132|114|["132,18,5,3695","132,114,5,408","132,210,2,2192"]|14:05:00:375
62|1.1|636136524874885284|0|50705.375|13.15314171807|100.04293665903|-76524|-58824||50705.375|359.75||36006.25|357.5|50705.375|780d46|CBJ377|0|2184|0|||3|3|0|1|1|132|114|["132,18,5,3695","132,114,5,408","132,210,2,2192"]|14:05:05:375
62|1.1|636136524924810276|0|50710.375|13.14339994951|100.0375561558|-77111|-59900||50710.375|359.75||35975|357.5|50710.375|780d46|CBJ377|0|2184|0|||3|3|0|1|1|132|114|["132,18,5,3695","132,114,5,408","132,210,2,2192"]|14:05:10:375
62|1.1|636136524974725267|0|50715.359375|13.13463986798|100.03308223786|-77599|-60868||50715.359375|359.75||35975|357.5|50715.359375|780d46|CBJ377|0|2184|0|||3|3|0|1|1|132|114|["132,18,5,3695","132,114,5,408","132,210,2,2192"]|14:05:15:359
62|1.1|636136525024660260|0|50720.359375|13.12486591296|100.02826499768|-78124|-61948||50720.359375|359.75||35981.25|357.5|50720.359375|780d46|CBJ377|0|2184|0|||3|3|0|1|1|132|114|["132,18,5,3695","132,114,5,408","132,210,2,2192"]|14:05:20:359
62|1.1|636136525074575251|0|50725.3359375|13.11504367825|100.02348530837|-78646|-63033||50725.3359375|360||35987.5|357.75|50725.3359375|780d46|CBJ377|0|2184|0|||3|3|0|1|1|132|114|["132,18,5,3695","132,114,5,408","132,210,2,2192"]|14:05:25:336
62|1.1|636136525124490242|0|50730.3359375|13.10714726673|100.01927961093|-79105|-63905||50730.3359375|360||36006.25|357.75|50730.3359375|780d46|CBJ377|0|2184|0|||3|3|0|1|1|132|210|["132,18,5,3695","132,114,5,408","132,210,2,2192"]|14:05:30:336
62|1.1|636136525174405233|0|50735.3359375|13.09772736277|100.01456965895|-79618|-64946||50735.3359375|360||36012.5|357.75|50735.3359375|780d46|CBJ377|0|2184|0|||3|3|0|1|1|132|114|["132,18,5,3695","132,114,5,408","132,210,2,2192"]|14:05:35:336
62|1.1|636136525224340226|0|50740.3203125|13.08770128048|100.00968268144|-80152|-66053||50740.3203125|360||36006.25|357.75|50740.3203125|780d46|CBJ377|0|2184|0|||3|3|0|1|1|132|114|["132,18,5,3695","132,114,5,408","132,210,2,2192"]|14:05:40:320
62|1.1|636136525274265218|0|50745.3203125|13.07853350379|100.00507465325|-80654|-67066||50745.3203125|360||36006.25|357.75|50745.3203125|780d46|CBJ377|0|2184|0|||3|3|0|1|1|132|210|["132,18,5,3695","132,114,5,408","132,210,2,2192"]|14:05:45:320
62|1.1|636136525324180209|0|50750.296875|13.06892584548|100.00038615891|-81166|-68128||50750.296875|360||36018.75|357.75|50750.296875|780d46|CBJ377|0|2184|0|||3|3|0|1|1|132|114|["132,18,5,3695","132,114,5,408","132,210,2,2192"]|14:05:50:297
62|1.1|636136525374105201|0|50755.296875|13.05730116901|99.99495737599|-81759|-69412||50755.296875|360||36006.25|357.75|50755.296875|780d46|CBJ377|0|2184|0|||3|3|0|1|1|132|114|["132,18,5,3695","132,114,5,408","132,210,2,2192"]|14:05:55:297
62|1.1|636136525424020192|0|50760.296875|13.04816021437|99.99014550022|-82284|-70422||50760.296875|360||36006.25|357.75|50760.296875|780d46|CBJ377|0|2184|0|||3|3|0|1|1|132|114|["132,18,5,3695","132,114,5,408","132,210,2,2192"]|14:06:00:297
62|1.1|636136525473945184|0|50765.28125|13.03753868257|99.98488837842|-82858|-71595||50765.28125|360||36000|357.75|50765.28125|780d46|CBJ377|0|2184|0|||3|3|0|1|1|132|210|["132,18,5,3695","132,114,5,408","132,210,2,2192"]|14:06:05:281
62|1.1|636136525523870176|0|50770.28125|13.02735166798|99.97992629917|-83399|-72721||50770.28125|360||36006.25|357.75|50770.28125|780d46|CBJ377|0|2184|0|||3|3|0|1|1|132|210|["132,18,5,3695","132,114,5,408","132,210,2,2192"]|14:06:10:281
62|1.1|636136525573785167|0|50775.2578125|13.01721293308|99.97502322843|-83935|-73841||50775.2578125|360||36012.5|358|50775.2578125|780d46|CBJ377|0|2184|0|||3|3|0|1|1|132|210|["132,18,5,3695","132,114,5,408","132,210,2,2192"]|14:06:15:258
62|1.1|636136525623710159|0|50780.2578125|13.00707419818|99.97010406446|-84472|-74961||50780.2578125|360||36012.5|358|50780.2578125|780d46|CBJ377|0|2184|0|||3|3|0|1|1|132|210|["132,18,5,3695","132,114,5,408","132,210,2,2192"]|14:06:20:258
62|1.1|636136525673625150|0|50785.2578125|12.99715540409|99.96517417167|-85010|-76057||50785.2578125|360||36012.5|358|50785.2578125|780d46|CBJ377|0|2184|0|||3|3|0|1|1|132|210|["132,18,5,3695","132,114,5,408","132,210,2,2192"]|14:06:25:258
62|1.1|636136525723550142|0|50790.2421875|12.98756920342|99.96023891447|-85549|-77115||50790.2421875|360.25||36018.75|358|50790.2421875|780d46|CBJ377|0|2184|0|||3|3|0|1|1|132|114|["132,18,5,3695","132,114,5,408","132,210,2,2192"]|14:06:30:242
62|1.1|636136525773475134|0|50795.2421875|12.97758603641|99.95559869982|-86056|-78218||50795.2421875|360||36012.5|358|50795.2421875|780d46|CBJ377|0|2184|0|||3|3|0|1|1|132|210|["132,18,5,3695","132,114,5,408","132,210,2,2192"]|14:06:35:242
62|1.1|636136525823400126|0|50800.21875|12.96771552201|99.9511891548|-86538|-79309||50800.21875|360||36018.75|358|50800.21875|780d46|CBJ377|0|2184|0|||3|3|0|1|1|132|210|["132,18,5,3695","132,114,5,408","132,210,2,2192"]|14:06:40:219
62|1.1|636136525873325118|0|50805.21875|12.95804349078|99.94658112661|-87041|-80377||50805.21875|360||36037.5|358|50805.21875|780d46|CBJ377|0|2184|0|||3|3|0|1|1|132|210|["132,18,5,3695","132,114,5,408","132,210,2,2192"]|14:06:45:219
62|1.1|636136525923240109|0|50810.21875|12.94847338334|99.9417477932|-87569|-81434||50810.21875|360||36043.75|358|50810.21875|780d46|CBJ377|0|2184|0|||3|3|0|1|1|132|210|["132,18,5,3695","132,114,5,408","132,210,2,2192"]|14:06:50:219
62|1.1|636136525973155100|0|50815.1953125|12.93887108944|99.93660868842|-88130|-82495||50815.1953125|360.25||36043.75|358|50815.1953125|780d46|CBJ377|0|2184|0|||3|3|0|1|1|132|83|["132,18,5,3695","132,114,5,408","132,210,2,2192"]|14:06:55:195
62|1.1|636136526023080092|0|50820.1953125|12.92906494796|99.93200066023|-88634|-83579||50820.1953125|360.25||36050|358|50820.1953125|780d46|CBJ377|0|2184|0|||3|3|0|1|1|132|5|["132,18,5,3695","132,114,5,408","132,210,2,2192"]|14:07:00:195
62|1.1|636136526073015085|0|50825.1796875|12.91937145909|99.92739799645|-89137|-84649||50825.1796875|360||36056.25|358|50825.1796875|780d46|CBJ377|0|2184|0|||3|3|0|1|1|132|210|["132,18,5,3695","132,114,5,408","132,210,2,2192"]|14:07:05:180
62|1.1|636136526122940077|0|50830.1796875|12.90960286848|99.9227041377|-89650|-85728||50830.1796875|360||36056.25|358|50830.1796875|780d46|CBJ377|0|2184|0|||3|3|0|1|1|132|210|["132,18,5,3695","132,114,5,408","132,210,2,2192"]|14:07:10:180
62|1.1|636136526172845067|0|50835.1796875|12.9000649475|99.91757039733|-90211|-86782||50835.1796875|360||36050|358|50835.1796875|780d46|CBJ377|0|2184|0|||3|3|0|1|1|132|210|["132,18,5,3695","132,114,5,408","132,210,2,2192"]|14:07:15:180
62|1.1|636136526222770059|0|50840.15625|12.89032854335|99.91295700473|-90715|-87857||50840.15625|360||36062.5|358|50840.15625|780d46|CBJ377|0|2184|0|||3|3|0|1|1|132|210|["132,18,5,3695","132,114,5,408","132,210,2,2192"]|14:07:20:156
62|1.1|636136526272695051|0|50845.15625|12.88333871712|99.90828460362|-91225|-88629||50845.15625|360||36056.25|358|50845.15625|780d46|CBJ377|0|2184|0|||3|3|0|1|1|132|210|["132,18,5,3695","132,114,5,408","132,210,2,2192"]|14:07:25:156
62|1.1|636136526322620043|0|50850.140625|12.87345210949|99.9036068381|-91736|-89721||50850.140625|360||36075|358|50850.140625|780d46|CBJ377|0|2184|0|||3|3|0|1|1|132|210|["132,18,5,3695","132,114,5,408","132,210,2,2192"]|14:07:30:141
62|1.1|636136526372535034|0|50855.140625|12.86314707788|99.89882714879|-92259|-90860||50855.140625|360||36100|358|50855.140625|780d46|CBJ377|0|2184|0|||3|3|0|1|1|132|210|["132,18,5,3695","132,114,5,408","132,210,2,2192"]|14:07:35:141
62|1.1|636136526422450025|0|50860.140625|12.85279913099|99.89400990861|-92786|-92003||50860.140625|360||36118.75|358|50860.140625|780d46|CBJ377|0|2184|0|||3|3|0|1|1|132|210|["132,18,5,3695","132,114,5,408","132,210,2,2192"]|14:07:40:141
62|1.1|636136526472375017|0|50865.1171875|12.84282132839|99.88868841389|-93367|-93105||50865.1171875|360||36131.25|358|50865.1171875|780d46|CBJ377|0|2184|0|||3|3|0|1|1|132|210|["132,18,5,3695","132,114,5,408","132,210,2,2192"]|14:07:45:117
62|1.1|636136526522290008|0|50870.1171875|12.83259676293|99.88369951259|-93913|-94234||50870.1171875|360||36118.75|358|50870.1171875|780d46|CBJ377|0|2184|0|||3|3|0|1|1|132|210|["132,18,5,3695","132,114,5,408","132,210,2,2192"]|14:07:50:117
62|1.1|636136526572215000|0|50875.1015625|12.82252240095|99.87872134011|-94458|-95347||50875.1015625|360||36075|358|50875.1015625|780d46|CBJ377|0|2184|0|||3|3|0|1|1|132|210|["132,18,5,3695","132,114,5,408","132,210,2,2192"]|14:07:55:102
62|1.1|636136526622139992|0|50880.1015625|12.81222809816|99.87478386317|-94889|-96484||50880.1015625|360||36068.75|358|50880.1015625|780d46|CBJ377|0|2184|0|||3|3|0|1|1|132|210|["132,18,5,3695","132,114,5,408","132,210,2,2192"]|14:08:00:102
62|1.1|636136526672054983|0|50885.1015625|12.80242732109|99.87025093672|-95385|-97567||50885.1015625|360.25||36056.25|358|50885.1015625|780d46|CBJ377|0|2184|0|||3|3|0|1|1|132|5|["132,18,5,3695","132,114,5,408","132,210,2,2192"]|14:08:05:102
62|1.1|636136526721989976|0|50890.078125|12.79294840862|99.86516011163|-95941|-98614||50890.078125|360||36037.5|358|50890.078125|780d46|CBJ377|0|2184|0|||3|3|0|1|1|132|210|["132,18,5,3695","132,114,5,408","132,210,2,2192"]|14:08:10:078
62|1.1|636136526771904967|0|50895.078125|12.78323882652|99.86040187996|-96462|-99686||50895.078125|360||36025|357.75|50895.078125|780d46|CBJ377|0|2184|0|||3|3|0|1|1|132|210|["132,18,5,3695","132,114,5,408","132,210,2,2192"]|14:08:15:078
62|1.1|636136526821829959|0|50900.0625|12.77321810864|99.85651268271|-96888|-100793||50900.0625|360||36012.5|357.75|50900.0625|780d46|CBJ377|0|2184|0|||3|3|0|1|1|132|210|["132,18,5,3695","132,114,5,408","132,210,2,2192"]|14:08:20:063
62|1.1|636136526871744950|0|50905.0625|12.76275214473|99.85331012994|-97240|-101950||50905.0625|360||35993.75|357.75|50905.0625|780d46|CBJ377|0|2184|0|||3|3|0|1|1|132|210|["132,18,5,3695","132,114,5,408","132,210,2,2192"]|14:08:25:063
62|1.1|636136526921669942|0|50910.0625|12.75241492666|99.85025241624|-97576|-103093||50910.0625|360||35981.25|357.75|50910.0625|780d46|CBJ377|0|2184|0|||3|3|0|1|1|132|210|["132,18,5,3695","132,114,5,408","132,210,2,2192"]|14:08:30:063
62|1.1|636136526971594934|0|50915.0390625|12.74445414222|99.84809055901|-97814|-103973||50915.0390625|360||35993.75|357.5|50915.0390625|780d46|CBJ377|0|2184|0|||3|3|0|1|1|132|210|["132,18,5,3695","132,114,5,408","132,210,2,2192"]|14:08:35:039
62|1.1|636136527021509925|0|50920.0390625|12.73411155974|99.84626665961|-98016|-105116||50920.0390625|359.75||35981.25|357.5|50920.0390625|780d46|CBJ377|0|2184|0|||3|3|0|1|1|132|83|["132,18,5,3695","132,114,5,408","132,210,2,2192"]|14:08:40:039
62|1.1|636136527071434917|0|50925.015625|12.72269609526|99.84380975983|-98288|-106378||50925.015625|360||35968.75|357.5|50925.015625|780d46|CBJ377|0|2184|0|||3|3|0|1|1|132|210|["132,18,5,3695","132,114,5,408","132,210,2,2192"]|14:08:45:016
62|1.1|636136527121359909|0|50930.015625|12.71117334258|99.84173373316|-98518|-107652||50930.015625|360||35956.25|357.5|50930.015625|780d46|CBJ377|0|2184|0|||3|3|0|1|1|132|210|["132,18,5,3695","132,114,5,408","132,210,2,2192"]|14:08:50:016
62|1.1|636136527171274900|0|50935.015625|12.70202702353|99.83962015562|-98751|-108663||50935.015625|360||35975|357.5|50935.015625|780d46|CBJ377|0|2184|0|||3|3|0|1|1|132|210|["132,18,5,3695","132,114,5,408","132,210,2,2192"]|14:08:55:016
62|1.1|636136527221199892|0|50940|12.69179172925|99.83722762876|-99015|-109795||50940|360||35975|357.5|50940|780d46|CBJ377|0|2184|0|||3|3|0|1|1|132|210|["132,18,5,3695","132,114,5,408","132,210,2,2192"]|14:09:00:000
62|1.1|636136527271124884|0|50945|12.67989883228|99.83576850924|-99178|-111110||50945|360||36006.25|357.75|50945|780d46|CBJ377|0|2184|0|||3|3|0|1|1|132|210|["132,18,5,3695","132,114,5,408","132,210,2,2192"]|14:09:05:000
62|1.1|636136527321039875|0|50949.9765625|12.66951333452|99.83381049959|-99395|-112259||50949.9765625|360||36012.5|357.75|50949.9765625|780d46|CBJ377|0|2184|0|||3|3|0|1|1|132|5|["132,18,5,3695","132,114,5,408","132,210,2,2192"]|14:09:09:977
62|1.1|636136527370964867|0|50954.9765625|12.65914392999|99.83168619323|-99630|-113405||50954.9765625|360||36018.75|357.75|50954.9765625|780d46|CBJ377|0|2184|0|||3|3|0|1|1|132|210|["132,18,5,3695","132,114,5,408","132,210,2,2192"]|14:09:14:977
62|1.1|636136527420899860|0|50959.9765625|12.648205898|99.82967990389|-99853|-114614||50959.9765625|360||35987.5|357.5|50959.9765625|780d46|CBJ377|0|2184|0|||3|3|0|1|1|132|210|["132,18,5,3695","132,114,5,408","132,210,2,2192"]|14:09:19:977
62|1.1|636136527470814851|0|50964.9609375|12.63862506174|99.8277540807|-100066|-115674||50964.9609375|359.75||35981.25|357.5|50964.9609375|780d46|CBJ377|0|2184|0|||3|3|0|1|1|132|83|["132,18,5,3695","132,114,5,408","132,210,2,2192"]|14:09:24:961
62|1.1|636136527520739843|0|50969.9609375|12.62816982665|99.82562977434|-100301|-116830||50969.9609375|359.75||35981.25|357.5|50969.9609375|780d46|CBJ377|0|2184|0|||3|3|0|1|1|132|18|["132,18,5,3695","132,114,5,408","132,210,2,2192"]|14:09:29:961
62|1.1|636136527570654834|0|50974.9375|12.61750537957|99.82358056972|-100528|-118009||50974.9375|360||35987.5|357.75|50974.9375|780d46|CBJ377|0|2184|0|||3|3|0|1|1|132|210|["132,18,5,3695","132,114,5,408","132,210,2,2192"]|14:09:34:938
62|1.1|636136527620579826|0|50979.9375|12.60668000019|99.82150454305|-100758|-119206||50979.9375|360||36006.25|357.75|50979.9375|780d46|CBJ377|0|2184|0|||3|3|0|1|1|132|210|["132,18,5,3695","132,114,5,408","132,210,2,2192"]|14:09:39:938
62|1.1|636136527670504818|0|50984.9375|12.59560249354|99.81946070284|-100984|-120431||50984.9375|360||36025|357.75|50984.9375|780d46|CBJ377|0|2184|0|||3|3|0|1|1|132|210|["132,18,5,3695","132,114,5,408","132,210,2,2192"]|14:09:44:938
62|1.1|636136527720429810|0|50989.921875|12.58601092846|99.81733103207|-101220|-121491||50989.921875|360||36012.5|357.75|50989.921875|780d46|CBJ377|0|2184|0|||3|3|0|1|1|132|210|["132,18,5,3695","132,114,5,408","132,210,2,2192"]|14:09:49:922
62|1.1|636136527770334800|0|50994.921875|12.57518554908|99.81526036981|-101449|-122688||50994.921875|360||36018.75|357.75|50994.921875|780d46|CBJ377|0|2184|0|||3|3|0|1|1|132|18|["132,18,5,3695","132,114,5,408","132,210,2,2192"]|14:09:54:922
62|1.1|636136527820279794|0|50999.8984375|12.56293860105|99.81291075823|-101710|-124042||50999.8984375|360||36006.25|357.75|50999.8984375|780d46|CBJ377|0|2184|0|||3|3|0|1|1|132|210|["132,18,5,3695","132,114,5,408","132,210,2,2192"]|14:09:59:898
62|1.1|636136527870194785|0|51004.8984375|12.55167870446|99.81081327392|-101942|-125287||51004.8984375|360||36012.5|357.75|51004.8984375|780d46|CBJ377|0|2184|0|||3|3|0|1|1|132|210|["132,18,5,3695","132,114,5,408","132,210,2,2192"]|14:10:04:898
62|1.1|636136527920109776|0|51009.8984375|12.54051000284|99.80868896756|-102178|-126522||51009.8984375|360||36012.5|357.75|51009.8984375|780d46|CBJ377|0|2184|0|||3|3|0|1|1|132|210|["132,18,5,3695","132,114,5,408","132,210,2,2192"]|14:10:09:898
62|1.1|636136527970024767|0|51014.875|12.53080578515|99.80638763567|-102432|-127595||51014.875|360||36006.25|357.75|51014.875|780d46|CBJ377|0|2184|0|||3|3|0|1|1|132|18|["132,18,5,3695","132,114,5,408","132,210,2,2192"]|14:10:14:875
62|1.1|636136528019949759|0|51019.875|12.51986238875|99.804311609|-102662|-128805||51019.875|360||36012.5|357.75|51019.875|780d46|CBJ377|0|2184|0|||3|3|0|1|1|132|18|["132,18,5,3695","132,114,5,408","132,210,2,2192"]|14:10:19:875
62|1.1|636136528069864750|0|51024.859375|12.50874196682|99.80186007363|-102933|-130034||51024.859375|360||36000|357.75|51024.859375|780d46|CBJ377|0|2184|0|||3|3|0|1|1|132|210|["132,18,5,3695","132,114,5,408","132,210,2,2192"]|14:10:24:859
62|1.1|636136528119789742|0|51029.859375|12.49793804508|99.79966066553|-103177|-131229||51029.859375|360||36000|357.75|51029.859375|780d46|CBJ377|0|2184|0|||3|3|0|1|1|132|210|["132,18,5,3695","132,114,5,408","132,210,2,2192"]|14:10:29:859
62|1.1|636136528169714734|0|51034.859375|12.48842158174|99.79756318122|-103409|-132281||51034.859375|360||36006.25|357.75|51034.859375|780d46|CBJ377|0|2184|0|||3|3|0|1|1|132|210|["132,18,5,3695","132,114,5,408","132,210,2,2192"]|14:10:34:859
62|1.1|636136528219629725|0|51039.8359375|12.47799853311|99.7954066884|-103648|-133433||51039.8359375|360||36012.5|357.75|51039.8359375|780d46|CBJ377|0|2184|0|||3|3|0|1|1|132|18|["132,18,5,3695","132,114,5,408","132,210,2,2192"]|14:10:39:836
62|1.1|636136528269554717|0|51044.8359375|12.46748965392|99.79323410235|-103888|-134595||51044.8359375|360||36018.75|357.75|51044.8359375|780d46|CBJ377|0|2184|0|||3|3|0|1|1|132|18|["132,18,5,3695","132,114,5,408","132,210,2,2192"]|14:10:44:836
62|1.1|636136528319479709|0|51049.8203125|12.45684130007|99.79109370276|-104125|-135772||51049.8203125|360||36025|357.75|51049.8203125|780d46|CBJ377|0|2184|0|||3|3|0|1|1|132|210|["132,18,5,3695","132,114,5,408","132,210,2,2192"]|14:10:49:820
62|1.1|636136528369394700|0|51054.8203125|12.44619294622|99.7889157523|-104367|-136950||51054.8203125|360||36037.5|357.75|51054.8203125|780d46|CBJ377|0|2184|0|||3|3|0|1|1|132|18|["132,18,5,3695","132,114,5,408","132,210,2,2192"]|14:10:54:820
62|1.1|636136528419319692|0|51059.8203125|12.43665502524|99.78709721731|-104568|-138004||51059.8203125|360||36006.25|357.75|51059.8203125|780d46|CBJ377|0|2184|0|||3|3|0|1|1|132|18|["132,18,5,3695","132,210,2,2192"]|14:10:59:820
62|1.1|636136528469244684|0|51064.796875|12.42616760369|99.78514993648|-104784|-139164||51064.796875|360||36000|357.75|51064.796875|780d46|CBJ377|0|2184|0|||3|3|0|1|1|132|18|["132,18,5,3695","132,210,2,2192"]|14:11:04:797
