62|1.1|636136510344862427|0|49252.3984375|11.05435922085|101.83788970267|119072|-290916||49252.3984375|380||37993.75|377.75|49252.3984375|88006e|THA466|0|2103|0|||3|3|0|1|1|132|83|["132,18,5,3718","132,210,2,2130","132,82,5"]|13:40:52:398
62|1.1|636136510394787419|0|49257.375|11.06468034569|101.8347944381|118729|-289775||49257.375|380||38000|377.75|49257.375|88006e|THA466|0|2103|0|||3|3|0|1|1|132|83|["132,18,5,3718","132,210,2,2130","132,82,5"]|13:40:57:375
62|1.1|636136510444702410|0|49262.375|11.075360886|101.83167235148|118383|-288594||49262.375|380||38000|377.75|49262.375|88006e|THA466|0|2103|0|||3|3|0|1|1|132|83|["132,18,5,3718","132,210,2,2130","132,82,5"]|13:41:02:375
62|1.1|636136510494627402|0|49267.375|11.08729133384|101.82850198517|118031|-287275||49267.375|380||38012.5|377.75|49267.375|88006e|THA466|0|2103|0|||3|3|0|1|1|132|18|["132,18,5,3718","132,210,2,2130","132,82,5"]|13:41:07:375
62|1.1|636136510544552394|0|49272.359375|11.09843321341|101.8253530765|117682|-286043||49272.359375|380||38018.75|377.75|49272.359375|88006e|THA466|0|2103|0|||3|3|0|1|1|132|18|["132,18,5,3718","132,210,2,2130","132,82,5"]|13:41:12:359
62|1.1|636136510594477386|0|49277.359375|11.10999888137|101.82189839646|117299|-284765||49277.359375|380||38000|377.75|49277.359375|88006e|THA466|0|2103|0|||3|3|0|1|1|132|5|["132,18,5,3718","132,210,2,2130","132,82,5"]|13:41:17:359
62|1.1|636136510644392377|0|49282.3359375|11.11985330254|101.81902843711|116981|-283675||49282.3359375|380||37993.75|377.75|49282.3359375|88006e|THA466|0|2103|0|||3|3|0|1|1|132|18|["132,18,5,3718","132,210,2,2130","132,82,5"]|13:41:22:336
62|1.1|636136510694317369|0|49287.3359375|11.13113465677|101.81595999459|116641|-282428||49287.3359375|380||37987.5|377.75|49287.3359375|88006e|THA466|0|2103|0|||3|3|0|1|1|132|18|["132,18,5,3718","132,210,2,2130","132,82,5"]|13:41:27:336
62|1.1|636136510744242361|0|49292.3359375|11.1425769433|101.81269843331|116279|-281163||49292.3359375|380||38000|377.75|49292.3359375|88006e|THA466|0|2103|0|||3|3|0|1|1|132|18|["132,18,5,3718","132,210,2,2130","132,82,5"]|13:41:32:336
62|1.1|636136510794157352|0|49297.3203125|11.15264594087|101.80956025346|115932|-280050||49297.3203125|380||37987.5|377.75|49297.3203125|88006e|THA466|0|2103|0|||3|3|0|1|1|132|18|["132,18,5,3718","132,210,2,2130","132,82,5"]|13:41:37:320
62|1.1|636136510844082344|0|49302.3203125|11.1635517864|101.80642743802|115585|-278844||49302.3203125|380||37987.5|377.75|49302.3203125|88006e|THA466|0|2103|0|||3|3|0|1|1|132|18|["132,18,5,3718","132,210,2,2130","132,82,5"]|13:41:42:320
62|1.1|636136510894007336|0|49307.296875|11.17442544547|101.80332680904|115241|-277642||49307.296875|380||37987.5|377.75|49307.296875|88006e|THA466|0|2103|0|||3|3|0|1|1|132|18|["132,18,5,3718","132,210,2,2130","132,82,5"]|13:41:47:297
62|1.1|636136510943922327|0|49312.296875|11.18543321479|101.80025836652|114901|-276425||49312.296875|380||37981.25|377.75|49312.296875|88006e|THA466|0|2103|0|||3|3|0|1|1|132|83|["132,18,5,3718","132,210,2,2130","132,82,5"]|13:41:52:297
62|1.1|636136510993847319|0|49317.296875|11.19650535703|101.79718455959|114560|-275201||49317.296875|380||37981.25|377.75|49317.296875|88006e|THA466|0|2103|0|||3|3|0|1|1|132|83|["132,18,5,3718","132,210,2,2130","132,82,5"]|13:41:57:297
62|1.1|636136511043762310|0|49322.28125|11.20760432132|101.79420731204|114230|-273974||49322.28125|380||37968.75|377.75|49322.28125|88006e|THA466|0|2103|0|||3|3|0|1|1|132|83|["132,18,5,3718","132,210,2,2130","132,82,5"]|13:42:02:281
62|1.1|636136511093687302|0|49327.28125|11.21855308213|101.79042540299|113812|-272764||49327.28125|380||38000|377.75|49327.28125|88006e|THA466|0|2103|0|||3|3|0|1|1|132|18|["132,18,5,3718","132,210,2,2130","132,82,5"]|13:42:07:281
62|1.1|636136511143622295|0|49332.2578125|11.22941064797|101.78724967227|113460|-271564||49332.2578125|380||38006.25|377.75|49332.2578125|88006e|THA466|0|2103|0|||3|3|0|1|1|132|18|["132,18,5,3718","132,210,2,2130","132,82,5"]|13:42:12:258
62|1.1|636136511193537286|0|49337.2578125|11.23899684864|101.78402029745|113103|-270504||49337.2578125|380||37993.75|377.75|49337.2578125|88006e|THA466|0|2103|0|||3|3|0|1|1|132|18|["132,18,5,3718","132,210,2,2130","132,82,5"]|13:42:17:258
62|1.1|636136511243452277|0|49342.2578125|11.25043377076|101.78086065996|112753|-269240||49342.2578125|380||38006.25|377.75|49342.2578125|88006e|THA466|0|2103|0|||3|3|0|1|1|132|83|["132,18,5,3718","132,210,2,2130","132,82,5"]|13:42:22:258
62|1.1|636136511293377269|0|49347.2421875|11.26128060778|101.77767956483|112401|-268041||49347.2421875|380||38006.25|377.75|49347.2421875|88006e|THA466|0|2103|0|||3|3|0|1|1|132|18|["132,18,5,3718","132,210,2,2130","132,82,5"]|13:42:27:242
62|1.1|636136511343292260|0|49352.2421875|11.27258341965|101.77462185113|112062|-266791||49352.2421875|380||38000|377.75|49352.2421875|88006e|THA466|0|2103|0|||3|3|0|1|1|132|18|["132,18,5,3718","132,210,2,2130","132,82,5"]|13:42:32:242
62|1.1|636136511393217252|0|49357.21875|11.28214279827|101.7716016883|111728|-265734||49357.21875|380||37993.75|377.75|49357.21875|88006e|THA466|0|2103|0|||3|3|0|1|1|132|18|["132,18,5,3718","132,210,2,2130","132,82,5"]|13:42:37:219
62|1.1|636136511443142244|0|49362.21875|11.29263558423|101.76847960168|111382|-264574||49362.21875|380||37993.75|377.75|49362.21875|88006e|THA466|0|2103|0|||3|3|0|1|1|132|18|["132,18,5,3718","132,210,2,2130","132,82,5"]|13:42:42:219
62|1.1|636136511493067236|0|49367.21875|11.30500591369|101.76510538779|111009|-263207||49367.21875|380||38006.25|377.75|49367.21875|88006e|THA466|0|2103|0|||3|3|0|1|1|132|83|["132,18,5,3718","132,210,2,2130"]|13:42:47:219
62|1.1|636136511542982227|0|49372.1953125|11.3155791658|101.76180627564|110644|-262038||49372.1953125|380||38000|377.75|49372.1953125|88006e|THA466|0|2103|0|||3|3|0|1|1|132|83|["132,18,5,3718","132,210,2,2130"]|13:42:52:195
62|1.1|636136511592907219|0|49377.1953125|11.32546040902|101.75886121455|110318|-260945||49377.1953125|380||37993.75|377.75|49377.1953125|88006e|THA466|0|2103|0|||3|3|0|1|1|132|18|["132,18,5,3718","132,210,2,2130"]|13:42:57:195
62|1.1|636136511642832211|0|49382.1796875|11.33551331336|101.75579277203|109979|-259834||49382.1796875|380||37993.75|377.75|49382.1796875|88006e|THA466|0|2103|0|||3|3|0|1|1|132|5|["132,18,5,3718","132,210,2,2130"]|13:43:02:180
62|1.1|636136511692747202|0|49387.1796875|11.34603828578|101.75267604982|109634|-258670||49387.1796875|380||38000|377.75|49387.1796875|88006e|THA466|0|2103|0|||3|3|0|1|1|132|5|["132,18,5,3718","132,210,2,2130"]|13:43:07:180
62|1.1|636136511742672194|0|49392.1796875|11.35769514871|101.74947886146|109280|-257382||49392.1796875|380||38006.25|377.75|49392.1796875|88006e|THA466|0|2103|0|||3|3|0|1|1|132|18|["132,18,5,3718","132,210,2,2130"]|13:43:12:180
62|1.1|636136511792587185|0|49397.15625|11.36926081667|101.74630313074|108928|-256103||49397.15625|380||38012.5|377.75|49397.15625|88006e|THA466|0|2103|0|||3|3|0|1|1|132|18|["132,18,5,3718","132,210,2,2130"]|13:43:17:156
62|1.1|636136511842512177|0|49402.15625|11.3802203063|101.74292891685|108555|-254892||49402.15625|380||38000|377.75|49402.15625|88006e|THA466|0|2103|0|||3|3|0|1|1|132|83|["132,18,5,3718","132,210,2,2130"]|13:43:22:156
62|1.1|636136511892437169|0|49407.140625|11.38934516771|101.74023598303|108257|-253883||49407.140625|380||37993.75|377.75|49407.140625|88006e|THA466|0|2103|0|||3|3|0|1|1|132|18|["132,18,5,3718","132,210,2,2130"]|13:43:27:141
62|1.1|636136511942372162|0|49412.140625|11.39999888597|101.73708170995|107908|-252705||49412.140625|380||38000|377.75|49412.140625|88006e|THA466|0|2103|0|||3|3|0|1|1|132|83|["132,18,5,3718","132,210,2,2130"]|13:43:32:141
62|1.1|636136511992287153|0|49417.140625|11.41082426535|101.73393280128|107560|-251508||49417.140625|380||38000|377.75|49417.140625|88006e|THA466|0|2103|0|||3|3|0|1|1|132|18|["132,18,5,3718","132,210,2,2130"]|13:43:37:141
62|1.1|636136512042202144|0|49422.1171875|11.42156381417|101.73086435876|107221|-250321||49422.1171875|380||38000|377.75|49422.1171875|88006e|THA466|0|2103|0|||3|3|0|1|1|132|18|["132,18,5,3718","132,210,2,2130"]|13:43:42:117
62|1.1|636136512092117135|0|49427.1171875|11.43366592313|101.72731311934|106828|-248983||49427.1171875|380||38006.25|377.75|49427.1171875|88006e|THA466|0|2103|0|||3|3|0|1|1|132|5|["132,18,5,3718","132,210,2,2130"]|13:43:47:117
62|1.1|636136512142062129|0|49432.1015625|11.44344524256|101.72448607527|106515|-247902||49432.1015625|380||38000|377.75|49432.1015625|88006e|THA466|0|2103|0|||3|3|0|1|1|132|18|["132,18,5,3718","132,210,2,2130"]|13:43:52:102
62|1.1|636136512191967119|0|49437.1015625|11.45429744399|101.72131570896|106165|-246702||49437.1015625|380||38000|377.75|49437.1015625|88006e|THA466|0|2103|0|||3|3|0|1|1|132|18|["132,18,5,3718","132,210,2,2130"]|13:43:57:102
62|1.1|636136512241882110|0|49442.1015625|11.46697354482|101.71798441035|105796|-245301||49442.1015625|380||38012.5|377.75|49442.1015625|88006e|THA466|0|2103|0|||3|3|0|1|1|132|18|["132,18,5,3718","132,210,2,2130"]|13:44:02:102
62|1.1|636136512291807102|0|49447.078125|11.47721420351|101.71466920497|105430|-244169||49447.078125|380||38000|377.75|49447.078125|88006e|THA466|0|2103|0|||3|3|0|1|1|132|18|["132,18,5,3718","132,210,2,2130"]|13:44:07:078
62|1.1|636136512341732094|0|49452.078125|11.48685404828|101.71164367773|105096|-243104||49452.078125|380||38000|377.75|49452.078125|88006e|THA466|0|2103|0|||3|3|0|1|1|132|83|["132,18,5,3718","132,210,2,2130"]|13:44:12:078
62|1.1|636136512391647085|0|49457.0625|11.49793155493|101.7084625826|104744|-241879||49457.0625|380||38000|377.75|49457.0625|88006e|THA466|0|2103|0|||3|3|0|1|1|132|83|["132,18,5,3718","132,210,2,2130"]|13:44:17:063
62|1.1|636136512441582078|0|49462.0625|11.50841361207|101.70536731803|104402|-240720||49462.0625|380||38000|377.75|49462.0625|88006e|THA466|0|2103|0|||3|3|0|1|1|132|5|["132,18,5,3718","132,210,2,2130"]|13:44:22:063
62|1.1|636136512491497069|0|49467.0625|11.51906196592|101.70221840936|104054|-239543||49467.0625|380||38006.25|377.75|49467.0625|88006e|THA466|0|2103|0|||3|3|0|1|1|132|18|["132,18,5,3718","132,210,2,2130"]|13:44:27:063
62|1.1|636136512541412060|0|49472.0390625|11.53100850699|101.69901585659|103700|-238222||49472.0390625|380||38012.5|377.75|49472.0390625|88006e|THA466|0|2103|0|||3|3|0|1|1|132|18|["132,18,5,3718","132,210,2,2130"]|13:44:32:039
62|1.1|636136512591337052|0|49477.0390625|11.54323936179|101.6954807104|103309|-236870||49477.0390625|380||38000|377.75|49477.0390625|88006e|THA466|0|2103|0|||3|3|0|1|1|132|83|["132,18,5,3718","132,210,2,2130"]|13:44:37:039
62|1.1|636136512644372355|0|49482.3359375|11.55356048663|101.69249273403|102979|-235729||49482.3359375|380||38000|377.75|49482.3359375|88006e|THA466|0|2103|0|||3|3|0|1|1|132|18|["132,18,5,3718","132,210,2,2130"]|13:44:42:336
62|1.1|636136512694297347|0|49487.3359375|11.56448242539|101.68933846095|102630|-234521||49487.3359375|380||38000|377.75|49487.3359375|88006e|THA466|0|2103|0|||3|3|0|1|1|132|18|["132,18,5,3718","132,210,2,2130"]|13:44:47:336
62|1.1|636136512744222339|0|49492.3203125|11.57595689838|101.68600716234|102262|-233253||49492.3203125|380||38006.25|377.75|49492.3203125|88006e|THA466|0|2103|0|||3|3|0|1|1|132|83|["132,18,5,3718","132,210,2,2130"]|13:44:52:320
62|1.1|636136512794147331|0|49497.3203125|11.58697539652|101.68289044013|101918|-232035||49497.3203125|380||38000|377.75|49497.3203125|88006e|THA466|0|2103|0|||3|3|0|1|1|132|83|["132,18,5,3718","132,210,2,2130"]|13:44:57:320
62|1.1|636136512844062322|0|49502.296875|11.59675471595|101.67978444674|101575|-230954||49502.296875|380||38000|377.75|49502.296875|88006e|THA466|0|2103|0|||3|3|0|1|1|132|83|["132,18,5,3718","132,210,2,2130"]|13:45:02:297
62|1.1|636136512893987314|0|49507.296875|11.60682907793|101.67674819068|101240|-229840||49507.296875|380||37993.75|377.75|49507.296875|88006e|THA466|0|2103|0|||3|3|0|1|1|132|5|["132,18,5,3718","132,210,2,2130"]|13:45:07:297
62|1.1|636136512943902305|0|49512.296875|11.61726285538|101.67377630754|100912|-228687||49512.296875|380||37993.75|377.75|49512.296875|88006e|THA466|0|2103|0|||3|3|0|1|1|132|18|["132,18,5,3718","132,210,2,2130"]|13:45:12:297
62|1.1|636136512993827297|0|49517.28125|11.62877487924|101.6705362039|100553|-227414||49517.28125|380||38006.25|377.75|49517.28125|88006e|THA466|0|2103|0|||3|3|0|1|1|132|18|["132,18,5,3718","132,210,2,2130"]|13:45:17:281
62|1.1|636136513043752289|0|49522.28125|11.64041564894|101.66729610026|100196|-226127||49522.28125|380||38012.5|377.75|49522.28125|88006e|THA466|0|2103|0|||3|3|0|1|1|132|18|["132,18,5,3718","132,210,2,2130"]|13:45:22:281
62|1.1|636136513093677281|0|49527.2578125|11.65198668131|101.66394870842|99826|-224848||49527.2578125|380||38006.25|377.75|49527.2578125|88006e|THA466|0|2103|0|||3|3|0|1|1|132|5|["132,18,5,3718","132,210,2,2130"]|13:45:27:258
62|1.1|636136513143592272|0|49532.2578125|11.66305882355|101.66072469801|99470|-223624||49532.2578125|380||38000|377.75|49532.2578125|88006e|THA466|0|2103|0|||3|3|0|1|1|132|5|["132,18,5,3718","132,210,2,2130"]|13:45:32:258
62|1.1|636136513193517264|0|49537.2578125|11.67398612672|101.6574470435|99108|-222416||49537.2578125|380||38000|377.75|49537.2578125|88006e|THA466|0|2103|0|||3|3|0|1|1|132|83|["132,18,5,3718","132,210,2,2130"]|13:45:37:258
62|1.1|636136513243432255|0|49542.2421875|11.6848115061|101.65421230427|98751|-221219||49542.2421875|380||38000|377.75|49542.2421875|88006e|THA466|0|2103|0|||3|3|0|1|1|132|18|["132,18,5,3718","132,210,2,2130"]|13:45:42:242
62|1.1|636136513293357247|0|49547.2421875|11.69569589399|101.65097220063|98394|-220016||49547.2421875|380||38000|377.75|49547.2421875|88006e|THA466|0|2103|0|||3|3|0|1|1|132|18|["132,18,5,3718","132,210,2,2130"]|13:45:47:242
62|1.1|636136513343282239|0|49552.21875|11.70641934958|101.64777501227|98041|-218830||49552.21875|380||38000|377.75|49552.21875|88006e|THA466|0|2103|0|||3|3|0|1|1|132|5|["132,18,5,3718","132,210,2,2130"]|13:45:52:219
62|1.1|636136513393197230|0|49557.21875|11.71686385585|101.64445444248|97675|-217676||49557.21875|380||38000|377.75|49557.21875|88006e|THA466|0|2103|0|||3|3|0|1|1|132|5|["132,18,5,3718","132,210,2,2130"]|13:45:57:219
62|1.1|636136513443122222|0|49562.21875|11.7267611923|101.64139136437|97337|-216582||49562.21875|380||37993.75|377.75|49562.21875|88006e|THA466|0|2103|0|||3|3|0|1|1|132|18|["132,18,5,3718","132,210,2,2130"]|13:46:02:219
62|1.1|636136513493047214|0|49567.1953125|11.73686237633|101.63825318452|96991|-215465||49567.1953125|380||37987.5|377.75|49567.1953125|88006e|THA466|0|2103|0|||3|3|0|1|1|132|18|["132,18,5,3718","132,210,2,2130"]|13:46:07:195
62|1.1|636136513542962205|0|49572.1953125|11.74709767061|101.63509891144|96643|-214334||49572.1953125|380||37987.5|377.75|49572.1953125|88006e|THA466|0|2103|0|||3|3|0|1|1|132|18|["132,18,5,3718","132,210,2,2130"]|13:46:12:195
62|1.1|636136513592887197|0|49577.1796875|11.75830928751|101.63212166389|96314|-213094||49577.1796875|380||38000|377.75|49577.1796875|88006e|THA466|0|2103|0|||3|3|0|1|1|132|18|["132,18,5,3718","132,210,2,2130"]|13:46:17:180
62|1.1|636136513642812189|0|49582.1796875|11.76902201428|101.62897811963|95968|-211910||49582.1796875|380||38000|377.75|49582.1796875|88006e|THA466|0|2103|0|||3|3|0|1|1|132|18|["132,18,5,3718","132,210,2,2130"]|13:46:22:180
62|1.1|636136513692727180|0|49587.1796875|11.78021217354|101.62582384655|95620|-210673||49587.1796875|380||38000|377.75|49587.1796875|88006e|THA466|0|2103|0|||3|3|0|1|1|132|18|["132,18,5,3718","132,210,2,2130"]|13:46:27:180
62|1.1|636136513742652172|0|49592.15625|11.79103218851|101.62278222608|95284|-209477||49592.15625|380||38000|377.75|49592.15625|88006e|THA466|0|2103|0|||3|3|0|1|1|132|18|["132,18,5,3718","132,210,2,2130"]|13:46:32:156
62|1.1|636136513792577164|0|49597.15625|11.80353126381|101.61921489343|94890|-208095||49597.15625|380||38006.25|377.75|49597.15625|88006e|THA466|0|2103|0|||3|3|0|1|1|132|5|["132,18,5,3718","132,210,2,2130"]|13:46:37:156
62|1.1|636136513842342140|0|49602.140625|11.81412597356|101.61609817122|94547|-206924||49602.140625|380||38000|377.75|49602.140625|88006e|THA466|0|2103|0|||3|3|0|1|1|132|5|["132,18,5,3718","132,210,2,2130"]|13:46:42:141
62|1.1|636136513892417147|0|49607.140625|11.82529467518|101.61311555926|94217|-205689||49607.140625|380||38000|377.75|49607.140625|88006e|THA466|0|2103|0|||3|3|0|1|1|132|5|["132,18,5,3718","132,210,2,2130"]|13:46:47:141
62|1.1|636136513942192124|0|49612.140625|11.83613078338|101.6099183709|93865|-204491||49612.140625|380||38000|377.75|49612.140625|88006e|THA466|0|2103|0|||3|3|0|1|1|132|5|["132,18,5,3718","132,210,2,2130"]|13:46:52:141
62|1.1|636136513992107115|0|49617.1171875|11.8471921968|101.60677482664|93518|-203268||49617.1171875|380||38006.25|377.75|49617.1171875|88006e|THA466|0|2103|0|||3|3|0|1|1|132|18|["132,18,5,3718","132,210,2,2130"]|13:46:57:117
62|1.1|636136514042032107|0|49622.1171875|11.85838772047|101.60319676517|93124|-202031||49622.1171875|380||38000|377.75|49622.1171875|88006e|THA466|0|2103|0|||3|3|0|1|1|132|5|["132,18,5,3718","132,210,2,2130"]|13:47:02:117
62|1.1|636136514092107114|0|49627.1015625|11.86787199735|101.60040727197|92817|-200982||49627.1015625|380||38000|377.75|49627.1015625|88006e|THA466|0|2103|0|||3|3|0|1|1|132|83|["132,18,5,3718","132,210,2,2130"]|13:47:07:102
62|1.1|636136514141882091|0|49632.1015625|11.87962541966|101.59711888864|92454|-199683||49632.1015625|380||38000|377.75|49632.1015625|88006e|THA466|0|2103|0|||3|3|0|1|1|132|18|["132,18,5,3718","132,210,2,2130"]|13:47:12:102
62|1.1|636136514191947097|0|49637.1015625|11.89138957079|101.59384659854|92093|-198382||49637.1015625|380||38000|377.75|49637.1015625|88006e|THA466|0|2103|0|||3|3|0|1|1|132|83|["132,18,5,3718","132,210,2,2130"]|13:47:17:102
62|1.1|636136514241722074|0|49642.078125|11.9016409583|101.59069768987|91746|-197249||49642.078125|380||38000|377.75|49642.078125|88006e|THA466|0|2103|0|||3|3|0|1|1|132|18|["132,18,5,3718","132,210,2,2130"]|13:47:22:078
62|1.1|636136514291637065|0|49647.078125|11.9119942696|101.58747904387|91392|-196104||49647.078125|380||38000|377.75|49647.078125|88006e|THA466|0|2103|0|||3|3|0|1|1|132|18|["132,18,5,3718","132,210,2,2130"]|13:47:27:078
62|1.1|636136514341552056|0|49652.0625|11.92246559792|101.58436232166|91049|-194947||49652.0625|380||38000|377.75|49652.0625|88006e|THA466|0|2103|0|||3|3|0|1|1|132|18|["132,18,5,3718","132,210,2,2130"]|13:47:32:063
62|1.1|636136514391477048|0|49657.0625|11.9331836891|101.58115976889|90696|-193762||49657.0625|380||38000|377.75|49657.0625|88006e|THA466|0|2103|0|||3|3|0|1|1|132|18|["132,18,5,3718","132,210,2,2130"]|13:47:37:063
62|1.1|636136514441412041|0|49662.0625|11.94416463637|101.57798403817|90346|-192548||49662.0625|380||38000|377.75|49662.0625|88006e|THA466|0|2103|0|||3|3|0|1|1|132|5|["132,18,5,3718","132,210,2,2130"]|13:47:42:063
62|1.1|636136514491327032|0|49667.0390625|11.95604144011|101.57472247689|89986|-191235||49667.0390625|380||38006.25|377.75|49667.0390625|88006e|THA466|0|2103|0|||3|3|0|1|1|132|18|["132,18,5,3718","132,210,2,2130"]|13:47:47:039
62|1.1|636136514541252024|0|49672.0390625|11.96673807365|101.57170231406|89653|-190052||49672.0390625|380||38000|377.75|49672.0390625|88006e|THA466|0|2103|0|||3|3|0|1|1|132|18|["132,18,5,3718","132,210,2,2130"]|13:47:52:039
62|1.1|636136514591167015|0|49677.015625|11.97741324955|101.56847830365|89298|-188872||49677.015625|380||38000|377.75|49677.015625|88006e|THA466|0|2103|0|||3|3|0|1|1|132|18|["132,18,5,3718","132,210,2,2130"]|13:47:57:016
62|1.1|636136514641082006|0|49682.015625|11.98939734149|101.56482514044|88896|-187548||49682.015625|379.5||37968.75|377.5|49682.015625|88006e|THA466|0|2103|0|||3|3|0|1|1|132|5|["132,18,5,3718","132,210,2,2130"]|13:48:02:016
62|1.1|636136514691016999|0|49687.015625|11.99989549186|101.5619069014|88575|-186387||49687.015625|378.75||37912.5|376.75|49687.015625|88006e|THA466|0|2103|0|||3|3|0|1|1|132|5|["132,18,5,3718","132,210,2,2130"]|13:48:07:016
62|1.1|636136514740931990|0|49692|12.01177766001|101.55854878074|88204|-185073||49692|377.75||37793.75|375.5|49692|88006e|THA466|0|2103|-1025|||3|3|2|1|1|132|83|["132,18,5,3718","132,210,2,2130"]|13:48:12:000
62|1.1|636136514791006997|0|49697|12.02311802275|101.55532477033|87849|-183820||49697|377||37675|374.5|49697|88006e|THA466|0|2103|-1218.75|||3|3|2|1|1|132|18|["132,18,5,3718","132,210,2,2130"]|13:48:17:000
62|1.1|636136514840781974|0|49701.9765625|12.03322457119|101.55217586166|87503|-182702||49701.9765625|375.5||37550|373|49701.9765625|88006e|THA466|0|2103|-1375|||3|3|2|1|1|132|18|["132,18,5,3718","132,210,2,2130"]|13:48:21:977
62|1.1|636136514890696965|0|49706.9765625|12.04320237379|101.54901622417|87156|-181599||49706.9765625|374||37393.75|371.5|49706.9765625|88006e|THA466|0|2103|-1475|||3|3|2|1|1|132|18|["132,18,5,3718","132,210,2,2130"]|13:48:26:977
62|1.1|636136514940621957|0|49711.9765625|12.05446763479|101.54589950196|86812|-180354||49711.9765625|372.25||37212.5|369.25|49711.9765625|88006e|THA466|0|2103|-2068.75|||3|3|2|1|1|132|18|["132,18,5,3718","132,210,2,2130"]|13:48:31:977
62|1.1|636136514990536948|0|49716.9609375|12.06518572597|101.54272913565|86463|-179169||49716.9609375|370.25||37068.75|367|49716.9609375|88006e|THA466|0|2103|-2381.25|||3|3|2|1|1|132|18|["132,18,5,3718","132,210,2,2130"]|13:48:36:961
62|1.1|636136515040461940|0|49721.9609375|12.07599501212|101.53956413375|86115|-177974||49721.9609375|368.5||36925|365.25|49721.9609375|88006e|THA466|0|2103|-2362.5|||3|3|2|1|1|132|18|["132,18,5,3718","132,210,2,2130"]|13:48:41:961
62|1.1|636136515090386932|0|49726.9375|12.08678820504|101.53646350477|85774|-176781||49726.9375|366.5||36768.75|363.5|49726.9375|88006e|THA466|0|2103|-2262.5|||3|3|2|1|1|132|18|["132,18,5,3718","132,210,2,2130"]|13:48:46:938
62|1.1|636136515140311924|0|49731.9375|12.09757066914|101.53342724871|85439|-175589||49731.9375|364.75||36575|361.75|49731.9375|88006e|THA466|0|2103|-2225|||3|3|2|1|1|132|18|["132,18,5,3718","132,210,2,2130"]|13:48:51:938
62|1.1|636136515190226915|0|49736.9375|12.10846042144|101.53056801818|85125|-174385||49736.9375|363||36356.25|360|49736.9375|88006e|THA466|0|2103|-2187.5|||3|3|2|1|1|132|18|["132,18,5,3718","132,210,2,2130"]|13:48:56:938
62|1.1|636136515240151907|0|49741.921875|12.11929116523|101.52793409287|84834|-173187||49741.921875|361.25||36137.5|358.25|49741.921875|88006e|THA466|0|2103|-2162.5|||3|3|2|1|1|132|18|["132,18,5,3718","132,210,2,2130"]|13:49:01:922
62|1.1|636136515290076899|0|49746.921875|12.13010581579|101.52531089638|84545|-171992||49746.921875|359.5||35918.75|356.25|49746.921875|88006e|THA466|0|2103|-2162.5|||3|3|2|1|1|132|18|["132,18,5,3718","132,210,2,2130"]|13:49:06:922
62|1.1|636136515340001891|0|49751.8984375|12.14107603424|101.52309539505|84300|-170779||49751.8984375|357.75||35718.75|354.75|49751.8984375|88006e|THA466|0|2103|-2125|||3|3|2|1|1|132|18|["132,18,5,3718","132,210,2,2130"]|13:49:11:898
62|1.1|636136515389916882|0|49756.8984375|12.15199260859|101.5208155208|84048|-169571||49756.8984375|355.75||35518.75|352.75|49756.8984375|88006e|THA466|0|2103|-2162.5|||3|3|2|1|1|132|18|["132,18,5,3718","132,210,2,2130"]|13:49:16:898
62|1.1|636136515439841874|0|49761.8984375|12.16277507269|101.51828351928|83769|-168379||49761.8984375|354||35318.75|351|49761.8984375|88006e|THA466|0|2103|-2162.5|||3|3|2|1|1|132|18|["132,18,5,3718","132,210,2,2130"]|13:49:21:898
62|1.1|636136515489766866|0|49766.875|12.17351462151|101.51593927211|83510|-167191||49766.875|352.25||35125|349.25|49766.875|88006e|THA466|0|2103|-2162.5|||3|3|2|1|1|132|18|["132,18,5,3718","132,210,2,2130"]|13:49:26:875
62|1.1|636136515539681857|0|49771.875|12.18355143262|101.5119106002|83068|-166082||49771.875|350.5||34937.5|348|49771.875|88006e|THA466|0|2103|-1950|||3|3|2|1|1|132|18|["132,18,5,3718","132,210,2,2130"]|13:49:31:875
62|1.1|636136515589596848|0|49776.859375|12.19408176945|101.50903527644|82752|-164918||49776.859375|348||34762.5|345.75|49776.859375|88006e|THA466|0|2103|-2106.25|||3|3|2|1|1|132|83|["132,18,5,3718","132,210,2,2130"]|13:49:36:859
62|1.1|636136515639521840|0|49781.859375|12.20437070783|101.50565569814|82380|-163781||49781.859375|347||34581.25|344|49781.859375|88006e|THA466|0|2103|-2206.25|||3|3|2|1|1|132|18|["132,18,5,3718","132,210,2,2130"]|13:49:41:859
62|1.1|636136515689446832|0|49786.859375|12.21369941682|101.49930960111|81687|-162751||49786.859375|345.25||34450|342.25|49786.859375|88006e|THA466|0|2103|-2225|||3|3|2|1|1|132|18|["132,18,5,3718","132,210,2,2130"]|13:49:46:859
62|1.1|636136515739361823|0|49791.8359375|12.22244340512|101.49634308238|81361|-161784||49791.8359375|343.5||34312.5|340.75|49791.8359375|88006e|THA466|0|2103|-2006.25|||3|3|2|1|1|132|18|["132,18,5,3718","132,210,2,2130"]|13:49:51:836
62|1.1|636136515789286815|0|49796.8359375|12.23302738605|101.49324781781|81021|-160614||49796.8359375|341.25||34131.25|339|49796.8359375|88006e|THA466|0|2103|-2068.75|||3|3|2|1|1|132|83|["132,18,5,3718","132,210,2,2130"]|13:49:56:836
62|1.1|636136515839211807|0|49801.8203125|12.24425509618|101.49013646001|80679|-159372||49801.8203125|340||33937.5|337|49801.8203125|88006e|THA466|0|2103|-2162.5|||3|3|2|1|1|132|18|["132,18,5,3718","132,210,2,2130"]|13:50:01:820
62|1.1|636136515889126798|0|49806.8203125|12.254994645|101.48700900898|80335|-158185||49806.8203125|338.25||33750|335.25|49806.8203125|88006e|THA466|0|2103|-2206.25|||3|3|2|1|1|132|18|["132,18,5,3718","132,210,2,2130"]|13:50:06:820
62|1.1|636136515939051790|0|49811.8203125|12.26429116753|101.48398884615|80003|-157158||49811.8203125|336.25||33600|333.75|49811.8203125|88006e|THA466|0|2103|-2006.25|||3|3|2|1|1|132|5|["132,18,5,3718","132,210,2,2130"]|13:50:11:820
62|1.1|636136515988976782|0|49816.796875|12.27446208889|101.48082384425|79656|-156033||49816.796875|334.75||33425|332|49816.796875|88006e|THA466|0|2103|-2006.25|||3|3|2|1|1|132|18|["132,18,5,3718","132,210,2,2130"]|13:50:16:797
62|1.1|636136516038891773|0|49821.796875|12.28387126403|101.47818991894|79366|-154993||49821.796875|333.25||33281.25|330.5|49821.796875|88006e|THA466|0|2103|-1868.75|||3|3|2|1|1|132|18|["132,18,5,3718","132,210,2,2130"]|13:50:21:797
62|1.1|636136516088816765|0|49826.78125|12.29383833781|101.4751643917|79034|-153891||49826.78125|331.5||33112.5|329|49826.78125|88006e|THA466|0|2103|-1868.75|||3|3|2|1|1|132|18|["132,18,5,3718","132,210,2,2130"]|13:50:26:781
62|1.1|636136516138741757|0|49831.78125|12.30390733538|101.47219787297|78708|-152778||49831.78125|330||32956.25|327.25|49831.78125|88006e|THA466|0|2103|-1931.25|||3|3|2|1|1|132|18|["132,18,5,3718","132,210,2,2130"]|13:50:31:781
62|1.1|636136516188666749|0|49836.78125|12.31575731707|101.46907042194|78364|-151468||49836.78125|328||32781.25|325.5|49836.78125|88006e|THA466|0|2103|-2006.25|||3|3|2|1|1|132|5|["132,18,5,3718","132,210,2,2130"]|13:50:36:781
62|1.1|636136516238581740|0|49841.7578125|12.32643249297|101.46609317439|78037|-150288||49841.7578125|326.75||32612.5|323.75|49841.7578125|88006e|THA466|0|2103|-2006.25|||3|3|2|1|1|132|18|["132,18,5,3718","132,210,2,2130"]|13:50:41:758
62|1.1|636136516288506732|0|49846.7578125|12.33591676985|101.46313738448|77712|-149239||49846.7578125|325||32456.25|322.25|49846.7578125|88006e|THA466|0|2103|-1968.75|||3|3|2|1|1|132|18|["132,18,5,3718","132,210,2,2130"]|13:50:46:758
62|1.1|636136516338421723|0|49851.7421875|12.34534203822|101.46026206072|77396|-148197||49851.7421875|323.25||32300|320.75|49851.7421875|88006e|THA466|0|2103|-1950|||3|3|2|1|1|132|18|["132,18,5,3718","132,210,2,2130"]|13:50:51:742
62|1.1|636136516388346715|0|49856.7421875|12.35602794294|101.45721507584|77062|-147016||49856.7421875|321.75||32106.25|319|49856.7421875|88006e|THA466|0|2103|-1987.5|||3|3|2|1|1|132|18|["132,18,5,3718","132,210,2,2130"]|13:50:56:742
62|1.1|636136516438271707|0|49861.7421875|12.36550685541|101.45443631146|76756|-145968||49861.7421875|320||31962.5|317.5|49861.7421875|88006e|THA466|0|2103|-1950|||3|3|2|1|1|132|18|["132,18,5,3718","132,210,2,2130"]|13:51:01:742
62|1.1|636136516488186698|0|49866.71875|12.37538273422|101.45151270801|76435|-144876||49866.71875|318.25||31800|315.5|49866.71875|88006e|THA466|0|2103|-2025|||3|3|2|1|1|132|18|["132,18,5,3718","132,210,2,2130"]|13:51:06:719
62|1.1|636136516538111690|0|49871.71875|12.38666408845|101.44839062139|76092|-143629||49871.71875|316.25||31618.75|314|49871.71875|88006e|THA466|0|2103|-2025|||3|3|2|1|1|132|5|["132,18,5,3718","132,210,2,2130"]|13:51:11:719
62|1.1|636136516588036682|0|49876.6953125|12.3968832895|101.4453919162|75763|-142499||49876.6953125|314.75||31456.25|312.25|49876.6953125|88006e|THA466|0|2103|-1968.75|||3|3|2|1|1|132|5|["132,18,5,3718","132,210,2,2130"]|13:51:16:695
62|1.1|636136516637961674|0|49881.6953125|12.40606179501|101.44247367716|75443|-141484||49881.6953125|313.75||31318.75|311|49881.6953125|88006e|THA466|0|2103|-1850|||3|3|2|1|1|132|18|["132,18,5,3718","132,210,2,2130"]|13:51:21:695
62|1.1|636136516687876665|0|49886.6953125|12.4151222835|101.43964663309|75133|-140483||49886.6953125|312||31175|309.5|49886.6953125|88006e|THA466|0|2103|-1768.75|||3|3|2|1|1|132|18|["132,18,5,3718","132,210,2,2130"]|13:51:26:695
62|1.1|636136516737801657|0|49891.6796875|12.42547023039|101.43669620759|74809|-139339||49891.6796875|310.25||31000|307.75|49891.6796875|88006e|THA466|0|2103|-1912.5|||3|3|2|1|1|132|18|["132,18,5,3718","132,210,2,2130"]|13:51:31:680
62|1.1|636136516787726649|0|49896.6796875|12.43490622758|101.43381551942|74493|-138295||49896.6796875|308.75||30837.5|306|49896.6796875|88006e|THA466|0|2103|-1950|||3|3|2|1|1|132|18|["132,18,5,3718","132,210,2,2130"]|13:51:36:680
62|1.1|636136516837641640|0|49901.65625|12.44443341974|101.43099383976|74183|-137242||49901.65625|307||30681.25|304.5|49901.65625|88006e|THA466|0|2103|-1968.75|||3|3|2|1|1|132|18|["132,18,5,3718","132,210,2,2130"]|13:51:41:656
62|1.1|636136516887566632|0|49906.65625|12.45409472215|101.42813997364|73870|-136174||49906.65625|305.25||30506.25|302.5|49906.65625|88006e|THA466|0|2103|-2025|||3|3|2|1|1|132|18|["132,18,5,3718","132,210,2,2130"]|13:51:46:656
62|1.1|636136516937481623|0|49911.65625|12.46429782997|101.42530220075|73559|-135046||49911.65625|303.75||30343.75|301|49911.65625|88006e|THA466|0|2103|-1968.75|||3|3|2|1|1|132|18|["132,18,5,3718","132,210,2,2130"]|13:51:51:656
62|1.1|636136516987406615|0|49916.640625|12.47416297996|101.42248052109|73249|-133955||49916.640625|302||30175|299.5|49916.640625|88006e|THA466|0|2103|-1950|||3|3|2|1|1|132|18|["132,18,5,3718","132,210,2,2130"]|13:51:56:641
62|1.1|636136517037331607|0|49921.640625|12.48352387541|101.4197500364|72949|-132920||49921.640625|300.5||30012.5|297.75|49921.640625|88006e|THA466|0|2103|-1968.75|||3|3|2|1|1|132|18|["132,18,5,3718","132,210,2,2130"]|13:52:01:641
62|1.1|636136517087256599|0|49926.6171875|12.49326027956|101.41689080587|72635|-131844||49926.6171875|299||29875|296.5|49926.6171875|88006e|THA466|0|2103|-1887.5|||3|3|2|1|1|132|18|["132,18,5,3718","132,210,2,2130"]|13:52:06:617
62|1.1|636136517137171590|0|49931.6171875|12.50301814135|101.41405303298|72324|-130765||49931.6171875|297.25||29712.5|294.75|49931.6171875|88006e|THA466|0|2103|-1912.5|||3|3|2|1|1|132|18|["132,18,5,3718","132,210,2,2130"]|13:52:11:617
62|1.1|636136517187096582|0|49936.6171875|12.5127009014|101.41122598891|72014|-129694||49936.6171875|295.75||29556.25|293|49936.6171875|88006e|THA466|0|2103|-1950|||3|3|2|1|1|132|18|["132,18,5,3718","132,210,2,2130"]|13:52:16:617
62|1.1|636136517237021574|0|49941.6015625|12.52238366145|101.40839358043|71703|-128624||49941.6015625|294||29387.5|291.5|49941.6015625|88006e|THA466|0|2103|-1968.75|||3|3|2|1|1|132|18|["132,18,5,3718","132,210,2,2130"]|13:52:21:602
62|1.1|636136517286966568|0|49946.6015625|12.53274770157|101.40544851934|71380|-127478||49946.6015625|292.25||29200|289.75|49946.6015625|88006e|THA466|0|2103|-1987.5|||3|3|2|1|1|132|18|["132,18,5,3718","132,210,2,2130"]|13:52:26:602
62|1.1|636136517336871558|0|49951.578125|12.54293471616|101.4025302803|71060|-126352||49951.578125|290.75||29025|288|49951.578125|88006e|THA466|0|2103|-2006.25|||3|3|2|1|1|132|18|["132,18,5,3718","132,210,2,2130"]|13:52:31:578
62|1.1|636136517386786549|0|49956.578125|12.55214004372|101.39967641418|70747|-125334||49956.578125|289||28862.5|286.5|49956.578125|88006e|THA466|0|2103|-2006.25|||3|3|2|1|1|132|18|["132,18,5,3718","132,210,2,2130"]|13:52:36:578
62|1.1|636136517436711541|0|49961.578125|12.56198910048|101.39680109042|70432|-124245||49961.578125|287.5||28706.25|284.75|49961.578125|88006e|THA466|0|2103|-2006.25|||3|3|2|1|1|132|18|["132,18,5,3718","132,210,2,2130"]|13:52:41:578
62|1.1|636136517486626532|0|49966.5625|12.57194008103|101.39395795312|70120|-123145||49966.5625|286||28537.5|283.25|49966.5625|88006e|THA466|0|2103|-1968.75|||3|3|2|1|1|132|18|["132,18,5,3718","132,210,2,2130"]|13:52:46:563
62|1.1|636136517536551524|0|49971.5625|12.58175695133|101.391104087|69807|-122060||49971.5625|284.5||28387.5|281.75|49971.5625|88006e|THA466|0|2103|-1931.25|||3|3|2|1|1|132|18|["132,18,5,3718","132,210,2,2130"]|13:52:51:563
62|1.1|636136517586476516|0|49976.5390625|12.59017371062|101.3883682379|69507|-121130||49976.5390625|282.75||28243.75|280.25|49976.5390625|88006e|THA466|0|2103|-1868.75|||3|3|2|1|1|132|18|["132,18,5,3718","132,210,2,2130"]|13:52:56:539
62|1.1|636136517636391507|0|49981.5390625|12.59997448769|101.38557338029|69201|-120046||49981.5390625|281||28068.75|278.5|49981.5390625|88006e|THA466|0|2103|-1931.25|||3|3|2|1|1|132|18|["132,18,5,3718","132,210,2,2130"]|13:53:01:539
62|1.1|636136517686306498|0|49986.5390625|12.60862191661|101.38285898883|68904|-119090||49986.5390625|279.5||27918.75|276.75|49986.5390625|88006e|THA466|0|2103|-1931.25|||3|3|2|1|1|132|18|["132,18,5,3718","132,210,2,2130"]|13:53:06:539
62|1.1|636136517736231490|0|49991.515625|12.61785943063|101.38006949563|68598|-118068||49991.515625|277.75||27762.5|275.25|49991.515625|88006e|THA466|0|2103|-1950|||3|3|2|1|1|132|18|["132,18,5,3718","132,210,2,2130"]|13:53:11:516
62|1.1|636136517786156482|0|49996.515625|12.62682872415|101.37741947709|68307|-117077||49996.515625|276.25||27618.75|273.75|49996.515625|88006e|THA466|0|2103|-1912.5|||3|3|2|1|1|132|18|["132,18,5,3718","132,210,2,2130"]|13:53:16:516
62|1.1|636136517836071473|0|50001.5|12.63598577202|101.37482310265|68023|-116064||50001.5|274.5||27456.25|271.75|50001.5|88006e|THA466|0|2103|-1831.25|||3|3|2|1|1|132|18|["132,18,5,3718","132,210,2,2130"]|13:53:21:500
62|1.1|636136517885996465|0|50006.5|12.6452554725|101.37216235529|67732|-115039||50006.5|273||27293.75|270.5|50006.5|88006e|THA466|0|2103|-1693.75|||3|3|2|1|1|132|18|["132,18,5,3718","132,210,2,2130"]|13:53:26:500
62|1.1|636136517935921457|0|50011.5|12.65543175827|101.36936213327|67425|-113914||50011.5|271.5||27131.25|269|50011.5|88006e|THA466|0|2103|-1656.25|||3|3|2|1|1|132|18|["132,18,5,3718","132,210,2,2130"]|13:53:31:500
62|1.1|636136517985846449|0|50016.4765625|12.66539346764|101.36660482653|67122|-112813||50016.4765625|270||26962.5|267.5|50016.4765625|88006e|THA466|0|2103|-1712.5|||3|3|2|1|1|132|18|["132,18,5,3718","132,210,2,2130"]|13:53:36:477
62|1.1|636136518035771441|0|50021.4765625|12.67403016774|101.36403527414|66841|-111858||50021.4765625|268.25||26831.25|266|50021.4765625|88006e|THA466|0|2103|-1750|||3|3|2|1|1|132|18|["132,18,5,3718","132,210,2,2130"]|13:53:41:477
62|1.1|636136518085686432|0|50026.4609375|12.68288680865|101.36123505212|66534|-110879||50026.4609375|266.75||26675|264.5|50026.4609375|88006e|THA466|0|2103|-1768.75|||3|3|2|1|1|132|18|["132,18,5,3718","132,210,2,2130"]|13:53:46:461
62|1.1|636136518135611424|0|50031.4609375|12.69188828863|101.35847238097|66231|-109884||50031.4609375|265.25||26512.5|262.75|50031.4609375|88006e|THA466|0|2103|-1850|||3|3|2|1|1|132|18|["132,18,5,3718","132,210,2,2130"]|13:53:51:461
62|1.1|636136518185536416|0|50036.4609375|12.70172661657|101.35567752336|65925|-108796||50036.4609375|263.5||26337.5|261|50036.4609375|88006e|THA466|0|2103|-1912.5|||3|3|2|1|1|132|18|["132,18,5,3718","132,210,2,2130"]|13:53:56:461
62|1.1|636136518235451407|0|50041.4375|12.71149520718|101.35288803016|65620|-107716||50041.4375|262||26168.75|259.5|50041.4375|88006e|THA466|0|2103|-1987.5|||3|3|2|1|1|132|5|["132,18,5,3718","132,210,2,2130"]|13:54:01:438
62|1.1|636136518285376399|0|50046.4375|12.72036794132|101.3500127064|65305|-106735||50046.4375|260.25||26025|258|50046.4375|88006e|THA466|0|2103|-1675|||3|3|2|1|1|132|83|["132,18,5,3718","132,210,2,2130","132,178,4"]|13:54:06:438
62|1.1|636136518335291390|0|50051.421875|12.7288329803|101.34744851842|65024|-105799||50051.421875|260||25881.25|256.75|50051.421875|88006e|THA466|0|2103|-1675|||3|3|2|1|1|132|210|["132,18,5,3718","132,210,2,2130","132,178,4"]|13:54:11:422
62|1.1|636136518385216382|0|50056.421875|12.73785591792|101.34473412696|64727|-104802||50056.421875|257.25||25731.25|254.5|50056.421875|88006e|THA466|0|2103|-2006.25|||3|3|2|1|1|132|18|["132,18,5,3718","132,210,2,2130","132,178,4"]|13:54:16:422
62|1.1|636136518435141374|0|50061.421875|12.74804293251|101.34193390494|64420|-103675||50061.421875|255.75||25568.75|253.25|50061.421875|88006e|THA466|0|2103|-1912.5|||3|3|2|1|1|132|5|["132,18,5,3718","132,210,2,2130","132,178,4"]|13:54:21:422
62|1.1|636136518485056365|0|50066.3984375|12.75750575175|101.33920342025|64121|-102629||50066.3984375|254.25||25400|251.75|50066.3984375|88006e|THA466|0|2103|-1887.5|||3|3|2|1|1|132|5|["132,18,5,3718","132,210,2,2130","132,178,4"]|13:54:26:398
62|1.1|636136518534981357|0|50071.3984375|12.76682909633|101.33647829997|63823|-101598||50071.3984375|253||25225|250.25|50071.3984375|88006e|THA466|0|2103|-1850|||3|3|2|1|1|132|5|["132,18,5,3718","132,210,2,2130","132,178,4"]|13:54:31:398
62|1.1|636136518584906349|0|50076.375|12.77488107574|101.33384973907|63535|-100708||50076.375|251.25||25068.75|248.5|50076.375|88006e|THA466|0|2103|-1887.5|||3|3|2|1|1|132|5|["132,18,5,3718","132,210,2,2130","132,178,4"]|13:54:36:375
62|1.1|636136518634821340|0|50081.375|12.78400593715|101.3310763391|63232|-99699||50081.375|250||24900|246.75|50081.375|88006e|THA466|0|2103|-1912.5|||3|3|2|1|1|132|210|["132,18,5,3718","132,210,2,2130","132,178,4"]|13:54:41:375
62|1.1|636136518684746332|0|50086.375|12.79203109451|101.32858188845|62959|-98812||50086.375|248||24768.75|245.25|50086.375|88006e|THA466|0|2103|-1887.5|||3|3|2|1|1|132|83|["132,18,5,3718","132,210,2,2130"]|13:54:46:375
62|1.1|636136518734671324|0|50091.359375|12.80075898958|101.32601233606|62678|-97847||50091.359375|247.25||24656.25|244.25|50091.359375|88006e|THA466|0|2103|-1675|||3|3|2|1|1|132|83|["132,18,5,3718","132,210,2,2130"]|13:54:51:359
62|1.1|636136518784586315|0|50096.359375|12.81045784286|101.32327648696|62378|-96774||50096.359375|247||24562.5|243.5|50096.359375|88006e|THA466|0|2103|-1418.75|||3|3|2|1|1|132|210|["132,18,5,3718","132,210,2,2130"]|13:54:56:359
62|1.1|636136518834511307|0|50101.3359375|12.81993675533|101.32058355314|62083|-95726||50101.3359375|246||24506.25|243|50101.3359375|88006e|THA466|0|2103|-1081.25|||3|3|2|1|1|132|210|["132,18,5,3718","132,210,2,2130"]|13:55:01:336
62|1.1|636136518884436299|0|50106.3359375|12.82898115059|101.31784233963|61784|-94726||50106.3359375|245||24475|242.75|50106.3359375|88006e|THA466|0|2103|-806.25|||3|3|2|1|1|132|83|["132,18,5,3718","132,210,2,2130"]|13:55:06:336
62|1.1|636136518934371292|0|50111.3359375|12.83733353696|101.31528888047|61504|-93803||50111.3359375|244.25||24418.75|242|50111.3359375|88006e|THA466|0|2103|-768.75|||3|3|2|1|1|132|5|["132,18,5,3718","132,210,2,2130"]|13:55:11:336
62|1.1|636136518984276282|0|50116.3203125|12.84552499103|101.31296609094|61250|-92897||50116.3203125|243.75||24356.25|241.5|50116.3203125|88006e|THA466|0|2103|-787.5|||3|3|2|1|1|132|5|["132,18,5,3718","132,210,2,2130"]|13:55:16:320
62|1.1|636136519034201274|0|50121.3203125|12.85352869075|101.31049309793|60980|-92012||50121.3203125|243||24293.75|240.75|50121.3203125|88006e|THA466|0|2103|-825|||3|3|2|1|1|132|5|["132,18,5,3718","132,210,2,2130"]|13:55:21:320
62|1.1|636136519084126266|0|50126.296875|12.86169332277|101.3080093761|60708|-91110||50126.296875|242||24200|239.75|50126.296875|88006e|THA466|0|2103|-943.75|||3|3|2|1|1|132|5|["132,18,5,3718","132,210,2,2130"]|13:55:26:297
62|1.1|636136519134201273|0|50131.296875|12.87079672654|101.30543982371|60427|-90103||50131.296875|241||24081.25|238.5|50131.296875|88006e|THA466|0|2103|-1125|||3|3|2|1|1|132|210|["132,18,5,3718","132,210,2,2130"]|13:55:31:297
62|1.1|636136519183966249|0|50136.296875|12.87978211329|101.30294000865|60153|-89109||50136.296875|240||23943.75|237|50136.296875|88006e|THA466|0|2103|-1375|||3|3|2|1|1|132|5|["132,18,5,3718","132,210,2,2130"]|13:55:36:297
62|1.1|636136519233881240|0|50141.28125|12.88734593139|101.30041337154|59877|-88273||50141.28125|237.5||23762.5|235.5|50141.28125|88006e|THA466|0|2103|-1537.5|||3|3|2|1|1|132|5|["132,18,5,3718","132,210,2,2130"]|13:55:41:281
62|1.1|636136519283806232|0|50146.28125|12.89602554677|101.29795647176|59608|-87313||50146.28125|236.25||23606.25|233.75|50146.28125|88006e|THA466|0|2103|-1656.25|||3|3|2|1|1|132|5|["132,18,5,3718","132,210,2,2130"]|13:55:46:281
62|1.1|636136519333731224|0|50151.2578125|12.90490364532|101.29549420757|59339|-86332||50151.2578125|234.75||23425|232|50151.2578125|88006e|THA466|0|2103|-1850|||3|3|2|1|1|132|5|["132,18,5,3718","132,210,2,2130"]|13:55:51:258
62|1.1|636136519383646215|0|50156.2578125|12.91261230249|101.29319287568|59087|-85480||50156.2578125|233.5||23281.25|230.5|50156.2578125|88006e|THA466|0|2103|-1868.75|||3|3|2|1|1|132|5|["132,18,5,3718","132,210,2,2130"]|13:55:56:258
62|1.1|636136519433581208|0|50161.2578125|12.92054090047|101.29070915385|58816|-84603||50161.2578125|232.5||23156.25|229.25|50161.2578125|88006e|THA466|0|2103|-1768.75|||3|3|2|1|1|132|5|["132,18,5,3718","132,210,2,2130"]|13:56:01:258
62|1.1|636136519483486198|0|50166.2421875|12.92971404157|101.28815569469|58536|-83589||50166.2421875|230||23000|227.75|50166.2421875|88006e|THA466|0|2103|-1768.75|||3|3|2|1|1|132|5|["132,18,5,3718","132,210,2,2130"]|13:56:06:242
62|1.1|636136519533411190|0|50171.2421875|12.93843657223|101.28567197286|58265|-82624||50171.2421875|228.75||22850|226.25|50171.2421875|88006e|THA466|0|2103|-1768.75|||3|3|2|1|1|132|5|["132,18,5,3718","132,210,2,2130"]|13:56:11:242
62|1.1|636136519583346183|0|50176.21875|12.94696061972|101.28319361544|57994|-81682||50176.21875|227.25||22693.75|224.75|50176.21875|88006e|THA466|0|2103|-1793.75|||3|3|2|1|1|132|5|["132,18,5,3718","132,210,2,2130"]|13:56:16:219
62|1.1|636136519633261174|0|50181.21875|12.95542029429|101.28073671566|57725|-80746||50181.21875|226.25||22562.5|223.25|50181.21875|88006e|THA466|0|2103|-1768.75|||3|3|2|1|1|132|5|["132,18,5,3718"]|13:56:21:219
62|1.1|636136519683176165|0|50186.21875|12.96275880717|101.27832273116|57462|-79935||50186.21875|225||22437.5|222|50186.21875|88006e|THA466|0|2103|-1712.5|||3|3|2|1|1|132|5|["132,18,5,3718"]|13:56:26:219
62|1.1|636136519733101157|0|50191.1953125|12.9703923626|101.27595702635|57203|-79091||50191.1953125|223.75||22306.25|220.75|50191.1953125|88006e|THA466|0|2103|-1656.25|||3|3|2|1|1|132|5|["132,18,5,3718"]|13:56:31:195
62|1.1|636136519783026149|0|50196.1953125|12.97925436792|101.2735162198|56936|-78111||50196.1953125|222.5||22150|219.25|50196.1953125|88006e|THA466|0|2103|-1675|||3|3|2|1|1|132|5|["132,18,5,3718"]|13:56:36:195
62|1.1|636136519832941140|0|50201.1796875|12.98781596628|101.27096812505|56658|-77164||50201.1796875|220||21993.75|217.75|50201.1796875|88006e|THA466|0|2103|-1693.75|||3|3|2|1|1|132|5|["132,18,5,3718"]|13:56:41:180
62|1.1|636136519882866132|0|50206.1796875|12.99516520798|101.26871507285|56412|-76352||50206.1796875|218.5||21843.75|216.25|50206.1796875|88006e|THA466|0|2103|-1731.25|||3|3|2|1|1|132|5|["132,18,5,3718"]|13:56:46:180
62|1.1|636136519932781123|0|50211.1796875|13.00320645857|101.26638691891|56157|-75463||50211.1796875|217.25||21687.5|214.75|50211.1796875|88006e|THA466|0|2103|-1768.75|||3|3|2|1|1|132|5|["132,18,5,3718"]|13:56:51:180
62|1.1|636136519982706115|0|50216.15625|13.01224012501|101.26389783267|55885|-74464||50216.15625|216||21512.5|213|50216.15625|88006e|THA466|0|2103|-1850|||3|3|2|1|1|132|5|["132,18,5,3718"]|13:56:56:156
62|1.1|636136520032631107|0|50221.15625|13.02068370635|101.26148921258|55622|-73530||50221.15625|215.25||21350|211.25|50221.15625|88006e|THA466|0|2103|-1887.5|||3|3|2|1|1|132|18|["132,18,5,3718"]|13:57:01:156
62|1.1|636136520082556099|0|50226.140625|13.02838699911|101.25897330429|55347|-72678||50226.140625|213.25||21237.5|210|50226.140625|88006e|THA466|0|2103|-1831.25|||3|3|2|1|1|132|5|["132,18,5,3718"]|13:57:06:141
62|1.1|636136520132471090|0|50231.140625|13.03630486827|101.25653786215|55081|-71803||50231.140625|212.5||21118.75|208.75|50231.140625|88006e|THA466|0|2103|-1731.25|||3|3|2|1|1|132|18|["132,18,5,3718"]|13:57:11:141
62|1.1|636136520182396082|0|50236.140625|13.04545655173|101.2541506997|54820|-70791||50236.140625|211||20968.75|207.5|50236.140625|88006e|THA466|0|2103|-1693.75|||3|3|2|1|1|132|18|["132,18,5,3718"]|13:57:16:141
62|1.1|636136520232321074|0|50241.1171875|13.05405570096|101.25171525756|54554|-69840||50241.1171875|209.75||20831.25|206|50241.1171875|88006e|THA466|0|2103|-1675|||3|3|2|1|1|132|18|["132,18,5,3718"]|13:57:21:117
62|1.1|636136520282236065|0|50246.1171875|13.06265485019|101.2491617984|54275|-68889||50246.1171875|207.5||20693.75|204.75|50246.1171875|88006e|THA466|0|2103|-1631.25|||3|3|2|1|1|132|5|["132,18,5,3718"]|13:57:26:117
62|1.1|636136520332161057|0|50251.1015625|13.07109843153|101.24671562744|54008|-67956||50251.1015625|207||20556.25|203.5|50251.1015625|88006e|THA466|0|2103|-1656.25|||3|3|2|1|1|132|18|["132,18,5,3718"]|13:57:31:102
62|1.1|636136520382086049|0|50256.1015625|13.07960638579|101.24426409207|53740|-67015||50256.1015625|205.5||20418.75|202|50256.1015625|88006e|THA466|0|2103|-1675|||3|3|2|1|1|132|18|["132,18,5,3718"]|13:57:36:102
62|1.1|636136520432001040|0|50261.1015625|13.08810361123|101.24187156521|53479|-66075||50261.1015625|204.25||20287.5|200.5|50261.1015625|88006e|THA466|0|2103|-1675|||3|3|2|1|1|132|18|["132,18,5,3718"]|13:57:41:102
62|1.1|636136520481926032|0|50266.078125|13.09510416628|101.23930201282|53199|-65301||50266.078125|201.5||20150|199.25|50266.078125|88006e|THA466|0|2103|-1631.25|||3|3|2|1|1|132|5|["132,18,5,3718"]|13:57:46:078
62|1.1|636136520531851024|0|50271.078125|13.1017131194|101.23731718112|52982|-64571||50271.078125|200.5||20043.75|198|50271.078125|88006e|THA466|0|2103|-1575|||3|3|2|1|1|132|5|["132,18,5,3718"]|13:57:51:078
62|1.1|636136520581776016|0|50276.0625|13.11043565006|101.23482273047|52710|-63606||50276.0625|199.5||19912.5|196.75|50276.0625|88006e|THA466|0|2103|-1537.5|||3|3|2|1|1|132|5|["132,18,5,3718"]|13:57:56:063
62|1.1|636136520631691007|0|50281.0625|13.11864856177|101.23244629684|52450|-62698||50281.0625|199.25||19781.25|195.75|50281.0625|88006e|THA466|0|2103|-1493.75|||3|3|2|1|1|132|18|["132,18,5,3718"]|13:58:01:063
62|1.1|636136520681615999|0|50286.0625|13.12695266845|101.2300644988|52190|-61780||50286.0625|198||19650|194.5|50286.0625|88006e|THA466|0|2103|-1475|||3|3|2|1|1|132|18|["132,18,5,3718"]|13:58:06:063
62|1.1|636136520731540991|0|50291.0390625|13.13528359718|101.22772561604|51935|-60859||50291.0390625|196.75||19525|193.25|50291.0390625|88006e|THA466|0|2103|-1456.25|||3|3|2|1|1|132|18|["132,18,5,3718"]|13:58:11:039
62|1.1|636136520781465983|0|50296.0390625|13.14343213597|101.22527408067|51667|-59958||50296.0390625|195.5||19400|192|50296.0390625|88006e|THA466|0|2103|-1475|||3|3|2|1|1|132|18|["132,18,5,3718"]|13:58:16:039
62|1.1|636136520831380974|0|50301.015625|13.15186498849|101.223198054|51440|-59025||50301.015625|194.25||19287.5|190.75|50301.015625|88006e|THA466|0|2103|-1475|||3|3|2|1|1|132|18|["132,18,5,3718"]|13:58:21:016
62|1.1|636136520881305966|0|50306.015625|13.16023346809|101.22097182385|51197|-58100||50306.015625|193||19162.5|189.75|50306.015625|88006e|THA466|0|2103|-1456.25|||3|3|2|1|1|132|18|["132,18,5,3718"]|13:58:26:016
62|1.1|636136520931230958|0|50311.015625|13.16829081191|101.21859539022|50938|-57209||50311.015625|190.25||19037.5|188.25|50311.015625|88006e|THA466|0|2103|-1518.75|||3|3|2|1|1|132|5|["132,18,5,3718"]|13:58:31:016
62|1.1|636136520981145949|0|50316|13.17408973912|101.21599901578|50655|-56568||50316|189||18887.5|186.75|50316|88006e|THA466|0|2103|-1575|||3|3|2|1|1|132|5|["132,18,5,3718"]|13:58:36:000
62|1.1|636136521031070941|0|50321|13.18177157424|101.21356893805|50390|-55718||50321|187.75||18762.5|185.25|50321|88006e|THA466|0|2103|-1612.5|||3|3|2|1|1|132|5|["132,18,5,3718"]|13:58:41:000
62|1.1|636136521080985932|0|50325.9765625|13.18958751961|101.21121396206|50133|-54854||50325.9765625|186.5||18625|184|50325.9765625|88006e|THA466|0|2103|-1656.25|||3|3|2|1|1|132|5|["132,18,5,3718"]|13:58:45:977
62|1.1|636136521130920925|0|50330.9765625|13.19821349089|101.20878924874|49868|-53900||50330.9765625|185.5||18475|182.5|50330.9765625|88006e|THA466|0|2103|-1731.25|||3|3|2|1|1|132|5|["132,18,5,3718"]|13:58:50:977
62|1.1|636136521180825915|0|50335.9765625|13.20633520763|101.20640208629|49608|-53002||50335.9765625|184.75||18331.25|181|50335.9765625|88006e|THA466|0|2103|-1712.5|||3|3|2|1|1|132|18|["132,18,5,3718"]|13:58:55:977
62|1.1|636136521230750907|0|50340.9609375|13.21483779748|101.20406856794|49353|-52062||50340.9609375|183.5||18193.75|179.5|50340.9609375|88006e|THA466|0|2103|-1712.5|||3|3|2|1|1|132|18|["132,18,5,3718"]|13:59:00:961
62|1.1|636136521280675899|0|50345.9609375|13.22205292893|101.20177796487|49104|-51264||50345.9609375|182||18081.25|178.5|50345.9609375|88006e|THA466|0|2103|-1631.25|||3|3|2|1|1|132|18|["132,18,5,3718"]|13:59:05:961
62|1.1|636136521330590890|0|50350.9375|13.22989033194|101.19946590416|48851|-50397||50350.9375|180.75||17950|177.25|50350.9375|88006e|THA466|0|2103|-1593.75|||3|3|2|1|1|132|18|["132,18,5,3718"]|13:59:10:938
62|1.1|636136521380515882|0|50355.9375|13.23845729471|101.19697145351|48579|-49450||50355.9375|178.5||17793.75|176|50355.9375|88006e|THA466|0|2103|-1593.75|||3|3|2|1|1|132|5|["132,18,5,3718"]|13:59:15:938
62|1.1|636136521430440874|0|50360.9375|13.24652536735|101.19459501988|48320|-48558||50360.9375|177.25||17656.25|174.5|50360.9375|88006e|THA466|0|2103|-1631.25|||3|3|2|1|1|132|5|["132,18,5,3718"]|13:59:20:938
62|1.1|636136521480355865|0|50365.921875|13.2536868547|101.19229368799|48069|-47766||50365.921875|176.25||17543.75|173.25|50365.921875|88006e|THA466|0|2103|-1631.25|||3|3|2|1|1|132|5|["132,18,5,3718"]|13:59:25:922
62|1.1|636136521530280857|0|50370.921875|13.26100390994|101.19002454256|47822|-46957||50370.921875|175.25||17418.75|171.75|50370.921875|88006e|THA466|0|2103|-1593.75|||3|3|2|1|1|132|18|["132,18,5,3718"]|13:59:30:922
62|1.1|636136521580205849|0|50375.8984375|13.26936702513|101.18756764278|47554|-46033||50375.8984375|174||17281.25|170.75|50375.8984375|88006e|THA466|0|2103|-1593.75|||3|3|2|1|1|132|18|["132,18,5,3718"]|13:59:35:898
62|1.1|636136521630130841|0|50380.8984375|13.27725270783|101.18517511592|47293|-45160||50380.8984375|172.75||17150|169.5|50380.8984375|88006e|THA466|0|2103|-1593.75|||3|3|2|1|1|132|18|["132,18,5,3718"]|13:59:40:898
62|1.1|636136521679885816|0|50385.8984375|13.2837811948|101.17925817169|46651|-44439||50385.8984375|170.75||17043.75|168.5|50385.8984375|88006e|THA466|0|2103|-1493.75|||3|3|2|1|1|132|5|["132,18,5,3718"]|13:59:45:898
62|1.1|636136521729970824|0|50390.875|13.29035796146|101.17420489747|46102|-43712||50390.875|169.75||16931.25|167.25|50390.875|88006e|THA466|0|2103|-1437.5|||3|3|2|1|1|132|5|["132,18,5,3718"]|13:59:50:875
62|1.1|636136521779895816|0|50395.875|13.29644656681|101.16855080933|45488|-43040||50395.875|169||16831.25|166.25|50395.875|88006e|THA466|0|2103|-1375|||3|3|2|1|1|132|5|["132,18,5,3718"]|13:59:55:875
62|1.1|636136521829660792|0|50400.859375|13.301054595|101.16223689876|44803|-42531||50400.859375|167.75||16718.75|165.25|50400.859375|88006e|THA466|0|2103|-1356.25|||3|3|2|1|1|132|5|["132,18,5,3718"]|14:00:00:859
62|1.1|636136521879605786|0|50405.859375|13.30542122474|101.15572986943|44097|-42049||50405.859375|167||16606.25|164|50405.859375|88006e|THA466|0|2103|-1356.25|||3|3|2|1|1|132|18|["132,18,5,3718"]|14:00:05:859
62|1.1|636136521929500775|0|50410.859375|13.30914948969|101.1482572463|43287|-41638||50410.859375|164.5||16443.75|162.5|50410.859375|88006e|THA466|0|2103|-1475|||3|3|2|1|1|132|5|["132,18,5,3718"]|14:00:10:859
62|1.1|636136521979425767|0|50415.8359375|13.31257734768|101.14103675044|42504|-41260||50415.8359375|163.5||16312.5|161.25|50415.8359375|88006e|THA466|0|2103|-1537.5|||3|3|2|1|1|132|5|["132,18,5,3718"]|14:00:15:836
62|1.1|636136522029350759|0|50420.8359375|13.31545267144|101.13400400893|41741|-40943||50420.8359375|162.25||16187.5|159.75|50420.8359375|88006e|THA466|0|2103|-1556.25|||3|3|2|1|1|132|5|["132,18,5,3718"]|14:00:20:836
62|1.1|636136522079265750|0|50425.8203125|13.31852111396|101.12706246239|40989|-40605||50425.8203125|161.25||16075|158.75|50425.8203125|88006e|THA466|0|2103|-1537.5|||3|3|2|1|1|132|5|["132,18,5,3718"]|14:00:25:820
62|1.1|636136522129200743|0|50430.8203125|13.32207771779|101.11935380522|40153|-40213||50430.8203125|160.25||15912.5|157.25|50430.8203125|88006e|THA466|0|2103|-1575|||3|3|2|1|1|132|18|["132,18,5,3718"]|14:00:30:820
62|1.1|636136522179105733|0|50435.8203125|13.32533927907|101.11305062347|39469|-39853||50435.8203125|159||15800|156|50435.8203125|88006e|THA466|0|2103|-1575|||3|3|2|1|1|132|18|["132,18,5,3718"]|14:00:35:820
62|1.1|636136522229050727|0|50440.796875|13.32867057768|101.10511129667|38609|-39486||50440.796875|156.5||15643.75|154.5|50440.796875|88006e|THA466|0|2103|-1612.5|||3|3|2|1|1|132|5|["132,18,5,3718"]|14:00:40:797
62|1.1|636136522278955717|0|50445.796875|13.33166391846|101.09753138534|37787|-39156||50445.796875|155.75||15543.75|153.5|50445.796875|88006e|THA466|0|2103|-1418.75|||3|3|2|1|1|132|5|["132,18,5,3718"]|14:00:45:797
62|1.1|636136522328890710|0|50450.78125|13.33468408129|101.09035380476|37009|-38823||50450.78125|154.75||15443.75|152.5|50450.78125|88006e|THA466|0|2103|-1281.25|||3|3|2|1|1|132|5|["132,18,5,3718"]|14:00:50:781
62|1.1|636136522378795700|0|50455.78125|13.33797782903|101.08244666442|36152|-38459||50455.78125|153.75||15312.5|151.25|50455.78125|88006e|THA466|0|2103|-1337.5|||3|3|2|1|1|132|5|["132,18,5,3718"]|14:00:55:781
62|1.1|636136522428720692|0|50460.78125|13.34125011913|101.07496867688|35341|-38098||50460.78125|152.75||15193.75|150|50460.78125|88006e|THA466|0|2103|-1418.75|||3|3|2|1|1|132|5|["132,18,5,3718"]|14:01:00:781
62|1.1|636136522478645684|0|50465.7578125|13.34551482508|101.06750678257|34532|-37628||50465.7578125|151||15075|149|50465.7578125|88006e|THA466|0|2103|-1318.75|||3|3|2|1|1|132|5|["132,18,5,3718"]|14:01:05:758
62|1.1|636136522528570676|0|50470.7578125|13.34883539487|101.06233549133|33971|-37261||50470.7578125|150.25||15000|148.25|50470.7578125|88006e|THA466|0|2103|-1237.5|||3|3|2|1|1|132|5|["132,18,5,3718"]|14:01:10:758
62|1.1|636136522578485667|0|50475.7421875|13.35239736311|101.05484677497|33160|-36868||50475.7421875|149.5||14912.5|147.25|50475.7421875|88006e|THA466|0|2103|-1200|||3|3|2|1|1|132|114|["132,18,5,3718","132,114,5,583"]|14:01:15:742
62|1.1|636136522628410659|0|50480.7421875|13.35667279788|101.0479964234|32417|-36396||50480.7421875|148.5||14806.25|146|50480.7421875|88006e|THA466|0|2103|-1218.75|||3|3|2|1|1|132|5|["132,18,5,3718","132,114,5,583"]|14:01:20:742
62|1.1|636136522678325650|0|50485.7421875|13.36160805508|101.04171469929|31736|-35851||50485.7421875|148||14725|145|50485.7421875|88006e|THA466|0|2103|-1218.75|||3|3|2|1|1|132|5|["132,18,5,3718","132,114,5,583"]|14:01:25:742
62|1.1|636136522728250642|0|50490.71875|13.36631800706|101.03631273842|31150|-35330||50490.71875|146.5||14643.75|144.25|50490.71875|88006e|THA466|0|2103|-1200|||3|3|2|1|1|132|114|["132,18,5,3718","132,114,5,583"]|14:01:30:719
62|1.1|636136522778195636|0|50495.71875|13.37348485882|101.03105025221|30579|-34538||50495.71875|145||14500|143.25|50495.71875|88006e|THA466|0|2103|-1181.25|||3|3|2|1|1|132|5|["132,18,5,3718","132,114,5,583"]|14:01:35:719
62|1.1|636136522828120628|0|50500.6953125|13.37957882858|101.02720397024|30162|-33865||50500.6953125|143.75||14381.25|142|50500.6953125|88006e|THA466|0|2103|-1237.5|||3|3|2|1|1|132|5|["132,18,5,3718","132,114,5,583"]|14:01:40:695
62|1.1|636136522878015617|0|50505.6953125|13.38555478132|101.02308946777|29715|-33204||50505.6953125|142.75||14268.75|140.75|50505.6953125|88006e|THA466|0|2103|-1337.5|||3|3|2|1|1|132|5|["132,18,5,3718","132,114,5,583"]|14:01:45:695
62|1.1|636136522927940609|0|50510.6953125|13.39233539556|101.01857263455|29225|-32454||50510.6953125|141.75||14137.5|139.25|50510.6953125|88006e|THA466|0|2103|-1456.25|||3|3|2|1|1|132|5|["132,18,5,3718","132,114,5,583"]|14:01:50:695
62|1.1|636136522977855600|0|50515.6796875|13.39901945042|101.0143615727|28768|-31715||50515.6796875|140.5||13993.75|138|50515.6796875|88006e|THA466|0|2103|-1475|||3|3|2|1|1|132|5|["132,18,5,3718","132,114,5,583"]|14:01:55:680
62|1.1|636136523027780592|0|50520.6796875|13.40488275055|101.00991447681|28286|-31067||50520.6796875|139.75||13900|137|50520.6796875|88006e|THA466|0|2103|-1437.5|||3|3|2|1|1|132|5|["132,18,5,3718","132,114,5,583"]|14:02:00:680
62|1.1|636136523077705584|0|50525.65625|13.41062803366|101.00579460993|27839|-30432||50525.65625|138.75||13800|136|50525.65625|88006e|THA466|0|2103|-1400|||3|3|2|1|1|132|18|["132,18,5,3718","132,114,5,583"]|14:02:05:656
62|1.1|636136523127650578|0|50530.65625|13.41726380883|101.0017552092|27401|-29698||50530.65625|136.75||13675|134.75|50530.65625|88006e|THA466|0|2103|-1418.75|||3|3|2|1|1|132|5|["132,18,5,3718","132,114,5,583"]|14:02:10:656
62|1.1|636136523177545567|0|50535.65625|13.42333632095|100.99761924909|26952|-29027||50535.65625|135.75||13562.5|133.5|50535.65625|88006e|THA466|0|2103|-1400|||3|3|2|1|1|132|5|["132,18,5,3718","132,114,5,583"]|14:02:15:656
62|1.1|636136523227470559|0|50540.640625|13.42941419748|100.99356911954|26513|-28355||50540.640625|135||13468.75|132.5|50540.640625|88006e|THA466|0|2103|-1356.25|||3|3|2|1|1|132|5|["132,18,5,3718"]|14:02:20:641
62|1.1|636136523277385550|0|50545.640625|13.43558863339|100.98959409173|26082|-27672||50545.640625|134||13356.25|131.5|50545.640625|88006e|THA466|0|2103|-1337.5|||3|3|2|1|1|132|5|["132,18,5,3718"]|14:02:25:641
62|1.1|636136523327310542|0|50550.6171875|13.44258918844|100.98542594516|25630|-26898||50550.6171875|133||13206.25|130.25|50550.6171875|88006e|THA466|0|2103|-1337.5|||3|3|2|1|1|132|18|["132,18,5,3718"]|14:02:30:617
62|1.1|636136523377235534|0|50555.6171875|13.44974531138|100.9806730779|25114|-26107||50555.6171875|130.5||13050|128.75|50555.6171875|88006e|THA466|0|2103|-1475|||3|3|2|1|1|132|5|["132,18,5,3718"]|14:02:35:617
62|1.1|636136523427160526|0|50560.6171875|13.45482540765|100.97733105047|24752|-25545||50560.6171875|129.5||12943.75|127.5|50560.6171875|88006e|THA466|0|2103|-1493.75|||3|3|2|1|1|132|5|["132,18,5,3718"]|14:02:40:617
62|1.1|636136523477085518|0|50565.6015625|13.46143436077|100.97332920061|24318|-24814||50565.6015625|128.25||12800|126|50565.6015625|88006e|THA466|0|2103|-1556.25|||3|3|2|1|1|132|5|["132,18,5,3718"]|14:02:45:602
62|1.1|636136523527010510|0|50570.6015625|13.46781264426|100.96927907106|23879|-24109||50570.6015625|127.75||12662.5|124.75|50570.6015625|88006e|THA466|0|2103|-1593.75|||3|3|2|1|1|132|18|["132,18,5,3718"]|14:02:50:602
62|1.1|636136523576915500|0|50575.578125|13.47422311421|100.96524503474|23441|-23400||50575.578125|126.5||12531.25|123.5|50575.578125|88006e|THA466|0|2103|-1593.75|||3|3|2|1|1|132|18|["132,18,5,3718"]|14:02:55:578
62|1.1|636136523626840492|0|50580.578125|13.48073550795|100.96095350674|22976|-22680||50580.578125|125.5||12437.5|122.25|50580.578125|88006e|THA466|0|2103|-1537.5|||3|3|2|1|1|132|18|["132,18,5,3718"]|14:03:00:578
62|1.1|636136523676765484|0|50585.578125|13.48717279995|100.95683363986|22529|-21968||50585.578125|124.25||12318.75|121.25|50585.578125|88006e|THA466|0|2103|-1475|||3|3|2|1|1|132|18|["132,18,5,3718"]|14:03:05:578
62|1.1|636136523726680475|0|50590.5625|13.49225826063|100.95290152733|22103|-21406||50590.5625|122.25||12225|120.25|50590.5625|88006e|THA466|0|2103|-1356.25|||3|3|2|1|1|132|5|["132,18,5,3718"]|14:03:10:563
62|1.1|636136523776605467|0|50595.5625|13.49850779828|100.94881921132|21660|-20715||50595.5625|121.25||12106.25|119|50595.5625|88006e|THA466|0|2103|-1375|||3|3|2|1|1|132|5|["132,18,5,3718"]|14:03:15:563
62|1.1|636136523826530459|0|50600.5390625|13.50467686978|100.94473689531|21218|-20033||50600.5390625|120.75||11987.5|117.75|50600.5390625|88006e|THA466|0|2103|-1400|||3|3|2|1|1|132|18|["132,18,5,3718"]|14:03:20:539
62|1.1|636136523876455451|0|50605.5390625|13.51054553432|100.94062239284|20772|-19384||50605.5390625|119.5||11875|116.75|50605.5390625|88006e|THA466|0|2103|-1400|||3|3|2|1|1|132|18|["132,18,5,3718"]|14:03:25:539
62|1.1|636136523926370442|0|50610.5390625|13.51654830911|100.93658835652|20335|-18720||50610.5390625|118.25||11756.25|115.5|50610.5390625|88006e|THA466|0|2103|-1400|||3|3|2|1|1|132|18|["132,18,5,3718"]|14:03:30:539
62|1.1|636136523976295434|0|50615.515625|13.5233021013|100.93236120144|19877|-17973||50615.515625|116||11600|114|50615.515625|88006e|THA466|0|2103|-1493.75|||3|3|2|1|1|132|5|["132,18,5,3718"]|14:03:35:516
62|1.1|636136524026210425|0|50620.515625|13.529578461|100.92825742779|19432|-17279||50620.515625|115.5||11462.5|112.75|50620.515625|88006e|THA466|0|2103|-1593.75|||3|3|2|1|1|132|18|["132,18,5,3718"]|14:03:40:516
62|1.1|636136524076135417|0|50625.5|13.53529155765|100.92425557793|18998|-16647||50625.5|113.75||11343.75|111.25|50625.5|88006e|THA466|0|2103|-1631.25|||3|3|2|1|1|132|5|["132,18,5,3718"]|14:03:45:500
62|1.1|636136524126060409|0|50630.5|13.5418093158|100.91996404993|18533|-15927||50630.5|112.75||11212.5|110|50630.5|88006e|THA466|0|2103|-1612.5|||3|3|2|1|1|132|5|["132,18,5,3718"]|14:03:50:500
62|1.1|636136524175975400|0|50635.5|13.54803739581|100.91581199659|18083|-15238||50635.5|111.75||11081.25|108.75|50635.5|88006e|THA466|0|2103|-1575|||3|3|2|1|1|132|18|["132,18,5,3718"]|14:03:55:500
62|1.1|636136524225900392|0|50640.4765625|13.55359492457|100.91180478232|17649|-14623||50640.4765625|110.5||10975|107.5|50640.4765625|88006e|THA466|0|2103|-1537.5|||3|3|2|1|1|132|18|["132,18,5,3718"]|14:04:00:477
62|1.1|636136524275825384|0|50645.4765625|13.55971035197|100.90778683923|17214|-13947||50645.4765625|108.5||10850|106.5|50645.4765625|88006e|THA466|0|2103|-1437.5|||3|3|2|1|1|132|5|["132,18,5,3718"]|14:04:05:477
62|1.1|636136524325750376|0|50650.4609375|13.56540735539|100.90402638782|16806|-13317||50650.4609375|107.5||10737.5|105.25|50650.4609375|88006e|THA466|0|2103|-1418.75|||3|3|2|1|1|132|5|["132,18,5,3718"]|14:04:10:461
62|1.1|636136524375665367|0|50655.4609375|13.57199485087|100.89975095305|16343|-12588||50655.4609375|106.5||10593.75|104|50655.4609375|88006e|THA466|0|2103|-1456.25|||3|3|2|1|1|132|5|["132,18,5,3718"]|14:04:15:461
62|1.1|636136524425590359|0|50660.4609375|13.57820683765|100.89565254381|15899|-11902||50660.4609375|105.75||10468.75|102.75|50660.4609375|88006e|THA466|0|2103|-1475|||3|3|2|1|1|132|18|["132,18,5,3718"]|14:04:20:461
62|1.1|636136524475515351|0|50665.4375|13.58390920548|100.89153267693|15453|-11271||50665.4375|104.5||10400|102|50665.4375|88006e|THA466|0|2103|-1400|||3|3|2|1|1|132|18|["132,18,5,3718"]|14:04:25:438
62|1.1|636136524525430342|0|50670.4375|13.5897671412|100.88756301353|15023|-10623||50670.4375|102.75||10281.25|100.75|50670.4375|88006e|THA466|0|2103|-1337.5|||3|3|2|1|1|132|5|["132,18,5,3718"]|14:04:30:438
62|1.1|636136524575365335|0|50675.421875|13.59576455158|100.88362017218|14596|-9960||50675.421875|101.75||10162.5|99.5|50675.421875|88006e|THA466|0|2103|-1375|||3|3|2|1|1|132|5|["132,18,5,3718"]|14:04:35:422
62|1.1|636136524625270325|0|50680.421875|13.60221793681|100.87953249176|14153|-9246||50680.421875|100.75||10025|98.25|50680.421875|88006e|THA466|0|2103|-1456.25|||3|3|2|1|1|132|5|["132,18,5,3718"]|14:04:40:422
62|1.1|636136524675195317|0|50685.421875|13.60837091508|100.87548236221|13714|-8565||50685.421875|100||9906.25|97|50685.421875|88006e|THA466|0|2103|-1456.25|||3|3|2|1|1|132|18|["132,18,5,3718"]|14:04:45:422
62|1.1|636136524725120309|0|50690.3984375|13.61413765583|100.87158243614|13292|-7928||50690.3984375|99||9806.25|96|50690.3984375|88006e|THA466|0|2103|-1418.75|||3|3|2|1|1|132|18|["132,18,5,3718"]|14:04:50:398
62|1.1|636136524775045301|0|50695.3984375|13.62058031224|100.8674840269|12848|-7215||50695.3984375|97.75||9700|95|50695.3984375|88006e|THA466|0|2103|-1375|||3|3|2|1|1|132|18|["132,18,5,3718"]|14:04:55:398
62|1.1|636136524824960292|0|50700.375|13.62676547697|100.86344462617|12411|-6531||50700.375|96.25||9593.75|94|50700.375|88006e|THA466|0|2103|-1300|||3|3|2|1|1|132|5|["132,18,5,3718"]|14:05:00:375
62|1.1|636136524874885284|0|50705.375|13.63290772642|100.8594374119|11977|-5852||50705.375|95.5||9493.75|93|50705.375|88006e|THA466|0|2103|-1262.5|||3|3|2|1|1|132|5|["132,18,5,3718"]|14:05:05:375
62|1.1|636136524924810276|0|50710.375|13.63900706059|100.85541946881|11542|-5177||50710.375|94.75||9400|92|50710.375|88006e|THA466|0|2103|-1218.75|||3|3|2|1|1|132|18|["132,18,5,3718"]|14:05:10:375
62|1.1|636136524974725267|0|50715.359375|13.64503129302|100.85146589864|11114|-4511||50715.359375|93.75||9312.5|91|50715.359375|88006e|THA466|0|2103|-1200|||3|3|2|1|1|132|18|["132,18,5,3718"]|14:05:15:359
62|1.1|636136525024660260|0|50720.359375|13.65057272855|100.84836526966|10778|-3898||50720.359375|91.75||9193.75|90|50720.359375|88006e|THA466|0|2103|-1218.75|||3|3|2|1|1|132|5|["132,18,5,3718"]|14:05:20:359
62|1.1|636136525074575251|0|50725.3359375|13.65635556253|100.8459190987|10513|-3258||50725.3359375|90.75||9081.25|88.75|50725.3359375|88006e|THA466|0|2103|-1337.5|||3|3|2|1|1|132|5|["132,18,5,3718"]|14:05:25:336
62|1.1|636136525124490242|0|50730.3359375|13.6632059141|100.84424540278|10332|-2500||50730.3359375|89.5||8943.75|87.5|50730.3359375|88006e|THA466|0|2103|-1437.5|||3|3|2|1|1|132|5|["132,18,5,3718"]|14:05:30:336
62|1.1|636136525174415234|0|50735.3359375|13.67090920686|100.84344610569|10245|-1648||50735.3359375|88.5||8793.75|86|50735.3359375|88006e|THA466|0|2103|-1518.75|||3|3|2|1|1|132|5|["132,18,5,3718"]|14:05:35:336
62|1.1|636136525224340226|0|50740.3203125|13.67844620291|100.84376797029|10279|-814||50740.3203125|87.5||8656.25|84.75|50740.3203125|88006e|THA466|0|2103|-1556.25|||3|3|2|1|1|132|18|["132,18,5,3718"]|14:05:40:320
62|1.1|636136525274265218|0|50745.3203125|13.68575252933|100.84498569136|10411|-6||50745.3203125|86.25||8537.5|83.25|50745.3203125|88006e|THA466|0|2103|-1575|||3|3|2|1|1|132|18|["132,18,5,3718"]|14:05:45:320
62|1.1|636136525327300521|0|50750.6171875|13.69238294009|100.84676667548|10603|728||50750.6171875|84||8393.75|82|50750.6171875|88006e|THA466|0|2103|-1593.75|||3|3|2|1|1|132|5|["132,18,5,3718"]|14:05:50:617
62|1.1|636136525377215512|0|50755.6171875|13.69865393538|100.84840818494|10780|1422||50755.6171875|83||8268.75|80.75|50755.6171875|88006e|THA466|0|2103|-1537.5|||3|3|2|1|1|132|5|["132,18,5,3718"]|14:05:55:617
62|1.1|636136525427160506|0|50760.6015625|13.70570277012|100.85018916906|10973|2202||50760.6015625|82||8137.5|79.5|50760.6015625|88006e|THA466|0|2103|-1493.75|||3|3|2|1|1|132|5|["132,18,5,3718"]|14:06:00:602
62|1.1|636136525477065496|0|50765.6015625|13.71274624045|100.85195942436|11164|2981||50765.6015625|81.25||8012.5|78.25|50765.6015625|88006e|THA466|0|2103|-1518.75|||3|3|2|1|1|132|18|["132,18,5,3718"]|14:06:05:602
62|1.1|636136525526980487|0|50770.578125|13.71887239667|100.85376723053|11359|3659||50770.578125|80||7925|77.25|50770.578125|88006e|THA466|0|2103|-1456.25|||3|3|2|1|1|132|18|["132,18,5,3718"]|14:06:10:578
62|1.1|636136525576905479|0|50775.578125|13.72644694359|100.85604174037|11605|4497||50775.578125|77.75||7768.75|76|50775.578125|88006e|THA466|0|2103|-1437.5|||3|3|2|1|1|132|5|["132,18,5,3718"]|14:06:15:578
62|1.1|636136525626820470|0|50780.578125|13.73209030291|100.85768861424|11783|5121||50780.578125|76.75||7668.75|74.75|50780.578125|88006e|THA466|0|2103|-1437.5|||3|3|2|1|1|132|5|["132,18,5,3718"]|14:06:20:578
62|1.1|636136525676745462|0|50785.5625|13.73904257827|100.8595983442|11989|5891||50785.5625|76||7556.25|73.5|50785.5625|88006e|THA466|0|2103|-1418.75|||3|3|2|1|1|132|5|["132,18,5,3718"]|14:06:25:563
62|1.1|636136525726670454|0|50790.5625|13.74537794648|100.86155635385|12200|6592||50790.5625|75||7462.5|72.5|50790.5625|88006e|THA466|0|2103|-1375|||3|3|2|1|1|132|5|["132,18,5,3718"]|14:06:30:563
62|1.1|636136525776595446|0|50795.5390625|13.7517186791|100.86341243971|12401|7293||50795.5390625|74.25||7362.5|71.5|50795.5390625|88006e|THA466|0|2103|-1318.75|||3|3|2|1|1|132|18|["132,18,5,3718"]|14:06:35:539
62|1.1|636136525826510437|0|50800.5390625|13.75890162409|100.86540800023|12616|8088||50800.5390625|73.25||7250|70.5|50800.5390625|88006e|THA466|0|2103|-1300|||3|3|2|1|1|132|18|["132,18,5,3718"]|14:06:40:539
62|1.1|636136525876435429|0|50805.5390625|13.76596118765|100.86751621336|12844|8869||50805.5390625|72||7187.5|70|50805.5390625|88006e|THA466|0|2103|-1100|||3|3|2|1|1|132|5|["132,18,5,3718"]|14:06:45:539
62|1.1|636136525926360421|0|50810.515625|13.77129341119|100.86918454487|13024|9459||50810.515625|71.5||7137.5|69.25|50810.515625|88006e|THA466|0|2103|-943.75|||3|3|2|1|1|132|5|["132,18,5,3718"]|14:06:50:516
62|1.1|636136525976275412|0|50815.515625|13.77772533878|100.87111036806|13232|10171||50815.515625|71.25||7100|69|50815.515625|88006e|THA466|0|2103|-706.25|||3|3|2|1|1|132|5|["132,18,5,3718"]|14:06:55:516
62|1.1|636136526026200404|0|50820.5|13.7840660714|100.87298254715|13434|10873||50820.5|71||7062.5|68.75|50820.5|88006e|THA466|0|2103|-612.5|||3|3|2|1|1|132|18|["132,18,5,3718"]|14:07:00:500
62|1.1|636136526076115395|0|50825.5|13.79124901639|100.87489227711|13640|11668||50825.5|70.75||7037.5|68.25|50825.5|88006e|THA466|0|2103|-531.25|||3|3|2|1|1|132|18|["132,18,5,3718"]|14:07:05:500
62|1.1|636136526126060389|0|50830.5|13.79793843566|100.87673226974|13838|12408||50830.5|70.25||7018.75|68.25|50830.5|88006e|THA466|0|2103|-431.25|||3|3|2|1|1|132|5|["132,18,5,3718"]|14:07:10:500
62|1.1|636136526175965379|0|50835.4765625|13.80417188008|100.8785347115|14033|13098||50835.4765625|69.75||6975|67.75|50835.4765625|88006e|THA466|0|2103|-431.25|||3|3|2|1|1|132|5|["132,18,5,3718"]|14:07:15:477
62|1.1|636136526225890371|0|50840.4765625|13.81028730748|100.88025668711|14219|13774||50840.4765625|69.5||6943.75|67.5|50840.4765625|88006e|THA466|0|2103|-431.25|||3|3|2|1|1|132|5|["132,18,5,3718"]|14:07:20:477
62|1.1|636136526275805362|0|50845.4609375|13.81546932754|100.88188746775|14395|14348||50845.4609375|69.25||6912.5|67.25|50845.4609375|88006e|THA466|0|2103|-393.75|||3|3|2|1|1|132|5|["132,18,5,3718"]|14:07:25:461
62|1.1|636136526325730354|0|50850.4609375|13.82101612748|100.88352897721|14572|14962||50850.4609375|68.75||6868.75|66.75|50850.4609375|88006e|THA466|0|2103|-450|||3|3|2|1|1|132|5|["132,18,5,3718"]|14:07:30:461
62|1.1|636136526375655346|0|50855.4609375|13.82659511388|100.88508465611|14740|15579||50855.4609375|68.25||6812.5|66.25|50855.4609375|88006e|THA466|0|2103|-512.5|||3|3|2|1|1|132|18|["132,18,5,3718"]|14:07:35:461
62|1.1|636136526425570337|0|50860.4375|13.8331504229|100.88656523327|14900|16304||50860.4375|67.5||6750|65.5|50860.4375|88006e|THA466|0|2103|-568.75|||3|3|2|1|1|132|5|["132,18,5,3718"]|14:07:40:438
62|1.1|636136526475495329|0|50865.4375|13.83847728203|100.88812627658|15068|16893||50865.4375|67||6693.75|65|50865.4375|88006e|THA466|0|2103|-631.25|||3|3|2|1|1|132|5|["132,18,5,3718"]|14:07:45:438
62|1.1|636136526525410320|0|50870.421875|13.84393825141|100.88964440461|15232|17498||50870.421875|66.5||6643.75|64.5|50870.421875|88006e|THA466|0|2103|-650|||3|3|2|1|1|132|5|["132,18,5,3718"]|14:07:50:422
62|1.1|636136526575335312|0|50875.421875|13.84947968694|100.89111961736|15391|18111||50875.421875|66||6581.25|63.75|50875.421875|88006e|THA466|0|2103|-650|||3|3|2|1|1|132|5|["132,18,5,3718"]|14:07:55:422
62|1.1|636136526625260304|0|50880.421875|13.85565412285|100.8926431098|15555|18794||50880.421875|65.5||6493.75|63.25|50880.421875|88006e|THA466|0|2103|-731.25|||3|3|2|1|1|132|18|["132,18,5,3718"]|14:08:00:422
62|1.1|636136526675175295|0|50885.3984375|13.86169981292|100.89415587342|15718|19463||50885.3984375|64.75||6418.75|62.25|50885.3984375|88006e|THA466|0|2103|-787.5|||3|3|2|1|1|132|18|["132,18,5,3718"]|14:08:05:398
62|1.1|636136526725100287|0|50890.3984375|13.86708031615|100.89564181499|15879|20059||50890.3984375|63.25||6331.25|61.25|50890.3984375|88006e|THA466|0|2103|-925|||3|3|2|1|1|132|5|["132,18,5,3718"]|14:08:10:398
62|1.1|636136526775025279|0|50895.375|13.87293288746|100.89716530743|16043|20706||50895.375|62.25||6218.75|60.25|50895.375|88006e|THA466|0|2103|-1043.75|||3|3|2|1|1|132|5|["132,18,5,3718"]|14:08:15:375
62|1.1|636136526824950271|0|50900.375|13.87802907696|100.89866197782|16204|21270||50900.375|61.5||6125|59.25|50900.375|88006e|THA466|0|2103|-1100|||3|3|2|1|1|132|5|["132,18,5,3718"]|14:08:20:375
62|1.1|636136526874865262|0|50905.375|13.88331302081|100.90010500411|16360|21855||50905.375|60.75||6037.5|58.25|50905.375|88006e|THA466|0|2103|-1100|||3|3|2|1|1|132|5|["132,18,5,3718"]|14:08:25:375
62|1.1|636136526924790254|0|50910.359375|13.88863451553|100.90154266599|16515|22444||50910.359375|60||5950|57.5|50910.359375|88006e|THA466|0|2103|-1100|||3|3|2|1|1|132|18|["132,18,5,3718"]|14:08:30:359
62|1.1|636136526974715246|0|50915.359375|13.89478212939|100.90301787874|16674|23124||50915.359375|59||5843.75|56.5|50915.359375|88006e|THA466|0|2103|-1162.5|||3|3|2|1|1|132|18|["132,18,5,3718"]|14:08:35:359
62|1.1|636136527024640238|0|50920.3359375|13.90080636182|100.90313589576|16686|23791||50920.3359375|57.5||5743.75|55.5|50920.3359375|88006e|THA466|0|2103|-1181.25|||3|3|2|1|1|132|5|["132,18,5,3718"]|14:08:40:336
62|1.1|636136527074555229|0|50925.3359375|13.90618150064|100.90235805631|16602|24385||50925.3359375|56.75||5656.25|54.5|50925.3359375|88006e|THA466|0|2103|-1143.75|||3|3|2|1|1|132|5|["132,18,5,3718"]|14:08:45:336
62|1.1|636136527124480221|0|50930.3359375|13.91219500425|100.90049124163|16400|25050||50930.3359375|55.75||5537.5|53.5|50930.3359375|88006e|THA466|0|2103|-1181.25|||3|3|2|1|1|132|5|["132,18,5,3718"]|14:08:50:336
62|1.1|636136527174405213|0|50935.3203125|13.91724827847|100.89787877396|16117|25609||50935.3203125|55||5437.5|52.25|50935.3203125|88006e|THA466|0|2103|-1200|||3|3|2|1|1|132|18|["132,18,5,3718"]|14:08:55:320
62|1.1|636136527224320204|0|50940.3203125|13.92163100144|100.89378572913|15674|26094||50940.3203125|53.75||5312.5|51.25|50940.3203125|88006e|THA466|0|2103|-1237.5|||3|3|2|1|1|132|18|["132,18,5,3718"]|14:09:00:320
62|1.1|636136527274245196|0|50945.296875|13.92506958825|100.88848569205|15101|26474||50945.296875|52||5193.75|50|50945.296875|88006e|THA466|0|2103|-1300|||3|3|2|1|1|132|5|["132,18,5,3718"]|14:09:05:297
62|1.1|636136527324170188|0|50950.296875|13.9277786153|100.88356116367|14569|26774||50950.296875|51.25||5112.5|49|50950.296875|88006e|THA466|0|2103|-1281.25|||3|3|2|1|1|132|5|["132,18,5,3718"]|14:09:10:297
62|1.1|636136527374085179|0|50955.296875|13.92997265899|100.87841133007|14012|27016||50955.296875|50.5||5037.5|48.25|50955.296875|88006e|THA466|0|2103|-1181.25|||3|3|2|1|1|132|5|["132,18,5,3718"]|14:09:15:297
62|1.1|636136527424010171|0|50960.28125|13.9318555669|100.87323467442|13453|27224||50960.28125|49.75||4956.25|47.5|50960.28125|88006e|THA466|0|2103|-1062.5|||3|3|2|1|1|132|5|["132,18,5,3718"]|14:09:20:281
62|1.1|636136527473945164|0|50965.28125|13.93364191543|100.86768787448|12853|27421||50965.28125|49||4862.5|46.75|50965.28125|88006e|THA466|0|2103|-1043.75|||3|3|2|1|1|132|5|["132,18,5,3718"]|14:09:25:281
62|1.1|636136527523850154|0|50970.2578125|13.93530488253|100.8625487697|12298|27605||50970.2578125|48.5||4787.5|46|50970.2578125|88006e|THA466|0|2103|-1025|||3|3|2|1|1|132|18|["132,18,5,3718"]|14:09:30:258
62|1.1|636136527573775146|0|50975.2578125|13.9366298918|100.85703415622|11702|27752||50975.2578125|47.25||4687.5|45|50975.2578125|88006e|THA466|0|2103|-1025|||3|3|2|1|1|132|5|["132,18,5,3718"]|14:09:35:258
62|1.1|636136527623710139|0|50980.2578125|13.93664062062|100.8520345261|11161|27752||50980.2578125|46.5||4625|44.25|50980.2578125|88006e|THA466|0|2103|-981.25|||3|3|2|1|1|132|5|["132,18,5,3718"]|14:09:40:258
62|1.1|636136527673615129|0|50985.2421875|13.93593788291|100.84701880275|10620|27674||50985.2421875|46||4568.75|43.75|50985.2421875|88006e|THA466|0|2103|-887.5|||3|3|2|1|1|132|5|["132,18,5,3718"]|14:09:45:242
62|1.1|636136527723550122|0|50990.2421875|13.93366873748|100.84185824033|10062|27423||50990.2421875|45.5||4500|43|50990.2421875|88006e|THA466|0|2103|-868.75|||3|3|2|1|1|132|18|["132,18,5,3718"]|14:09:50:242
62|1.1|636136527773465113|0|50995.21875|13.93054128645|100.83747015295|9588|27077||50995.21875|44.75||4418.75|42.25|50995.21875|88006e|THA466|0|2103|-868.75|||3|3|2|1|1|132|18|["132,18,5,3718"]|14:09:55:219
62|1.1|636136527823380104|0|51000.21875|13.92689348765|100.83407448142|9221|26673||51000.21875|43.5||4350|41.5|51000.21875|88006e|THA466|0|2103|-868.75|||3|3|2|1|1|132|5|["132,18,5,3718"]|14:10:00:219
62|1.1|636136527873305096|0|51005.21875|13.92398061302|100.83061443697|8847|26351||51005.21875|42.75||4275|40.75|51005.21875|88006e|THA466|0|2103|-868.75|||3|3|2|1|1|132|5|["132,18,5,3718"]|14:10:05:219
62|1.1|636136527923250090|0|51010.1953125|13.92097117901|100.82727240954|8486|26017||51010.1953125|41.75||4181.25|39.75|51010.1953125|88006e|THA466|0|2103|-962.5|||3|3|2|1|1|132|5|["132,18,5,3718"]|14:10:10:195
62|1.1|636136527973145079|0|51015.1953125|13.91757550748|100.82361388192|8091|25642||51015.1953125|41||4081.25|38.75|51015.1953125|88006e|THA466|0|2103|-1081.25|||3|3|2|1|1|132|5|["132,18,5,3718"]|14:10:15:195
62|1.1|636136528023070071|0|51020.1796875|13.91463044639|100.81992316784|7692|25316||51020.1796875|40||3968.75|37.75|51020.1796875|88006e|THA466|0|2103|-1125|||3|3|2|1|1|132|18|["132,18,5,3718"]|14:10:20:180
62|1.1|636136528072995063|0|51025.1796875|13.91168002089|100.81635047078|7306|24989||51025.1796875|39||3850|36.5|51025.1796875|88006e|THA466|0|2103|-1200|||3|3|2|1|1|132|18|["132,18,5,3718"]|14:10:25:180
62|1.1|636136528122920055|0|51030.1796875|13.90839163756|100.8123915362|6878|24625||51030.1796875|37.75||3706.25|35.25|51030.1796875|88006e|THA466|0|2103|-1375|||3|3|2|1|1|132|18|["132,18,5,3718"]|14:10:30:180
62|1.1|636136528172835046|0|51035.15625|13.90517299156|100.80853988982|6462|24269||51035.15625|37||3600|34|51035.15625|88006e|THA466|0|2103|-1356.25|||3|3|2|1|1|132|18|["132,18,5,3718"]|14:10:35:156
62|1.1|636136528222760038|0|51040.15625|13.90232985426|100.80468824344|6046|23955||51040.15625|36||3575|34|51040.15625|88006e|THA466|0|2103|-787.5|||3|3|2|1|1|132|5|["132,18,5,3718"]|14:10:40:156
62|1.1|636136528272675029|0|51045.140625|13.89941697963|100.80114773284|5663|23632||51045.140625|35.75||3543.75|33.5|51045.140625|88006e|THA466|0|2103|-531.25|||3|3|2|1|1|132|5|["132,18,5,3718"]|14:10:45:141
62|1.1|636136528322600021|0|51050.140625|13.89638072357|100.79740337466|5259|23296||51050.140625|35.5||3487.5|33.25|51050.140625|88006e|THA466|0|2103|-475|||3|3|2|1|1|132|18|["132,18,5,3718"]|14:10:50:141
62|1.1|636136528372515012|0|51055.140625|13.89306015378|100.79432956773|4927|22929||51055.140625|35||3468.75|32.75|51055.140625|88006e|THA466|0|2103|-475|||3|3|2|1|1|132|18|["132,18,5,3718"]|14:10:55:141
62|1.1|636136528422450005|0|51060.1171875|13.88927824473|100.79202823584|4678|22510||51060.1171875|34.75||3450|32.5|51060.1171875|88006e|THA466|0|2103|-450|||3|3|2|1|1|132|18|["132,18,5,3718"]|14:11:00:117
62|1.1|636136528472364996|0|51065.1171875|13.88456292834|100.78994684476|4453|21989||51065.1171875|34.5||3418.75|32.25|51065.1171875|88006e|THA466|0|2103|-412.5|||3|3|2|1|1|132|18|["132,18,5,3718"]|14:11:05:117
