62|1.1|636136523152583071|0|50532.7421875|13.9886646688|108.78769206966|869701|48121||50532.7421875|380||37731.25|380|50532.7421875|88001d|THA625|0|2900|0|||3|3|0|1|1|132|162|["132,162,5"]|14:02:12:742
62|1.1|636136523180675880|0|50535.9609375|13.98862175352|108.78023017535|868892|48089||50535.9609375|380||37368.75|380|50535.9609375|88001d|THA625|0|2900|0|||3|3|0|1|1|132|162|["132,162,5"]|14:02:15:961
62|1.1|636136523230610873|0|50540.9609375|14.0235333338|108.78107775213|868853|51970||50540.9609375|380||37400|380|50540.9609375|88001d|THA625|0|2900|0|||3|3|0|1|1|132|162|["132,162,5"]|14:02:20:961
62|1.1|636136523280525864|0|50545.9375|14.01124347049|108.7643246997|867082|50544||50545.9375|380||37362.5|380|50545.9375|88001d|THA625|0|2900|0|||3|3|0|1|1|132|162|["132,162,5"]|14:02:25:938
62|1.1|636136523330440855|0|50550.9375|14.00891531655|108.75200801434|865755|50241||50550.9375|380||37468.75|380|50550.9375|88001d|THA625|0|2900|0|||3|3|0|1|1|132|162|["132,162,5"]|14:02:30:938
62|1.1|636136523380355846|0|50555.9375|14.00878657071|108.74037260905|864493|50184||50555.9375|380||37543.75|380|50555.9375|88001d|THA625|0|2900|0|||3|3|0|1|1|132|162|["132,162,5"]|14:02:35:938
62|1.1|636136523430280838|0|50560.921875|14.009156715|108.7288659496|863244|50183||50560.921875|380||37593.75|380|50560.921875|88001d|THA625|0|2900|0|||3|3|0|1|1|132|162|["132,162,5"]|14:02:40:922
62|1.1|636136523480195829|0|50565.921875|14.00417317811|108.7155085687|861813|49582||50565.921875|380||37625|380|50565.921875|88001d|THA625|0|2900|0|||3|3|0|1|1|132|162|["132,162,5"]|14:02:45:922
62|1.1|636136523530120821|0|50570.8984375|14.00360455065|108.70357812086|860521|49475||50570.8984375|380||37668.75|380|50570.8984375|88001d|THA625|0|2900|0|||3|3|0|1|1|132|162|["132,162,5"]|14:02:50:898
62|1.1|636136523580045813|0|50575.8984375|14.00369574562|108.69187834265|859252|49443||50575.8984375|380||37693.75|380|50575.8984375|88001d|THA625|0|2900|0|||3|3|0|1|1|132|162|["132,162,5"]|14:02:55:898
62|1.1|636136523629960804|0|50580.8984375|14.00437166128|108.68055407314|858021|49478||50580.8984375|380||37687.5|380|50580.8984375|88001d|THA625|0|2900|0|||3|3|0|1|1|132|162|["132,162,5"]|14:03:00:898
62|1.1|636136523679905798|0|50585.875|14.00505830576|108.66925662568|856793|49513||50585.875|380||37681.25|380|50585.875|88001d|THA625|0|2900|0|||3|3|0|1|1|132|162|[]|14:03:05:875
62|1.1|636136523729810788|0|50590.875|14.00573422142|108.65791089853|855560|49547||50590.875|380||37681.25|380|50590.875|88001d|THA625|0|2900|0|||3|3|0|1|1|132|162|[]|14:03:10:875
62|1.1|636136523779735780|0|50595.859375|14.00446285625|108.6453420859|854202|49361||50595.859375|380||37743.75|380|50595.859375|88001d|THA625|0|2900|0|||3|3|0|1|1|132|162|["132,162,5"]|14:03:15:859
62|1.1|636136523829660772|0|50600.859375|14.00413562724|108.63351892626|852921|49282||50600.859375|380||37756.25|380|50600.859375|88001d|THA625|0|2900|0|||3|3|0|1|1|132|162|["132,162,5"]|14:03:20:859
62|1.1|636136523879575763|0|50605.859375|14.00357236419|108.62160993606|851631|49178||50605.859375|380||37775|380|50605.859375|88001d|THA625|0|2900|0|||3|3|0|1|1|132|162|["132,162,5"]|14:03:25:859
62|1.1|636136523929500755|0|50610.8359375|14.0042214578|108.61010327661|850381|49209||50610.8359375|380||37781.25|380|50610.8359375|88001d|THA625|0|2900|0|||3|3|0|1|1|132|162|["132,162,5"]|14:03:30:836
62|1.1|636136523979415746|0|50615.8359375|14.0041141696|108.59832839666|849104|49154||50615.8359375|380||37781.25|380|50615.8359375|88001d|THA625|0|2900|0|||3|3|0|1|1|132|162|["132,162,5"]|14:03:35:836
62|1.1|636136524029340738|0|50620.8203125|14.00441994097|108.58673054224|847845|49147||50620.8203125|380||37787.5|380|50620.8203125|88001d|THA625|0|2900|0|||3|3|0|1|1|132|162|["132,162,5"]|14:03:40:820
62|1.1|636136524079255729|0|50625.8203125|14.00488664464|108.57517023869|846590|49158||50625.8203125|380||37781.25|380|50625.8203125|88001d|THA625|0|2900|0|||3|3|0|1|1|132|162|["132,162,5"]|14:03:45:820
62|1.1|636136524129180721|0|50630.8203125|14.00527288216|108.56355629104|845329|49160||50630.8203125|380||37787.5|380|50630.8203125|88001d|THA625|0|2900|0|||3|3|0|1|1|132|162|["132,162,5"]|14:03:50:820
62|1.1|636136524179105713|0|50635.796875|14.00489737346|108.55172240258|844047|49076||50635.796875|380||37793.75|380|50635.796875|88001d|THA625|0|2900|0|||3|3|0|1|1|132|162|["132,162,5"]|14:03:55:797
62|1.1|636136524229020704|0|50640.796875|14.00476326321|108.5399314294|842769|49019||50640.796875|380||37793.75|380|50640.796875|88001d|THA625|0|2900|0|||3|3|0|1|1|132|162|["132,162,5"]|14:04:00:797
62|1.1|636136524278955697|0|50645.78125|14.00631894211|108.52882173629|841558|49153||50645.78125|380||37775|380|50645.78125|88001d|THA625|0|2900|0|||3|3|0|1|1|132|162|["132,162,5"]|14:04:05:781
62|1.1|636136524328870688|0|50650.78125|14.00653351851|108.51715414454|840292|49135||50650.78125|380||37775|380|50650.78125|88001d|THA625|0|2900|0|||3|3|0|1|1|132|162|["132,162,5"]|14:04:10:781
62|1.1|636136524378795680|0|50655.78125|14.00711287479|108.50562602745|839040|49159||50655.78125|380||37775|380|50655.78125|88001d|THA625|0|2900|0|||3|3|0|1|1|132|162|["132,162,5"]|14:04:15:781
62|1.1|636136524428730673|0|50660.7578125|14.00893677419|108.49459143608|837837|49323||50660.7578125|380||37750|380|50660.7578125|88001d|THA625|0|2900|0|||3|3|0|1|1|132|162|["132,162,5"]|14:04:20:758
62|1.1|636136524478635663|0|50665.7578125|14.01156533509|108.4837660567|836654|49577||50665.7578125|380||37725|380|50665.7578125|88001d|THA625|0|2900|0|||3|3|0|1|1|132|162|["132,162,5"]|14:04:25:758
62|1.1|636136524528560655|0|50670.7421875|14.01471424376|108.47311233844|835487|49889||50670.7421875|380||37706.25|380|50670.7421875|88001d|THA625|0|2900|0|||3|3|0|1|1|132|162|["132,162,5"]|14:04:30:742
62|1.1|636136524578475646|0|50675.7421875|14.01386130257|108.46121944147|834201|49753||50675.7421875|380||37731.25|380|50675.7421875|88001d|THA625|0|2900|0|||3|3|0|1|1|132|162|["132,162,5"]|14:04:35:742
62|1.1|636136524628400638|0|50680.7421875|14.01408124338|108.44956257854|832936|49736||50680.7421875|380||37750|380|50680.7421875|88001d|THA625|0|2900|0|||3|3|0|1|1|132|162|["132,162,5"]|14:04:40:742
62|1.1|636136524678315629|0|50685.71875|14.01475715904|108.43824903785|831707|49772||50685.71875|380||37756.25|380|50685.71875|88001d|THA625|0|2900|0|||3|3|0|1|1|132|162|["132,162,5"]|14:04:45:719
62|1.1|636136524728270624|0|50690.71875|14.01544380352|108.42689258188|830473|49809||50690.71875|380||37756.25|380|50690.71875|88001d|THA625|0|2900|0|||3|3|0|1|1|132|162|[]|14:04:50:719
62|1.1|636136524778165613|0|50695.6953125|14.0152184983|108.41480120174|829163|49742||50695.6953125|380||37800|380|50695.6953125|88001d|THA625|0|2900|0|||3|3|0|1|1|132|162|["132,162,5"]|14:04:55:695
62|1.1|636136524828080604|0|50700.6953125|14.01607143949|108.40339110167|827922|49797||50700.6953125|380||37787.5|380|50700.6953125|88001d|THA625|0|2900|0|||3|3|0|1|1|132|162|["132,162,5"]|14:05:00:695
62|1.1|636136524878005596|0|50705.6953125|14.01606607508|108.39162695054|826647|49755||50705.6953125|380||37800|380|50705.6953125|88001d|THA625|0|2900|0|||3|3|0|1|1|132|162|["132,162,5"]|14:05:05:695
62|1.1|636136524927930588|0|50710.6796875|14.01599097334|108.37989498587|825375|49706||50710.6796875|380||37818.75|380|50710.6796875|88001d|THA625|0|2900|0|||3|3|0|1|1|132|162|["132,162,5"]|14:05:10:680
62|1.1|636136524977845579|0|50715.6796875|14.01677954161|108.36842587729|824129|49754||50715.6796875|380||37812.5|380|50715.6796875|88001d|THA625|0|2900|0|||3|3|0|1|1|132|162|["132,162,5"]|14:05:15:680
62|1.1|636136525027770571|0|50720.65625|14.01764321162|108.35705332809|822893|49811||50720.65625|380||37800|380|50720.65625|88001d|THA625|0|2900|0|||3|3|0|1|1|132|162|["132,162,5"]|14:05:20:656
62|1.1|636136525077705564|0|50725.65625|14.01804017796|108.34545547367|821634|49815||50725.65625|380||37806.25|380|50725.65625|88001d|THA625|0|2900|0|||3|3|0|1|1|132|162|["132,162,5"]|14:05:25:656
62|1.1|636136525127610554|0|50730.65625|14.01936518723|108.33420094149|820409|49923||50730.65625|380||37787.5|380|50730.65625|88001d|THA625|0|2900|0|||3|3|0|1|1|132|162|["132,162,5"]|14:05:30:656
62|1.1|636136525177535546|0|50735.640625|14.01986407736|108.32268891763|819159|49939||50735.640625|380||37787.5|380|50735.640625|88001d|THA625|0|2900|0|||3|3|0|1|1|132|162|["132,162,5"]|14:05:35:641
62|1.1|636136525227460538|0|50740.640625|14.01982116208|108.31093013091|817884|49894||50740.640625|380||37806.25|380|50740.640625|88001d|THA625|0|2900|0|||3|3|0|1|1|132|162|["132,162,5"]|14:05:40:641
62|1.1|636136525277395531|0|50745.6171875|14.02001428084|108.2992839968|816621|49875||50745.6171875|380||37818.75|380|50745.6171875|88001d|THA625|0|2900|0|||3|3|0|1|1|132|162|["132,162,5"]|14:05:45:617
62|1.1|636136525327300521|0|50750.6171875|14.02014302668|108.287589583|815353|49850||50750.6171875|380||37825|380|50750.6171875|88001d|THA625|0|2900|0|||3|3|0|1|1|132|162|["132,162,5"]|14:05:50:617
62|1.1|636136525377225513|0|50755.6171875|14.02007865376|108.27580933864|814076|49802||50755.6171875|380||37837.5|380|50755.6171875|88001d|THA625|0|2900|0|||3|3|0|1|1|132|162|["132,162,5"]|14:05:55:617
62|1.1|636136525427170507|0|50760.6015625|14.02009474699|108.26411492484|812808|49764||50760.6015625|380||37850|380|50760.6015625|88001d|THA625|0|2900|0|||3|3|0|1|1|132|162|["132,162,5"]|14:06:00:602
62|1.1|636136525477075497|0|50765.6015625|14.02059363712|108.25254389247|811552|49780||50765.6015625|380||37843.75|380|50765.6015625|88001d|THA625|0|2900|0|||3|3|0|1|1|132|162|["132,162,5"]|14:06:05:602
62|1.1|636136525527000489|0|50770.578125|14.02066337445|108.24086020749|810285|49748||50770.578125|380||37856.25|380|50770.578125|88001d|THA625|0|2900|0|||3|3|0|1|1|132|162|["132,162,5"]|14:06:10:578
62|1.1|636136525576915480|0|50775.578125|14.02107106961|108.22924625984|809025|49754||50775.578125|380||37850|380|50775.578125|88001d|THA625|0|2900|0|||3|3|0|1|1|132|162|["132,162,5"]|14:06:15:578
62|1.1|636136525626830471|0|50780.578125|14.02114617135|108.21750893076|807752|49723||50780.578125|380||37862.5|380|50780.578125|88001d|THA625|0|2900|0|||3|3|0|1|1|132|162|["132,162,5"]|14:06:20:578
62|1.1|636136525676755463|0|50785.5625|14.01991235705|108.2052995336|806433|49544||50785.5625|380||37906.25|380|50785.5625|88001d|THA625|0|2900|0|||3|3|0|1|1|132|162|["132,162,5"]|14:06:25:563
62|1.1|636136525726680455|0|50790.5625|14.02028786575|108.19366412831|805170|49546||50790.5625|380||37906.25|380|50790.5625|88001d|THA625|0|2900|0|||3|3|0|1|1|132|163|["132,162,5"]|14:06:30:563
62|1.1|636136525776595446|0|50795.5390625|14.02089404408|108.18216283327|803921|49575||50795.5390625|380||37893.75|380|50795.5390625|88001d|THA625|0|2900|0|||3|3|0|1|1|132|162|["132,162,5"]|14:06:35:539
62|1.1|636136525826520438|0|50800.5390625|14.00079359981|108.16277049112|801888|47278||50800.5390625|380||38043.75|379.75|50800.5390625|88001d|THA625|0|2900|0|||3|3|0|1|1|132|162|["132,162,5"]|14:06:40:539
62|1.1|636136525876445430|0|50805.5390625|13.99988701452|108.15072202626|800585|47137||50805.5390625|380||38043.75|380|50805.5390625|88001d|THA625|0|2900|0|||3|3|0|1|1|132|162|["132,162,5"]|14:06:45:539
62|1.1|636136525926360421|0|50810.515625|13.99996211626|108.13985909601|799408|47109||50810.515625|380||37981.25|380|50810.515625|88001d|THA625|0|2900|0|||3|3|0|1|1|132|162|["132,162,5"]|14:06:50:516
62|1.1|636136525976285413|0|50815.515625|14.00036981142|108.12905517427|798235|47118||50815.515625|380||37975|380|50815.515625|88001d|THA625|0|2900|0|||3|3|0|1|1|132|162|["132,162,5"]|14:06:55:516
62|1.1|636136526026200404|0|50820.5|14.00097062534|108.11773626917|797006|47147||50820.5|380||37981.25|380|50820.5|88001d|THA625|0|2900|0|||3|3|0|1|1|132|162|["132,162,5"]|14:07:00:500
62|1.1|636136526076145398|0|50825.5|14.00179138007|108.10621351649|795754|47199||50825.5|380||37987.5|380|50825.5|88001d|THA625|0|2900|0|||3|3|0|1|1|132|162|["132,162,5"]|14:07:05:500
62|1.1|636136526126060389|0|50830.5|14.00246193132|108.09318872901|794340|47230||50830.5|380||38037.5|380|50830.5|88001d|THA625|0|2900|0|||3|3|0|1|1|132|162|["132,162,5"]|14:07:10:500
62|1.1|636136526175975380|0|50835.4765625|14.00295545704|108.08158551018|793080|47246||50835.4765625|380||38068.75|380|50835.4765625|88001d|THA625|0|2900|0|||3|3|0|1|1|132|162|["132,162,5"]|14:07:15:477
62|1.1|636136526225890371|0|50840.4765625|14.0034167963|108.06984281669|791806|47259||50840.4765625|380||38100|380|50840.4765625|88001d|THA625|0|2900|0|||3|3|0|1|1|132|162|["132,162,5"]|14:07:20:477
62|1.1|636136526275815363|0|50845.4609375|14.00379766941|108.05838443693|790562|47263||50845.4609375|380||38143.75|380.25|50845.4609375|88001d|THA625|0|2900|0|||3|3|0|1|1|132|162|["132,162,5"]|14:07:25:461
62|1.1|636136526325750356|0|50850.4609375|14.00424827985|108.04673830282|789298|47275||50850.4609375|380||38168.75|380|50850.4609375|88001d|THA625|0|2900|0|||3|3|0|1|1|132|162|["132,162,5"]|14:07:30:461
62|1.1|636136526375705351|0|50855.4609375|14.00461305973|108.03511362635|788037|47277||50855.4609375|380||38187.5|380|50855.4609375|88001d|THA625|0|2900|0|||3|3|0|1|1|132|162|["132,162,5"]|14:07:35:461
62|1.1|636136526425580338|0|50860.4375|14.00513877191|108.02341921255|786768|47296||50860.4375|380||38168.75|380|50860.4375|88001d|THA625|0|2900|0|||3|3|0|1|1|132|163|["132,162,5"]|14:07:40:438
62|1.1|636136526475505330|0|50865.4375|14.00573422142|108.0115370444|785478|47323||50865.4375|380||38106.25|380|50865.4375|88001d|THA625|0|2900|0|||3|3|0|1|1|132|163|["132,162,5"]|14:07:45:438
62|1.1|636136526525420321|0|50870.421875|14.00496174638|108.00077603794|784314|47202||50870.421875|380||37993.75|380|50870.421875|88001d|THA625|0|2900|0|||3|3|0|1|1|132|162|["132,162,5"]|14:07:50:422
62|1.1|636136526575345313|0|50875.421875|14.00538017036|107.98914599706|783052|47210||50875.421875|380||37975|380|50875.421875|88001d|THA625|0|2900|0|||3|3|0|1|1|132|162|["132,162,5"]|14:07:55:422
62|1.1|636136526625270305|0|50880.421875|14.00575567906|107.97722091363|781758|47213||50880.421875|380||37956.25|380|50880.421875|88001d|THA625|0|2900|0|||3|3|0|1|1|132|162|["132,162,5"]|14:08:00:422
62|1.1|636136526675185296|0|50885.3984375|14.00629212006|107.96542457604|780478|47234||50885.3984375|380||37925|380|50885.3984375|88001d|THA625|0|2900|0|||3|3|0|1|1|132|163|["132,162,5"]|14:08:05:398
62|1.1|636136526725120289|0|50890.3984375|14.0065817982|107.95368188255|779204|47227||50890.3984375|380||37887.5|380|50890.3984375|88001d|THA625|0|2900|0|||3|3|0|1|1|132|162|["132,162,5"]|14:08:10:398
62|1.1|636136526775035280|0|50895.375|14.00426437308|107.94095750203|777833|46929||50895.375|380||38018.75|380|50895.375|88001d|THA625|0|2900|0|||3|3|0|1|1|132|162|["132,162,5"]|14:08:15:375
62|1.1|636136526824960272|0|50900.375|14.00424291544|107.92922017295|776560|46888||50900.375|380||38031.25|380|50900.375|88001d|THA625|0|2900|0|||3|3|0|1|1|132|162|["132,162,5"]|14:08:20:375
62|1.1|636136526874875263|0|50905.375|14.00317003344|107.91852353941|775405|46734||50905.375|380||37968.75|380|50905.375|88001d|THA625|0|2900|0|||3|3|0|1|1|132|162|["132,162,5"]|14:08:25:375
62|1.1|636136526924800255|0|50910.359375|14.00263359244|107.9073065581|774191|46638||50910.359375|380||37968.75|380|50910.359375|88001d|THA625|0|2900|0|||3|3|0|1|1|132|162|["132,162,5"]|14:08:30:359
62|1.1|636136526974725247|0|50915.359375|14.00204887175|107.89588572921|772955|46537||50915.359375|380||37975|380|50915.359375|88001d|THA625|0|2900|0|||3|3|0|1|1|132|162|["132,162,5"]|14:08:35:359
62|1.1|636136527024660240|0|50920.3359375|14.00179674448|107.88431469684|771702|46471||50920.3359375|380||37968.75|380|50920.3359375|88001d|THA625|0|2900|0|||3|3|0|1|1|132|162|["132,162,5"]|14:08:40:336
62|1.1|636136527074565230|0|50925.3359375|14.00149633752|107.8727061136|770445|46400||50925.3359375|380||37962.5|380|50925.3359375|88001d|THA625|0|2900|0|||3|3|0|1|1|132|163|["132,162,5"]|14:08:45:336
62|1.1|636136527124490222|0|50930.3359375|14.00131394758|107.86103852185|769181|46342||50930.3359375|380||37956.25|380|50930.3359375|88001d|THA625|0|2900|0|||3|3|0|1|1|132|163|["132,162,5"]|14:08:50:336
62|1.1|636136527174405213|0|50935.3203125|14.00107254913|107.84933337923|767913|46278||50935.3203125|380||37956.25|380|50935.3203125|88001d|THA625|0|2900|0|||3|3|0|1|1|132|162|["132,162,5"]|14:08:55:320
62|1.1|636136527224330205|0|50940.3203125|14.00089015919|107.83759068574|766641|46220||50940.3203125|380||37968.75|380|50940.3203125|88001d|THA625|0|2900|0|||3|3|0|1|1|132|162|["132,162,5"]|14:09:00:320
62|1.1|636136527274245196|0|50945.296875|14.00081505745|107.82586408548|765370|46174||50945.296875|380||37962.5|380|50945.296875|88001d|THA625|0|2900|0|||3|3|0|1|1|132|162|["132,162,5"]|14:09:05:297
62|1.1|636136527324170188|0|50950.296875|14.00090625242|107.81414284963|764100|46146||50950.296875|380||37931.25|380|50950.296875|88001d|THA625|0|2900|0|||3|3|0|1|1|132|162|["132,162,5"]|14:09:10:297
62|1.1|636136527374095180|0|50955.296875|14.00116910851|107.80243770701|762830|46138||50955.296875|380||37881.25|380|50955.296875|88001d|THA625|0|2900|0|||3|3|0|1|1|132|162|["132,162,5"]|14:09:15:297
62|1.1|636136527424030173|0|50960.28125|14.00138904932|107.79078620849|761567|46125||50960.28125|380||37856.25|380|50960.28125|88001d|THA625|0|2900|0|||3|3|0|1|1|132|162|["132,162,5"]|14:09:20:281
62|1.1|636136527473945164|0|50965.28125|14.001646541|107.77925272699|760317|46117||50965.28125|380||37818.75|380|50965.28125|88001d|THA625|0|2900|0|||3|3|0|1|1|132|162|["132,162,5"]|14:09:25:281
62|1.1|636136527523860155|0|50970.2578125|14.00208105821|107.76784799133|759079|46129||50970.2578125|380||37787.5|380|50970.2578125|88001d|THA625|0|2900|0|||3|3|0|1|1|132|162|["132,162,5"]|14:09:30:258
62|1.1|636136527573775146|0|50975.2578125|14.00205960057|107.75629305219|757827|46090||50975.2578125|380||37781.25|380|50975.2578125|88001d|THA625|0|2900|0|||3|3|0|1|1|132|162|["132,162,5"]|14:09:35:258
62|1.1|636136527623710139|0|50980.2578125|14.00253166865|107.74493123181|756594|46106||50980.2578125|380||37756.25|380|50980.2578125|88001d|THA625|0|2900|0|||3|3|0|1|1|132|163|["132,162,5"]|14:09:40:258
62|1.1|636136527673635131|0|50985.2421875|14.00247266014|107.73346748764|755352|46064||50985.2421875|380||37756.25|380|50985.2421875|88001d|THA625|0|2900|0|||3|3|0|1|1|132|163|["132,162,5"]|14:09:45:242
62|1.1|636136527723560123|0|50990.2421875|13.99629285982|107.72095231911|754016|45338||50990.2421875|380||37968.75|380|50990.2421875|88001d|THA625|0|2900|0|||3|3|0|1|1|132|162|["132,162,5"]|14:09:50:242
62|1.1|636136527773465113|0|50995.21875|13.99594953758|107.70928472736|752753|45263||50995.21875|380||37975|380|50995.21875|88001d|THA625|0|2900|0|||3|3|0|1|1|132|162|["132,162,5"]|14:09:55:219
62|1.1|636136527823390105|0|51000.21875|13.99493566409|107.69783707642|751515|45114||51000.21875|380||37981.25|380|51000.21875|88001d|THA625|0|2900|0|||3|3|0|1|1|132|162|["132,162,5"]|14:10:00:219
62|1.1|636136527873325098|0|51005.21875|13.99403980762|107.68547747578|750179|44976||51005.21875|380||38031.25|380|51005.21875|88001d|THA625|0|2900|0|||3|3|0|1|1|132|162|["132,162,5"]|14:10:05:219
62|1.1|636136527923250090|0|51010.1953125|13.99365893451|107.6738474349|748919|44897||51010.1953125|380||38062.5|380|51010.1953125|88001d|THA625|0|2900|0|||3|3|0|1|1|132|162|["132,162,5"]|14:10:10:195
62|1.1|636136527973145079|0|51015.1953125|13.99283817978|107.66175605476|747612|44768||51015.1953125|380||37987.5|380|51015.1953125|88001d|THA625|0|2900|0|||3|3|0|1|1|132|163|["132,162,5"]|14:10:15:195
62|1.1|636136528023070071|0|51020.1796875|13.99233392524|107.65159049781|746512|44680||51020.1796875|380||37987.5|380|51020.1796875|88001d|THA625|0|2900|0|||3|3|0|1|1|132|162|["132,162,5"]|14:10:20:180
62|1.1|636136528072995063|0|51025.1796875|13.99175993337|107.63918261748|745169|44578||51025.1796875|380||38006.25|380|51025.1796875|88001d|THA625|0|2900|0|||3|3|0|1|1|132|162|["132,162,5"]|14:10:25:180
62|1.1|636136528122920055|0|51030.1796875|13.99128250088|107.6268552033|743835|44486||51030.1796875|380||38031.25|380|51030.1796875|88001d|THA625|0|2900|0|||3|3|0|1|1|132|162|["132,162,5"]|14:10:30:180
62|1.1|636136528172835046|0|51035.15625|13.99077288193|107.61480673844|742531|44393||51035.15625|380||38031.25|380|51035.15625|88001d|THA625|0|2900|0|||3|3|0|1|1|132|162|["132,162,5"]|14:10:35:156
62|1.1|636136528222760038|0|51040.15625|13.99035982236|107.60442124068|741407|44314||51040.15625|380||37987.5|380|51040.15625|88001d|THA625|0|2900|0|||3|3|0|1|1|132|162|["132,162,5"]|14:10:40:156
62|1.1|636136528272685030|0|51045.140625|13.98988775428|107.59219038588|740083|44224||51045.140625|380||38006.25|380|51045.140625|88001d|THA625|0|2900|0|||3|3|0|1|1|132|162|["132,162,5","132,178,4"]|14:10:45:141
62|1.1|636136528322610022|0|51050.140625|13.98946396589|107.58011509897|738776|44140||51050.140625|380||38018.75|380|51050.140625|88001d|THA625|0|2900|0|||3|3|0|1|1|132|162|["132,178,4,1976","132,162,5"]|14:10:50:141
62|1.1|636136528372525013|0|51055.140625|13.98902408427|107.5691341517|737587|44057||51055.140625|380||37993.75|380|51055.140625|88001d|THA625|0|2900|0|||3|3|0|1|1|132|162|["132,178,4,1976","132,162,5"]|14:10:55:141
62|1.1|636136528422460006|0|51060.1171875|13.98856810942|107.55763822107|736343|43971||51060.1171875|380||37993.75|380|51060.1171875|88001d|THA625|0|2900|0|||3|3|0|1|1|132|162|["132,178,5,1976","132,162,5"]|14:11:00:117
62|1.1|636136528472364996|0|51065.1171875|13.98819260072|107.54600281578|735084|43893||51065.1171875|380||37975|380|51065.1171875|88001d|THA625|0|2900|0|||3|3|0|1|1|132|162|["132,178,5,1976","132,162,5"]|14:11:05:117
