62|1.1|636136510344862427|0|49252.3984375|11.21157398472|100.63667492224|-12245|-273757||49252.3984375|351||35118.75|348.75|49252.3984375|880450|AIQ3112|0|2660|868.75|||3|3|1|1|1|132|83|["132,18,5,3642","132,210,2,2142","132,82,5"]|13:40:52:398
62|1.1|636136510394787419|0|49257.375|11.20150498715|100.63654081199|-12260|-274871||49257.375|351.75||35193.75|349.75|49257.375|880450|AIQ3112|0|2660|962.5|||3|3|1|1|1|132|83|["132,18,5,3642","132,210,2,2142","132,82,5"]|13:40:57:375
62|1.1|636136510444702410|0|49262.375|11.19061523485|100.63640670174|-12276|-276077||49262.375|352.25||35275|350.5|49262.375|880450|AIQ3112|0|2660|962.5|||3|3|1|1|1|132|18|["132,18,5,3642","132,210,2,2142","132,82,5"]|13:41:02:375
62|1.1|636136510494627402|0|49267.375|11.17892618546|100.63623504062|-12295|-277370||49267.375|353.5||35375|351.5|49267.375|880450|AIQ3112|0|2660|1043.75|||3|3|1|1|1|132|5|["132,18,5,3642","132,210,2,2142","132,82,5"]|13:41:07:375
62|1.1|636136510544552394|0|49272.359375|11.16899129814|100.63609020155|-12311|-278470||49272.359375|354||35462.5|352.5|49272.359375|880450|AIQ3112|0|2660|1043.75|||3|3|1|1|1|132|50|["132,18,5,3642","132,210,2,2142","132,82,5","132,50,4"]|13:41:12:359
62|1.1|636136510594477386|0|49277.359375|11.1573827149|100.63593999807|-12328|-279754||49277.359375|355.25||35562.5|353.25|49277.359375|880450|AIQ3112|0|2660|1062.5|||3|3|1|1|1|132|50|["132,18,5,3642","132,210,2,2142","132,82,5","132,50,5"]|13:41:17:359
62|1.1|636136510644392377|0|49282.3359375|11.14621937769|100.63581125223|-12343|-280990||49282.3359375|356||35643.75|354.25|49282.3359375|880450|AIQ3112|0|2660|1025|||3|3|1|1|1|132|50|["132,18,5,3642","132,210,2,2142","132,82,5","132,50,5"]|13:41:22:336
62|1.1|636136510694317369|0|49287.3359375|11.13530816775|100.63562349788|-12363|-282197||49287.3359375|356.5||35731.25|354.5|49287.3359375|880450|AIQ3112|0|2660|825|||3|3|1|1|1|132|50|["132,18,5,3642","132,210,2,2142","132,82,5","132,50,5"]|13:41:27:336
62|1.1|636136510744242361|0|49292.3359375|11.1245525257|100.63551620968|-12376|-283388||49292.3359375|357||35756.25|354.75|49292.3359375|880450|AIQ3112|0|2660|731.25|||3|3|1|1|1|132|50|["132,18,5,3642","132,210,2,2142","132,82,5","132,50,5"]|13:41:32:336
62|1.1|636136510794157352|0|49297.3203125|11.11373251073|100.63539819266|-12389|-284585||49297.3203125|357.5||35800|355.5|49297.3203125|880450|AIQ3112|0|2660|668.75|||3|3|1|1|1|132|50|["132,18,5,3642","132,210,2,2142","132,82,5","132,50,5"]|13:41:37:320
62|1.1|636136510844082344|0|49302.3203125|11.10292858899|100.63523189595|-12408|-285781||49302.3203125|358||35856.25|355.75|49302.3203125|880450|AIQ3112|0|2660|668.75|||3|3|1|1|1|132|50|["132,18,5,3642","132,210,2,2142","132,82,5","132,50,5"]|13:41:42:320
62|1.1|636136510894007336|0|49307.296875|11.09293469316|100.63514606539|-12418|-286887||49307.296875|359||35918.75|356.5|49307.296875|880450|AIQ3112|0|2660|750|||3|3|1|1|1|132|5|["132,18,5,3642","132,210,2,2142","132,82,5","132,50,5"]|13:41:47:297
62|1.1|636136510943922327|0|49312.296875|11.08260820391|100.63506023483|-12428|-288030||49312.296875|359.5||35975|357.5|49312.296875|880450|AIQ3112|0|2660|731.25|||3|3|1|1|1|132|5|["132,18,5,3642","132,210,2,2142","132,82,5","132,50,5"]|13:41:52:297
62|1.1|636136510993847319|0|49317.296875|11.07195448565|100.63489393812|-12446|-289209||49317.296875|360||36037.5|357.75|49317.296875|880450|AIQ3112|0|2660|731.25|||3|3|1|1|1|132|83|["132,18,5,3642","132,210,2,2142","132,82,5","132,50,5"]|13:41:57:297
62|1.1|636136511043762310|0|49322.28125|11.06056584322|100.63481883638|-12455|-290469||49322.28125|360.75||36100|358.5|49322.28125|880450|AIQ3112|0|2660|731.25|||3|3|1|1|1|132|5|["132,18,5,3642","132,210,2,2142","132,82,5","132,50,5"]|13:42:02:281
62|1.1|636136511093687302|0|49327.28125|11.05027154043|100.634722277|-12466|-291608||49327.28125|361.5||36193.75|359.5|49327.28125|880450|AIQ3112|0|2660|825|||3|3|1|1|1|132|18|["132,18,5,3642","132,210,2,2142","132,82,5","132,50,5"]|13:42:07:281
62|1.1|636136511143622295|0|49332.2578125|11.038882898|100.63464181085|-12475|-292869||49332.2578125|363||36293.75|360.5|49332.2578125|880450|AIQ3112|0|2660|1006.25|||3|3|1|1|1|132|83|["132,18,5,3642","132,210,2,2142","132,82,5","132,50,5"]|13:42:12:258
62|1.1|636136511193537286|0|49337.2578125|11.02791267955|100.63453452265|-12488|-294083||49337.2578125|363.25||36381.25|361.5|49337.2578125|880450|AIQ3112|0|2660|1043.75|||3|3|1|1|1|132|18|["132,18,5,3642","132,210,2,2142","132,82,5","132,50,5"]|13:42:17:258
62|1.1|636136511243452277|0|49342.2578125|11.01687808818|100.63439504799|-12503|-295304||49342.2578125|364||36468.75|361.5|49342.2578125|880450|AIQ3112|0|2660|1043.75|||3|3|1|1|1|132|18|["132,18,5,3642","132,210,2,2142","132,82,5","132,50,5"]|13:42:22:258
62|1.1|636136511293377269|0|49347.2421875|11.00609025967|100.63426630215|-12518|-296498||49347.2421875|364.75||36550|362.75|49347.2421875|880450|AIQ3112|0|2660|925|||3|3|1|1|1|132|18|["132,18,5,3642","132,210,2,2142","132,82,5","132,50,5"]|13:42:27:242
62|1.1|636136511343292260|0|49352.2421875|10.99506639712|100.63409464103|-12537|-297718||49352.2421875|365.75||36618.75|363.5|49352.2421875|880450|AIQ3112|0|2660|887.5|||3|3|1|1|1|132|18|["132,18,5,3642","132,210,2,2142","132,82,5","132,50,5"]|13:42:32:242
62|1.1|636136511393217252|0|49357.21875|10.98522270477|100.63401417488|-12547|-298808||49357.21875|367||36725|364.5|49357.21875|880450|AIQ3112|0|2660|981.25|||3|3|1|1|1|132|50|["132,18,5,3642","132,210,2,2142","132,82,5","132,50,5"]|13:42:37:219
62|1.1|636136511443142244|0|49362.21875|10.97422566427|100.63384787817|-12565|-300025||49362.21875|367.75||36806.25|365.5|49362.21875|880450|AIQ3112|0|2660|1006.25|||3|3|1|1|1|132|50|["132,18,5,3642","132,210,2,2142","132,82,5","132,50,5"]|13:42:42:219
62|1.1|636136511493067236|0|49367.21875|10.9632983611|100.63369231028|-12583|-301234||49367.21875|368.5||36881.25|366.5|49367.21875|880450|AIQ3112|0|2660|1006.25|||3|3|1|1|1|132|50|["132,18,5,3642","132,210,2,2142","132,82,5","132,50,5"]|13:42:47:219
62|1.1|636136511542982227|0|49372.1953125|10.95241933762|100.63357429326|-12596|-302438||49372.1953125|369||36950|366.5|49372.1953125|880450|AIQ3112|0|2660|312.5|||3|3|1|1|1|132|50|["132,18,5,3642","132,210,2,2142","132,82,5","132,50,5"]|13:42:52:195
62|1.1|636136511592897218|0|49377.1953125|10.9415725006|100.63341872537|-12614|-303639||49377.1953125|369.5||37012.5|367|49377.1953125|880450|AIQ3112|0|2660|0|||3|3|0|1|1|132|50|["132,18,5,3642","132,210,2,2142","132,82,5","132,50,5"]|13:42:57:195
62|1.1|636136511642832211|0|49382.1796875|10.93075248563|100.63320951338|-12637|-304836||49382.1796875|370||37068.75|367.5|49382.1796875|880450|AIQ3112|0|2660|0|||3|3|0|1|1|132|50|["132,18,5,3642","132,210,2,2142","132,82,5","132,50,5"]|13:43:02:180
62|1.1|636136511692747202|0|49387.1796875|10.91994856389|100.63304321667|-12656|-306032||49387.1796875|370||37131.25|367.5|49387.1796875|880450|AIQ3112|0|2660|0|||3|3|0|1|1|132|18|["132,18,5,3642","132,210,2,2142","132,82,5","132,50,5"]|13:43:07:180
62|1.1|636136511742662193|0|49392.1796875|10.90913927774|100.63269989443|-12694|-307228||49392.1796875|370||37175|367.5|49392.1796875|880450|AIQ3112|0|2660|0|||3|3|0|1|1|132|18|["132,18,5,3642","132,210,2,2142","132,82,5","132,50,5"]|13:43:12:180
62|1.1|636136511792587185|0|49397.15625|10.89837827128|100.63216345343|-12753|-308419||49397.15625|370||37181.25|367.5|49397.15625|880450|AIQ3112|0|2660|0|||3|3|0|1|1|132|18|["132,18,5,3642","132,210,2,2142","132,82,5","132,50,5"]|13:43:17:156
62|1.1|636136511842502176|0|49402.15625|10.88767627333|100.63186841088|-12786|-309604||49402.15625|370||37175|367.5|49402.15625|880450|AIQ3112|0|2660|0|||3|3|0|1|1|132|18|["132,18,5,3642","132,210,2,2142","132,82,5","132,50,5"]|13:43:22:156
62|1.1|636136511892427168|0|49407.140625|10.87700646184|100.63114957994|-12865|-310785||49407.140625|370||37175|367.5|49407.140625|880450|AIQ3112|0|2660|0|||3|3|0|1|1|132|18|["132,18,5,3642","132,210,2,2142","132,82,5","132,50,5"]|13:43:27:141
62|1.1|636136511942362161|0|49412.140625|10.8660952519|100.63141243603|-12837|-311992||49412.140625|370||37175|367.25|49412.140625|880450|AIQ3112|0|2660|0|||3|3|0|1|1|132|18|["132,18,5,3642","132,210,2,2142","132,82,5","132,50,5"]|13:43:32:141
62|1.1|636136511992277152|0|49417.140625|10.85550590656|100.6311817664|-12863|-313165||49417.140625|370||37193.75|368.5|49417.140625|880450|AIQ3112|0|2660|0|||3|3|0|1|1|132|50|["132,18,5,3642","132,210,2,2142","132,82,5","132,50,5"]|13:43:37:141
62|1.1|636136512042202144|0|49422.1171875|10.8447985442|100.63065068981|-12921|-314349||49422.1171875|370||37162.5|368.5|49422.1171875|880450|AIQ3112|0|2660|0|||3|3|0|1|1|132|18|["132,18,5,3642","132,210,2,2142","132,82,5","132,50,5"]|13:43:42:117
62|1.1|636136512092117135|0|49427.1171875|10.8340160801|100.63039856254|-12949|-315543||49427.1171875|370||37137.5|368.5|49427.1171875|880450|AIQ3112|0|2660|0|||3|3|0|1|1|132|83|["132,18,5,3642","132,210,2,2142","132,82,5","132,50,5"]|13:43:47:117
62|1.1|636136512142042127|0|49432.1015625|10.82331944656|100.62999623179|-12994|-316727||49432.1015625|370||37125|368.5|49432.1015625|880450|AIQ3112|0|2660|0|||3|3|0|1|1|132|5|["132,18,5,3642","132,210,2,2142","132,82,5","132,50,5"]|13:43:52:102
62|1.1|636136512191967119|0|49437.1015625|10.81260135538|100.62960999427|-13037|-317913||49437.1015625|370||37125|368.5|49437.1015625|880450|AIQ3112|0|2660|0|||3|3|0|1|1|132|18|["132,18,5,3642","132,210,2,2142","132,82,5","132,50,5"]|13:43:57:102
62|1.1|636136512241882110|0|49442.1015625|10.80182425569|100.62943296874|-13057|-319106||49442.1015625|370||37093.75|368.5|49442.1015625|880450|AIQ3112|0|2660|0|||3|3|0|1|1|132|50|["132,18,5,3642","132,210,2,2142","132,82,5","132,50,5"]|13:44:02:102
62|1.1|636136512291807102|0|49447.078125|10.79109007128|100.62940078228|-13060|-320294||49447.078125|370||37093.75|368.5|49447.078125|880450|AIQ3112|0|2660|0|||3|3|0|1|1|132|50|["132,18,5,3642","132,210,2,2142","132,82,5","132,50,5"]|13:44:07:078
62|1.1|636136512341722093|0|49452.078125|10.78030224277|100.62945979079|-13055|-321488||49452.078125|370||37093.75|368.5|49452.078125|880450|AIQ3112|0|2660|0|||3|3|0|1|1|132|50|["132,18,5,3642","132,210,2,2142","132,82,5","132,50,5"]|13:44:12:078
62|1.1|636136512391647085|0|49457.0625|10.76957342277|100.6294651552|-13055|-322676||49457.0625|370||37093.75|368.5|49457.0625|880450|AIQ3112|0|2660|0|||3|3|0|1|1|132|50|["132,18,5,3642","132,210,2,2142","132,82,5","132,50,5"]|13:44:17:063
62|1.1|636136512441572077|0|49462.0625|10.75977801011|100.63051121515|-12941|-323760||49462.0625|370||37012.5|368.5|49462.0625|880450|AIQ3112|0|2660|0|||3|3|0|1|1|132|50|["132,18,5,3642","132,210,2,2142","132,82,5","132,50,5"]|13:44:22:063
62|1.1|636136512491497069|0|49467.0625|10.74967682608|100.63082235093|-12907|-324878||49467.0625|370||37006.25|368.5|49467.0625|880450|AIQ3112|0|2660|0|||3|3|0|1|1|132|18|["132,18,5,3642","132,210,2,2142","132,82,5","132,50,5"]|13:44:27:063
62|1.1|636136512541412060|0|49472.0390625|10.73845984477|100.63113885112|-12873|-326119||49472.0390625|370||36993.75|368.5|49472.0390625|880450|AIQ3112|0|2660|0|||3|3|0|1|1|132|50|["132,18,5,3642","132,210,2,2142","132,82,5","132,50,5"]|13:44:32:039
62|1.1|636136512591337052|0|49477.0390625|10.72825673695|100.63109593584|-12878|-327249||49477.0390625|370||37000|368.5|49477.0390625|880450|AIQ3112|0|2660|0|||3|3|0|1|1|132|83|["132,18,5,3642","132,210,2,2142","132,82,5","132,50,5"]|13:44:37:039
62|1.1|636136512641262044|0|49482.015625|10.71767812043|100.63111202907|-12877|-328420||49482.015625|370||37000|368.5|49482.015625|880450|AIQ3112|0|2660|0|||3|3|0|1|1|132|18|["132,18,5,3642","132,210,2,2142","132,82,5","132,50,5"]|13:44:42:016
62|1.1|636136512691177035|0|49487.015625|10.70687419869|100.63106374938|-12883|-329616||49487.015625|370||37006.25|368.5|49487.015625|880450|AIQ3112|0|2660|0|||3|3|0|1|1|132|18|["132,18,5,3642","132,210,2,2142","132,82,5","132,50,5"]|13:44:47:016
62|1.1|636136512741102027|0|49492.015625|10.69562503092|100.63094573236|-12896|-330861||49492.015625|370||37000|368.5|49492.015625|880450|AIQ3112|0|2660|0|||3|3|0|1|1|132|18|["132,18,5,3642","132,210,2,2142","132,82,5","132,50,5"]|13:44:52:016
62|1.1|636136512791027019|0|49497|10.68543801633|100.63066678304|-12927|-331988||49497|370||37000|368.5|49497|880450|AIQ3112|0|2660|0|||3|3|0|1|1|132|18|["132,18,5,3642","132,210,2,2142","132,82,5","132,50,5"]|13:44:57:000
62|1.1|636136512840942010|0|49502|10.67437660291|100.63042538459|-12954|-333213||49502|370||36993.75|368.5|49502|880450|AIQ3112|0|2660|0|||3|3|0|1|1|132|18|["132,18,5,3642","132,210,2,2142","132,82,5","132,50,5"]|13:45:02:000
62|1.1|636136512890867002|0|49506.9765625|10.66320790129|100.63013570645|-12987|-334449||49506.9765625|370||36968.75|368.5|49506.9765625|880450|AIQ3112|0|2660|0|||3|3|0|1|1|132|18|["132,18,5,3642","132,210,2,2142","132,82,5","132,50,5"]|13:45:06:977
62|1.1|636136512940781993|0|49511.9765625|10.65185680973|100.63002305384|-12999|-335705||49511.9765625|370||36987.5|368.5|49511.9765625|880450|AIQ3112|0|2660|0|||3|3|0|1|1|132|18|["132,18,5,3642","132,210,2,2142","132,82,5","132,50,5"]|13:45:11:977
62|1.1|636136512990706985|0|49516.9765625|10.64171271042|100.62997477415|-13005|-336828||49516.9765625|370||37000|368.5|49516.9765625|880450|AIQ3112|0|2660|0|||3|3|0|1|1|132|18|["132,18,5,3642","132,210,2,2142","132,82,5","132,50,5"]|13:45:16:977
62|1.1|636136513040631977|0|49521.9609375|10.63139694999|100.62994258769|-13009|-337970||49521.9609375|370||37006.25|368.5|49521.9609375|880450|AIQ3112|0|2660|0|||3|3|0|1|1|132|18|["132,18,5,3642","132,210,2,2142","132,82,5","132,50,5"]|13:45:21:961
62|1.1|636136513090556969|0|49526.9609375|10.62073786732|100.62988357918|-13016|-339150||49526.9609375|370.25||37031.25|368.75|49526.9609375|880450|AIQ3112|0|2660|0|||3|3|0|1|1|132|50|["132,18,5,3642","132,210,2,2142","132,82,5","132,50,5"]|13:45:26:961
62|1.1|636136513140471960|0|49531.9375|10.60993930999|100.62979774862|-13026|-340345||49531.9375|370.25||37037.5|368.75|49531.9375|880450|AIQ3112|0|2660|0|||3|3|0|1|1|132|50|["132,18,5,3642","132,210,2,2142","132,82,5","132,50,5"]|13:45:31:938
62|1.1|636136513190396952|0|49536.9375|10.59837364203|100.62963681632|-13044|-341625||49536.9375|370.25||37012.5|368.75|49536.9375|880450|AIQ3112|0|2660|0|||3|3|0|1|1|132|50|["132,18,5,3642","132,210,2,2142","132,82,5","132,50,5"]|13:45:36:938
62|1.1|636136513240321944|0|49541.9375|10.58796668663|100.62951343489|-13058|-342777||49541.9375|370.25||37025|368.75|49541.9375|880450|AIQ3112|0|2660|0|||3|3|0|1|1|132|50|["132,18,5,3642","132,210,2,2142","132,82,5","132,50,5"]|13:45:41:938
62|1.1|636136513290236935|0|49546.921875|10.57707156992|100.62936323141|-13075|-343983||49546.921875|370||37025|368.75|49546.921875|880450|AIQ3112|0|2660|0|||3|3|0|1|1|132|66|["132,18,5,3642","132,210,2,2142","132,82,5","132,66,4","132,50,5"]|13:45:46:922
62|1.1|636136513340161927|0|49551.921875|10.5661710888|100.62916474824|-13097|-345190||49551.921875|370||37000|368.75|49551.921875|880450|AIQ3112|0|2660|0|||3|3|0|1|1|132|66|["132,18,5,3642","132,210,2,2142","132,82,5","132,66,4","132,50,5"]|13:45:51:922
62|1.1|636136513390076918|0|49556.8984375|10.55502384482|100.62901990917|-13114|-346424||49556.8984375|370.25||36975|368.75|49556.8984375|880450|AIQ3112|0|2660|0|||3|3|0|1|1|132|83|["132,18,5,3642","132,210,2,2142","132,82,5","132,66,5","132,50,5"]|13:45:56:898
62|1.1|636136513440001910|0|49561.8984375|10.543747855|100.62885897687|-13132|-347672||49561.8984375|370.25||37006.25|368.75|49561.8984375|880450|AIQ3112|0|2660|0|||3|3|0|1|1|132|66|["132,18,5,3642","132,210,2,2142","132,82,5","132,66,5","132,50,5"]|13:46:01:898
62|1.1|636136513489926902|0|49566.8984375|10.53268107717|100.62871950221|-13148|-348897||49566.8984375|370.25||37000|368.75|49566.8984375|880450|AIQ3112|0|2660|0|||3|3|0|1|1|132|66|["132,18,5,3642","132,210,2,2142","132,82,5","132,66,5","132,50,5"]|13:46:06:898
62|1.1|636136513539841893|0|49571.875|10.52279983395|100.62856929873|-13165|-349991||49571.875|370.25||37025|368.75|49571.875|880450|AIQ3112|0|2660|0|||3|3|0|1|1|132|66|["132,18,5,3642","132,210,2,2142","132,82,5","132,66,5","132,50,5"]|13:46:11:875
62|1.1|636136513589766885|0|49576.875|10.51185643755|100.62837617997|-13186|-351202||49576.875|370.25||37018.75|368.75|49576.875|880450|AIQ3112|0|2660|0|||3|3|0|1|1|132|66|["132,18,5,3642","132,210,2,2142","132,82,5","132,66,5","132,50,5"]|13:46:16:875
62|1.1|636136513639551863|0|49581.859375|10.50082184618|100.62814551034|-13212|-352424||49581.859375|370.25||36993.75|368.75|49581.859375|880450|AIQ3112|0|2660|0|||3|3|0|1|1|132|66|["132,18,5,3642","132,210,2,2142","132,82,5","132,66,5","132,50,5"]|13:46:21:859
62|1.1|636136513689466854|0|49586.859375|10.48979798363|100.62782364574|-13248|-353644||49586.859375|370.25||36968.75|368.75|49586.859375|880450|AIQ3112|0|2660|0|||3|3|0|1|1|132|66|["132,18,5,3642","132,210,2,2142","132,82,5","132,66,5","132,50,5"]|13:46:26:859
62|1.1|636136513739541861|0|49591.859375|10.4788921381|100.62759297611|-13274|-354851||49591.859375|370.25||36956.25|368.75|49591.859375|880450|AIQ3112|0|2660|0|||3|3|0|1|1|132|66|["132,18,5,3642","132,210,2,2142","132,82,5","132,66,5","132,50,5"]|13:46:31:859
62|1.1|636136513789456852|0|49596.8359375|10.4685388268|100.62756078965|-13278|-355997||49596.8359375|370.25||37018.75|368.75|49596.8359375|880450|AIQ3112|0|2660|0|||3|3|0|1|1|132|66|["132,18,5,3642","132,210,2,2142","132,82,5","132,66,5","132,50,5"]|13:46:36:836
62|1.1|636136513839381844|0|49601.8359375|10.45741304046|100.62758224729|-13276|-357229||49601.8359375|370.25||37018.75|368.75|49601.8359375|880450|AIQ3112|0|2660|0|||3|3|0|1|1|132|66|["132,18,5,3642","132,210,2,2142","132,82,5","132,66,5","132,50,5"]|13:46:41:836
62|1.1|636136513889146820|0|49606.8203125|10.44682905953|100.62751250996|-13284|-358401||49606.8203125|370||37012.5|368.75|49606.8203125|880450|AIQ3112|0|2660|0|||3|3|0|1|1|132|83|["132,18,5,3642","132,210,2,2142","132,82,5","132,66,5","132,50,5"]|13:46:46:820
62|1.1|636136513939061811|0|49611.8203125|10.43636309562|100.62734621325|-13303|-359559||49611.8203125|370||37012.5|368.75|49611.8203125|880450|AIQ3112|0|2660|0|||3|3|0|1|1|132|50|["132,18,5,3642","132,210,2,2142","132,82,5","132,66,5","132,50,5"]|13:46:51:820
62|1.1|636136513988996804|0|49616.8203125|10.42501200406|100.62733548443|-13305|-360816||49616.8203125|370.25||37012.5|368.75|49616.8203125|880450|AIQ3112|0|2660|0|||3|3|0|1|1|132|66|["132,18,5,3642","132,210,2,2142","132,82,5","132,66,5","132,50,5"]|13:46:56:820
62|1.1|636136514039071811|0|49621.796875|10.4140900653|100.627212103|-13319|-362025||49621.796875|370.25||37006.25|368.75|49621.796875|880450|AIQ3112|0|2660|0|||3|3|0|1|1|132|66|["132,18,5,3642","132,210,2,2142","132,82,5","132,66,5","132,50,5"]|13:47:01:797
62|1.1|636136514088826786|0|49626.796875|10.40294282132|100.6271584589|-13325|-363259||49626.796875|370||37012.5|368.75|49626.796875|880450|AIQ3112|0|2660|0|||3|3|0|1|1|132|66|["132,18,5,3642","132,210,2,2142","132,82,5","132,66,5","132,50,5"]|13:47:06:797
62|1.1|636136514138751778|0|49631.78125|10.39288455257|100.62701898424|-13341|-364373||49631.78125|370||37006.25|368.5|49631.78125|880450|AIQ3112|0|2660|0|||3|3|0|1|1|132|66|["132,18,5,3642","132,210,2,2142","132,82,5","132,66,5","132,50,5"]|13:47:11:781
62|1.1|636136514188666769|0|49636.78125|10.38264389388|100.62692242486|-13352|-365506||49636.78125|370||37006.25|368.5|49636.78125|880450|AIQ3112|0|2660|0|||3|3|0|1|1|132|66|["132,18,5,3642","132,210,2,2142","132,82,5","132,66,5","132,50,5"]|13:47:16:781
62|1.1|636136514238591761|0|49641.78125|10.37187752301|100.62676149256|-13370|-366698||49641.78125|370||37000|368.5|49641.78125|880450|AIQ3112|0|2660|0|||3|3|0|1|1|132|66|["132,18,5,3642","132,210,2,2142","132,82,5","132,66,5","132,50,5"]|13:47:21:781
62|1.1|636136514288516753|0|49646.7578125|10.36093949102|100.6265147297|-13398|-367909||49646.7578125|370||36981.25|368.5|49646.7578125|880450|AIQ3112|0|2660|0|||3|3|0|1|1|132|66|["132,18,5,3642","132,210,2,2142","132,82,5","132,66,5","132,50,5"]|13:47:26:758
62|1.1|636136514338441745|0|49651.7578125|10.34912169579|100.62654155175|-13395|-369217||49651.7578125|370||36987.5|368.5|49651.7578125|880450|AIQ3112|0|2660|0|||3|3|0|1|1|132|66|["132,18,5,3642","132,210,2,2142","132,82,5","132,66,5","132,50,5"]|13:47:31:758
62|1.1|636136514388356736|0|49656.7421875|10.33805491796|100.62642353473|-13409|-370442||49656.7421875|370||36987.5|368.5|49656.7421875|880450|AIQ3112|0|2660|0|||3|3|0|1|1|132|18|["132,18,5,3642","132,210,2,2142","132,82,5","132,66,5","132,50,5"]|13:47:36:742
62|1.1|636136514438281728|0|49661.7421875|10.32789472542|100.62631624653|-13421|-371567||49661.7421875|370||37000|368.5|49661.7421875|880450|AIQ3112|0|2660|0|||3|3|0|1|1|132|18|["132,18,5,3642","132,210,2,2142","132,82,5","132,66,5","132,50,5"]|13:47:41:742
62|1.1|636136514488206720|0|49666.7421875|10.31745021915|100.62616067864|-13439|-372723||49666.7421875|370||37006.25|368.5|49666.7421875|880450|AIQ3112|0|2660|0|||3|3|0|1|1|132|83|["132,18,5,3642","132,210,2,2142","132,82,5","132,66,5","132,50,5"]|13:47:46:742
62|1.1|636136514538131712|0|49671.71875|10.30662483977|100.62596219547|-13461|-373922||49671.71875|370||37006.25|368.5|49671.71875|880450|AIQ3112|0|2660|0|||3|3|0|1|1|132|18|["132,18,5,3642","132,210,2,2142","132,82,5","132,66,5","132,50,5"]|13:47:51:719
62|1.1|636136514588046703|0|49676.71875|10.2955366043|100.62571543261|-13489|-375149||49676.71875|370||36993.75|368.5|49676.71875|880450|AIQ3112|0|2660|0|||3|3|0|1|1|132|18|["132,18,5,3642","132,210,2,2142","132,82,5","132,66,5","132,50,5"]|13:47:56:719
62|1.1|636136514637961694|0|49681.6953125|10.28522620828|100.62568324615|-13493|-376291||49681.6953125|370||37006.25|368.5|49681.6953125|880450|AIQ3112|0|2660|0|||3|3|0|1|1|132|18|["132,18,5,3642","132,210,2,2142","132,82,5","132,66,5","132,50,5"]|13:48:01:695
62|1.1|636136514687896687|0|49686.6953125|10.27464759176|100.62559205118|-13503|-377462||49686.6953125|370||37006.25|368.5|49686.6953125|880450|AIQ3112|0|2660|0|||3|3|0|1|1|132|18|["132,18,5,3642","132,210,2,2142","132,82,5","132,66,5","132,50,5"]|13:48:06:695
62|1.1|636136514737811678|0|49691.6953125|10.26299072883|100.62552231385|-13511|-378752||49691.6953125|370||36993.75|368.5|49691.6953125|880450|AIQ3112|0|2660|0|||3|3|0|1|1|132|83|["132,18,5,3642","132,210,2,2142","132,82,5","132,66,5","132,50,5"]|13:48:11:695
62|1.1|636136514787736670|0|49696.6796875|10.25269106163|100.6254418477|-13521|-379892||49696.6796875|370||37000|368.5|49696.6796875|880450|AIQ3112|0|2660|0|||3|3|0|1|1|132|50|["132,18,5,3642","132,210,2,2142","132,82,5","132,66,5","132,50,5"]|13:48:16:680
62|1.1|636136514837651661|0|49701.6796875|10.24180667374|100.62529164422|-13538|-381098||49701.6796875|370||36993.75|368.5|49701.6796875|880450|AIQ3112|0|2660|0|||3|3|0|1|1|132|18|["132,18,5,3642","132,210,2,2142","132,82,5","132,66,5","132,50,5"]|13:48:21:680
62|1.1|636136514887576653|0|49706.65625|10.23055750597|100.62523263571|-13545|-382343||49706.65625|370.25||37006.25|368.5|49706.65625|880450|AIQ3112|0|2660|0|||3|3|0|1|1|132|18|["132,18,5,3642","132,210,2,2142","132,82,5","132,66,5","132,50,5"]|13:48:26:656
62|1.1|636136514937501645|0|49711.65625|10.21940489758|100.62515753397|-13554|-383578||49711.65625|370.25||37012.5|368.75|49711.65625|880450|AIQ3112|0|2660|0|||3|3|0|1|1|132|18|["132,18,5,3642","132,210,2,2142","132,82,5","132,66,5","132,50,5"]|13:48:31:656
62|1.1|636136514987416636|0|49716.65625|10.20913205243|100.62503951695|-13567|-384715||49716.65625|370.25||37031.25|368.5|49716.65625|880450|AIQ3112|0|2660|0|||3|3|0|1|1|132|18|["132,18,5,3642","132,210,2,2142","132,82,5","132,66,5","132,50,5"]|13:48:36:656
62|1.1|636136515037341628|0|49721.640625|10.19843541889|100.6249590508|-13577|-385899||49721.640625|370.25||37031.25|368.75|49721.640625|880450|AIQ3112|0|2660|0|||3|3|0|1|1|132|83|["132,18,5,3642","132,210,2,2142","132,82,5","132,66,5","132,50,5"]|13:48:41:641
62|1.1|636136515087276621|0|49726.640625|10.18759931069|100.62484639819|-13589|-387099||49726.640625|370.25||37031.25|368.75|49726.640625|880450|AIQ3112|0|2660|0|||3|3|0|1|1|132|18|["132,18,5,3642","132,210,2,2142","132,82,5","132,66,5","132,50,5"]|13:48:46:641
62|1.1|636136515137181611|0|49731.6171875|10.17728355026|100.62473910999|-13602|-388241||49731.6171875|370.25||37031.25|368.75|49731.6171875|880450|AIQ3112|0|2660|0|||3|3|0|1|1|132|18|["132,18,5,3642","132,210,2,2142","132,82,5","132,66,5","132,50,5"]|13:48:51:617
62|1.1|636136515187106603|0|49736.6171875|10.1660397469|100.62465864384|-13611|-389486||49736.6171875|370.25||37018.75|368.75|49736.6171875|880450|AIQ3112|0|2660|0|||3|3|0|1|1|132|18|["132,18,5,3642","132,210,2,2142","132,82,5","132,66,5","132,50,5"]|13:48:56:617
62|1.1|636136515237031595|0|49741.6171875|10.15508025727|100.62455135564|-13623|-390699||49741.6171875|370.25||37006.25|368.75|49741.6171875|880450|AIQ3112|0|2660|0|||3|3|0|1|1|132|18|["132,18,5,3642","132,210,2,2142","132,82,5","132,66,5","132,50,5"]|13:49:01:617
62|1.1|636136515286946586|0|49746.6015625|10.14523120051|100.62437433011|-13643|-391789||49746.6015625|370.25||37037.5|368.75|49746.6015625|880450|AIQ3112|0|2660|0|||3|3|0|1|1|132|18|["132,18,5,3642","132,210,2,2142","132,82,5","132,66,5","132,50,5"]|13:49:06:602
62|1.1|636136515336871578|0|49751.6015625|10.13486716039|100.62424558427|-13658|-392937||49751.6015625|370.25||37037.5|368.75|49751.6015625|880450|AIQ3112|0|2660|0|||3|3|0|1|1|132|82|["132,18,5,3642","132,210,2,2142","132,82,5","132,66,5","132,50,5"]|13:49:11:602
62|1.1|636136515386796570|0|49756.578125|10.12450312027|100.62411147402|-13673|-394084||49756.578125|370.25||37037.5|368.75|49756.578125|880450|AIQ3112|0|2660|0|||3|3|0|1|1|132|18|["132,18,5,3642","132,210,2,2142","132,82,5","132,66,5","132,50,5"]|13:49:16:578
62|1.1|636136515436721562|0|49761.578125|10.11299109641|100.62401491464|-13684|-395359||49761.578125|370.25||37006.25|368.75|49761.578125|880450|AIQ3112|0|2660|0|||3|3|0|1|1|132|18|["132,18,5,3642","132,210,2,2142","132,82,5","132,66,5","132,50,5"]|13:49:21:578
62|1.1|636136515486636553|0|49766.578125|10.10166146249|100.62390762644|-13697|-396613||49766.578125|370||36993.75|368.5|49766.578125|880450|AIQ3112|0|2660|0|||3|3|0|1|1|132|51|["132,18,5,3642","132,210,2,2142","132,82,5","132,66,5","132,50,5"]|13:49:26:578
62|1.1|636136515536561545|0|49771.5625|10.09153345641|100.62379497383|-13709|-397735||49771.5625|370.25||37000|368.5|49771.5625|880450|AIQ3112|0|2660|0|||3|3|0|1|1|132|18|["132,18,5,3642","132,210,2,2142","132,82,5","132,66,5","132,50,5"]|13:49:31:563
62|1.1|636136515586476536|0|49776.5625|10.08053641591|100.6236715924|-13723|-398952||49776.5625|370||37000|368.5|49776.5625|880450|AIQ3112|0|2660|0|||3|3|0|1|1|132|83|["132,18,5,3642","132,210,2,2142","132,82,5","132,66,5","132,50,5"]|13:49:36:563
62|1.1|636136515636401528|0|49781.5390625|10.07077855412|100.62354284656|-13738|-400033||49781.5390625|370||37006.25|368.5|49781.5390625|880450|AIQ3112|0|2660|0|||3|3|0|1|1|132|18|["132,18,5,3642","132,210,2,2142","132,82,5","132,66,5","132,50,5"]|13:49:41:539
62|1.1|636136515686326520|0|49786.5390625|10.060414514|100.62339264308|-13755|-401180||49786.5390625|370||37006.25|368.5|49786.5390625|880450|AIQ3112|0|2660|0|||3|3|0|1|1|132|18|["132,18,5,3642","132,210,2,2142","132,82,5","132,66,5","132,50,5"]|13:49:46:539
62|1.1|636136515736251512|0|49791.5390625|10.04983053307|100.6232960837|-13766|-402352||49791.5390625|369.75||37006.25|368.5|49791.5390625|880450|AIQ3112|0|2660|0|||3|3|0|1|1|132|18|["132,18,5,3642","132,210,2,2142","132,82,5","132,66,5","132,50,5"]|13:49:51:539
62|1.1|636136515786166503|0|49796.515625|10.03921436568|100.62318343109|-13779|-403527||49796.515625|369.75||36993.75|368|49796.515625|880450|AIQ3112|0|2660|0|||3|3|0|1|1|132|18|["132,18,5,3642","132,210,2,2142","132,82,5","132,66,5","132,50,5"]|13:49:56:516
62|1.1|636136515836091495|0|49801.515625|10.02852846096|100.62308687171|-13790|-404711||49801.515625|369.75||36975|368|49801.515625|880450|AIQ3112|0|2660|0|||3|3|0|1|1|132|18|["132,18,5,3642","132,210,2,2142","132,82,5","132,66,5","132,50,5"]|13:50:01:516
62|1.1|636136515886016487|0|49806.5|10.0170700812|100.62296885469|-13804|-405979||49806.5|369.75||36950|368|49806.5|880450|AIQ3112|0|2660|0|||3|3|0|1|1|132|18|["132,18,5,3642","132,210,2,2142","132,82,5","132,66,5","132,50,5"]|13:50:06:500
62|1.1|636136515935941479|0|49811.5|10.00623933741|100.62290984618|-13811|-407178||49811.5|369.75||36912.5|368|49811.5|880450|AIQ3112|0|2660|0|||3|3|0|1|1|132|18|["132,18,5,3642","132,210,2,2142","132,82,5","132,66,5","132,50,5"]|13:50:11:500
62|1.1|636136515985856470|0|49816.5|9.99517255958|100.6228132868|-13822|-408404||49816.5|369.75||36843.75|368|49816.5|880450|AIQ3112|0|2660|0|||3|3|0|1|1|132|18|["132,18,5,3642","132,210,2,2142","132,82,5","132,66,5","132,50,5"]|13:50:16:500
62|1.1|636136516035781462|0|49821.4765625|9.98513574847|100.62257725276|-13848|-409515||49821.4765625|369.75||36968.75|368|49821.4765625|880450|AIQ3112|0|2660|0|||3|3|0|1|1|132|82|["132,18,5,3642","132,210,2,2142","132,82,5","132,66,5","132,50,5"]|13:50:21:477
62|1.1|636136516085696453|0|49826.4765625|9.97464832692|100.62245923574|-13862|-410676||49826.4765625|369.75||36975|368|49826.4765625|880450|AIQ3112|0|2660|0|||3|3|0|1|1|132|18|["132,18,5,3642","132,210,2,2142","132,82,5","132,66,5","132,50,5"]|13:50:26:477
62|1.1|636136516135621445|0|49831.4609375|9.96332405741|100.62236267636|-13873|-411930||49831.4609375|369.75||36968.75|368|49831.4609375|880450|AIQ3112|0|2660|0|||3|3|0|1|1|132|18|["132,18,5,3642","132,210,2,2142","132,82,5","132,66,5","132,50,5"]|13:50:31:461
62|1.1|636136516185546437|0|49836.4609375|9.95297074611|100.62223929493|-13887|-413076||49836.4609375|369.75||36981.25|368|49836.4609375|880450|AIQ3112|0|2660|0|||3|3|0|1|1|132|82|["132,18,5,3642","132,210,2,2142","132,82,5","132,66,5","132,50,5"]|13:50:36:461
62|1.1|636136516235461428|0|49841.4609375|9.94222046847|100.6221695576|-13895|-414267||49841.4609375|369.75||36975|368|49841.4609375|880450|AIQ3112|0|2660|0|||3|3|0|1|1|132|18|["132,18,5,3642","132,210,2,2142","132,82,5","132,66,5","132,50,5"]|13:50:41:461
62|1.1|636136516285386420|0|49846.4375|9.93140581791|100.62209445586|-13904|-415464||49846.4375|369.75||36937.5|368|49846.4375|880450|AIQ3112|0|2660|0|||3|3|0|1|1|132|18|["132,18,5,3642","132,210,2,2142","132,82,5","132,66,5","132,50,5"]|13:50:46:438
62|1.1|636136516335311412|0|49851.4375|9.92012982809|100.62201935412|-13913|-416713||49851.4375|369.75||36812.5|368.25|49851.4375|880450|AIQ3112|0|2660|0|||3|3|0|1|1|132|82|["132,18,5,3642","132,210,2,2142","132,82,5","132,66,5","132,50,5"]|13:50:51:438
62|1.1|636136516385236404|0|49856.421875|9.9091917961|100.62187451505|-13929|-417924||49856.421875|369.75||36743.75|368.25|49856.421875|880450|AIQ3112|0|2660|0|||3|3|0|1|1|132|82|["132,18,5,3642","132,210,2,2142","132,82,5","132,66,5","132,50,5"]|13:50:56:422
62|1.1|636136516435151395|0|49861.421875|9.89807673858|100.62146145548|-13975|-419155||49861.421875|369.75||36762.5|368.25|49861.421875|880450|AIQ3112|0|2660|0|||3|3|0|1|1|132|50|["132,18,5,3642","132,210,2,2142","132,82,5","132,66,5","132,50,5"]|13:51:01:422
62|1.1|636136516485066386|0|49866.421875|9.88728354566|100.62088746361|-14039|-420350||49866.421875|369.75||36768.75|368|49866.421875|880450|AIQ3112|0|2660|0|||3|3|0|1|1|132|50|["132,18,5,3642","132,210,2,2142","132,82,5","132,66,5","132,50,5"]|13:51:06:422
62|1.1|636136516535001379|0|49871.3984375|9.87637233572|100.6200774377|-14128|-421558||49871.3984375|369.75||36718.75|368|49871.3984375|880450|AIQ3112|0|2660|0|||3|3|0|1|1|132|50|["132,18,5,3642","132,210,2,2142","132,82,5","132,66,5","132,50,5"]|13:51:11:398
62|1.1|636136516584916370|0|49876.3984375|9.86589564299|100.6165905712|-14512|-422718||49876.3984375|369.75||36731.25|368|49876.3984375|880450|AIQ3112|0|2660|0|||3|3|0|1|1|132|50|["132,18,5,3642","132,210,2,2142","132,82,5","132,66,5","132,50,5"]|13:51:16:398
62|1.1|636136516634831361|0|49881.375|9.85530629765|100.61390300179|-14807|-423890||49881.375|369.5||36737.5|368|49881.375|880450|AIQ3112|0|2660|0|||3|3|0|1|1|132|82|["132,18,5,3642","132,210,2,2142","132,82,5","132,66,5","132,50,5"]|13:51:21:375
62|1.1|636136516684756353|0|49886.375|9.84495298635|100.61094184747|-15133|-425037||49886.375|369.75||36956.25|368|49886.375|880450|AIQ3112|0|2660|0|||3|3|0|1|1|132|82|["132,18,5,3642","132,210,2,2142","132,82,5","132,66,5","132,50,5"]|13:51:26:375
62|1.1|636136516734681345|0|49891.375|9.83458894623|100.60804506607|-15452|-426184||49891.375|369.75||36981.25|368|49891.375|880450|AIQ3112|0|2660|0|||3|3|0|1|1|132|82|["132,18,5,3642","132,210,2,2142","132,82,5","132,66,5","132,50,5"]|13:51:31:375
62|1.1|636136516784596336|0|49896.359375|9.82476134711|100.60536286107|-15747|-427272||49896.359375|369.75||36993.75|368|49896.359375|880450|AIQ3112|0|2660|0|||3|3|0|1|1|132|83|["132,18,5,3642","132,210,2,2142","132,82,5","132,66,5","132,50,5"]|13:51:36:359
62|1.1|636136516834521328|0|49901.359375|9.81483718861|100.60264846961|-16045|-428371||49901.359375|369.75||37006.25|368|49901.359375|880450|AIQ3112|0|2660|0|||3|3|0|1|1|132|82|["132,18,5,3642","132,210,2,2142","132,82,5","132,66,5","132,50,5"]|13:51:41:359
62|1.1|636136516884446320|0|49906.3359375|9.80483792837|100.59992334933|-16345|-429478||49906.3359375|369.75||37006.25|368|49906.3359375|880450|AIQ3112|0|2660|0|||3|3|0|1|1|132|82|["132,18,5,3642","132,210,2,2142","132,82,5","132,66,5","132,50,5"]|13:51:46:336
62|1.1|636136516934361311|0|49911.3359375|9.79481184608|100.59724650874|-16640|-430588||49911.3359375|370||37000|368|49911.3359375|880450|AIQ3112|0|2660|0|||3|3|0|1|1|132|82|["132,18,5,3642","132,210,2,2142","132,82,5","132,66,5","132,50,5"]|13:51:51:336
62|1.1|636136516984286303|0|49916.3359375|9.78451754329|100.59447310877|-16945|-431728||49916.3359375|370||37012.5|368.5|49916.3359375|880450|AIQ3112|0|2660|0|||3|3|0|1|1|132|82|["132,18,5,3642","132,210,2,2142","132,82,5","132,66,5","132,50,5"]|13:51:56:336
62|1.1|636136517034211295|0|49921.3203125|9.77399257087|100.59166215793|-17255|-432893||49921.3203125|370||37000|368.5|49921.3203125|880450|AIQ3112|0|2660|0|||3|3|0|1|1|132|83|["132,18,5,3642","132,210,2,2142","132,82,5","132,66,5","132,50,5"]|13:52:01:320
62|1.1|636136517084136287|0|49926.3203125|9.76283459807|100.5886956392|-17581|-434129||49926.3203125|370||36987.5|368.5|49926.3203125|880450|AIQ3112|0|2660|0|||3|3|0|1|1|132|82|["132,18,5,3642","132,210,2,2142","132,82,5","132,66,5","132,50,5"]|13:52:06:320
62|1.1|636136517134061279|0|49931.296875|9.75251883764|100.58586323072|-17893|-435271||49931.296875|370||36993.75|368.5|49931.296875|880450|AIQ3112|0|2660|0|||3|3|0|1|1|132|82|["132,18,5,3642","132,210,2,2142","132,82,5","132,66,5","132,50,5"]|13:52:11:297
62|1.1|636136517183976270|0|49936.296875|9.74210115342|100.58304691547|-18203|-436424||49936.296875|370||36993.75|368.5|49936.296875|880450|AIQ3112|0|2660|0|||3|3|0|1|1|132|82|["132,18,5,3642","132,210,2,2142","132,82,5","132,66,5","132,50,5"]|13:52:16:297
62|1.1|636136517233891261|0|49941.296875|9.73171565566|100.58023060022|-18513|-437574||49941.296875|370||37000|368.5|49941.296875|880450|AIQ3112|0|2660|0|||3|3|0|1|1|132|82|["132,18,5,3642","132,210,2,2142","132,82,5","132,66,5","132,50,5"]|13:52:21:297
62|1.1|636136517283816253|0|49946.28125|9.72135161554|100.5774303782|-18821|-438721||49946.28125|370.25||37012.5|368.5|49946.28125|880450|AIQ3112|0|2660|0|||3|3|0|1|1|132|50|["132,18,5,3642","132,210,2,2142","132,82,5","132,66,5","132,50,5"]|13:52:26:281
62|1.1|636136517333751246|0|49951.28125|9.71089101604|100.57461406295|-19132|-439880||49951.28125|370.25||37025|368.75|49951.28125|880450|AIQ3112|0|2660|0|||3|3|0|1|1|132|50|["132,18,5,3642","132,210,2,2142","132,82,5","132,66,5","132,50,5"]|13:52:31:281
62|1.1|636136517383676238|0|49956.2578125|9.70044650977|100.57177629006|-19444|-441036||49956.2578125|370.25||37025|368.75|49956.2578125|880450|AIQ3112|0|2660|0|||3|3|0|1|1|132|51|["132,210,2,2142","132,82,5","132,66,5","132,50,5"]|13:52:36:258
62|1.1|636136517433581228|0|49961.2578125|9.68980888474|100.56886877984|-19764|-442214||49961.2578125|370.25||36981.25|368.75|49961.2578125|880450|AIQ3112|0|2660|0|||3|3|0|1|1|132|82|["132,210,2,2142","132,82,5","132,66,5","132,50,5"]|13:52:41:258
62|1.1|636136517483506220|0|49966.2578125|9.67872601368|100.56582179496|-20100|-443441||49966.2578125|370.25||37012.5|368.75|49966.2578125|880450|AIQ3112|0|2660|0|||3|3|0|1|1|132|82|["132,210,2,2142","132,82,5","132,66,5","132,50,5"]|13:52:46:258
62|1.1|636136517533431212|0|49971.2421875|9.66837270238|100.56296792884|-20414|-444588||49971.2421875|370.25||37012.5|368.75|49971.2421875|880450|AIQ3112|0|2660|0|||3|3|0|1|1|132|83|["132,210,2,2142","132,82,5","132,66,5","132,50,5"]|13:52:51:242
62|1.1|636136517583346203|0|49976.2421875|9.65807303518|100.56014088477|-20726|-445728||49976.2421875|370.25||37018.75|368.75|49976.2421875|880450|AIQ3112|0|2660|0|||3|3|0|1|1|132|82|["132,210,2,2142","132,82,5","132,66,5","132,50,5"]|13:52:56:242
62|1.1|636136517633271195|0|49981.21875|9.64776263916|100.55730847629|-21037|-446869||49981.21875|370.25||37025|368.75|49981.21875|880450|AIQ3112|0|2660|0|||3|3|0|1|1|132|82|["132,210,2,2142","132,82,5","132,66,5","132,50,5"]|13:53:01:219
62|1.1|636136517683186186|0|49986.21875|9.63738250581|100.55445997458|-21351|-448019||49986.21875|370.25||37031.25|368.75|49986.21875|880450|AIQ3112|0|2660|0|||3|3|0|1|1|132|82|["132,210,2,2142","132,82,5","132,66,5","132,50,5"]|13:53:06:219
62|1.1|636136517733111178|0|49991.21875|9.62695409277|100.55167584579|-21658|-449174||49991.21875|370.25||37031.25|368.75|49991.21875|880450|AIQ3112|0|2660|0|||3|3|0|1|1|132|82|["132,210,2,2142","132,82,5","132,66,5","132,50,5"]|13:53:11:219
62|1.1|636136517783036170|0|49996.1953125|9.61650422209|100.54892926787|-21961|-450331||49996.1953125|370.25||37025|368.75|49996.1953125|880450|AIQ3112|0|2660|0|||3|3|0|1|1|132|51|["132,210,2,2142","132,82,5","132,66,5","132,50,5"]|13:53:16:195
62|1.1|636136517832961162|0|50001.1953125|9.60590951234|100.54625242728|-22256|-451504||50001.1953125|370.25||37012.5|368.75|50001.1953125|880450|AIQ3112|0|2660|0|||3|3|0|1|1|132|82|["132,210,2,2142","132,82,5","132,66,5","132,50,5"]|13:53:21:195
62|1.1|636136517882876153|0|50006.1796875|9.59504658209|100.54464846869|-22433|-452706||50006.1796875|370.25||37012.5|368.75|50006.1796875|880450|AIQ3112|0|2660|0|||3|3|0|1|1|132|82|["132,210,2,2142","132,82,5","132,66,5","132,50,5"]|13:53:26:180
62|1.1|636136517932801145|0|50011.1796875|9.58430703327|100.54274946755|-22643|-453896||50011.1796875|370.25||37018.75|368.75|50011.1796875|880450|AIQ3112|0|2660|0|||3|3|0|1|1|132|82|["132,210,2,2142","132,82,5","132,66,5","132,50,5"]|13:53:31:180
62|1.1|636136517982716136|0|50016.1796875|9.57360503532|100.54112405132|-22822|-455081||50016.1796875|369.75||37000|368.5|50016.1796875|880450|AIQ3112|0|2660|0|||3|3|0|1|1|132|51|["132,210,2,2142","132,82,5","132,66,5","132,50,5"]|13:53:36:180
62|1.1|636136518032641128|0|50021.15625|9.56274210507|100.54055005945|-22886|-456284||50021.15625|369.75||36981.25|368|50021.15625|880450|AIQ3112|0|2660|0|||3|3|0|1|1|132|82|["132,210,2,2142","132,82,5","132,66,5","132,50,5"]|13:53:41:156
62|1.1|636136518082576121|0|50026.15625|9.55128908972|100.53952545714|-23000|-457552||50026.15625|370||36975|368.5|50026.15625|880450|AIQ3112|0|2660|0|||3|3|0|1|1|132|50|["132,210,2,2142","132,82,5","132,66,5","132,50,5"]|13:53:46:156
62|1.1|636136518132491112|0|50031.140625|9.54104843103|100.53903193142|-23055|-458686||50031.140625|370.25||37012.5|368.75|50031.140625|880450|AIQ3112|0|2660|0|||3|3|0|1|1|132|51|["132,210,2,2142","132,82,5","132,66,5","132,50,5"]|13:53:51:141
62|1.1|636136518182406103|0|50036.140625|9.53064684004|100.53846866837|-23118|-459838||50036.140625|370.25||37031.25|368.75|50036.140625|880450|AIQ3112|0|2660|0|||3|3|0|1|1|132|50|["132,210,2,2142","132,82,5","132,66,5","132,50,5"]|13:53:56:141
62|1.1|636136518232331095|0|50041.140625|9.51968735041|100.53818435464|-23149|-461052||50041.140625|370.25||37031.25|368.75|50041.140625|880450|AIQ3112|0|2660|0|||3|3|0|1|1|132|50|["132,210,2,2142","132,82,5","132,66,5","132,50,5"]|13:54:01:141
62|1.1|636136518282256087|0|50046.1171875|9.50849182674|100.53787858327|-23184|-462292||50046.1171875|370.25||37012.5|368.75|50046.1171875|880450|AIQ3112|0|2660|0|||3|3|0|1|1|132|50|["132,210,2,2142","132,82,5","132,66,5","132,50,5"]|13:54:06:117
62|1.1|636136518332171078|0|50051.1171875|9.49881979551|100.53769619333|-23205|-463363||50051.1171875|370||37025|368.5|50051.1171875|880450|AIQ3112|0|2660|0|||3|3|0|1|1|132|83|["132,210,2,2142","132,82,5","132,66,5","132,50,5"]|13:54:11:117
62|1.1|636136518382096070|0|50056.1015625|9.48855231477|100.5373582355|-23243|-464500||50056.1015625|370||37018.75|368.5|50056.1015625|880450|AIQ3112|0|2660|0|||3|3|0|1|1|132|210|["132,210,2,2142","132,82,5","132,66,5","132,50,5"]|13:54:16:102
62|1.1|636136518432021062|0|50061.1015625|9.47841894428|100.53720266761|-23261|-465623||50061.1015625|370||37006.25|368.5|50061.1015625|880450|AIQ3112|0|2660|0|||3|3|0|1|1|132|210|["132,210,2,2142","132,82,5","132,66,5","132,50,5"]|13:54:21:102
62|1.1|636136518481936053|0|50066.1015625|9.46810318385|100.5370363709|-23280|-466765||50066.1015625|370||37000|368.5|50066.1015625|880450|AIQ3112|0|2660|0|||3|3|0|1|1|132|51|["132,210,2,2142","132,82,5","132,66,5","132,50,5"]|13:54:26:102
62|1.1|636136518531861045|0|50071.078125|9.45774987255|100.53685934537|-23300|-467912||50071.078125|370||37000|368.5|50071.078125|880450|AIQ3112|0|2660|0|||3|3|0|1|1|132|210|["132,210,2,2142","132,82,5","132,66,5","132,50,5"]|13:54:31:078
62|1.1|636136518581786037|0|50076.078125|9.44732682392|100.53665013338|-23324|-469066||50076.078125|370||36993.75|368.5|50076.078125|880450|AIQ3112|0|2660|0|||3|3|0|1|1|132|210|["132,210,2,2142","132,82,5","132,66,5","132,50,5"]|13:54:36:078
62|1.1|636136518631701028|0|50081.0625|9.43664628361|100.53638191288|-23355|-470249||50081.0625|370||37000|368.5|50081.0625|880450|AIQ3112|0|2660|0|||3|3|0|1|1|132|83|["132,210,2,2142","132,82,5","132,66,5","132,50,5"]|13:54:41:063
62|1.1|636136518681626020|0|50086.0625|9.4265021843|100.53610296356|-23386|-471373||50086.0625|370||36981.25|368.5|50086.0625|880450|AIQ3112|0|2660|0|||3|3|0|1|1|132|210|["132,210,2,2142","132,82,5","132,66,5","132,50,5"]|13:54:46:063
62|1.1|636136518731541011|0|50091.0625|9.41618105946|100.53575427691|-23425|-472516||50091.0625|370||36987.5|368.5|50091.0625|880450|AIQ3112|0|2660|0|||3|3|0|1|1|132|210|["132,210,2,2142","132,82,5","132,66,5","132,50,5"]|13:54:51:063
62|1.1|636136518781466003|0|50096.0390625|9.40598331605|100.5354270479|-23462|-473645||50096.0390625|370||37000|368.5|50096.0390625|880450|AIQ3112|0|2660|0|||3|3|0|1|1|132|210|["132,210,2,2142","132,82,5","132,66,5","132,50,5"]|13:54:56:039
62|1.1|636136518828280684|0|50100.71875|9.39509356375|100.53505690361|-23504|-474851||50100.71875|370||36987.5|368.5|50100.71875|880450|AIQ3112|0|2660|0|||3|3|0|1|1|132|51|["132,210,2,2142","132,82,5","132,66,5","132,50,5"]|13:55:00:719
62|1.1|636136518878195675|0|50105.71875|9.3846061422|100.53477258988|-23536|-476013||50105.71875|370||36975|368.5|50105.71875|880450|AIQ3112|0|2660|0|||3|3|0|1|1|132|210|["132,210,2,2142","132,82,5","132,66,5","132,50,5"]|13:55:05:719
62|1.1|636136518928140669|0|50110.6953125|9.37368956785|100.5342468777|-23595|-477222||50110.6953125|370||36987.5|368.5|50110.6953125|880450|AIQ3112|0|2660|0|||3|3|0|1|1|132|83|["132,210,2,2142","132,82,5","132,66,5","132,50,5"]|13:55:10:695
62|1.1|636136518978045659|0|50115.6953125|9.36311631574|100.533871369|-23637|-478393||50115.6953125|370||36987.5|368.5|50115.6953125|880450|AIQ3112|0|2660|0|||3|3|0|1|1|132|50|["132,210,2,2142","132,82,5","132,66,5","132,50,5"]|13:55:15:695
62|1.1|636136519027980652|0|50120.6953125|9.35260743655|100.53357096204|-23671|-479557||50120.6953125|370||36981.25|368.5|50120.6953125|880450|AIQ3112|0|2660|0|||3|3|0|1|1|132|50|["132,210,2,2142","132,82,5","132,66,5","132,50,5"]|13:55:20:695
62|1.1|636136519077885642|0|50125.6796875|9.34218975233|100.53302379222|-23732|-480711||50125.6796875|370||37000|368.5|50125.6796875|880450|AIQ3112|0|2660|0|||3|3|0|1|1|132|210|["132,210,2,2142","132,82,5","132,66,5","132,50,5"]|13:55:25:680
62|1.1|636136519127810634|0|50130.6796875|9.33246944141|100.53257318178|-23782|-481787||50130.6796875|370||37012.5|368.5|50130.6796875|880450|AIQ3112|0|2660|0|||3|3|0|1|1|132|210|["132,210,2,2142","132,82,5","132,66,5","132,50,5"]|13:55:30:680
62|1.1|636136519177725625|0|50135.65625|9.32279204577|100.53207965606|-23837|-482859||50135.65625|370||37018.75|368.5|50135.65625|880450|AIQ3112|0|2660|0|||3|3|0|1|1|132|210|["132,210,2,2142","132,82,5","132,66,5","132,50,5"]|13:55:35:656
62|1.1|636136519227650617|0|50140.65625|9.31203640372|100.53157540152|-23894|-484051||50140.65625|370||37006.25|368.5|50140.65625|880450|AIQ3112|0|2660|0|||3|3|0|1|1|132|210|["132,210,2,2142","132,82,5","132,66,5","132,50,5"]|13:55:40:656
62|1.1|636136519277575609|0|50145.65625|9.30154898217|100.53119452841|-23937|-485212||50145.65625|370||37000|368.5|50145.65625|880450|AIQ3112|0|2660|0|||3|3|0|1|1|132|210|["132,210,2,2142","132,82,5","132,66,5","132,50,5"]|13:55:45:656
62|1.1|636136519327510602|0|50150.640625|9.29086844186|100.53068490946|-23993|-486395||50150.640625|370||36993.75|368.5|50150.640625|880450|AIQ3112|0|2660|0|||3|3|0|1|1|132|210|["132,210,2,2142","132,82,5","132,66,5","132,50,5"]|13:55:50:641
62|1.1|636136519377415592|0|50155.640625|9.28032737621|100.53045423983|-24020|-487563||50155.640625|370||36987.5|368.5|50155.640625|880450|AIQ3112|0|2660|0|||3|3|0|1|1|132|210|["132,210,2,2142","132,82,5","132,66,5","132,50,5"]|13:55:55:641
62|1.1|636136519427360586|0|50160.6171875|9.26994187845|100.53095849437|-23965|-488713||50160.6171875|370||36993.75|368.5|50160.6171875|880450|AIQ3112|0|2660|0|||3|3|0|1|1|132|51|["132,210,2,2142","132,82,5","132,66,5","132,50,5"]|13:56:00:617
62|1.1|636136519477275577|0|50165.6171875|9.25957783833|100.53190263053|-23862|-489861||50165.6171875|370||36993.75|368.5|50165.6171875|880450|AIQ3112|0|2660|0|||3|3|0|1|1|132|83|["132,210,2,2142","132,82,5","132,66,5","132,50,5"]|13:56:05:617
62|1.1|636136519527180567|0|50170.6171875|9.24935327287|100.53303452104|-23738|-490994||50170.6171875|370||36993.75|368.5|50170.6171875|880450|AIQ3112|0|2660|0|||3|3|0|1|1|132|210|["132,210,2,2142","132,82,5","132,66,5","132,50,5"]|13:56:10:617
62|1.1|636136519577095558|0|50175.6015625|9.23987972481|100.53416104714|-23615|-492043||50175.6015625|370||37018.75|368.5|50175.6015625|880450|AIQ3112|0|2660|0|||3|3|0|1|1|132|210|["132,210,2,2142","132,82,5","132,66,5","132,50,5"]|13:56:15:602
62|1.1|636136519627030551|0|50180.6015625|9.22963906612|100.53560407343|-23457|-493178||50180.6015625|370||36993.75|368|50180.6015625|880450|AIQ3112|0|2660|0|||3|3|0|1|1|132|210|["132,210,2,2142","132,82,5","132,66,5","132,50,5"]|13:56:20:602
62|1.1|636136519676955543|0|50185.578125|9.22012796719|100.53709537941|-23294|-494232||50185.578125|370||36993.75|368|50185.578125|880450|AIQ3112|0|2660|0|||3|3|0|1|1|132|210|["132,210,2,2142","132,82,5","132,66,5","132,50,5"]|13:56:25:578
62|1.1|636136519726880535|0|50190.578125|9.21070269882|100.53844721073|-23146|-495276||50190.578125|370||36987.5|368|50190.578125|880450|AIQ3112|0|2660|0|||3|3|0|1|1|132|210|["132,210,2,2142","132,82,5","132,66,5","132,50,5"]|13:56:30:578
62|1.1|636136519776795526|0|50195.578125|9.20116477784|100.53985268615|-22992|-496332||50195.578125|370||36956.25|368|50195.578125|880450|AIQ3112|0|2660|0|||3|3|0|1|1|132|210|["132,210,2,2142","132,82,5","132,66,5","132,50,5"]|13:56:35:578
62|1.1|636136519826710517|0|50200.5625|9.19047887312|100.54151028884|-22810|-497516||50200.5625|369.5||36937.5|368|50200.5625|880450|AIQ3112|0|2660|0|||3|3|0|1|1|132|50|["132,210,2,2142","132,82,5","132,66,5","132,50,5"]|13:56:40:563
62|1.1|636136519876625508|0|50205.5625|9.17988416337|100.54322153563|-22623|-498690||50205.5625|369.5||36918.75|368|50205.5625|880450|AIQ3112|0|2660|0|||3|3|0|1|1|132|50|["132,210,2,2142","132,82,5","132,66,5","132,50,5"]|13:56:45:563
62|1.1|636136519926550500|0|50210.5390625|9.17041597972|100.5447611213|-22454|-499739||50210.5390625|370||36937.5|368|50210.5390625|880450|AIQ3112|0|2660|0|||3|3|0|1|1|132|210|["132,210,2,2142","132,82,5","132,66,5","132,50,5"]|13:56:50:539
62|1.1|636136519976505495|0|50215.5390625|9.16068493998|100.54635435107|-22279|-500817||50215.5390625|370||36943.75|368|50215.5390625|880450|AIQ3112|0|2660|0|||3|3|0|1|1|132|210|["132,210,2,2142","132,82,5","132,66,5","132,50,5"]|13:56:55:539
62|1.1|636136520026400484|0|50220.5390625|9.15019215402|100.54813533519|-22084|-501979||50220.5390625|370||36931.25|368|50220.5390625|880450|AIQ3112|0|2660|0|||3|3|0|1|1|132|51|["132,210,2,2142","132,82,5","132,66,5","132,50,5"]|13:57:00:539
62|1.1|636136520076315475|0|50225.515625|9.14019289378|100.54994314136|-21886|-503087||50225.515625|370||36943.75|368|50225.515625|880450|AIQ3112|0|2660|0|||3|3|0|1|1|132|210|["132,210,2,2142","132,82,5","132,66,5","132,50,5"]|13:57:05:516
62|1.1|636136520126240467|0|50230.515625|9.13066570162|100.55164902374|-21699|-504143||50230.515625|370||36975|368|50230.515625|880450|AIQ3112|0|2660|0|||3|3|0|1|1|132|210|["132,210,2,2142","132,82,5","132,66,5","132,50,5"]|13:57:10:516
62|1.1|636136520176165459|0|50235.5|9.12087565337|100.55333344848|-21514|-505227||50235.5|370||36981.25|368|50235.5|880450|AIQ3112|0|2660|0|||3|3|0|1|1|132|210|["132,210,2,2142","132,82,5","132,66,5","132,50,5"]|13:57:15:500
62|1.1|636136520226080450|0|50240.5|9.11097831692|100.55501787322|-21330|-506324||50240.5|370||37000|368.5|50240.5|880450|AIQ3112|0|2660|0|||3|3|0|1|1|132|210|["132,210,2,2142","132,82,5","132,66,5","132,50,5"]|13:57:20:500
62|1.1|636136520276015443|0|50245.5|9.10074838705|100.55670766237|-21144|-507457||50245.5|370||37012.5|368.5|50245.5|880450|AIQ3112|0|2660|0|||3|3|0|1|1|132|210|["132,210,2,2142","132,82,5","132,66,5","132,50,5"]|13:57:25:500
62|1.1|636136520325920433|0|50250.4765625|9.09045408426|100.55829552773|-20970|-508598||50250.4765625|370||37006.25|368.5|50250.4765625|880450|AIQ3112|0|2660|0|||3|3|0|1|1|132|210|["132,210,2,2142","132,82,5","132,66,5","132,50,5"]|13:57:30:477
62|1.1|636136520375845425|0|50255.4765625|9.07929611146|100.55985120663|-20800|-509834||50255.4765625|370||36987.5|368.5|50255.4765625|880450|AIQ3112|0|2660|0|||3|3|0|1|1|132|210|["132,210,2,2142","132,82,5","132,66,5","132,50,5"]|13:57:35:477
62|1.1|636136520425770417|0|50260.4609375|9.06893207134|100.56129423292|-20642|-510982||50260.4609375|370||36975|368.5|50260.4609375|880450|AIQ3112|0|2660|0|||3|3|0|1|1|132|210|["132,210,2,2142","132,82,5","132,66,5","132,50,5"]|13:57:40:461
62|1.1|636136520475695409|0|50265.4609375|9.05872359911|100.56180921628|-20585|-512113||50265.4609375|370||36993.75|368.5|50265.4609375|880450|AIQ3112|0|2660|0|||3|3|0|1|1|132|210|["132,210,2,2142","132,82,5","132,66,5","132,50,5"]|13:57:45:461
62|1.1|636136520525610400|0|50270.4609375|9.04837565222|100.56213108088|-20551|-513260||50270.4609375|370||36993.75|368.5|50270.4609375|880450|AIQ3112|0|2660|0|||3|3|0|1|1|132|210|["132,210,2,2142","132,82,5","132,66,5","132,50,5"]|13:57:50:461
62|1.1|636136520575535392|0|50275.4375|9.03746980669|100.56249049635|-20512|-514468||50275.4375|370||36981.25|368.5|50275.4375|880450|AIQ3112|0|2660|0|||3|3|0|1|1|132|210|["132,210,2,2142","132,82,5","132,66,5","132,50,5"]|13:57:55:438
62|1.1|636136520625460384|0|50280.4375|9.02666052054|100.56275871685|-20483|-515665||50280.4375|370||36981.25|368.5|50280.4375|880450|AIQ3112|0|2660|0|||3|3|0|1|1|132|83|["132,210,2,2142","132,82,5","132,66,5","132,50,5"]|13:58:00:438
62|1.1|636136520675375375|0|50285.421875|9.01675245527|100.56287136946|-20472|-516763||50285.421875|370||37006.25|368.5|50285.421875|880450|AIQ3112|0|2660|0|||3|3|0|1|1|132|210|["132,210,2,2142","132,82,5","132,66,5","132,50,5"]|13:58:05:422
62|1.1|636136520725310368|0|50290.421875|9.00705360199|100.56276944567|-20484|-517838||50290.421875|370||37012.5|368.5|50290.421875|880450|AIQ3112|0|2660|0|||3|3|0|1|1|132|210|["132,210,2,2142","132,82,5","132,66,5","132,50,5"]|13:58:10:422
62|1.1|636136520775225359|0|50295.421875|8.99687731622|100.56290355592|-20469|-518965||50295.421875|370||37018.75|368.75|50295.421875|880450|AIQ3112|0|2660|0|||3|3|0|1|1|132|210|["132,210,2,2142","132,82,5","132,66,5","132,50,5"]|13:58:15:422
62|1.1|636136520825150351|0|50300.3984375|8.9865669202|100.56317714083|-20440|-520107||50300.3984375|370||37025|368.5|50300.3984375|880450|AIQ3112|0|2660|0|||3|3|0|1|1|132|210|["132,210,2,2142","132,82,5","132,66,5","132,50,5"]|13:58:20:398
62|1.1|636136520875065342|0|50305.3984375|8.97548404914|100.56335416636|-20421|-521335||50305.3984375|370||36987.5|367.75|50305.3984375|880450|AIQ3112|0|2660|0|||3|3|0|1|1|132|210|["132,210,2,2142","132,82,5","132,66,5","132,50,5"]|13:58:25:398
62|1.1|636136520924990334|0|50310.375|8.96528094132|100.56345609015|-20411|-522466||50310.375|370||37000|367.75|50310.375|880450|AIQ3112|0|2660|0|||3|3|0|1|1|132|210|["132,210,2,2142","132,82,5","132,66,5","132,50,5"]|13:58:30:375
62|1.1|636136520974915326|0|50315.375|8.95478815536|100.56357947158|-20398|-523628||50315.375|370||36993.75|367.75|50315.375|880450|AIQ3112|0|2660|0|||3|3|0|1|1|132|210|["132,210,2,2142","132,82,5","132,66,5","132,50,5"]|13:58:35:375
62|1.1|636136521024830317|0|50320.375|8.94433828468|100.56381550562|-20373|-524786||50320.375|370||36987.5|367.75|50320.375|880450|AIQ3112|0|2660|0|||3|3|0|1|1|132|210|["132,210,2,2142","132,82,5","132,66,5","132,50,5"]|13:58:40:375
62|1.1|636136521074755309|0|50325.359375|8.93309984573|100.56395498028|-20358|-526031||50325.359375|370||36968.75|367.75|50325.359375|880450|AIQ3112|0|2660|0|||3|3|0|1|1|132|210|["132,210,2,2142","132,82,5","132,66,5","132,50,5"]|13:58:45:359
62|1.1|636136521124670300|0|50330.359375|8.92211353405|100.5640729973|-20346|-527248||50330.359375|370||36968.75|367.75|50330.359375|880450|AIQ3112|0|2660|0|||3|3|0|1|1|132|66|["132,210,2,2142","132,82,5","132,66,5","132,50,5"]|13:58:50:359
62|1.1|636136521174615294|0|50335.3359375|8.91244686723|100.56409445494|-20344|-528319||50335.3359375|370||37000|367.75|50335.3359375|880450|AIQ3112|0|2660|0|||3|3|0|1|1|132|210|["132,210,2,2142","132,82,5","132,66,5","132,50,5"]|13:58:55:336
62|1.1|636136521224520284|0|50340.3359375|8.90146055555|100.56422320078|-20331|-529537||50340.3359375|370||37006.25|367.75|50340.3359375|880450|AIQ3112|0|2660|0|||3|3|0|1|1|132|66|["132,210,2,2142","132,82,5","132,66,5","132,50,5"]|13:59:00:336
62|1.1|636136521274435275|0|50345.3359375|8.8905976253|100.56437340426|-20315|-530740||50345.3359375|370.25||37012.5|368|50345.3359375|880450|AIQ3112|0|2660|0|||3|3|0|1|1|132|66|["132,210,2,2142","132,82,5","132,66,5","132,50,5"]|13:59:05:336
62|1.1|636136521324370268|0|50350.3203125|8.88057154301|100.56448069246|-20304|-531851||50350.3203125|370||37018.75|368|50350.3203125|880450|AIQ3112|0|2660|0|||3|3|0|1|1|132|82|["132,210,2,2142","132,82,5","132,66,5","132,50,5"]|13:59:10:320
62|1.1|636136521374285259|0|50355.3203125|8.87040062165|100.56457725184|-20294|-532978||50355.3203125|370||37012.5|367.75|50355.3203125|880450|AIQ3112|0|2660|0|||3|3|0|1|1|132|82|["132,210,2,2142","132,82,5","132,66,5","132,50,5"]|13:59:15:320
62|1.1|636136521424200250|0|50360.296875|8.86007949681|100.56469526886|-20282|-534121||50360.296875|370||37012.5|367.75|50360.296875|880450|AIQ3112|0|2660|0|||3|3|0|1|1|132|82|["132,210,2,2142","132,82,5","132,66,5","132,50,5"]|13:59:20:297
62|1.1|636136521474125242|0|50365.296875|8.84940432091|100.56474354855|-20277|-535304||50365.296875|370||37000|367.75|50365.296875|880450|AIQ3112|0|2660|0|||3|3|0|1|1|132|83|["132,210,2,2142","132,82,5","132,66,5","132,50,5"]|13:59:25:297
62|1.1|636136521524050234|0|50370.296875|8.83867550091|100.56482937911|-20268|-536493||50370.296875|370||37000|367.75|50370.296875|880450|AIQ3112|0|2660|0|||3|3|0|1|1|132|50|["132,210,2,2142","132,82,5","132,66,5","132,50,5"]|13:59:30:297
62|1.1|636136521573965225|0|50375.28125|8.82790913004|100.56497421818|-20253|-537686||50375.28125|369.5||36987.5|367.5|50375.28125|880450|AIQ3112|0|2660|0|||3|3|0|1|1|132|51|["132,210,2,2142","132,82,5","132,66,5","132,50,5"]|13:59:35:281
62|1.1|636136521623890217|0|50380.28125|8.8171052083|100.56516733694|-20233|-538883||50380.28125|369.25||36968.75|367|50380.28125|880450|AIQ3112|0|2660|0|||3|3|0|1|1|132|50|["132,210,2,2142","132,82,5","132,66,5","132,50,5"]|13:59:40:281
62|1.1|636136521673815209|0|50385.2578125|8.80608134575|100.56525853191|-20223|-540104||50385.2578125|368.5||36862.5|366.5|50385.2578125|880450|AIQ3112|0|2660|0|||3|3|0|1|1|132|50|["132,210,2,2142","132,82,5","132,66,5","132,50,5"]|13:59:45:258
62|1.1|636136521723730200|0|50390.2578125|8.79481608475|100.56542482862|-20206|-541352||50390.2578125|367.75||36768.75|365.5|50390.2578125|880450|AIQ3112|0|2660|-806.25|||3|3|2|1|1|132|50|["132,210,2,2142","132,82,5","132,66,5","132,50,5"]|13:59:50:258
62|1.1|636136521773655192|0|50395.2578125|8.78318067946|100.56555357446|-20192|-542642||50395.2578125|366.5||36618.75|364|50395.2578125|880450|AIQ3112|0|2660|-1125|||3|3|2|1|1|132|50|["132,210,2,2142","132,82,5","132,66,5","132,50,5"]|13:59:55:258
62|1.1|636136521823430169|0|50400.2421875|8.77230702039|100.56574669322|-20172|-543847||50400.2421875|365||36525|362.25|50400.2421875|880450|AIQ3112|0|2660|-1575|||3|3|2|1|1|132|50|["132,210,2,2142","132,82,5","132,66,5","132,50,5"]|14:00:00:242
62|1.1|636136521873495175|0|50405.2421875|8.76125633579|100.56592908316|-20152|-545071||50405.2421875|363||36381.25|359.5|50405.2421875|880450|AIQ3112|0|2660|-2187.5|||3|3|2|1|1|132|50|["132,210,2,2142","132,82,5","132,66,5","132,50,5"]|14:00:05:242
62|1.1|636136521923270152|0|50410.21875|8.75007154094|100.56601491372|-20144|-546310||50410.21875|360.5||36118.75|357.25|50410.21875|880450|AIQ3112|0|2660|-2500|||3|3|2|1|1|132|82|["132,210,2,2142","132,82,5","132,66,5","132,50,5"]|14:00:10:219
62|1.1|636136521973185143|0|50415.21875|8.73917105982|100.56606855782|-20139|-547518||50415.21875|357.5||35800|354.25|50415.21875|880450|AIQ3112|0|2660|-2893.75|||3|3|2|1|1|132|82|["132,210,2,2142","132,82,5","132,66,5","132,50,5"]|14:00:15:219
62|1.1|636136522023110135|0|50420.21875|8.72819011255|100.5662187613|-20123|-548735||50420.21875|354.25||35468.75|350.75|50420.21875|880450|AIQ3112|0|2660|-3737.5|||3|3|2|1|1|132|82|["132,210,2,2142","132,82,5","132,66,5","132,50,5"]|14:00:20:219
62|1.1|636136522073025126|0|50425.1953125|8.71733791112|100.5662724054|-20118|-549938||50425.1953125|350.75||35118.75|346.75|50425.1953125|880450|AIQ3112|0|2660|-4193.75|||3|3|2|1|1|132|82|["132,210,2,2142","132,82,5","132,66,5","132,50,5"]|14:00:25:195
62|1.1|636136522122950118|0|50430.1953125|8.70639451472|100.56635287155|-20109|-551150||50430.1953125|347.25||34750|343.25|50430.1953125|880450|AIQ3112|0|2660|-4268.75|||3|3|2|1|1|132|82|["132,210,2,2142","132,82,5","132,66,5","132,50,5"]|14:00:30:195
62|1.1|636136522172915114|0|50435.1796875|8.69544575391|100.56640115124|-20105|-552363||50435.1796875|344||34387.5|340|50435.1796875|880450|AIQ3112|0|2660|-4131.25|||3|3|2|1|1|132|82|["132,210,2,2142","132,82,5","132,66,5","132,50,5"]|14:00:35:180
62|1.1|636136522222790101|0|50440.1796875|8.68429314552|100.56652989708|-20091|-553599||50440.1796875|341||34006.25|337|50440.1796875|880450|AIQ3112|0|2660|-3993.75|||3|3|2|1|1|132|82|["132,210,2,2142","132,82,5","132,66,5","132,50,5"]|14:00:40:180
62|1.1|636136522272715093|0|50445.1796875|8.673178088|100.56665864292|-20078|-554831||50445.1796875|338.25||33656.25|334.25|50445.1796875|880450|AIQ3112|0|2660|-3681.25|||3|3|2|1|1|132|82|["132,210,2,2142","132,82,5","132,66,5","132,50,5"]|14:00:45:180
62|1.1|636136522322640085|0|50450.15625|8.66201475079|100.56673374466|-20070|-556068||50450.15625|334.5||33337.5|332.5|50450.15625|880450|AIQ3112|0|2660|-3012.5|||3|3|2|1|1|132|83|["132,210,2,2142","132,82,5","132,66,5","132,50,5"]|14:00:50:156
62|1.1|636136522372565077|0|50455.15625|8.65070657451|100.56668010056|-20077|-557321||50455.15625|332.5||33062.5|330|50455.15625|880450|AIQ3112|0|2660|-2975|||3|3|2|1|1|132|50|["132,210,2,2142","132,82,5","132,66,5","132,50,5"]|14:00:55:156
62|1.1|636136522422490069|0|50460.140625|8.6397578137|100.56683030404|-20061|-558534||50460.140625|330||32868.75|327|50460.140625|880450|AIQ3112|0|2660|-3287.5|||3|3|2|1|1|132|50|["132,210,2,2142","132,82,5","132,66,5","132,50,5"]|14:01:00:141
62|1.1|636136522472405060|0|50465.140625|8.62862666295|100.56694295665|-20050|-559768||50465.140625|327.5||32581.25|324.25|50465.140625|880450|AIQ3112|0|2660|-3306.25|||3|3|2|1|1|132|50|["132,210,2,2142","132,82,5","132,66,5","132,50,5"]|14:01:05:141
62|1.1|636136522522330052|0|50470.140625|8.61762425804|100.56716826187|-20026|-560987||50470.140625|324.5||32287.5|321.25|50470.140625|880450|AIQ3112|0|2660|-3368.75|||3|3|2|1|1|132|50|["132,210,2,2142","132,82,5","132,66,5","132,50,5"]|14:01:10:141
62|1.1|636136522572245043|0|50475.1171875|8.60667013282|100.5673452874|-20007|-562201||50475.1171875|321.5||31981.25|318.25|50475.1171875|880450|AIQ3112|0|2660|-3506.25|||3|3|2|1|1|132|50|["132,210,2,2142","132,82,5","132,66,5","132,50,5"]|14:01:15:117
62|1.1|636136522622170035|0|50480.1171875|8.59656358438|100.56749549088|-19991|-563321||50480.1171875|318.5||31731.25|314.75|50480.1171875|880450|AIQ3112|0|2660|-3681.25|||3|3|2|1|1|132|50|["132,210,2,2142","132,82,5","132,66,5","132,50,5"]|14:01:20:117
62|1.1|636136522672095027|0|50485.1015625|8.58634974774|100.567667152|-19973|-564453||50485.1015625|314.25||31431.25|311.75|50485.1015625|880450|AIQ3112|0|2660|-3718.75|||3|3|2|1|1|132|51|["132,210,2,2142","132,82,5","132,66,5","132,50,5"]|14:01:25:102
62|1.1|636136522722010018|0|50490.1015625|8.57530442755|100.56780126225|-19959|-565677||50490.1015625|311.25||31131.25|308.75|50490.1015625|880450|AIQ3112|0|2660|-3681.25|||3|3|2|1|1|132|51|["132,210,2,2142","132,82,5","132,66,5","132,50,5"]|14:01:30:102
62|1.1|636136522771935010|0|50495.1015625|8.56426447177|100.56795683014|-19942|-566900||50495.1015625|308.5||30806.25|305.5|50495.1015625|880450|AIQ3112|0|2660|-3700|||3|3|2|1|1|132|51|["132,210,2,2142","132,82,5","132,66,5","132,50,5"]|14:01:35:102
62|1.1|636136522821850001|0|50500.078125|8.55316550748|100.56809094039|-19929|-568130||50500.078125|305.75||30468.75|302.25|50500.078125|880450|AIQ3112|0|2660|-3800|||3|3|2|1|1|132|82|["132,210,2,2142","132,82,5","132,66,5","132,50,5"]|14:01:40:078
62|1.1|636136522871784994|0|50505.078125|8.54181441592|100.56827333033|-19909|-569388||50505.078125|301.75||30156.25|299.25|50505.078125|880450|AIQ3112|0|2660|-3762.5|||3|3|2|1|1|132|83|["132,210,2,2142","132,82,5","132,66,5","132,50,5"]|14:01:45:078
62|1.1|636136522921699985|0|50510.0625|8.53068862958|100.56840744058|-19895|-570621||50510.0625|299.5||29856.25|296.25|50510.0625|880450|AIQ3112|0|2660|-3681.25|||3|3|2|1|1|132|83|["132,210,2,2142","132,82,5","132,66,5","132,50,5"]|14:01:50:063
62|1.1|636136522971634978|0|50515.0625|8.51946091945|100.56856837288|-19878|-571866||50515.0625|297.25||29543.75|293.75|50515.0625|880450|AIQ3112|0|2660|-3506.25|||3|3|2|1|1|132|82|["132,210,2,2142","132,82,5","132,66,5","132,50,5"]|14:01:55:063
62|1.1|636136523021549969|0|50520.0625|8.50781478534|100.56862738139|-19872|-573156||50520.0625|295||29206.25|291.5|50520.0625|880450|AIQ3112|0|2660|-3168.75|||3|3|2|1|1|132|82|["132,210,2,2142","132,82,5","132,66,5","132,50,5"]|14:02:00:063
62|1.1|636136523071464960|0|50525.0390625|8.49579850694|100.5687936781|-19855|-574488||50525.0390625|292.75||28887.5|289.5|50525.0390625|880450|AIQ3112|0|2660|-2875|||3|3|2|1|1|132|82|["132,210,2,2142","132,82,5","132,66,5","132,50,5"]|14:02:05:039
62|1.1|636136523121389952|0|50530.0390625|8.4836534827|100.5688473222|-19850|-575834||50530.0390625|290.75||28625|287.75|50530.0390625|880450|AIQ3112|0|2660|-2556.25|||3|3|2|1|1|132|82|["132,210,2,2142","132,82,5","132,66,5","132,50,5"]|14:02:10:039
62|1.1|636136523171304943|0|50535.015625|8.47199125536|100.56836988971|-19903|-577127||50535.015625|288.5||28475|285.75|50535.015625|880450|AIQ3112|0|2660|-2418.75|||3|3|2|1|1|132|50|["132,210,2,2142","132,82,5","132,66,5","132,50,5"]|14:02:15:016
62|1.1|636136523221259938|0|50540.015625|8.46058115529|100.56811776244|-19932|-578391||50540.015625|286.5||28337.5|283.75|50540.015625|880450|AIQ3112|0|2660|-2400|||3|3|2|1|1|132|50|["132,210,2,2142","132,82,5","132,66,5","132,50,5"]|14:02:20:016
62|1.1|636136523271174929|0|50545.015625|8.44951437746|100.56683030404|-20074|-579618||50545.015625|284||28143.75|281.75|50545.015625|880450|AIQ3112|0|2660|-2462.5|||3|3|2|1|1|132|51|["132,210,2,2142","132,82,5","132,66,5","132,50,5"]|14:02:25:016
62|1.1|636136523321069918|0|50550|8.43815792149|100.56594517639|-20173|-580876||50550|282.25||27956.25|279.5|50550|880450|AIQ3112|0|2660|-2537.5|||3|3|2|1|1|132|50|["132,210,2,2142","132,82,5","132,66,5","132,50,5"]|14:02:30:000
62|1.1|636136523370994910|0|50555|8.42728426242|100.5645021501|-20333|-582081||50555|280||27793.75|277.25|50555|880450|AIQ3112|0|2660|-2556.25|||3|3|2|1|1|132|50|["132,210,2,2142","132,82,5","132,66,5","132,50,5"]|14:02:35:000
62|1.1|636136523420909901|0|50559.9765625|8.41655544242|100.56287673387|-20513|-583270||50559.9765625|277.5||27637.5|275|50559.9765625|880450|AIQ3112|0|2660|-2637.5|||3|3|2|1|1|132|82|["132,210,2,2142","132,82,5","132,66,5","132,50,5"]|14:02:39:977
62|1.1|636136523470834893|0|50564.9765625|8.40595536826|100.5611225718|-20707|-584445||50564.9765625|274.75||27450|272.25|50564.9765625|880450|AIQ3112|0|2660|-2975|||3|3|2|1|1|132|83|["132,210,2,2142","132,82,5","132,66,5","132,50,5"]|14:02:44:977
62|1.1|636136523520759885|0|50569.9765625|8.39659983722|100.55982438458|-20851|-585482||50569.9765625|272.75||27237.5|269.75|50569.9765625|880450|AIQ3112|0|2660|-2993.75|||3|3|2|1|1|132|82|["132,210,2,2142","132,82,5","132,66,5","132,50,5"]|14:02:49:977
62|1.1|636136523570684877|0|50574.9609375|8.38675078046|100.55819360394|-21032|-586573||50574.9609375|270||27031.25|267.5|50574.9609375|880450|AIQ3112|0|2660|-2875|||3|3|2|1|1|132|51|["132,210,2,2142","132,82,5","132,66,5","132,50,5"]|14:02:54:961
62|1.1|636136523620599868|0|50579.9609375|8.37687490165|100.55659500976|-21209|-587668||50579.9609375|268.25||26818.75|265.25|50579.9609375|880450|AIQ3112|0|2660|-2793.75|||3|3|2|1|1|132|82|["132,210,2,2142","132,82,5","132,66,5","132,50,5"]|14:02:59:961
62|1.1|636136523670524860|0|50584.9375|8.36680053967|100.55490522061|-21396|-588784||50584.9375|266.5||26606.25|263.25|50584.9375|880450|AIQ3112|0|2660|-2637.5|||3|3|2|1|1|132|82|["132,210,2,2142","132,82,5","132,66,5","132,50,5"]|14:03:04:938
62|1.1|636136523720439851|0|50589.9375|8.35644186396|100.55315642295|-21590|-589932||50589.9375|264.5||26412.5|261.5|50589.9375|880450|AIQ3112|0|2660|-2500|||3|3|2|1|1|132|82|["132,210,2,2142","132,82,5","132,66,5","132,50,5"]|14:03:09:938
62|1.1|636136523770374844|0|50594.9375|8.34483864513|100.55120914212|-21806|-591218||50594.9375|262.5||26131.25|259.5|50594.9375|880450|AIQ3112|0|2660|-2418.75|||3|3|2|1|1|132|82|["132,210,2,2142","132,82,5","132,66,5","132,50,5"]|14:03:14:938
62|1.1|636136523820289835|0|50599.921875|8.33407763867|100.54934769185|-22012|-592411||50599.921875|260||25900|257.5|50599.921875|880450|AIQ3112|0|2660|-2400|||3|3|2|1|1|132|83|["132,210,2,2142","132,82,5","132,66,5","132,50,5"]|14:03:19:922
62|1.1|636136523870204826|0|50604.921875|8.32333272544|100.54753452127|-22213|-593602||50604.921875|258||25681.25|255.5|50604.921875|880450|AIQ3112|0|2660|-2518.75|||3|3|2|1|1|132|82|["132,210,2,2142","132,82,5","132,66,5","132,50,5"]|14:03:24:922
62|1.1|636136523920129818|0|50609.8984375|8.31353194837|100.5458340033|-22401|-594688||50609.8984375|255.5||25500|252.75|50609.8984375|880450|AIQ3112|0|2660|-2793.75|||3|3|2|1|1|132|82|["132,210,2,2142","132,82,5","132,66,5","132,50,5"]|14:03:29:898
62|1.1|636136523970054810|0|50614.8984375|8.3035165949|100.54415494297|-22588|-595798||50614.8984375|253||25268.75|250|50614.8984375|880450|AIQ3112|0|2660|-2931.25|||3|3|2|1|1|132|82|["132,210,2,2142","132,82,5","132,66,5","132,50,5"]|14:03:34:898
62|1.1|636136524019969801|0|50619.8984375|8.29288969869|100.54237395885|-22785|-596976||50619.8984375|250.5||24993.75|247.5|50619.8984375|880450|AIQ3112|0|2660|-2993.75|||3|3|2|1|1|132|50|["132,210,2,2142","132,82,5","132,66,5","132,50,5"]|14:03:39:898
62|1.1|636136524069894793|0|50624.875|8.28316938777|100.54086119523|-22953|-598053||50624.875|247.5||24768.75|245.25|50624.875|880450|AIQ3112|0|2660|-2950|||3|3|2|1|1|132|83|["132,210,2,2142","132,82,5","132,66,5","132,50,5"]|14:03:44:875
62|1.1|636136524119819785|0|50629.875|8.27306283933|100.53914458403|-23144|-599173||50629.875|246||24537.5|242.75|50629.875|880450|AIQ3112|0|2660|-2912.5|||3|3|2|1|1|132|83|["132,210,2,2142","132,82,5","132,66,5","132,50,5"]|14:03:49:875
62|1.1|636136524169744777|0|50634.859375|8.26219990908|100.53742797283|-23334|-600377||50634.859375|243.75||24281.25|240.75|50634.859375|880450|AIQ3112|0|2660|-2756.25|||3|3|2|1|1|132|82|["132,210,2,2142","132,82,5","132,66,5","132,50,5"]|14:03:54:859
62|1.1|636136524219659768|0|50639.859375|8.25232939468|100.53582937865|-23511|-601471||50639.859375|242.25||24131.25|239|50639.859375|880450|AIQ3112|0|2660|-2343.75|||3|3|2|1|1|132|82|["132,210,2,2142","132,82,5","132,66,5","132,50,5"]|14:03:59:859
62|1.1|636136524269584760|0|50644.859375|8.24187415959|100.53405912335|-23707|-602630||50644.859375|240.75||23906.25|238.25|50644.859375|880450|AIQ3112|0|2660|-1631.25|||3|3|2|1|1|132|82|["132,210,2,2142","132,82,5","132,66,5","132,50,5"]|14:04:04:859
62|1.1|636136524319499751|0|50649.8359375|8.23140283127|100.53242834271|-23888|-603790||50649.8359375|239.25||23775|236.75|50649.8359375|880450|AIQ3112|0|2660|-1593.75|||3|3|2|1|1|132|82|["132,210,2,2142","132,82,5","132,66,5","132,50,5"]|14:04:09:836
62|1.1|636136524369464747|0|50654.8359375|8.22176835091|100.53095849437|-24051|-604858||50654.8359375|237||23681.25|234.75|50654.8359375|880450|AIQ3112|0|2660|-2025|||3|3|2|1|1|132|82|["132,210,2,2142","132,82,5","132,66,5","132,50,5"]|14:04:14:836
62|1.1|636136524419369737|0|50659.8203125|8.21227870962|100.52949937485|-24213|-605910||50659.8203125|234.5||23468.75|232|50659.8203125|880450|AIQ3112|0|2660|-2656.25|||3|3|2|1|1|132|82|["132,210,2,2142","132,82,5","132,66,5","132,50,5"]|14:04:19:820
62|1.1|636136524469264726|0|50664.8203125|8.20291781417|100.52821191645|-24356|-606948||50664.8203125|232||23206.25|229.5|50664.8203125|880450|AIQ3112|0|2660|-2856.25|||3|3|2|1|1|132|82|["132,210,2,2142","132,82,5","132,66,5","132,50,5"]|14:04:24:820
62|1.1|636136524519199719|0|50669.8203125|8.19245721467|100.52661332227|-24533|-608107||50669.8203125|229.5||22931.25|226.75|50669.8203125|880450|AIQ3112|0|2660|-3087.5|||3|3|2|1|1|132|82|["132,210,2,2142","132,82,5","132,66,5","132,50,5"]|14:04:29:820
62|1.1|636136524569114710|0|50674.796875|8.18277445462|100.52510592306|-24701|-609180||50674.796875|227||22681.25|224.25|50674.796875|880450|AIQ3112|0|2660|-3031.25|||3|3|2|1|1|132|82|["132,210,2,2142","132,82,5","132,66,5","132,50,5"]|14:04:34:797
62|1.1|636136524619039702|0|50679.796875|8.1730541437|100.52361998149|-24866|-610258||50679.796875|224.25||22431.25|221.75|50679.796875|880450|AIQ3112|0|2660|-3031.25|||3|3|2|1|1|132|82|["132,210,2,2142","132,82,5","132,66,5","132,50,5"]|14:04:39:797
62|1.1|636136524668954693|0|50684.78125|8.16306024787|100.52199992967|-25046|-611365||50684.78125|221.5||22168.75|219|50684.78125|880450|AIQ3112|0|2660|-3112.5|||3|3|2|1|1|132|83|["132,210,2,2142","132,82,5","132,66,5","132,50,5"]|14:04:44:781
62|1.1|636136524718879685|0|50689.78125|8.15326483521|100.52058372543|-25203|-612451||50689.78125|219.25||21875|216.5|50689.78125|880450|AIQ3112|0|2660|-3112.5|||3|3|2|1|1|132|82|["132,210,2,2142","132,82,5","132,66,5","132,50,5"]|14:04:49:781
62|1.1|636136524768804677|0|50694.78125|8.14340504963|100.51912460591|-25365|-613544||50694.78125|216.5||21631.25|214|50694.78125|880450|AIQ3112|0|2660|-3050|||3|3|2|1|1|132|51|["132,210,2,2142","132,82,5","132,66,5","132,50,5"]|14:04:54:781
62|1.1|636136524818719668|0|50699.7578125|8.1330892892|100.51757429142|-25537|-614687||50699.7578125|214.75||21381.25|211.75|50699.7578125|880450|AIQ3112|0|2660|-2975|||3|3|2|1|1|132|82|["132,210,2,2142","132,82,5","132,66,5","132,50,5"]|14:04:59:758
62|1.1|636136524868644660|0|50704.7578125|8.12335288505|100.51604543457|-25707|-615767||50704.7578125|213||21206.25|210.5|50704.7578125|880450|AIQ3112|0|2660|-2343.75|||3|3|2|1|1|132|50|["132,210,2,2142","132,82,5","132,66,5","132,50,5"]|14:05:04:758
62|1.1|636136524918569652|0|50709.7421875|8.1136164809|100.51454876418|-25873|-616846||50709.7421875|211.25||21050|208.75|50709.7421875|880450|AIQ3112|0|2660|-1968.75|||3|3|2|1|1|132|50|["132,210,2,2142","132,82,5","132,66,5","132,50,5"]|14:05:09:742
62|1.1|636136524968494644|0|50714.7421875|8.10373523768|100.51293944118|-26051|-617941||50714.7421875|209.5||20837.5|207.25|50714.7421875|880450|AIQ3112|0|2660|-2025|||3|3|2|1|1|132|82|["132,210,2,2142","132,82,5","132,66,5","132,50,5"]|14:05:14:742
62|1.1|636136525018409635|0|50719.7421875|8.09355895191|100.51137303346|-26226|-619069||50719.7421875|207.75||20606.25|205.25|50719.7421875|880450|AIQ3112|0|2660|-2106.25|||3|3|2|1|1|132|82|["132,210,2,2142","132,82,5","132,66,5","132,50,5"]|14:05:19:742
62|1.1|636136525068354629|0|50724.71875|8.08328610676|100.5096242358|-26420|-620208||50724.71875|205.25||20350|203|50724.71875|880450|AIQ3112|0|2660|-2362.5|||3|3|2|1|1|132|82|["132,210,2,2142","132,82,5","132,66,5","132,50,5"]|14:05:24:719
62|1.1|636136525118249618|0|50729.71875|8.07423634709|100.50830459094|-26566|-621211||50729.71875|203.25||20275|200.75|50729.71875|880450|AIQ3112|0|2660|-2537.5|||3|3|2|1|1|132|82|["132,210,2,2142","132,82,5","132,66,5","132,50,5"]|14:05:29:719
62|1.1|636136525168174610|0|50734.6953125|8.06436583269|100.50686156465|-26726|-622305||50734.6953125|201||20075|198.5|50734.6953125|880450|AIQ3112|0|2660|-2581.25|||3|3|2|1|1|132|82|["132,210,2,2142","132,82,5","132,66,5","132,50,5"]|14:05:34:695
62|1.1|636136525218099602|0|50739.6953125|8.05427001307|100.50530052134|-26900|-623424||50739.6953125|199||19825|196.25|50739.6953125|880450|AIQ3112|0|2660|-2618.75|||3|3|2|1|1|132|82|["132,210,2,2142","132,82,5","132,66,5","132,50,5"]|14:05:39:695
62|1.1|636136525268014593|0|50744.6953125|8.04437267662|100.5037770289|-27069|-624521||50744.6953125|197||19606.25|194.5|50744.6953125|880450|AIQ3112|0|2660|-2481.25|||3|3|2|1|1|132|82|["132,210,2,2142","132,82,5","132,66,5","132,50,5"]|14:05:44:695
62|1.1|636136525317959587|0|50749.6796875|8.03474356067|100.50215697708|-27249|-625589||50749.6796875|195||19368.75|192.5|50749.6796875|880450|AIQ3112|0|2660|-2418.75|||3|3|2|1|1|132|82|["132,210,2,2142","132,82,5","132,66,5","132,50,5"]|14:05:49:680
62|1.1|636136525367854576|0|50754.6796875|8.02472284279|100.50057447613|-27425|-626700||50754.6796875|193.75||19193.75|191.25|50754.6796875|880450|AIQ3112|0|2660|-2068.75|||3|3|2|1|1|132|82|["132,210,2,2142","132,82,5","132,66,5","132,50,5"]|14:05:54:680
62|1.1|636136525417779568|0|50759.65625|8.01512054889|100.49882567847|-27619|-627764||50759.65625|193||19031.25|190|50759.65625|880450|AIQ3112|0|2660|-1768.75|||3|3|2|1|1|132|66|["132,210,2,2142","132,82,5","132,66,5","132,50,5"]|14:05:59:656
62|1.1|636136525467704560|0|50764.65625|8.00538414474|100.49732900808|-27785|-628843||50764.65625|191.75||18950|189.25|50764.65625|880450|AIQ3112|0|2660|-1375|||3|3|2|1|1|132|82|["132,210,2,2142","132,82,5","132,66,5","132,50,5"]|14:06:04:656
62|1.1|636136525517619551|0|50769.65625|7.99601788488|100.49596644794|-27936|-629882||50769.65625|191||18893.75|188.5|50769.65625|880450|AIQ3112|0|2660|-1181.25|||3|3|2|1|1|132|82|["132,210,2,2142","132,82,5","132,66,5","132,50,5"]|14:06:09:656
62|1.1|636136525567544543|0|50774.640625|7.98704322695|100.49501694737|-28042|-630877||50774.640625|190||18937.5|187.75|50774.640625|880450|AIQ3112|0|2660|-1062.5|||3|3|2|1|1|132|83|["132,210,2,2142","132,82,5","132,66,5","132,50,5"]|14:06:14:641
62|1.1|636136525617469535|0|50779.640625|7.97874448468|100.49383141276|-28174|-631797||50779.640625|189.5||18918.75|187|50779.640625|880450|AIQ3112|0|2660|-981.25|||3|3|2|1|1|132|51|["132,210,2,2142","132,82,5","132,66,5","132,50,5"]|14:06:19:641
62|1.1|636136525667384526|0|50784.6171875|7.96967863178|100.49239911529|-28334|-632802||50784.6171875|188.75||18843.75|186.25|50784.6171875|880450|AIQ3112|0|2660|-906.25|||3|3|2|1|1|132|50|["132,210,2,2142","132,82,5","132,66,5","132,50,5"]|14:06:24:617
62|1.1|636136525717309518|0|50789.6171875|7.9613745251|100.49135305534|-28450|-633722||50789.6171875|188.25||18812.5|185.75|50789.6171875|880450|AIQ3112|0|2660|-787.5|||3|3|2|1|1|132|50|["132,210,2,2142","132,82,5","132,66,5","132,50,5"]|14:06:29:617
62|1.1|636136525767234510|0|50794.6171875|7.95291485053|100.49027480893|-28570|-634660||50794.6171875|187.25||18756.25|185|50794.6171875|880450|AIQ3112|0|2660|-787.5|||3|3|2|1|1|132|50|["132,210,2,2142","132,82,5","132,66,5","132,50,5"]|14:06:34:617
62|1.1|636136525817159502|0|50799.6015625|7.94457319298|100.4894540542|-28661|-635585||50799.6015625|186.25||18650|183.75|50799.6015625|880450|AIQ3112|0|2660|-1081.25|||3|3|2|1|1|132|50|["132,210,2,2142","132,82,5","132,66,5","132,50,5"]|14:06:39:602
62|1.1|636136525867084494|0|50804.6015625|7.93599013698|100.48856356214|-28760|-636536||50804.6015625|184.75||18531.25|182.75|50804.6015625|880450|AIQ3112|0|2660|-1281.25|||3|3|2|1|1|132|51|["132,210,2,2142","132,82,5","132,66,5","132,50,5"]|14:06:44:602
62|1.1|636136525916989484|0|50809.578125|7.92816346279|100.48767843449|-28859|-637404||50809.578125|183.75||18431.25|181.5|50809.578125|880450|AIQ3112|0|2660|-1300|||3|3|2|1|1|132|51|["132,210,2,2142","132,82,5","132,66,5","132,50,5"]|14:06:49:578
62|1.1|636136525966914476|0|50814.578125|7.91927999983|100.48675039156|-28963|-638389||50814.578125|183||18287.5|180.25|50814.578125|880450|AIQ3112|0|2660|-1356.25|||3|3|2|1|1|132|50|["132,210,2,2142","132,66,5","132,50,5"]|14:06:54:578
62|1.1|636136526016839468|0|50819.578125|7.91053064712|100.48592963683|-29054|-639359||50819.578125|182||18162.5|180|50819.578125|880450|AIQ3112|0|2660|-1337.5|||3|3|2|1|1|132|50|["132,210,2,2142","132,66,5","132,50,5"]|14:06:59:578
62|1.1|636136526066764460|0|50824.5625|7.90264496442|100.4848406616|-29175|-640233||50824.5625|180.5||18056.25|178.75|50824.5625|880450|AIQ3112|0|2660|-1337.5|||3|3|2|1|1|132|66|["132,210,2,2142","132,82,5","132,66,5","132,50,5"]|14:07:04:563
62|1.1|636136526116679451|0|50829.5625|7.89369176413|100.48390725426|-29279|-641226||50829.5625|178||17837.5|176.5|50829.5625|880450|AIQ3112|0|2660|-2025|||3|3|2|1|1|132|83|["132,210,2,2142","132,82,5","132,66,5","132,50,5"]|14:07:09:563
62|1.1|636136526166604443|0|50834.5390625|7.88503360639|100.48281291462|-29401|-642186||50834.5390625|176||17656.25|174.75|50834.5390625|880450|AIQ3112|0|2660|-2206.25|||3|3|2|1|1|132|51|["132,210,2,2142","132,82,5","132,66,5","132,50,5"]|14:07:14:539
62|1.1|636136526216529435|0|50839.5390625|7.87745905947|100.48190096492|-29503|-643026||50839.5390625|174.5||17481.25|172.75|50839.5390625|880450|AIQ3112|0|2660|-2281.25|||3|3|2|1|1|132|51|["132,210,2,2142","132,82,5","132,66,5","132,50,5"]|14:07:19:539
62|1.1|636136526266444426|0|50844.5390625|7.86922469012|100.48089245584|-29615|-643938||50844.5390625|173||17287.5|170.75|50844.5390625|880450|AIQ3112|0|2660|-2262.5|||3|3|2|1|1|132|66|["132,210,2,2142","132,82,5","132,66,5","132,50,5"]|14:07:24:539
62|1.1|636136526316369418|0|50849.515625|7.86051825269|100.47982493825|-29734|-644904||50849.515625|171.25||17081.25|169|50849.515625|880450|AIQ3112|0|2660|-2225|||3|3|2|1|1|132|66|["132,210,2,2142","132,82,5","132,66,5","132,50,5"]|14:07:29:516
62|1.1|636136526366294410|0|50854.515625|7.85162406091|100.47895590383|-29831|-645890||50854.515625|169||16881.25|167.25|50854.515625|880450|AIQ3112|0|2660|-2162.5|||3|3|2|1|1|132|83|["132,210,2,2142","132,82,5","132,66,5","132,50,5"]|14:07:34:516
62|1.1|636136526416209401|0|50859.5|7.84321266603|100.47810296264|-29926|-646823||50859.5|167.5||16725|165.75|50859.5|880450|AIQ3112|0|2660|-2050|||3|3|2|1|1|132|83|["132,210,2,2142","132,82,5","132,66,5","132,50,5"]|14:07:39:500
62|1.1|636136526466134393|0|50864.5|7.83533771215|100.47796885239|-29941|-647696||50864.5|166||16600|164.5|50864.5|880450|AIQ3112|0|2660|-1912.5|||3|3|2|1|1|132|51|["132,210,2,2142","132,82,5","132,66,5","132,50,5"]|14:07:44:500
62|1.1|636136526516059385|0|50869.5|7.82772561436|100.47895053942|-29834|-648540||50869.5|164.75||16475|163|50869.5|880450|AIQ3112|0|2660|-1812.5|||3|3|2|1|1|132|50|["132,210,2,2142","132,82,5","132,66,5","132,50,5"]|14:07:49:500
62|1.1|636136526565974376|0|50874.4765625|7.81952879588|100.48014143844|-29703|-649449||50874.4765625|163.25||16331.25|161.75|50874.4765625|880450|AIQ3112|0|2660|-1750|||3|3|2|1|1|132|50|["132,210,2,2142","132,82,5","132,66,5","132,50,5"]|14:07:54:477
62|1.1|636136526615899368|0|50879.4765625|7.81070434143|100.48123041367|-29583|-650427||50879.4765625|161.5||16131.25|160|50879.4765625|880450|AIQ3112|0|2660|-1887.5|||3|3|2|1|1|132|50|["132,210,2,2142","132,82,5","132,66,5","132,50,5"]|14:07:59:477
62|1.1|636136526665824360|0|50884.4609375|7.80264699761|100.4825876094|-29434|-651321||50884.4609375|160||15987.5|158.25|50884.4609375|880450|AIQ3112|0|2660|-1950|||3|3|2|1|1|132|50|["132,210,2,2142","132,82,5","132,66,5","132,50,5"]|14:08:04:461
62|1.1|636136526715739351|0|50889.4609375|7.79380644993|100.4836068473|-29322|-652301||50889.4609375|158.5||15825|156.75|50889.4609375|880450|AIQ3112|0|2660|-1868.75|||3|3|2|1|1|132|83|["132,82,5","132,66,5","132,50,5"]|14:08:09:461
62|1.1|636136526765664343|0|50894.4609375|7.78549697884|100.48470655135|-29201|-653223||50894.4609375|157.75||15750|156|50894.4609375|880450|AIQ3112|0|2660|-1356.25|||3|3|2|1|1|132|83|["132,82,5","132,66,5","132,50,5"]|14:08:14:461
62|1.1|636136526815589335|0|50899.4375|7.77760593173|100.48571506043|-29090|-654098||50899.4375|156.75||15656.25|155.25|50899.4375|880450|AIQ3112|0|2660|-1143.75|||3|3|2|1|1|132|66|["132,82,5","132,66,5","132,50,5"]|14:08:19:438
62|1.1|636136526865504326|0|50904.4375|7.76897996045|100.48691668827|-28958|-655055||50904.4375|156||15537.5|154.25|50904.4375|880450|AIQ3112|0|2660|-1125|||3|3|2|1|1|132|66|["132,82,5","132,66,5","132,50,5"]|14:08:24:438
62|1.1|636136526915429318|0|50909.421875|7.7604237265|100.48798420586|-28841|-656004||50909.421875|155||15443.75|153.25|50909.421875|880450|AIQ3112|0|2660|-1125|||3|3|2|1|1|132|66|["132,66,5","132,50,5"]|14:08:29:422
62|1.1|636136526965354310|0|50914.421875|7.75260241672|100.48910536755|-28718|-656871||50914.421875|154.25||15393.75|152.5|50914.421875|880450|AIQ3112|0|2660|-1062.5|||3|3|2|1|1|132|66|["132,66,5","132,50,5"]|14:08:34:422
62|1.1|636136527015269301|0|50919.421875|7.74449679321|100.49021043601|-28596|-657770||50919.421875|153||15325|151.5|50919.421875|880450|AIQ3112|0|2660|-1025|||3|3|2|1|1|132|83|["132,66,5","132,50,5"]|14:08:39:422
62|1.1|636136527065194293|0|50924.3984375|7.73690078865|100.49112775012|-28496|-658613||50924.3984375|152.25||15250|150.75|50924.3984375|880450|AIQ3112|0|2660|-1006.25|||3|3|2|1|1|132|66|["132,66,5","132,50,5"]|14:08:44:398
62|1.1|636136527115119285|0|50929.3984375|7.72823190209|100.4921362592|-28385|-659574||50929.3984375|151.5||15150|149.75|50929.3984375|880450|AIQ3112|0|2660|-1043.75|||3|3|2|1|1|132|66|["132,66,5","132,50,5"]|14:08:49:398
62|1.1|636136527165034276|0|50934.375|7.71970249019|100.49301065803|-28289|-660520||50934.375|150.5||15031.25|148.75|50934.375|880450|AIQ3112|0|2660|-1125|||3|3|2|1|1|132|66|["132,66,5","132,50,5"]|14:08:54:375
62|1.1|636136527214959268|0|50939.375|7.7112857309|100.49407817562|-28172|-661453||50939.375|149.25||14918.75|147.75|50939.375|880450|AIQ3112|0|2660|-1200|||3|3|2|1|1|132|66|["132,66,5","132,50,5"]|14:08:59:375
62|1.1|636136527264884260|0|50944.375|7.70299235304|100.49523688818|-28044|-662373||50944.375|147.75||14806.25|146.25|50944.375|880450|AIQ3112|0|2660|-1337.5|||3|3|2|1|1|132|51|["132,66,5","132,50,5"]|14:09:04:375
62|1.1|636136527314799251|0|50949.359375|7.69626001849|100.49616493111|-27942|-663120||50949.359375|146.75||14700|145.25|50949.359375|880450|AIQ3112|0|2660|-1375|||3|3|2|1|1|132|66|["132,66,5","132,50,5"]|14:09:09:359
62|1.1|636136527364724243|0|50954.359375|7.68783789479|100.49713052491|-27836|-664054||50954.359375|145.25||14550|143.75|50954.359375|880450|AIQ3112|0|2660|-1575|||3|3|2|1|1|132|50|["132,66,5","132,50,5"]|14:09:14:359
62|1.1|636136527414649235|0|50959.3359375|7.6796357119|100.49824095778|-27714|-664964||50959.3359375|144||14381.25|142.25|50959.3359375|880450|AIQ3112|0|2660|-1631.25|||3|3|2|1|1|132|50|["132,66,5","132,50,5"]|14:09:19:336
62|1.1|636136527464564226|0|50964.3359375|7.67144962224|100.49921191599|-27607|-665871||50964.3359375|142.75||14243.75|141|50964.3359375|880450|AIQ3112|0|2660|-1631.25|||3|3|2|1|1|132|50|["132,66,5","132,50,5"]|14:09:24:336
62|1.1|636136527514489218|0|50969.3359375|7.66333863432|100.5001292301|-27507|-666771||50969.3359375|141.5||14118.75|139.5|50969.3359375|880450|AIQ3112|0|2660|-1612.5|||3|3|2|1|1|132|66|["132,66,5","132,50,5"]|14:09:29:336
62|1.1|636136527564414210|0|50974.3203125|7.65499161236|100.50103581539|-27407|-667697||50974.3203125|140||14018.75|138.5|50974.3203125|880450|AIQ3112|0|2660|-1556.25|||3|3|2|1|1|132|83|["132,66,5","132,50,5"]|14:09:34:320
62|1.1|636136527614329201|0|50979.3203125|7.64784085383|100.50182438366|-27321|-668490||50979.3203125|138.75||13881.25|137|50979.3203125|880450|AIQ3112|0|2660|-1575|||3|3|2|1|1|132|66|["132,66,5","132,50,5"]|14:09:39:320
62|1.1|636136527664254193|0|50984.296875|7.63966549299|100.50230718056|-27268|-669397||50984.296875|137.5||13756.25|135.75|50984.296875|880450|AIQ3112|0|2660|-1593.75|||3|3|2|1|1|132|66|["132,66,5","132,50,5"]|14:09:44:297
62|1.1|636136527714179185|0|50989.296875|7.63135065749|100.50285435038|-27208|-670319||50989.296875|136.25||13587.5|134.25|50989.296875|880450|AIQ3112|0|2660|-1593.75|||3|3|2|1|1|132|66|["132,66,5","132,50,5"]|14:09:49:297
62|1.1|636136527764094176|0|50994.296875|7.62295535584|100.50367510511|-27118|-671250||50994.296875|134.75||13406.25|133.25|50994.296875|880450|AIQ3112|0|2660|-1537.5|||3|3|2|1|1|132|66|["132,66,5","132,50,5"]|14:09:54:297
62|1.1|636136527814019168|0|50999.28125|7.61474244413|100.50435102077|-27044|-672161||50999.28125|133.5||13256.25|131.75|50999.28125|880450|AIQ3112|0|2660|-1575|||3|3|2|1|1|132|66|["132,66,5","132,50,5"]|14:09:59:281
62|1.1|636136527863944160|0|51004.28125|7.60642760863|100.50555264861|-26912|-673083||51004.28125|132||13125|130.5|51004.28125|880450|AIQ3112|0|2660|-1575|||3|3|2|1|1|132|83|["132,66,5","132,50,5"]|14:10:04:281
62|1.1|636136527913869152|0|51009.2578125|7.59842927332|100.50650214918|-26807|-673970||51009.2578125|130.75||13006.25|129.25|51009.2578125|880450|AIQ3112|0|2660|-1537.5|||3|3|2|1|1|132|83|["132,66,5","132,50,5"]|14:10:09:258
62|1.1|636136527963784143|0|51014.2578125|7.59039875155|100.50754820913|-26692|-674861||51014.2578125|129.75||12887.5|128|51014.2578125|880450|AIQ3112|0|2660|-1518.75|||3|3|2|1|1|132|66|["132,66,5","132,50,5"]|14:10:14:258
62|1.1|636136528013699134|0|51019.2578125|7.58247551798|100.50844943001|-26593|-675740||51019.2578125|128.25||12768.75|126.5|51019.2578125|880450|AIQ3112|0|2660|-1556.25|||3|3|2|1|1|132|66|["132,66,5","132,50,5"]|14:10:19:258
62|1.1|636136528063624126|0|51024.2421875|7.57588265809|100.50985490543|-26438|-676471||51024.2421875|127||12700|125.25|51024.2421875|880450|AIQ3112|0|2660|-1575|||3|3|2|1|1|132|66|["132,66,5","132,50,5"]|14:10:24:242
62|1.1|636136528113549118|0|51029.2421875|7.56863534018|100.51081513482|-26332|-677275||51029.2421875|125.75||12587.5|124|51029.2421875|880450|AIQ3112|0|2660|-1593.75|||3|3|2|1|1|132|66|["132,66,5","132,50,5"]|14:10:29:242
62|1.1|636136528163484111|0|51034.21875|7.56089449655|100.51194702533|-26208|-678134||51034.21875|124.25||12443.75|122.5|51034.21875|880450|AIQ3112|0|2660|-1593.75|||3|3|2|1|1|132|66|["132,66,5","132,50,5"]|14:10:34:219
62|1.1|636136528213399102|0|51039.21875|7.55313219528|100.51307355143|-26084|-678995||51039.21875|123||12275|121.25|51039.21875|880450|AIQ3112|0|2660|-1612.5|||3|3|2|1|1|132|50|["132,66,5","132,50,5"]|14:10:39:219
62|1.1|636136528263314093|0|51044.21875|7.54612627582|100.51420544194|-25959|-679772||51044.21875|121.75||12162.5|119.75|51044.21875|880450|AIQ3112|0|2660|-1631.25|||3|3|2|1|1|132|50|["132,66,5","132,50,5"]|14:10:44:219
62|1.1|636136528313229084|0|51049.1953125|7.53875021207|100.51510666282|-25860|-680590||51049.1953125|120.25||12043.75|118.5|51049.1953125|880450|AIQ3112|0|2660|-1631.25|||3|3|2|1|1|132|66|["132,66,5","132,50,5"]|14:10:49:195
62|1.1|636136528363154076|0|51054.1953125|7.53130441099|100.51607225662|-25754|-681416||51054.1953125|119||11918.75|117.25|51054.1953125|880450|AIQ3112|0|2660|-1575|||3|3|2|1|1|132|66|["132,66,5","132,50,5"]|14:10:54:195
62|1.1|636136528413079068|0|51059.1796875|7.52339190624|100.51675353669|-25679|-682293||51059.1796875|117.75||11781.25|116|51059.1796875|880450|AIQ3112|0|2660|-1556.25|||3|3|2|1|1|132|66|["132,66,5","132,50,5"]|14:10:59:180
62|1.1|636136528462994059|0|51064.1796875|7.5153774777|100.5173489862|-25614|-683183||51064.1796875|116.25||11618.75|114.75|51064.1796875|880450|AIQ3112|0|2660|-1575|||3|3|2|1|1|132|66|["132,66,5","132,50,5"]|14:11:04:180
