62|1.1|636136510304308372|0|49248.3359375|17.90481807905|99.12760201632|-172021|467735||49248.3359375|134||13368.75|131.25|49248.3359375|880849|AIQ3075|0|1697|-1793.75|||3|3|2|1|1|132|98|["132,98,5,3847","132,114,5,373"]|13:40:48:336
62|1.1|636136510354253366|0|49253.3359375|17.91325093157|99.12541333704|-172246|468672||49253.3359375|132.5||13231.25|129.75|49253.3359375|880849|AIQ3075|0|1697|-1750|||3|3|2|1|1|132|98|["132,98,5,3847","132,114,5,373"]|13:40:53:336
62|1.1|636136510404148355|0|49258.3203125|17.92153358061|99.1231924713|-172475|469592||49258.3203125|131||13087.5|128.25|49258.3203125|880849|AIQ3075|0|1697|-1768.75|||3|3|2|1|1|132|98|["132,98,5,3847","132,114,5,373"]|13:40:58:320
62|1.1|636136510454073347|0|49263.3203125|17.92975722114|99.1207248427|-172729|470506||49263.3203125|129.75||12943.75|127|49263.3203125|880849|AIQ3075|0|1697|-1731.25|||3|3|2|1|1|132|98|["132,98,5,3847","132,114,5,373"]|13:41:03:320
62|1.1|636136510503998339|0|49268.296875|17.93804523459|99.11842887522|-172966|471426||49268.296875|128.25||12787.5|125.5|49268.296875|880849|AIQ3075|0|1697|-1731.25|||3|3|2|1|1|132|98|["132,98,5,3847","132,114,5,373"]|13:41:08:297
62|1.1|636136510553913330|0|49273.296875|17.94626351071|99.11604171277|-173212|472339||49273.296875|126.75||12643.75|124|49273.296875|880849|AIQ3075|0|1697|-1768.75|||3|3|2|1|1|132|98|["132,98,5,3847","132,114,5,373"]|13:41:13:297
62|1.1|636136510603848323|0|49278.296875|17.9544656936|99.11364918591|-173459|473250||49278.296875|125.25||12487.5|122.25|49278.296875|880849|AIQ3075|0|1697|-1812.5|||3|3|2|1|1|132|98|["132,98,5,3847","132,114,5,373"]|13:41:18:297
62|1.1|636136510653753313|0|49283.28125|17.96265178326|99.11134248961|-173697|474160||49283.28125|124||12331.25|120.75|49283.28125|880849|AIQ3075|0|1697|-1850|||3|3|2|1|1|132|98|["132,98,5,3847","132,114,5,373"]|13:41:23:281
62|1.1|636136510706788616|0|49288.578125|17.97134212746|99.1088158525|-173957|475125||49288.578125|122.5||12162.5|119|49288.578125|880849|AIQ3075|0|1697|-1850|||3|3|2|1|1|132|98|["132,98,5,3847","132,114,5,373"]|13:41:28:578
62|1.1|636136510756713608|0|49293.578125|17.97950139507|99.106401868|-174206|476032||49293.578125|121||12000|117.5|49293.578125|880849|AIQ3075|0|1697|-1850|||3|3|2|1|1|132|98|["132,98,5,3847","132,114,5,373"]|13:41:33:578
62|1.1|636136510806638600|0|49298.578125|17.98763920504|99.10399861232|-174454|476936||49298.578125|119.75||11850|116|49298.578125|880849|AIQ3075|0|1697|-1831.25|||3|3|2|1|1|132|114|["132,98,5,3847","132,114,5,373"]|13:41:38:578
62|1.1|636136510856563592|0|49303.5625|17.99576092178|99.10167045838|-174694|477838||49303.5625|118||11687.5|114.5|49303.5625|880849|AIQ3075|0|1697|-1850|||3|3|2|1|1|132|114|["132,98,5,3847","132,114,5,373"]|13:41:43:563
62|1.1|636136510906478583|0|49308.5625|18.00388800293|99.09939058413|-174929|478741||49308.5625|116.5||11525|112.75|49308.5625|880849|AIQ3075|0|1697|-1887.5|||3|3|2|1|1|132|114|["132,98,5,3847","132,114,5,373"]|13:41:48:563
62|1.1|636136510956393574|0|49313.5390625|18.01203654172|99.09721799808|-175152|479646||49313.5390625|115||11362.5|112.75|49313.5390625|880849|AIQ3075|0|1697|-1912.5|||3|3|2|1|1|132|114|["132,98,5,3847","132,114,5,373"]|13:41:53:539
62|1.1|636136511006318566|0|49318.5390625|18.02012070759|99.09491666619|-175389|480544||49318.5390625|113.5||11225|109.75|49318.5390625|880849|AIQ3075|0|1697|-1831.25|||3|3|2|1|1|132|114|["132,98,5,3847","132,114,5,373"]|13:41:58:539
62|1.1|636136511056243558|0|49323.5390625|18.02816732259|99.09242757995|-175646|481438||49323.5390625|111.75||11050|108.25|49323.5390625|880849|AIQ3075|0|1697|-1831.25|||3|3|2|1|1|132|114|["132,98,5,3847","132,114,5,373"]|13:42:03:539
62|1.1|636136511106168550|0|49328.515625|18.03605300529|99.09000286663|-175896|482314||49328.515625|110||10943.75|107.25|49328.515625|880849|AIQ3075|0|1697|-1418.75|||3|3|2|1|1|132|98|["132,98,5,3847","132,114,5,373"]|13:42:08:516
62|1.1|636136511156083541|0|49333.515625|18.04406206942|99.0877337212|-176130|483204||49333.515625|109.25||10856.25|106.75|49333.515625|880849|AIQ3075|0|1697|-962.5|||3|3|2|1|1|132|98|["132,98,5,3847","132,114,5,373"]|13:42:13:516
62|1.1|636136511206018534|0|49338.5|18.05190483684|99.08557722838|-176352|484075||49338.5|108.5||10787.5|106|49338.5|880849|AIQ3075|0|1697|-887.5|||3|3|2|1|1|132|98|["132,98,5,3847","132,114,5,373"]|13:42:18:500
62|1.1|636136511255933525|0|49343.5|18.05965104488|99.08343146438|-176572|484936||49343.5|108||10737.5|105.5|49343.5|880849|AIQ3075|0|1697|-843.75|||3|3|2|1|1|132|98|["132,98,5,3847","132,114,5,373"]|13:42:23:500
62|1.1|636136511305848516|0|49348.5|18.06715049006|99.08126960715|-176795|485769||49348.5|107.5||10693.75|105|49348.5|880849|AIQ3075|0|1697|-768.75|||3|3|2|1|1|132|98|["132,98,5,3847","132,114,5,373"]|13:42:28:500
62|1.1|636136511355773508|0|49353.4765625|18.07427442654|99.07894145321|-177036|486561||49353.4765625|107||10650|104.5|49353.4765625|880849|AIQ3075|0|1697|-706.25|||3|3|2|1|1|132|98|["132,98,5,3847","132,114,5,373"]|13:42:33:477
62|1.1|636136511405698500|0|49358.4765625|18.08146273594|99.07674204511|-177263|487360||49358.4765625|106.5||10600|104|49358.4765625|880849|AIQ3075|0|1697|-650|||3|3|2|1|1|132|98|["132,98,5,3847","132,114,5,373"]|13:42:38:477
62|1.1|636136511455643494|0|49363.4609375|18.08866177416|99.07471966254|-177471|488160||49363.4609375|106||10556.25|103.5|49363.4609375|880849|AIQ3075|0|1697|-631.25|||3|3|2|1|1|132|98|["132,98,5,3847","132,114,5,373"]|13:42:43:461
62|1.1|636136511505538483|0|49368.4609375|18.09588763443|99.07290649196|-177656|488962||49368.4609375|105.5||10506.25|103.25|49368.4609375|880849|AIQ3075|0|1697|-650|||3|3|2|1|1|132|98|["132,98,5,3847","132,114,5,373"]|13:42:48:461
62|1.1|636136511555463475|0|49373.4609375|18.1028989183|99.07085192293|-177868|489741||49373.4609375|105||10456.25|102.75|49373.4609375|880849|AIQ3075|0|1697|-631.25|||3|3|2|1|1|132|98|["132,98,5,3847","132,114,5,373"]|13:42:53:461
62|1.1|636136511605388467|0|49378.4375|18.10989410894|99.06892073533|-178067|490518||49378.4375|104.5||10412.5|102|49378.4375|880849|AIQ3075|0|1697|-587.5|||3|3|2|1|1|132|98|["132,98,5,3847","132,114,5,373"]|13:42:58:438
62|1.1|636136511655303458|0|49383.4375|18.1170073166|99.0667588781|-178289|491309||49383.4375|103.5||10312.5|101.25|49383.4375|880849|AIQ3075|0|1697|-925|||3|3|2|1|1|132|114|["132,98,5,3847","132,114,5,373"]|13:43:03:438
62|1.1|636136511705228450|0|49388.421875|18.12442093122|99.06482232609|-178488|492132||49388.421875|101.75||10125|99|49388.421875|880849|AIQ3075|0|1697|-1456.25|||3|3|2|1|1|132|114|["132,98,5,3847","132,114,5,373"]|13:43:08:422
62|1.1|636136511755143441|0|49393.421875|18.1317058|99.06274629942|-178702|492942||49393.421875|100||9918.75|97.75|49393.421875|880849|AIQ3075|0|1697|-1987.5|||3|3|2|1|1|132|114|["132,98,5,3847","132,114,5,373"]|13:43:13:422
62|1.1|636136511805068433|0|49398.421875|18.13915160108|99.06094385766|-178886|493769||49398.421875|98.75||9756.25|94.75|49398.421875|880849|AIQ3075|0|1697|-1950|||3|3|2|1|1|132|98|["132,98,5,3847","132,114,5,373"]|13:43:18:422
62|1.1|636136511854993425|0|49403.3984375|18.14659203775|99.05874444956|-179113|494596||49403.3984375|96.75||9537.5|93|49403.3984375|880849|AIQ3075|0|1697|-1950|||3|3|2|1|1|132|114|["132,98,5,3847","132,114,5,373"]|13:43:23:398
62|1.1|636136511904918417|0|49408.3984375|18.15393055063|99.0561373463|-179382|495412||49408.3984375|94||9356.25|91.5|49408.3984375|880849|AIQ3075|0|1697|-1931.25|||3|3|2|1|1|132|98|["132,98,5,3847","132,114,5,373"]|13:43:28:398
62|1.1|636136511954833408|0|49413.375|18.16116713972|99.05385210764|-179618|496216||49413.375|93||9212.5|90.25|49413.375|880849|AIQ3075|0|1697|-1831.25|||3|3|2|1|1|132|98|["132,98,5,3847","132,114,5,373"]|13:43:33:375
62|1.1|636136512004758400|0|49418.375|18.16852174583|99.05180826743|-179828|497033||49418.375|91.5||9075|88.75|49418.375|880849|AIQ3075|0|1697|-1768.75|||3|3|2|1|1|132|98|["132,98,5,3847","132,114,5,373"]|13:43:38:375
62|1.1|636136512054673391|0|49423.375|18.17592463163|99.04990390188|-180023|497856||49423.375|89.75||8925|87.25|49423.375|880849|AIQ3075|0|1697|-1793.75|||3|3|2|1|1|132|98|["132,98,5,3847","132,114,5,373"]|13:43:43:375
62|1.1|636136512104598383|0|49428.359375|18.18326314451|99.04793516341|-180225|498671||49428.359375|88.5||8775|85.75|49428.359375|880849|AIQ3075|0|1697|-1812.5|||3|3|2|1|1|132|98|["132,98,5,3847","132,114,5,373"]|13:43:48:359
62|1.1|636136512154523375|0|49433.359375|18.19052655565|99.04579476382|-180446|499478||49433.359375|87||8631.25|84.25|49433.359375|880849|AIQ3075|0|1697|-1831.25|||3|3|2|1|1|132|98|["132,98,5,3847","132,114,5,373"]|13:43:53:359
62|1.1|636136512204438366|0|49438.3359375|18.1977953312|99.043638271|-180667|500286||49438.3359375|85.5||8462.5|82.5|49438.3359375|880849|AIQ3075|0|1697|-1868.75|||3|3|2|1|1|132|98|["132,98,5,3847","132,114,5,373"]|13:43:58:336
62|1.1|636136512254363358|0|49443.3359375|18.20501046265|99.04152469346|-180885|501087||49443.3359375|83.75||8300|81|49443.3359375|880849|AIQ3075|0|1697|-1912.5|||3|3|2|1|1|132|98|["132,98,5,3847","132,114,5,373"]|13:44:03:336
62|1.1|636136512304278349|0|49448.3359375|18.21230606025|99.03957741263|-181085|501898||49448.3359375|82.75||8162.5|79.5|49448.3359375|880849|AIQ3075|0|1697|-1868.75|||3|3|2|1|1|132|98|["132,98,5,3847","132,114,5,373"]|13:44:08:336
62|1.1|636136512354203341|0|49453.3203125|18.21955874257|99.03773742|-181273|502704||49453.3203125|81||8006.25|78|49453.3203125|880849|AIQ3075|0|1697|-1850|||3|3|2|1|1|132|98|["132,98,5,3847","132,114,5,373"]|13:44:13:320
62|1.1|636136512404138334|0|49458.3203125|18.22682215371|99.03573113066|-181479|503511||49458.3203125|79.5||7843.75|76.25|49458.3203125|880849|AIQ3075|0|1697|-1850|||3|3|2|1|1|132|98|["132,98,5,3847","132,114,5,373"]|13:44:18:320
62|1.1|636136512454053325|0|49463.296875|18.23392999696|99.03350490051|-181708|504301||49463.296875|78.25||7693.75|74.75|49463.296875|880849|AIQ3075|0|1697|-1850|||3|3|2|1|1|132|114|["132,98,5,3847","132,114,5,373"]|13:44:23:297
62|1.1|636136512503968316|0|49468.296875|18.24114512841|99.0314610603|-181918|505103||49468.296875|76.75||7537.5|73.25|49468.296875|880849|AIQ3075|0|1697|-1868.75|||3|3|2|1|1|132|114|["132,98,5,3847","132,114,5,373"]|13:44:28:297
62|1.1|636136512553903309|0|49473.296875|18.24833880222|99.02934748276|-182136|505902||49473.296875|75.25||7381.25|73|49473.296875|880849|AIQ3075|0|1697|-1850|||3|3|2|1|1|132|114|["132,98,5,3847","132,114,5,373"]|13:44:33:297
62|1.1|636136512603818300|0|49478.28125|18.25541982342|99.02716416789|-182360|506690||49478.28125|73.75||7231.25|71.5|49478.28125|880849|AIQ3075|0|1697|-1850|||3|3|2|1|1|132|114|["132,98,5,3847","132,114,5,373"]|13:44:38:281
62|1.1|636136512653733291|0|49483.28125|18.26251693785|99.02499158184|-182584|507478||49483.28125|72.25||7100|69|49483.28125|880849|AIQ3075|0|1697|-1675|||3|3|2|1|1|132|114|["132,98,5,3847","132,114,5,373"]|13:44:43:281
62|1.1|636136512703658283|0|49488.2578125|18.26960332346|99.02279753815|-182810|508266||49488.2578125|71.25||6962.5|67.5|49488.2578125|880849|AIQ3075|0|1697|-1656.25|||3|3|2|1|1|132|98|["132,98,5,3847","132,114,5,373"]|13:44:48:258
62|1.1|636136512753583275|0|49493.2578125|18.27668434466|99.02092535906|-183002|509053||49493.2578125|69||6862.5|66.5|49493.2578125|880849|AIQ3075|0|1697|-1537.5|||3|3|2|1|1|132|98|["132,98,5,3847","132,114,5,373"]|13:44:53:258
62|1.1|636136512803498266|0|49498.2578125|18.28378145909|99.01882787475|-183218|509841||49498.2578125|68.25||6775|65.5|49498.2578125|880849|AIQ3075|0|1697|-1418.75|||3|3|2|1|1|132|98|["132,98,5,3847","132,114,5,373"]|13:44:58:258
62|1.1|636136512853423258|0|49503.2421875|18.29080347178|99.016816221|-183424|510622||49503.2421875|67.5||6706.25|64.75|49503.2421875|880849|AIQ3075|0|1697|-1237.5|||3|3|2|1|1|132|98|["132,98,5,3847","132,114,5,373"]|13:45:03:242
62|1.1|636136512903348250|0|49508.2421875|18.29780402683|99.01497622837|-183613|511400||49508.2421875|67||6668.75|64.25|49508.2421875|880849|AIQ3075|0|1697|-1043.75|||3|3|2|1|1|132|98|["132,98,5,3847","132,114,5,373"]|13:45:08:242
62|1.1|636136512953263241|0|49513.21875|18.30467583604|99.01301285431|-183814|512163||49513.21875|66.5||6625|63.75|49513.21875|880849|AIQ3075|0|1697|-887.5|||3|3|2|1|1|132|98|["132,98,5,3847","132,114,5,373"]|13:45:13:219
62|1.1|636136513003188233|0|49518.21875|18.31140817059|99.01110312435|-184010|512912||49518.21875|66||6581.25|63.5|49518.21875|880849|AIQ3075|0|1697|-768.75|||3|3|2|1|1|132|98|["132,98,5,3847","132,114,5,373"]|13:45:18:219
62|1.1|636136513053113225|0|49523.21875|18.31789910669|99.00910219942|-184216|513633||49523.21875|65.25||6512.5|62.75|49523.21875|880849|AIQ3075|0|1697|-750|||3|3|2|1|1|132|98|["132,98,5,3847"]|13:45:23:219
62|1.1|636136513103028216|0|49528.1953125|18.32405208496|99.00735876617|-184395|514317||49528.1953125|64.75||6450|62.25|49528.1953125|880849|AIQ3075|0|1697|-731.25|||3|3|2|1|1|132|98|["132,98,5,3847"]|13:45:28:195
62|1.1|636136513152953208|0|49533.1953125|18.33023188528|99.00559387528|-184576|515004||49533.1953125|64.25||6393.75|61.5|49533.1953125|880849|AIQ3075|0|1697|-706.25|||3|3|2|1|1|132|98|["132,98,5,3847"]|13:45:33:195
62|1.1|636136513202878200|0|49538.1796875|18.33643314324|99.0038879929|-184751|515693||49538.1796875|63.75||6343.75|61|49538.1796875|880849|AIQ3075|0|1697|-687.5|||3|3|2|1|1|132|98|["132,98,5,3847"]|13:45:38:180
62|1.1|636136513252803192|0|49543.1796875|18.34261830797|99.00220356816|-184924|516380||49543.1796875|63.25||6287.5|60.5|49543.1796875|880849|AIQ3075|0|1697|-668.75|||3|3|2|1|1|132|98|["132,98,5,3847"]|13:45:43:180
62|1.1|636136513302718183|0|49548.1796875|18.34877128624|99.00026165174|-185123|517064||49548.1796875|62.75||6231.25|60|49548.1796875|880849|AIQ3075|0|1697|-650|||3|3|2|1|1|132|98|["132,98,5,3847"]|13:45:48:180
62|1.1|636136513352643175|0|49553.15625|18.35487062041|98.99849139644|-185305|517742||49553.15625|62.25||6175|59.5|49553.15625|880849|AIQ3075|0|1697|-650|||3|3|2|1|1|132|98|["132,98,5,3847"]|13:45:53:156
62|1.1|636136513402568167|0|49558.15625|18.36093240371|98.99678014965|-185481|518416||49558.15625|61.75||6125|59|49558.15625|880849|AIQ3075|0|1697|-631.25|||3|3|2|1|1|132|98|["132,98,5,3847"]|13:45:58:156
62|1.1|636136513452483158|0|49563.140625|18.3668815344|98.99508499609|-185655|519077||49563.140625|61.25||6075|58.5|49563.140625|880849|AIQ3075|0|1697|-631.25|||3|3|2|1|1|132|98|["132,98,5,3847"]|13:46:03:141
62|1.1|636136513502408150|0|49568.140625|18.37290040242|98.99347030868|-185820|519746||49568.140625|60.25||5981.25|57.75|49568.140625|880849|AIQ3075|0|1697|-750|||3|3|2|1|1|132|98|["132,98,5,3847"]|13:46:08:141
62|1.1|636136513552323141|0|49573.140625|18.3788441687|98.99166786692|-186005|520407||49573.140625|59.25||5856.25|56.5|49573.140625|880849|AIQ3075|0|1697|-925|||3|3|2|1|1|132|98|["132,98,5,3847"]|13:46:13:141
62|1.1|636136513602248133|0|49578.1171875|18.38478793498|98.98990834044|-186186|521067||49578.1171875|58.25||5793.75|55.75|49578.1171875|880849|AIQ3075|0|1697|-806.25|||3|3|2|1|1|132|98|["132,98,5,3847"]|13:46:18:117
62|1.1|636136513652173125|0|49583.1171875|18.39082826064|98.98821318688|-186360|521739||49583.1171875|57.5||5731.25|55.25|49583.1171875|880849|AIQ3075|0|1697|-750|||3|3|2|1|1|132|98|["132,98,5,3847"]|13:46:23:117
62|1.1|636136513702088116|0|49588.1015625|18.3968149422|98.98655558419|-186530|522404||49588.1015625|57.25||5693.75|55|49588.1015625|880849|AIQ3075|0|1697|0|||3|3|0|1|1|132|98|["132,98,5,3847"]|13:46:28:102
62|1.1|636136513752013108|0|49593.1015625|18.40274797966|98.98488188827|-186701|523064||49593.1015625|57.25||5693.75|55|49593.1015625|880849|AIQ3075|0|1697|0|||3|3|0|1|1|132|98|["132,98,5,3847"]|13:46:33:102
62|1.1|636136513801938100|0|49598.1015625|18.40865955948|98.98325647204|-186868|523720||49598.1015625|57.25||5700|55|49598.1015625|880849|AIQ3075|0|1697|0|||3|3|0|1|1|132|98|["132,98,5,3847"]|13:46:38:102
62|1.1|636136513851853091|0|49603.078125|18.41443166464|98.98156131848|-187042|524362||49603.078125|57.25||5706.25|55|49603.078125|880849|AIQ3075|0|1697|0|||3|3|0|1|1|132|98|["132,98,5,3847"]|13:46:43:078
62|1.1|636136513901778083|0|49608.078125|18.4200964816|98.9798554361|-187217|524992||49608.078125|57.25||5718.75|55|49608.078125|880849|AIQ3075|0|1697|0|||3|3|0|1|1|132|98|["132,98,5,3847"]|13:46:48:078
62|1.1|636136513951543059|0|49613.0625|18.42561645949|98.97833730807|-187372|525605||49613.0625|57.5||5750|55|49613.0625|880849|AIQ3075|0|1697|0|||3|3|0|1|1|132|98|["132,98,5,3847"]|13:46:53:063
62|1.1|636136514001468051|0|49618.0625|18.43101842036|98.97680845122|-187529|526206||49618.0625|57.5||5762.5|55|49618.0625|880849|AIQ3075|0|1697|0|||3|3|0|1|1|132|98|["132,98,5,3847"]|13:46:58:063
62|1.1|636136514051383042|0|49623.0625|18.43627017775|98.97524740791|-187689|526790||49623.0625|57.5||5768.75|55|49623.0625|880849|AIQ3075|0|1697|0|||3|3|0|1|1|132|98|["132,98,5,3847"]|13:47:03:063
62|1.1|636136514101308034|0|49628.0390625|18.44143074017|98.97374537311|-187843|527363||49628.0390625|57.5||5756.25|55|49628.0390625|880849|AIQ3075|0|1697|0|||3|3|0|1|1|132|98|["132,98,5,3847"]|13:47:08:039
62|1.1|636136514151233026|0|49633.0390625|18.44655911613|98.97224333831|-187997|527933||49633.0390625|57.5||5756.25|55|49633.0390625|880849|AIQ3075|0|1697|0|||3|3|0|1|1|132|98|["132,98,5,3847"]|13:47:13:039
62|1.1|636136514201158018|0|49638.015625|18.45161775476|98.97083786289|-188141|528496||49638.015625|57.5||5756.25|55|49638.015625|880849|AIQ3075|0|1697|0|||3|3|0|1|1|132|98|["132,98,5,3847"]|13:47:18:016
62|1.1|636136514251083010|0|49643.015625|18.45675149513|98.96936801455|-188292|529066||49643.015625|57.5||5750|55|49643.015625|880849|AIQ3075|0|1697|0|||3|3|0|1|1|132|98|["132,98,5,3847"]|13:47:23:016
62|1.1|636136514300998001|0|49648.015625|18.46191205755|98.96789816621|-188442|529640||49648.015625|57.5||5750|55|49648.015625|880849|AIQ3075|0|1697|0|||3|3|0|1|1|132|98|["132,98,5,3847"]|13:47:28:016
62|1.1|636136514350922993|0|49653|18.46701897587|98.96648196197|-188588|530208||49653|57.5||5750|55|49653|880849|AIQ3075|0|1697|0|||3|3|0|1|1|132|98|["132,98,5,3847"]|13:47:33:000
62|1.1|636136514400857986|0|49658|18.47206688568|98.96487263897|-188753|530769||49658|57.5||5743.75|55|49658|880849|AIQ3075|0|1697|0|||3|3|0|1|1|132|98|["132,98,5,3847"]|13:47:38:000
62|1.1|636136514450762976|0|49662.9765625|18.47695386319|98.96353153647|-188891|531312||49662.9765625|57.5||5743.75|55|49662.9765625|880849|AIQ3075|0|1697|0|||3|3|0|1|1|132|98|["132,98,5,3847"]|13:47:42:977
62|1.1|636136514500687968|0|49667.9765625|18.48193203567|98.96249620534|-188995|531865||49667.9765625|57.5||5750|55|49667.9765625|880849|AIQ3075|0|1697|0|||3|3|0|1|1|132|98|["132,98,5,3847"]|13:47:47:977
62|1.1|636136514550602959|0|49672.9765625|18.4869370302|98.96208314577|-189034|532421||49672.9765625|57.5||5750|55|49672.9765625|880849|AIQ3075|0|1697|0|||3|3|0|1|1|132|98|["132,98,5,3847"]|13:47:52:977
62|1.1|636136514600527951|0|49677.9609375|18.49196348237|98.96244792565|-188990|532978||49677.9609375|57.5||5756.25|55|49677.9609375|880849|AIQ3075|0|1697|0|||3|3|0|1|1|132|98|["132,98,5,3847"]|13:47:57:961
62|1.1|636136514650452943|0|49682.9609375|18.49692556162|98.96235673068|-188996|533528||49682.9609375|57.5||5750|55|49682.9609375|880849|AIQ3075|0|1697|0|||3|3|0|1|1|132|98|["132,98,5,3847"]|13:48:02:961
62|1.1|636136514700367934|0|49687.9375|18.50180181031|98.96235673068|-188991|534069||49687.9375|57.25||5731.25|55|49687.9375|880849|AIQ3075|0|1697|0|||3|3|0|1|1|132|98|["132,98,5,3847"]|13:48:07:938
62|1.1|636136514750292926|0|49692.9375|18.50672633869|98.96229772217|-188992|534615||49692.9375|57||5700|54.75|49692.9375|880849|AIQ3075|0|1697|0|||3|3|0|1|1|132|98|["132,98,5,3847"]|13:48:12:938
62|1.1|636136514800367933|0|49697.9375|18.51164550266|98.9622601713|-188992|535160||49697.9375|56.5||5650|54.25|49697.9375|880849|AIQ3075|0|1697|0|||3|3|0|1|1|132|98|["132,98,5,3847"]|13:48:17:938
62|1.1|636136514850132909|0|49702.921875|18.51652175135|98.9622601713|-188987|535701||49702.921875|55.75||5562.5|53.5|49702.921875|880849|AIQ3075|0|1697|-550|||3|3|2|1|1|132|98|["132,98,5,3847"]|13:48:22:922
62|1.1|636136514900057901|0|49707.921875|18.52138190681|98.96249084093|-188958|536240||49707.921875|55.25||5493.75|52.5|49707.921875|880849|AIQ3075|0|1697|-706.25|||3|3|2|1|1|132|98|["132,98,5,3847"]|13:48:27:922
62|1.1|636136514949982893|0|49712.8984375|18.5262581555|98.96234063745|-188969|536781||49712.8984375|54.75||5431.25|52|49712.8984375|880849|AIQ3075|0|1697|-731.25|||3|3|2|1|1|132|98|["132,98,5,3847"]|13:48:32:898
62|1.1|636136514999897884|0|49717.8984375|18.53113440419|98.96223334925|-188976|537322||49717.8984375|54||5356.25|51.25|49717.8984375|880849|AIQ3075|0|1697|-768.75|||3|3|2|1|1|132|98|["132,98,5,3847"]|13:48:37:898
62|1.1|636136515049822876|0|49722.8984375|18.53599455965|98.96224407807|-188970|537861||49722.8984375|53.25||5268.75|50.5|49722.8984375|880849|AIQ3075|0|1697|-825|||3|3|2|1|1|132|98|["132,98,5,3847"]|13:48:42:898
62|1.1|636136515099747868|0|49727.875|18.54086007952|98.96229235776|-188960|538401||49727.875|52.5||5181.25|49.75|49727.875|880849|AIQ3075|0|1697|-868.75|||3|3|2|1|1|132|98|["132,98,5,3847"]|13:48:47:875
62|1.1|636136515149672860|0|49732.875|18.5457309638|98.96221189161|-188964|538941||49732.875|51.5||5075|48.75|49732.875|880849|AIQ3075|0|1697|-962.5|||3|3|2|1|1|132|98|["132,98,5,3847"]|13:48:52:875
62|1.1|636136515199607853|0|49737.859375|18.55059648367|98.9623138154|-188949|539480||49737.859375|50.5||4962.5|47.5|49737.859375|880849|AIQ3075|0|1697|-1062.5|||3|3|2|1|1|132|98|["132,98,5,3847"]|13:48:57:859
62|1.1|636136515249512843|0|49742.859375|18.55547809677|98.96239428155|-188935|540022||49742.859375|49.5||4843.75|46.25|49742.859375|880849|AIQ3075|0|1697|-1143.75|||3|3|2|1|1|132|98|["132,98,5,3847"]|13:49:02:859
62|1.1|636136515299427834|0|49747.859375|18.56037043869|98.96236209509|-188934|540564||49747.859375|48.75||4756.25|45.25|49747.859375|880849|AIQ3075|0|1697|-1162.5|||3|3|2|1|1|132|98|["132,98,5,3847"]|13:49:07:859
62|1.1|636136515349352826|0|49752.8359375|18.56531642471|98.96229235776|-188937|541113||49752.8359375|46.5||4625|44|49752.8359375|880849|AIQ3075|0|1697|-1262.5|||3|3|2|1|1|132|98|["132,98,5,3847"]|13:49:12:836
62|1.1|636136515399277818|0|49757.8359375|18.57021413104|98.96231917981|-188929|541656||49757.8359375|46||4556.25|43.25|49757.8359375|880849|AIQ3075|0|1697|-1181.25|||3|3|2|1|1|132|98|["132,98,5,3847"]|13:49:17:836
62|1.1|636136515449192809|0|49762.8203125|18.57510110855|98.96234063745|-188922|542198||49762.8203125|45||4462.5|42.5|49762.8203125|880849|AIQ3075|0|1697|-1125|||3|3|2|1|1|132|98|["132,98,5,3847"]|13:49:22:820
62|1.1|636136515499117801|0|49767.8203125|18.57999345047|98.96231917981|-188920|542741||49767.8203125|44.25||4387.5|41.5|49767.8203125|880849|AIQ3075|0|1697|-1081.25|||3|3|2|1|1|132|98|["132,98,5,3847"]|13:49:27:820
62|1.1|636136515549042793|0|49772.8203125|18.5848911568|98.9623138154|-188916|543284||49772.8203125|43.25||4287.5|40.75|49772.8203125|880849|AIQ3075|0|1697|-1081.25|||3|3|2|1|1|132|98|["132,98,5,3847"]|13:49:32:820
62|1.1|636136515598967785|0|49777.796875|18.58972985462|98.96236209509|-188906|543821||49777.796875|42.5||4200|39.75|49777.796875|880849|AIQ3075|0|1697|-1081.25|||3|3|2|1|1|132|98|["132,98,5,3847"]|13:49:37:797
62|1.1|636136515648882776|0|49782.796875|18.5946007389|98.96239428155|-188898|544361||49782.796875|41.5||4100|38.75|49782.796875|880849|AIQ3075|0|1697|-1100|||3|3|2|1|1|132|98|["132,98,5,3847"]|13:49:42:797
62|1.1|636136515698807768|0|49787.78125|18.5994287079|98.9624211036|-188890|544897||49787.78125|40.5||3993.75|37.75|49787.78125|880849|AIQ3075|0|1697|-1143.75|||3|3|2|1|1|132|98|["132,98,5,3847"]|13:49:47:781
62|1.1|636136515748722759|0|49792.78125|18.60426204131|98.96250693416|-188877|545432||49792.78125|40||3931.25|37|49792.78125|880849|AIQ3075|0|1697|-1100|||3|3|2|1|1|132|98|["132,98,5,3847"]|13:49:52:781
62|1.1|636136515798647751|0|49797.78125|18.60909537472|98.96253912062|-188869|545968||49797.78125|39||3831.25|36|49797.78125|880849|AIQ3075|0|1697|-1081.25|||3|3|2|1|1|132|98|["132,98,5,3847"]|13:49:57:781
62|1.1|636136515848572743|0|49802.7578125|18.61387506403|98.96251766298|-188866|546499||49802.7578125|38.25||3756.25|35.25|49802.7578125|880849|AIQ3075|0|1697|-1062.5|||3|3|2|1|1|132|98|["132,98,5,3847"]|13:50:02:758
62|1.1|636136515898497735|0|49807.7578125|18.61866011775|98.96249620534|-188864|547029||49807.7578125|37.5||3675|34.5|49807.7578125|880849|AIQ3075|0|1697|-1025|||3|3|2|1|1|132|98|["132,98,5,3847"]|13:50:07:758
62|1.1|636136515948432728|0|49812.7421875|18.62342371383|98.96249620534|-188859|547558||49812.7421875|36.75||3600|33.75|49812.7421875|880849|AIQ3075|0|1697|-1006.25|||3|3|2|1|1|132|98|["132,98,5,3847"]|13:50:12:742
62|1.1|636136515998337718|0|49817.7421875|18.6281819455|98.96254448503|-188850|548085||49817.7421875|36||3518.75|33|49817.7421875|880849|AIQ3075|0|1697|-981.25|||3|3|2|1|1|132|98|["132,98,5,3847"]|13:50:17:742
62|1.1|636136516048252709|0|49822.7421875|18.63289726189|98.96256594267|-188843|548609||49822.7421875|35||3406.25|32|49822.7421875|880849|AIQ3075|0|1697|-1025|||3|3|2|1|1|132|98|["132,98,5,3847"]|13:50:22:742
62|1.1|636136516098177701|0|49827.71875|18.637569663|98.96255521385|-188840|549127||49827.71875|34.25||3318.75|31|49827.71875|880849|AIQ3075|0|1697|-1043.75|||3|3|2|1|1|132|98|["132,98,5,3847"]|13:50:27:719
62|1.1|636136516148102693|0|49832.71875|18.64223133529|98.96257130708|-188833|549643||49832.71875|33.5||3237.5|30.25|49832.71875|880849|AIQ3075|0|1697|-1025|||3|3|2|1|1|132|98|["132,98,5,3847"]|13:50:32:719
62|1.1|636136516198027685|0|49837.6953125|18.64672134646|98.96254448503|-188832|550142||49837.6953125|31.5||3118.75|29|49837.6953125|880849|AIQ3075|0|1697|-1125|||3|3|2|1|1|132|98|["132,98,5,3847"]|13:50:37:695
62|1.1|636136516247942676|0|49842.6953125|18.65131328142|98.96256594267|-188825|550651||49842.6953125|31||3056.25|28.25|49842.6953125|880849|AIQ3075|0|1697|-1081.25|||3|3|2|1|1|132|98|["132,98,5,3847"]|13:50:42:695
62|1.1|636136516297877669|0|49847.6953125|18.65581938582|98.96257130708|-188820|551151||49847.6953125|30.25||2987.5|27.75|49847.6953125|880849|AIQ3075|0|1697|-1025|||3|3|2|1|1|132|98|["132,98,5,3847"]|13:50:47:695
62|1.1|636136516347792660|0|49852.6796875|18.66013237146|98.96259276472|-188814|551629||49852.6796875|29.75||2931.25|27|49852.6796875|880849|AIQ3075|0|1697|-925|||3|3|2|1|1|132|98|["132,98,5,3847"]|13:50:52:680
62|1.1|636136516397707651|0|49857.6796875|18.6642307807|98.96259276472|-188810|552083||49857.6796875|29.25||2887.5|26.5|49857.6796875|880849|AIQ3075|0|1697|-825|||3|3|2|1|1|132|98|["132,98,5,3847"]|13:50:57:680
62|1.1|636136516447632643|0|49862.65625|18.66813607118|98.96260885795|-188805|552517||49862.65625|28.25||2787.5|25.75|49862.65625|880849|AIQ3075|0|1697|-843.75|||3|3|2|1|1|132|98|["132,98,5,3847"]|13:51:02:656
62|1.1|636136516497547634|0|49867.65625|18.67204136166|98.96263568|-188798|552950||49867.65625|27.5||2700|25|49867.65625|880849|AIQ3075|0|1697|-887.5|||3|3|2|1|1|132|98|["132,98,5,3847"]|13:51:07:656
62|1.1|636136516547482627|0|49872.65625|18.67598956742|98.96270541733|-188787|553388||49872.65625|26.75||2625|24|49872.65625|880849|AIQ3075|0|1697|-925|||3|3|2|1|1|132|98|["132,98,5,3847"]|13:51:12:656
62|1.1|636136516597397618|0|49877.640625|18.6798412138|98.9627429682|-188779|553815||49877.640625|26.25||2568.75|23.5|49877.640625|880849|AIQ3075|0|1697|-906.25|||3|3|2|1|1|132|98|["132,98,5,3847"]|13:51:17:641
62|1.1|636136516647322610|0|49882.640625|18.68368213136|98.96275906143|-188774|554241||49882.640625|25.5||2493.75|22.75|49882.640625|880849|AIQ3075|0|1697|-887.5|||3|3|2|1|1|132|98|["132,98,5,3847"]|13:51:22:641
62|1.1|636136516697237601|0|49887.6171875|18.68748549805|98.96276979025|-188769|554663||49887.6171875|24.75||2418.75|22|49887.6171875|880849|AIQ3075|0|1697|-887.5|||3|3|2|1|1|132|98|["132,98,5,3847"]|13:51:27:617
62|1.1|636136516747162593|0|49892.6171875|18.69125131387|98.96279124789|-188763|555080||49892.6171875|24||2337.5|21.25|49892.6171875|880849|AIQ3075|0|1697|-906.25|||3|3|2|1|1|132|98|["132,98,5,3847"]|13:51:32:617
62|1.1|636136516797087585|0|49897.6171875|18.69494202795|98.96278051907|-188761|555490||49897.6171875|23.5||2287.5|20.5|49897.6171875|880849|AIQ3075|0|1697|-868.75|||3|3|2|1|1|132|98|["132,98,5,3847"]|13:51:37:617
62|1.1|636136516847002576|0|49902.6015625|18.69855227588|98.96278051907|-188757|555890||49902.6015625|22.75||2206.25|19.75|49902.6015625|880849|AIQ3075|0|1697|-868.75|||3|3|2|1|1|132|98|["132,98,5,3847"]|13:51:42:602
62|1.1|636136516896927568|0|49907.6015625|18.70210887971|98.96283416317|-188748|556285||49907.6015625|22.25||2162.5|19.25|49907.6015625|880849|AIQ3075|0|1697|-825|||3|3|2|1|1|132|98|["132,98,5,3847"]|13:51:47:602
62|1.1|636136516946852560|0|49912.578125|18.70566011913|98.96283952758|-188744|556679||49912.578125|21.75||2112.5|18.75|49912.578125|880849|AIQ3075|0|1697|-768.75|||3|3|2|1|1|132|98|["132,98,5,3847"]|13:51:52:578
62|1.1|636136516996777552|0|49917.578125|18.70917917209|98.96281806994|-188743|557069||49917.578125|20.5||2043.75|18|49917.578125|880849|AIQ3075|0|1697|-750|||3|3|2|1|1|132|98|["132,98,5,3847"]|13:51:57:578
62|1.1|636136517046692543|0|49922.578125|18.71270895387|98.96283416317|-188738|557461||49922.578125|19.75||1962.5|17.5|49922.578125|880849|AIQ3075|0|1697|-787.5|||3|3|2|1|1|132|98|["132,98,5,3847"]|13:52:02:578
62|1.1|636136517096617535|0|49927.5625|18.71620118478|98.96283952758|-188734|557848||49927.5625|19.25||1900|16.75|49927.5625|880849|AIQ3075|0|1697|-768.75|||3|3|2|1|1|132|98|["132,98,5,3847"]|13:52:07:563
62|1.1|636136517146532526|0|49932.5625|18.71967195805|98.96285562081|-188729|558233||49932.5625|18.5||1825|16|49932.5625|880849|AIQ3075|0|1697|-787.5|||3|3|2|1|1|132|98|["132,98,5,3847"]|13:52:12:563
62|1.1|636136517196457518|0|49937.5390625|18.7231320025|98.96283952758|-188727|558617||49937.5390625|18||1768.75|15.5|49937.5390625|880849|AIQ3075|0|1697|-787.5|||3|3|2|1|1|132|98|["132,98,5,3847"]|13:52:17:539
62|1.1|636136517246382510|0|49942.5390625|18.72661350459|98.96284489199|-188723|559003||49942.5390625|17.5||1718.75|15|49942.5390625|880849|AIQ3075|0|1697|-750|||3|3|2|1|1|132|98|["132,98,5,3847"]|13:52:22:539
62|1.1|636136517296297501|0|49947.5390625|18.73009500668|98.96284489199|-188720|559389||49947.5390625|16.75||1643.75|14.25|49947.5390625|880849|AIQ3075|0|1697|-768.75|||3|3|2|1|1|132|98|["132,98,5,3847"]|13:52:27:539
62|1.1|636136517346222493|0|49952.515625|18.73357650877|98.96286098522|-188715|559775||49952.515625|16.25||1587.5|13.5|49952.515625|880849|AIQ3075|0|1697|-750|||3|3|2|1|1|132|98|["132,98,5,3847"]|13:52:32:516
62|1.1|636136517396147485|0|49957.515625|18.73703118881|98.96287171404|-188710|560159||49957.515625|15.75||1537.5|13|49957.515625|880849|AIQ3075|0|1697|-731.25|||3|3|2|1|1|132|98|["132,98,5,3847"]|13:52:37:516
62|1.1|636136517446062476|0|49962.5|18.74044831798|98.96289317168|-188705|560538||49962.5|15.25||1487.5|12.5|49962.5|880849|AIQ3075|0|1697|-687.5|||3|3|2|1|1|132|98|["132,98,5,3847"]|13:52:42:500
62|1.1|636136517496007470|0|49967.5|18.74387081156|98.96291462932|-188699|560917||49967.5|14.5||1400|12|49967.5|880849|AIQ3075|0|1697|-731.25|||3|3|2|1|1|132|98|["132,98,5,3847"]|13:52:47:500
62|1.1|636136517545912460|0|49972.5|18.7472718475|98.96294145137|-188693|561294||49972.5|14||1343.75|11.25|49972.5|880849|AIQ3075|0|1697|-731.25|||3|3|2|1|1|132|98|["132,98,5,3847"]|13:52:52:500
62|1.1|636136517595827451|0|49977.4765625|18.75065679021|98.96296827342|-188687|561670||49977.4765625|13.5||1306.25|10.75|49977.4765625|880849|AIQ3075|0|1697|-706.25|||3|3|2|1|1|132|98|["132,98,5,3847"]|13:52:57:477
62|1.1|636136517645752443|0|49982.4765625|18.75402027528|98.96299509547|-188681|562043||49982.4765625|12.75||1212.5|10|49982.4765625|880849|AIQ3075|0|1697|-750|||3|3|2|1|1|132|98|["132,98,5,3847"]|13:53:02:477
62|1.1|636136517695677435|0|49987.4609375|18.75734084507|98.96302191752|-188675|562411||49987.4609375|12.25||1168.75|9.5|49987.4609375|880849|AIQ3075|0|1697|-750|||3|3|2|1|1|132|98|["132,98,5,3847"]|13:53:07:461
62|1.1|636136517745592426|0|49992.4609375|18.76061849958|98.9630648328|-188667|562775||49992.4609375|11.5||1093.75|8.75|49992.4609375|880849|AIQ3075|0|1697|-768.75|||3|3|2|1|1|132|98|["132,98,5,3847"]|13:53:12:461
62|1.1|636136517795537420|0|49997.4609375|18.76349382334|98.96246401888|-188728|563094||49997.4609375|11.5||1093.75|8.75|49997.4609375|880849|AIQ3075|0|1697|-475|||3|3|2|1|1|132|98|["132,98,5,3847"]|13:53:17:461
62|1.1|636136517845442410|0|50002.4375|18.76646570648|98.9609727129|-188882|563425||50002.4375|11.5||1150|9|50002.4375|880849|AIQ3075|0|1697|0|||3|3|0|1|1|132|98|["132,98,5,3847"]|13:53:22:438
62|1.1|636136517895367402|0|50007.4375|18.76983992037|98.96058647538|-188920|563800||50007.4375|11.5||1181.25|9|50007.4375|880849|AIQ3075|0|1697|0|||3|3|0|1|1|132|98|["132,98,5,3847"]|13:53:27:438
62|1.1|636136517945282393|0|50012.421875|18.77320340544|98.96018950904|-188959|564174||50012.421875|11.5||1206.25|9|50012.421875|880849|AIQ3075|0|1697|0|||3|3|0|1|1|132|98|[]|13:53:32:422
62|1.1|636136517995207385|0|50017.421875|18.77659371256|98.95979790711|-188997|564550||50017.421875|11.5||1231.25|9|50017.421875|880849|AIQ3075|0|1697|0|||3|3|0|1|1|132|98|[]|13:53:37:422
