62|1.1|636136510307418683|0|49248.65625|18.20678608236|107.42752982093|708202|511896||49248.65625|330||32975|330|49248.65625|880841|AIQ530|0|2121|0|||3|3|0|1|1|132|162|["132,162,5"]|13:40:48:656
62|1.1|636136510357343675|0|49253.640625|18.2042862673|107.44531284008|710100|511679||49253.640625|330||32831.25|330|49253.640625|880841|AIQ530|0|2121|0|||3|3|0|1|1|132|162|["132,162,5"]|13:40:53:641
62|1.1|636136510407258666|0|49258.640625|18.21164087341|107.45402464192|710999|512526||49258.640625|330||32862.5|330|49258.640625|880841|AIQ530|0|2121|0|||3|3|0|1|1|132|162|["132,162,5"]|13:40:58:641
62|1.1|636136510457183658|0|49263.6171875|18.21805670777|107.4634016306|711972|513271||49263.6171875|330||32850|330|49263.6171875|880841|AIQ530|0|2121|0|||3|3|0|1|1|132|162|["132,162,5"]|13:41:03:617
62|1.1|636136510507108650|0|49268.6171875|18.22519673748|107.472199263|712881|514095||49268.6171875|330||32862.5|330|49268.6171875|880841|AIQ530|0|2121|0|||3|3|0|1|1|132|162|["132,162,5"]|13:41:08:617
62|1.1|636136510557023641|0|49273.6171875|18.23118878345|107.48212878591|713914|514795||49273.6171875|330||32837.5|330|49273.6171875|880841|AIQ530|0|2121|0|||3|3|0|1|1|132|162|["132,162,5"]|13:41:13:617
62|1.1|636136510606948633|0|49278.6015625|18.23782992303|107.49134484229|714869|515565||49278.6015625|330||32837.5|330|49278.6015625|880841|AIQ530|0|2121|0|||3|3|0|1|1|132|162|["132,162,5"]|13:41:18:602
62|1.1|636136510656863624|0|49283.6015625|18.2430173075|107.50174643328|715955|516178||49283.6015625|330||32825|330|49283.6015625|880841|AIQ530|0|2121|0|||3|3|0|1|1|132|162|["132,162,5"]|13:41:23:602
62|1.1|636136510706788616|0|49288.578125|18.24819396315|107.51209974458|717036|516789||49288.578125|330||32812.5|330|49288.578125|880841|AIQ530|0|2121|0|||3|3|0|1|1|132|162|["132,162,5"]|13:41:28:578
62|1.1|636136510756713608|0|49293.578125|18.25338671203|107.52250133557|718122|517402||49293.578125|330||32806.25|330|49293.578125|880841|AIQ530|0|2121|0|||3|3|0|1|1|132|162|[]|13:41:33:578
62|1.1|636136510806638600|0|49298.578125|18.25857946091|107.53290292656|719208|518015||49298.578125|330||32800|330|49298.578125|880841|AIQ530|0|2121|0|||3|3|0|1|1|132|162|[]|13:41:38:578
