62|1.1|636136513564804389|0|49573.0390625|16.45915249933|102.77923636947|216974|307928||49573.0390625|||0|||880842|X|X|2500|||||||1|1|132|146|["132,178,4","132,146,4"]|13:46:13:039
62|1.1|636136513599147823|0|49577.8203125|16.45641665023|102.77738564802|216779|307623||49577.8203125|||0|||880842|X|X|2500|||||||1|1|132|146|["132,178,4","132,146,4"]|13:46:17:820
62|1.1|636136513649062814|0|49582.796875|16.45343940268|102.77346426431|216363|307289||49582.796875|11.75||1093.75|||880842|X|0|2500||||3|3|3|1|1|132|146|["132,178,5,1873","132,146,4"]|13:46:22:797
62|1.1|636136513698977805|0|49587.796875|16.45021539227|102.77155453435|216162|306930||49587.796875|14.25||1625|||880842|AIQ3259|0|2500||||3|3|3|1|1|132|146|["132,178,5,1873","132,146,5,1830"]|13:46:27:797
62|1.1|636136513748912798|0|49592.78125|16.4479784333|102.77063185583|216066|306682||49592.78125|16.75||1887.5|16.25|49592.78125|880842|AIQ3259|0|2500|3287.5|||3|3|1|1|1|132|146|["132,178,5,1873","132,146,5,1830"]|13:46:32:781
62|1.1|636136513798817788|0|49597.78125|16.44570928787|102.76904399047|215899|306429||49597.78125|19.25||2112.5|19.25|49597.78125|880842|AIQ3259|0|2500|2912.5|||3|3|1|1|1|132|146|["132,178,5,1873","132,146,5,1830"]|13:46:37:781
62|1.1|636136513848732779|0|49602.78125|16.44311827784|102.76724691312|215709|306140||49602.78125|21.25||2293.75|20.75|49602.78125|880842|AIQ3259|0|2500|2637.5|||3|3|1|1|1|132|146|["132,178,5,1873","132,146,5,1830"]|13:46:42:781
62|1.1|636136513898667772|0|49607.7578125|16.44012493706|102.76522989496|215496|305807||49607.7578125|23.75||2418.75|22.25|49607.7578125|880842|AIQ3259|0|2500|2068.75|||3|3|1|1|1|132|147|["132,178,5,1873","132,146,5,1830"]|13:46:47:758
62|1.1|636136513948582763|0|49612.7578125|16.43697066398|102.76305730891|215267|305455||49612.7578125|25||2543.75|23.25|49612.7578125|880842|AIQ3259|0|2500|1731.25|||3|3|1|1|1|132|147|["132,178,5,1873","132,146,5,1830"]|13:46:52:758
62|1.1|636136513998347739|0|49617.7421875|16.43399341643|102.76108320603|215059|305123||49617.7421875|26||2637.5|24.25|49617.7421875|880842|AIQ3259|0|2500|1518.75|||3|3|1|1|1|132|147|["132,178,5,1873","132,146,5,1830"]|13:46:57:742
62|1.1|636136514048282732|0|49622.7421875|16.4307050331|102.75899108613|214839|304757||49622.7421875|26.75||2718.75|25.25|49622.7421875|880842|AIQ3259|0|2500|1375|||3|3|1|1|1|132|147|["132,178,5,1873","132,146,5,1830"]|13:47:02:742
62|1.1|636136514098187722|0|49627.7421875|16.42725571747|102.75710817822|214641|304373||49627.7421875|27.5||2800|26.25|49627.7421875|880842|AIQ3259|0|2500|1218.75|||3|3|1|1|1|132|147|["132,178,5,1873","132,146,5,1830"]|13:47:07:742
62|1.1|636136514148272730|0|49632.71875|16.42310902854|102.75539156702|214462|303913||49632.71875|28||2912.5|27.25|49632.71875|880842|AIQ3259|0|2500|1218.75|||3|3|1|1|1|132|146|["132,178,5,1873","132,146,5,1830"]|13:47:12:719
62|1.1|636136514198187721|0|49637.71875|16.41750322009|102.75407192216|214327|303290||49637.71875|29.5||2968.75|27.75|49637.71875|880842|AIQ3259|0|2500|1143.75|||3|3|1|1|1|132|147|["132,178,5,1873","132,146,5,1830"]|13:47:17:719
62|1.1|636136514247952697|0|49642.6953125|16.41295420041|102.75278446376|214193|302785||49642.6953125|29.75||3018.75|28.25|49642.6953125|880842|AIQ3259|0|2500|943.75|||3|3|1|1|1|132|147|["132,178,5,1873","132,146,5,1830"]|13:47:22:695
62|1.1|636136514297897691|0|49647.6953125|16.40829789253|102.75142190362|214053|302268||49647.6953125|30.75||3093.75|29.25|49647.6953125|880842|AIQ3259|0|2500|906.25|||3|3|1|1|1|132|147|["132,178,5,1873","132,146,5,1830"]|13:47:27:695
62|1.1|636136514347802681|0|49652.6953125|16.40386152546|102.75013980963|213920|301776||49652.6953125|31.75||3193.75|30.25|49652.6953125|880842|AIQ3259|0|2500|1025|||3|3|1|1|1|132|147|["132,178,5,1873","132,146,5,1830"]|13:47:32:695
62|1.1|636136514397717672|0|49657.6796875|16.39863122571|102.74879870713|213782|301195||49657.6796875|32.75||3337.5|31.25|49657.6796875|880842|AIQ3259|0|2500|1143.75|||3|3|1|1|1|132|146|["132,178,5,1873","132,146,5,1830"]|13:47:37:680
62|1.1|636136514447642664|0|49662.6796875|16.39383544317|102.74752197755|213650|300663||49662.6796875|34||3487.5|32.75|49662.6796875|880842|AIQ3259|0|2500|1300|||3|3|1|1|1|132|146|["132,178,5,1873","132,146,5,1830"]|13:47:42:680
62|1.1|636136514497557655|0|49667.65625|16.38872852485|102.74611650213|213505|300096||49667.65625|35.5||3631.25|34.25|49667.65625|880842|AIQ3259|0|2500|1418.75|||3|3|1|1|1|132|146|["132,178,5,1873","132,146,5,1830"]|13:47:47:656
62|1.1|636136514547492648|0|49672.65625|16.3832836487|102.74463592497|213352|299491||49672.65625|36.75||3762.5|35.5|49672.65625|880842|AIQ3259|0|2500|1493.75|||3|3|1|1|1|132|146|["132,178,5,1873","132,146,5,1830"]|13:47:52:656
62|1.1|636136514597427641|0|49677.65625|16.3758807629|102.74253307625|213134|298669||49677.65625|39.5||3950|37.25|49677.65625|880842|AIQ3259|0|2500|1656.25|||3|3|1|1|1|132|147|["132,178,5,1873","132,146,5,1830"]|13:47:57:656
62|1.1|636136514647322630|0|49682.640625|16.370033556|102.74086474474|212962|298020||49682.640625|41.75||4162.5|39.25|49682.640625|880842|AIQ3259|0|2500|2125|||3|3|1|1|1|132|147|["132,178,5,1873","132,146,5,1830"]|13:48:02:641
62|1.1|636136514697247622|0|49687.640625|16.36521631582|102.73943244727|212813|297485||49687.640625|43.75||4368.75|41.75|49687.640625|880842|AIQ3259|0|2500|2518.75|||3|3|1|1|1|132|147|["132,178,5,1873","132,146,5,1830"]|13:48:07:641
62|1.1|636136514747182615|0|49692.6171875|16.35851080332|102.73757636141|212622|296741||49692.6171875|46||4675|44.75|49692.6171875|880842|AIQ3259|0|2500|2931.25|||3|3|1|1|1|132|147|["132,178,5,1873","132,146,5,1830"]|13:48:12:617
62|1.1|636136514797107607|0|49697.6171875|16.35208424014|102.73577391965|212436|296027||49697.6171875|48.25||4962.5|47.5|49697.6171875|880842|AIQ3259|0|2500|3250|||3|3|1|1|1|132|147|["132,178,5,1873","132,146,5,1830"]|13:48:17:617
62|1.1|636136514847022598|0|49702.6171875|16.34580251603|102.7339768423|212250|295330||49702.6171875|49.75||5218.75|50.25|49702.6171875|880842|AIQ3259|0|2500|3231.25|||3|3|1|1|1|132|146|["132,178,5,1873","132,146,5,1830"]|13:48:22:617
62|1.1|636136514896937589|0|49707.6015625|16.33974073273|102.73216903613|212062|294657||49707.6015625|52.25||5450|52.5|49707.6015625|880842|AIQ3259|0|2500|3112.5|||3|3|1|1|1|132|146|["132,178,5,1873","132,146,5,1830"]|13:48:27:602
62|1.1|636136514946862581|0|49712.6015625|16.33373795794|102.73032367909|211871|293990||49712.6015625|56.25||5643.75|54.5|49712.6015625|880842|AIQ3259|0|2500|2893.75|||3|3|1|1|1|132|147|["132,178,5,1873","132,146,5,1830"]|13:48:32:602
62|1.1|636136514996787573|0|49717.578125|16.32820725123|102.72863925435|211696|293376||49717.578125|57.5||5800|55.75|49717.578125|880842|AIQ3259|0|2500|2306.25|||3|3|1|1|1|132|147|["132,178,5,1873","132,146,5,1830"]|13:48:37:578
62|1.1|636136515046702564|0|49722.578125|16.32240832402|102.72691191433|211517|292732||49722.578125|58.5||5912.5|56.5|49722.578125|880842|AIQ3259|0|2500|1793.75|||3|3|1|1|1|132|147|["132,178,5,1873","132,146,5,1830"]|13:48:42:578
62|1.1|636136515096627556|0|49727.578125|16.31570817593|102.72498609114|211318|291988||49727.578125|59.25||6025|57.5|49727.578125|880842|AIQ3259|0|2500|1300|||3|3|1|1|1|132|147|["132,178,5,1873","132,146,5,1830"]|13:48:47:578
62|1.1|636136515146542547|0|49732.5625|16.30889537523|102.72288860683|211100|291232||49732.5625|59.75||6112.5|58.5|49732.5625|880842|AIQ3259|0|2500|1200|||3|3|1|1|1|132|146|["132,178,5,1873","132,146,5,1830"]|13:48:52:563
62|1.1|636136515196467539|0|49737.5625|16.30269411727|102.7206194614|210864|290543||49737.5625|60.75||6168.75|59.5|49737.5625|880842|AIQ3259|0|2500|1125|||3|3|1|1|1|132|146|["132,178,5,1873","132,146,5,1830"]|13:48:57:563
62|1.1|636136515246392531|0|49742.5390625|16.2953609688|102.71727206956|210513|289727||49742.5390625|62.5||6256.25|60.5|49742.5390625|880842|AIQ3259|0|2500|1125|||3|3|1|1|1|132|147|["132,178,5,1873","132,146,5,1830"]|13:49:02:539
62|1.1|636136515296317523|0|49747.5390625|16.28867691394|102.71419826263|210191|288985||49747.5390625|63.25||6337.5|61.25|49747.5390625|880842|AIQ3259|0|2500|1143.75|||3|3|1|1|1|132|147|["132,178,5,1873","132,146,5,1830"]|13:49:07:539
62|1.1|636136515346232514|0|49752.5390625|16.28199822349|102.71116737098|209873|288242||49752.5390625|64.5||6462.5|62.5|49752.5390625|880842|AIQ3259|0|2500|1200|||3|3|1|1|1|132|147|["132,178,5,1873","132,146,5,1830"]|13:49:12:539
62|1.1|636136515396157506|0|49757.515625|16.27500303285|102.70807210641|209549|287465||49757.515625|65.75||6600|64.25|49757.515625|880842|AIQ3259|0|2500|1437.5|||3|3|1|1|1|132|147|["132,178,5,1873","132,146,5,1830","132,162,5"]|13:49:17:516
62|1.1|636136515446082498|0|49762.515625|16.2678415455|102.70498757066|209226|286668||49762.515625|67.5||6800|66.25|49762.515625|880842|AIQ3259|0|2500|1831.25|||3|3|1|1|1|132|146|["132,178,5,1873","132,146,5,1830","132,162,5"]|13:49:22:516
62|1.1|636136515496007490|0|49767.5|16.25992904075|102.70181720435|208894|285789||49767.5|69.75||7093.75|67.75|49767.5|880842|AIQ3259|0|2500|2481.25|||3|3|1|1|1|132|146|["132,178,5,1873","132,146,5,1830","132,162,5"]|13:49:27:500
62|1.1|636136515545922481|0|49772.5|16.25191997662|102.69817476996|208513|284899||49772.5|74.75||7450|72.5|49772.5|880842|AIQ3259|0|2500|2950|||3|3|1|1|1|132|147|["132,178,5,1873","132,146,5,1830","132,162,5"]|13:49:32:500
62|1.1|636136515595837472|0|49777.5|16.24526810822|102.69525653092|208207|284159||49777.5|77.25||7737.5|75.5|49777.5|880842|AIQ3259|0|2500|3250|||3|3|1|1|1|132|147|["132,178,5,1873","132,146,5,1830","132,162,5"]|13:49:37:500
62|1.1|636136515645762464|0|49782.4765625|16.23737706111|102.69198960523|207865|283283||49782.4765625|80||8106.25|79.25|49782.4765625|880842|AIQ3259|0|2500|3818.75|||3|3|1|1|1|132|147|["132,178,5,1873","132,146,5,1830","132,162,5"]|13:49:42:477
62|1.1|636136515695687456|0|49787.4765625|16.23046770103|102.68896407799|207548|282514||49787.4765625|81.75||8362.5|81.75|49787.4765625|880842|AIQ3259|0|2500|3562.5|||3|3|1|1|1|132|146|["132,178,5,1873","132,146,5,1830","132,162,5"]|13:49:47:477
62|1.1|636136515745612448|0|49792.4609375|16.22343495952|102.68599219485|207237|281733||49792.4609375|84.5||8625|83.75|49792.4609375|880842|AIQ3259|0|2500|3368.75|||3|3|1|1|1|132|146|["132,178,5,1873","132,146,5,1830","132,162,5"]|13:49:52:461
62|1.1|636136515795537440|0|49797.4609375|16.21547417508|102.68276818444|206899|280848||49797.4609375|87.5||8956.25|86.5|49797.4609375|880842|AIQ3259|0|2500|3625|||3|3|1|1|1|132|146|["132,178,5,1873","132,146,5,1830","132,162,5"]|13:49:57:461
62|1.1|636136515845452431|0|49802.4609375|16.20813029779|102.67961391136|206569|280032||49802.4609375|91.5||9187.5|89.75|49802.4609375|880842|AIQ3259|0|2500|3087.5|||3|3|1|1|1|132|147|["132,178,5,1873","132,146,5,1830"]|13:50:02:461
62|1.1|636136515895377423|0|49807.4375|16.20136041237|102.67671712996|206265|279280||49807.4375|93.25||9387.5|91.5|49807.4375|880842|AIQ3259|0|2500|2537.5|||3|3|1|1|1|132|147|["132,178,5,1873","132,146,5,1830"]|13:50:07:438
62|1.1|636136515945292414|0|49812.4375|16.19435449291|102.67375061123|205955|278501||49812.4375|95||9587.5|93.75|49812.4375|880842|AIQ3259|0|2500|2481.25|||3|3|1|1|1|132|147|["132,178,5,1873","132,146,5,1830"]|13:50:12:438
62|1.1|636136515995217406|0|49817.421875|16.18715545469|102.67075727045|205642|277701||49817.421875|96.25||9762.5|95.5|49817.421875|880842|AIQ3259|0|2500|2362.5|||3|3|1|1|1|132|146|["132,178,5,1873","132,146,5,1830"]|13:50:17:422
62|1.1|636136516045132397|0|49822.421875|16.17906056|102.66753326004|205304|276802||49822.421875|98.5||10018.75|97.5|49822.421875|880842|AIQ3259|0|2500|2556.25|||3|3|1|1|1|132|146|["132,178,5,1873","132,146,5,1830"]|13:50:22:422
62|1.1|636136516095057389|0|49827.421875|16.17140554693|102.66425024112|204960|275951||49827.421875|102.75||10262.5|100.5|49827.421875|880842|AIQ3259|0|2500|2737.5|||3|3|1|1|1|132|147|["132,178,5,1873","132,146,5,1830"]|13:50:27:422
62|1.1|636136516144982381|0|49832.3984375|16.16460347505|102.66135345972|204657|275195||49832.3984375|105||10506.25|103.25|49832.3984375|880842|AIQ3259|0|2500|2893.75|||3|3|1|1|1|132|147|["132,178,5,1873","132,146,5,1830","132,162,5"]|13:50:32:398
62|1.1|636136516194907373|0|49837.3984375|16.1566373262|102.65810262726|204316|274310||49837.3984375|107.5||10825|106.5|49837.3984375|880842|AIQ3259|0|2500|3387.5|||3|3|1|1|1|132|147|["132,178,5,1873","132,146,5,1830","132,162,5"]|13:50:37:398
62|1.1|636136516244832365|0|49842.375|16.14902522841|102.65494835418|203986|273464||49842.375|109.75||11118.75|109.75|49842.375|880842|AIQ3259|0|2500|3625|||3|3|1|1|1|132|146|["132,178,5,1873","132,146,5,1830","132,162,5"]|13:50:42:375
62|1.1|636136516294747356|0|49847.375|16.14191202075|102.65182090315|203658|272674||49847.375|113||11431.25|112.75|49847.375|880842|AIQ3259|0|2500|3581.25|||3|3|1|1|1|132|146|["132,178,5,1873","132,146,5,1830","132,162,5"]|13:50:47:375
62|1.1|636136516344662347|0|49852.375|16.13448767731|102.64869881653|203331|271849||49852.375|115.75||11725|115.5|49852.375|880842|AIQ3259|0|2500|3662.5|||3|3|1|1|1|132|146|["132,178,5,1873","132,146,5,1830","132,162,5"]|13:50:52:375
62|1.1|636136516394587339|0|49857.359375|16.12709015592|102.64543189084|202988|271027||49857.359375|118.5||12012.5|118.75|49857.359375|880842|AIQ3259|0|2500|3600|||3|3|1|1|1|132|146|["132,178,5,1873","132,146,5,1830","132,162,5"]|13:50:57:359
62|1.1|636136516444522332|0|49862.359375|16.11807258271|102.64182700732|202611|270025||49862.359375|121.5||12287.5|120.75|49862.359375|880842|AIQ3259|0|2500|3087.5|||3|3|1|1|1|132|147|["132,178,5,1873","132,146,5,1830","132,162,5"]|13:51:02:359
62|1.1|636136516494437323|0|49867.3359375|16.11056777312|102.63853325958|202265|269191||49867.3359375|122.5||12568.75|122.5|49867.3359375|880842|AIQ3259|0|2500|2812.5|||3|3|1|1|1|132|146|["132,178,5,1873","132,146,5,1830","132,162,5"]|13:51:07:336
62|1.1|636136516544352314|0|49872.3359375|16.10356721807|102.63555064762|201952|268413||49872.3359375|124.75||12581.25|123.25|49872.3359375|880842|AIQ3259|0|2500|2068.75|||3|3|1|1|1|132|163|["132,178,5,1873","132,146,5,1830","132,162,5"]|13:51:12:336
62|1.1|636136516594277306|0|49877.3359375|16.09630917134|102.632428561|201625|267606||49877.3359375|125.75||12712.5|124.75|49877.3359375|880842|AIQ3259|0|2500|1968.75|||3|3|1|1|1|132|146|["132,178,5,1873","132,146,5,1830","132,162,5"]|13:51:17:336
62|1.1|636136516644192297|0|49882.3203125|16.08831620044|102.62912944885|201279|266718||49882.3203125|127.5||12906.25|126.75|49882.3203125|880842|AIQ3259|0|2500|1987.5|||3|3|1|1|1|132|146|["132,178,5,1873","132,146,5,1830","132,162,5"]|13:51:22:320
62|1.1|636136516694127290|0|49887.3203125|16.08021594134|102.62571231968|200921|265818||49887.3203125|130.5||13118.75|128.75|49887.3203125|880842|AIQ3259|0|2500|2187.5|||3|3|1|1|1|132|147|["132,178,5,1873","132,146,5,1830","132,162,5"]|13:51:27:320
62|1.1|636136516744042281|0|49892.296875|16.07227661454|102.62238638548|200572|264936||49892.296875|132.75||13343.75|131.25|49892.296875|880842|AIQ3259|0|2500|2500|||3|3|1|1|1|132|163|["132,178,5,1873","132,146,5,1830","132,162,5"]|13:51:32:297
62|1.1|636136516793957272|0|49897.296875|16.06437483861|102.61909800215|200227|264058||49897.296875|134.75||13556.25|133.5|49897.296875|880842|AIQ3259|0|2500|2581.25|||3|3|1|1|1|132|147|["132,178,5,1873","132,146,5,1830","132,162,5"]|13:51:37:297
62|1.1|636136516843892265|0|49902.296875|16.05661790175|102.61572378826|199873|263196||49902.296875|136.25||13756.25|135.25|49902.296875|880842|AIQ3259|0|2500|2500|||3|3|1|1|1|132|163|["132,178,5,1873","132,146,5,1830","132,162,5"]|13:51:42:297
62|1.1|636136516893807256|0|49907.28125|16.04966562639|102.61248368462|199533|262423||49907.28125|138||13881.25|136.75|49907.28125|880842|AIQ3259|0|2500|2206.25|||3|3|1|1|1|132|147|["132,178,5,1873","132,146,5,1830","132,162,5"]|13:51:47:281
62|1.1|636136516943722247|0|49912.28125|16.04253096109|102.60838527538|199101|261630||49912.28125|138.75||14050|138.25|49912.28125|880842|AIQ3259|0|2500|2106.25|||3|3|1|1|1|132|146|["132,178,5,1873","132,146,5,1830","132,162,5"]|13:51:52:281
62|1.1|636136516993657240|0|49917.2578125|16.03552504163|102.60315497563|198547|260849||49917.2578125|141.5||14181.25|139.75|49917.2578125|880842|AIQ3259|0|2500|1987.5|||3|3|1|1|1|132|163|["132,178,5,1873","132,146,5,1830","132,162,5"]|13:51:57:258
62|1.1|636136517043572231|0|49922.2578125|16.02966710591|102.59665331071|197856|260195||49922.2578125|143.5||14343.75|141.5|49922.2578125|880842|AIQ3259|0|2500|1987.5|||3|3|1|1|1|132|163|["132,178,5,1873","132,146,5,1830","132,162,5"]|13:52:02:258
62|1.1|636136517093497223|0|49927.2578125|16.02349803441|102.5909616717|197252|259507||49927.2578125|145.5||14543.75|143.5|49927.2578125|880842|AIQ3259|0|2500|2125|||3|3|1|1|1|132|163|["132,178,5,1873","132,146,5,1830","132,162,5"]|13:52:07:258
62|1.1|636136517143412214|0|49932.2421875|16.01722167471|102.58521102418|196642|258807||49932.2421875|147.25||14756.25|145.5|49932.2421875|880842|AIQ3259|0|2500|2306.25|||3|3|1|1|1|132|163|["132,178,5,1873","132,146,5,1830","132,162,5"]|13:52:12:242
62|1.1|636136517193347207|0|49937.2421875|16.01060735718|102.5791599697|196000|258069||49937.2421875|148.75||14981.25|147.75|49937.2421875|880842|AIQ3259|0|2500|2381.25|||3|3|1|1|1|132|163|["132,178,5,1873","132,146,5,1830","132,162,5"]|13:52:17:242
62|1.1|636136517243252197|0|49942.21875|16.00388575145|102.57325375429|195373|257320||49942.21875|150.75||15181.25|149.75|49942.21875|880842|AIQ3259|0|2500|2443.75|||3|3|1|1|1|132|163|["132,178,5,1873","132,146,5,1830","132,162,5"]|13:52:22:219
62|1.1|636136517293177189|0|49947.21875|15.99724461187|102.56720269981|194731|256579||49947.21875|152||15406.25|151.75|49947.21875|880842|AIQ3259|0|2500|2443.75|||3|3|1|1|1|132|178|["132,178,5,1873","132,146,5,1830","132,162,5"]|13:52:27:219
62|1.1|636136517343092180|0|49952.21875|15.99045326881|102.56138767937|194115|255822||49952.21875|154.75||15531.25|153.25|49952.21875|880842|AIQ3259|0|2500|2068.75|||3|3|1|1|1|132|147|["132,178,5,1873","132,146,5,1830","132,162,5"]|13:52:32:219
62|1.1|636136517393017172|0|49957.1953125|15.9842788329|102.5556638539|193507|255133||49957.1953125|156.25||15668.75|154.25|49957.1953125|880842|AIQ3259|0|2500|1612.5|||3|3|1|1|1|132|163|["132,178,5,1873","132,146,5,1830","132,162,5"]|13:52:37:195
62|1.1|636136517442942164|0|49962.1953125|15.97788982059|102.54991857079|192898|254421||49962.1953125|158||15837.5|156.25|49962.1953125|880842|AIQ3259|0|2500|1812.5|||3|3|1|1|1|132|163|["132,178,5,1873","132,146,5,1830","132,162,5"]|13:52:42:195
62|1.1|636136517492867156|0|49967.1796875|15.97161346089|102.54399089774|192268|253721||49967.1796875|159.5||16000|158.25|49967.1796875|880842|AIQ3259|0|2500|2025|||3|3|1|1|1|132|146|["132,178,5,1873","132,146,5,1830","132,162,5"]|13:52:47:180
62|1.1|636136517542792148|0|49972.1796875|15.9643768718|102.53767162276|191598|252914||49972.1796875|161.5||16337.5|161.5|49972.1796875|880842|AIQ3259|0|2500|2537.5|||3|3|1|1|1|132|178|["132,178,5,1873","132,146,5,1830","132,162,5"]|13:52:52:180
62|1.1|636136517592707139|0|49977.1796875|15.95780546955|102.53196389052|190992|252182||49977.1796875|165.75||16600|164.25|49977.1796875|880842|AIQ3259|0|2500|2656.25|||3|3|1|1|1|132|147|["132,18,5,3782","132,178,5,1873","132,146,5,1830","132,162,5"]|13:52:57:180
62|1.1|636136517642632131|0|49982.15625|15.95151301662|102.52626152269|190387|251480||49982.15625|167.5||16806.25|166.25|49982.15625|880842|AIQ3259|0|2500|2518.75|||3|3|1|1|1|132|147|["132,18,5,3782","132,178,5,1873","132,146,5,1830","132,162,5"]|13:53:02:156
62|1.1|636136517692557123|0|49987.15625|15.94470021592|102.51998516299|189720|250720||49987.15625|169.25||17056.25|168.25|49987.15625|880842|AIQ3259|0|2500|2537.5|||3|3|1|1|1|132|147|["132,18,5,3782","132,178,5,1873","132,146,5,1830","132,162,5"]|13:53:07:156
62|1.1|636136517742472114|0|49992.140625|15.93816636454|102.51401457466|189086|249992||49992.140625|171||17281.25|170.25|49992.140625|880842|AIQ3259|0|2500|2537.5|||3|3|1|1|1|132|163|["132,18,5,3782","132,178,5,1873","132,146,5,1830","132,162,5"]|13:53:12:141
62|1.1|636136517792387105|0|49997.140625|15.93178808105|102.50794206254|188441|249281||49997.140625|172.5||17512.5|172.25|49997.140625|880842|AIQ3259|0|2500|2500|||3|3|1|1|1|132|178|["132,18,5,3782","132,178,5,1873","132,146,5,1830","132,162,5"]|13:53:17:141
62|1.1|636136517842312097|0|50002.140625|15.92471242426|102.50179444868|187789|248492||50002.140625|175||17706.25|174.75|50002.140625|880842|AIQ3259|0|2500|2600|||3|3|1|1|1|132|146|["132,18,5,3782","132,178,5,1873","132,146,5,1830","132,162,5"]|13:53:22:141
62|1.1|636136517892237089|0|50007.1171875|15.91807128468|102.49569511451|187141|247752||50007.1171875|177||17906.25|176.75|50007.1171875|880842|AIQ3259|0|2500|2556.25|||3|3|1|1|1|132|178|["132,18,5,3782","132,178,5,1873","132,146,5,1830","132,162,5"]|13:53:27:117
62|1.1|636136517942162081|0|50012.1171875|15.91178419616|102.49027706041|186566|247051||50012.1171875|180.5||18087.5|178.75|50012.1171875|880842|AIQ3259|0|2500|2537.5|||3|3|1|1|1|132|163|["132,18,5,3782","132,178,5,1873","132,146,5,1830","132,162,5"]|13:53:32:117
62|1.1|636136517992077072|0|50017.1015625|15.90524498037|102.48424209916|185925|246322||50017.1015625|182.25||18293.75|180.75|50017.1015625|880842|AIQ3259|0|2500|2462.5|||3|3|1|1|1|132|147|["132,178,5,1873","132,146,5,1830","132,162,5"]|13:53:37:102
62|1.1|636136518042012065|0|50022.1015625|15.89915637502|102.47874357891|185341|245643||50022.1015625|184||18456.25|182.5|50022.1015625|880842|AIQ3259|0|2500|2362.5|||3|3|1|1|1|132|147|["132,18,5,3784","132,178,5,1873","132,146,5,1830","132,162,5"]|13:53:42:102
62|1.1|636136518091927056|0|50027.1015625|15.89298730352|102.47304121108|184735|244955||50027.1015625|185.75||18625|184.25|50027.1015625|880842|AIQ3259|0|2500|2243.75|||3|3|1|1|1|132|147|["132,18,5,3784","132,178,5,1873","132,146,5,1830","132,162,5"]|13:53:47:102
62|1.1|636136518141852048|0|50032.078125|15.88676458792|102.46743003822|184140|244262||50032.078125|186.75||18787.5|186.25|50032.078125|880842|AIQ3259|0|2500|2143.75|||3|3|1|1|1|132|18|["132,18,5,3784","132,178,5,1873","132,146,5,1830","132,162,5"]|13:53:52:078
62|1.1|636136518191777040|0|50037.078125|15.88049359263|102.46165256865|183526|243563||50037.078125|188.5||18962.5|187.75|50037.078125|880842|AIQ3259|0|2500|2125|||3|3|1|1|1|132|18|["132,18,5,3784","132,178,5,1873","132,146,5,1830","132,114,4","132,162,5"]|13:53:57:078
62|1.1|636136518241692031|0|50042.0625|15.87423869057|102.45550495479|182872|242865||50042.0625|190||19125|189.25|50042.0625|880842|AIQ3259|0|2500|2068.75|||3|3|1|1|1|132|146|["132,18,5,3784","132,178,5,1873","132,146,4,1830","132,114,4","132,162,5"]|13:54:02:063
62|1.1|636136518291617023|0|50047.0625|15.86616525352|102.44891745931|182173|241966||50047.0625|192.5||19300|190.75|50047.0625|880842|AIQ3259|0|2500|1968.75|||3|3|1|1|1|132|147|["132,18,5,3784","132,114,5,560","132,178,5,1873","132,146,4,1830","132,162,5"]|13:54:07:063
62|1.1|636136518341532014|0|50052.0625|15.85992644469|102.44315608297|181561|241271||50052.0625|193.25||19443.75|192.25|50052.0625|880842|AIQ3259|0|2500|1931.25|||3|3|1|1|1|132|146|["132,18,5,3784","132,114,5,560","132,178,5,1873","132,146,5,1839","132,162,5"]|13:54:12:063
62|1.1|636136518391457006|0|50057.0390625|15.85340332213|102.43717476582|180925|240544||50057.0390625|195||19600|194.25|50057.0390625|880842|AIQ3259|0|2500|1931.25|||3|3|1|1|1|132|146|["132,18,5,3784","132,114,5,560","132,178,5,1873","132,146,5,1839","132,162,5"]|13:54:17:039
62|1.1|636136518441371997|0|50062.0390625|15.84681582665|102.4309949655|180268|239809||50062.0390625|196.75||19750|195.75|50062.0390625|880842|AIQ3259|0|2500|2006.25|||3|3|1|1|1|132|146|["132,18,5,3784","132,114,5,560","132,178,5,1873","132,146,5,1839","132,162,5"]|13:54:22:039
62|1.1|636136518491296989|0|50067.015625|15.84012104297|102.42493854661|179625|239063||50067.015625|198.5||19906.25|197.5|50067.015625|880842|AIQ3259|0|2500|1987.5|||3|3|1|1|1|132|146|["132,18,5,3784","132,114,5,560","132,178,5,1873","132,146,5,1839","132,162,5"]|13:54:27:016
62|1.1|636136518541221981|0|50072.015625|15.83413972582|102.41987454357|179087|238397||50072.015625|201||20093.75|199.25|50072.015625|880842|AIQ3259|0|2500|2006.25|||3|3|1|1|1|132|147|["132,18,5,3784","132,114,5,560","132,178,5,1873","132,146,5,1839","132,162,5"]|13:54:32:016
62|1.1|636136518591146973|0|50077.015625|15.82713917077|102.41362500592|178423|237617||50077.015625|202.5||20293.75|200.75|50077.015625|880842|AIQ3259|0|2500|2050|||3|3|1|1|1|132|147|["132,18,5,3784","132,114,5,560","132,178,5,1873","132,146,5,1839","132,162,5"]|13:54:37:016
62|1.1|636136518641061964|0|50082|15.82078234492|102.40780998548|177805|236909||50082|203.75||20431.25|202.25|50082|880842|AIQ3259|0|2500|1968.75|||3|3|1|1|1|132|163|["132,18,5,3784","132,114,5,560","132,178,5,1873","132,146,5,1839","132,162,5"]|13:54:42:000
62|1.1|636136518687886646|0|50086.6796875|15.81473129044|102.40240802461|177231|236235||50086.6796875|204.5||20550|203.75|50086.6796875|880842|AIQ3259|0|2500|1887.5|||3|3|1|1|1|132|146|["132,18,5,3784","132,114,5,560","132,178,5,1873","132,146,5,1839","132,162,5"]|13:54:46:680
62|1.1|636136518737821639|0|50091.6796875|15.8082725408|102.39663591945|176617|235515||50091.6796875|205.75||20656.25|204.75|50091.6796875|880842|AIQ3259|0|2500|1631.25|||3|3|1|1|1|132|146|["132,18,5,3784","132,114,5,560","132,178,5,1873","132,146,5,1839","132,162,5"]|13:54:51:680
62|1.1|636136518787726629|0|50096.65625|15.8012988078|102.3903863818|175953|234738||50096.65625|207||20806.25|205.75|50096.65625|880842|AIQ3259|0|2500|1537.5|||3|3|1|1|1|132|146|["132,18,5,3784","132,114,5,560","132,178,5,1873","132,146,5,1839","132,162,5"]|13:54:56:656
62|1.1|636136518837661622|0|50101.65625|15.7938422779|102.38373987781|175247|233907||50101.65625|209.25||20956.25|207.5|50101.65625|880842|AIQ3259|0|2500|1631.25|||3|3|1|1|1|132|147|["132,18,5,3784","132,114,5,560","132,178,5,1873","132,146,5,1839","132,162,5"]|13:55:01:656
62|1.1|636136518887566612|0|50106.65625|15.78745326559|102.37780147594|174615|233195||50106.65625|210.75||21087.5|208.75|50106.65625|880842|AIQ3259|0|2500|1656.25|||3|3|1|1|1|132|163|["132,18,5,3784","132,114,5,560","132,178,5,1873","132,146,5,1839","132,162,5"]|13:55:06:656
62|1.1|636136518937511606|0|50111.640625|15.78097842272|102.37195426904|173993|232474||50111.640625|211.75||21237.5|210.5|50111.640625|880842|AIQ3259|0|2500|1768.75|||3|3|1|1|1|132|146|["132,18,5,3784","132,114,5,560","132,178,5,1873","132,146,5,1839","132,162,5"]|13:55:11:641
62|1.1|636136518987416596|0|50116.640625|15.77393495239|102.36551697704|173309|231689||50116.640625|213.5||21425|212.25|50116.640625|880842|AIQ3259|0|2500|1868.75|||3|3|1|1|1|132|146|["132,18,5,3784","132,114,5,560","132,178,5,1873","132,146,5,1839","132,162,5"]|13:55:16:641
62|1.1|636136519037331587|0|50121.6171875|15.76718652461|102.35950883784|172670|230938||50121.6171875|215.25||21612.5|214.25|50121.6171875|880842|AIQ3259|0|2500|2206.25|||3|3|1|1|1|132|146|["132,18,5,3784","132,114,5,560","132,178,5,1873","132,146,5,1839","132,162,5"]|13:55:21:617
62|1.1|636136519087266580|0|50126.6171875|15.76005185931|102.35306618143|171985|230142||50126.6171875|217.75||21806.25|216.25|50126.6171875|880842|AIQ3259|0|2500|2206.25|||3|3|1|1|1|132|147|["132,18,5,3784","132,114,5,560","132,178,5,1873","132,146,5,1839","132,162,5"]|13:55:26:617
62|1.1|636136519137181571|0|50131.6171875|15.75385060135|102.34750865267|171394|229452||50131.6171875|219||21937.5|217.5|50131.6171875|880842|AIQ3259|0|2500|2006.25|||3|3|1|1|1|132|147|["132,18,5,3784","132,114,5,560","132,178,5,1873","132,146,5,1839","132,162,5"]|13:55:31:617
62|1.1|636136519187116564|0|50136.6015625|15.74743476699|102.34166144577|170772|228737||50136.6015625|220||22075|218.75|50136.6015625|880842|AIQ3259|0|2500|1850|||3|3|1|1|1|132|146|["132,18,5,3784","132,114,5,560","132,178,5,1873","132,146,5,1839","132,162,5"]|13:55:36:602
62|1.1|636136519237021554|0|50141.6015625|15.73999969473|102.33503103501|170067|227909||50141.6015625|221.25||22231.25|220.25|50141.6015625|880842|AIQ3259|0|2500|1750|||3|3|1|1|1|132|146|["132,18,5,3784","132,114,5,560","132,178,5,1873","132,146,5,1839","132,162,5"]|13:55:41:602
62|1.1|636136519286966548|0|50146.578125|15.73285966502|102.32862056506|169385|227114||50146.578125|222.25||22350|221.25|50146.578125|880842|AIQ3259|0|2500|1593.75|||3|3|1|1|1|132|146|["132,18,5,3784","132,114,5,560","132,178,5,1873","132,146,5,1839","132,162,5"]|13:55:46:578
62|1.1|636136519336871538|0|50151.578125|15.72656184768|102.32287528195|168774|226412||50151.578125|223.5||22406.25|222.25|50151.578125|880842|AIQ3259|0|2500|1400|||3|3|1|1|1|132|146|["132,18,5,3784","132,114,5,560","132,178,5,1873","132,146,5,1839","132,162,5"]|13:55:51:578
62|1.1|636136519386786529|0|50156.578125|15.71959347909|102.31661501548|168108|225636||50156.578125|225||22518.75|223.25|50156.578125|880842|AIQ3259|0|2500|1300|||3|3|1|1|1|132|147|["132,18,5,3784","132,114,5,560","132,178,5,1873","132,146,5,1839","132,162,5"]|13:55:56:578
62|1.1|636136519436721522|0|50161.5625|15.71254464435|102.31011335056|167416|224851||50161.5625|225.75||22637.5|224.25|50161.5625|880842|AIQ3259|0|2500|1318.75|||3|3|1|1|1|132|146|["132,18,5,3784","132,114,5,560","132,178,5,1873","132,146,5,1839","132,162,5"]|13:56:01:563
62|1.1|636136519486636513|0|50166.5625|15.70606443707|102.30431442335|166799|224129||50166.5625|227||22737.5|225.25|50166.5625|880842|AIQ3259|0|2500|1337.5|||3|3|1|1|1|132|146|["132,18,5,3784","132,114,5,560","132,178,5,1873","132,146,5,1839","132,162,5"]|13:56:06:563
62|1.1|636136519536551504|0|50171.5390625|15.69938038221|102.29826873328|166156|223384||50171.5390625|228.25||22862.5|226.5|50171.5390625|880842|AIQ3259|0|2500|1400|||3|3|1|1|1|132|146|["132,18,5,3784","132,114,5,560","132,178,5,1873","132,146,5,1839","132,162,5"]|13:56:11:539
62|1.1|636136519586476496|0|50176.5390625|15.69256758151|102.29215330588|165506|222626||50176.5390625|229.75||23000|228.25|50176.5390625|880842|AIQ3259|0|2500|1518.75|||3|3|1|1|1|132|146|["132,18,5,3784","132,114,5,560","132,178,5,1873","132,146,5,1839","132,162,5"]|13:56:16:539
62|1.1|636136519636401488|0|50181.5390625|15.6856421282|102.28574820034|164824|221855||50181.5390625|231||23156.25|229.5|50181.5390625|880842|AIQ3259|0|2500|1612.5|||3|3|1|1|1|132|146|["132,18,5,3784","132,114,5,560","132,178,5,1873","132,146,5,1839","132,162,5"]|13:56:21:539
62|1.1|636136519686316479|0|50186.515625|15.67804075923|102.2790212302|164108|221008||50186.515625|233||23325|231.25|50186.515625|880842|AIQ3259|0|2500|1693.75|||3|3|1|1|1|132|163|["132,18,5,3784","132,114,5,560","132,178,5,1873","132,146,5,1839","132,162,5"]|13:56:26:516
62|1.1|636136519736241471|0|50191.515625|15.67107239064|102.27256784497|163421|220232||50191.515625|234||23475|232.75|50191.515625|880842|AIQ3259|0|2500|1712.5|||3|3|1|1|1|132|146|["132,18,5,3784","132,114,5,560","132,178,5,1873","132,146,5,1839","132,162,5"]|13:56:31:516
62|1.1|636136519786156462|0|50196.5|15.6638089795|102.26614128179|162737|219423||50196.5|235.5||23606.25|234.25|50196.5|880842|AIQ3259|0|2500|1731.25|||3|3|1|1|1|132|146|["132,18,5,3784","132,114,5,560","132,178,5,1873","132,146,5,1839","132,162,5"]|13:56:36:500
62|1.1|636136519836101456|0|50201.5|15.65699081439|102.25996684588|162080|218664||50201.5|236.75||23743.75|235.75|50201.5|880842|AIQ3259|0|2500|1712.5|||3|3|1|1|1|132|146|["132,18,5,3784","132,114,5,560","132,178,5,1873","132,146,5,1839","132,162,5"]|13:56:41:500
62|1.1|636136519886026448|0|50206.5|15.65011364077|102.25377631674|161421|217898||50206.5|238.25||23887.5|237.25|50206.5|880842|AIQ3259|0|2500|1712.5|||3|3|1|1|1|132|146|["132,18,5,3784","132,114,5,560","132,178,5,1873","132,146,5,1839","132,162,5"]|13:56:46:500
62|1.1|636136519935941439|0|50211.4765625|15.64269466174|102.24710835511|160711|217072||50211.4765625|240.5||24062.5|238.75|50211.4765625|880842|AIQ3259|0|2500|1793.75|||3|3|1|1|1|132|147|["132,18,5,3784","132,114,5,560","132,178,5,1873","132,146,5,1839","132,162,5"]|13:56:51:477
62|1.1|636136519985846429|0|50216.4765625|15.63555463203|102.24064424106|160023|216278||50216.4765625|241.25||24218.75|240.25|50216.4765625|880842|AIQ3259|0|2500|1793.75|||3|3|1|1|1|132|146|["132,18,5,3784","132,114,5,560","132,178,5,1873","132,146,5,1839","132,162,5"]|13:56:56:477
62|1.1|636136520035771421|0|50221.4609375|15.62815174623|102.233852898|159300|215453||50221.4609375|242.75||24375|241.75|50221.4609375|880842|AIQ3259|0|2500|1793.75|||3|3|1|1|1|132|146|["132,18,5,3784","132,114,5,560","132,178,5,1873","132,146,5,1839","132,162,5"]|13:57:01:461
62|1.1|636136520085696413|0|50226.4609375|15.62145696255|102.22781793675|158657|214708||50226.4609375|244.25||24487.5|243.25|50226.4609375|880842|AIQ3259|0|2500|1750|||3|3|1|1|1|132|146|["132,18,5,3784","132,114,5,560","132,178,5,1873","132,146,5,1839","132,162,5"]|13:57:06:461
62|1.1|636136520135611404|0|50231.4609375|15.61462270421|102.2217293314|158009|213947||50231.4609375|245.75||24631.25|244.5|50231.4609375|880842|AIQ3259|0|2500|1712.5|||3|3|1|1|1|132|146|["132,18,5,3784","132,114,5,560","132,178,5,1873","132,146,5,1839","132,162,5"]|13:57:11:461
62|1.1|636136520185526395|0|50236.4375|15.60779917469|102.21541005642|157336|213187||50236.4375|246.75||24750|245.75|50236.4375|880842|AIQ3259|0|2500|1631.25|||3|3|1|1|1|132|146|["132,18,5,3784","132,114,5,560","132,178,5,1873","132,146,5,1839","132,162,5"]|13:57:16:438
62|1.1|636136520235471389|0|50241.4375|15.60080934846|102.20925171374|156680|212409||50241.4375|248.25||24843.75|246.75|50241.4375|880842|AIQ3259|0|2500|1437.5|||3|3|1|1|1|132|163|["132,18,5,3784","132,114,5,560","132,178,5,1873","132,146,5,1839","132,162,5"]|13:57:21:438
62|1.1|636136520285376379|0|50246.421875|15.59377124254|102.20271249795|155984|211625||50246.421875|249||24956.25|247.75|50246.421875|880842|AIQ3259|0|2500|1375|||3|3|1|1|1|132|146|["132,18,5,3784","132,114,5,560","132,178,5,1873","132,146,5,1839","132,162,5"]|13:57:26:422
62|1.1|636136520335291370|0|50251.421875|15.58612695829|102.19603917191|155273|210775||50251.421875|250||25056.25|248.75|50251.421875|880842|AIQ3259|0|2500|1337.5|||3|3|1|1|1|132|146|["132,18,5,3784","132,114,5,560","132,178,5,1873","132,146,5,1839","132,162,5"]|13:57:31:422
62|1.1|636136520385226363|0|50256.421875|15.57909958119|102.18973062575|154601|209992||50256.421875|251||25143.75|249.5|50256.421875|880842|AIQ3259|0|2500|1237.5|||3|3|1|1|1|132|146|["132,18,5,3784","132,114,5,560","132,178,5,1873","132,146,5,1839","132,162,5"]|13:57:36:422
62|1.1|636136520435141354|0|50261.3984375|15.5712192629|102.18269788424|153852|209115||50261.3984375|252.25||25268.75|250.75|50261.3984375|880842|AIQ3259|0|2500|1237.5|||3|3|1|1|1|132|146|["132,18,5,3784","132,114,5,560","132,178,5,1873","132,146,5,1839","132,162,5"]|13:57:41:398
62|1.1|636136520485066346|0|50266.3984375|15.56363398716|102.17575097329|153112|208271||50266.3984375|254||25412.5|252.25|50266.3984375|880842|AIQ3259|0|2500|1375|||3|3|1|1|1|132|163|["132,18,5,3784","132,114,5,560","132,178,5,1873","132,146,5,1839","132,162,5"]|13:57:46:398
62|1.1|636136520534981337|0|50271.375|15.55629547428|102.16909374048|152403|207454||50271.375|255||25537.5|253.5|50271.375|880842|AIQ3259|0|2500|1493.75|||3|3|1|1|1|132|146|["132,18,5,3784","132,114,5,560","132,178,5,1873","132,146,5,1839","132,162,5"]|13:57:51:375
62|1.1|636136520584906329|0|50276.375|15.54985281787|102.16323044035|151778|206737||50276.375|256.5||25693.75|255.25|50276.375|880842|AIQ3259|0|2500|1675|||3|3|1|1|1|132|146|["132,18,5,3784","132,114,5,560","132,178,5,1873","132,146,5,1839","132,162,5"]|13:57:56:375
62|1.1|636136520634831321|0|50281.375|15.54291663574|102.15697017388|151111|205965||50281.375|258||25825|256.75|50281.375|880842|AIQ3259|0|2500|1731.25|||3|3|1|1|1|132|146|["132,18,5,3784","132,114,5,560","132,178,5,1873","132,146,5,1839","132,162,5"]|13:58:01:375
62|1.1|636136520684746312|0|50286.359375|15.53591071628|102.15058116157|150430|205185||50286.359375|259.25||25975|258.25|50286.359375|880842|AIQ3259|0|2500|1731.25|||3|3|1|1|1|132|146|["132,18,5,3784","132,114,5,560","132,178,5,1873","132,146,5,1839","132,162,5"]|13:58:06:359
62|1.1|636136520734671304|0|50291.359375|15.52885651713|102.14434235274|149765|204400||50291.359375|260.5||26093.75|259.5|50291.359375|880842|AIQ3259|0|2500|1675|||3|3|1|1|1|132|146|["132,18,5,3784","132,114,5,560","132,178,5,1873","132,146,5,1839","132,162,5"]|13:58:11:359
62|1.1|636136520784626299|0|50296.3359375|15.52125514816|102.1375617385|149043|203554||50296.3359375|261.75||26212.5|260.25|50296.3359375|880842|AIQ3259|0|2500|1456.25|||3|3|1|1|1|132|147|["132,18,5,3784","132,114,5,560","132,178,5,1873","132,146,5,1839","132,162,5"]|13:58:16:336
62|1.1|636136520834511287|0|50301.3359375|15.51409366081|102.13103861594|148347|202758||50301.3359375|262.5||26306.25|261.25|50301.3359375|880842|AIQ3259|0|2500|1375|||3|3|1|1|1|132|146|["132,18,5,3784","132,114,5,560","132,178,5,1873","132,146,5,1839","132,162,5"]|13:58:21:336
62|1.1|636136520884436279|0|50306.3359375|15.5062026137|102.12401123884|147598|201879||50306.3359375|263.75||26425|262.5|50306.3359375|880842|AIQ3259|0|2500|1337.5|||3|3|1|1|1|132|146|["132,18,5,3784","132,114,5,560","132,178,5,1873","132,146,5,1839","132,162,5"]|13:58:26:336
62|1.1|636136520934361271|0|50311.3203125|15.49927179598|102.11771878591|146928|201108||50311.3203125|264.75||26518.75|263.5|50311.3203125|880842|AIQ3259|0|2500|1318.75|||3|3|1|1|1|132|146|["132,18,5,3784","132,114,5,560","132,178,5,1873","132,146,5,1839","132,162,5"]|13:58:31:320
62|1.1|636136520984276262|0|50316.3203125|15.4922551477|102.11141023975|146255|200327||50316.3203125|266||26631.25|264.5|50316.3203125|880842|AIQ3259|0|2500|1318.75|||3|3|1|1|1|132|18|["132,18,5,3784","132,114,5,560","132,178,5,1873","132,146,5,1839","132,162,5"]|13:58:36:320
62|1.1|636136521034201254|0|50321.296875|15.48511511799|102.1049997698|145572|199533||50321.296875|267.25||26737.5|265.75|50321.296875|880842|AIQ3259|0|2500|1300|||3|3|1|1|1|132|147|["132,18,5,3784","132,114,5,560","132,178,5,1873","132,146,5,1839","132,162,5"]|13:58:41:297
62|1.1|636136521084126246|0|50326.296875|15.47788389331|102.09847128283|144876|198728||50326.296875|267.75||26831.25|266.5|50326.296875|880842|AIQ3259|0|2500|1218.75|||3|3|1|1|1|132|146|["132,18,5,3784","132,114,5,560","132,178,5,1873","132,146,5,1839","132,162,5"]|13:58:46:297
62|1.1|636136521134061239|0|50331.296875|15.4705829313|102.09177649915|144162|197915||50331.296875|268.5||26912.5|267.25|50331.296875|880842|AIQ3259|0|2500|1162.5|||3|3|1|1|1|132|146|["132,18,5,3784","132,114,5,560","132,178,5,1873","132,146,5,1839","132,162,5"]|13:58:51:297
62|1.1|636136521183976230|0|50336.28125|15.46314785904|102.0851514528|143456|197089||50336.28125|269.5||26968.75|267.75|50336.28125|880842|AIQ3259|0|2500|925|||3|3|1|1|1|132|163|["132,18,5,3784","132,114,5,560","132,178,5,1873","132,146,5,1839","132,162,5"]|13:58:56:281
62|1.1|636136521233891221|0|50341.28125|15.45574497324|102.07835474533|142731|196265||50341.28125|270.25||27043.75|268.75|50341.28125|880842|AIQ3259|0|2500|962.5|||3|3|1|1|1|132|18|["132,18,5,3784","132,114,5,560","132,178,5,1873","132,146,5,1839","132,162,5"]|13:59:01:281
62|1.1|636136521283806212|0|50346.2578125|15.44834208744|102.07156876668|142007|195441||50346.2578125|271.25||27125|269.75|50346.2578125|880842|AIQ3259|0|2500|1062.5|||3|3|1|1|1|132|146|["132,18,5,3784","132,114,5,560","132,178,5,1873","132,146,5,1839","132,162,5"]|13:59:06:258
62|1.1|636136521333731204|0|50351.2578125|15.44039739623|102.0644984743|141253|194557||50351.2578125|272.25||27268.75|270.75|50351.2578125|880842|AIQ3259|0|2500|1125|||3|3|1|1|1|132|146|["132,18,5,3784","132,114,5,560","132,178,5,1873","132,146,5,1839","132,162,5"]|13:59:11:258
62|1.1|636136521383646195|0|50356.2578125|15.43310179863|102.05802899584|140563|193746||50356.2578125|273.25||27362.5|271.75|50356.2578125|880842|AIQ3259|0|2500|1162.5|||3|3|1|1|1|132|146|["132,18,5,3784","132,114,5,560","132,178,5,1873","132,146,5,1839","132,162,5"]|13:59:16:258
62|1.1|636136521433581188|0|50361.2421875|15.42576865016|102.05148978005|139865|192930||50361.2421875|274.25||27462.5|272.75|50361.2421875|880842|AIQ3259|0|2500|1200|||3|3|1|1|1|132|18|["132,18,5,3784","132,114,5,560","132,178,5,1873","132,146,5,1839","132,162,5"]|13:59:21:242
62|1.1|636136521483516181|0|50366.2421875|15.41777567926|102.04434438593|139103|192041||50366.2421875|275.5||27568.75|273.75|50366.2421875|880842|AIQ3259|0|2500|1200|||3|3|1|1|1|132|163|["132,18,5,3784","132,114,5,560","132,178,5,1873","132,146,5,1839","132,162,5"]|13:59:26:242
62|1.1|636136521533421171|0|50371.21875|15.41035133582|102.03770324635|138395|191215||50371.21875|276||27643.75|274.75|50371.21875|880842|AIQ3259|0|2500|1143.75|||3|3|1|1|1|132|18|["132,18,5,3784","132,114,5,560","132,178,5,1873","132,146,5,1839","132,162,5"]|13:59:31:219
62|1.1|636136521583336162|0|50376.21875|15.40369946742|102.03172729361|137757|190475||50376.21875|277||27718.75|275.5|50376.21875|880842|AIQ3259|0|2500|1125|||3|3|1|1|1|132|146|["132,18,5,3784","132,114,5,560","132,178,5,1873","132,146,5,1839","132,162,5"]|13:59:36:219
62|1.1|636136521633261154|0|50381.21875|15.39609273404|102.02492522173|137032|189629||50381.21875|278||27818.75|276.5|50381.21875|880842|AIQ3259|0|2500|1143.75|||3|3|1|1|1|132|18|["132,18,5,3784","132,114,5,560","132,178,5,1873","132,146,5,1839","132,162,5"]|13:59:41:219
62|1.1|636136521683176145|0|50386.1953125|15.38812658519|102.01777982761|136269|188743||50386.1953125|279||27931.25|277.25|50386.1953125|880842|AIQ3259|0|2500|0|||3|3|0|1|1|132|18|["132,18,5,3784","132,114,5,560","132,178,5,1873","132,146,5,1839","132,162,5"]|13:59:46:195
62|1.1|636136521733101137|0|50391.1953125|15.38090608933|102.01133180679|135581|187940||50391.1953125|279.5||27975|277.5|50391.1953125|880842|AIQ3259|0|2500|0|||3|3|0|1|1|132|18|["132,18,5,3784","132,114,5,560","132,178,5,1873","132,146,5,1839","132,162,5"]|13:59:51:195
62|1.1|636136521783026129|0|50396.1796875|15.37324571185|102.0044707264|134849|187088||50396.1796875|280||28018.75|278.25|50396.1796875|880842|AIQ3259|0|2500|0|||3|3|0|1|1|132|147|["132,18,5,3784","132,114,5,560","132,178,5,1873","132,146,5,1839","132,162,5"]|13:59:56:180
62|1.1|636136521832941120|0|50401.1796875|15.36671186047|101.99864497714|134227|186362||50401.1796875|280||28025|278.25|50401.1796875|880842|AIQ3259|0|2500|0|||3|3|0|1|1|132|146|["132,18,5,3784","132,114,5,560","132,178,5,1873","132,146,5,1839","132,162,5"]|14:00:01:180
62|1.1|636136521882866112|0|50406.1796875|15.35853113522|101.99137083718|133451|185452||50406.1796875|280.25||28050|278.5|50406.1796875|880842|AIQ3259|0|2500|0|||3|3|0|1|1|132|18|["132,18,5,3784","132,114,5,560","132,178,5,1873","132,146,5,1839","132,162,5"]|14:00:06:180
62|1.1|636136521932791104|0|50411.15625|15.35060253724|101.98423080747|132689|184570||50411.15625|280.25||28037.5|278.75|50411.15625|880842|AIQ3259|0|2500|0|||3|3|0|1|1|132|18|["132,18,5,3784","132,114,5,560","132,178,5,1873","132,146,5,1839","132,162,5"]|14:00:11:156
62|1.1|636136521982726097|0|50416.15625|15.34243790522|101.97676354875|131892|183662||50416.15625|280||28018.75|278.75|50416.15625|880842|AIQ3259|0|2500|0|||3|3|0|1|1|132|18|["132,18,5,3784","132,114,5,560","132,178,5,1873","132,146,5,1839","132,162,5"]|14:00:16:156
62|1.1|636136522032641088|0|50421.140625|15.3343269173|101.96945185792|131111|182760||50421.140625|280||27993.75|278|50421.140625|880842|AIQ3259|0|2500|0|||3|3|0|1|1|132|18|["132,18,5,3784","132,114,5,560","132,178,5,1873","132,146,5,1839","132,162,5"]|14:00:21:141
62|1.1|636136522082566080|0|50426.140625|15.3259584377|101.96186658218|130302|181829||50426.140625|280||27987.5|278|50426.140625|880842|AIQ3259|0|2500|0|||3|3|0|1|1|132|18|["132,18,5,3784","132,114,5,560","132,178,5,1873","132,146,5,1839","132,162,5"]|14:00:26:141
62|1.1|636136522132471070|0|50431.140625|15.3190383488|101.95567605304|129640|181060||50431.140625|280||27987.5|278|50431.140625|880842|AIQ3259|0|2500|0|||3|3|0|1|1|132|18|["132,18,5,3784","132,114,5,560","132,178,5,1873","132,146,5,1839","132,162,5"]|14:00:31:141
62|1.1|636136522182386061|0|50436.1171875|15.31084153032|101.94836436221|128860|180149||50436.1171875|280||27993.75|278|50436.1171875|880842|AIQ3259|0|2500|0|||3|3|0|1|1|132|163|["132,18,5,3784","132,114,5,560","132,178,5,1873","132,146,5,1839","132,162,5"]|14:00:36:117
62|1.1|636136522232311053|0|50441.1171875|15.30265544066|101.94091319672|128064|179238||50441.1171875|280||28000|278|50441.1171875|880842|AIQ3259|0|2500|0|||3|3|0|1|1|132|18|["132,18,5,3784","132,114,5,560","132,178,5,1873","132,146,5,1839","132,162,5"]|14:00:41:117
62|1.1|636136522282096031|0|50446.1015625|15.29400801174|101.93322063278|127243|178277||50446.1015625|280||28000|278|50446.1015625|880842|AIQ3259|0|2500|0|||3|3|0|1|1|132|163|["132,18,5,3784","132,114,5,560","132,178,5,1873","132,146,5,1839","132,162,5"]|14:00:46:102
62|1.1|636136522332041025|0|50451.1015625|15.28653538861|101.92654730674|126530|177446||50451.1015625|280||28000|278|50451.1015625|880842|AIQ3259|0|2500|0|||3|3|0|1|1|132|18|["132,18,5,3784","132,114,5,560","132,178,5,1873","132,146,5,1839","132,162,5"]|14:00:51:102
62|1.1|636136522381936014|0|50456.1015625|15.2781079005|101.91903713274|125728|176509||50456.1015625|280||28000|278|50456.1015625|880842|AIQ3259|0|2500|0|||3|3|0|1|1|132|163|["132,18,5,3784","132,114,5,560","132,178,5,1873","132,146,5,1839","132,162,5"]|14:00:56:102
62|1.1|636136522431851005|0|50461.078125|15.27014711606|101.91169861986|124944|175624||50461.078125|280||28006.25|278|50461.078125|880842|AIQ3259|0|2500|0|||3|3|0|1|1|132|18|["132,18,5,3784","132,114,5,560","132,178,5,1873","132,146,5,1839","132,162,5"]|14:01:01:078
62|1.1|636136522481806000|0|50466.078125|15.26169817031|101.90423136114|124146|174685||50466.078125|280||28000|278|50466.078125|880842|AIQ3259|0|2500|0|||3|3|0|1|1|132|18|["132,18,5,3784","132,114,5,560","132,178,5,1873","132,146,5,1839","132,162,5"]|14:01:06:078
62|1.1|636136522531720991|0|50471.0625|15.25333505512|101.89661389894|123332|173755||50471.0625|280||27993.75|278|50471.0625|880842|AIQ3259|0|2500|0|||3|3|0|1|1|132|18|["132,18,5,3784","132,114,5,560","132,178,5,1873","132,146,5,1839","132,162,5"]|14:01:11:063
62|1.1|636136522581625981|0|50476.0625|15.24631304243|101.89031071719|122659|172974||50476.0625|280||28000|278|50476.0625|880842|AIQ3259|0|2500|0|||3|3|0|1|1|132|18|["132,18,5,3784","132,114,5,560","132,178,5,1873","132,146,5,1839","132,162,5"]|14:01:16:063
62|1.1|636136522631550973|0|50481.0625|15.23754759649|101.88239284803|121813|172000||50481.0625|280||27993.75|278|50481.0625|880842|AIQ3259|0|2500|0|||3|3|0|1|1|132|163|["132,18,5,3784","132,114,5,560","132,178,5,1873","132,146,5,1839","132,162,5"]|14:01:21:063
62|1.1|636136522681455963|0|50486.0390625|15.22969946466|101.87539229298|121065|171128||50486.0390625|280||27993.75|278|50486.0390625|880842|AIQ3259|0|2500|0|||3|3|0|1|1|132|147|["132,18,5,3784","132,114,5,560","132,178,5,1873","132,146,5,1839","132,162,5"]|14:01:26:039
62|1.1|636136522731380955|0|50491.0390625|15.22326217266|101.86967383192|120454|170412||50491.0390625|280||28000|278|50491.0390625|880842|AIQ3259|0|2500|0|||3|3|0|1|1|132|18|["132,18,5,3784","132,114,5,560","132,178,5,1873","132,146,5,1839","132,162,5"]|14:01:31:039
62|1.1|636136522781315948|0|50496.015625|15.21537648996|101.86264109041|119702|169536||50496.015625|280||28000|278|50496.015625|880842|AIQ3259|0|2500|0|||3|3|0|1|1|132|146|["132,18,5,3784","132,114,5,560","132,178,5,1873","132,146,5,1839","132,162,5"]|14:01:36:016
62|1.1|636136522831240940|0|50501.015625|15.2061711624|101.8544281787|118825|168513||50501.015625|280||28006.25|278|50501.015625|880842|AIQ3259|0|2500|0|||3|3|0|1|1|132|18|["132,18,5,3784","132,114,5,560","132,178,5,1873","132,146,5,1839","132,162,5"]|14:01:41:016
62|1.1|636136522881145930|0|50506.015625|15.19937445493|101.84833957335|118174|167757||50506.015625|280||28000|278|50506.015625|880842|AIQ3259|0|2500|0|||3|3|0|1|1|132|18|["132,18,5,3784","132,114,5,560","132,178,5,1873","132,146,5,1839","132,162,5"]|14:01:46:016
62|1.1|636136522931090924|0|50511|15.1914190349|101.84114053513|117404|166873||50511|280||28000|278|50511|880842|AIQ3259|0|2500|0|||3|3|0|1|1|132|146|["132,18,5,3784","132,114,5,560","132,178,5,1873","132,146,5,1839","132,162,5"]|14:01:51:000
62|1.1|636136522981005915|0|50516|15.1829969112|101.8336142679|116600|165937||50516|280||28000|278|50516|880842|AIQ3259|0|2500|0|||3|3|0|1|1|132|146|["132,18,5,3784","132,114,5,560","132,178,5,1873","132,146,5,1839","132,162,5"]|14:01:56:000
62|1.1|636136523030910905|0|50520.9765625|15.17399543122|101.825621297|115745|164937||50520.9765625|280||28006.25|278|50520.9765625|880842|AIQ3259|0|2500|0|||3|3|0|1|1|132|146|["132,18,5,3784","132,114,5,560","132,178,5,1873","132,146,5,1839","132,162,5"]|14:02:00:977
62|1.1|636136523080835897|0|50525.9765625|15.16548211255|101.81803065685|114934|163991||50525.9765625|280||28000|278|50525.9765625|880842|AIQ3259|0|2500|0|||3|3|0|1|1|132|18|["132,18,5,3784","132,114,5,560","132,178,5,1873","132,146,5,1839","132,162,5"]|14:02:05:977
62|1.1|636136523130780891|0|50530.9765625|15.15784855712|101.81099791534|114182|163142||50530.9765625|280||28000|278|50530.9765625|880842|AIQ3259|0|2500|0|||3|3|0|1|1|132|146|["132,18,5,3784","132,114,5,560","132,178,5,1873","132,146,5,1839","132,162,5"]|14:02:10:977
62|1.1|636136523180685881|0|50535.9609375|15.15023109492|101.80417438582|113452|162296||50535.9609375|280||27993.75|278|50535.9609375|880842|AIQ3259|0|2500|0|||3|3|0|1|1|132|146|["132,18,5,3784","132,114,5,560","132,178,5,1873","132,146,5,1839","132,162,5"]|14:02:15:961
62|1.1|636136523230610873|0|50540.9609375|15.14193771706|101.79670176269|112653|161375||50540.9609375|280||28000|278|50540.9609375|880842|AIQ3259|0|2500|0|||3|3|0|1|1|132|146|["132,18,5,3784","132,114,5,560","132,178,5,1873","132,146,5,1839","132,162,5"]|14:02:20:961
62|1.1|636136523280535865|0|50545.9375|15.13374626299|101.78937934304|111870|160464||50545.9375|280||28000|278|50545.9375|880842|AIQ3259|0|2500|0|||3|3|0|1|1|132|163|["132,18,5,3784","132,114,5,560","132,178,5,1873","132,146,5,1839","132,162,5"]|14:02:25:938
62|1.1|636136523330440855|0|50550.9375|15.12612343638|101.78260945762|111146|159617||50550.9375|280||27993.75|278|50550.9375|880842|AIQ3259|0|2500|0|||3|3|0|1|1|132|162|["132,18,5,3784","132,114,5,560","132,178,5,1873","132,146,5,1839","132,162,5"]|14:02:30:938
62|1.1|636136523380365847|0|50555.9375|15.11803927051|101.77536213971|110371|158719||50555.9375|280||27993.75|278|50555.9375|880842|AIQ3259|0|2500|0|||3|3|0|1|1|132|146|["132,18,5,3784","132,114,5,560","132,178,5,1873","132,146,5,1839","132,162,5"]|14:02:35:938
62|1.1|636136523430280838|0|50560.921875|15.11059883384|101.76868881367|109657|157892||50560.921875|280||27993.75|278|50560.921875|880842|AIQ3259|0|2500|0|||3|3|0|1|1|132|178|["132,18,5,3784","132,114,5,560","132,178,5,1873","132,146,5,1839","132,162,5"]|14:02:40:922
62|1.1|636136523480205830|0|50565.921875|15.10305110897|101.76195111471|108936|157054||50565.921875|280||27993.75|278|50565.921875|880842|AIQ3259|0|2500|0|||3|3|0|1|1|132|178|["132,18,5,3784","132,114,5,560","132,178,5,1873","132,146,5,1839","132,162,5"]|14:02:45:922
62|1.1|636136523530130822|0|50570.8984375|15.09543901118|101.7551865937|108213|156208||50570.8984375|279.5||27968.75|278|50570.8984375|880842|AIQ3259|0|2500|0|||3|3|0|1|1|132|5|["132,18,5,3784","132,114,5,560","132,178,5,1873","132,146,5,1839","132,162,5"]|14:02:50:898
62|1.1|636136523580055814|0|50575.8984375|15.08748359115|101.74810020809|107454|155325||50575.8984375|279||27918.75|277.5|50575.8984375|880842|AIQ3259|0|2500|0|||3|3|0|1|1|132|146|["132,18,5,3784","132,114,5,560","132,178,5,1873","132,146,5,1839","132,162,5"]|14:02:55:898
62|1.1|636136523629970805|0|50580.8984375|15.0790882895|101.74064367819|106657|154392||50580.8984375|278.5||27856.25|276.75|50580.8984375|880842|AIQ3259|0|2500|0|||3|3|0|1|1|132|178|["132,18,5,3784","132,114,5,560","132,178,5,1873","132,146,5,1839","132,162,5"]|14:03:00:898
62|1.1|636136523679915799|0|50585.875|15.0705588776|101.73307986009|105847|153444||50585.875|277.75||27775|275.75|50585.875|880842|AIQ3259|0|2500|0|||3|3|0|1|1|132|178|["132,18,5,3784","132,114,5,560","132,178,5,1873","132,146,5,1839","132,162,5"]|14:03:05:875
62|1.1|636136523729820789|0|50590.875|15.06303261037|101.72630997467|105123|152608||50590.875|277.25||27712.5|275.25|50590.875|880842|AIQ3259|0|2500|-806.25|||3|3|2|1|1|132|178|["132,18,5,3784","132,114,5,560","132,178,5,1873","132,146,5,1839","132,162,5"]|14:03:10:875
62|1.1|636136523779735780|0|50595.859375|15.05502354624|101.7191914026|104361|151719||50595.859375|276.5||27656.25|274.75|50595.859375|880842|AIQ3259|0|2500|-731.25|||3|3|2|1|1|132|162|["132,18,5,3784","132,114,5,560","132,178,5,1873","132,146,5,1839","132,162,5"]|14:03:15:859
62|1.1|636136523829660772|0|50600.859375|15.04744363491|101.71201918643|103593|150877||50600.859375|275.75||27593.75|274|50600.859375|880842|AIQ3259|0|2500|-750|||3|3|2|1|1|132|162|["132,18,5,3784","132,114,5,560","132,178,5,1873","132,146,5,1839","132,162,5"]|14:03:20:859
62|1.1|636136523879585764|0|50605.859375|15.04061474098|101.70603250487|102952|150118||50605.859375|275||27518.75|273.5|50605.859375|880842|AIQ3259|0|2500|-731.25|||3|3|2|1|1|132|162|["132,18,5,3784","132,114,5,560","132,178,5,1873","132,146,5,1839","132,162,5"]|14:03:25:859
62|1.1|636136523929510756|0|50610.8359375|15.03308310934|101.69931089914|102233|149282||50610.8359375|274.25||27437.5|272.75|50610.8359375|880842|AIQ3259|0|2500|-750|||3|3|2|1|1|132|162|["132,18,5,3784","132,114,5,560","132,178,5,1873","132,146,5,1839","132,162,5"]|14:03:30:836
62|1.1|636136523979425747|0|50615.8359375|15.02548710478|101.69254637813|101509|148438||50615.8359375|273.75||27368.75|272|50615.8359375|880842|AIQ3259|0|2500|-768.75|||3|3|2|1|1|132|178|["132,18,5,3784","132,114,5,560","132,178,5,1873","132,146,5,1839","132,162,5"]|14:03:35:836
62|1.1|636136524029350739|0|50620.8203125|15.01714008282|101.68513812792|100716|147511||50620.8203125|272.25||27268.75|270.75|50620.8203125|880842|AIQ3259|0|2500|-1062.5|||3|3|2|1|1|132|162|["132,18,5,3784","132,114,5,560","132,178,5,1873","132,146,5,1839","132,162,5"]|14:03:40:820
62|1.1|636136524079265730|0|50625.8203125|15.0087608744|101.67757430982|99906|146580||50625.8203125|270.5||27081.25|269.25|50625.8203125|880842|AIQ3259|0|2500|-1400|||3|3|2|1|1|132|5|["132,18,5,3784","132,114,5,560","132,178,5,1873","132,146,5,1839","132,162,5"]|14:03:45:820
62|1.1|636136524129190722|0|50630.8203125|15.00207681954|101.67163590795|99270|145838||50630.8203125|269||26943.75|267|50630.8203125|880842|AIQ3259|0|2500|-2050|||3|3|2|1|1|132|162|["132,18,5,3784","132,114,5,560","132,178,5,1873","132,146,5,1839","132,162,5"]|14:03:50:820
62|1.1|636136524179105713|0|50635.796875|14.99419650125|101.66461389526|98518|144963||50635.796875|267.25||26750|265.25|50635.796875|880842|AIQ3259|0|2500|-2206.25|||3|3|2|1|1|132|162|["132,18,5,3784","132,114,5,560","132,178,5,1873","132,146,5,1839","132,162,5"]|14:03:55:797
62|1.1|636136524229030705|0|50640.796875|14.98685262396|101.65806395065|97817|144148||50640.796875|266||26581.25|263.5|50640.796875|880842|AIQ3259|0|2500|-2143.75|||3|3|2|1|1|132|178|["132,18,5,3784","132,114,5,560","132,178,5,1873","132,146,5,1839","132,162,5"]|14:04:00:797
62|1.1|636136524278955697|0|50645.78125|14.97844122908|101.65055377665|97013|143213||50645.78125|263.5||26343.75|261.5|50645.78125|880842|AIQ3259|0|2500|-2206.25|||3|3|2|1|1|132|147|["132,18,5,3784","132,114,5,560","132,178,5,1873","132,146,5,1839","132,162,5"]|14:04:05:781
62|1.1|636136524328870688|0|50650.78125|14.97182154714|101.64459391714|96374|142478||50650.78125|262.25||26181.25|260|50650.78125|880842|AIQ3259|0|2500|-2087.5|||3|3|2|1|1|132|178|["132,18,5,3784","132,114,5,560","132,178,5,1873","132,146,5,1839","132,162,5"]|14:04:10:781
62|1.1|636136524378805681|0|50655.78125|14.96340478785|101.63709447196|95571|141544||50655.78125|259.75||25975|258.25|50655.78125|880842|AIQ3259|0|2500|-2050|||3|3|2|1|1|132|5|["132,18,5,3784","132,114,5,560","132,178,5,1873","132,146,5,1839","132,162,5"]|14:04:15:781
62|1.1|636136524428730673|0|50660.7578125|14.95721962312|101.63152621438|94975|140857||50660.7578125|258||25812.5|256.5|50660.7578125|880842|AIQ3259|0|2500|-2106.25|||3|3|2|1|1|132|5|["132,18,5,3784","132,114,5,560","132,178,5,1873","132,146,5,1839","132,162,5"]|14:04:20:758
62|1.1|636136524478665666|0|50665.7578125|14.94908181315|101.62433254057|94204|139954||50665.7578125|256.5||25600|254.5|50665.7578125|880842|AIQ3259|0|2500|-2343.75|||3|3|2|1|1|132|178|["132,18,5,3784","132,114,5,560","132,178,5,1873","132,146,5,1839","132,162,5"]|14:04:25:758
62|1.1|636136524528570656|0|50670.7421875|14.94158773238|101.6176431213|93487|139122||50670.7421875|254.75||25406.25|252.25|50670.7421875|880842|AIQ3259|0|2500|-2481.25|||3|3|2|1|1|132|178|["132,18,5,3784","132,114,5,560","132,178,5,1873","132,146,5,1839","132,162,5"]|14:04:30:742
62|1.1|636136524578485647|0|50675.7421875|14.93456035528|101.61134530396|92813|138342||50675.7421875|252.75||25237.5|250.5|50675.7421875|880842|AIQ3259|0|2500|-2343.75|||3|3|2|1|1|132|178|["132,18,5,3784","132,114,5,560","132,178,5,1873","132,146,5,1839"]|14:04:35:742
62|1.1|636136524628400638|0|50680.7421875|14.92625088419|101.60399606226|92025|137419||50680.7421875|250.5||25025|248.5|50680.7421875|880842|AIQ3259|0|2500|-2343.75|||3|3|2|1|1|132|147|["132,18,5,3784","132,114,5,560","132,178,5,1873","132,146,5,1839"]|14:04:40:742
62|1.1|636136524678325630|0|50685.71875|14.91852613379|101.59708670218|91285|136561||50685.71875|249||24850|246.5|50685.71875|880842|AIQ3259|0|2500|-2325|||3|3|2|1|1|132|178|["132,18,5,3784","132,114,5,560","132,178,5,1873","132,146,5,1839"]|14:04:45:719
62|1.1|636136524728270624|0|50690.71875|14.91098913774|101.59032218117|90560|135725||50690.71875|247.25||24650|244.75|50690.71875|880842|AIQ3259|0|2500|-2306.25|||3|3|2|1|1|132|178|["132,18,5,3784","132,114,5,560","132,178,5,1873","132,146,5,1839"]|14:04:50:719
62|1.1|636136524778175614|0|50695.6953125|14.90431044729|101.58429794874|89914|134983||50695.6953125|245.25||24475|243|50695.6953125|880842|AIQ3259|0|2500|-2225|||3|3|2|1|1|132|178|["132,18,5,3784","132,114,5,560","132,178,5,1873","132,146,5,1839"]|14:04:55:695
62|1.1|636136524828090605|0|50700.6953125|14.89741718044|101.57808596196|89249|134218||50700.6953125|243.5||24293.75|241.25|50700.6953125|880842|AIQ3259|0|2500|-2187.5|||3|3|2|1|1|132|178|["132,18,5,3784","132,114,5,560","132,178,5,1873","132,146,5,1839"]|14:05:00:695
62|1.1|636136524878005596|0|50705.6953125|14.88948858246|101.57115514424|88506|133338||50705.6953125|241.75||24106.25|239.25|50705.6953125|880842|AIQ3259|0|2500|-2225|||3|3|2|1|1|132|178|["132,18,5,3784","132,114,5,560","132,178,5,1873","132,146,5,1839"]|14:05:05:695
62|1.1|636136524927930588|0|50710.6796875|14.88265432412|101.56503971684|87851|132579||50710.6796875|239.75||23931.25|237.5|50710.6796875|880842|AIQ3259|0|2500|-2206.25|||3|3|2|1|1|132|178|["132,18,5,3784","132,114,5,560","132,178,5,1873","132,146,5,1839"]|14:05:10:680
62|1.1|636136524977855580|0|50715.6796875|14.87533190447|101.55850586546|87150|131766||50715.6796875|237.5||23743.75|235.75|50715.6796875|880842|AIQ3259|0|2500|-2162.5|||3|3|2|1|1|132|5|["132,18,5,3784","132,114,5,560","132,178,5,1873","132,146,5,1839"]|14:05:15:680
62|1.1|636136525027800574|0|50720.65625|14.86820260358|101.55213294638|86467|130975||50720.65625|236.25||23581.25|234|50720.65625|880842|AIQ3259|0|2500|-2125|||3|3|2|1|1|132|178|["132,18,5,3784","132,114,5,560","132,178,5,1873","132,146,5,1839"]|14:05:20:656
62|1.1|636136525077715565|0|50725.65625|14.86115376884|101.54586195109|85795|130192||50725.65625|234.5||23412.5|232.25|50725.65625|880842|AIQ3259|0|2500|-2143.75|||3|3|2|1|1|132|178|["132,18,5,3784","132,114,5,560","132,178,5,1873","132,146,5,1839"]|14:05:25:656
62|1.1|636136525127620555|0|50730.65625|14.85390645093|101.53939247263|85101|129388||50730.65625|232||23212.5|230.25|50730.65625|880842|AIQ3259|0|2500|-2162.5|||3|3|2|1|1|132|147|["132,18,5,3784","132,114,5,560","132,178,5,1873","132,146,5,1839"]|14:05:30:656
62|1.1|636136525177545547|0|50735.640625|14.84647137867|101.53279424833|84394|128563||50735.640625|230.75||23025|228.5|50735.640625|880842|AIQ3259|0|2500|-2187.5|||3|3|2|1|1|132|178|["132,18,5,3784","132,114,5,560","132,178,5,1873","132,146,5,1839"]|14:05:35:641
62|1.1|636136525227460538|0|50740.640625|14.83877345032|101.52593853235|83659|127709||50740.640625|229.5||22862.5|227|50740.640625|880842|AIQ3259|0|2500|-2087.5|||3|3|2|1|1|132|178|["132,18,5,3784","132,114,5,560","132,178,5,1873","132,146,5,1839","132,162,5"]|14:05:40:641
62|1.1|636136525277405532|0|50745.6171875|14.83121499663|101.51921156221|82937|126870||50745.6171875|228.75||22743.75|226.25|50745.6171875|880842|AIQ3259|0|2500|-1593.75|||3|3|2|1|1|132|178|["132,18,5,3784","132,114,5,560","132,178,5,1873","132,146,5,1839","132,162,5"]|14:05:45:617
62|1.1|636136525327310522|0|50750.6171875|14.82463286556|101.51329461798|82303|126139||50750.6171875|228||22693.75|226|50750.6171875|880842|AIQ3259|0|2500|-787.5|||3|3|2|1|1|132|178|["132,18,5,3784","132,114,5,560","132,178,5,1873","132,146,5,1839","132,162,5"]|14:05:50:617
62|1.1|636136525377235514|0|50755.6171875|14.81774496312|101.5071362753|81642|125375||50755.6171875|227.25||22687.5|225.5|50755.6171875|880842|AIQ3259|0|2500|-687.5|||3|3|2|1|1|132|5|["132,18,5,3784","132,114,5,560","132,178,5,1873","132,146,5,1839","132,162,5"]|14:05:55:617
62|1.1|636136525427170507|0|50760.6015625|14.81051910285|101.50066679684|80948|124573||50760.6015625|226.75||22631.25|225|50760.6015625|880842|AIQ3259|0|2500|-706.25|||3|3|2|1|1|132|178|["132,18,5,3784","132,114,5,560","132,178,5,1873","132,146,5,1839","132,162,5"]|14:06:00:602
62|1.1|636136525477075497|0|50765.6015625|14.80345417488|101.49434215745|80270|123789||50765.6015625|226||22568.75|224|50765.6015625|880842|AIQ3259|0|2500|-768.75|||3|3|2|1|1|132|178|["132,18,5,3784","132,114,5,560","132,178,5,1873","132,146,5,1839","132,162,5"]|14:06:05:602
62|1.1|636136525527010490|0|50770.578125|14.79653945039|101.48815699272|79606|123021||50770.578125|225.25||22500|223.25|50770.578125|880842|AIQ3259|0|2500|-843.75|||3|3|2|1|1|132|178|["132,18,5,3784","132,114,5,560","132,178,5,1873","132,162,5"]|14:06:10:578
62|1.1|636136525576925481|0|50775.578125|14.79042402299|101.48263701483|79014|122343||50775.578125|224.5||22425|222.5|50775.578125|880842|AIQ3259|0|2500|-887.5|||3|3|2|1|1|132|178|["132,18,5,3784","132,114,5,560","132,178,5,1873","132,162,5"]|14:06:15:578
62|1.1|636136525626840472|0|50780.578125|14.78424958708|101.4770955793|78420|121658||50780.578125|223.75||22356.25|221.75|50780.578125|880842|AIQ3259|0|2500|-887.5|||3|3|2|1|1|132|178|["132,18,5,3784","132,114,5,560","132,178,5,1873","132,162,5"]|14:06:20:578
62|1.1|636136525676785466|0|50785.5625|14.77729194731|101.47094796544|77760|120886||50785.5625|223||22293.75|221.25|50785.5625|880842|AIQ3259|0|2500|-843.75|||3|3|2|1|1|132|5|["132,18,5,3784","132,114,5,560","132,178,5,1873","132,162,5"]|14:06:25:563
62|1.1|636136525726690456|0|50790.5625|14.77115506227|101.46541725873|77167|120205||50790.5625|222.5||22225|220.5|50790.5625|880842|AIQ3259|0|2500|-825|||3|3|2|1|1|132|178|["132,18,5,3784","132,114,5,560","132,178,5,1873","132,162,5"]|14:06:30:563
62|1.1|636136525776605447|0|50795.5390625|14.76513082984|101.46006894196|76593|119537||50795.5390625|221.25||22131.25|219.5|50795.5390625|880842|AIQ3259|0|2500|-887.5|||3|3|2|1|1|132|178|["132,18,5,3784","132,114,5,560","132,178,5,1873"]|14:06:35:539
62|1.1|636136525826530439|0|50800.5390625|14.75896712275|101.4545650573|76002|118852||50800.5390625|220||22000|218.25|50800.5390625|880842|AIQ3259|0|2500|-1300|||3|3|2|1|1|132|178|["132,18,5,3784","132,114,5,560","132,178,5,1873"]|14:06:40:539
62|1.1|636136525876475433|0|50805.5390625|14.75270685628|101.44897534208|75403|118158||50805.5390625|218.75||21868.75|216.5|50805.5390625|880842|AIQ3259|0|2500|-1750|||3|3|2|1|1|132|178|["132,18,5,3784","132,114,5,560","132,178,5,1873"]|14:06:45:539
62|1.1|636136525926370422|0|50810.515625|14.74577603856|101.4428706435|74747|117389||50810.515625|217.5||21712.5|215|50810.515625|880842|AIQ3259|0|2500|-1768.75|||3|3|2|1|1|132|178|["132,18,5,3784","132,114,5,560","132,178,5,1873"]|14:06:50:516
62|1.1|636136525976295414|0|50815.515625|14.7389310514|101.43678740256|74094|116630||50815.515625|215.75||21568.75|214|50815.515625|880842|AIQ3259|0|2500|-1631.25|||3|3|2|1|1|132|5|["132,18,5,3784","132,114,5,560","132,178,5,1873"]|14:06:55:516
62|1.1|636136526026210405|0|50820.5|14.73282098841|101.43131570436|73507|115952||50820.5|215||21456.25|213|50820.5|880842|AIQ3259|0|2500|-1518.75|||3|3|2|1|1|132|178|["132,18,5,3784","132,114,5,560","132,178,5,1873"]|14:07:00:500
62|1.1|636136526076155399|0|50825.5|14.72715080704|101.42624633691|72963|115323||50825.5|213.75||21350|211.75|50825.5|880842|AIQ3259|0|2500|-1437.5|||3|3|2|1|1|132|178|["132,18,5,3784","132,114,5,560","132,178,5,1873"]|14:07:05:500
62|1.1|636136526126070390|0|50830.5|14.72052576069|101.42034548591|72330|114588||50830.5|212.25||21212.5|210.5|50830.5|880842|AIQ3259|0|2500|-1475|||3|3|2|1|1|132|178|["132,18,5,3784","132,114,5,560","132,178,5,1873"]|14:07:10:500
62|1.1|636136526175975380|0|50835.4765625|14.71402946018|101.4146002028|71713|113867||50835.4765625|210.75||21056.25|208.75|50835.4765625|880842|AIQ3259|0|2500|-1656.25|||3|3|2|1|1|132|178|["132,18,5,3784","132,114,5,560","132,178,5,1873"]|14:07:15:477
62|1.1|636136526225900372|0|50840.4765625|14.70823589738|101.4094503692|71160|113225||50840.4765625|209||20906.25|207|50840.4765625|880842|AIQ3259|0|2500|-1750|||3|3|2|1|1|132|178|["132,18,5,3784","132,114,5,560","132,178,5,1873"]|14:07:20:477
62|1.1|636136526275825364|0|50845.4609375|14.70205609706|101.40396794218|70571|112539||50845.4609375|206.75||20700|205|50845.4609375|880842|AIQ3259|0|2500|-2068.75|||3|3|2|1|1|132|5|["132,18,5,3784","132,114,5,560","132,178,5,1873"]|14:07:25:461
62|1.1|636136526325760357|0|50850.4609375|14.69557588978|101.39820656584|69953|111820||50850.4609375|205.75||20518.75|203.25|50850.4609375|880842|AIQ3259|0|2500|-2087.5|||3|3|2|1|1|132|178|["132,18,5,3784","132,114,5,560","132,178,5,1873"]|14:07:30:461
62|1.1|636136526375705351|0|50855.4609375|14.6891493266|101.39248274037|69339|111107||50855.4609375|204||20356.25|201.75|50855.4609375|880842|AIQ3259|0|2500|-2050|||3|3|2|1|1|132|178|["132,18,5,3784","132,114,5,560","132,178,5,1873"]|14:07:35:461
62|1.1|636136526425580338|0|50860.4375|14.68336112821|101.38730072031|68782|110466||50860.4375|202.5||20212.5|200.5|50860.4375|880842|AIQ3259|0|2500|-1887.5|||3|3|2|1|1|132|178|["132,18,5,3784","132,114,5,560","132,178,5,1873"]|14:07:40:438
62|1.1|636136526475505330|0|50865.4375|14.67751392131|101.38209724261|68223|109817||50865.4375|201||20081.25|199|50865.4375|880842|AIQ3259|0|2500|-1768.75|||3|3|2|1|1|132|178|["132,18,5,3784","132,114,5,560","132,178,5,1873"]|14:07:45:438
62|1.1|636136526525430322|0|50870.421875|14.67100152757|101.37633050186|67604|109094||50870.421875|199.5||19925|197.5|50870.421875|880842|AIQ3259|0|2500|-1831.25|||3|3|2|1|1|132|178|["132,18,5,3784","132,114,5,560","132,178,5,1873"]|14:07:50:422
62|1.1|636136526575355314|0|50875.421875|14.66481636284|101.37081052397|67011|108409||50875.421875|197.75||19756.25|195.75|50875.421875|880842|AIQ3259|0|2500|-1931.25|||3|3|2|1|1|132|178|["132,18,5,3784","132,114,5,560","132,178,5,1873"]|14:07:55:422
62|1.1|636136526625270305|0|50880.421875|14.65837907084|101.36508133409|66396|107694||50880.421875|196.25||19581.25|195.75|50880.421875|880842|AIQ3259|0|2500|-1968.75|||3|3|2|1|1|132|178|["132,18,5,3784","132,114,5,560","132,178,5,1873"]|14:08:00:422
62|1.1|636136526675195297|0|50885.3984375|14.65204370263|101.35940578831|65786|106992||50885.3984375|194.5||19412.5|194|50885.3984375|880842|AIQ3259|0|2500|-1987.5|||3|3|2|1|1|132|178|["132,18,5,3784","132,114,5,560","132,178,5,1873"]|14:08:05:398
62|1.1|636136526725130290|0|50890.3984375|14.64631987716|101.35423986148|65232|106357||50890.3984375|193||19256.25|192.5|50890.3984375|880842|AIQ3259|0|2500|-1931.25|||3|3|2|1|1|132|178|["132,18,5,3784","132,114,5,560","132,178,5,1873"]|14:08:10:398
62|1.1|636136526775035280|0|50895.375|14.64052094995|101.34907393465|64676|105714||50895.375|191.5||19118.75|191.25|50895.375|880842|AIQ3259|0|2500|-1850|||3|3|2|1|1|132|178|["132,18,5,3784","132,114,5,560","132,178,5,1873"]|14:08:15:375
62|1.1|636136526824960272|0|50900.375|14.6345932769|101.34380608403|64111|105057||50900.375|190.5||19006.25|190.25|50900.375|880842|AIQ3259|0|2500|-1437.5|||3|3|2|1|1|132|178|["132,18,5,3784","132,114,5,560","132,178,5,1873"]|14:08:20:375
62|1.1|636136526874875263|0|50905.375|14.62802187465|101.33802325005|63489|104328||50905.375|189.5||18881.25|189.25|50905.375|880842|AIQ3259|0|2500|-1337.5|||3|3|2|1|1|132|178|["132,18,5,3784","132,114,5,560","132,178,5,1873"]|14:08:25:375
62|1.1|636136526924800255|0|50910.359375|14.6216114047|101.33223505166|62868|103617||50910.359375|188.5||18793.75|188|50910.359375|880842|AIQ3259|0|2500|-1300|||3|3|2|1|1|132|178|["132,18,5,3784","132,114,5,560","132,178,5,1873"]|14:08:30:359
62|1.1|636136526974725247|0|50915.359375|14.61594658774|101.32711740452|62318|102989||50915.359375|187.25||18700|187|50915.359375|880842|AIQ3259|0|2500|-1262.5|||3|3|2|1|1|132|178|["132,18,5,3784","132,114,5,560","132,178,5,1873"]|14:08:35:359
62|1.1|636136527024660240|0|50920.3359375|14.60961121953|101.32150086725|61714|102286||50920.3359375|185.75||18562.5|185.75|50920.3359375|880842|AIQ3259|0|2500|-1400|||3|3|2|1|1|132|178|["132,18,5,3784","132,114,5,560","132,178,5,1873"]|14:08:40:336
62|1.1|636136527074565230|0|50925.3359375|14.60344214803|101.31598625377|61122|101602||50925.3359375|184||18443.75|181.75|50925.3359375|880842|AIQ3259|0|2500|-1712.5|||3|3|2|1|1|132|178|["132,18,5,3784","132,114,5,560","132,178,5,1873"]|14:08:45:336
62|1.1|636136527124490222|0|50930.3359375|14.59716042392|101.31050919116|60533|100905||50930.3359375|182.5||18243.75|180|50930.3359375|880842|AIQ3259|0|2500|-1887.5|||3|3|2|1|1|132|178|["132,18,5,3784","132,114,5,560","132,178,5,1873"]|14:08:50:336
62|1.1|636136527174405213|0|50935.3203125|14.59169945454|101.30571340862|60018|100300||50935.3203125|181.25||18087.5|178.75|50935.3203125|880842|AIQ3259|0|2500|-1812.5|||3|3|2|1|1|132|178|["132,18,5,3784","132,114,5,560","132,178,5,1873"]|14:08:55:320
62|1.1|636136527224330205|0|50940.3203125|14.58562694242|101.30038118508|59445|99627||50940.3203125|180.25||17943.75|177.75|50940.3203125|880842|AIQ3259|0|2500|-1612.5|||3|3|2|1|1|132|178|["132,18,5,3784","132,114,5,560","132,178,5,1873"]|14:09:00:320
62|1.1|636136527274255197|0|50945.296875|14.57940422682|101.29477001222|58842|98937||50945.296875|179.25||17862.5|176.75|50945.296875|880842|AIQ3259|0|2500|-1437.5|||3|3|2|1|1|132|178|["132,18,5,3784","132,114,5,560","132,178,5,1873"]|14:09:05:297
62|1.1|636136527324200191|0|50950.296875|14.57395398626|101.28983475502|58311|98333||50950.296875|178||17768.75|175.75|50950.296875|880842|AIQ3259|0|2500|-1300|||3|3|2|1|1|132|114|["132,18,5,3784","132,114,5,560","132,178,5,1873"]|14:09:10:297
62|1.1|636136527374095180|0|50955.296875|14.56777418594|101.28436305682|57723|97647||50955.296875|176.75||17656.25|174.5|50955.296875|880842|AIQ3259|0|2500|-1337.5|||3|3|2|1|1|132|178|["132,18,5,3784","132,114,5,560","132,178,5,1873"]|14:09:15:297
62|1.1|636136527424030173|0|50960.28125|14.5617982332|101.27904692651|57152|96985||50960.28125|175.5||17537.5|173.25|50960.28125|880842|AIQ3259|0|2500|-1400|||3|3|2|1|1|132|178|["132,18,5,3784","132,114,5,560","132,178,5,1873"]|14:09:20:281
62|1.1|636136527473945164|0|50965.28125|14.5562192468|101.27411703372|56622|96366||50965.28125|174||17387.5|171.75|50965.28125|880842|AIQ3259|0|2500|-1537.5|||3|3|2|1|1|132|178|["132,18,5,3784","132,114,5,560","132,178,5,1873"]|14:09:25:281
62|1.1|636136527523860155|0|50970.2578125|14.55028084493|101.26887064074|56058|95708||50970.2578125|172.5||17262.5|170.25|50970.2578125|880842|AIQ3259|0|2500|-1675|||3|3|2|1|1|132|178|["132,18,5,3784","132,114,5,560","132,178,5,1873"]|14:09:30:258
62|1.1|636136527573785147|0|50975.2578125|14.54486815524|101.26398902764|55533|95108||50975.2578125|171||17093.75|168.75|50975.2578125|880842|AIQ3259|0|2500|-1768.75|||3|3|2|1|1|132|178|["132,18,5,3784","132,114,5,560","132,178,5,1873"]|14:09:35:258
62|1.1|636136527623710139|0|50980.2578125|14.53902094834|101.2588177364|54977|94459||50980.2578125|169.25||16943.75|167|50980.2578125|880842|AIQ3259|0|2500|-1850|||3|3|2|1|1|132|178|["132,18,5,3784","132,114,5,560","132,178,5,1873"]|14:09:40:258
62|1.1|636136527673635131|0|50985.2421875|14.53343123312|101.25390930125|54449|93840||50985.2421875|167.75||16787.5|165.5|50985.2421875|880842|AIQ3259|0|2500|-1831.25|||3|3|2|1|1|132|178|["132,18,5,3784","132,114,5,560","132,178,5,1873"]|14:09:45:242
62|1.1|636136527723560123|0|50990.2421875|14.52688128851|101.2480889164|53823|93114||50990.2421875|166.25||16600|164|50990.2421875|880842|AIQ3259|0|2500|-1868.75|||3|3|2|1|1|132|178|["132,18,5,3784","132,114,5,560","132,178,5,1873"]|14:09:50:242
62|1.1|636136527773485115|0|50995.21875|14.52113064099|101.24292298957|53268|92476||50995.21875|165||16462.5|162.5|50995.21875|880842|AIQ3259|0|2500|-1812.5|||3|3|2|1|1|132|178|["132,18,5,3784","132,114,5,560","132,178,5,1873"]|14:09:55:219
62|1.1|636136527823420108|0|51000.21875|14.51522978999|101.23774633392|52711|91822||51000.21875|163.75||16306.25|161|51000.21875|880842|AIQ3259|0|2500|-1768.75|||3|3|2|1|1|132|178|["132,18,5,3784","132,114,5,560","132,178,5,1873"]|14:10:00:219
62|1.1|636136527873335099|0|51005.21875|14.50961325272|101.23244629684|52141|91200||51005.21875|162.25||16187.5|159.75|51005.21875|880842|AIQ3259|0|2500|-1693.75|||3|3|2|1|1|132|114|["132,18,5,3784","132,114,5,560","132,178,5,1873"]|14:10:05:219
62|1.1|636136527923260091|0|51010.1953125|14.503755317|101.22641133559|51492|90550||51010.1953125|161||16050|158.5|51010.1953125|880842|AIQ3259|0|2500|-1612.5|||3|3|2|1|1|132|114|["132,18,5,3784","132,114,5,560","132,178,5,1873"]|14:10:10:195
62|1.1|636136527973155080|0|51015.1953125|14.49829971203|101.22069287453|50877|89945||51015.1953125|160||15912.5|157.75|51015.1953125|880842|AIQ3259|0|2500|-1475|||3|3|2|1|1|132|178|["132,18,5,3784","132,114,5,560","132,178,5,1873"]|14:10:15:195
62|1.1|636136528023080072|0|51020.1796875|14.49678694841|101.21194352182|49934|89776||51020.1796875|159||15875|156.75|51020.1796875|880842|AIQ3259|0|2500|-1318.75|||3|3|2|1|1|132|5|["132,18,5,3784","132,114,5,560","132,178,5,1873"]|14:10:20:180
62|1.1|636136528072995063|0|51025.1796875|14.49439978596|101.20395055092|49073|89510||51025.1796875|158.25||15787.5|156|51025.1796875|880842|AIQ3259|0|2500|-1200|||3|3|2|1|1|132|5|["132,18,5,3784","132,114,5,560","132,178,5,1873"]|14:10:25:180
62|1.1|636136528122920055|0|51030.1796875|14.49284947147|101.19670323301|48292|89337||51030.1796875|157.5||15712.5|155.25|51030.1796875|880842|AIQ3259|0|2500|-1125|||3|3|2|1|1|132|5|["132,18,5,3784","132,114,5,560","132,178,5,1873"]|14:10:30:180
62|1.1|636136528172845047|0|51035.15625|14.49162638599|101.18947737274|47513|89200||51035.15625|156.75||15631.25|154.25|51035.15625|880842|AIQ3259|0|2500|-1043.75|||3|3|2|1|1|132|5|["132,18,5,3784","132,114,5,560","132,178,5,1873"]|14:10:35:156
62|1.1|636136528222760038|0|51040.15625|14.49055350399|101.18149513066|46653|89080||51040.15625|155.75||15512.5|153.5|51040.15625|880842|AIQ3259|0|2500|-1062.5|||3|3|2|1|1|132|18|["132,18,5,3784","132,114,5,560","132,178,5,1873"]|14:10:40:156
62|1.1|636136528272685030|0|51045.140625|14.48950207963|101.1736845497|45811|88962||51045.140625|154.5||15381.25|152|51045.140625|880842|AIQ3259|0|2500|-1356.25|||3|3|2|1|1|132|18|["132,18,5,3784","132,114,5,560","132,178,5,1873"]|14:10:45:141
62|1.1|636136528322610022|0|51050.140625|14.48865986726|101.16731163062|45124|88868||51050.140625|152||15218.75|150|51050.140625|880842|AIQ3259|0|2500|-1612.5|||3|3|2|1|1|132|5|["132,18,5,3784","132,114,5,560","132,178,5,1873"]|14:10:50:141
62|1.1|636136528372545015|0|51055.140625|14.48763526495|101.16014477886|44351|88753||51055.140625|151||15081.25|148.5|51055.140625|880842|AIQ3259|0|2500|-1693.75|||3|3|2|1|1|132|5|["132,18,5,3784","132,114,5,560","132,178,5,1873"]|14:10:55:141
62|1.1|636136528422460006|0|51060.1171875|14.48658384059|101.15282235921|43562|88635||51060.1171875|150||14950|147.25|51060.1171875|880842|AIQ3259|0|2500|-1656.25|||3|3|2|1|1|132|5|["132,18,5,3784","132,114,5,560","132,178,5,1873"]|14:11:00:117
62|1.1|636136528472364996|0|51065.1171875|14.48539830598|101.14472746452|42690|88502||51065.1171875|149.5||14843.75|146.25|51065.1171875|880842|AIQ3259|0|2500|-1593.75|||3|3|2|1|1|132|18|["132,18,5,3784","132,114,5,560","132,178,5,1873"]|14:11:05:117
