62|1.1|636136510304298371|0|49248.3359375|15.85315119486|97.66196473817|-330812|242108||49248.3359375|359.25||35906.25|356.25|49248.3359375|881048|X|0|2625|0|||3|3|0|1|1|132|18|["132,18,5,3634","132,98,5,3865","132,114,5,438"]|13:40:48:336
62|1.1|636136510354223363|0|49253.3359375|15.86030195339|97.65379474174|-331677|242912||49253.3359375|357.25||35825|354.25|49253.3359375|881048|X|0|2625|-1612.5|||3|3|2|1|1|132|98|["132,18,5,3634","132,98,5,3865","132,114,5,438"]|13:40:53:336
62|1.1|636136510404138354|0|49258.3203125|15.86764046627|97.64551745711|-332553|243737||49258.3203125|355.25||35681.25|352|49258.3203125|881048|X|0|2625|-2143.75|||3|3|2|1|1|132|98|["132,18,5,3634","132,98,5,3865","132,114,5,438"]|13:40:58:320
62|1.1|636136510454063346|0|49263.3203125|15.87504871648|97.63727772335|-333425|244570||49263.3203125|353||35487.5|349.75|49263.3203125|881048|X|0|2625|-2443.75|||3|3|2|1|1|132|98|["132,18,5,3634","132,98,5,3865","132,114,5,438"]|13:41:03:320
62|1.1|636136510503978337|0|49268.296875|15.88209755122|97.62907017605|-334294|245363||49268.296875|350.75||35256.25|347.5|49268.296875|881048|X|0|2625|-2618.75|||3|3|2|1|1|132|98|["132,18,5,3634","132,98,5,3865","132,114,5,438"]|13:41:08:297
62|1.1|636136510553903329|0|49273.296875|15.88948434379|97.62083044229|-335166|246193||49273.296875|348.25||34987.5|345|49273.296875|881048|X|0|2625|-2737.5|||3|3|2|1|1|132|98|["132,18,5,3634","132,98,5,3865","132,114,5,438"]|13:41:13:297
62|1.1|636136510603838322|0|49278.296875|15.89681212785|97.61250487797|-336047|247017||49278.296875|345.75||34693.75|342.25|49278.296875|881048|X|0|2625|-2875|||3|3|2|1|1|132|98|["132,18,5,3634","132,98,5,3865","132,114,5,438"]|13:41:18:297
62|1.1|636136510653743312|0|49283.28125|15.90409163222|97.60401838135|-336946|247837||49283.28125|343.25||34362.5|339.5|49283.28125|881048|X|0|2625|-3068.75|||3|3|2|1|1|132|18|["132,18,5,3634","132,98,5,3865","132,114,5,438"]|13:41:23:281
62|1.1|636136510703668304|0|49288.28125|15.91147842479|97.59580010523|-337815|248667||49288.28125|340.75||34056.25|336.5|49288.28125|881048|X|0|2625|-3168.75|||3|3|2|1|1|132|18|["132,18,5,3634","132,98,5,3865","132,114,5,438"]|13:41:28:281
62|1.1|636136510753593296|0|49293.2578125|15.9187793868|97.5875228206|-338691|249488||49293.2578125|338.25||33750|334|49293.2578125|881048|X|0|2625|-3150|||3|3|2|1|1|132|18|["132,18,5,3634","132,98,5,3865","132,114,5,438"]|13:41:33:258
62|1.1|636136510803508287|0|49298.2578125|15.92600524707|97.57939573945|-339551|250301||49298.2578125|336||33493.75|331.5|49298.2578125|881048|X|0|2625|-3131.25|||3|3|2|1|1|132|98|["132,18,5,3634","132,98,5,3865","132,114,5,438"]|13:41:38:258
62|1.1|636136510853433279|0|49303.2578125|15.93308626827|97.57123647184|-340414|251098||49303.2578125|333.5||33212.5|328.75|49303.2578125|881048|X|0|2625|-3150|||3|3|2|1|1|132|98|["132,18,5,3634","132,98,5,3865","132,114,5,438"]|13:41:43:258
62|1.1|636136510903358271|0|49308.2421875|15.94066081519|97.56278216168|-341308|251950||49308.2421875|330.25||32887.5|326.25|49308.2421875|881048|X|0|2625|-3150|||3|3|2|1|1|132|18|["132,18,5,3634","132,98,5,3865","132,114,5,438"]|13:41:48:242
62|1.1|636136510953273262|0|49313.2421875|15.94808515863|97.55413473276|-342223|252785||49313.2421875|327.75||32562.5|323.5|49313.2421875|881048|X|0|2625|-3131.25|||3|3|2|1|1|132|18|["132,18,5,3634","132,98,5,3865","132,114,5,438"]|13:41:53:242
62|1.1|636136511003198254|0|49318.21875|15.95532711213|97.54601301602|-343082|253600||49318.21875|326.25||32306.25|321|49318.21875|881048|X|0|2625|-3112.5|||3|3|2|1|1|132|98|["132,18,5,3634","132,98,5,3865","132,114,5,438"]|13:41:58:219
62|1.1|636136511053123246|0|49323.21875|15.96235448923|97.53724220567|-344011|254392||49323.21875|322.5||31993.75|318.5|49323.21875|881048|X|0|2625|-3131.25|||3|3|2|1|1|132|18|["132,18,5,3634","132,98,5,3865","132,114,5,438"]|13:42:03:219
62|1.1|636136511103038237|0|49328.21875|15.96980029031|97.5289434634|-344888|255229||49328.21875|319.75||31731.25|315.75|49328.21875|881048|X|0|2625|-3131.25|||3|3|2|1|1|132|18|["132,18,5,3634","132,98,5,3865","132,114,5,438"]|13:42:08:219
62|1.1|636136511152963229|0|49333.1953125|15.97712270996|97.52041941591|-345790|256053||49333.1953125|317.25||31450|313.25|49333.1953125|881048|X|0|2625|-3131.25|||3|3|2|1|1|132|18|["132,18,5,3634","132,98,5,3865","132,114,5,438"]|13:42:13:195
62|1.1|636136511202888221|0|49338.1953125|15.98449877371|97.51231915681|-346646|256883||49338.1953125|314.5||31256.25|311.25|49338.1953125|881048|X|0|2625|-2756.25|||3|3|2|1|1|132|98|["132,18,5,3634","132,98,5,3865","132,114,5,438"]|13:42:18:195
62|1.1|636136511252803212|0|49343.1796875|15.99196066802|97.50384338901|-347543|257723||49343.1796875|312.75||31031.25|309.5|49343.1796875|881048|X|0|2625|-2443.75|||3|3|2|1|1|132|98|["132,18,5,3634","132,98,5,3865","132,114,5,438"]|13:42:23:180
62|1.1|636136511302728204|0|49348.1796875|15.99952448612|97.49520668891|-348456|258574||49348.1796875|310.75||30812.5|310.25|49348.1796875|881048|X|0|2625|-2381.25|||3|3|2|1|1|132|98|["132,18,5,3634","132,98,5,3865","132,114,5,438"]|13:42:28:180
62|1.1|636136511352653196|0|49353.1796875|16.00717949919|97.48659681086|-349366|259436||49353.1796875|309||30600|308.25|49353.1796875|881048|X|0|2625|-2400|||3|3|2|1|1|132|98|["132,18,5,3634","132,98,5,3865","132,114,5,438"]|13:42:33:180
62|1.1|636136511402578188|0|49358.15625|16.01439463064|97.47811031424|-350264|260248||49358.15625|307||30412.5|306.25|49358.15625|881048|X|0|2625|-2381.25|||3|3|2|1|1|132|18|["132,18,5,3634","132,98,5,3865","132,114,5,438"]|13:42:38:156
62|1.1|636136511452503180|0|49363.15625|16.02182433849|97.46954871588|-351169|261085||49363.15625|305.25||30225|304.25|49363.15625|881048|X|0|2625|-2362.5|||3|3|2|1|1|132|18|["132,18,5,3634","132,98,5,3865","132,114,5,438"]|13:42:43:156
62|1.1|636136511502418171|0|49368.140625|16.0287497918|97.46101393957|-352072|261865||49368.140625|303||30012.5|302.25|49368.140625|881048|X|0|2625|-2381.25|||3|3|2|1|1|132|18|["132,18,5,3634","132,98,5,3865","132,114,5,438"]|13:42:48:141
62|1.1|636136511552333162|0|49373.140625|16.03610439791|97.45245234121|-352977|262694||49373.140625|301||29806.25|300.25|49373.140625|881048|X|0|2625|-2400|||3|3|2|1|1|132|18|["132,18,5,3634","132,98,5,3865","132,114,5,438"]|13:42:53:141
62|1.1|636136511602258154|0|49378.140625|16.04357165663|97.44405167515|-353865|263534||49378.140625|299||29625|298.25|49378.140625|881048|X|0|2625|-2418.75|||3|3|2|1|1|132|18|["132,18,5,3634","132,98,5,3865","132,114,5,438"]|13:42:58:141
62|1.1|636136511652183146|0|49383.1171875|16.05099063566|97.43577439052|-354740|264369||49383.1171875|297||29431.25|296.25|49383.1171875|881048|X|0|2625|-2418.75|||3|3|2|1|1|132|18|["132,18,5,3634","132,98,5,3865","132,114,5,438"]|13:43:03:117
62|1.1|636136511702108138|0|49388.1171875|16.05824868239|97.42767949583|-355595|265186||49388.1171875|295.25||29281.25|294.25|49388.1171875|881048|X|0|2625|-2381.25|||3|3|2|1|1|132|18|["132,18,5,3634","132,98,5,3865","132,114,5,438"]|13:43:08:117
62|1.1|636136511752033130|0|49393.1015625|16.0657105767|97.41949340617|-356460|266025||49393.1015625|294||29112.5|292.25|49393.1015625|881048|X|0|2625|-2362.5|||3|3|2|1|1|132|98|["132,18,5,3634","132,98,5,3865","132,114,5,438"]|13:43:13:102
62|1.1|636136511801948121|0|49398.1015625|16.07287206405|97.41142533353|-357312|266832||49398.1015625|291.25||28937.5|290.25|49398.1015625|881048|X|0|2625|-2362.5|||3|3|2|1|1|132|18|["132,18,5,3634","132,98,5,3865","132,114,5,438"]|13:43:18:102
62|1.1|636136511851863112|0|49403.1015625|16.08027494985|97.40315877772|-358185|267666||49403.1015625|290.25||28743.75|288.5|49403.1015625|881048|X|0|2625|-2362.5|||3|3|2|1|1|132|114|["132,18,5,3634","132,98,5,3865","132,114,5,438"]|13:43:23:102
62|1.1|636136511901798105|0|49408.078125|16.08719503875|97.39501560334|-359046|268445||49408.078125|288.25||28568.75|286.25|49408.078125|881048|X|0|2625|-2381.25|||3|3|2|1|1|132|114|["132,18,5,3634","132,98,5,3865","132,114,5,438"]|13:43:28:078
62|1.1|636136511951723097|0|49413.078125|16.09454428045|97.38692607306|-359900|269273||49413.078125|286.25||28387.5|284.5|49413.078125|881048|X|0|2625|-2381.25|||3|3|2|1|1|132|114|["132,18,5,3634","132,98,5,3865","132,114,5,438"]|13:43:33:078
62|1.1|636136512001638088|0|49418.0625|16.10168967457|97.37880435632|-360758|270077||49418.0625|284.5||28206.25|282.75|49418.0625|881048|X|0|2625|-2325|||3|3|2|1|1|132|114|["132,18,5,3634","132,98,5,3865","132,114,5,438"]|13:43:38:063
62|1.1|636136512051553079|0|49423.0625|16.10887261956|97.37077383455|-361606|270886||49423.0625|281||28031.25|280.75|49423.0625|881048|X|0|2625|-2325|||3|3|2|1|1|132|98|["132,18,5,3634","132,98,5,3865","132,114,5,438"]|13:43:43:063
62|1.1|636136512101478071|0|49428.0625|16.11550839473|97.36288815185|-362439|271634||49428.0625|279.25||27843.75|278.75|49428.0625|881048|X|0|2625|-2325|||3|3|2|1|1|132|98|["132,18,5,3634","132,98,5,3865","132,114,5,438"]|13:43:48:063
62|1.1|636136512151403063|0|49433.0390625|16.12286300084|97.35475034188|-363299|272462||49433.0390625|277.25||27643.75|276.75|49433.0390625|881048|X|0|2625|-2325|||3|3|2|1|1|132|98|["132,18,5,3634","132,98,5,3865","132,114,5,438"]|13:43:53:039
62|1.1|636136512201318054|0|49438.0390625|16.12923055551|97.34701486266|-364116|273180||49438.0390625|275.5||27450|274.75|49438.0390625|881048|X|0|2625|-2325|||3|3|2|1|1|132|98|["132,18,5,3634","132,98,5,3865","132,114,5,438"]|13:43:58:039
62|1.1|636136512251243046|0|49443.015625|16.13590388155|97.33919891729|-364942|273932||49443.015625|273.75||27250|273|49443.015625|881048|X|0|2625|-2325|||3|3|2|1|1|132|98|["132,98,5,3865","132,114,5,438"]|13:44:03:016
62|1.1|636136512301168038|0|49448.015625|16.14292589424|97.33120058198|-365787|274723||49448.015625|272||27050|271|49448.015625|881048|X|0|2625|-2325|||3|3|2|1|1|132|98|["132,98,5,3865","132,114,5,438"]|13:44:08:016
62|1.1|636136512351083029|0|49453.015625|16.1500391019|97.32312714493|-366639|275525||49453.015625|270||26843.75|269|49453.015625|881048|X|0|2625|-2343.75|||3|3|2|1|1|132|98|["132,98,5,3865","132,114,5,438"]|13:44:13:016
62|1.1|636136512401008021|0|49458|16.15765119969|97.31471038564|-367527|276382||49458|268.25||26631.25|267|49458|881048|X|0|2625|-2325|||3|3|2|1|1|132|98|["132,98,5,3865","132,114,5,438"]|13:44:18:000
62|1.1|636136512450933013|0|49463|16.16463566151|97.30636872809|-368408|277170||49463|266||26406.25|265.25|49463|881048|X|0|2625|-2306.25|||3|3|2|1|1|132|18|["132,18,5,3763","132,98,5,3865","132,114,5,438"]|13:44:23:000
62|1.1|636136512500848004|0|49467.9765625|16.17231213222|97.29783395178|-369309|278034||49467.9765625|264.75||26193.75|263.5|49467.9765625|881048|X|0|2625|-2262.5|||3|3|2|1|1|132|98|["132,18,5,3763","132,98,5,3865","132,114,5,438"]|13:44:27:977
62|1.1|636136512550772996|0|49472.9765625|16.17891572093|97.29023258281|-370112|278779||49472.9765625|262.75||26037.5|261.5|49472.9765625|881048|X|0|2625|-2281.25|||3|3|2|1|1|132|98|["132,18,5,3763","132,98,5,3865","132,114,5,438"]|13:44:32:977
62|1.1|636136512600697988|0|49477.9765625|16.18592164039|97.28223961191|-370955|279568||49477.9765625|261||25850|259.5|49477.9765625|881048|X|0|2625|-2325|||3|3|2|1|1|132|98|["132,18,5,3763","132,98,5,3865","132,114,5,438"]|13:44:37:977
62|1.1|636136512650612979|0|49482.9609375|16.19249840705|97.27434320039|-371789|280310||49482.9609375|259.5||25662.5|257.75|49482.9609375|881048|X|0|2625|-2281.25|||3|3|2|1|1|132|114|["132,18,5,3763","132,98,5,3865","132,114,5,438"]|13:44:42:961
62|1.1|636136512700537971|0|49487.9609375|16.19901080079|97.266945679|-372570|281044||49487.9609375|257.5||25518.75|255.75|49487.9609375|881048|X|0|2625|-2281.25|||3|3|2|1|1|132|114|["132,18,5,3763","132,98,5,3865","132,114,5,438"]|13:44:47:961
62|1.1|636136512750462963|0|49492.9375|16.20522278757|97.25938722531|-373369|281745||49492.9375|255.75||25350|254|49492.9375|881048|X|0|2625|-2262.5|||3|3|2|1|1|132|114|["132,18,5,3763","132,98,5,3865","132,114,5,438"]|13:44:52:938
62|1.1|636136512800377954|0|49497.9375|16.21216969852|97.25134061031|-374218|282528||49497.9375|253.75||25131.25|252|49497.9375|881048|X|0|2625|-2262.5|||3|3|2|1|1|132|114|["132,18,5,3763","132,98,5,3865","132,114,5,438"]|13:44:57:938
62|1.1|636136512850302946|0|49502.9375|16.2191327027|97.24355148699|-375039|283313||49502.9375|251.75||24943.75|250.25|49502.9375|881048|X|0|2625|-2262.5|||3|3|2|1|1|132|114|["132,18,5,3763","132,98,5,3865","132,114,5,438"]|13:45:02:938
62|1.1|636136512900227938|0|49507.921875|16.22563436762|97.23587501628|-375850|284046||49507.921875|250||24756.25|248.25|49507.921875|881048|X|0|2625|-2243.75|||3|3|2|1|1|132|114|["132,18,5,3763","132,98,5,3865","132,114,5,438"]|13:45:07:922
62|1.1|636136512950142929|0|49512.921875|16.23223259192|97.22786595215|-376696|284791||49512.921875|248.25||24550|246.5|49512.921875|881048|X|0|2625|-2225|||3|3|2|1|1|132|114|["132,98,5,3865","132,114,5,438"]|13:45:12:922
62|1.1|636136513000067921|0|49517.8984375|16.23946918101|97.21980324392|-377546|285606||49517.8984375|246.5||24337.5|244.75|49517.8984375|881048|X|0|2625|-2187.5|||3|3|2|1|1|132|114|["132,98,5,3865","132,114,5,438"]|13:45:17:898
62|1.1|636136513049992913|0|49522.8984375|16.24577236276|97.21191756122|-378379|286318||49522.8984375|244.5||24143.75|243|49522.8984375|881048|X|0|2625|-2187.5|||3|3|2|1|1|132|114|["132,98,5,3865","132,114,5,438"]|13:45:22:898
62|1.1|636136513099917905|0|49527.8984375|16.25382970658|97.20386558181|-379227|287225||49527.8984375|242.75||23925|241|49527.8984375|881048|X|0|2625|-2187.5|||3|3|2|1|1|132|114|["132,98,5,3865","132,114,5,438"]|13:45:27:898
62|1.1|636136513149832896|0|49532.875|16.26030454945|97.19610328054|-380046|287956||49532.875|240.75||23737.5|239.25|49532.875|881048|X|0|2625|-2225|||3|3|2|1|1|132|114|["132,98,5,3865","132,114,5,438"]|13:45:32:875
62|1.1|636136513199757888|0|49537.875|16.26496622174|97.18852336921|-380849|288485||49537.875|239||23600|237.25|49537.875|881048|X|0|2625|-2225|||3|3|2|1|1|132|114|["132,114,5,438"]|13:45:37:875
62|1.1|636136513249672879|0|49542.859375|16.27317913345|97.18069133061|-381673|289409||49542.859375|237||23375|235.5|49542.859375|881048|X|0|2625|-2243.75|||3|3|2|1|1|132|114|["132,114,5,438"]|13:45:42:859
62|1.1|636136513299597871|0|49547.859375|16.27946622197|97.17310605487|-382473|290118||49547.859375|235.25||23200|233.5|49547.859375|881048|X|0|2625|-2243.75|||3|3|2|1|1|132|114|["132,114,5,438"]|13:45:47:859
62|1.1|636136513349522863|0|49552.859375|16.28664380255|97.16542958416|-383282|290927||49552.859375|233.5||23018.75|231.75|49552.859375|881048|X|0|2625|-2206.25|||3|3|2|1|1|132|114|["132,114,5,438"]|13:45:52:859
62|1.1|636136513399437854|0|49557.8359375|16.29166489031|97.1581018001|-384057|291496||49557.8359375|231.75||22868.75|230.25|49557.8359375|881048|X|0|2625|-2162.5|||3|3|2|1|1|132|114|["132,114,5,438"]|13:45:57:836
62|1.1|636136513449362846|0|49562.8359375|16.29822556374|97.15060235492|-384848|292236||49562.8359375|229.75||22675|228.25|49562.8359375|881048|X|0|2625|-2187.5|||3|3|2|1|1|132|114|["132,114,5,438"]|13:46:02:836
62|1.1|636136513499287838|0|49567.8203125|16.30451801667|97.14317801148|-385631|292946||49567.8203125|228||22500|226.5|49567.8203125|881048|X|0|2625|-2187.5|||3|3|2|1|1|132|114|["132,114,5,438"]|13:46:07:820
62|1.1|636136513549202829|0|49572.8203125|16.31126108004|97.13572148158|-386417|293706||49572.8203125|226.25||22312.5|224.75|49572.8203125|881048|X|0|2625|-2162.5|||3|3|2|1|1|132|114|["132,114,5,438"]|13:46:12:820
62|1.1|636136513599127821|0|49577.8203125|16.31715656663|97.12834005342|-387196|294372||49577.8203125|224.5||22143.75|223|49577.8203125|881048|X|0|2625|-2143.75|||3|3|2|1|1|132|114|["132,114,5,438"]|13:46:17:820
62|1.1|636136513649052813|0|49582.796875|16.32251024781|97.1210873711|-387962|294978||49582.796875|222.75||21968.75|221.25|49582.796875|881048|X|0|2625|-2125|||3|3|2|1|1|132|114|["132,114,5,438"]|13:46:22:797
62|1.1|636136513698977805|0|49587.796875|16.32959126901|97.11359329033|-388751|295776||49587.796875|220.75||21775|219.25|49587.796875|881048|X|0|2625|-2162.5|||3|3|2|1|1|132|114|["132,114,5,438"]|13:46:27:797
62|1.1|636136513748892796|0|49592.78125|16.33645771381|97.10615285366|-389535|296550||49592.78125|219||21587.5|217.5|49592.78125|881048|X|0|2625|-2187.5|||3|3|2|1|1|132|114|["132,114,5,438"]|13:46:32:781
62|1.1|636136513798817788|0|49597.78125|16.34215471723|97.0988787137|-390303|297194||49597.78125|217.25||21412.5|215.75|49597.78125|881048|X|0|2625|-2162.5|||3|3|2|1|1|132|114|["132,114,5,438"]|13:46:37:781
62|1.1|636136513848732779|0|49602.78125|16.3486295601|97.09138999734|-391092|297925||49602.78125|217.25||21237.5|214|49602.78125|881048|X|0|2625|-2162.5|||3|3|2|1|1|132|114|["132,114,5,438"]|13:46:42:781
62|1.1|636136513898667772|0|49607.7578125|16.35508294533|97.08394419626|-391877|298653||49607.7578125|217.25||21062.5|212|49607.7578125|881048|X|0|2625|-2162.5|||3|3|2|1|1|132|114|[]|13:46:47:758
62|1.1|636136513948582763|0|49612.7578125|16.36030251626|97.07694364121|-392616|299244||49612.7578125|212||20906.25|210.5|49612.7578125|881048|X|0|2625|-2125|||3|3|2|1|1|132|114|["132,114,5,438"]|13:46:52:758
62|1.1|636136513998347739|0|49617.7421875|16.36663252006|97.06957294187|-393393|299959||49617.7421875|212||20737.5|208.75|49617.7421875|881048|X|0|2625|-2125|||3|3|2|1|1|132|114|["132,114,5,438"]|13:46:57:742
62|1.1|636136514048282732|0|49622.7421875|16.37296788827|97.06219687812|-394171|300674||49622.7421875|212||20568.75|207|49622.7421875|881048|X|0|2625|-2125|||3|3|2|1|1|132|114|[]|13:47:02:742
62|1.1|636136514098187722|0|49627.7421875|16.37970558723|97.05506757723|-394921|301433||49627.7421875|206.75||20375|205.25|49627.7421875|881048|X|0|2625|-2106.25|||3|3|2|1|1|132|114|["132,114,5,438"]|13:47:07:742
62|1.1|636136514148262729|0|49632.71875|16.38607850631|97.04775052199|-395692|302152||49632.71875|206.75||20200|203.5|49632.71875|881048|X|0|2625|-2106.25|||3|3|2|1|1|132|114|["132,114,5,438"]|13:47:12:719
62|1.1|636136514198187721|0|49637.71875|16.39247288303|97.04040128029|-396466|302874||49637.71875|206.75||20031.25|202|49637.71875|881048|X|0|2625|-2106.25|||3|3|2|1|1|132|114|[]|13:47:17:719
62|1.1|636136514247952697|0|49642.6953125|16.39884580211|97.03308958946|-397237|303593||49642.6953125|206.75||19856.25|200.25|49642.6953125|881048|X|0|2625|-2106.25|||3|3|2|1|1|132|114|[]|13:47:22:695
