62|1.1|636136510301188060|0|49248.015625|15.43266191701|102.05960613238|140733|193698||49248.015625|220||22000|218|49248.015625|881057|NOK9821|0|2613|0|||3|3|0|1|1|132|18|["132,18,5,3731","132,114,5,501","132,178,5,1772","132,146,5,1786","132,162,5"]|13:40:48:016
62|1.1|636136510351123053|0|49253.015625|15.4247708699|102.05253047559|139978|192820||49253.015625|220||22006.25|218|49253.015625|881057|NOK9821|0|2613|0|||3|3|0|1|1|132|114|["132,18,5,3731","132,114,5,501","132,178,5,1772","132,146,5,1786","132,162,5"]|13:40:53:016
62|1.1|636136510401038044|0|49258.015625|15.41727142472|102.04581423427|139261|191986||49258.015625|220||22000|218|49258.015625|881057|NOK9821|0|2613|0|||3|3|0|1|1|132|18|["132,18,5,3731","132,114,5,501","132,178,5,1772","132,146,5,1786","132,162,5"]|13:40:58:016
62|1.1|636136510450963036|0|49263|15.41011530178|102.03935012022|138572|191190||49263|220||22000|218|49263|881057|NOK9821|0|2613|0|||3|3|0|1|1|132|18|["132,18,5,3731","132,114,5,501","132,178,5,1772","132,146,5,1786","132,162,5"]|13:41:03:000
62|1.1|636136510500878027|0|49268|15.4022403479|102.03233347194|137824|190314||49268|220||22006.25|218|49268|881057|NOK9821|0|2613|0|||3|3|0|1|1|132|114|["132,18,5,3731","132,114,5,501","132,178,5,1772","132,146,5,1786","132,162,5"]|13:41:08:000
62|1.1|636136510550813020|0|49272.9765625|15.39555629304|102.02634679038|137185|189571||49272.9765625|220||22000|218|49272.9765625|881057|NOK9821|0|2613|0|||3|3|0|1|1|132|114|["132,18,5,3731","132,114,5,501","132,178,5,1772","132,146,5,1786","132,162,5"]|13:41:12:977
62|1.1|636136510600748013|0|49277.9765625|15.38846990743|102.0199738713|136505|188782||49277.9765625|220||21993.75|218|49277.9765625|881057|NOK9821|0|2613|0|||3|3|0|1|1|132|114|["132,18,5,3731","132,114,5,501","132,178,5,1772","132,146,5,1786","132,162,5"]|13:41:17:977
62|1.1|636136510650643002|0|49282.9765625|15.38129769126|102.01354730812|135819|187985||49282.9765625|220||22000|218|49282.9765625|881057|NOK9821|0|2613|0|||3|3|0|1|1|132|114|["132,18,5,3731","132,114,5,501","132,178,5,1772","132,146,5,1786","132,162,5"]|13:41:22:977
62|1.1|636136510700567994|0|49287.9609375|15.37341737297|102.0065628463|135074|187108||49287.9609375|220||22006.25|218|49287.9609375|881057|NOK9821|0|2613|0|||3|3|0|1|1|132|114|["132,18,5,3731","132,114,5,501","132,178,5,1772","132,146,5,1786","132,162,5"]|13:41:27:961
62|1.1|636136510750512988|0|49292.9609375|15.36591256338|101.99974468119|134346|186274||49292.9609375|220||22000|218|49292.9609375|881057|NOK9821|0|2613|0|||3|3|0|1|1|132|147|["132,18,5,3731","132,114,5,501","132,178,5,1772","132,146,5,1786","132,162,5"]|13:41:32:961
62|1.1|636136510800407977|0|49297.9375|15.35826291472|101.9928836008|133614|185423||49297.9375|220||22000|218|49297.9375|881057|NOK9821|0|2613|0|||3|3|0|1|1|132|5|["132,18,5,3731","132,114,5,501","132,178,5,1772","132,146,5,1786","132,162,5"]|13:41:37:938
62|1.1|636136510850332969|0|49302.9375|15.35067227457|101.98602788482|132882|184578||49302.9375|220||22000|218|49302.9375|881057|NOK9821|0|2613|0|||3|3|0|1|1|132|114|["132,18,5,3731","132,114,5,501","132,178,5,1772","132,146,5,1786","132,162,5"]|13:41:42:938
62|1.1|636136510900277963|0|49307.9375|15.34365562629|101.97968178779|132205|183798||49307.9375|220||21993.75|218|49307.9375|881057|NOK9821|0|2613|0|||3|3|0|1|1|132|114|["132,18,5,3731","132,114,5,501","132,178,5,1772","132,146,5,1786","132,162,5"]|13:41:47:938
62|1.1|636136510950182953|0|49312.921875|15.33613472347|101.97281534299|131472|182962||49312.921875|220||22000|218|49312.921875|881057|NOK9821|0|2613|0|||3|3|0|1|1|132|114|["132,18,5,3731","132,114,5,501","132,178,5,1772","132,146,5,1786","132,162,5"]|13:41:52:922
62|1.1|636136511000097944|0|49317.921875|15.32852262568|101.96597572024|130741|182115||49317.921875|220||22006.25|218|49317.921875|881057|NOK9821|0|2613|0|||3|3|0|1|1|132|114|["132,18,5,3731","132,114,5,501","132,178,5,1772","132,146,5,1786","132,162,5"]|13:41:57:922
62|1.1|636136511050012935|0|49322.8984375|15.32105000255|101.95922729246|130021|181284||49322.8984375|220||22006.25|218|49322.8984375|881057|NOK9821|0|2613|0|||3|3|0|1|1|132|114|["132,18,5,3731","132,114,5,501","132,178,5,1772","132,146,5,1786","132,162,5"]|13:42:02:898
62|1.1|636136511099937927|0|49327.8984375|15.31413527806|101.95298848363|129355|180516||49327.8984375|220||22000|218|49327.8984375|881057|NOK9821|0|2613|0|||3|3|0|1|1|132|114|["132,18,5,3731","132,114,5,501","132,178,5,1772","132,146,5,1786","132,162,5"]|13:42:07:898
62|1.1|636136511149862919|0|49332.8984375|15.30721518916|101.94672821716|128686|179746||49332.8984375|220||21993.75|218|49332.8984375|881057|NOK9821|0|2613|0|||3|3|0|1|1|132|114|["132,18,5,3731","132,114,5,501","132,178,5,1772","132,146,5,1786","132,162,5"]|13:42:12:898
62|1.1|636136511199777910|0|49337.875|15.29932950646|101.93968474683|127934|178869||49337.875|220||22000|218|49337.875|881057|NOK9821|0|2613|0|||3|3|0|1|1|132|114|["132,18,5,3731","132,114,5,501","132,178,5,1772","132,146,5,1786","132,162,5"]|13:42:17:875
62|1.1|636136511249702902|0|49342.875|15.29231285818|101.93323672601|127246|178089||49342.875|220||22000|218|49342.875|881057|NOK9821|0|2613|0|||3|3|0|1|1|132|114|["132,18,5,3731","132,114,5,501","132,178,5,1772","132,146,5,1786","132,162,5"]|13:42:22:875
62|1.1|636136511299627894|0|49347.875|15.28523720139|101.92681016283|126559|177303||49347.875|220||22000|218|49347.875|881057|NOK9821|0|2613|0|||3|3|0|1|1|132|114|["132,18,5,3731","132,114,5,501","132,178,5,1772","132,146,5,1786","132,162,5"]|13:42:27:875
62|1.1|636136511349542885|0|49352.859375|15.27687945061|101.91923561591|125750|176373||49352.859375|220||22000|218|49352.859375|881057|NOK9821|0|2613|0|||3|3|0|1|1|132|5|["132,18,5,3731","132,114,5,501","132,178,5,1772","132,146,5,1786","132,162,5"]|13:42:32:859
62|1.1|636136511399467877|0|49357.859375|15.27045825184|101.91342059547|125129|175659||49357.859375|220||22000|218|49357.859375|881057|NOK9821|0|2613|0|||3|3|0|1|1|132|114|["132,18,5,3731","132,114,5,501","132,178,5,1772","132,146,5,1786","132,162,5"]|13:42:37:859
62|1.1|636136511449392869|0|49362.8359375|15.2632484848|101.90693502378|124436|174858||49362.8359375|220||22006.25|218|49362.8359375|881057|NOK9821|0|2613|0|||3|3|0|1|1|132|114|["132,18,5,3731","132,114,5,501","132,178,5,1772","132,146,5,1786","132,162,5"]|13:42:42:836
62|1.1|636136511499307860|0|49367.8359375|15.25597434484|101.90038507917|123736|174049||49367.8359375|220||22000|218|49367.8359375|881057|NOK9821|0|2613|0|||3|3|0|1|1|132|114|["132,18,5,3731","132,114,5,501","132,178,5,1772","132,146,5,1786","132,162,5"]|13:42:47:836
62|1.1|636136511549232852|0|49372.8203125|15.24869484047|101.89381367692|123034|173240||49372.8203125|220||22000|218|49372.8203125|881057|NOK9821|0|2613|0|||3|3|0|1|1|132|114|["132,18,5,3731","132,114,5,501","132,178,5,1772","132,146,5,1786","132,162,5"]|13:42:52:820
62|1.1|636136511599167845|0|49377.8203125|15.24000986068|101.88600846037|122200|172274||49377.8203125|220||22006.25|218|49377.8203125|881057|NOK9821|0|2613|0|||3|3|0|1|1|132|114|["132,18,5,3731","132,114,5,501","132,178,5,1772","132,146,5,1786","132,162,5"]|13:42:57:820
62|1.1|636136511649072835|0|49382.8203125|15.23323997526|101.87988766856|121546|171522||49382.8203125|220||22006.25|218|49382.8203125|881057|NOK9821|0|2613|0|||3|3|0|1|1|132|114|["132,18,5,3731","132,114,5,501","132,178,5,1772","132,146,5,1786","132,162,5"]|13:43:02:820
62|1.1|636136511698997827|0|49387.796875|15.22550986045|101.87296221525|120806|170662||49387.796875|220||22012.5|218|49387.796875|881057|NOK9821|0|2613|0|||3|3|0|1|1|132|114|["132,18,5,3731","132,114,5,501","132,178,5,1772","132,146,5,1786","132,162,5"]|13:43:07:797
62|1.1|636136511748922819|0|49392.796875|15.21832155105|101.86651955884|120118|169864||49392.796875|220||22000|218|49392.796875|881057|NOK9821|0|2613|0|||3|3|0|1|1|132|114|["132,18,5,3731","132,114,5,501","132,178,5,1772","132,146,5,1786","132,162,5"]|13:43:12:797
62|1.1|636136511798847811|0|49397.78125|15.21119225016|101.8601144533|119433|169071||49397.78125|220||22000|218|49397.78125|881057|NOK9821|0|2613|0|||3|3|0|1|1|132|114|["132,18,5,3731","132,114,5,501","132,178,5,1772","132,146,5,1786","132,162,5"]|13:43:17:781
62|1.1|636136511848772803|0|49402.78125|15.20336557597|101.85306561856|118680|168201||49402.78125|220||22000|218|49402.78125|881057|NOK9821|0|2613|0|||3|3|0|1|1|132|114|["132,18,5,3731","132,114,5,501","132,178,5,1772","132,146,5,1786","132,162,5"]|13:43:22:781
62|1.1|636136511898687794|0|49407.78125|15.19625773272|101.84665514861|117995|167412||49407.78125|220||22000|218|49407.78125|881057|NOK9821|0|2613|0|||3|3|0|1|1|132|114|["132,18,5,3731","132,114,5,501","132,178,5,1772","132,146,5,1786","132,162,5"]|13:43:27:781
62|1.1|636136511948612786|0|49412.7578125|15.18837205002|101.83964386474|117245|166535||49412.7578125|220||22000|218|49412.7578125|881057|NOK9821|0|2613|0|||3|3|0|1|1|132|114|["132,18,5,3731","132,114,5,501","132,178,5,1772","132,146,5,1786","132,162,5"]|13:43:32:758
62|1.1|636136511998527777|0|49417.7578125|15.18135003733|101.83336750504|116574|165755||49417.7578125|220||22000|218|49417.7578125|881057|NOK9821|0|2613|0|||3|3|0|1|1|132|5|["132,18,5,3731","132,114,5,501","132,178,5,1772","132,146,5,1786","132,162,5"]|13:43:37:758
62|1.1|636136512048452769|0|49422.7421875|15.17394178712|101.82672100105|115864|164931||49422.7421875|220||22000|218|49422.7421875|881057|NOK9821|0|2613|0|||3|3|0|1|1|132|114|["132,18,5,3731","132,114,5,501","132,178,5,1772","132,146,5,1786","132,162,5"]|13:43:42:742
62|1.1|636136512098387762|0|49427.7421875|15.16671056244|101.82018178526|115165|164128||49427.7421875|220||21993.75|218|49427.7421875|881057|NOK9821|0|2613|0|||3|3|0|1|1|132|114|["132,18,5,3731","132,114,5,501","132,178,5,1772","132,146,5,1786","132,162,5"]|13:43:47:742
62|1.1|636136512148292752|0|49432.7421875|15.158749778|101.81308467083|114406|163243||49432.7421875|220||22000|218|49432.7421875|881057|NOK9821|0|2613|0|||3|3|0|1|1|132|162|["132,18,5,3731","132,114,5,501","132,178,5,1772","132,146,5,1786","132,162,5"]|13:43:52:742
62|1.1|636136512198237746|0|49437.71875|15.15023109492|101.80533309838|113577|162297||49437.71875|220||22000|218|49437.71875|881057|NOK9821|0|2613|0|||3|3|0|1|1|132|5|["132,18,5,3731","132,114,5,501","132,178,5,1772","132,146,5,1786","132,162,5"]|13:43:57:719
62|1.1|636136512248142736|0|49442.71875|15.1443731592|101.80009743422|113017|161646||49442.71875|220||22000|218|49442.71875|881057|NOK9821|0|2613|0|||3|3|0|1|1|132|162|["132,18,5,3731","132,114,5,501","132,178,5,1772","132,146,5,1786","132,162,5"]|13:44:02:719
62|1.1|636136512298057727|0|49447.6953125|15.13662695116|101.79322562501|112282|160785||49447.6953125|220||22006.25|218|49447.6953125|881057|NOK9821|0|2613|0|||3|3|0|1|1|132|162|["132,18,5,3731","132,114,5,501","132,178,5,1772","132,146,5,1786","132,162,5"]|13:44:07:695
62|1.1|636136512347992720|0|49452.6953125|15.12910604834|101.78645573959|111558|159949||49452.6953125|220||22006.25|218|49452.6953125|881057|NOK9821|0|2613|0|||3|3|0|1|1|132|162|["132,18,5,3731","132,114,5,501","132,178,5,1772","132,146,5,1786","132,162,5"]|13:44:12:695
62|1.1|636136512397907711|0|49457.6953125|15.1219499254|101.77999698995|110867|159154||49457.6953125|220||22000|218|49457.6953125|881057|NOK9821|0|2613|0|||3|3|0|1|1|132|162|["132,18,5,3731","132,114,5,501","132,178,5,1772","132,146,5,1786","132,162,5"]|13:44:17:695
62|1.1|636136512447822702|0|49462.6796875|15.11446657345|101.77333975714|110156|158323||49462.6796875|220||22000|218|49462.6796875|881057|NOK9821|0|2613|0|||3|3|0|1|1|132|146|["132,18,5,3731","132,114,5,501","132,178,5,1772","132,146,5,1786","132,162,5"]|13:44:22:680
62|1.1|636136512497737693|0|49467.6796875|15.10659161957|101.76636602414|109410|157448||49467.6796875|220||22006.25|218|49467.6796875|881057|NOK9821|0|2613|0|||3|3|0|1|1|132|5|["132,18,5,3731","132,114,5,501","132,178,5,1772","132,146,5,1786","132,162,5"]|13:44:27:680
62|1.1|636136512547672686|0|49472.65625|15.09870057246|101.75950494375|108675|156571||49472.65625|220||22006.25|218|49472.65625|881057|NOK9821|0|2613|0|||3|3|0|1|1|132|5|["132,18,5,3731","132,114,5,501","132,178,5,1772","132,146,5,1786","132,162,5"]|13:44:32:656
62|1.1|636136512597587677|0|49477.65625|15.09161418685|101.75307838057|107988|155784||49477.65625|220||22000|218|49477.65625|881057|NOK9821|0|2613|0|||3|3|0|1|1|132|5|["132,18,5,3731","132,114,5,501","132,178,5,1772","132,146,5,1786","132,162,5"]|13:44:37:656
62|1.1|636136512647512669|0|49482.65625|15.0844526995|101.74658208006|107293|154988||49482.65625|220||22000|218|49482.65625|881057|NOK9821|0|2613|0|||3|3|0|1|1|132|5|["132,18,5,3731","132,114,5,501","132,178,5,1772","132,146,5,1786","132,162,5"]|13:44:42:656
62|1.1|636136512697447662|0|49487.640625|15.07660993208|101.73958152501|106544|154117||49487.640625|220||22000|218|49487.640625|881057|NOK9821|0|2613|0|||3|3|0|1|1|132|146|["132,18,5,3731","132,114,5,501","132,178,5,1772","132,146,5,1786"]|13:44:47:641
62|1.1|636136512747352652|0|49492.640625|15.0686813341|101.7324951394|105786|153236||49492.640625|220||22006.25|218|49492.640625|881057|NOK9821|0|2613|0|||3|3|0|1|1|132|5|["132,18,5,3731","132,114,5,501","132,178,5,1772","132,146,5,1786","132,162,5"]|13:44:52:641
62|1.1|636136512797267643|0|49497.6171875|15.06154130439|101.72601493212|105092|152443||49497.6171875|220||22000|218|49497.6171875|881057|NOK9821|0|2613|0|||3|3|0|1|1|132|162|["132,18,5,3731","132,114,5,501","132,178,5,1772","132,146,5,1786","132,162,5"]|13:44:57:617
62|1.1|636136512847212637|0|49502.6171875|15.05424034238|101.71939525018|104384|151632||49502.6171875|220||21993.75|218|49502.6171875|881057|NOK9821|0|2613|0|||3|3|0|1|1|132|162|["132,18,5,3731","132,114,5,501","132,178,5,1772","132,146,5,1786","132,162,5"]|13:45:02:617
62|1.1|636136512897127628|0|49507.6171875|15.04661215136|101.71258781389|103655|150785||49507.6171875|220||21987.5|218|49507.6171875|881057|NOK9821|0|2613|0|||3|3|0|1|1|132|162|["132,18,5,3731","132,114,5,501","132,178,5,1772","132,146,5,1786","132,162,5"]|13:45:07:617
62|1.1|636136512947042619|0|49512.6015625|15.03963305395|101.7061558863|102966|150009||49512.6015625|220||21993.75|218|49512.6015625|881057|NOK9821|0|2613|0|||3|3|0|1|1|132|162|["132,18,5,3731","132,114,5,501","132,178,5,1772","132,146,5,1786","132,162,5"]|13:45:12:602
62|1.1|636136512996957610|0|49517.6015625|15.03195121883|101.69924652622|102227|149157||49517.6015625|220||21981.25|218|49517.6015625|881057|NOK9821|0|2613|0|||3|3|0|1|1|132|5|["132,18,5,3731","132,114,5,501","132,178,5,1772","132,146,5,1786","132,162,5"]|13:45:17:602
62|1.1|636136513046882602|0|49522.578125|15.02436057868|101.69233716614|101487|148313||49522.578125|220||21950|218|49522.578125|881057|NOK9821|0|2613|0|||3|3|0|1|1|132|162|["132,18,5,3731","132,114,5,501","132,178,5,1772","132,146,5,1786","132,162,5"]|13:45:22:578
62|1.1|636136513096817595|0|49527.578125|15.01733856599|101.68594815383|100803|147533||49527.578125|220||21987.5|218|49527.578125|881057|NOK9821|0|2613|0|||3|3|0|1|1|132|162|["132,18,5,3731","132,114,5,501","132,178,5,1772","132,146,5,1786","132,162,5"]|13:45:27:578
62|1.1|636136513146732586|0|49532.578125|15.00978547671|101.67907098021|100067|146694||49532.578125|220||21987.5|218|49532.578125|881057|NOK9821|0|2613|0|||3|3|0|1|1|132|162|["132,18,5,3731","132,114,5,501","132,178,5,1772","132,146,5,1786","132,162,5"]|13:45:32:578
62|1.1|636136513196647577|0|49537.5625|15.00249524352|101.67261759498|99376|145885||49537.5625|220||21987.5|218|49537.5625|881057|NOK9821|0|2613|0|||3|3|0|1|1|132|162|["132,18,5,3731","132,114,5,501","132,178,5,1772","132,146,5,1786","132,162,5"]|13:45:37:563
62|1.1|636136513246562568|0|49542.5625|14.99511917977|101.6661373877|98682|145066||49542.5625|220||22000|218|49542.5625|881057|NOK9821|0|2613|0|||3|3|0|1|1|132|162|["132,18,5,3731","132,114,5,501","132,178,5,1772","132,146,5,1786","132,162,5"]|13:45:42:563
62|1.1|636136513296497561|0|49547.5390625|14.98727104794|101.65911537501|97930|144194||49547.5390625|220||22006.25|218|49547.5390625|881057|NOK9821|0|2613|0|||3|3|0|1|1|132|162|["132,18,5,3731","132,114,5,501","132,178,5,1772","132,146,5,1786","132,162,5"]|13:45:47:539
62|1.1|636136513346412552|0|49552.5390625|14.97993253506|101.65255470158|97228|143380||49552.5390625|220||22006.25|218|49552.5390625|881057|NOK9821|0|2613|0|||3|3|0|1|1|132|162|["132,18,5,3731","132,114,5,501","132,178,5,1772","132,146,5,1786","132,162,5"]|13:45:52:539
62|1.1|636136513396337544|0|49557.5390625|14.97242236106|101.64584918908|96509|142545||49557.5390625|220||22006.25|218|49557.5390625|881057|NOK9821|0|2613|0|||3|3|0|1|1|132|146|["132,18,5,3731","132,114,5,501","132,178,5,1772","132,146,4,1786","132,162,5"]|13:45:57:539
62|1.1|636136513446272537|0|49562.515625|14.96435428842|101.63882717639|95757|141650||49562.515625|220||22012.5|218|49562.515625|881057|NOK9821|0|2613|0|||3|3|0|1|1|132|146|["132,18,5,3731","132,114,5,501","132,178,5,1772","132,146,4,1786","132,162,5"]|13:46:02:516
62|1.1|636136513496177527|0|49567.515625|14.95652761423|101.63201437569|95027|140781||49567.515625|220||22006.25|218|49567.515625|881057|NOK9821|0|2613|0|||3|3|0|1|1|132|162|["132,18,5,3731","132,114,5,501","132,178,5,1772","132,146,5,1829","132,162,5"]|13:46:07:516
62|1.1|636136513546102519|0|49572.5|14.94850782128|101.62524985468|94303|139891||49572.5|220||21975|218|49572.5|881057|NOK9821|0|2613|0|||3|3|0|1|1|132|162|["132,18,5,3731","132,114,5,501","132,178,5,1772","132,146,5,1829","132,162,5"]|13:46:12:500
62|1.1|636136513596017510|0|49577.5|14.94200079195|101.61896813057|93630|139168||49577.5|220||21993.75|218|49577.5|881057|NOK9821|0|2613|0|||3|3|0|1|1|132|5|["132,18,5,3731","132,114,5,501","132,178,5,1772","132,146,5,1829","132,162,5"]|13:46:17:500
62|1.1|636136513645942502|0|49582.5|14.93416338894|101.6119032026|92873|138298||49582.5|220||22000|218|49582.5|881057|NOK9821|0|2613|0|||3|3|0|1|1|132|5|["132,18,5,3731","132,114,5,501","132,178,5,1772","132,146,5,1829","132,162,5"]|13:46:22:500
62|1.1|636136513695867494|0|49587.4765625|14.92675513873|101.60517623246|92152|137475||49587.4765625|220||22000|218|49587.4765625|881057|NOK9821|0|2613|0|||3|3|0|1|1|132|18|["132,18,5,3731","132,114,5,501","132,178,5,1772","132,146,5,1829","132,162,5"]|13:46:27:477
62|1.1|636136513745782485|0|49592.4765625|14.91991551598|101.59900716096|91491|136716||49592.4765625|220||21993.75|218|49592.4765625|881057|NOK9821|0|2613|0|||3|3|0|1|1|132|162|["132,18,5,3731","132,114,5,501","132,178,5,1772","132,146,5,1829","132,162,5"]|13:46:32:477
62|1.1|636136513795707477|0|49597.4609375|14.91256627428|101.59232847051|90775|135900||49597.4609375|220||21987.5|218|49597.4609375|881057|NOK9821|0|2613|0|||3|3|0|1|1|132|162|["132,18,5,3731","132,114,5,501","132,178,5,1772","132,146,5,1829","132,162,5"]|13:46:37:461
62|1.1|636136513845632469|0|49602.4609375|14.90448210841|101.58510797465|90002|135002||49602.4609375|220||21993.75|218|49602.4609375|881057|NOK9821|0|2613|0|||3|3|0|1|1|132|162|["132,18,5,3731","132,114,5,501","132,178,5,1772","132,146,5,1829","132,162,5"]|13:46:42:461
62|1.1|636136513895547460|0|49607.4609375|14.89671444273|101.57807523314|89248|134140||49607.4609375|220||22000|218|49607.4609375|881057|NOK9821|0|2613|0|||3|3|0|1|1|132|162|["132,18,5,3731","132,114,5,501","132,178,5,1772","132,146,5,1829","132,162,5"]|13:46:47:461
62|1.1|636136513945472452|0|49612.4375|14.88991237085|101.57190079723|88586|133385||49612.4375|220||21993.75|218|49612.4375|881057|NOK9821|0|2613|0|||3|3|0|1|1|132|162|["132,18,5,3731","132,114,5,501","132,178,5,1772","132,162,5"]|13:46:52:438
62|1.1|636136513995387443|0|49617.4375|14.88249339182|101.56516309827|87864|132562||49617.4375|220||21993.75|218|49617.4375|881057|NOK9821|0|2613|0|||3|3|0|1|1|132|162|["132,18,5,3731","132,114,5,501","132,178,5,1772","132,162,5"]|13:46:57:438
62|1.1|636136514045312435|0|49622.421875|14.87462916676|101.55813035676|87110|131688||49622.421875|220||21993.75|218|49622.421875|881057|NOK9821|0|2613|0|||3|3|0|1|1|132|162|["132,18,5,3731","132,114,5,501","132,178,5,1772","132,162,5"]|13:47:02:422
62|1.1|636136514095227426|0|49627.421875|14.86721018773|101.5512853696|86376|130865||49627.421875|220||21993.75|218|49627.421875|881057|NOK9821|0|2613|0|||3|3|0|1|1|132|18|["132,18,5,3731","132,114,5,501","132,178,5,1772","132,162,5"]|13:47:07:422
62|1.1|636136514145162419|0|49632.421875|14.86038665821|101.5453308745|85738|130107||49632.421875|220||21993.75|218|49632.421875|881057|NOK9821|0|2613|0|||3|3|0|1|1|132|18|["132,18,5,3731","132,114,5,501","132,178,5,1772","132,162,5"]|13:47:12:422
62|1.1|636136514195077410|0|49637.3984375|14.8532466285|101.53901696393|85061|129315||49637.3984375|219.25||21956.25|217.75|49637.3984375|881057|NOK9821|0|2613|0|||3|3|0|1|1|132|162|["132,18,5,3731","132,114,5,501","132,178,5,1772","132,162,5"]|13:47:17:398
62|1.1|636136514245012403|0|49642.3984375|14.846004675|101.53252602783|84365|128511||49642.3984375|218.5||21881.25|217|49642.3984375|881057|NOK9821|0|2613|0|||3|3|0|1|1|132|5|["132,18,5,3731","132,114,5,501","132,178,5,1772","132,162,5"]|13:47:22:398
62|1.1|636136514294777379|0|49647.375|14.83874126386|101.52600826968|83666|127705||49647.375|217.75||21787.5|215.75|49647.375|881057|NOK9821|0|2613|-1025|||3|3|2|1|1|132|5|["132,18,5,3731","132,114,5,501","132,178,5,1772","132,162,5"]|13:47:27:375
62|1.1|636136514344832384|0|49652.375|14.83091995408|101.51900771463|82915|126837||49652.375|216.75||21675|214.5|49652.375|881057|NOK9821|0|2613|-1218.75|||3|3|2|1|1|132|5|["132,18,5,3731","132,114,5,501","132,178,5,1772","132,162,5"]|13:47:32:375
62|1.1|636136514394757376|0|49657.375|14.82351170387|101.51229683772|82196|126015||49657.375|216.25||21593.75|213.5|49657.375|881057|NOK9821|0|2613|-1262.5|||3|3|2|1|1|132|18|["132,18,5,3731","132,114,5,501","132,178,5,1772","132,162,5"]|13:47:37:375
62|1.1|636136514444672367|0|49662.359375|14.81659161497|101.50615458827|81537|125247||49662.359375|215.25||21468.75|212.5|49662.359375|881057|NOK9821|0|2613|-1200|||3|3|2|1|1|132|18|["132,18,5,3731","132,114,5,501","132,178,5,1772","132,162,5"]|13:47:42:359
62|1.1|636136514494607360|0|49667.359375|14.80934429706|101.49962073689|80836|124443||49667.359375|214.25||21375|211.75|49667.359375|881057|NOK9821|0|2613|-1162.5|||3|3|2|1|1|132|18|["132,18,5,3731","132,114,5,501","132,178,5,1772","132,162,5"]|13:47:47:359
62|1.1|636136514544522351|0|49672.3359375|14.80264414897|101.49378425881|80210|123699||49672.3359375|213||21281.25|211|49672.3359375|881057|NOK9821|0|2613|-1081.25|||3|3|2|1|1|132|5|["132,18,5,3731","132,114,5,501","132,178,5,1772","132,162,5"]|13:47:52:336
62|1.1|636136514594297328|0|49677.3359375|14.79565432274|101.48763128054|79550|122924||49677.3359375|212.25||21187.5|210|49677.3359375|881057|NOK9821|0|2613|-1043.75|||3|3|2|1|1|132|5|["132,18,5,3731","132,114,5,501","132,178,5,1772","132,162,5"]|13:47:57:336
62|1.1|636136514644222320|0|49682.3359375|14.7887127762|101.48148903109|78891|122153||49682.3359375|211.5||21100|209.25|49682.3359375|881057|NOK9821|0|2613|-1025|||3|3|2|1|1|132|18|["132,18,5,3731","132,114,5,501","132,178,5,1772","132,162,5"]|13:48:02:336
62|1.1|636136514694157313|0|49687.3203125|14.78122942425|101.47486934915|78181|121323||49687.3203125|210.75||21000|208.5|49687.3203125|881057|NOK9821|0|2613|-1062.5|||3|3|2|1|1|132|18|["132,18,5,3731","132,114,5,501","132,178,5,1772","132,162,5"]|13:48:07:320
62|1.1|636136514744062303|0|49692.3203125|14.77377825876|101.46824966721|77471|120496||49692.3203125|209||20887.5|207.25|49692.3203125|881057|NOK9821|0|2613|-1081.25|||3|3|2|1|1|132|5|["132,18,5,3731","132,114,5,501","132,178,5,1772","132,162,5"]|13:48:12:320
62|1.1|636136514793987295|0|49697.296875|14.7678988654|101.46301936746|76910|119844||49697.296875|208.25||20806.25|206.5|49697.296875|881057|NOK9821|0|2613|-1081.25|||3|3|2|1|1|132|5|["132,18,5,3731","132,114,5,501","132,178,5,1772","132,162,5"]|13:48:17:297
62|1.1|636136514843902286|0|49702.296875|14.76055498811|101.45653916018|76214|119029||49702.296875|207.5||20712.5|205.5|49702.296875|881057|NOK9821|0|2613|-1100|||3|3|2|1|1|132|5|["132,18,5,3731","132,114,5,501","132,178,5,1772","132,162,5"]|13:48:22:297
62|1.1|636136514893847280|0|49707.296875|14.75332376343|101.45012332582|75526|118227||49707.296875|206.75||20625|204.5|49707.296875|881057|NOK9821|0|2613|-1125|||3|3|2|1|1|132|5|["132,18,5,3731","132,114,5,501","132,178,5,1772","132,162,5"]|13:48:27:297
62|1.1|636136514943762271|0|49712.28125|14.746226649|101.44384160171|74852|117439||49712.28125|206.25||20531.25|203.5|49712.28125|881057|NOK9821|0|2613|-1125|||3|3|2|1|1|132|18|["132,18,5,3731","132,114,5,501","132,178,5,1772","132,162,5"]|13:48:32:281
62|1.1|636136514993677262|0|49717.28125|14.73982154346|101.43808022537|74234|116729||49717.28125|205||20487.5|203.25|49717.28125|881057|NOK9821|0|2613|-768.75|||3|3|2|1|1|132|5|["132,18,5,3731","132,114,5,501","132,178,5,1772","132,162,5"]|13:48:37:281
62|1.1|636136515043602254|0|49722.2578125|14.73289609015|101.43183068772|73563|115960||49722.2578125|204.5||20431.25|202.75|49722.2578125|881057|NOK9821|0|2613|-650|||3|3|2|1|1|132|5|["132,18,5,3731","132,114,5,501","132,178,5,1772","132,162,5"]|13:48:42:258
62|1.1|636136515093517245|0|49727.2578125|14.72600818771|101.42569380268|72904|115196||49727.2578125|203.75||20350|202|49727.2578125|881057|NOK9821|0|2613|-731.25|||3|3|2|1|1|132|5|["132,18,5,3731","132,114,5,501","132,178,5,1772","132,162,5"]|13:48:47:258
62|1.1|636136515143442237|0|49732.2578125|14.71987666708|101.42014163833|72308|114516||49732.2578125|202.75||20256.25|200.75|49732.2578125|881057|NOK9821|0|2613|-906.25|||3|3|2|1|1|132|5|["132,18,5,3731","132,114,5,501","132,178,5,1772"]|13:48:52:258
62|1.1|636136515193357228|0|49737.2421875|14.71364858707|101.41457338075|71710|113825||49737.2421875|202||20150|199.5|49737.2421875|881057|NOK9821|0|2613|-1125|||3|3|2|1|1|132|18|["132,18,5,3731","132,114,5,501","132,178,5,1772"]|13:48:57:242
62|1.1|636136515243292221|0|49742.2421875|14.70715765097|101.40874226708|71084|113105||49742.2421875|200||20012.5|198.25|49742.2421875|881057|NOK9821|0|2613|-1318.75|||3|3|2|1|1|132|5|["132,18,5,3731","132,114,5,501","132,178,5,1772"]|13:49:02:242
62|1.1|636136515293227214|0|49747.21875|14.7004145876|101.40265366173|70431|112357||49747.21875|199.75||19937.5|197.75|49747.21875|881057|NOK9821|0|2613|-906.25|||3|3|2|1|1|132|5|["132,18,5,3731","132,114,5,501","132,178,5,1772"]|13:49:07:219
62|1.1|636136515343122203|0|49752.21875|14.69438499076|101.39723024322|69848|111688||49752.21875|199.25||19881.25|197.5|49752.21875|881057|NOK9821|0|2613|-512.5|||3|3|2|1|1|132|5|["132,18,5,3731","132,114,5,501","132,178,5,1772"]|13:49:12:219
62|1.1|636136515393047195|0|49757.21875|14.68832857187|101.39180682471|69266|111016||49757.21875|199||19856.25|197|49757.21875|881057|NOK9821|0|2613|-450|||3|3|2|1|1|132|5|["132,18,5,3731","132,114,5,501","132,178,5,1772"]|13:49:17:219
62|1.1|636136515442972187|0|49762.1953125|14.6816927967|101.3859006093|68632|110281||49762.1953125|198.75||19806.25|196.75|49762.1953125|881057|NOK9821|0|2613|-475|||3|3|2|1|1|132|18|["132,18,5,3731","132,114,5,501","132,178,5,1772"]|13:49:22:195
62|1.1|636136515492887178|0|49767.1953125|14.67517503855|101.38008022445|68007|109557||49767.1953125|198.25||19775|196.25|49767.1953125|881057|NOK9821|0|2613|-493.75|||3|3|2|1|1|132|18|["132,18,5,3731","132,114,5,501","132,178,5,1772"]|13:49:27:195
62|1.1|636136515542812170|0|49772.1796875|14.66911325525|101.37465144153|67424|108885||49772.1796875|197.75||19762.5|196|49772.1796875|881057|NOK9821|0|2613|-431.25|||3|3|2|1|1|132|5|["132,18,5,3731","132,114,5,501","132,178,5,1772"]|13:49:32:180
62|1.1|636136515592737162|0|49777.1796875|14.66300855667|101.36920120097|66838|108208||49777.1796875|197.5||19737.5|195.75|49777.1796875|881057|NOK9821|0|2613|-375|||3|3|2|1|1|132|5|["132,18,5,3731","132,114,5,501","132,178,5,1772"]|13:49:37:180
62|1.1|636136515642652153|0|49782.1796875|14.65771924841|101.36447515576|66331|107622||49782.1796875|197.25||19712.5|197|49782.1796875|881057|NOK9821|0|2613|-337.5|||3|3|2|1|1|132|5|["132,18,5,3731","132,114,5,501","132,178,5,1772"]|13:49:42:180
62|1.1|636136515692577145|0|49787.15625|14.65173256685|101.35905173725|65748|106957||49787.15625|197||19687.5|197|49787.15625|881057|NOK9821|0|2613|-312.5|||3|3|2|1|1|132|5|["132,18,5,3731","132,114,5,501","132,178,5,1772"]|13:49:47:156
62|1.1|636136515742512138|0|49792.15625|14.64646471623|101.35429886999|65238|106373||49792.15625|196.5||19643.75|196.5|49792.15625|881057|NOK9821|0|2613|-375|||3|3|2|1|1|132|5|["132,18,5,3731","132,114,5,501","132,178,5,1772"]|13:49:52:156
62|1.1|636136515792427129|0|49797.140625|14.64103593331|101.34948699422|64721|105771||49797.140625|195.75||19575|195.75|49797.140625|881057|NOK9821|0|2613|-587.5|||3|3|2|1|1|132|18|["132,18,5,3731","132,114,5,501","132,178,5,1772"]|13:49:57:141
62|1.1|636136515842342120|0|49802.140625|14.63526919256|101.34440689795|64175|105132||49802.140625|194.25||19456.25|194.25|49802.140625|881057|NOK9821|0|2613|-943.75|||3|3|2|1|1|132|5|["132,18,5,3731","132,114,5,501","132,178,5,1772"]|13:50:02:141
62|1.1|636136515892287114|0|49807.140625|14.62931469746|101.33904785236|63599|104471||49807.140625|193.5||19356.25|193.25|49807.140625|881057|NOK9821|0|2613|-1143.75|||3|3|2|1|1|132|5|["132,18,5,3731","132,114,5,501","132,178,5,1772"]|13:50:07:141
62|1.1|636136515942192104|0|49812.1171875|14.62346212615|101.3338121882|63037|103822||49812.1171875|193||19268.75|192.5|49812.1171875|881057|NOK9821|0|2613|-1125|||3|3|2|1|1|132|5|["132,18,5,3731","132,114,5,501","132,178,5,1772"]|13:50:12:117
62|1.1|636136515992127097|0|49817.1171875|14.61823719081|101.32908614299|62529|103243||49817.1171875|192.25||19193.75|191.75|49817.1171875|881057|NOK9821|0|2613|-1025|||3|3|2|1|1|132|5|["132,18,5,3731","132,114,5,501","132,178,5,1772"]|13:50:17:117
62|1.1|636136516042022086|0|49822.1015625|14.61245972124|101.32393630939|61976|102602||49822.1015625|191.5||19087.5|191|49822.1015625|881057|NOK9821|0|2613|-1006.25|||3|3|2|1|1|132|18|["132,18,5,3731","132,114,5,501","132,178,5,1772"]|13:50:22:102
62|1.1|636136516091957079|0|49827.1015625|14.60671980254|101.31878111138|61422|101966||49827.1015625|190.5||18987.5|188|49827.1015625|881057|NOK9821|0|2613|-1043.75|||3|3|2|1|1|132|18|["132,18,5,3731","132,114,5,501","132,178,5,1772"]|13:50:27:102
62|1.1|636136516141872070|0|49832.1015625|14.60110326527|101.31374393039|60881|101343||49832.1015625|188.75||18875|186.75|49832.1015625|881057|NOK9821|0|2613|-1143.75|||3|3|2|1|1|132|5|["132,18,5,3731","132,114,5,501","132,178,5,1772"]|13:50:32:102
62|1.1|636136516191787061|0|49837.078125|14.59654351677|101.30961333469|60437|100837||49837.078125|188||18787.5|186|49837.078125|881057|NOK9821|0|2613|-1143.75|||3|3|2|1|1|132|5|["132,18,5,3731","132,114,5,501","132,178,5,1772"]|13:50:37:078
62|1.1|636136516241712053|0|49842.078125|14.59077141161|101.30450641637|59888|100197||49842.078125|187||18675|184.75|49842.078125|881057|NOK9821|0|2613|-1237.5|||3|3|2|1|1|132|5|["132,18,5,3731","132,114,5,501","132,178,5,1772"]|13:50:42:078
62|1.1|636136516291637045|0|49847.0625|14.58504758614|101.29949069302|59349|99563||49847.0625|186||18556.25|183.5|49847.0625|881057|NOK9821|0|2613|-1337.5|||3|3|2|1|1|132|18|["132,18,5,3731","132,114,5,501","132,178,5,1772"]|13:50:47:063
62|1.1|636136516341562037|0|49852.0625|14.5798762949|101.29493094452|58859|98989||49852.0625|185||18443.75|182.25|49852.0625|881057|NOK9821|0|2613|-1400|||3|3|2|1|1|132|18|["132,18,5,3731","132,114,5,501","132,178,5,1772"]|13:50:52:063
62|1.1|636136516391477028|0|49857.0625|14.57385206247|101.28963090744|58289|98321||49857.0625|183.25||18312.5|181.25|49857.0625|881057|NOK9821|0|2613|-1300|||3|3|2|1|1|132|5|["132,18,5,3731","132,114,5,501","132,178,5,1772"]|13:50:57:063
62|1.1|636136516441402020|0|49862.0390625|14.56896508496|101.28529646416|57824|97779||49862.0390625|182.5||18231.25|180.25|49862.0390625|881057|NOK9821|0|2613|-1262.5|||3|3|2|1|1|132|5|["132,18,5,3731","132,114,5,501","132,178,5,1772"]|13:51:02:039
62|1.1|636136516491327012|0|49867.0390625|14.56370259875|101.28061333423|57320|97196||49867.0390625|181.25||18118.75|179.25|49867.0390625|881057|NOK9821|0|2613|-1281.25|||3|3|2|1|1|132|5|["132,18,5,3731","132,114,5,501","132,178,5,1772"]|13:51:07:039
62|1.1|636136516541242003|0|49872.015625|14.55844011254|101.27588728902|56812|96612||49872.015625|180||17987.5|177.75|49872.015625|881057|NOK9821|0|2613|-1356.25|||3|3|2|1|1|132|5|["132,18,5,3731","132,114,5,501","132,178,5,1772"]|13:51:12:016
62|1.1|636136516591166995|0|49877.015625|14.55266800738|101.27079109952|56264|95972||49877.015625|178.75||17812.5|176|49877.015625|881057|NOK9821|0|2613|-1850|||3|3|2|1|1|132|18|["132,18,5,3731","132,114,5,501","132,178,5,1772"]|13:51:17:016
62|1.1|636136516641081986|0|49882.015625|14.54691735986|101.26568954561|55716|95335||49882.015625|176.75||17612.5|173.5|49882.015625|881057|NOK9821|0|2613|-2162.5|||3|3|2|1|1|132|18|["132,18,5,3731","132,114,5,501","132,178,5,1772"]|13:51:22:016
62|1.1|636136516691016979|0|49887|14.54169242452|101.26103323773|55215|94755||49887|174.75||17406.25|171.75|49887|881057|NOK9821|0|2613|-2143.75|||3|3|2|1|1|132|18|["132,18,5,3731","132,114,5,501","132,178,5,1772"]|13:51:27:000
62|1.1|636136516740941971|0|49892|14.53624218396|101.25616771786|54692|94151||49892|173||17225|170|49892|881057|NOK9821|0|2613|-2243.75|||3|3|2|1|1|132|18|["132,18,5,3731","132,114,5,501","132,178,4,1772"]|13:51:32:000
62|1.1|636136516790846961|0|49896.9765625|14.53081876545|101.25131829122|54171|93550||49896.9765625|170.25||17018.75|168|49896.9765625|881057|NOK9821|0|2613|-2187.5|||3|3|2|1|1|132|5|["132,18,5,3731","132,114,5,501","132,178,4,1772"]|13:51:36:977
62|1.1|636136516840771953|0|49901.9765625|14.52535243166|101.24642058489|53644|92944||49901.9765625|169.25||16825|166.5|49901.9765625|881057|NOK9821|0|2613|-2187.5|||3|3|2|1|1|132|18|["132,18,5,3731","132,114,5,501","132,178,5,1901"]|13:51:41:977
62|1.1|636136516890706946|0|49906.9765625|14.51917799575|101.24095961551|53057|92260||49906.9765625|167.25||16600|164|49906.9765625|881057|NOK9821|0|2613|-2343.75|||3|3|2|1|1|132|18|["132,18,5,3731","132,114,5,501","132,178,5,1901"]|13:51:46:977
62|1.1|636136516940611936|0|49911.9609375|14.51370093314|101.23582587514|52505|91652||49911.9609375|165.25||16393.75|162|49911.9609375|881057|NOK9821|0|2613|-2343.75|||3|3|2|1|1|132|18|["132,18,5,3731","132,114,5,501","132,178,5,1901"]|13:51:51:961
62|1.1|636136516990536928|0|49916.9609375|14.50828287904|101.23092816881|51978|91052||49916.9609375|163.5||16231.25|160.25|49916.9609375|881057|NOK9821|0|2613|-2306.25|||3|3|2|1|1|132|18|["132,18,5,3731","132,114,5,501","132,178,5,1901"]|13:51:56:961
62|1.1|636136517040461920|0|49921.9375|14.50374995259|101.22481810582|51320|90549||49921.9375|161||16081.25|158.75|49921.9375|881057|NOK9821|0|2613|-2125|||3|3|2|1|1|132|5|["132,18,5,3731","132,114,5,501","132,178,5,1901"]|13:52:01:938
62|1.1|636136517090386912|0|49926.9375|14.49934577198|101.21769416934|50553|90060||49926.9375|159.75||15912.5|157.25|49926.9375|881057|NOK9821|0|2613|-2025|||3|3|2|1|1|132|5|["132,18,5,3731","132,114,5,501","132,178,5,1901"]|13:52:06:938
62|1.1|636136517140321905|0|49931.9375|14.49628269387|101.21066679224|49796|89720||49931.9375|159||15800|156|49931.9375|881057|NOK9821|0|2613|-1693.75|||3|3|2|1|1|132|18|["132,18,5,3731","132,114,5,501","132,178,5,1901"]|13:52:11:938
62|1.1|636136517190226895|0|49936.921875|14.49400818403|101.20327463526|49000|89467||49936.921875|157.75||15687.5|155.25|49936.921875|881057|NOK9821|0|2613|-1475|||3|3|2|1|1|132|18|["132,18,5,3731","132,114,5,501","132,178,4,1901"]|13:52:16:922
62|1.1|636136517240151887|0|49941.921875|14.49256515774|101.19499735063|48108|89305||49941.921875|156.75||15575|154|49941.921875|881057|NOK9821|0|2613|-1418.75|||3|3|2|1|1|132|18|["132,18,5,3731","132,114,5,501","132,178,4,1901"]|13:52:21:922
62|1.1|636136517290066878|0|49946.8984375|14.49207699643|101.18660204898|47203|89249||49946.8984375|154.75||15475|153|49946.8984375|881057|NOK9821|0|2613|-1318.75|||3|3|2|1|1|132|5|["132,18,5,3731","132,114,5,501","132,178,5,1902"]|13:52:26:898
62|1.1|636136517339991870|0|49951.8984375|14.49122941965|101.17961758716|46450|89154||49951.8984375|153.75||15368.75|151.5|49951.8984375|881057|NOK9821|0|2613|-1418.75|||3|3|2|1|1|132|5|["132,18,5,3731","132,114,5,501","132,178,5,1902"]|13:52:31:898
62|1.1|636136517389916862|0|49956.8984375|14.49018872411|101.17163534508|45590|89038||49956.8984375|152.25||15206.25|150|49956.8984375|881057|NOK9821|0|2613|-1575|||3|3|2|1|1|132|5|["132,18,5,3731","132,114,5,501","132,178,5,1902"]|13:52:36:898
62|1.1|636136517439841854|0|49961.875|14.48893345217|101.16458114593|44830|88897||49961.875|151||15031.25|148|49961.875|881057|NOK9821|0|2613|-1868.75|||3|3|2|1|1|132|18|["132,18,5,3731","132,114,5,501","132,178,5,1902"]|13:52:41:875
62|1.1|636136517490076877|0|49966.875|14.48776401079|101.15742502299|44058|88767||49966.875|148.75||14825|146.25|49966.875|881057|NOK9821|0|2613|-2050|||3|3|2|1|1|132|18|["132,18,5,3731","132,114,5,501","132,178,5,1902"]|13:52:46:875
62|1.1|636136517539691838|0|49971.859375|14.48646582357|101.14929794184|43182|88622||49971.859375|146.25||14550|144.5|49971.859375|881057|NOK9821|0|2613|-2362.5|||3|3|2|1|1|132|18|["132,18,5,3731","132,114,5,501","132,178,5,1902"]|13:52:51:859
62|1.1|636136517589626831|0|49976.859375|14.48517300076|101.1411762251|42307|88477||49976.859375|143.5||14250|140|49976.859375|881057|NOK9821|0|2613|-2775|||3|3|2|1|1|132|18|["132,18,5,3731","132,114,5,501","132,178,5,1902"]|13:52:56:859
62|1.1|636136517639521820|0|49981.859375|14.48383189826|101.13345683911|41475|88327||49981.859375|140.25||13993.75|138|49981.859375|881057|NOK9821|0|2613|-2637.5|||3|3|2|1|1|132|5|["132,18,5,3731","132,114,5,501","132,178,5,1902"]|13:53:01:859
62|1.1|636136517689446812|0|49986.8359375|14.48253371104|101.12532439355|40598|88182||49986.8359375|138.25||13743.75|135.5|49986.8359375|881057|NOK9821|0|2613|-2812.5|||3|3|2|1|1|132|5|["132,18,5,3731","132,114,5,501","132,178,5,1902"]|13:53:06:836
62|1.1|636136517739381805|0|49991.8359375|14.48128916792|101.11798051626|39807|88043||49991.8359375|137||13568.75|134|49991.8359375|881057|NOK9821|0|2613|-2400|||3|3|2|1|1|132|18|["132,18,5,3731","132,114,5,501","132,178,5,1902"]|13:53:11:836
62|1.1|636136517789286795|0|49996.8203125|14.47998561629|101.10971396045|38916|87898||49996.8203125|135.5||13400|132.5|49996.8203125|881057|NOK9821|0|2613|-1950|||3|3|2|1|1|132|18|["132,18,5,3731","132,114,5,501","132,178,4,1902"]|13:53:16:820
62|1.1|636136517839211787|0|50001.8203125|14.47876253081|101.10174244719|38057|87761||50001.8203125|134.5||13206.25|131.5|50001.8203125|881057|NOK9821|0|2613|-1693.75|||3|3|2|1|1|132|18|["132,18,5,3731","132,114,5,501","132,178,4,1902"]|13:53:21:820
62|1.1|636136517889146780|0|50006.8203125|14.47760381825|101.09364218809|37184|87631||50006.8203125|133||13037.5|130.25|50006.8203125|881057|NOK9821|0|2613|-1656.25|||3|3|2|1|1|132|18|["132,18,5,3731","132,114,5,501","132,178,4,1902"]|13:53:26:820
62|1.1|636136517939051770|0|50011.796875|14.47646119892|101.08574577657|36333|87504||50011.796875|131.75||12918.75|129|50011.796875|881057|NOK9821|0|2613|-1612.5|||3|3|2|1|1|132|18|["132,18,5,3731","132,114,5,501","132,178,4,1902"]|13:53:31:797
62|1.1|636136517988976762|0|50016.796875|14.47535613046|101.07732901728|35425|87380||50016.796875|130.5||12868.75|127.75|50016.796875|881057|NOK9821|0|2613|-1575|||3|3|2|1|1|132|18|["132,18,5,3731","132,114,5,501","132,178,4,1902"]|13:53:36:797
62|1.1|636136518038891753|0|50021.78125|14.47410622293|101.07111166609|34755|87241||50021.78125|129||12831.25|126.25|50021.78125|881057|NOK9821|0|2613|-1575|||3|3|2|1|1|132|18|["132,18,5,3731","132,114,5,501","132,178,4,1902"]|13:53:41:781
62|1.1|636136518088816745|0|50026.78125|14.47275439161|101.06273245767|33852|87090||50026.78125|127.5||12700|124.75|50026.78125|881057|NOK9821|0|2613|-1656.25|||3|3|2|1|1|132|18|["132,18,5,3731","132,114,5,501","132,178,4,1902"]|13:53:46:781
62|1.1|636136518138741737|0|50031.78125|14.4715152129|101.05451418155|32966|86952||50031.78125|126||12550|123.25|50031.78125|881057|NOK9821|0|2613|-1693.75|||3|3|2|1|1|132|18|["132,18,5,3731","132,114,5,501","132,178,4,1902"]|13:53:51:781
62|1.1|636136518188666729|0|50036.7578125|14.47030822065|101.04651584624|32104|86817||50036.7578125|124||12400|122|50036.7578125|881057|NOK9821|0|2613|-1693.75|||3|3|2|1|1|132|5|["132,18,5,3731","132,114,5,501","132,178,4,1902"]|13:53:56:758
62|1.1|636136518238581720|0|50041.7578125|14.46916023691|101.03934363007|31331|86689||50041.7578125|122.75||12262.5|120.5|50041.7578125|881057|NOK9821|0|2613|-1675|||3|3|2|1|1|132|5|["132,18,5,3731","132,114,5,501","132,178,4,1902"]|13:54:01:758
62|1.1|636136518288506712|0|50046.7421875|14.46799079553|101.03171007464|30508|86559||50046.7421875|121.75||12131.25|119.25|50046.7421875|881057|NOK9821|0|2613|-1693.75|||3|3|2|1|1|132|18|["132,18,5,3731","132,114,5,501","132,178,4,1902"]|13:54:06:742
62|1.1|636136518338421703|0|50051.7421875|14.46691791353|101.02467733313|29750|86439||50051.7421875|120||11975|117.5|50051.7421875|881057|NOK9821|0|2613|-1712.5|||3|3|2|1|1|132|5|["132,18,5,3731","132,114,5,501","132,178,4,1902"]|13:54:11:742
62|1.1|636136518388346695|0|50056.7421875|14.46575920097|101.01734418466|28959|86310||50056.7421875|118.75||11825|116|50056.7421875|881057|NOK9821|0|2613|-1750|||3|3|2|1|1|132|18|["132,18,5,3731","132,114,5,501","132,178,4,1902"]|13:54:16:742
62|1.1|636136518438271687|0|50061.71875|14.46458439518|101.00906690003|28067|86179||50061.71875|117.25||11662.5|114.75|50061.71875|881057|NOK9821|0|2613|-1750|||3|3|2|1|1|132|18|["132,18,5,3731","132,114,5,501","132,178,4,1902"]|13:54:21:719
62|1.1|636136518488186678|0|50066.71875|14.46327547914|101.00038192024|27131|86033||50066.71875|115.25||11512.5|113.25|50066.71875|881057|NOK9821|0|2613|-1731.25|||3|3|2|1|1|132|5|["132,18,5,3731","132,114,5,501","132,178,4,1902"]|13:54:26:719
62|1.1|636136518538111670|0|50071.6953125|14.46235280062|100.99407337408|26451|85930||50071.6953125|114.75||11400|112|50071.6953125|881057|NOK9821|0|2613|-1693.75|||3|3|2|1|1|132|18|["132,18,5,3731","132,114,5,501"]|13:54:31:695
62|1.1|636136518588036662|0|50076.6953125|14.4612155457|100.98634862368|25618|85804||50076.6953125|113.25||11256.25|110.5|50076.6953125|881057|NOK9821|0|2613|-1693.75|||3|3|2|1|1|132|18|["132,18,5,3731","132,114,5,501"]|13:54:36:695
62|1.1|636136518637951653|0|50081.6953125|14.45993881612|100.97816789843|24736|85662||50081.6953125|111.75||11087.5|109|50081.6953125|881057|NOK9821|0|2613|-1731.25|||3|3|2|1|1|132|18|["132,18,5,3731","132,114,5,501"]|13:54:41:695
62|1.1|636136518687876645|0|50086.6796875|14.45872645946|100.97036804629|23895|85526||50086.6796875|110.25||10943.75|107.5|50086.6796875|881057|NOK9821|0|2613|-1750|||3|3|2|1|1|132|18|["132,18,5,3731","132,114,5,501"]|13:54:46:680
62|1.1|636136518737791636|0|50091.6796875|14.4575141028|100.96267548235|23066|85392||50091.6796875|109||10800|106|50091.6796875|881057|NOK9821|0|2613|-1750|||3|3|2|1|1|132|18|["132,18,5,3731","132,114,5,501"]|13:54:51:680
62|1.1|636136518787716628|0|50096.65625|14.45636075465|100.95505802015|22245|85263||50096.65625|108.25||10693.75|105.25|50096.65625|881057|NOK9821|0|2613|-1537.5|||3|3|2|1|1|132|18|["132,18,5,3731","132,114,5,501"]|13:54:56:656
62|1.1|636136518837641620|0|50101.65625|14.4552610506|100.94842224498|21529|85141||50101.65625|107.5||10656.25|105|50101.65625|881057|NOK9821|0|2613|-887.5|||3|3|2|1|1|132|18|["132,18,5,3731","132,114,5,501"]|13:55:01:656
62|1.1|636136518887556611|0|50106.65625|14.45412916009|100.94104618123|20734|85015||50106.65625|107.25||10568.75|104.75|50106.65625|881057|NOK9821|0|2613|-687.5|||3|3|2|1|1|132|18|["132,18,5,3731","132,114,5,501"]|13:55:06:656
62|1.1|636136518937511606|0|50111.640625|14.45298654076|100.93363256661|19935|84888||50111.640625|106.75||10625|104.75|50111.640625|881057|NOK9821|0|2613|-475|||3|3|2|1|1|132|18|["132,18,5,3731","132,114,5,501"]|13:55:11:641
62|1.1|636136518987406595|0|50116.640625|14.45191365876|100.92732938486|19255|84769||50116.640625|106.25||10600|104.25|50116.640625|881057|NOK9821|0|2613|-493.75|||3|3|2|1|1|132|18|["132,18,5,3731","132,114,5,501"]|13:55:16:641
62|1.1|636136519037321586|0|50121.6171875|14.45081395471|100.92015180428|18481|84647||50121.6171875|105.5||10550|103.5|50121.6171875|881057|NOK9821|0|2613|-631.25|||3|3|2|1|1|132|18|["132,18,5,3731","132,114,5,501"]|13:55:21:617
62|1.1|636136519087246578|0|50126.6171875|14.44973034389|100.91301177457|17712|84526||50126.6171875|104.25||10468.75|102.25|50126.6171875|881057|NOK9821|0|2613|-825|||3|3|2|1|1|132|18|["132,18,5,3731","132,114,5,501"]|13:55:26:617
62|1.1|636136519137171570|0|50131.6171875|14.44858236015|100.90532457504|16883|84398||50131.6171875|102.75||10287.5|100.75|50131.6171875|881057|NOK9821|0|2613|-1143.75|||3|3|2|1|1|132|5|["132,18,5,3731","132,114,5,501"]|13:55:31:617
62|1.1|636136519187086561|0|50136.6015625|14.44771869014|100.89979386833|16287|84303||50136.6015625|101.5||10175|99.5|50136.6015625|881057|NOK9821|0|2613|-1281.25|||3|3|2|1|1|132|5|["132,18,5,3731","132,114,5,501"]|13:55:36:602
62|1.1|636136519237011553|0|50141.6015625|14.44666190137|100.89320637285|15576|84185||50141.6015625|100.75||10043.75|98.25|50141.6015625|881057|NOK9821|0|2613|-1375|||3|3|2|1|1|132|18|["132,18,5,3731","132,114,5,501"]|13:55:41:602
62|1.1|636136519286936545|0|50146.578125|14.44546563794|100.88585176674|14783|84053||50146.578125|99.25||9900|97|50146.578125|881057|NOK9821|0|2613|-1537.5|||3|3|2|1|1|132|18|["132,18,5,3731","132,114,5,501"]|13:55:46:578
62|1.1|636136519336861537|0|50151.578125|14.44412989985|100.87852934709|13994|83904||50151.578125|98||9743.75|95.25|50151.578125|881057|NOK9821|0|2613|-1631.25|||3|3|2|1|1|132|18|["132,18,5,3731","132,114,5,501"]|13:55:51:578
62|1.1|636136519386776528|0|50156.578125|14.44156571187|100.8717219108|13260|83620||50156.578125|96.5||9581.25|93.75|50156.578125|881057|NOK9821|0|2613|-1731.25|||3|3|2|1|1|132|18|["132,18,5,3731","132,114,5,501"]|13:55:56:578
62|1.1|636136519436711521|0|50161.5625|14.43646952237|100.86595517005|12638|83056||50161.5625|95||9468.75|92.75|50161.5625|881057|NOK9821|0|2613|-1556.25|||3|3|2|1|1|132|5|["132,18,5,3731","132,114,5,501"]|13:56:01:563
62|1.1|636136519486626512|0|50166.5625|14.43238720636|100.86059612446|12061|82604||50166.5625|93.75||9356.25|91.75|50166.5625|881057|NOK9821|0|2613|-1437.5|||3|3|2|1|1|132|5|["132,18,5,3731","132,114,5,501"]|13:56:06:563
62|1.1|636136519536541503|0|50171.5390625|14.42777381376|100.85544629086|11506|82093||50171.5390625|92.75||9237.5|90.5|50171.5390625|881057|NOK9821|0|2613|-1418.75|||3|3|2|1|1|132|5|["132,18,5,3731","132,114,5,501"]|13:56:11:539
62|1.1|636136519586466495|0|50176.5390625|14.42324625172|100.85089727118|11016|81592||50176.5390625|91.75||9118.75|89.25|50176.5390625|881057|NOK9821|0|2613|-1437.5|||3|3|2|1|1|132|18|["132,18,5,3731","132,114,5,501"]|13:56:16:539
62|1.1|636136519636391487|0|50181.5390625|14.418461198|100.84646626852|10538|81062||50181.5390625|90.5||9000|88|50181.5390625|881057|NOK9821|0|2613|-1437.5|||3|3|2|1|1|132|18|["132,18,5,3731","132,114,5,501"]|13:56:21:539
62|1.1|636136519686306478|0|50186.515625|14.41346156788|100.84224447785|10083|80509||50186.515625|89.25||8887.5|86.75|50186.515625|881057|NOK9821|0|2613|-1437.5|||3|3|2|1|1|132|18|["132,18,5,3731","132,114,5,501"]|13:56:26:516
62|1.1|636136519736231470|0|50191.515625|14.40758217452|100.83764717848|9587|79858||50191.515625|87.5||8743.75|85.5|50191.515625|881057|NOK9821|0|2613|-1518.75|||3|3|2|1|1|132|5|["132,18,5,3731","132,114,5,501"]|13:56:31:516
62|1.1|636136519786146461|0|50196.5|14.40204073899|100.83331809961|9121|79245||50196.5|86.5||8625|84.25|50196.5|881057|NOK9821|0|2613|-1475|||3|3|2|1|1|132|5|["132,18,5,3731","132,114,5,501"]|13:56:36:500
62|1.1|636136519836071453|0|50201.5|14.39706793092|100.82947181764|8706|78694||50201.5|85.5||8506.25|83|50201.5|881057|NOK9821|0|2613|-1493.75|||3|3|2|1|1|132|18|["132,18,5,3731","132,114,5,501"]|13:56:41:500
62|1.1|636136519885996445|0|50206.5|14.39156404626|100.82514810318|8240|78085||50206.5|84.25||8375|81.75|50206.5|881057|NOK9821|0|2613|-1518.75|||3|3|2|1|1|132|18|["132,18,5,3731","132,114,5,501"]|13:56:46:500
62|1.1|636136519935941439|0|50211.4765625|14.38614062775|100.82081902431|7773|77485||50211.4765625|83||8243.75|80.5|50211.4765625|881057|NOK9821|0|2613|-1518.75|||3|3|2|1|1|132|18|["132,18,5,3731","132,114,5,501"]|13:56:51:477
62|1.1|636136519985836428|0|50216.4765625|14.38121073496|100.81682253886|7342|76939||50216.4765625|81.75||8137.5|79.5|50216.4765625|881057|NOK9821|0|2613|-1456.25|||3|3|2|1|1|132|18|["132,18,5,3731","132,114,5,501"]|13:56:56:477
62|1.1|636136520035761420|0|50221.4609375|14.37592679111|100.81257392614|6884|76355||50221.4609375|80.25||8025|78.25|50221.4609375|881057|NOK9821|0|2613|-1418.75|||3|3|2|1|1|132|5|["132,18,5,3731","132,114,5,501"]|13:57:01:461
62|1.1|636136520085686412|0|50226.4609375|14.37060529639|100.80829849137|6423|75766||50226.4609375|79.25||7918.75|77.25|50226.4609375|881057|NOK9821|0|2613|-1375|||3|3|2|1|1|132|5|["132,18,5,3731","132,114,5,501"]|13:57:06:461
62|1.1|636136520135601403|0|50231.4609375|14.36539645428|100.80415180244|5976|75189||50231.4609375|78.5||7800|76|50231.4609375|881057|NOK9821|0|2613|-1375|||3|3|2|1|1|132|18|["132,18,5,3731","132,114,5,501"]|13:57:11:461
62|1.1|636136520185526395|0|50236.4375|14.359989129|100.79982272357|5509|74591||50236.4375|77.75||7712.5|75|50236.4375|881057|NOK9821|0|2613|-1318.75|||3|3|2|1|1|132|18|["132,18,5,3731","132,114,5,501"]|13:57:16:438
62|1.1|636136520235461388|0|50241.4375|14.35463008341|100.79550437352|5044|73998||50241.4375|77.25||7643.75|74.5|50241.4375|881057|NOK9821|0|2613|-1043.75|||3|3|2|1|1|132|18|["132,18,5,3731","132,114,5,501"]|13:57:21:438
62|1.1|636136520285366378|0|50246.421875|14.34987185174|100.79166345596|4629|73471||50246.421875|76.5||7606.25|74.25|50246.421875|881057|NOK9821|0|2613|-768.75|||3|3|2|1|1|132|18|["132,18,5,3731","132,114,5,501"]|13:57:26:422
62|1.1|636136520335291370|0|50251.421875|14.34485612839|100.78767233492|4199|72916||50251.421875|75.5||7543.75|73.5|50251.421875|881057|NOK9821|0|2613|-806.25|||3|3|2|1|1|132|5|["132,18,5,3731","132,114,5,501"]|13:57:31:422
62|1.1|636136520385216362|0|50256.421875|14.33986722709|100.78371876475|3772|72364||50256.421875|75.25||7481.25|72.75|50256.421875|881057|NOK9821|0|2613|-806.25|||3|3|2|1|1|132|18|["132,18,5,3731","132,114,5,501"]|13:57:36:422
62|1.1|636136520435131353|0|50261.3984375|14.33469057144|100.77960426228|3329|71791||50261.3984375|74.75||7443.75|72.25|50261.3984375|881057|NOK9821|0|2613|-768.75|||3|3|2|1|1|132|18|["132,18,5,3731","132,114,5,501"]|13:57:41:398
62|1.1|636136520485056345|0|50266.3984375|14.33020592468|100.77599937876|2940|71295||50266.3984375|74.25||7400|71.75|50266.3984375|881057|NOK9821|0|2613|-706.25|||3|3|2|1|1|132|18|["132,18,5,3731","132,114,5,501"]|13:57:46:398
62|1.1|636136520534971336|0|50271.375|14.32531894717|100.77207799505|2517|70754||50271.375|73.75||7350|71.5|50271.375|881057|NOK9821|0|2613|-631.25|||3|3|2|1|1|132|18|["132,18,5,3731","132,114,5,501"]|13:57:51:375
62|1.1|636136520584896328|0|50276.375|14.32022275767|100.76803322991|2081|70190||50276.375|73.25||7312.5|71|50276.375|881057|NOK9821|0|2613|-568.75|||3|3|2|1|1|132|18|["132,18,5,3731","132,114,5,501"]|13:57:56:375
62|1.1|636136520634821320|0|50281.375|14.31582930588|100.76455172782|1705|69704||50281.375|72.25||7231.25|70.25|50281.375|881057|NOK9821|0|2613|-650|||3|3|2|1|1|132|5|["132,18,5,3731","132,114,5,501"]|13:58:01:375
62|1.1|636136520684736311|0|50286.359375|14.31138220999|100.76098439517|1320|69212||50286.359375|71.75||7181.25|69.75|50286.359375|881057|NOK9821|0|2613|-706.25|||3|3|2|1|1|132|18|["132,18,5,3731","132,114,5,501"]|13:58:06:359
62|1.1|636136520734661303|0|50291.359375|14.30658642745|100.75715957084|908|68682||50291.359375|71||7081.25|68.75|50291.359375|881057|NOK9821|0|2613|-787.5|||3|3|2|1|1|132|18|["132,18,5,3731","132,114,5,501"]|13:58:11:359
62|1.1|636136520784586295|0|50296.3359375|14.30190866193|100.75343130589|505|68164||50296.3359375|70.5||7006.25|68.25|50296.3359375|881057|NOK9821|0|2613|-825|||3|3|2|1|1|132|18|["132,18,5,3731","132,114,5,501"]|13:58:16:336
62|1.1|636136520834501286|0|50301.3359375|14.29785316797|100.75012146492|148|67715||50301.3359375|69.75||6956.25|67.5|50301.3359375|881057|NOK9821|0|2613|-806.25|||3|3|2|1|1|132|18|["132,18,5,3731","132,114,5,501"]|13:58:21:336
62|1.1|636136520884426278|0|50306.3359375|14.29364747053|100.74677407308|-213|67250||50306.3359375|69||6887.5|66.75|50306.3359375|881057|NOK9821|0|2613|-806.25|||3|3|2|1|1|132|18|["132,18,5,3731","132,114,5,501"]|13:58:26:336
62|1.1|636136520934351270|0|50311.3203125|14.28927547638|100.74331939304|-586|66766||50311.3203125|68||6806.25|66|50311.3203125|881057|NOK9821|0|2613|-843.75|||3|3|2|1|1|132|5|["132,18,5,3731"]|13:58:31:320
62|1.1|636136520984266261|0|50316.3203125|14.28469963465|100.73977888244|-968|66260||50316.3203125|67.5||6737.5|65.25|50316.3203125|881057|NOK9821|0|2613|-868.75|||3|3|2|1|1|132|18|["132,18,5,3731"]|13:58:36:320
62|1.1|636136521034191253|0|50321.296875|14.28004869118|100.73620082097|-1354|65745||50321.296875|66.75||6650|64.5|50321.296875|881057|NOK9821|0|2613|-887.5|||3|3|2|1|1|132|18|["132,18,5,3731"]|13:58:41:297
62|1.1|636136521084126246|0|50326.296875|14.27547284945|100.73263885273|-1738|65239||50326.296875|66.25||6575|63.75|50326.296875|881057|NOK9821|0|2613|-906.25|||3|3|2|1|1|132|18|["132,18,5,3731"]|13:58:46:297
62|1.1|636136521134031236|0|50331.296875|14.27143344872|100.72945239319|-2082|64792||50331.296875|65.5||6525|63.25|50331.296875|881057|NOK9821|0|2613|-825|||3|3|2|1|1|132|18|["132,18,5,3731"]|13:58:51:297
62|1.1|636136521183956228|0|50336.28125|14.26721165805|100.72608890812|-2445|64325||50336.28125|64.5||6462.5|62.5|50336.28125|881057|NOK9821|0|2613|-787.5|||3|3|2|1|1|132|5|["132,18,5,3731"]|13:58:56:281
62|1.1|636136521233881220|0|50341.28125|14.26274310452|100.72252693988|-2830|63831||50341.28125|63.75||6375|61.75|50341.28125|881057|NOK9821|0|2613|-825|||3|3|2|1|1|132|5|["132,18,5,3731"]|13:59:01:281
62|1.1|636136521283796211|0|50346.2578125|14.25874125466|100.71933511593|-3174|63388||50346.2578125|63||6287.5|61|50346.2578125|881057|NOK9821|0|2613|-887.5|||3|3|2|1|1|132|18|["132,18,5,3731"]|13:59:06:258
62|1.1|636136521333721203|0|50351.2578125|14.25455165045|100.71617547844|-3515|62924||50351.2578125|62.25||6206.25|60|50351.2578125|881057|NOK9821|0|2613|-925|||3|3|2|1|1|132|18|["132,18,5,3731"]|13:59:11:258
62|1.1|636136521383636194|0|50356.2578125|14.24969149499|100.71312849356|-3844|62387||50356.2578125|61.25||6106.25|59|50356.2578125|881057|NOK9821|0|2613|-1062.5|||3|3|2|1|1|132|18|["132,18,5,3731"]|13:59:16:258
62|1.1|636136521433571187|0|50361.2421875|14.24450947493|100.71083252608|-4092|61813||50361.2421875|60.25||6006.25|58|50361.2421875|881057|NOK9821|0|2613|-1125|||3|3|2|1|1|132|18|["132,18,5,3731"]|13:59:21:242
62|1.1|636136521483476177|0|50366.2421875|14.23839404753|100.71088080577|-4087|61137||50366.2421875|59||5893.75|57|50366.2421875|881057|NOK9821|0|2613|-1181.25|||3|3|2|1|1|132|5|["132,18,5,3731"]|13:59:26:242
62|1.1|636136521533401169|0|50371.21875|14.23289016287|100.7105750344|-4120|60528||50371.21875|58||5787.5|56|50371.21875|881057|NOK9821|0|2613|-1181.25|||3|3|2|1|1|132|5|["132,18,5,3731"]|13:59:31:219
62|1.1|636136521583326161|0|50376.21875|14.22796027008|100.7104141021|-4137|59982||50376.21875|57.25||5700|55|50376.21875|881057|NOK9821|0|2613|-1162.5|||3|3|2|1|1|132|18|["132,18,5,3731"]|13:59:36:219
62|1.1|636136521633241152|0|50381.21875|14.22245638542|100.71035509359|-4144|59373||50381.21875|56.25||5606.25|54|50381.21875|881057|NOK9821|0|2613|-1143.75|||3|3|2|1|1|132|18|["132,18,5,3731"]|13:59:41:219
62|1.1|636136521683166144|0|50386.1953125|14.21700614486|100.71008687309|-4173|58770||50386.1953125|55.5||5518.75|53.25|50386.1953125|881057|NOK9821|0|2613|-1125|||3|3|2|1|1|132|18|["132,18,5,3731"]|13:59:46:195
62|1.1|636136521733091136|0|50391.1953125|14.2121459894|100.7095021524|-4236|58233||50391.1953125|54.5||5425|52.25|50391.1953125|881057|NOK9821|0|2613|-1125|||3|3|2|1|1|132|18|["132,18,5,3731"]|13:59:51:195
62|1.1|636136521783026129|0|50396.1796875|14.20721609661|100.70897644022|-4293|57687||50396.1796875|53.75||5362.5|51.5|50396.1796875|881057|NOK9821|0|2613|-1043.75|||3|3|2|1|1|132|18|["132,18,5,3731"]|13:59:56:180
62|1.1|636136521832941120|0|50401.1796875|14.20126160151|100.70818787195|-4378|57028||50401.1796875|53||5281.25|50.75|50401.1796875|881057|NOK9821|0|2613|-962.5|||3|3|2|1|1|132|5|["132,18,5,3731"]|14:00:01:180
62|1.1|636136521882856111|0|50406.1796875|14.19673403947|100.70768898182|-4432|56527||50406.1796875|52.5||5231.25|50.25|50406.1796875|881057|NOK9821|0|2613|-887.5|||3|3|2|1|1|132|18|["132,18,5,3731"]|14:00:06:180
62|1.1|636136521932781103|0|50411.15625|14.19117651071|100.7070881679|-4497|55913||50411.15625|52||5168.75|49.75|50411.15625|881057|NOK9821|0|2613|-825|||3|3|2|1|1|132|18|["132,18,5,3731"]|14:00:11:156
62|1.1|636136521982696094|0|50416.15625|14.18569408369|100.7064980828|-4561|55306||50416.15625|51.25||5093.75|49|50416.15625|881057|NOK9821|0|2613|-787.5|||3|3|2|1|1|132|18|["132,18,5,3731"]|14:00:16:156
62|1.1|636136522032471071|0|50421.140625|14.18037795338|100.70589190447|-4626|54718||50421.140625|50.5||5018.75|48.25|50421.140625|881057|NOK9821|0|2613|-806.25|||3|3|2|1|1|132|18|["132,18,5,3731"]|14:00:21:141
62|1.1|636136522082386062|0|50426.140625|14.17554461997|100.70525890409|-4695|54183||50426.140625|49.5||4943.75|47.5|50426.140625|881057|NOK9821|0|2613|-825|||3|3|2|1|1|132|5|["132,18,5,3731"]|14:00:26:141
62|1.1|636136522132331056|0|50431.140625|14.17092586296|100.70471173427|-4754|53672||50431.140625|49||4868.75|46.75|50431.140625|881057|NOK9821|0|2613|-868.75|||3|3|2|1|1|132|18|["132,18,5,3731"]|14:00:31:141
62|1.1|636136522182226045|0|50436.1171875|14.16578675818|100.7041377424|-4816|53103||50436.1171875|48.25||4800|46|50436.1171875|881057|NOK9821|0|2613|-887.5|||3|3|2|1|1|132|18|["132,18,5,3731"]|14:00:36:117
62|1.1|636136522232151037|0|50441.1171875|14.16137184875|100.70359057258|-4875|52615||50441.1171875|47.5||4743.75|45.5|50441.1171875|881057|NOK9821|0|2613|-843.75|||3|3|2|1|1|132|18|["132,18,5,3731"]|14:00:41:117
62|1.1|636136522282086030|0|50446.1015625|14.15625420161|100.70303803835|-4935|52049||50446.1015625|47.25||4681.25|45|50446.1015625|881057|NOK9821|0|2613|-768.75|||3|3|2|1|1|132|18|["132,18,5,3731"]|14:00:46:102
62|1.1|636136522332001021|0|50451.1015625|14.15128139354|100.70249086853|-4994|51499||50451.1015625|46.5||4643.75|44.5|50451.1015625|881057|NOK9821|0|2613|-706.25|||3|3|2|1|1|132|18|["132,18,5,3731"]|14:00:51:102
62|1.1|636136522381926013|0|50456.1015625|14.14682356883|100.70196515635|-5051|51005||50456.1015625|46||4581.25|43.75|50456.1015625|881057|NOK9821|0|2613|-687.5|||3|3|2|1|1|132|18|["132,18,5,3731"]|14:00:56:102
62|1.1|636136522431841004|0|50461.078125|14.14229600679|100.70152527473|-5099|50504||50461.078125|45.25||4500|43|50461.078125|881057|NOK9821|0|2613|-768.75|||3|3|2|1|1|132|18|["132,18,5,3731"]|14:01:01:078
62|1.1|636136522481765996|0|50466.078125|14.13822978401|100.70108539311|-5146|50055||50466.078125|44.5||4437.5|42.5|50466.078125|881057|NOK9821|0|2613|-787.5|||3|3|2|1|1|132|18|["132,18,5,3731"]|14:01:06:078
62|1.1|636136522531690988|0|50471.0625|14.13391679837|100.70064014708|-5194|49577||50471.0625|43.5||4356.25|41.5|50471.0625|881057|NOK9821|0|2613|-825|||3|3|2|1|1|132|18|["132,18,5,3731"]|14:01:11:063
62|1.1|636136522581615980|0|50476.0625|14.12879915123|100.70018953664|-5243|49011||50476.0625|42.75||4256.25|40.5|50476.0625|881057|NOK9821|0|2613|-962.5|||3|3|2|1|1|132|18|["132,18,5,3731"]|14:01:16:063
62|1.1|636136522631530971|0|50481.0625|14.1239014449|100.69970673974|-5296|48469||50481.0625|42||4162.5|39.75|50481.0625|881057|NOK9821|0|2613|-1006.25|||3|3|2|1|1|132|18|["132,18,5,3731"]|14:01:21:063
62|1.1|636136522681445962|0|50486.0390625|14.11979230684|100.6992561293|-5344|48014||50486.0390625|41||4100|39|50486.0390625|881057|NOK9821|0|2613|-962.5|||3|3|2|1|1|132|18|["132,18,5,3731"]|14:01:26:039
62|1.1|636136522731370954|0|50491.0390625|14.11591920282|100.69887525619|-5386|47586||50491.0390625|40.25||4025|38.25|50491.0390625|881057|NOK9821|0|2613|-943.75|||3|3|2|1|1|132|18|["132,18,5,3731"]|14:01:31:039
62|1.1|636136522781285945|0|50496.015625|14.11152575103|100.69842464575|-5434|47100||50496.015625|39.5||3956.25|37.5|50496.015625|881057|NOK9821|0|2613|-925|||3|3|2|1|1|132|18|["132,18,5,3731"]|14:01:36:016
62|1.1|636136522831230939|0|50501.015625|14.10642956153|100.69794184885|-5486|46536||50501.015625|38.75||3862.5|36.5|50501.015625|881057|NOK9821|0|2613|-962.5|||3|3|2|1|1|132|18|["132,18,5,3731"]|14:01:41:016
62|1.1|636136522881135929|0|50506.015625|14.10158013489|100.69747514518|-5537|46000||50506.015625|38||3768.75|35.75|50506.015625|881057|NOK9821|0|2613|-1006.25|||3|3|2|1|1|132|18|["132,18,5,3731"]|14:01:46:016
62|1.1|636136522931080923|0|50511|14.09705793726|100.69693333977|-5596|45499||50511|37||3693.75|35|50511|881057|NOK9821|0|2613|-943.75|||3|3|2|1|1|132|5|["132,18,5,3731"]|14:01:51:000
62|1.1|636136522981005915|0|50516|14.09317410442|100.69652564461|-5640|45069||50516|36.25||3618.75|34.25|50516|881057|NOK9821|0|2613|-962.5|||3|3|2|1|1|132|18|["132,18,5,3731"]|14:01:56:000
62|1.1|636136523030900904|0|50520.9765625|14.08870555089|100.69603211889|-5693|44575||50520.9765625|35.5||3543.75|33.5|50520.9765625|881057|NOK9821|0|2613|-943.75|||3|3|2|1|1|132|18|["132,18,5,3731"]|14:02:00:977
62|1.1|636136523080825896|0|50525.9765625|14.08475198072|100.6955546864|-5745|44138||50525.9765625|34.75||3475|32.75|50525.9765625|881057|NOK9821|0|2613|-925|||3|3|2|1|1|132|18|["132,18,5,3731"]|14:02:05:977
62|1.1|636136523130750888|0|50530.9765625|14.08024587632|100.69505579627|-5799|43639||50530.9765625|34||3387.5|31.75|50530.9765625|881057|NOK9821|0|2613|-962.5|||3|3|2|1|1|132|18|["132,18,5,3731"]|14:02:10:977
62|1.1|636136523180675880|0|50535.9609375|14.07579878043|100.69453008409|-5856|43147||50535.9609375|33.25||3300|31|50535.9609375|881057|NOK9821|0|2613|-962.5|||3|3|2|1|1|132|18|["132,18,5,3731"]|14:02:15:961
62|1.1|636136523230590871|0|50540.9609375|14.07148043038|100.69391317694|-5922|42669||50540.9609375|32.5||3231.25|30.25|50540.9609375|881057|NOK9821|0|2613|-943.75|||3|3|2|1|1|132|18|["132,18,5,3731"]|14:02:20:961
62|1.1|636136523280525864|0|50545.9375|14.06753222462|100.69249160829|-6076|42233||50545.9375|31.75||3156.25|29.5|50545.9375|881057|NOK9821|0|2613|-925|||3|3|2|1|1|132|5|["132,18,5,3731"]|14:02:25:938
62|1.1|636136523330430854|0|50550.9375|14.06366448501|100.69043167485|-6299|41805||50550.9375|31||3075|28.75|50550.9375|881057|NOK9821|0|2613|-925|||3|3|2|1|1|132|5|["132,18,5,3731"]|14:02:30:938
62|1.1|636136523380355846|0|50555.9375|14.06005960149|100.68795868184|-6566|41406||50555.9375|30.25||3012.5|28|50555.9375|881057|NOK9821|0|2613|-887.5|||3|3|2|1|1|132|18|["132,18,5,3731"]|14:02:35:938
62|1.1|636136523430270837|0|50560.921875|14.056899964|100.68580218902|-6799|41056||50560.921875|29.75||2943.75|27.5|50560.921875|881057|NOK9821|0|2613|-887.5|||3|3|2|1|1|132|5|["132,18,5,3731"]|14:02:40:922
62|1.1|636136523480195829|0|50565.921875|14.05318242787|100.68343648421|-7054|40645||50565.921875|28.5||2850|26.75|50565.921875|881057|NOK9821|0|2613|-887.5|||3|3|2|1|1|132|5|["132,18,5,3731"]|14:02:45:922
62|1.1|636136523530120821|0|50570.8984375|14.05000133274|100.68146774574|-7267|40293||50570.8984375|28||2781.25|25.75|50570.8984375|881057|NOK9821|0|2613|-887.5|||3|3|2|1|1|132|5|["132,18,5,3731"]|14:02:50:898
62|1.1|636136523580035812|0|50575.8984375|14.04625697456|100.67928443087|-7503|39879||50575.8984375|27.25||2700|25|50575.8984375|881057|NOK9821|0|2613|-925|||3|3|2|1|1|132|5|["132,18,5,3731"]|14:02:55:898
62|1.1|636136523629960804|0|50580.8984375|14.04285057421|100.67734251445|-7713|39502||50580.8984375|26.5||2625|24.25|50580.8984375|881057|NOK9821|0|2613|-925|||3|3|2|1|1|132|5|["132,18,5,3731"]|14:03:00:898
62|1.1|636136523679885796|0|50585.875|14.03943880945|100.675491793|-7913|39125||50585.875|25.75||2550|23.5|50585.875|881057|NOK9821|0|2613|-906.25|||3|3|2|1|1|132|5|["132,18,5,3731"]|14:03:05:875
62|1.1|636136523729810788|0|50590.875|14.03568372245|100.67344258838|-8134|38709||50590.875|25||2468.75|22.75|50590.875|881057|NOK9821|0|2613|-943.75|||3|3|2|1|1|132|5|["132,18,5,3731"]|14:03:10:875
62|1.1|636136523779725779|0|50595.859375|14.03228805092|100.67156504488|-8337|38334||50595.859375|24.5||2406.25|22|50595.859375|881057|NOK9821|0|2613|-925|||3|3|2|1|1|132|5|["132,18,5,3731"]|14:03:15:859
62|1.1|636136523829650771|0|50600.859375|14.02883873529|100.66961776405|-8548|37952||50600.859375|23.75||2337.5|21.25|50600.859375|881057|NOK9821|0|2613|-906.25|||3|3|2|1|1|132|5|["132,18,5,3731"]|14:03:20:859
62|1.1|636136523879575763|0|50605.859375|14.02488516512|100.66741299154|-8786|37515||50605.859375|22.5||2250|20.5|50605.859375|881057|NOK9821|0|2613|-868.75|||3|3|2|1|1|132|5|["132,18,5,3731"]|14:03:25:859
62|1.1|636136523929500755|0|50610.8359375|14.02175771409|100.66568028711|-8974|37169||50610.8359375|22||2193.75|20|50610.8359375|881057|NOK9821|0|2613|-843.75|||3|3|2|1|1|132|5|["132,18,5,3731"]|14:03:30:836
62|1.1|636136523979415746|0|50615.8359375|14.01820647467|100.66373300628|-9184|36776||50615.8359375|21.25||2112.5|19.25|50615.8359375|881057|NOK9821|0|2613|-843.75|||3|3|2|1|1|132|5|["132,18,5,3731"]|14:03:35:836
62|1.1|636136524029340738|0|50620.8203125|14.01439774357|100.66164088638|-9410|36355||50620.8203125|20.75||2031.25|18.5|50620.8203125|881057|NOK9821|0|2613|-868.75|||3|3|2|1|1|132|5|["132,18,5,3731"]|14:03:40:820
62|1.1|636136524079255729|0|50625.8203125|14.01066947862|100.6595594953|-9635|35942||50625.8203125|20||1950|17.75|50625.8203125|881057|NOK9821|0|2613|-906.25|||3|3|2|1|1|132|5|["132,18,5,3731"]|14:03:45:820
62|1.1|636136524129180721|0|50630.8203125|14.00676955255|100.65731180751|-9878|35511||50630.8203125|19||1893.75|17|50630.8203125|881057|NOK9821|0|2613|-887.5|||3|3|2|1|1|132|5|["132,18,5,3731"]|14:03:50:820
62|1.1|636136524179095712|0|50635.796875|14.00369574562|100.65560592513|-10063|35171||50635.796875|18.25||1825|16.25|50635.796875|881057|NOK9821|0|2613|-868.75|||3|3|2|1|1|132|5|["132,18,5,3731"]|14:03:55:797
62|1.1|636136524229020704|0|50640.796875|14.00048246403|100.65377129691|-10261|34815||50640.796875|17.75||1762.5|15.75|50640.796875|881057|NOK9821|0|2613|-825|||3|3|2|1|1|132|5|["132,18,5,3731"]|14:04:00:797
62|1.1|636136524278945696|0|50645.78125|13.99698486871|100.65181865167|-10472|34428||50645.78125|17.25||1700|15|50645.78125|881057|NOK9821|0|2613|-806.25|||3|3|2|1|1|132|5|["132,18,5,3731"]|14:04:05:781
62|1.1|636136524328860687|0|50650.78125|13.99356773954|100.64989282848|-10680|34051||50650.78125|16.5||1618.75|14.25|50650.78125|881057|NOK9821|0|2613|-843.75|||3|3|2|1|1|132|5|["132,18,5,3731"]|14:04:10:781
62|1.1|636136524378785679|0|50655.78125|13.99034909354|100.64809038672|-10875|33695||50655.78125|16||1543.75|13.5|50655.78125|881057|NOK9821|0|2613|-843.75|||3|3|2|1|1|132|5|["132,18,5,3731"]|14:04:15:781
62|1.1|636136524428720672|0|50660.7578125|13.9880209396|100.64666345366|-11029|33437||50660.7578125|15.5||1506.25|13|50660.7578125|881057|NOK9821|0|2613|-787.5|||3|3|2|1|1|132|5|["132,18,5,3731"]|14:04:20:758
62|1.1|636136524478625662|0|50665.7578125|13.98541920075|100.64524188501|-11183|33149||50665.7578125|14.5||1437.5|12.5|50665.7578125|881057|NOK9821|0|2613|-750|||3|3|2|1|1|132|5|["132,18,5,3731"]|14:04:25:758
62|1.1|636136524528560655|0|50670.7421875|13.98256533463|100.64364865524|-11355|32833||50670.7421875|14.25||1400|12|50670.7421875|881057|NOK9821|0|2613|-706.25|||3|3|2|1|1|132|5|["132,18,5,3731"]|14:04:30:742
62|1.1|636136524578475646|0|50675.7421875|13.98012452808|100.64225927305|-11506|32564||50675.7421875|13.75||1350|11.5|50675.7421875|881057|NOK9821|0|2613|-631.25|||3|3|2|1|1|132|5|["132,18,5,3731"]|14:04:35:742
62|1.1|636136524628390637|0|50680.7421875|13.97767299271|100.64084843322|-11658|32292||50680.7421875|13.25||1306.25|11|50680.7421875|881057|NOK9821|0|2613|-612.5|||3|3|2|1|1|132|5|["132,18,5,3731"]|14:04:40:742
62|1.1|636136524678315629|0|50685.71875|13.97514099119|100.63943759339|-11811|32012||50685.71875|12.75||1250|10.5|50685.71875|881057|NOK9821|0|2613|-631.25|||3|3|2|1|1|132|5|["132,18,5,3731"]|14:04:45:719
62|1.1|636136524728260623|0|50690.71875|13.97206718426|100.63777462629|-11990|31672||50690.71875|11.75||1168.75|9.75|50690.71875|881057|NOK9821|0|2613|-668.75|||3|3|2|1|1|132|5|["132,18,5,3731"]|14:04:50:719
62|1.1|636136524778165613|0|50695.6953125|13.96985168293|100.6365461764|-12123|31427||50695.6953125|11.25||1125|9.25|50695.6953125|881057|NOK9821|0|2613|-668.75|||3|3|2|1|1|132|5|["132,18,5,3731"]|14:04:55:695
62|1.1|636136524828080604|0|50700.6953125|13.96724457967|100.63510851452|-12279|31139||50700.6953125|10.75||1062.5|8.75|50700.6953125|881057|NOK9821|0|2613|-687.5|||3|3|2|1|1|132|5|["132,18,5,3731"]|14:05:00:695
62|1.1|636136524878005596|0|50705.6953125|13.96434779827|100.63356356444|-12446|30818||50705.6953125|10.5||1018.75|8.25|50705.6953125|881057|NOK9821|0|2613|-668.75|||3|3|2|1|1|132|5|["132,18,5,3731"]|14:05:05:695
62|1.1|636136524927920587|0|50710.6796875|13.96153684743|100.63204543641|-12610|30507||50710.6796875|10||975|7.75|50710.6796875|881057|NOK9821|0|2613|-650|||3|3|2|1|1|132|5|["132,18,5,3731"]|14:05:10:680
62|1.1|636136524977845579|0|50715.6796875|13.95901021032|100.63062386776|-12764|30228||50715.6796875|9.5||906.25|7|50715.6796875|881057|NOK9821|0|2613|-650|||3|3|2|1|1|132|5|["132,18,5,3731"]|14:05:15:680
62|1.1|636136525027770571|0|50720.65625|13.95620462389|100.62906282445|-12933|29918||50720.65625|9||850|6.5|50720.65625|881057|NOK9821|0|2613|-650|||3|3|2|1|1|132|18|["132,18,5,3731"]|14:05:20:656
62|1.1|636136525077705564|0|50725.65625|13.95387110554|100.62770026431|-13080|29660||50725.65625|8||800|6|50725.65625|881057|NOK9821|0|2613|-650|||3|3|2|1|1|132|5|["132,18,5,3731"]|14:05:25:656
62|1.1|636136525127610554|0|50730.65625|13.95128009551|100.6262465092|-13237|29373||50730.65625|7.5||743.75|5.5|50730.65625|881057|NOK9821|0|2613|-650|||3|3|2|1|1|132|5|["132,18,5,3731"]|14:05:30:656
62|1.1|636136525177535546|0|50735.640625|13.94866762784|100.6247981185|-13394|29084||50735.640625|7.25||700|5|50735.640625|881057|NOK9821|0|2613|-650|||3|3|2|1|1|132|5|["132,18,5,3731"]|14:05:35:641
62|1.1|636136525227450537|0|50740.640625|13.94605516017|100.62331754134|-13554|28795||50740.640625|6.5||631.25|4.25|50740.640625|881057|NOK9821|0|2613|-687.5|||3|3|2|1|1|132|5|["132,18,5,3731"]|14:05:40:641
62|1.1|636136525277375529|0|50745.6171875|13.94326566697|100.62175113362|-13723|28486||50745.6171875|6||575|3.75|50745.6171875|881057|NOK9821|0|2613|-687.5|||3|3|2|1|1|132|5|["132,18,5,3731"]|14:05:45:617
62|1.1|636136525327300521|0|50750.6171875|13.94062637725|100.62027592087|-13883|28195||50750.6171875|5.5||531.25|3.25|50750.6171875|881057|NOK9821|0|2613|-668.75|||3|3|2|1|1|132|5|["132,18,5,3731"]|14:05:50:617
62|1.1|636136525377225513|0|50755.6171875|13.9379173502|100.61874706402|-14048|27895||50755.6171875|5||475|2.75|50755.6171875|881057|NOK9821|0|2613|-650|||3|3|2|1|1|132|5|["132,18,5,3731"]|14:05:55:617
62|1.1|636136525427160506|0|50760.6015625|13.93530488253|100.61727185127|-14208|27606||50760.6015625|4.75||418.75|2.25|50760.6015625|881057|NOK9821|0|2613|-650|||3|3|2|1|1|132|18|["132,18,5,3731"]|14:06:00:602
62|1.1|636136525477065496|0|50765.6015625|13.93265486399|100.61577518088|-14370|27313||50765.6015625|4.25||362.5|1.75|50765.6015625|881057|NOK9821|0|2613|-631.25|||3|3|2|1|1|132|18|["132,18,5,3731"]|14:06:05:602
62|1.1|636136525527000489|0|50770.578125|13.92977954023|100.61416585788|-14544|26995||50770.578125|3.25||312.5|1|50770.578125|881057|NOK9821|0|2613|-650|||3|3|2|1|1|132|5|["132,18,5,3731"]|14:06:10:578
62|1.1|636136525576915480|0|50775.578125|13.92682911473|100.61253507724|-14721|26669||50775.578125|2.5||237.5|0.5|50775.578125|881057|NOK9821|0|2613|-668.75|||3|3|2|1|1|132|5|["132,18,5,3731"]|14:06:15:578
62|1.1|636136525626830471|0|50780.578125|13.92382504513|100.61083455927|-14905|26336||50780.578125|2||175|8191.75|50780.578125|881057|NOK9821|0|2613|-687.5|||3|3|2|1|1|132|5|["132,18,5,3731"]|14:06:20:578
62|1.1|636136525676745462|0|50785.5625|13.92090144168|100.60917159217|-15084|26013||50785.5625|1.75||137.5|8191.25|50785.5625|881057|NOK9821|0|2613|-668.75|||3|3|2|1|1|132|5|["132,18,5,3731"]|14:06:25:563
62|1.1|636136525726680455|0|50790.5625|13.91810658407|100.60767492178|-15246|25704||50790.5625|1.5||118.75|8191|50790.5625|881057|NOK9821|0|2613|-612.5|||3|3|2|1|1|132|5|["132,18,5,3731"]|14:06:30:563
62|1.1|636136525776595446|0|50795.5390625|13.91577306572|100.6063445481|-15390|25446||50795.5390625|1.5||131.25|8191|50795.5390625|881057|NOK9821|0|2613|-450|||3|3|2|1|1|132|5|["132,18,5,3731"]|14:06:35:539
62|1.1|636136525826520438|0|50800.5390625|13.91311768277|100.60485324212|-15551|25152||50800.5390625|1.75||118.75|8191.75|50800.5390625|881057|NOK9821|0|2613|0|||3|3|0|1|1|132|18|["132,18,5,3731"]|14:06:40:539
62|1.1|636136525876445430|0|50805.5390625|13.91049448628|100.60338875819|-15710|24862||50805.5390625|2||100|0|50805.5390625|881057|NOK9821|0|2613|0|||3|3|0|1|1|132|18|["132,18,5,3731"]|14:06:45:539
62|1.1|636136525926360421|0|50810.515625|13.90789274743|100.60194036749|-15867|24574||50810.515625|2||87.5|0|50810.515625|881057|NOK9821|0|2613|0|||3|3|0|1|1|132|18|["132,18,5,3731"]|14:06:50:516
62|1.1|636136525976285413|0|50815.515625|13.90528027976|100.60047051915|-16026|24285||50815.515625|2||0|0|50815.515625|881057|NOK9821|0|2613|0|||3|3|3|1|1|132|18|["132,18,5,3731"]|14:06:55:516
62|1.1|636136526026200404|0|50820.5|13.9026731765|100.59901139963|-16184|23997||50820.5|2||0|0|50820.5|881057|NOK9821|0|2613|0|||3|3|3|1|1|132|18|["132,18,5,3731"]|14:07:00:500
62|1.1|636136526076125396|0|50825.5|13.90005534442|100.59754155129|-16343|23707||50825.5|2||0|0|50825.5|881057|NOK9821|0|2613|0|||3|3|3|1|1|132|18|["132,18,5,3731"]|14:07:05:500
62|1.1|636136526126060389|0|50830.5|13.89742141911|100.59607170295|-16502|23416||50830.5|2||0|0|50830.5|881057|NOK9821|0|2613|0|||3|3|3|1|1|132|18|["132,18,5,3731"]|14:07:10:500
62|1.1|636136526175965379|0|50835.4765625|13.89479822262|100.5945964902|-16661|23126||50835.4765625|2||0|0|50835.4765625|881057|NOK9821|0|2613|0|||3|3|3|1|1|132|18|[]|14:07:15:477
62|1.1|636136526225890371|0|50840.4765625|13.89216966172|100.59312664186|-16820|22835||50840.4765625|2||0|0|50840.4765625|881057|NOK9821|0|2613|0|||3|3|3|1|1|132|18|[]|14:07:20:477
