62|1.1|636136510341742115|0|49252.078125|9.29410318109|99.28045551486|-161563|-485632||49252.078125|33||3275|31|49252.078125|881054|NOK7220|0|1963|-962.5|||3|3|2|1|1|132|210|["132,210,2,2116","132,82,5"]|13:40:52:078
62|1.1|636136510391657106|0|49257.078125|9.28995112775|99.27981715007|-161636|-486092||49257.078125|32||3187.5|30.25|49257.078125|881054|NOK7220|0|1963|-943.75|||3|3|2|1|1|132|210|["132,210,2,2116","132,82,5"]|13:40:57:078
62|1.1|636136510441582098|0|49262.0625|9.2856327777|99.27950064988|-161673|-486570||49262.0625|32.5||3212.5|30|49262.0625|881054|NOK7220|0|1963|-393.75|||3|3|2|1|1|132|83|["132,210,2,2116","132,82,5"]|13:41:02:063
62|1.1|636136510491507090|0|49267.0625|9.28212445356|99.27880864099|-161751|-486959||49267.0625|32.5||3225|30|49267.0625|881054|NOK7220|0|1963|-312.5|||3|3|2|1|1|132|83|["132,210,2,2116","132,82,5"]|13:41:07:063
62|1.1|636136510541422081|0|49272.0625|9.27875023967|99.27604596984|-162057|-487331||49272.0625|32.25||3225|30.75|49272.0625|881054|NOK7220|0|1963|0|||3|3|0|1|1|132|83|["132,210,2,2116","132,82,5"]|13:41:12:063
62|1.1|636136510591347073|0|49277.0390625|9.27524191553|99.27379291764|-162307|-487719||49277.0390625|32.25||3218.75|30.75|49277.0390625|881054|NOK7220|0|1963|0|||3|3|0|1|1|132|83|["132,210,2,2116","132,82,5"]|13:41:17:039
62|1.1|636136510641272065|0|49282.0390625|9.27240414264|99.27054744959|-162666|-488031||49282.0390625|32.25||3200|30.75|49282.0390625|881054|NOK7220|0|1963|0|||3|3|0|1|1|132|210|["132,210,2,2116","132,82,5"]|13:41:22:039
62|1.1|636136510691187056|0|49287.015625|9.26974875969|99.26840705|-162903|-488324||49287.015625|32.25||3225|30.75|49287.015625|881054|NOK7220|0|1963|0|||3|3|0|1|1|132|83|["132,210,2,2116","132,82,5"]|13:41:27:016
62|1.1|636136510741112048|0|49292.015625|9.2671255632|99.26611108252|-163157|-488613||49292.015625|32.25||3237.5|30.75|49292.015625|881054|NOK7220|0|1963|0|||3|3|0|1|1|132|83|["132,210,2,2116","132,82,5"]|13:41:32:016
62|1.1|636136510791057042|0|49297.015625|9.2646042905|99.26382047945|-163411|-488891||49297.015625|32.25||3237.5|30.75|49297.015625|881054|NOK7220|0|1963|0|||3|3|0|1|1|132|83|["132,210,2,2116","132,82,5"]|13:41:37:016
62|1.1|636136510840952031|0|49302|9.26180943289|99.26147623228|-163670|-489199||49302|32||3231.25|30.75|49302|881054|NOK7220|0|1963|0|||3|3|0|1|1|132|210|["132,210,2,2116","132,82,5"]|13:41:42:000
62|1.1|636136510890877023|0|49307|9.25912722789|99.25870283231|-163977|-489495||49307|32||3231.25|30.75|49307|881054|NOK7220|0|1963|0|||3|3|0|1|1|132|210|["132,210,2,2116","132,82,5"]|13:41:47:000
62|1.1|636136510940842019|0|49311.9765625|9.25670251457|99.25684674645|-164183|-489763||49311.9765625|32||3206.25|30.5|49311.9765625|881054|NOK7220|0|1963|0|||3|3|0|1|1|132|210|["132,210,2,2116","132,82,5"]|13:41:51:977
62|1.1|636136510990727007|0|49316.9765625|9.25414905541|99.25439521108|-164454|-490044||49316.9765625|31||3106.25|29.5|49316.9765625|881054|NOK7220|0|1963|-550|||3|3|2|1|1|132|83|["132,210,2,2116","132,82,5"]|13:41:56:977
62|1.1|636136511040641998|0|49321.9765625|9.25160096066|99.2519383113|-164726|-490325||49321.9765625|30.25||3037.5|29|49321.9765625|881054|NOK7220|0|1963|-312.5|||3|3|2|1|1|132|83|["132,210,2,2116","132,82,5"]|13:42:01:977
62|1.1|636136511090566990|0|49326.9609375|9.24907968796|99.24927219953|-165021|-490603||49326.9609375|29.75||2962.5|28.5|49326.9609375|881054|NOK7220|0|1963|-312.5|||3|3|2|1|1|132|210|["132,210,2,2116","132,82,5"]|13:42:06:961
62|1.1|636136511140491982|0|49331.9609375|9.24655305085|99.24684748621|-165289|-490881||49331.9609375|29.5||2887.5|28|49331.9609375|881054|NOK7220|0|1963|-312.5|||3|3|2|1|1|132|82|["132,210,2,2116","132,82,5"]|13:42:11:961
62|1.1|636136511190406973|0|49336.9375|9.24403714256|99.24422965413|-165579|-491158||49336.9375|28.75||2818.75|27|49336.9375|881054|NOK7220|0|1963|-550|||3|3|2|1|1|132|82|["132,210,2,2116","132,82,5"]|13:42:16:938
62|1.1|636136511240331965|0|49341.9375|9.24160170042|99.24200878839|-165824|-491427||49341.9375|27.75||2768.75|26.25|49341.9375|881054|NOK7220|0|1963|-687.5|||3|3|2|1|1|132|83|["132,210,2,2116","132,82,5"]|13:42:21:938
62|1.1|636136511290246956|0|49346.9375|9.23909652095|99.23948215128|-166104|-491703||49346.9375|27.25||2712.5|25.75|49346.9375|881054|NOK7220|0|1963|-668.75|||3|3|2|1|1|132|83|["132,210,2,2116","132,82,5"]|13:42:26:938
62|1.1|636136511340171948|0|49351.921875|9.2368702908|99.23727737877|-166348|-491949||49351.921875|26.75||2668.75|25|49351.921875|881054|NOK7220|0|1963|-687.5|||3|3|2|1|1|132|83|["132,210,2,2116","132,82,5"]|13:42:31:922
62|1.1|636136511390096940|0|49356.921875|9.23442411984|99.23480975017|-166621|-492218||49356.921875|26.25||2606.25|24.5|49356.921875|881054|NOK7220|0|1963|-706.25|||3|3|2|1|1|132|83|["132,210,2,2116","132,82,5"]|13:42:36:922
62|1.1|636136511440021932|0|49361.8984375|9.23185456745|99.23230993511|-166898|-492501||49361.8984375|25.75||2537.5|23.75|49361.8984375|881054|NOK7220|0|1963|-731.25|||3|3|2|1|1|132|82|["132,210,2,2116","132,82,5"]|13:42:41:898
62|1.1|636136511489936923|0|49366.8984375|9.22912944717|99.22979939123|-167176|-492802||49366.8984375|24.75||2462.5|23|49366.8984375|881054|NOK7220|0|1963|-768.75|||3|3|2|1|1|132|83|["132,210,2,2116","132,82,5"]|13:42:46:898
62|1.1|636136511539861915|0|49371.8984375|9.22665645416|99.22733712704|-167448|-493074||49371.8984375|24||2406.25|22.5|49371.8984375|881054|NOK7220|0|1963|-768.75|||3|3|2|1|1|132|83|["132,82,5"]|13:42:51:898
62|1.1|636136511589776906|0|49376.875|9.22421564761|99.22496605782|-167710|-493343||49376.875|23.5||2337.5|21.75|49376.875|881054|NOK7220|0|1963|-768.75|||3|3|2|1|1|132|83|["132,82,5"]|13:42:56:875
62|1.1|636136511639721900|0|49381.875|9.22153880702|99.22230531046|-168005|-493638||49381.875|22.75||2243.75|21.25|49381.875|881054|NOK7220|0|1963|-787.5|||3|3|2|1|1|132|83|["132,82,5"]|13:43:01:875
62|1.1|636136511689626890|0|49386.859375|9.21891561053|99.21975721571|-168287|-493927||49386.859375|22.25||2168.75|20.25|49386.859375|881054|NOK7220|0|1963|-825|||3|3|2|1|1|132|82|["132,82,5"]|13:43:06:859
62|1.1|636136511739541881|0|49391.859375|9.2164318887|99.21737541767|-168551|-494201||49391.859375|21.75||2125|19.75|49391.859375|881054|NOK7220|0|1963|-806.25|||3|3|2|1|1|132|82|["132,82,5"]|13:43:11:859
62|1.1|636136511789466873|0|49396.859375|9.21375504811|99.21478977205|-168837|-494496||49396.859375|20.5||2050|19|49396.859375|881054|NOK7220|0|1963|-806.25|||3|3|2|1|1|132|83|["132,82,5"]|13:43:16:859
62|1.1|636136511839391865|0|49401.8359375|9.21120158895|99.2122416773|-169119|-494778||49401.8359375|20||1975|18.25|49401.8359375|881054|NOK7220|0|1963|-843.75|||3|3|2|1|1|132|83|["132,82,5"]|13:43:21:836
62|1.1|636136511889316857|0|49406.8359375|9.20865885861|99.20974186224|-169395|-495058||49406.8359375|19.5||1912.5|17.75|49406.8359375|881054|NOK7220|0|1963|-806.25|||3|3|2|1|1|132|83|["132,82,5"]|13:43:26:836
62|1.1|636136511939241849|0|49411.8203125|9.20629851821|99.2074137083|-169653|-495318||49411.8203125|19||1881.25|17|49411.8203125|881054|NOK7220|0|1963|-787.5|||3|3|2|1|1|132|83|["132,82,5"]|13:43:31:820
62|1.1|636136511989156840|0|49416.8203125|9.20383088961|99.20502654585|-169918|-495590||49416.8203125|18.5||1818.75|16.5|49416.8203125|881054|NOK7220|0|1963|-768.75|||3|3|2|1|1|132|82|["132,82,5"]|13:43:36:820
62|1.1|636136512039081832|0|49421.8203125|9.20155637977|99.20278958688|-170165|-495841||49421.8203125|17.5||1762.5|16|49421.8203125|881054|NOK7220|0|1963|-731.25|||3|3|2|1|1|132|83|["132,82,5"]|13:43:41:820
62|1.1|636136512089006824|0|49426.796875|9.19965737863|99.20096568748|-170367|-496050||49426.796875|17||1712.5|15.5|49426.796875|881054|NOK7220|0|1963|-668.75|||3|3|2|1|1|132|83|["132,82,5"]|13:43:46:797
62|1.1|636136512138921815|0|49431.796875|9.19741505525|99.19881455907|-170605|-496297||49431.796875|16.5||1643.75|14.75|49431.796875|881054|NOK7220|0|1963|-687.5|||3|3|2|1|1|132|83|["132,82,5"]|13:43:51:797
62|1.1|636136512188836806|0|49436.78125|9.19525319802|99.1966312442|-170847|-496536||49436.78125|16.25||1593.75|14.25|49436.78125|881054|NOK7220|0|1963|-687.5|||3|3|2|1|1|132|83|["132,82,5"]|13:43:56:781
62|1.1|636136512238781800|0|49441.78125|9.19313962048|99.19456058194|-171076|-496768||49441.78125|15.5||1531.25|13.75|49441.78125|881054|NOK7220|0|1963|-668.75|||3|3|2|1|1|132|83|["132,82,5"]|13:44:01:781
62|1.1|636136512288686790|0|49446.78125|9.19090802592|99.1921787839|-171340|-497014||49446.78125|15.25||1475|13.25|49446.78125|881054|NOK7220|0|1963|-631.25|||3|3|2|1|1|132|83|["132,82,5"]|13:44:06:781
62|1.1|636136512338611782|0|49451.7578125|9.18898756714|99.19047826593|-171528|-497226||49451.7578125|14.25||1425|12.75|49451.7578125|881054|NOK7220|0|1963|-650|||3|3|2|1|1|132|83|["132,82,5"]|13:44:11:758
62|1.1|636136512388526773|0|49456.7578125|9.18715293892|99.18867045976|-171728|-497428||49456.7578125|13.75||1381.25|12.25|49456.7578125|881054|NOK7220|0|1963|-650|||3|3|2|1|1|132|83|["132,82,5"]|13:44:16:758
62|1.1|636136512438451765|0|49461.7421875|9.18516810722|99.18675536539|-171940|-497647||49461.7421875|13.5||1331.25|11.75|49461.7421875|881054|NOK7220|0|1963|-650|||3|3|2|1|1|132|83|["132,82,5"]|13:44:21:742
62|1.1|636136512488376757|0|49466.7421875|9.18297942794|99.18464178785|-172174|-497888||49466.7421875|13||1275|11.25|49466.7421875|881054|NOK7220|0|1963|-631.25|||3|3|2|1|1|132|83|["132,82,5"]|13:44:26:742
62|1.1|636136512538291748|0|49471.7421875|9.18096777419|99.18271596466|-172387|-498110||49471.7421875|12.25||1212.5|10.5|49471.7421875|881054|NOK7220|0|1963|-650|||3|3|2|1|1|132|83|["132,82,5"]|13:44:31:742
62|1.1|636136512588216740|0|49476.71875|9.17896148485|99.18076868383|-172603|-498331||49476.71875|11.75||1143.75|10|49476.71875|881054|NOK7220|0|1963|-687.5|||3|3|2|1|1|132|82|["132,82,5"]|13:44:36:719
62|1.1|636136512638141732|0|49481.71875|9.17670843265|99.17859609778|-172843|-498579||49481.71875|11||1093.75|9.5|49481.71875|881054|NOK7220|0|1963|-650|||3|3|2|1|1|132|83|["132,82,5"]|13:44:41:719
62|1.1|636136512688066724|0|49486.6953125|9.17451438896|99.17648252024|-173078|-498821||49486.6953125|10.5||1037.5|8.75|49486.6953125|881054|NOK7220|0|1963|-668.75|||3|3|2|1|1|132|83|["132,82,5"]|13:44:46:695
62|1.1|636136512737991716|0|49491.6953125|9.17232034527|99.17433675624|-173315|-499063||49491.6953125|10||981.25|8.25|49491.6953125|881054|NOK7220|0|1963|-668.75|||3|3|2|1|1|132|83|["132,82,5"]|13:44:51:695
62|1.1|636136512787906707|0|49496.6953125|9.17026041183|99.17234119572|-173536|-499290||49496.6953125|9.75||950|7.75|49496.6953125|881054|NOK7220|0|1963|-650|||3|3|2|1|1|132|83|["132,82,5"]|13:44:56:695
62|1.1|636136512837831699|0|49501.6796875|9.16816829193|99.17032417756|-173759|-499520||49501.6796875|9||887.5|7.25|49501.6796875|881054|NOK7220|0|1963|-650|||3|3|2|1|1|132|82|["132,82,5"]|13:45:01:680
62|1.1|636136512887746690|0|49506.6796875|9.1660600788|99.16825887971|-173988|-499753||49506.6796875|8.5||818.75|6.75|49506.6796875|881054|NOK7220|0|1963|-668.75|||3|3|2|1|1|132|82|["132,82,5"]|13:45:06:680
62|1.1|636136512937671682|0|49511.65625|9.16378020455|99.16600582751|-174238|-500004||49511.65625|7.75||762.5|6|49511.65625|881054|NOK7220|0|1963|-687.5|||3|3|2|1|1|132|83|["132,82,5"]|13:45:11:656
62|1.1|636136512987596674|0|49516.65625|9.1615539744|99.16380641941|-174481|-500250||49516.65625|7.25||693.75|5.5|49516.65625|881054|NOK7220|0|1963|-687.5|||3|3|2|1|1|132|83|["132,82,5"]|13:45:16:656
62|1.1|636136513037511665|0|49521.65625|9.15929019338|99.16157482485|-174728|-500499||49521.65625|6.75||643.75|5|49521.65625|881054|NOK7220|0|1963|-706.25|||3|3|2|1|1|132|83|["132,82,5"]|13:45:21:656
62|1.1|636136513087436657|0|49526.640625|9.15719270907|99.15946661172|-174961|-500730||49526.640625|6.25||600|4.5|49526.640625|881054|NOK7220|0|1963|-668.75|||3|3|2|1|1|132|82|["132,82,5"]|13:45:26:641
62|1.1|636136513137361649|0|49531.640625|9.15504694507|99.15733157654|-175198|-500966||49531.640625|5.5||525|3.75|49531.640625|881054|NOK7220|0|1963|-687.5|||3|3|2|1|1|132|82|["132,82,5"]|13:45:31:641
62|1.1|636136513187286641|0|49536.6171875|9.15278852846|99.15512143962|-175442|-501215||49536.6171875|4.5||456.25|3|49536.6171875|881054|NOK7220|0|1963|-768.75|||3|3|2|1|1|132|83|["132,82,5"]|13:45:36:617
62|1.1|636136513237201632|0|49541.6171875|9.15056766272|99.15299713326|-175678|-501460||49541.6171875|4.25||400|2.5|49541.6171875|881054|NOK7220|0|1963|-731.25|||3|3|2|1|1|132|83|["132,82,5"]|13:45:41:617
62|1.1|636136513287116623|0|49546.6171875|9.14836289021|99.15085136926|-175915|-501703||49546.6171875|3.75||356.25|2|49546.6171875|881054|NOK7220|0|1963|-668.75|||3|3|2|1|1|132|83|["132,82,5"]|13:45:46:617
62|1.1|636136513337041615|0|49551.6015625|9.14614202447|99.14871096967|-176153|-501948||49551.6015625|3.25||306.25|1.5|49551.6015625|881054|NOK7220|0|1963|-650|||3|3|2|1|1|132|83|["132,82,5"]|13:45:51:602
62|1.1|636136513386966607|0|49556.6015625|9.14389433668|99.14653301921|-176394|-502195||49556.6015625|2.5||218.75|0.75|49556.6015625|881054|NOK7220|0|1963|-706.25|||3|3|2|1|1|132|83|["132,82,5"]|13:45:56:602
62|1.1|636136513436881598|0|49561.578125|9.14165737771|99.14434433993|-176636|-502442||49561.578125|2||150|0|49561.578125|881054|NOK7220|0|1963|-731.25|||3|3|2|1|1|132|82|["132,82,5"]|13:46:01:578
62|1.1|636136513486826592|0|49566.578125|9.13944724079|99.14218784711|-176875|-502685||49566.578125|1.5||100|8191.5|49566.578125|881054|NOK7220|0|1963|-731.25|||3|3|2|1|1|132|83|["132,82,5"]|13:46:06:578
62|1.1|636136513536731582|0|49571.578125|9.13696351896|99.13976313379|-177143|-502959||49571.578125|1||50|8191|49571.578125|881054|NOK7220|0|1963|-668.75|||3|3|2|1|1|132|83|["132,82,5"]|13:46:11:578
62|1.1|636136513586656574|0|49576.5625|9.13471583117|99.1375690901|-177386|-503207||49576.5625|1||68.75|8190.75|49576.5625|881054|NOK7220|0|1963|-568.75|||3|3|2|1|1|132|82|["132,82,5"]|13:46:16:563
62|1.1|636136513636571565|0|49581.5625|9.13248423661|99.13539650405|-177627|-503453||49581.5625|1.25||125|8191.5|49581.5625|881054|NOK7220|0|1963|0|||3|3|0|1|1|132|82|["132,82,5"]|13:46:21:563
62|1.1|636136513686496557|0|49586.5390625|9.13035993025|99.13329901974|-177859|-503687||49586.5390625|1.5||175|0.25|49586.5390625|881054|NOK7220|0|1963|0|||3|3|0|1|1|132|82|["132,82,5"]|13:46:26:539
62|1.1|636136513736411548|0|49591.5390625|9.1283482765|99.13127663717|-178083|-503908||49591.5390625|1.75||218.75|0.5|49591.5390625|881054|NOK7220|0|1963|0|||3|3|0|1|1|132|82|["132,82,5"]|13:46:31:539
62|1.1|636136513786336540|0|49596.5390625|9.12817661538|99.13056853505|-178161|-503927||49596.5390625|1.75||200|0.5|49596.5390625|881054|NOK7220|0|1963|0|||3|3|0|1|1|132|82|["132,82,5"]|13:46:36:539
62|1.1|636136513836111517|0|49601.515625|9.12845020029|99.13082602673|-178132|-503897||49601.515625|1.75||212.5|0|49601.515625|881054|NOK7220|0|1963|0|||3|3|0|1|1|132|82|["132,82,5"]|13:46:41:516
62|1.1|636136513886186524|0|49606.515625|9.12831072563|99.1309172217|-178123|-503913||49606.515625|1.75||206.25|0|49606.515625|881054|NOK7220|0|1963|0|||3|3|0|1|1|132|82|["132,82,5"]|13:46:46:516
62|1.1|636136513935951500|0|49611.5|9.12821416625|99.13106206077|-178107|-503923||49611.5|1.75||200|0|49611.5|881054|NOK7220|0|1963|0|||3|3|0|1|1|132|82|["132,82,5"]|13:46:51:500
62|1.1|636136513986026507|0|49616.5|9.12816588656|99.13121226425|-178090|-503929||49616.5|1.75||193.75|0|49616.5|881054|NOK7220|0|1963|0|||3|3|0|1|1|132|82|["132,82,5"]|13:46:56:500
62|1.1|636136514035941498|0|49621.5|9.12820880184|99.13127127276|-178084|-503924||49621.5|1.75||187.5|0|49621.5|881054|NOK7220|0|1963|0|||3|3|0|1|1|132|82|["132,82,5"]|13:47:01:500
62|1.1|636136514085866490|0|49626.4765625|9.12826244594|99.13122835748|-178088|-503918||49626.4765625|1.75||187.5|0|49626.4765625|881054|NOK7220|0|1963|0|||3|3|0|1|1|132|82|["132,82,5"]|13:47:06:477
62|1.1|636136514135631466|0|49631.4765625|9.12774746258|99.12958684802|-178270|-503974||49631.4765625|1.75||175|0|49631.4765625|881054|NOK7220|0|1963|0|||3|3|0|1|1|132|82|["132,82,5"]|13:47:11:477
62|1.1|636136514185566459|0|49636.4609375|9.12753825059|99.1291469664|-178318|-503997||49636.4609375|1.75||181.25|0|49636.4609375|881054|NOK7220|0|1963|0|||3|3|0|1|1|132|82|["132,82,5"]|13:47:16:461
62|1.1|636136514235471449|0|49641.4609375|9.1274363268|99.12786487241|-178459|-504008||49641.4609375|1.75||181.25|0|49641.4609375|881054|NOK7220|0|1963|0|||3|3|0|1|1|132|82|["132,82,5"]|13:47:21:461
62|1.1|636136514285396441|0|49646.4609375|9.12739877593|99.12758592309|-178490|-504011||49646.4609375|1.75||181.25|0|49646.4609375|881054|NOK7220|0|1963|0|||3|3|0|1|1|132|82|["132,82,5"]|13:47:26:461
62|1.1|636136514335321433|0|49651.4375|9.12772064053|99.12664715134|-178593|-503975||49651.4375|1.75||181.25|0|49651.4375|881054|NOK7220|0|1963|0|||3|3|0|1|1|132|82|["132,82,5"]|13:47:31:438
62|1.1|636136514385246425|0|49656.4375|9.1277581914|99.12652376991|-178607|-503971||49656.4375|1.75||181.25|0|49656.4375|881054|NOK7220|0|1963|0|||3|3|0|1|1|132|82|["132,82,5"]|13:47:36:438
62|1.1|636136514435161416|0|49661.421875|9.1279727678|99.12574056605|-178693|-503947||49661.421875|1.75||187.5|0|49661.421875|881054|NOK7220|0|1963|0|||3|3|0|1|1|132|82|["132,82,5"]|13:47:41:422
62|1.1|636136514485086408|0|49666.421875|9.12799422544|99.12574593046|-178692|-503944||49666.421875|1.75||181.25|0|49666.421875|881054|NOK7220|0|1963|0|||3|3|0|1|1|132|82|["132,82,5"]|13:47:46:422
62|1.1|636136514535011400|0|49671.421875|9.12882570899|99.12537042176|-178733|-503852||49671.421875|1.75||181.25|0|49671.421875|881054|NOK7220|0|1963|0|||3|3|0|1|1|132|82|["132,82,5"]|13:47:51:422
62|1.1|636136514584926391|0|49676.3984375|9.1290456498|99.12564937108|-178702|-503828||49676.3984375|1.75||181.25|0|49676.3984375|881054|NOK7220|0|1963|0|||3|3|0|1|1|132|82|["132,82,5"]|13:47:56:398
62|1.1|636136514634851383|0|49681.3984375|9.1316742107|99.12814382173|-178426|-503538||49681.3984375|1.75||175|0|49681.3984375|881054|NOK7220|0|1963|0|||3|3|0|1|1|132|82|["132,82,5"]|13:48:01:398
62|1.1|636136514684776375|0|49686.375|9.13135771051|99.12951174628|-178276|-503574||49686.375|1.75||175|0|49686.375|881054|NOK7220|0|1963|0|||3|3|0|1|1|132|82|["132,82,5"]|13:48:06:375
62|1.1|636136514734701367|0|49691.375|9.13214627878|99.13025203486|-178193|-503487||49691.375|1.75||175|0|49691.375|881054|NOK7220|0|1963|0|||3|3|0|1|1|132|82|["132,82,5"]|13:48:11:375
62|1.1|636136514784616358|0|49696.375|9.13288656736|99.1309708658|-178114|-503406||49696.375|1.75||175|0|49696.375|881054|NOK7220|0|1963|0|||3|3|0|1|1|132|82|[]|13:48:16:375
62|1.1|636136514834541350|0|49701.359375|9.13358930507|99.13164678146|-178039|-503328||49701.359375|1.75||181.25|0|49701.359375|881054|NOK7220|0|1963|0|||3|3|0|1|1|132|82|[]|13:48:21:359
