62|1.1|636136522288316653|0|50445.8984375|6.75719322594|101.12027648374|41223|-767292||50445.8984375|31.5||3112.5|29.5|50445.8984375|881b89|ICON|0|2433|943.75|||3|3|1|1|1|132|50|["132,50,5"]|14:00:45:898
62|1.1|636136522319519773|0|50449.859375|6.75585212344|101.11814144856|40987|-767441||50449.859375|31.5||3168.75|29.5|50449.859375|881b89|ICON|0|2433|943.75|||3|3|1|1|1|132|50|["132,50,5"]|14:00:49:859
62|1.1|636136522369444765|0|50454.8359375|6.75596477605|101.11563626909|40709|-767429||50454.8359375|32||3268.75|30.5|50454.8359375|881b89|ICON|0|2433|868.75|||3|3|1|1|1|132|50|["132,50,5"]|14:00:54:836
62|1.1|636136522419359756|0|50459.8359375|6.75820173502|101.11373190354|40497|-767181||50459.8359375|32.75||3343.75|31.25|50459.8359375|881b89|ICON|0|2433|843.75|||3|3|1|1|1|132|50|["132,50,5"]|14:00:59:836
62|1.1|636136522469284748|0|50464.8203125|6.75819637061|101.11163441923|40265|-767182||50464.8203125|33.25||3393.75|32.25|50464.8203125|881b89|ICON|0|2433|825|||3|3|1|1|1|132|50|["132,50,5"]|14:01:04:820
62|1.1|636136522519209740|0|50469.8203125|6.76167250829|101.11050252872|40138|-766796||50469.8203125|34||3450|32.5|50469.8203125|881b89|ICON|0|2433|825|||3|3|1|1|1|132|50|["132,50,5"]|14:01:09:820
62|1.1|636136522569144733|0|50474.8203125|6.76055671101|101.1077559508|39834|-766920||50474.8203125|34.5||3512.5|33.25|50474.8203125|881b89|ICON|0|2433|787.5|||3|3|1|1|1|132|50|["132,50,5"]|14:01:14:820
62|1.1|636136522619049723|0|50479.796875|6.75990225299|101.10505228816|39534|-766993||50479.796875|35.75||3562.5|33.75|50479.796875|881b89|ICON|0|2433|768.75|||3|3|1|1|1|132|50|["132,50,5"]|14:01:19:797
62|1.1|636136522668964714|0|50484.796875|6.75950528665|101.10257929515|39259|-767037||50484.796875|36.25||3618.75|34.5|50484.796875|881b89|ICON|0|2433|750|||3|3|1|1|1|132|50|["132,50,5"]|14:01:24:797
62|1.1|636136522718899707|0|50489.78125|6.7598539733|101.10030478531|39007|-766999||50489.78125|37||3700|35.25|50489.78125|881b89|ICON|0|2433|787.5|||3|3|1|1|1|132|50|["132,50,5"]|14:01:29:781
62|1.1|636136522768814698|0|50494.78125|6.75994516827|101.09803563988|38755|-766989||50494.78125|37.75||3781.25|36.25|50494.78125|881b89|ICON|0|2433|825|||3|3|1|1|1|132|50|["132,50,5"]|14:01:34:781
62|1.1|636136522818739690|0|50499.78125|6.76082493151|101.0959542488|38524|-766892||50499.78125|38.25||3862.5|36.5|50499.78125|881b89|ICON|0|2433|825|||3|3|1|1|1|132|50|["132,50,5"]|14:01:39:781
62|1.1|636136522868674683|0|50504.7578125|6.76057816865|101.09361000163|38264|-766919||50504.7578125|38.75||3893.75|37.25|50504.7578125|881b89|ICON|0|2433|787.5|||3|3|1|1|1|132|50|["132,50,5"]|14:01:44:758
62|1.1|636136522918579673|0|50509.7578125|6.76100732145|101.09143205117|38022|-766872||50509.7578125|39.25||3956.25|37.75|50509.7578125|881b89|ICON|0|2433|731.25|||3|3|1|1|1|132|50|["132,50,5"]|14:01:49:758
62|1.1|636136522968504665|0|50514.7421875|6.76106632996|101.08918972779|37774|-766866||50514.7421875|40||4018.75|38.25|50514.7421875|881b89|ICON|0|2433|750|||3|3|1|1|1|132|50|["132,50,5"]|14:01:54:742
62|1.1|636136523018419656|0|50519.7421875|6.76129163518|101.08703859938|37535|-766841||50519.7421875|40.5||4081.25|39.25|50519.7421875|881b89|ICON|0|2433|750|||3|3|1|1|1|132|50|["132,50,5"]|14:01:59:742
62|1.1|636136523068344648|0|50524.7421875|6.76087857561|101.08483382687|37290|-766887||50524.7421875|41.25||4150|39.5|50524.7421875|881b89|ICON|0|2433|768.75|||3|3|1|1|1|132|50|["132,50,5"]|14:02:04:742
62|1.1|636136523118269640|0|50529.71875|6.75972522746|101.0828114443|37066|-767015||50529.71875|41.75||4218.75|40.25|50529.71875|881b89|ICON|0|2433|768.75|||3|3|1|1|1|132|50|["132,50,5"]|14:02:09:719
62|1.1|636136523168204633|0|50534.71875|6.75827147235|101.0809875449|36864|-767177||50534.71875|42.25||4281.25|40.75|50534.71875|881b89|ICON|0|2433|750|||3|3|1|1|1|132|50|["132,50,5"]|14:02:14:719
62|1.1|636136523218109623|0|50539.6953125|6.7574399888|101.07915828109|36661|-767270||50539.6953125|42.75||4331.25|41.25|50539.6953125|881b89|ICON|0|2433|706.25|||3|3|1|1|1|132|50|["132,50,5"]|14:02:19:695
62|1.1|636136523268024614|0|50544.6953125|6.75647975941|101.07735583933|36461|-767376||50544.6953125|43.5||4406.25|42.25|50544.6953125|881b89|ICON|0|2433|731.25|||3|3|1|1|1|132|50|["132,50,5"]|14:02:24:695
62|1.1|636136523317949606|0|50549.6953125|6.75543369946|101.07558021962|36264|-767492||50549.6953125|44||4456.25|42.25|50549.6953125|881b89|ICON|0|2433|0|||3|3|0|1|1|132|50|["132,50,5"]|14:02:29:695
62|1.1|636136523367874598|0|50554.6796875|6.75450565653|101.07397089662|36086|-767596||50554.6796875|44.5||4518.75|42.25|50554.6796875|881b89|ICON|0|2433|0|||3|3|0|1|1|132|50|["132,50,5"]|14:02:34:680
62|1.1|636136523417799590|0|50559.6796875|6.75302507937|101.07263515853|35938|-767760||50559.6796875|45||4575|42.75|50559.6796875|881b89|ICON|0|2433|0|||3|3|0|1|1|132|50|["132,50,5"]|14:02:39:680
62|1.1|636136523467714581|0|50564.65625|6.75063255251|101.0721362684|35883|-768026||50564.65625|46||4606.25|44.25|50564.65625|881b89|ICON|0|2433|0|||3|3|0|1|1|132|50|["132,50,5"]|14:02:44:656
62|1.1|636136523517639573|0|50569.65625|6.74875500901|101.0711706746|35776|-768234||50569.65625|46||4656.25|44.25|50569.65625|881b89|ICON|0|2433|0|||3|3|0|1|1|132|50|["132,50,5"]|14:02:49:656
62|1.1|636136523567584567|0|50574.65625|6.74654487209|101.07065569124|35719|-768480||50574.65625|47||4700|45.25|50574.65625|881b89|ICON|0|2433|0|||3|3|0|1|1|132|50|["132,50,5"]|14:02:54:656
62|1.1|636136523617479556|0|50579.640625|6.74454394716|101.0699905044|35645|-768702||50579.640625|47||4750|45.25|50579.640625|881b89|ICON|0|2433|0|||3|3|0|1|1|132|50|["132,50,5"]|14:02:59:641
62|1.1|636136523667414549|0|50584.640625|6.74177054719|101.06927167346|35566|-769010||50584.640625|47||4687.5|45|50584.640625|881b89|ICON|0|2433|0|||3|3|0|1|1|132|50|["132,50,5"]|14:03:04:641
62|1.1|636136523717329540|0|50589.6171875|6.73963551201|101.06857430016|35489|-769247||50589.6171875|47||4687.5|45|50589.6171875|881b89|ICON|0|2433|0|||3|3|0|1|1|132|50|["132,50,5"]|14:03:09:617
62|1.1|636136523767244531|0|50594.6171875|6.73642223042|101.06788229127|35412|-769604||50594.6171875|47||4668.75|45|50594.6171875|881b89|ICON|0|2433|0|||3|3|0|1|1|132|50|["132,50,5"]|14:03:14:617
62|1.1|636136523817169523|0|50599.6171875|6.73542981457|101.06799494388|35425|-769714||50599.6171875|47||4725|45|50599.6171875|881b89|ICON|0|2433|0|||3|3|0|1|1|132|50|["132,50,5"]|14:03:19:617
62|1.1|636136523867094515|0|50604.6015625|6.73262959255|101.0678983845|35415|-770025||50604.6015625|47||4693.75|45|50604.6015625|881b89|ICON|0|2433|0|||3|3|0|1|1|132|50|["132,50,5"]|14:03:24:602
62|1.1|636136523917049510|0|50609.6015625|6.72926074307|101.06802176593|35429|-770398||50609.6015625|47||4668.75|45|50609.6015625|881b89|ICON|0|2433|0|||3|3|0|1|1|132|50|["132,50,5"]|14:03:29:602
62|1.1|636136523966934498|0|50614.578125|6.72668046186|101.06939505489|35581|-770685||50614.578125|47||4668.75|45|50614.578125|881b89|ICON|0|2433|0|||3|3|0|1|1|132|50|["132,50,5"]|14:03:34:578
62|1.1|636136524016849489|0|50619.578125|6.72429866382|101.07111166609|35772|-770949||50619.578125|47||4668.75|45|50619.578125|881b89|ICON|0|2433|0|||3|3|0|1|1|132|50|["132,50,5"]|14:03:39:578
62|1.1|636136524066774481|0|50624.578125|6.72212607777|101.07294629431|35976|-771190||50624.578125|47||4675|45|50624.578125|881b89|ICON|0|2433|0|||3|3|0|1|1|132|50|["132,50,5"]|14:03:44:578
62|1.1|636136524116699473|0|50629.5625|6.71977646619|101.07466826992|36167|-771451||50629.5625|47||4675|45|50629.5625|881b89|ICON|0|2433|0|||3|3|0|1|1|132|50|["132,50,5"]|14:03:49:563
62|1.1|636136524166624465|0|50634.5625|6.7171532697|101.07638488112|36358|-771742||50634.5625|47||4668.75|45|50634.5625|881b89|ICON|0|2433|0|||3|3|0|1|1|132|50|["132,50,5"]|14:03:54:563
62|1.1|636136524216539456|0|50639.5390625|6.71493776837|101.0784662722|36589|-771987||50639.5390625|47||4681.25|45|50639.5390625|881b89|ICON|0|2433|0|||3|3|0|1|1|132|50|["132,50,5"]|14:03:59:539
62|1.1|636136524266464448|0|50644.5390625|6.71258279238|101.08056375651|36822|-772248||50644.5390625|47||4681.25|45|50644.5390625|881b89|ICON|0|2433|0|||3|3|0|1|1|132|50|["132,50,5"]|14:04:04:539
62|1.1|636136524316389440|0|50649.5390625|6.71052285894|101.0834551735|37143|-772477||50649.5390625|47||4681.25|45|50649.5390625|881b89|ICON|0|2433|0|||3|3|0|1|1|132|50|["132,50,5"]|14:04:09:539
62|1.1|636136524366304431|0|50654.515625|6.70874723923|101.08600326825|37426|-772674||50654.515625|47||4687.5|45|50654.515625|881b89|ICON|0|2433|0|||3|3|0|1|1|132|50|["132,50,5"]|14:04:14:516
62|1.1|636136524416229423|0|50659.515625|6.70675704312|101.08859427828|37714|-772894||50659.515625|47||4675|45|50659.515625|881b89|ICON|0|2433|0|||3|3|0|1|1|132|50|["132,50,5"]|14:04:19:516
62|1.1|636136524466174417|0|50664.5|6.70568416112|101.0917163649|38061|-773013||50664.5|47||4668.75|45|50664.5|881b89|ICON|0|2433|0|||3|3|0|1|1|132|50|["132,50,5"]|14:04:24:500
62|1.1|636136524516079407|0|50669.5|6.70515844894|101.09506375674|38432|-773071||50669.5|47||4675|45|50669.5|881b89|ICON|0|2433|0|||3|3|0|1|1|132|50|["132,50,5"]|14:04:29:500
62|1.1|636136524565994398|0|50674.5|6.70441279595|101.09828776715|38790|-773153||50674.5|47||4681.25|45|50674.5|881b89|ICON|0|2433|0|||3|3|0|1|1|132|50|["132,50,5"]|14:04:34:500
62|1.1|636136524615909389|0|50679.4765625|6.70425186365|101.10173708278|39173|-773171||50679.4765625|47||4693.75|45|50679.4765625|881b89|ICON|0|2433|0|||3|3|0|1|1|132|50|["132,50,5"]|14:04:39:477
62|1.1|636136524665834381|0|50684.4765625|6.70435378744|101.10526150015|39564|-773159||50684.4765625|47||4700|45|50684.4765625|881b89|ICON|0|2433|0|||3|3|0|1|1|132|50|["132,50,5"]|14:04:44:477
62|1.1|636136524715759373|0|50689.4609375|6.70410702458|101.10857670553|39932|-773186||50689.4609375|47||4675|45|50689.4609375|881b89|ICON|0|2433|0|||3|3|0|1|1|132|50|["132,50,5"]|14:04:49:461
62|1.1|636136524765684365|0|50694.4609375|6.70383343967|101.1115646819|40264|-773216||50694.4609375|47||4662.5|45|50694.4609375|881b89|ICON|0|2433|0|||3|3|0|1|1|132|50|["132,50,5"]|14:04:54:461
62|1.1|636136524815599356|0|50699.4609375|6.70618841566|101.11518029424|40664|-772954||50699.4609375|47||4681.25|45|50699.4609375|881b89|ICON|0|2433|0|||3|3|0|1|1|132|50|["132,50,5"]|14:04:59:461
62|1.1|636136524865524348|0|50704.4375|6.70919784967|101.11827555881|41007|-772620||50704.4375|47||4668.75|45|50704.4375|881b89|ICON|0|2433|0|||3|3|0|1|1|132|50|["132,50,5"]|14:05:04:438
62|1.1|636136524915439339|0|50709.4375|6.71084472354|101.12103286555|41313|-772437||50709.4375|47||4650|45|50709.4375|881b89|ICON|0|2433|0|||3|3|0|1|1|132|50|["132,50,5"]|14:05:09:438
62|1.1|636136524965364331|0|50714.421875|6.71252378387|101.12383845198|41625|-772250||50714.421875|47||4631.25|45|50714.421875|881b89|ICON|0|2433|0|||3|3|0|1|1|132|50|[]|14:05:14:422
62|1.1|636136525015289323|0|50719.421875|6.71422430184|101.12668158928|41940|-772061||50719.421875|47||4612.5|45|50719.421875|881b89|ICON|0|2433|0|||3|3|0|1|1|132|50|[]|14:05:19:422
62|1.1|636136525495777367|0|50766.2578125|6.74706521986|101.11646238823|40802|-768417||50766.2578125|47||4687.5|45|50766.2578125|881b89|ICON|0|2377|0|||3|3|0|1|1|132|50|["132,50,5"]|14:06:06:258
62|1.1|636136525514499239|0|50769.3359375|6.74759093204|101.11514274337|40655|-768359||50769.3359375|47||4656.25|45|50769.3359375|881b89|ICON|0|2377|0|||3|3|0|1|1|132|50|["132,50,5"]|14:06:09:336
62|1.1|636136525564424231|0|50774.3359375|6.74854579702|101.112691208|40383|-768253||50774.3359375|47||4693.75|45|50774.3359375|881b89|ICON|0|2377|0|||3|3|0|1|1|132|50|["132,50,5"]|14:06:14:336
62|1.1|636136525614349223|0|50779.3203125|6.75006928946|101.11051862195|40142|-768084||50779.3203125|47||4700|45|50779.3203125|881b89|ICON|0|2377|0|||3|3|0|1|1|132|50|["132,50,5"]|14:06:19:320
62|1.1|636136525664274215|0|50784.3203125|6.75090613742|101.10792761192|39854|-767991||50784.3203125|47||4693.75|45|50784.3203125|881b89|ICON|0|2377|0|||3|3|0|1|1|132|50|["132,50,5"]|14:06:24:320
62|1.1|636136525714209208|0|50789.296875|6.75248327396|101.10557800034|39593|-767816||50789.296875|47||4700|45|50789.296875|881b89|ICON|0|2377|0|||3|3|0|1|1|132|50|["132,50,5"]|14:06:29:297
62|1.1|636136525764114198|0|50794.296875|6.75380291882|101.1031425582|39323|-767670||50794.296875|47||4700|45|50794.296875|881b89|ICON|0|2377|0|||3|3|0|1|1|132|50|["132,50,5"]|14:06:34:297
62|1.1|636136525814039190|0|50799.296875|6.75527276716|101.10049253966|39029|-767508||50799.296875|47||4706.25|45|50799.296875|881b89|ICON|0|2377|0|||3|3|0|1|1|132|50|["132,50,5"]|14:06:39:297
62|1.1|636136525863954181|0|50804.28125|6.7560988863|101.09781033466|38731|-767416||50804.28125|47||4693.75|45|50804.28125|881b89|ICON|0|2377|0|||3|3|0|1|1|132|50|["132,50,5"]|14:06:44:281
62|1.1|636136525913879173|0|50809.28125|6.7569035478|101.09513349407|38434|-767327||50809.28125|47||4693.75|45|50809.28125|881b89|ICON|0|2377|0|||3|3|0|1|1|132|50|["132,50,5"]|14:06:49:281
62|1.1|636136525963804165|0|50814.2578125|6.75747753967|101.09240837379|38131|-767264||50814.2578125|47||4687.5|45|50814.2578125|881b89|ICON|0|2377|0|||3|3|0|1|1|132|50|["132,50,5"]|14:06:54:258
62|1.1|636136526013729157|0|50819.2578125|6.75779403986|101.08969398233|37830|-767229||50819.2578125|47||4693.75|45|50819.2578125|881b89|ICON|0|2377|0|||3|3|0|1|1|132|50|["132,50,5"]|14:06:59:258
62|1.1|636136526063644148|0|50824.2578125|6.75738098029|101.08696886205|37528|-767275||50824.2578125|47||4706.25|45|50824.2578125|881b89|ICON|0|2377|0|||3|3|0|1|1|132|50|["132,50,5"]|14:07:04:258
62|1.1|636136526113579141|0|50829.2421875|6.75691964103|101.08449050463|37253|-767327||50829.2421875|47||4725|45|50829.2421875|881b89|ICON|0|2377|0|||3|3|0|1|1|132|50|["132,50,5"]|14:07:09:242
62|1.1|636136526163484131|0|50834.2421875|6.75592722518|101.08221063038|37000|-767437||50834.2421875|47||4731.25|45|50834.2421875|881b89|ICON|0|2377|0|||3|3|0|1|1|132|50|["132,50,5"]|14:07:14:242
62|1.1|636136526213409123|0|50839.21875|6.75473096175|101.08028480719|36786|-767570||50839.21875|47||4737.5|45.25|50839.21875|881b89|ICON|0|2377|0|||3|3|0|1|1|132|50|["132,50,5"]|14:07:19:219
62|1.1|636136526263334115|0|50844.21875|6.75329329987|101.07860574686|36600|-767730||50844.21875|47||4737.5|45|50844.21875|881b89|ICON|0|2377|0|||3|3|0|1|1|132|50|["132,50,5"]|14:07:24:219
62|1.1|636136526313249106|0|50849.21875|6.75139966314|101.07677111864|36397|-767940||50849.21875|47||4737.5|45|50849.21875|881b89|ICON|0|2377|0|||3|3|0|1|1|132|50|["132,50,5"]|14:07:29:219
62|1.1|636136526363174098|0|50854.1953125|6.74954357728|101.0748721175|36187|-768147||50854.1953125|47||4718.75|45|50854.1953125|881b89|ICON|0|2377|0|||3|3|0|1|1|132|50|["132,50,5"]|14:07:34:195
62|1.1|636136526413099090|0|50859.1953125|6.74757483881|101.07319305717|36000|-768365||50859.1953125|47||4731.25|45|50859.1953125|881b89|ICON|0|2377|0|||3|3|0|1|1|132|50|["132,50,5"]|14:07:39:195
62|1.1|636136526463014081|0|50864.1796875|6.74513403226|101.07199142933|35867|-768636||50864.1796875|47||4675|45|50864.1796875|881b89|ICON|0|2377|0|||3|3|0|1|1|132|50|["132,50,5"]|14:07:44:180
62|1.1|636136526512939073|0|50869.1796875|6.74230698819|101.07084344559|35740|-768950||50869.1796875|47||4662.5|45|50869.1796875|881b89|ICON|0|2377|0|||3|3|0|1|1|132|50|["132,50,5"]|14:07:49:180
62|1.1|636136526562864065|0|50874.1796875|6.73951749499|101.07009242819|35657|-769260||50874.1796875|47||4668.75|45|50874.1796875|881b89|ICON|0|2377|0|||3|3|0|1|1|132|50|["132,50,5"]|14:07:54:180
62|1.1|636136526612779056|0|50879.15625|6.73696940024|101.06946479222|35588|-769543||50879.15625|47||4687.5|45|50879.15625|881b89|ICON|0|2377|0|||3|3|0|1|1|132|50|["132,50,5"]|14:07:59:156
62|1.1|636136526662704048|0|50884.15625|6.73422818673|101.06907319029|35545|-769847||50884.15625|47||4687.5|45|50884.15625|881b89|ICON|0|2377|0|||3|3|0|1|1|132|50|["132,50,5"]|14:08:04:156
62|1.1|636136526712629040|0|50889.140625|6.73127239682|101.06976519918|35622|-770175||50889.140625|47||4681.25|45|50889.140625|881b89|ICON|0|2377|0|||3|3|0|1|1|132|50|["132,50,5"]|14:08:09:141
62|1.1|636136526762544031|0|50894.140625|6.72900325139|101.07075761503|35732|-770427||50894.140625|47||4700|45|50894.140625|881b89|ICON|0|2377|0|||3|3|0|1|1|132|50|["132,50,5"]|14:08:14:141
62|1.1|636136526812469023|0|50899.140625|6.72652489397|101.07247959064|35923|-770702||50899.140625|47||4693.75|45|50899.140625|881b89|ICON|0|2377|0|||3|3|0|1|1|132|50|["132,50,5"]|14:08:19:141
62|1.1|636136526862394015|0|50904.1171875|6.72400898568|101.07383678637|36074|-770981||50904.1171875|47||4687.5|45|50904.1171875|881b89|ICON|0|2377|0|||3|3|0|1|1|132|50|["132,50,5"]|14:08:24:117
62|1.1|636136526912309006|0|50909.1171875|6.72170765379|101.07560704167|36271|-771236||50909.1171875|47||4681.25|45|50909.1171875|881b89|ICON|0|2377|0|||3|3|0|1|1|132|50|["132,50,5"]|14:08:29:117
62|1.1|636136526962233998|0|50914.1015625|6.71970672886|101.07781717859|36517|-771458||50914.1015625|47||4675|45|50914.1015625|881b89|ICON|0|2377|0|||3|3|0|1|1|132|50|["132,50,5"]|14:08:34:102
62|1.1|636136527012158990|0|50919.1015625|6.71767898188|101.08018824781|36780|-771683||50919.1015625|47||4662.5|45|50919.1015625|881b89|ICON|0|2377|0|||3|3|0|1|1|132|50|["132,50,5"]|14:08:39:102
62|1.1|636136527062073981|0|50924.1015625|6.71592481981|101.08285435958|37076|-771877||50924.1015625|47||4656.25|45|50924.1015625|881b89|ICON|0|2377|0|||3|3|0|1|1|132|50|["132,50,5"]|14:08:44:102
62|1.1|636136527111998973|0|50929.078125|6.71470173433|101.08583697154|37407|-772013||50929.078125|47||4656.25|45|50929.078125|881b89|ICON|0|2377|0|||3|3|0|1|1|132|50|["132,50,5"]|14:08:49:078
62|1.1|636136527161923965|0|50934.078125|6.71418675097|101.08914681251|37775|-772069||50934.078125|47||4662.5|45|50934.078125|881b89|ICON|0|2377|0|||3|3|0|1|1|132|50|["132,50,5"]|14:08:54:078
62|1.1|636136527211848957|0|50939.0625|6.71390780165|101.09247811112|38144|-772100||50939.0625|47||4656.25|45|50939.0625|881b89|ICON|0|2377|0|||3|3|0|1|1|132|50|["132,50,5"]|14:08:59:063
62|1.1|636136527261763948|0|50944.0625|6.71466954787|101.09599179967|38534|-772015||50944.0625|47||4662.5|45|50944.0625|881b89|ICON|0|2377|0|||3|3|0|1|1|132|50|["132,50,5"]|14:09:04:063
62|1.1|636136527311688940|0|50949.0625|6.71521135328|101.09926408977|38897|-771954||50949.0625|47||4637.5|45|50949.0625|881b89|ICON|0|2377|0|||3|3|0|1|1|132|50|["132,50,5"]|14:09:09:063
62|1.1|636136527361603931|0|50954.0390625|6.71714790529|101.10237008316|39242|-771739||50954.0390625|47||4650|45|50954.0390625|881b89|ICON|0|2377|0|||3|3|0|1|1|132|50|["132,50,5"]|14:09:14:039
62|1.1|636136527411558926|0|50959.0390625|6.71920247432|101.10510593226|39545|-771511||50959.0390625|47||4637.5|45|50959.0390625|881b89|ICON|0|2377|0|||3|3|0|1|1|132|50|["132,50,5"]|14:09:19:039
62|1.1|636136527461453915|0|50964.015625|6.72092981434|101.10753600999|39814|-771319||50964.015625|47||4606.25|45|50964.015625|881b89|ICON|0|2377|0|||3|3|0|1|1|132|50|["132,50,5"]|14:09:24:016
62|1.1|636136527511378907|0|50969.015625|6.722678612|101.10998754536|40086|-771124||50969.015625|47||4581.25|45|50969.015625|881b89|ICON|0|2377|0|||3|3|0|1|1|132|50|[]|14:09:29:016
62|1.1|636136527561293898|0|50974.015625|6.7244488673|101.11244980955|40359|-770928||50974.015625|47||4543.75|45|50974.015625|881b89|ICON|0|2377|0|||3|3|0|1|1|132|50|[]|14:09:34:016
62|1.1|636136527801537920|0|50997.1015625|6.74671653321|101.11454192945|40589|-768456||50997.1015625|47||4675|||881b89|X|0|2619||||3|3|3|1|1|132|50|["132,50,5"]|14:09:57:102
62|1.1|636136527810908857|0|50998.9765625|6.74737635564|101.11428443777|40560|-768382||50998.9765625|47||4643.75|||881b89|X|0|2619||||3|3|3|1|1|132|50|["132,50,5"]|14:09:58:977
62|1.1|636136527860823848|0|51003.9609375|6.74854579702|101.11268584359|40382|-768253||51003.9609375|47||4687.5|45|51003.9609375|881b89|ICON|0|2619|0|||3|3|0|1|1|132|50|["132,50,5"]|14:10:03:961
62|1.1|636136527910748840|0|51008.9609375|6.75038042524|101.11100141885|40195|-768049||51008.9609375|47||4700|45|51008.9609375|881b89|ICON|0|2619|0|||3|3|0|1|1|132|50|["132,50,5"]|14:10:08:961
62|1.1|636136527960663831|0|51013.9375|6.75247254514|101.10916142622|39991|-767817||51013.9375|47||4706.25|45|51013.9375|881b89|ICON|0|2619|0|||3|3|0|1|1|132|50|["132,50,5"]|14:10:13:938
62|1.1|636136528010588823|0|51018.9375|6.75423207162|101.1069512893|39745|-767622||51018.9375|47||4700|45|51018.9375|881b89|ICON|0|2619|0|||3|3|0|1|1|132|50|["132,50,5"]|14:10:18:938
62|1.1|636136528060513815|0|51023.9375|6.75532104685|101.10441392337|39464|-767502||51023.9375|47||4693.75|45|51023.9375|881b89|ICON|0|2619|0|||3|3|0|1|1|132|50|["132,50,5"]|14:10:23:938
62|1.1|636136528110428806|0|51028.921875|6.75454857181|101.10047644643|39027|-767588||51028.921875|47||4737.5|45.25|51028.921875|881b89|ICON|0|2619|0|||3|3|0|1|1|132|50|["132,50,5"]|14:10:28:922
62|1.1|636136528160353798|0|51033.921875|6.75414087665|101.09760648708|38708|-767634||51033.921875|47||4743.75|45.25|51033.921875|881b89|ICON|0|2619|0|||3|3|0|1|1|132|50|["132,50,5"]|14:10:33:922
62|1.1|636136528210278790|0|51038.921875|6.752719308|101.09500474823|38420|-767792||51038.921875|47||4743.75|45.25|51038.921875|881b89|ICON|0|2619|0|||3|3|0|1|1|132|50|["132,50,5"]|14:10:38:922
62|1.1|636136528260193781|0|51043.8984375|6.75124945966|101.09288044187|38184|-767955||51043.8984375|47||4743.75|45.25|51043.8984375|881b89|ICON|0|2619|0|||3|3|0|1|1|132|50|["132,50,5"]|14:10:43:898
62|1.1|636136528310118773|0|51048.8984375|6.74954894169|101.09100289837|37976|-768144||51048.8984375|47||4743.75|45|51048.8984375|881b89|ICON|0|2619|0|||3|3|0|1|1|132|50|["132,50,5"]|14:10:48:898
62|1.1|636136528360033764|0|51053.875|6.74764994055|101.08926482953|37784|-768355||51053.875|47||4725|45|51053.875|881b89|ICON|0|2619|0|||3|3|0|1|1|132|50|["132,50,5"]|14:10:53:875
62|1.1|636136528409968757|0|51058.875|6.746818457|101.08763404889|37603|-768448||51058.875|47||4756.25|45|51058.875|881b89|ICON|0|2619|0|||3|3|0|1|1|132|50|["132,50,5"]|14:10:58:875
62|1.1|636136528459883748|0|51063.859375|6.74512866785|101.08592816651|37413|-768635||51063.859375|47||4725|45|51063.859375|881b89|ICON|0|2619|0|||3|3|0|1|1|132|50|["132,50,5"]|14:11:03:859
62|1.1|636136528509808740|0|51068.859375|6.7425805731|101.08469435221|37277|-768918||51068.859375|47||4681.25|45|51068.859375|881b89|ICON|0|2619|0|||3|3|0|1|1|132|50|["132,50,5"]|14:11:08:859
