62|1.1|636136510301188060|0|49248.015625|15.26816764877|99.09126886739|-178081|175732||49248.015625|340||33981.25|340|49248.015625|8840f8|BKP745|0|1994|0|||3|3|0|1|1|132|18|["132,18,5,3648","132,114,5,466"]|13:40:48:016
62|1.1|636136510351123053|0|49253.015625|15.27582266184|99.08384988836|-178872|176585||49253.015625|340||33968.75|340|49253.015625|8840f8|BKP745|0|1994|0|||3|3|0|1|1|132|18|["132,18,5,3648","132,114,5,466"]|13:40:53:016
62|1.1|636136510401038044|0|49258.015625|15.28342939522|99.07658111281|-179647|177432||49258.015625|340||33975|340|49258.015625|8840f8|BKP745|0|1994|0|||3|3|0|1|1|132|18|["132,18,5,3648","132,114,5,466"]|13:40:58:016
62|1.1|636136510450963036|0|49263|15.29102003537|99.06915140496|-180439|178279||49263|340||33968.75|340|49263|8840f8|BKP745|0|1994|0|||3|3|0|1|1|132|18|["132,18,5,3648","132,114,5,466"]|13:41:03:000
62|1.1|636136510500878027|0|49268|15.29846047204|99.06185580736|-181217|179108||49268|340||33975|340|49268|8840f8|BKP745|0|1994|0|||3|3|0|1|1|132|18|["132,18,5,3648","132,114,5,466"]|13:41:08:000
62|1.1|636136510550813020|0|49272.9765625|15.30597601045|99.05450656566|-182000|179945||49272.9765625|340||33975|340|49272.9765625|8840f8|BKP745|0|1994|0|||3|3|0|1|1|132|18|["132,18,5,3648","132,114,5,466"]|13:41:12:977
62|1.1|636136510600748013|0|49277.9765625|15.31357737942|99.04714659514|-182785|180793||49277.9765625|340||33981.25|340|49277.9765625|8840f8|BKP745|0|1994|0|||3|3|0|1|1|132|18|["132,18,5,3648","132,114,5,466"]|13:41:17:977
62|1.1|636136510650643002|0|49282.9765625|15.3211841128|99.03952913294|-183597|181641||49282.9765625|340||33962.5|340|49282.9765625|8840f8|BKP745|0|1994|0|||3|3|0|1|1|132|18|["132,18,5,3648","132,114,5,466"]|13:41:22:977
62|1.1|636136510700567994|0|49287.9609375|15.32882839705|99.0320511454|-184394|182493||49287.9609375|340||33962.5|340|49287.9609375|8840f8|BKP745|0|1994|0|||3|3|0|1|1|132|18|["132,18,5,3648","132,114,5,466"]|13:41:27:961
62|1.1|636136510750512988|0|49292.9609375|15.3363653931|99.02449805612|-185199|183334||49292.9609375|340||33968.75|340|49292.9609375|8840f8|BKP745|0|1994|0|||3|3|0|1|1|132|18|["132,18,5,3648","132,114,5,466","132,98,4"]|13:41:32:961
62|1.1|636136510800407977|0|49297.9375|15.34383801623|99.01728292467|-185968|184167||49297.9375|340||34000|340|49297.9375|8840f8|BKP745|0|1994|0|||3|3|0|1|1|132|18|["132,18,5,3648","132,114,5,466","132,98,4"]|13:41:37:938
62|1.1|636136510850322968|0|49302.9375|15.35140719874|99.00978347949|-186767|185011||49302.9375|340||34006.25|340|49302.9375|8840f8|BKP745|0|1994|0|||3|3|0|1|1|132|18|["132,18,5,3648","132,98,5,3874","132,114,5,466"]|13:41:42:938
62|1.1|636136510900277963|0|49307.9375|15.3588959151|99.00232694959|-187562|185846||49307.9375|340||34000|340|49307.9375|8840f8|BKP745|0|1994|0|||3|3|0|1|1|132|18|["132,18,5,3648","132,98,5,3874","132,114,5,466"]|13:41:47:938
62|1.1|636136510950182953|0|49312.921875|15.36656165699|98.99488114851|-188355|186701||49312.921875|340||34000|340|49312.921875|8840f8|BKP745|0|1994|0|||3|3|0|1|1|132|18|["132,18,5,3648","132,98,5,3874","132,114,5,466"]|13:41:52:922
62|1.1|636136511000097944|0|49317.921875|15.37429713621|98.98750508476|-189141|187563||49317.921875|340||34012.5|340|49317.921875|8840f8|BKP745|0|1994|0|||3|3|0|1|1|132|18|["132,18,5,3648","132,98,5,3874","132,114,5,466"]|13:41:57:922
62|1.1|636136511050012935|0|49322.8984375|15.38196824251|98.97993590225|-189947|188418||49322.8984375|340||34006.25|340|49322.8984375|8840f8|BKP745|0|1994|0|||3|3|0|1|1|132|18|["132,18,5,3648","132,98,5,3874","132,114,5,466"]|13:42:02:898
62|1.1|636136511099937927|0|49327.8984375|15.38957497589|98.97244182148|-190745|189267||49327.8984375|340||34012.5|340|49327.8984375|8840f8|BKP745|0|1994|0|||3|3|0|1|1|132|18|["132,18,5,3648","132,98,5,3874","132,114,5,466"]|13:42:07:898
62|1.1|636136511149862919|0|49332.8984375|15.39722998896|98.96486191015|-191553|190121||49332.8984375|340||34012.5|340|49332.8984375|8840f8|BKP745|0|1994|0|||3|3|0|1|1|132|18|["132,18,5,3648","132,98,5,3874","132,114,5,466"]|13:42:12:898
62|1.1|636136511199777910|0|49337.875|15.40493864613|98.95720689708|-192368|190980||49337.875|340||34000|340|49337.875|8840f8|BKP745|0|1994|0|||3|3|0|1|1|132|98|["132,18,5,3648","132,98,5,3874","132,114,5,466"]|13:42:17:875
62|1.1|636136511249702902|0|49342.875|15.41257220156|98.94964844339|-193173|191832||49342.875|340.25||34000|340|49342.875|8840f8|BKP745|0|1994|0|||3|3|0|1|1|132|18|["132,18,5,3648","132,98,5,3874","132,114,5,466"]|13:42:22:875
62|1.1|636136511299627894|0|49347.875|15.4202647655|98.94206853206|-193980|192690||49347.875|340.25||34012.5|340|49347.875|8840f8|BKP745|0|1994|0|||3|3|0|1|1|132|98|["132,18,5,3648","132,98,5,3874","132,114,5,466"]|13:42:27:875
62|1.1|636136511349542885|0|49352.859375|15.42795196503|98.93454762924|-194781|193547||49352.859375|340.25||34018.75|340|49352.859375|8840f8|BKP745|0|1994|0|||3|3|0|1|1|132|98|["132,18,5,3648","132,98,5,3874","132,114,5,466"]|13:42:32:859
62|1.1|636136511399467877|0|49357.859375|15.43563916456|98.92687652294|-195598|194405||49357.859375|340.25||34018.75|340|49357.859375|8840f8|BKP745|0|1994|0|||3|3|0|1|1|132|18|["132,18,5,3648","132,98,5,3874","132,114,5,466"]|13:42:37:859
62|1.1|636136511449422872|0|49362.8359375|15.44321371148|98.91928588279|-196407|195249||49362.8359375|340.25||34018.75|340|49362.8359375|8840f8|BKP745|0|1994|0|||3|3|0|1|1|132|18|["132,18,5,3648","132,98,5,3874","132,114,5,466"]|13:42:42:836
62|1.1|636136511499317861|0|49367.8359375|15.45076680076|98.91151821711|-197234|196093||49367.8359375|340.25||34025|340|49367.8359375|8840f8|BKP745|0|1994|0|||3|3|0|1|1|132|18|["132,18,5,3648","132,98,5,3874","132,114,5,466"]|13:42:47:836
62|1.1|636136511549262855|0|49372.8203125|15.458083856|98.90361644118|-198076|196909||49372.8203125|340.25||34031.25|340|49372.8203125|8840f8|BKP745|0|1994|0|||3|3|0|1|1|132|18|["132,18,5,3648","132,98,5,3874","132,114,5,466"]|13:42:52:820
62|1.1|636136511599167845|0|49377.8203125|15.46519706366|98.89532306332|-198960|197704||49377.8203125|340.25||34037.5|340|49377.8203125|8840f8|BKP745|0|1994|0|||3|3|0|1|1|132|18|["132,18,5,3648","132,98,5,3874","132,114,5,466"]|13:42:57:820
62|1.1|636136511649082836|0|49382.8203125|15.47198840672|98.88683120229|-199865|198463||49382.8203125|340.25||34056.25|340|49382.8203125|8840f8|BKP745|0|1994|0|||3|3|0|1|1|132|18|["132,18,5,3648","132,98,5,3874","132,114,5,466"]|13:43:02:820
62|1.1|636136511698997827|0|49387.796875|15.47857053779|98.87808184958|-200798|199200||49387.796875|340.25||34037.5|340|49387.796875|8840f8|BKP745|0|1994|0|||3|3|0|1|1|132|18|["132,18,5,3648","132,98,5,3874","132,114,5,466"]|13:43:07:797
62|1.1|636136511748922819|0|49392.796875|15.48505610948|98.86949342917|-201715|199925||49392.796875|340.25||34037.5|340|49392.796875|8840f8|BKP745|0|1994|0|||3|3|0|1|1|132|18|["132,18,5,3648","132,98,5,3874","132,114,5,466"]|13:43:12:797
62|1.1|636136511798847811|0|49397.78125|15.49191718987|98.86128051746|-202590|200692||49397.78125|340.25||34068.75|340|49397.78125|8840f8|BKP745|0|1994|0|||3|3|0|1|1|132|18|["132,18,5,3648","132,98,5,3874","132,114,5,466"]|13:43:17:781
62|1.1|636136511848772803|0|49402.78125|15.49866025324|98.85282084289|-203492|201446||49402.78125|340.25||34075|340|49402.78125|8840f8|BKP745|0|1994|0|||3|3|0|1|1|132|18|["132,18,5,3648","132,98,5,3874","132,114,5,466"]|13:43:22:781
62|1.1|636136511898687794|0|49407.78125|15.50538722338|98.84426997335|-204404|202199||49407.78125|340.25||34075|340|49407.78125|8840f8|BKP745|0|1994|0|||3|3|0|1|1|132|18|["132,18,5,3648","132,98,5,3874","132,114,5,466"]|13:43:27:781
62|1.1|636136511948612786|0|49412.7578125|15.51216783762|98.83572446822|-205315|202957||49412.7578125|340.25||34062.5|340|49412.7578125|8840f8|BKP745|0|1994|0|||3|3|0|1|1|132|18|["132,18,5,3648","132,98,5,3874","132,114,5,466"]|13:43:32:758
62|1.1|636136511998527777|0|49417.7578125|15.51888944335|98.82725942924|-206217|203709||49417.7578125|340||34056.25|340|49417.7578125|8840f8|BKP745|0|1994|0|||3|3|0|1|1|132|18|["132,18,5,3648","132,98,5,3874","132,114,5,466"]|13:43:37:758
62|1.1|636136512048452769|0|49422.7421875|15.52555740498|98.81877829703|-207121|204455||49422.7421875|340||34050|340|49422.7421875|8840f8|BKP745|0|1994|0|||3|3|0|1|1|132|18|["132,18,5,3648","132,98,5,3874","132,114,5,466"]|13:43:42:742
62|1.1|636136512098387762|0|49427.7421875|15.53228973953|98.81053856327|-207999|205208||49427.7421875|340.25||34068.75|340|49427.7421875|8840f8|BKP745|0|1994|0|||3|3|0|1|1|132|98|["132,18,5,3648","132,98,5,3874","132,114,5,466"]|13:43:47:742
62|1.1|636136512148292752|0|49432.7421875|15.53898988762|98.8021325328|-208895|205957||49432.7421875|340||34068.75|340|49432.7421875|8840f8|BKP745|0|1994|0|||3|3|0|1|1|132|18|["132,18,5,3648","132,98,5,3874","132,114,5,466"]|13:43:52:742
62|1.1|636136512198237746|0|49437.71875|15.5456310272|98.79368895146|-209795|206700||49437.71875|340||34062.5|340|49437.71875|8840f8|BKP745|0|1994|0|||3|3|0|1|1|132|18|["132,18,5,3648","132,98,5,3874","132,114,5,466"]|13:43:57:719
62|1.1|636136512248142736|0|49442.71875|15.55171426814|98.78588373491|-210627|207381||49442.71875|340.25||34018.75|340|49442.71875|8840f8|BKP745|0|1994|0|||3|3|0|1|1|132|18|["132,18,5,3648","132,98,5,3874","132,114,5,466"]|13:44:02:719
62|1.1|636136512298057727|0|49447.6953125|15.55840368741|98.77732750096|-211539|208129||49447.6953125|340.25||34025|340|49447.6953125|8840f8|BKP745|0|1994|0|||3|3|0|1|1|132|18|["132,18,5,3648","132,98,5,3874","132,114,5,466"]|13:44:07:695
62|1.1|636136512348002721|0|49452.6953125|15.56531304749|98.76885709757|-212441|208902||49452.6953125|340.25||34043.75|340|49452.6953125|8840f8|BKP745|0|1994|0|||3|3|0|1|1|132|18|["132,18,5,3648","132,98,5,3874","132,114,5,466"]|13:44:12:695
62|1.1|636136512397907711|0|49457.6953125|15.57205611086|98.76011847368|-213372|209657||49457.6953125|340.5||34050|340.5|49457.6953125|8840f8|BKP745|0|1994|0|||3|3|0|1|1|132|18|["132,18,5,3648","132,98,5,3874","132,114,5,466"]|13:44:17:695
62|1.1|636136512447832703|0|49462.6796875|15.57886891156|98.75141740066|-214299|210419||49462.6796875|340.5||34056.25|340.5|49462.6796875|8840f8|BKP745|0|1994|0|||3|3|0|1|1|132|18|["132,18,5,3648","132,98,5,3874","132,114,5,466"]|13:44:22:680
62|1.1|636136512497777697|0|49467.6796875|15.58574608518|98.74262513267|-215236|211189||49467.6796875|340.5||34043.75|340.5|49467.6796875|8840f8|BKP745|0|1994|0|||3|3|0|1|1|132|18|["132,18,5,3648","132,98,5,3874","132,114,5,466"]|13:44:27:680
62|1.1|636136512547682687|0|49472.65625|15.59260180116|98.73414400046|-216139|211956||49472.65625|340.25||34062.5|340.5|49472.65625|8840f8|BKP745|0|1994|0|||3|3|0|1|1|132|18|["132,18,5,3648","132,98,5,3874","132,114,5,466"]|13:44:32:656
62|1.1|636136512597597678|0|49477.65625|15.59948433919|98.72545902067|-217065|212727||49477.65625|340.25||34043.75|340|49477.65625|8840f8|BKP745|0|1994|0|||3|3|0|1|1|132|18|["132,18,5,3648","132,98,5,3874","132,114,5,466"]|13:44:37:656
62|1.1|636136512647512669|0|49482.65625|15.60631859753|98.71679549852|-217987|213491||49482.65625|340.25||34037.5|340|49482.65625|8840f8|BKP745|0|1994|0|||3|3|0|1|1|132|18|["132,18,5,3648","132,98,5,3874","132,114,5,466"]|13:44:42:656
62|1.1|636136512697447662|0|49487.640625|15.61301874562|98.70827145103|-218895|214241||49487.640625|340.25||34037.5|340|49487.640625|8840f8|BKP745|0|1994|0|||3|3|0|1|1|132|18|["132,18,5,3648","132,98,5,3874","132,114,5,466"]|13:44:47:641
62|1.1|636136512747362653|0|49492.640625|15.61984227514|98.69962402211|-219816|215005||49492.640625|340.25||34025|340|49492.640625|8840f8|BKP745|0|1994|0|||3|3|0|1|1|132|18|["132,18,5,3648","132,98,5,3874","132,114,5,466"]|13:44:52:641
62|1.1|636136512797277644|0|49497.6171875|15.62666580466|98.69092294909|-220743|215769||49497.6171875|340.25||34000|340|49497.6171875|8840f8|BKP745|0|1994|0|||3|3|0|1|1|132|18|["132,18,5,3648","132,98,5,3874","132,114,5,466"]|13:44:57:617
62|1.1|636136512847222638|0|49502.6171875|15.63337131716|98.68252764744|-221637|216520||49502.6171875|340||34012.5|340|49502.6171875|8840f8|BKP745|0|1994|0|||3|3|0|1|1|132|18|["132,18,5,3648","132,98,5,3874","132,114,5,466"]|13:45:02:617
62|1.1|636136512897137629|0|49507.6171875|15.64007682966|98.67391776939|-222554|217271||49507.6171875|340||34000|340|49507.6171875|8840f8|BKP745|0|1994|0|||3|3|0|1|1|132|98|["132,18,5,3648","132,98,5,3874","132,114,5,466"]|13:45:07:617
62|1.1|636136512947052620|0|49512.6015625|15.64687890154|98.66549028128|-223451|218032||49512.6015625|340||34018.75|340|49512.6015625|8840f8|BKP745|0|1994|0|||3|3|0|1|1|132|18|["132,18,5,3648","132,98,5,3874","132,114,5,466"]|13:45:12:602
62|1.1|636136512996967611|0|49517.6015625|15.65362196491|98.6569179541|-224364|218787||49517.6015625|340||34000|340|49517.6015625|8840f8|BKP745|0|1994|0|||3|3|0|1|1|132|18|["132,18,5,3648","132,98,5,3874","132,114,5,466"]|13:45:17:602
62|1.1|636136513046912605|0|49522.578125|15.66025237567|98.64840463543|-225270|219530||49522.578125|340||34006.25|340|49522.578125|8840f8|BKP745|0|1994|0|||3|3|0|1|1|132|18|["132,18,5,3648","132,98,5,3874","132,114,5,466"]|13:45:22:578
62|1.1|636136513096827596|0|49527.578125|15.66704908314|98.63973574887|-226193|220291||49527.578125|340||33981.25|340|49527.578125|8840f8|BKP745|0|1994|0|||3|3|0|1|1|132|18|["132,18,5,3648","132,98,5,3874","132,114,5,466"]|13:45:27:578
62|1.1|636136513146732586|0|49532.578125|15.67364730744|98.63160866772|-227058|221030||49532.578125|340||34037.5|337.25|49532.578125|8840f8|BKP745|0|1994|0|||3|3|0|1|1|132|18|["132,18,5,3648","132,98,5,3874","132,114,5,466"]|13:45:32:578
62|1.1|636136513196657578|0|49537.5625|15.68041182845|98.62305243377|-227969|221787||49537.5625|340||34018.75|337.25|49537.5625|8840f8|BKP745|0|1994|0|||3|3|0|1|1|132|18|["132,18,5,3648","132,98,5,3874","132,114,5,466"]|13:45:37:563
62|1.1|636136513246602572|0|49542.5625|15.68636095914|98.61572464971|-228749|222453||49542.5625|340||34018.75|337.25|49542.5625|8840f8|BKP745|0|1994|0|||3|3|0|1|1|132|18|["132,18,5,3648","132,98,5,3874","132,114,5,466"]|13:45:42:563
62|1.1|636136513296527564|0|49547.5390625|15.69303428518|98.60758147533|-229615|223200||49547.5390625|339.75||34000|337|49547.5390625|8840f8|BKP745|0|1994|0|||3|3|0|1|1|132|18|["132,18,5,3648","132,98,5,3874","132,114,5,466"]|13:45:47:539
62|1.1|636136513346442555|0|49552.5390625|15.6998578147|98.59943293654|-230482|223964||49552.5390625|339.75||33987.5|337|49552.5390625|8840f8|BKP745|0|1994|0|||3|3|0|1|1|132|18|["132,18,5,3648","132,98,5,3874","132,114,5,466"]|13:45:52:539
62|1.1|636136513396337544|0|49557.5390625|15.70683691211|98.59124148247|-231353|224745||49557.5390625|339.75||33981.25|337|49557.5390625|8840f8|BKP745|0|1994|0|||3|3|0|1|1|132|18|["132,18,5,3648","132,98,5,3874","132,114,5,466"]|13:45:57:539
62|1.1|636136513446272537|0|49562.515625|15.71410568766|98.5834255371|-232184|225558||49562.515625|339.75||33981.25|337|49562.515625|8840f8|BKP745|0|1994|0|||3|3|0|1|1|132|114|["132,18,5,3648","132,98,5,3874","132,114,5,466"]|13:46:02:516
62|1.1|636136513496177527|0|49567.515625|15.72200746359|98.57590463428|-232982|226441||49567.515625|339.75||33968.75|337|49567.515625|8840f8|BKP745|0|1994|0|||3|3|0|1|1|132|18|["132,18,5,3648","132,98,5,3874","132,114,5,466"]|13:46:07:516
62|1.1|636136513546102519|0|49572.5|15.72976440045|98.56776682431|-233846|227308||49572.5|339.75||33912.5|337|49572.5|8840f8|BKP745|0|1994|0|||3|3|0|1|1|132|18|["132,18,5,3648","132,98,5,3874","132,114,5,466"]|13:46:12:500
62|1.1|636136513596017510|0|49577.5|15.73713509979|98.56005280273|-234666|228132||49577.5|339.75||33931.25|337|49577.5|8840f8|BKP745|0|1994|0|||3|3|0|1|1|132|114|["132,18,5,3648","132,98,5,3874","132,114,5,466"]|13:46:17:500
62|1.1|636136513645942502|0|49582.5|15.74455407882|98.55201155214|-235520|228962||49582.5|339.75||33943.75|337|49582.5|8840f8|BKP745|0|1994|0|||3|3|0|1|1|132|114|["132,18,5,3648","132,98,5,3874","132,114,5,466"]|13:46:22:500
62|1.1|636136513695867494|0|49587.4765625|15.75099137082|98.54524703113|-236238|229682||49587.4765625|339.75||34006.25|337|49587.4765625|8840f8|BKP745|0|1994|0|||3|3|0|1|1|132|114|["132,18,5,3648","132,98,5,3874","132,114,5,466"]|13:46:27:477
62|1.1|636136513745792486|0|49592.4765625|15.75802947674|98.5378816962|-237021|230469||49592.4765625|339.75||33993.75|337|49592.4765625|8840f8|BKP745|0|1994|0|||3|3|0|1|1|132|18|["132,18,5,3648","132,98,5,3874","132,114,5,466"]|13:46:32:477
62|1.1|636136513795717478|0|49597.4609375|15.7651963285|98.53029105605|-237827|231270||49597.4609375|339.75||33987.5|337|49597.4609375|8840f8|BKP745|0|1994|0|||3|3|0|1|1|132|98|["132,18,5,3648","132,98,5,3874","132,114,5,466"]|13:46:37:461
62|1.1|636136513845632469|0|49602.4609375|15.77298008741|98.52199767819|-238707|232141||49602.4609375|339.75||33975|337|49602.4609375|8840f8|BKP745|0|1994|0|||3|3|0|1|1|132|98|["132,18,5,3648","132,98,5,3874","132,114,5,466"]|13:46:42:461
62|1.1|636136513895557461|0|49607.4609375|15.78018449004|98.51435875835|-239519|232947||49607.4609375|339.75||33981.25|337|49607.4609375|8840f8|BKP745|0|1994|0|||3|3|0|1|1|132|98|["132,18,5,3648","132,98,5,3874","132,114,5,466"]|13:46:47:461
62|1.1|636136513945502455|0|49612.4375|15.78800043541|98.50584543968|-240423|233821||49612.4375|339.75||33981.25|337|49612.4375|8840f8|BKP745|0|1994|0|||3|3|0|1|1|132|5|["132,18,5,3648","132,98,5,3874","132,114,5,466"]|13:46:52:438
62|1.1|636136513995397444|0|49617.4375|15.79512437189|98.49827625717|-241226|234618||49617.4375|339.75||33981.25|337|49617.4375|8840f8|BKP745|0|1994|0|||3|3|0|1|1|132|5|["132,18,5,3648","132,98,5,3874","132,114,5,466"]|13:46:57:438
62|1.1|636136514045322436|0|49622.421875|15.8023716898|98.49057296441|-242044|235429||49622.421875|339.75||33975|337|49622.421875|8840f8|BKP745|0|1994|0|||3|3|0|1|1|132|5|["132,18,5,3648","132,98,5,3874","132,114,5,466"]|13:47:02:422
62|1.1|636136514095237427|0|49627.421875|15.80931860075|98.48314325656|-242833|236206||49627.421875|340||33987.5|337.25|49627.421875|8840f8|BKP745|0|1994|0|||3|3|0|1|1|132|5|["132,18,5,3648","132,98,5,3874","132,114,5,466"]|13:47:07:422
62|1.1|636136514148262729|0|49632.71875|15.81719355463|98.47482305665|-243716|237087||49632.71875|340||34000|337.25|49632.71875|8840f8|BKP745|0|1994|0|||3|3|0|1|1|132|18|["132,18,5,3648","132,98,5,3874","132,114,5,466"]|13:47:12:719
62|1.1|636136514198187721|0|49637.71875|15.82449988105|98.46694810277|-244552|237905||49637.71875|340||34006.25|337.25|49637.71875|8840f8|BKP745|0|1994|0|||3|3|0|1|1|132|114|["132,18,5,3648","132,98,5,3874","132,114,5,466"]|13:47:17:719
62|1.1|636136514247952697|0|49642.6953125|15.83222463145|98.45894976746|-245401|238769||49642.6953125|340||33993.75|337.25|49642.6953125|8840f8|BKP745|0|1994|0|||3|3|0|1|1|132|18|["132,18,5,3648","132,98,5,3874","132,114,5,466"]|13:47:22:695
62|1.1|636136514297877689|0|49647.6953125|15.84044827198|98.4501199486|-246338|239689||49647.6953125|339.75||33981.25|337.25|49647.6953125|8840f8|BKP745|0|1994|0|||3|3|0|1|1|132|18|["132,18,5,3648","132,98,5,3874","132,114,5,466"]|13:47:27:695
62|1.1|636136514347802681|0|49652.6953125|15.84822666648|98.44188021484|-247212|240560||49652.6953125|340||33962.5|337.25|49652.6953125|8840f8|BKP745|0|1994|0|||3|3|0|1|1|132|18|["132,18,5,3648","132,98,5,3874","132,114,5,466"]|13:47:32:695
62|1.1|636136514397717672|0|49657.6796875|15.85564564551|98.43390333717|-248059|241390||49657.6796875|339.75||33962.5|337.25|49657.6796875|8840f8|BKP745|0|1994|0|||3|3|0|1|1|132|114|["132,18,5,3648","132,98,5,3874","132,114,5,466"]|13:47:37:680
62|1.1|636136514447642664|0|49662.6796875|15.86333820945|98.42553485757|-248947|242251||49662.6796875|339.75||33937.5|337|49662.6796875|8840f8|BKP745|0|1994|0|||3|3|0|1|1|132|114|["132,18,5,3648","132,98,5,3874","132,114,5,466"]|13:47:42:680
62|1.1|636136514497557655|0|49667.65625|15.87097176488|98.41763308164|-249785|243105||49667.65625|339.75||33956.25|337|49667.65625|8840f8|BKP745|0|1994|0|||3|3|0|1|1|132|98|["132,18,5,3648","132,98,5,3874","132,114,5,466"]|13:47:47:656
62|1.1|636136514547492648|0|49672.65625|15.87844438801|98.40950600049|-250648|243942||49672.65625|339.75||33962.5|337|49672.65625|8840f8|BKP745|0|1994|0|||3|3|0|1|1|132|114|["132,18,5,3648","132,98,5,3874","132,114,5,466"]|13:47:52:656
62|1.1|636136514597427641|0|49677.65625|15.88609403667|98.40130918201|-251517|244798||49677.65625|339.75||33943.75|337|49677.65625|8840f8|BKP745|0|1994|0|||3|3|0|1|1|132|98|["132,18,5,3648","132,98,5,3874","132,114,5,466"]|13:47:57:656
62|1.1|636136514647322630|0|49682.640625|15.8935130157|98.39337521962|-252359|245628||49682.640625|339.75||33950|337|49682.640625|8840f8|BKP745|0|1994|0|||3|3|0|1|1|132|98|["132,18,5,3648","132,98,5,3874","132,114,5,466"]|13:48:02:641
62|1.1|636136514697247622|0|49687.640625|15.90111974908|98.38528568934|-253217|246480||49687.640625|339.75||33950|337|49687.640625|8840f8|BKP745|0|1994|0|||3|3|0|1|1|132|98|["132,18,5,3648","132,98,5,3874","132,114,5,466"]|13:48:07:641
62|1.1|636136514747182615|0|49692.6171875|15.90863528749|98.37728735403|-254065|247321||49692.6171875|339.75||33956.25|337|49692.6171875|8840f8|BKP745|0|1994|0|||3|3|0|1|1|132|98|["132,18,5,3648","132,98,5,3874","132,114,5,466"]|13:48:12:617
62|1.1|636136514797107607|0|49697.6171875|15.91624202087|98.36923001021|-254920|248173||49697.6171875|339.75||33962.5|337|49697.6171875|8840f8|BKP745|0|1994|0|||3|3|0|1|1|132|98|["132,18,5,3648","132,98,5,3874","132,114,5,466"]|13:48:17:617
62|1.1|636136514847022598|0|49702.6171875|15.92385411866|98.36088835266|-255805|249025||49702.6171875|339.75||33918.75|337|49702.6171875|8840f8|BKP745|0|1994|0|||3|3|0|1|1|132|98|["132,18,5,3648","132,98,5,3874","132,114,5,466"]|13:48:22:617
62|1.1|636136514896937589|0|49707.6015625|15.93132674179|98.35288465294|-256654|249861||49707.6015625|339.75||33925|337|49707.6015625|8840f8|BKP745|0|1994|0|||3|3|0|1|1|132|98|["132,18,5,3648","132,98,5,3874","132,114,5,466"]|13:48:27:602
62|1.1|636136514946862581|0|49712.6015625|15.93831656802|98.34554614006|-257431|250644||49712.6015625|339.75||33993.75|337|49712.6015625|8840f8|BKP745|0|1994|0|||3|3|0|1|1|132|98|["132,18,5,3648","132,98,5,3874","132,114,5,466"]|13:48:32:602
62|1.1|636136514996787573|0|49717.578125|15.94583747084|98.3375209827|-258282|251486||49717.578125|339.75||34006.25|337|49717.578125|8840f8|BKP745|0|1994|0|||3|3|0|1|1|132|98|["132,18,5,3648","132,98,5,3874","132,114,5,466"]|13:48:37:578
62|1.1|636136515046702564|0|49722.578125|15.95346566186|98.32949046093|-259134|252340||49722.578125|340||34006.25|337.25|49722.578125|8840f8|BKP745|0|1994|0|||3|3|0|1|1|132|114|["132,18,5,3648","132,98,5,3874","132,114,5,466"]|13:48:42:578
62|1.1|636136515096627556|0|49727.578125|15.96106166642|98.32158332059|-259972|253191||49727.578125|340||34018.75|337.25|49727.578125|8840f8|BKP745|0|1994|0|||3|3|0|1|1|132|114|["132,18,5,3648","132,98,5,3874","132,114,5,466"]|13:48:47:578
62|1.1|636136515146542547|0|49732.5625|15.96858256924|98.31368690907|-260809|254033||49732.5625|340||34025|337.25|49732.5625|8840f8|BKP745|0|1994|0|||3|3|0|1|1|132|114|["132,18,5,3648","132,98,5,3874","132,114,5,466"]|13:48:52:563
62|1.1|636136515196467539|0|49737.5625|15.97608201442|98.30554373469|-261672|254873||49737.5625|340||34018.75|337.25|49737.5625|8840f8|BKP745|0|1994|0|||3|3|0|1|1|132|114|["132,18,5,3648","132,98,5,3874","132,114,5,466"]|13:48:57:563
62|1.1|636136515246392531|0|49742.5390625|15.98357073078|98.2975024841|-262524|255711||49742.5390625|340||34006.25|337.25|49742.5390625|8840f8|BKP745|0|1994|0|||3|3|0|1|1|132|114|["132,18,5,3648","132,98,5,3874","132,114,5,466"]|13:49:02:539
62|1.1|636136515296317523|0|49747.5390625|15.99118282857|98.28933785208|-263390|256564||49747.5390625|340||33975|337.25|49747.5390625|8840f8|BKP745|0|1994|0|||3|3|0|1|1|132|114|["132,18,5,3648","132,98,5,3874","132,114,5,466"]|13:49:07:539
62|1.1|636136515346232514|0|49752.5390625|15.99878419754|98.28117858447|-264254|257416||49752.5390625|340.25||33962.5|337.25|49752.5390625|8840f8|BKP745|0|1994|0|||3|3|0|1|1|132|114|["132,18,5,3648","132,98,5,3874","132,114,5,466"]|13:49:12:539
62|1.1|636136515396157506|0|49757.515625|16.0056828288|98.27387762246|-265028|258188||49757.515625|340.25||34050|337.25|49757.515625|8840f8|BKP745|0|1994|0|||3|3|0|1|1|132|98|["132,18,5,3648","132,98,5,3874","132,114,5,466"]|13:49:17:516
62|1.1|636136515446082498|0|49762.515625|16.01312862988|98.26593829566|-265870|259022||49762.515625|340.25||34050|337.25|49762.515625|8840f8|BKP745|0|1994|0|||3|3|0|1|1|132|5|["132,18,5,3648","132,98,5,3874","132,114,5,466"]|13:49:22:516
62|1.1|636136515496007490|0|49767.5|16.02000043909|98.25867488452|-266639|259792||49767.5|340.25||34050|337.25|49767.5|8840f8|BKP745|0|1994|0|||3|3|0|1|1|132|5|["132,18,5,3648","132,98,5,3874","132,114,5,466"]|13:49:27:500
62|1.1|636136515545922481|0|49772.5|16.02746769781|98.25079456623|-267474|260628||49772.5|340.25||34068.75|337.25|49772.5|8840f8|BKP745|0|1994|0|||3|3|0|1|1|132|114|["132,18,5,3648","132,98,5,3874","132,114,5,466"]|13:49:32:500
62|1.1|636136515595837472|0|49777.5|16.03490813448|98.24294106999|-268306|261462||49777.5|340.25||34075|337.25|49777.5|8840f8|BKP745|0|1994|0|||3|3|0|1|1|132|98|["132,18,5,3648","132,98,5,3874","132,114,5,466"]|13:49:37:500
62|1.1|636136515645762464|0|49782.4765625|16.04248804581|98.23452967511|-269197|262311||49782.4765625|340.25||34031.25|337.25|49782.4765625|8840f8|BKP745|0|1994|0|||3|3|0|1|1|132|98|["132,18,5,3648","132,98,5,3874","132,114,5,466"]|13:49:42:477
62|1.1|636136515695687456|0|49787.4765625|16.05006259273|98.22665472123|-270031|263159||49787.4765625|340.25||34025|337.25|49787.4765625|8840f8|BKP745|0|1994|0|||3|3|0|1|1|132|98|["132,18,5,3648","132,98,5,3874","132,114,5,466"]|13:49:47:477
62|1.1|636136515745612448|0|49792.4609375|16.05763713965|98.21860274182|-270884|264008||49792.4609375|340.25||34018.75|337.25|49792.4609375|8840f8|BKP745|0|1994|0|||3|3|0|1|1|132|98|["132,18,5,3648","132,98,5,3874","132,114,5,466"]|13:49:52:461
62|1.1|636136515795537440|0|49797.4609375|16.06509366955|98.21043274539|-271749|264844||49797.4609375|340.25||34012.5|337.25|49797.4609375|8840f8|BKP745|0|1994|0|||3|3|0|1|1|132|98|["132,18,5,3648","132,98,5,3874","132,114,5,466"]|13:49:57:461
62|1.1|636136515845452431|0|49802.4609375|16.07264675883|98.20242904567|-272597|265690||49802.4609375|340.25||34018.75|337.25|49802.4609375|8840f8|BKP745|0|1994|0|||3|3|0|1|1|132|5|["132,18,5,3648","132,98,5,3874","132,114,5,466"]|13:50:02:461
62|1.1|636136515895377423|0|49807.4375|16.08018911929|98.19462382912|-273423|266535||49807.4375|340||34018.75|337.25|49807.4375|8840f8|BKP745|0|1994|0|||3|3|0|1|1|132|5|["132,18,5,3648","132,98,5,3874","132,114,5,466"]|13:50:07:438
62|1.1|636136515945292414|0|49812.4375|16.08764028478|98.18670059555|-274262|267370||49812.4375|340||34006.25|337.25|49812.4375|8840f8|BKP745|0|1994|0|||3|3|0|1|1|132|5|["132,18,5,3648","132,98,5,3874","132,114,5,466"]|13:50:12:438
62|1.1|636136515995217406|0|49817.421875|16.09509145027|98.17875053993|-275104|268205||49817.421875|340||34000|337.25|49817.421875|8840f8|BKP745|0|1994|0|||3|3|0|1|1|132|114|["132,18,5,3648","132,98,5,3874","132,114,5,466"]|13:50:17:422
62|1.1|636136516045132397|0|49822.421875|16.10247287843|98.17080048431|-275946|269033||49822.421875|340||33993.75|337.25|49822.421875|8840f8|BKP745|0|1994|0|||3|3|0|1|1|132|114|["132,18,5,3648","132,98,5,3874","132,114,5,466"]|13:50:22:422
62|1.1|636136516095057389|0|49827.421875|16.10983821336|98.162802149|-276793|269858||49827.421875|340||34000|337.25|49827.421875|8840f8|BKP745|0|1994|0|||3|3|0|1|1|132|114|["132,18,5,3648","132,98,5,3874","132,114,5,466"]|13:50:27:422
62|1.1|636136516144982381|0|49832.3984375|16.11652226822|98.15551728022|-277564|270608||49832.3984375|340||34018.75|337.25|49832.3984375|8840f8|BKP745|0|1994|0|||3|3|0|1|1|132|114|["132,18,5,3648","132,98,5,3874","132,114,5,466"]|13:50:32:398
62|1.1|636136516194907373|0|49837.3984375|16.12389296756|98.14781935187|-278378|271434||49837.3984375|340||34031.25|337.25|49837.3984375|8840f8|BKP745|0|1994|0|||3|3|0|1|1|132|114|["132,18,5,3648","132,98,5,3874","132,114,5,466"]|13:50:37:398
62|1.1|636136516244832365|0|49842.375|16.13141923479|98.14010533029|-279195|272277||49842.375|340||34037.5|337.25|49842.375|8840f8|BKP745|0|1994|0|||3|3|0|1|1|132|98|["132,18,5,3648","132,98,5,3874","132,114,5,466"]|13:50:42:375
62|1.1|636136516294747356|0|49847.375|16.13892940879|98.13216600349|-280035|273118||49847.375|340||34037.5|337.25|49847.375|8840f8|BKP745|0|1994|0|||3|3|0|1|1|132|98|["132,18,5,3648","132,98,5,3874","132,114,5,466"]|13:50:47:375
62|1.1|636136516344662347|0|49852.375|16.14638593869|98.12378143066|-280923|273955||49852.375|340||34012.5|337.25|49852.375|8840f8|BKP745|0|1994|0|||3|3|0|1|1|132|98|["132,18,5,3648","132,98,5,3874","132,114,5,466"]|13:50:52:375
62|1.1|636136516394587339|0|49857.359375|16.15385856182|98.11574018007|-281774|274793||49857.359375|340||34006.25|337.25|49857.359375|8840f8|BKP745|0|1994|0|||3|3|0|1|1|132|98|["132,18,5,3648","132,98,5,3874","132,114,5,466"]|13:50:57:359
62|1.1|636136516444522332|0|49862.359375|16.16152966812|98.10736097165|-282661|275653||49862.359375|340||33993.75|337.25|49862.359375|8840f8|BKP745|0|1994|0|||3|3|0|1|1|132|5|["132,18,5,3648","132,98,5,3874","132,114,5,466"]|13:51:02:359
62|1.1|636136516494437323|0|49867.3359375|16.16907739299|98.0993948228|-283503|276499||49867.3359375|340||33993.75|337.25|49867.3359375|8840f8|BKP745|0|1994|0|||3|3|0|1|1|132|98|["132,18,5,3648","132,98,5,3874","132,114,5,466"]|13:51:07:336
62|1.1|636136516544352314|0|49872.3359375|16.17656610935|98.09138575867|-284351|277339||49872.3359375|340||33987.5|337.25|49872.3359375|8840f8|BKP745|0|1994|0|||3|3|0|1|1|132|98|["132,18,5,3648","132,98,5,3874","132,114,5,466"]|13:51:12:336
62|1.1|636136516594277306|0|49877.3359375|16.18418893596|98.08324258429|-285212|278194||49877.3359375|340||33975|337.25|49877.3359375|8840f8|BKP745|0|1994|0|||3|3|0|1|1|132|98|["132,18,5,3648","132,98,5,3874","132,114,5,466"]|13:51:17:336
62|1.1|636136516644192297|0|49882.3203125|16.19170983878|98.07545346097|-286036|279037||49882.3203125|340||33987.5|337.25|49882.3203125|8840f8|BKP745|0|1994|0|||3|3|0|1|1|132|114|["132,18,5,3648","132,98,5,3874","132,114,5,466"]|13:51:22:320
62|1.1|636136516694127290|0|49887.3203125|16.19922537719|98.06727273572|-286901|279879||49887.3203125|340||33981.25|337.25|49887.3203125|8840f8|BKP745|0|1994|0|||3|3|0|1|1|132|114|["132,18,5,3648","132,98,5,3874","132,114,5,466"]|13:51:27:320
62|1.1|636136516744042281|0|49892.296875|16.2066336274|98.05912956134|-287763|280711||49892.296875|340||33968.75|337.25|49892.296875|8840f8|BKP745|0|1994|0|||3|3|0|1|1|132|114|["132,18,5,3648","132,98,5,3874","132,114,5,466"]|13:51:32:297
62|1.1|636136516793957272|0|49897.296875|16.21420817432|98.05114195485|-288608|281560||49897.296875|340||33981.25|337.25|49897.296875|8840f8|BKP745|0|1994|0|||3|3|0|1|1|132|114|["132,18,5,3648","132,98,5,3874","132,114,5,466"]|13:51:37:297
62|1.1|636136516843892265|0|49902.296875|16.22163251776|98.04304169575|-289465|282393||49902.296875|340||33975|337.25|49902.296875|8840f8|BKP745|0|1994|0|||3|3|0|1|1|132|114|["132,18,5,3648","132,98,5,3874","132,114,5,466"]|13:51:42:297
62|1.1|636136516893807256|0|49907.28125|16.22904076797|98.0349682587|-290319|283224||49907.28125|340||33968.75|337.25|49907.28125|8840f8|BKP745|0|1994|0|||3|3|0|1|1|132|114|["132,18,5,3648","132,98,5,3874","132,114,5,466"]|13:51:47:281
62|1.1|636136516943722247|0|49912.28125|16.23654557756|98.02684117755|-291178|284066||49912.28125|340||33943.75|337.25|49912.28125|8840f8|BKP745|0|1994|0|||3|3|0|1|1|132|114|["132,18,5,3648","132,98,5,3874","132,114,5,466"]|13:51:52:281
62|1.1|636136516993657240|0|49917.2578125|16.24394309895|98.01878383373|-292030|284896||49917.2578125|340||33943.75|337.25|49917.2578125|8840f8|BKP745|0|1994|0|||3|3|0|1|1|132|114|["132,18,5,3648","132,98,5,3874","132,114,5,466"]|13:51:57:258
62|1.1|636136517043572231|0|49922.2578125|16.25144254413|98.01084987134|-292869|285737||49922.2578125|340||33956.25|337.25|49922.2578125|8840f8|BKP745|0|1994|0|||3|3|0|1|1|132|114|["132,18,5,3648","132,98,5,3874","132,114,5,466"]|13:52:02:258
62|1.1|636136517093497223|0|49927.2578125|16.25885615875|98.00280862075|-293719|286569||49927.2578125|340||33962.5|337.25|49927.2578125|8840f8|BKP745|0|1994|0|||3|3|0|1|1|132|98|["132,18,5,3648","132,98,5,3874","132,114,5,466"]|13:52:07:258
62|1.1|636136517143412214|0|49932.2421875|16.26617321399|97.99477809898|-294568|287390||49932.2421875|340||33956.25|337.25|49932.2421875|8840f8|BKP745|0|1994|0|||3|3|0|1|1|132|98|["132,18,5,3648","132,98,5,3874","132,114,5,466"]|13:52:12:242
62|1.1|636136517193347207|0|49937.2421875|16.27359755743|97.98673684839|-295418|288223||49937.2421875|340||33950|337.25|49937.2421875|8840f8|BKP745|0|1994|0|||3|3|0|1|1|132|98|["132,18,5,3648","132,98,5,3874","132,114,5,466"]|13:52:17:242
62|1.1|636136517243252197|0|49942.21875|16.28116673994|97.97870632662|-296267|289072||49942.21875|340||33937.5|337.25|49942.21875|8840f8|BKP745|0|1994|0|||3|3|0|1|1|132|98|["132,18,5,3648","132,98,5,3874","132,114,5,466"]|13:52:22:219
62|1.1|636136517293177189|0|49947.21875|16.28865009189|97.97072944895|-297110|289912||49947.21875|340||33950|337.25|49947.21875|8840f8|BKP745|0|1994|0|||3|3|0|1|1|132|98|["132,18,5,3648","132,98,5,3874","132,114,5,466"]|13:52:27:219
62|1.1|636136517343092180|0|49952.21875|16.2959510539|97.96273647805|-297955|290732||49952.21875|340||33956.25|337.25|49952.21875|8840f8|BKP745|0|1994|0|||3|3|0|1|1|132|98|["132,18,5,3648","132,98,5,3874","132,114,5,466"]|13:52:32:219
62|1.1|636136517393017172|0|49957.1953125|16.30337003293|97.95476496479|-298797|291564||49957.1953125|340||33962.5|337.25|49957.1953125|8840f8|BKP745|0|1994|0|||3|3|0|1|1|132|98|["132,18,5,3648","132,98,5,3874","132,114,5,466"]|13:52:37:195
62|1.1|636136517442942164|0|49962.1953125|16.31099822395|97.94671298538|-299648|292420||49962.1953125|340.25||33956.25|337.25|49962.1953125|8840f8|BKP745|0|1994|0|||3|3|0|1|1|132|114|["132,18,5,3648","132,98,5,3874","132,114,5,466"]|13:52:42:195
62|1.1|636136517492867156|0|49967.1796875|16.31843329621|97.93868246361|-300497|293254||49967.1796875|340.25||33956.25|337.25|49967.1796875|8840f8|BKP745|0|1994|0|||3|3|0|1|1|132|114|["132,18,5,3648","132,98,5,3874","132,114,5,466"]|13:52:47:180
62|1.1|636136517542792148|0|49972.1796875|16.32598102108|97.93071631476|-301338|294101||49972.1796875|340.25||33975|337.25|49972.1796875|8840f8|BKP745|0|1994|0|||3|3|0|1|1|132|114|["132,18,5,3648","132,98,5,3874","132,114,5,466"]|13:52:52:180
62|1.1|636136517592707139|0|49977.1796875|16.33343755098|97.92266969976|-302188|294938||49977.1796875|340.25||33975|337.25|49977.1796875|8840f8|BKP745|0|1994|0|||3|3|0|1|1|132|114|["132,18,5,3648","132,98,5,3874","132,114,5,466"]|13:52:57:180
62|1.1|636136517642632131|0|49982.15625|16.34096918262|97.91466600004|-303034|295784||49982.15625|340.25||33968.75|337.25|49982.15625|8840f8|BKP745|0|1994|0|||3|3|0|1|1|132|114|["132,18,5,3648","132,98,5,3874","132,114,5,466"]|13:53:02:156
62|1.1|636136517692557123|0|49987.15625|16.34836670401|97.9065979274|-303886|296614||49987.15625|340.25||33975|337.25|49987.15625|8840f8|BKP745|0|1994|0|||3|3|0|1|1|132|114|["132,18,5,3648","132,98,5,3874","132,114,5,466"]|13:53:07:156
62|1.1|636136517742472114|0|49992.140625|16.35580714068|97.89867469383|-304723|297449||49992.140625|340.25||33987.5|337.25|49992.140625|8840f8|BKP745|0|1994|0|||3|3|0|1|1|132|114|["132,18,5,3648","132,98,5,3874","132,114,5,466"]|13:53:12:141
62|1.1|636136517792387105|0|49997.140625|16.36323684853|97.89066026529|-305570|298283||49997.140625|340.25||33987.5|337.25|49997.140625|8840f8|BKP745|0|1994|0|||3|3|0|1|1|132|114|["132,18,5,3648","132,98,5,3874","132,114,5,466"]|13:53:17:141
62|1.1|636136517842312097|0|50002.140625|16.37072556489|97.8826190147|-306419|299124||50002.140625|340.25||33981.25|337.25|50002.140625|8840f8|BKP745|0|1994|0|||3|3|0|1|1|132|114|["132,18,5,3648","132,98,5,3874","132,114,5,466"]|13:53:22:141
62|1.1|636136517892237089|0|50007.1171875|16.37816600156|97.87464213703|-307261|299960||50007.1171875|340.25||33981.25|337.25|50007.1171875|8840f8|BKP745|0|1994|0|||3|3|0|1|1|132|114|["132,18,5,3648","132,98,5,3874","132,114,5,466"]|13:53:27:117
62|1.1|636136517942162081|0|50012.1171875|16.38563326028|97.86661697967|-308109|300798||50012.1171875|340.25||33993.75|337.25|50012.1171875|8840f8|BKP745|0|1994|0|||3|3|0|1|1|132|98|["132,18,5,3648","132,98,5,3874","132,114,5,466"]|13:53:32:117
62|1.1|636136517992087073|0|50017.1015625|16.39298250198|97.85866692405|-308948|301623||50017.1015625|340.25||34000|337.25|50017.1015625|8840f8|BKP745|0|1994|0|||3|3|0|1|1|132|98|["132,18,5,3648","132,98,5,3874","132,114,5,466"]|13:53:37:102
62|1.1|636136518042012065|0|50022.1015625|16.40033710809|97.85072223284|-309787|302449||50022.1015625|340.25||34018.75|337.25|50022.1015625|8840f8|BKP745|0|1994|0|||3|3|0|1|1|132|98|["132,18,5,3648","132,98,5,3874","132,114,5,466"]|13:53:42:102
62|1.1|636136518091927056|0|50027.1015625|16.40778290917|97.84275608399|-310628|303285||50027.1015625|340.25||34025|337.25|50027.1015625|8840f8|BKP745|0|1994|0|||3|3|0|1|1|132|98|["132,18,5,3648","132,98,5,3874","132,114,5,466"]|13:53:47:102
62|1.1|636136518141852048|0|50032.078125|16.4148800236|97.83451635023|-311499|304083||50032.078125|340.25||33968.75|337.25|50032.078125|8840f8|BKP745|0|1994|0|||3|3|0|1|1|132|98|["132,18,5,3648","132,98,5,3874","132,114,5,466"]|13:53:52:078
62|1.1|636136518191777040|0|50037.078125|16.42232046027|97.82656629461|-312338|304918||50037.078125|340||33962.5|337.25|50037.078125|8840f8|BKP745|0|1994|0|||3|3|0|1|1|132|98|["132,18,5,3648","132,98,5,3874","132,114,5,466"]|13:53:57:078
62|1.1|636136518241692031|0|50042.0625|16.42971798166|97.81858405253|-313180|305749||50042.0625|340||33950|337.25|50042.0625|8840f8|BKP745|0|1994|0|||3|3|0|1|1|132|114|["132,18,5,3648","132,98,5,3874","132,114,5,466"]|13:54:02:063
62|1.1|636136518291627024|0|50047.0625|16.43714768951|97.81062326809|-314021|306584||50047.0625|340.25||33962.5|337.25|50047.0625|8840f8|BKP745|0|1994|0|||3|3|0|1|1|132|114|["132,18,5,3648","132,98,5,3874","132,114,5,466"]|13:54:07:063
62|1.1|636136518341532014|0|50052.0625|16.44464713469|97.80265711924|-314861|307426||50052.0625|340||33950|337.25|50052.0625|8840f8|BKP745|0|1994|0|||3|3|0|1|1|132|114|["132,18,5,3648","132,98,5,3874","132,114,5,466"]|13:54:12:063
62|1.1|636136518391467007|0|50057.0390625|16.45222704602|97.7946963348|-315701|308277||50057.0390625|340||33931.25|337.25|50057.0390625|8840f8|BKP745|0|1994|0|||3|3|0|1|1|132|114|["132,18,5,3648","132,98,5,3874","132,114,5,466"]|13:54:17:039
62|1.1|636136518441381998|0|50062.0390625|16.45967821151|97.78676237241|-316538|309114||50062.0390625|340||33943.75|337.25|50062.0390625|8840f8|BKP745|0|1994|0|||3|3|0|1|1|132|114|["132,18,5,3648","132,98,5,3874","132,114,5,466"]|13:54:22:039
62|1.1|636136518491306990|0|50067.015625|16.46715619905|97.77888741853|-317369|309954||50067.015625|340||33956.25|337.25|50067.015625|8840f8|BKP745|0|1994|0|||3|3|0|1|1|132|114|["132,18,5,3648","132,98,5,3874","132,114,5,466"]|13:54:27:016
62|1.1|636136518541231982|0|50072.015625|16.47459663572|97.77084616794|-318218|310790||50072.015625|340||33943.75|337.25|50072.015625|8840f8|BKP745|0|1994|0|||3|3|0|1|1|132|114|["132,18,5,3648","132,98,5,3874","132,114,5,466"]|13:54:32:016
62|1.1|636136518591146973|0|50077.015625|16.48207462326|97.7627780953|-319069|311630||50077.015625|340||33925|337.25|50077.015625|8840f8|BKP745|0|1994|0|||3|3|0|1|1|132|114|["132,18,5,3648","132,98,5,3874","132,114,5,466"]|13:54:37:016
62|1.1|636136518641071965|0|50082|16.48945068701|97.75469929384|-319921|312459||50082|340||33906.25|337.25|50082|8840f8|BKP745|0|1994|0|||3|3|0|1|1|132|114|["132,18,5,3648","132,98,5,3874","132,114,5,466"]|13:54:42:000
62|1.1|636136518691006958|0|50087|16.49697695424|97.74672778058|-320762|313304||50087|340||33906.25|337.25|50087|8840f8|BKP745|0|1994|0|||3|3|0|1|1|132|114|["132,18,5,3648","132,98,5,3874","132,114,5,466"]|13:54:47:000
62|1.1|636136518740911948|0|50091.9765625|16.50423500097|97.73871335204|-321607|314120||50091.9765625|340||33918.75|337.25|50091.9765625|8840f8|BKP745|0|1994|0|||3|3|0|1|1|132|114|["132,18,5,3648","132,98,5,3874","132,114,5,466"]|13:54:51:977
62|1.1|636136518790836940|0|50096.9765625|16.51171298851|97.7307525676|-322447|314960||50096.9765625|340||33925|337.25|50096.9765625|8840f8|BKP745|0|1994|0|||3|3|0|1|1|132|114|["132,18,5,3648","132,98,5,3874","132,114,5,466"]|13:54:56:977
62|1.1|636136518840751931|0|50101.9765625|16.51904077257|97.7227059526|-323296|315784||50101.9765625|340||33918.75|337.25|50101.9765625|8840f8|BKP745|0|1994|0|||3|3|0|1|1|132|98|["132,18,5,3648","132,98,5,3874","132,114,5,466"]|13:55:01:977
62|1.1|636136518890686924|0|50106.9609375|16.52638464986|97.71481490549|-324128|316609||50106.9609375|339.75||33931.25|337|50106.9609375|8840f8|BKP745|0|1994|0|||3|3|0|1|1|132|98|["132,18,5,3648","132,98,5,3874","132,114,5,466"]|13:55:06:961
62|1.1|636136518940601915|0|50111.9609375|16.53378753566|97.70692922279|-324960|317441||50111.9609375|339.75||33943.75|337|50111.9609375|8840f8|BKP745|0|1994|0|||3|3|0|1|1|132|98|["132,18,5,3648","132,98,5,3874","132,114,5,466"]|13:55:11:961
62|1.1|636136518990516906|0|50116.9375|16.54119042146|97.6990489045|-325790|318273||50116.9375|339.75||33943.75|337|50116.9375|8840f8|BKP745|0|1994|0|||3|3|0|1|1|132|98|["132,18,5,3648","132,98,5,3874","132,114,5,466"]|13:55:16:938
62|1.1|636136519040441898|0|50121.9375|16.54871668869|97.69097010304|-326642|319119||50121.9375|339.75||33912.5|337|50121.9375|8840f8|BKP745|0|1994|0|||3|3|0|1|1|132|98|["132,18,5,3648","132,98,5,3874","132,114,5,466"]|13:55:21:938
62|1.1|636136519090366890|0|50126.9375|16.55611957449|97.68304686947|-327477|319951||50126.9375|339.75||33925|337|50126.9375|8840f8|BKP745|0|1994|0|||3|3|0|1|1|132|114|["132,18,5,3648","132,98,5,3874","132,114,5,466"]|13:55:26:938
62|1.1|636136519140281881|0|50131.921875|16.56301284134|97.67472130515|-328356|320727||50131.921875|339.75||33881.25|337|50131.921875|8840f8|BKP745|0|1994|0|||3|3|0|1|1|132|114|["132,18,5,3648","132,98,5,3874","132,114,5,466"]|13:55:31:922
62|1.1|636136519190206873|0|50136.921875|16.57045864242|97.66674442748|-329197|321564||50136.921875|339.75||33875|337|50136.921875|8840f8|BKP745|0|1994|0|||3|3|0|1|1|132|114|["132,18,5,3648","132,98,5,3874","132,114,5,466"]|13:55:36:922
62|1.1|636136519240131865|0|50141.8984375|16.57800100288|97.65891238888|-330022|322411||50141.8984375|339.75||33887.5|337|50141.8984375|8840f8|BKP745|0|1994|0|||3|3|0|1|1|132|114|["132,18,5,3648","132,98,5,3874","132,114,5,466"]|13:55:41:898
62|1.1|636136519290046856|0|50146.8984375|16.5853609734|97.651037435|-330852|323239||50146.8984375|339.75||33912.5|337|50146.8984375|8840f8|BKP745|0|1994|0|||3|3|0|1|1|132|114|["132,18,5,3648","132,98,5,3874","132,114,5,466"]|13:55:46:898
62|1.1|636136519339971848|0|50151.8984375|16.59294088473|97.64310347261|-331688|324091||50151.8984375|339.75||33906.25|337|50151.8984375|8840f8|BKP745|0|1994|0|||3|3|0|1|1|132|114|["132,18,5,3648","132,98,5,3874","132,114,5,466"]|13:55:51:898
62|1.1|636136519389896840|0|50156.875|16.60023111792|97.6352660696|-332514|324910||50156.875|339.75||33931.25|337|50156.875|8840f8|BKP745|0|1994|0|||3|3|0|1|1|132|114|["132,18,5,3648","132,98,5,3874","132,114,5,466"]|13:55:56:875
62|1.1|636136519439811831|0|50161.875|16.60788613099|97.62709607317|-333375|325771||50161.875|339.75||33881.25|337|50161.875|8840f8|BKP745|0|1994|0|||3|3|0|1|1|132|114|["132,18,5,3648","132,98,5,3874","132,114,5,466"]|13:56:01:875
62|1.1|636136519489736823|0|50166.859375|16.61535338971|97.6190655514|-334221|326610||50166.859375|339.75||33868.75|337|50166.859375|8840f8|BKP745|0|1994|0|||3|3|0|1|1|132|114|["132,18,5,3648","132,98,5,3874","132,114,5,466"]|13:56:06:859
62|1.1|636136519539661815|0|50171.859375|16.62277773315|97.61117450429|-335052|327445||50171.859375|339.75||33893.75|337|50171.859375|8840f8|BKP745|0|1994|0|||3|3|0|1|1|132|114|["132,18,5,3648","132,98,5,3874","132,114,5,466"]|13:56:11:859
62|1.1|636136519589596808|0|50176.859375|16.63014843249|97.6031332537|-335899|328274||50176.859375|339.75||33893.75|337|50176.859375|8840f8|BKP745|0|1994|0|||3|3|0|1|1|132|114|["132,18,5,3648","132,98,5,3874","132,114,5,466"]|13:56:16:859
62|1.1|636136519639501798|0|50181.8359375|16.63759959798|97.59517246926|-336738|329112||50181.8359375|339.75||33893.75|337|50181.8359375|8840f8|BKP745|0|1994|0|||3|3|0|1|1|132|114|["132,18,5,3648","132,98,5,3874","132,114,5,466"]|13:56:21:836
62|1.1|636136519689426790|0|50186.8359375|16.645227789|97.58689518463|-337610|329970||50186.8359375|339.75||33831.25|337|50186.8359375|8840f8|BKP745|0|1994|0|||3|3|0|1|1|132|98|["132,18,5,3648","132,98,5,3874","132,114,5,466"]|13:56:26:836
62|1.1|636136519739341781|0|50191.8203125|16.65261994598|97.57885393404|-338457|330801||50191.8203125|340||33825|337|50191.8203125|8840f8|BKP745|0|1994|0|||3|3|0|1|1|132|114|["132,18,5,3648","132,98,5,3874","132,114,5,466"]|13:56:31:820
62|1.1|636136519789286775|0|50196.8203125|16.6601408488|97.57090387842|-339294|331647||50196.8203125|340||33862.5|337.25|50196.8203125|8840f8|BKP745|0|1994|0|||3|3|0|1|1|132|98|["132,18,5,3648","132,98,5,3874","132,114,5,466"]|13:56:36:820
62|1.1|636136519839191765|0|50201.8203125|16.66762420075|97.56274997522|-340153|332489||50201.8203125|340||33856.25|337.25|50201.8203125|8840f8|BKP745|0|1994|0|||3|3|0|1|1|132|114|["132,18,5,3648","132,98,5,3874","132,114,5,466"]|13:56:41:820
62|1.1|636136519889106756|0|50206.796875|16.67495734922|97.55487502134|-340982|333314||50206.796875|340||33906.25|337.25|50206.796875|8840f8|BKP745|0|1994|0|||3|3|0|1|1|132|114|["132,18,5,3648","132,98,5,3874","132,114,5,466"]|13:56:46:797
62|1.1|636136519939031748|0|50211.796875|16.68247825204|97.54688741485|-341823|334160||50211.796875|340||33912.5|337.25|50211.796875|8840f8|BKP745|0|1994|0|||3|3|0|1|1|132|114|["132,18,5,3648","132,98,5,3874","132,114,5,466"]|13:56:51:797
62|1.1|636136519988956740|0|50216.78125|16.68987577343|97.53886225749|-342668|334992||50216.78125|340||33925|337.25|50216.78125|8840f8|BKP745|0|1994|0|||3|3|0|1|1|132|114|["132,18,5,3648","132,98,5,3874","132,114,5,466"]|13:56:56:781
62|1.1|636136520038871731|0|50221.78125|16.69739131184|97.53083173572|-343514|335837||50221.78125|340||33912.5|337.25|50221.78125|8840f8|BKP745|0|1994|0|||3|3|0|1|1|132|114|["132,18,5,3648","132,98,5,3874","132,114,5,466"]|13:57:01:781
62|1.1|636136520088796723|0|50226.78125|16.70491757907|97.52274220544|-344365|336684||50226.78125|340||33887.5|337.25|50226.78125|8840f8|BKP745|0|1994|0|||3|3|0|1|1|132|114|["132,18,5,3648","132,98,5,3874","132,114,5,466"]|13:57:06:781
62|1.1|636136520138741717|0|50231.7578125|16.71216489698|97.51479214982|-345202|337500||50231.7578125|340||33925|337.25|50231.7578125|8840f8|BKP745|0|1994|0|||3|3|0|1|1|132|114|["132,18,5,3648","132,98,5,3874","132,114,5,466"]|13:57:11:758
62|1.1|636136520188656708|0|50236.7578125|16.71961069806|97.50685818743|-346037|338337||50236.7578125|340||33943.75|337.25|50236.7578125|8840f8|BKP745|0|1994|0|||3|3|0|1|1|132|114|["132,18,5,3648","132,98,5,3874","132,114,5,466"]|13:57:16:758
62|1.1|636136520238561698|0|50241.7421875|16.72701358386|97.49881157243|-346884|339170||50241.7421875|340||33931.25|337.25|50241.7421875|8840f8|BKP745|0|1994|0|||3|3|0|1|1|132|114|["132,18,5,3648","132,98,5,3874","132,114,5,466"]|13:57:21:742
62|1.1|636136520288486690|0|50246.7421875|16.73440574084|97.49084005917|-347723|340002||50246.7421875|340||33950|337.25|50246.7421875|8840f8|BKP745|0|1994|0|||3|3|0|1|1|132|114|["132,18,5,3648","132,98,5,3874","132,114,5,466"]|13:57:26:742
62|1.1|636136520338401681|0|50251.7421875|16.7416798808|97.48283635945|-348566|340821||50251.7421875|340||33968.75|340|50251.7421875|8840f8|BKP745|0|1994|0|||3|3|0|1|1|132|114|["132,18,5,3648","132,98,5,3874","132,114,5,466"]|13:57:31:742
62|1.1|636136520388326673|0|50256.71875|16.74900766486|97.47491312588|-349400|341646||50256.71875|340||33987.5|340|50256.71875|8840f8|BKP745|0|1994|0|||3|3|0|1|1|132|114|["132,18,5,3648","132,98,5,3874","132,114,5,466"]|13:57:36:719
62|1.1|636136520438251665|0|50261.71875|16.75643737271|97.46690942616|-350242|342482||50261.71875|340.25||33981.25|340|50261.71875|8840f8|BKP745|0|1994|0|||3|3|0|1|1|132|114|["132,18,5,3648","132,98,5,3874","132,114,5,466"]|13:57:41:719
62|1.1|636136520488166656|0|50266.6953125|16.76377052118|97.45894327731|-351080|343308||50266.6953125|340.25||33993.75|340|50266.6953125|8840f8|BKP745|0|1994|0|||3|3|0|1|1|132|114|["132,18,5,3648","132,98,5,3874","132,114,5,466"]|13:57:46:695
62|1.1|636136520538111650|0|50271.6953125|16.77103929673|97.45099322169|-351917|344126||50271.6953125|340.25||34018.75|340|50271.6953125|8840f8|BKP745|0|1994|0|||3|3|0|1|1|132|98|["132,18,5,3648","132,98,5,3874","132,114,5,466"]|13:57:51:695
62|1.1|636136520588036642|0|50276.6953125|16.7784260893|97.44294124228|-352764|344957||50276.6953125|340.25||34006.25|340|50276.6953125|8840f8|BKP745|0|1994|0|||3|3|0|1|1|132|98|["132,18,5,3648","132,98,5,3874","132,114,5,466"]|13:57:56:695
62|1.1|636136520637951633|0|50281.6796875|16.78594162771|97.434851712|-353615|345804||50281.6796875|340.25||33956.25|340|50281.6796875|8840f8|BKP745|0|1994|0|||3|3|0|1|1|132|114|["132,18,5,3648","132,98,5,3874","132,114,5,466"]|13:58:01:680
62|1.1|636136520687866624|0|50286.6796875|16.7933391491|97.42689629197|-354452|346636||50286.6796875|340.25||33975|340|50286.6796875|8840f8|BKP745|0|1994|0|||3|3|0|1|1|132|114|["132,18,5,3648","132,98,5,3874","132,114,5,466"]|13:58:06:680
62|1.1|636136520737791616|0|50291.65625|16.80061328906|97.41887113461|-355296|347456||50291.65625|340.25||33968.75|340|50291.65625|8840f8|BKP745|0|1994|0|||3|3|0|1|1|132|114|["132,18,5,3648","132,98,5,3874","132,114,5,466"]|13:58:11:656
62|1.1|636136520787706607|0|50296.65625|16.80784987815|97.41087816371|-356137|348270||50296.65625|340.25||33987.5|340|50296.65625|8840f8|BKP745|0|1994|0|||3|3|0|1|1|132|114|["132,18,5,3648","132,98,5,3874","132,114,5,466"]|13:58:16:656
62|1.1|636136520837621598|0|50301.65625|16.81530640805|97.40281545548|-356985|349110||50301.65625|340.25||33962.5|340|50301.65625|8840f8|BKP745|0|1994|0|||3|3|0|1|1|132|114|["132,18,5,3648","132,98,5,3874","132,114,5,466"]|13:58:21:656
62|1.1|636136520887546590|0|50306.640625|16.82259664124|97.39487076427|-357821|349931||50306.640625|340.25||33981.25|340|50306.640625|8840f8|BKP745|0|1994|0|||3|3|0|1|1|132|114|["132,98,5,3874","132,114,5,466"]|13:58:26:641
62|1.1|636136520937481583|0|50311.640625|16.82998879822|97.38685097132|-358664|350764||50311.640625|340.25||33968.75|340|50311.640625|8840f8|BKP745|0|1994|0|||3|3|0|1|1|132|114|["132,98,5,3874","132,114,5,466"]|13:58:31:641
62|1.1|636136520987396574|0|50316.6171875|16.8373273111|97.3789009157|-359500|351590||50316.6171875|340.25||33975|340|50316.6171875|8840f8|BKP745|0|1994|0|||3|3|0|1|1|132|114|["132,98,5,3874","132,114,5,466"]|13:58:36:617
62|1.1|636136521037311565|0|50321.6171875|16.84477847659|97.37092940244|-360338|352429||50321.6171875|340.25||33968.75|340|50321.6171875|8840f8|BKP745|0|1994|0|||3|3|0|1|1|132|114|["132,98,5,3874","132,114,5,466"]|13:58:41:617
62|1.1|636136521087246558|0|50326.6171875|16.85226719295|97.36287205862|-361185|353272||50326.6171875|340.25||33937.5|340|50326.6171875|8840f8|BKP745|0|1994|0|||3|3|0|1|1|132|114|["132,98,5,3874","132,114,5,466"]|13:58:46:617
62|1.1|636136521137151548|0|50331.6015625|16.85956815496|97.35492736741|-362020|354094||50331.6015625|340||33937.5|340|50331.6015625|8840f8|BKP745|0|1994|0|||3|3|0|1|1|132|114|["132,98,5,3874","132,114,5,466"]|13:58:51:602
62|1.1|636136521187076540|0|50336.6015625|16.86709442219|97.34685929477|-362868|354942||50336.6015625|340||33906.25|340|50336.6015625|8840f8|BKP745|0|1994|0|||3|3|0|1|1|132|114|["132,98,5,3874","132,114,5,466"]|13:58:56:602
62|1.1|636136521237021534|0|50341.578125|16.87446512153|97.33889851033|-363705|355772||50341.578125|340||33906.25|340|50341.578125|8840f8|BKP745|0|1994|0|||3|3|0|1|1|132|114|["132,98,5,3874","132,114,5,466"]|13:59:01:578
62|1.1|636136521286926524|0|50346.578125|16.88179290559|97.33090017502|-364546|356598||50346.578125|340||33912.5|340|50346.578125|8840f8|BKP745|0|1994|0|||3|3|0|1|1|132|114|["132,98,5,3874","132,114,5,466"]|13:59:06:578
62|1.1|636136521336841515|0|50351.578125|16.88908850319|97.32298767027|-365377|357420||50351.578125|340||33943.75|340|50351.578125|8840f8|BKP745|0|1994|0|||3|3|0|1|1|132|114|["132,98,5,3874","132,114,5,466"]|13:59:11:578
62|1.1|636136521386766507|0|50356.5625|16.89652893986|97.31508589434|-366207|358258||50356.5625|340||33950|340|50356.5625|8840f8|BKP745|0|1994|0|||3|3|0|1|1|132|98|["132,98,5,3874","132,114,5,466"]|13:59:16:563
62|1.1|636136521436681498|0|50361.5625|16.9039532833|97.30714120313|-367042|359094||50361.5625|340||33962.5|340|50361.5625|8840f8|BKP745|0|1994|0|||3|3|0|1|1|132|98|["132,98,5,3874","132,114,5,466"]|13:59:21:563
62|1.1|636136521486616491|0|50366.5390625|16.91112549947|97.29913750341|-367883|359903||50366.5390625|340||33968.75|340|50366.5390625|8840f8|BKP745|0|1994|0|||3|3|0|1|1|132|114|["132,98,5,3874","132,114,5,466"]|13:59:26:539
62|1.1|636136521536551484|0|50371.5390625|16.91849619881|97.29108015959|-368730|360733||50371.5390625|340||33950|340|50371.5390625|8840f8|BKP745|0|1994|0|||3|3|0|1|1|132|114|["132,98,5,3874","132,114,5,466"]|13:59:31:539
62|1.1|636136521586456474|0|50376.5390625|16.92591517784|97.28304427341|-369574|361569||50376.5390625|340||33943.75|340|50376.5390625|8840f8|BKP745|0|1994|0|||3|3|0|1|1|132|114|["132,98,5,3874","132,114,5,466"]|13:59:36:539
62|1.1|636136521636371465|0|50381.515625|16.93316249575|97.27508885338|-370410|362386||50381.515625|340||33950|340|50381.515625|8840f8|BKP745|0|1994|0|||3|3|0|1|1|132|114|["132,98,5,3874","132,114,5,466"]|13:59:41:516
62|1.1|636136521686306458|0|50386.515625|16.9406994918|97.26699395869|-371260|363236||50386.515625|340||33906.25|340|50386.515625|8840f8|BKP745|0|1994|0|||3|3|0|1|1|132|114|["132,98,5,3874","132,114,5,466"]|13:59:46:516
62|1.1|636136521736221449|0|50391.5|16.94810774201|97.25896880133|-372103|364070||50391.5|340||33893.75|340|50391.5|8840f8|BKP745|0|1994|0|||3|3|0|1|1|132|114|["132,98,5,3874","132,114,5,466"]|13:59:51:500
62|1.1|636136521786126439|0|50396.5|16.95554281427|97.25092218633|-372948|364908||50396.5|340||33875|340|50396.5|8840f8|BKP745|0|1994|0|||3|3|0|1|1|132|114|["132,98,5,3874","132,114,5,466"]|13:59:56:500
62|1.1|636136521835911417|0|50401.5|16.96294033566|97.2429131222|-373790|365742||50401.5|340||33881.25|340|50401.5|8840f8|BKP745|0|1994|0|||3|3|0|1|1|132|114|["132,98,5,3874","132,114,5,466"]|14:00:01:500
62|1.1|636136521885836409|0|50406.4765625|16.970311035|97.23490405807|-374630|366573||50406.4765625|340||33881.25|340|50406.4765625|8840f8|BKP745|0|1994|0|||3|3|0|1|1|132|114|["132,98,5,3874","132,114,5,466"]|14:00:06:477
62|1.1|636136521935761401|0|50411.4765625|16.97768709875|97.22687890071|-375473|367404||50411.4765625|340||33887.5|340|50411.4765625|8840f8|BKP745|0|1994|0|||3|3|0|1|1|132|114|["132,98,5,3874","132,114,5,466"]|14:00:11:477
62|1.1|636136521985676392|0|50416.4609375|16.98513826424|97.21883765012|-376318|368244||50416.4609375|340||33868.75|340|50416.4609375|8840f8|BKP745|0|1994|0|||3|3|0|1|1|132|114|["132,98,5,3874","132,114,5,466"]|14:00:16:461
62|1.1|636136522035591383|0|50421.4609375|16.99261625178|97.21074275543|-377168|369087||50421.4609375|340||33856.25|340|50421.4609375|8840f8|BKP745|0|1994|0|||3|3|0|1|1|132|114|["132,98,5,3874","132,114,5,466"]|14:00:21:461
62|1.1|636136522085516375|0|50426.4609375|17.00005668845|97.20269614043|-378012|369926||50426.4609375|340||33850|340|50426.4609375|8840f8|BKP745|0|1994|0|||3|3|0|1|1|132|114|["132,98,5,3874","132,114,5,466"]|14:00:26:461
62|1.1|636136522135431366|0|50431.4375|17.00726645549|97.19472999158|-378849|370739||50431.4375|340||33887.5|340|50431.4375|8840f8|BKP745|0|1994|0|||3|3|0|1|1|132|114|["132,98,5,3874","132,114,5,466"]|14:00:31:438
62|1.1|636136522185356358|0|50436.4375|17.01468543452|97.18674238509|-379687|371575||50436.4375|340||33906.25|340|50436.4375|8840f8|BKP745|0|1994|0|||3|3|0|1|1|132|98|["132,98,5,3874","132,114,5,466"]|14:00:36:438
62|1.1|636136522235281350|0|50441.421875|17.02195421007|97.17874941419|-380526|372395||50441.421875|340||33912.5|340|50441.421875|8840f8|BKP745|0|1994|0|||3|3|0|1|1|132|114|["132,98,5,3874","132,114,5,466"]|14:00:41:422
62|1.1|636136522285196341|0|50446.421875|17.02936246028|97.17078326534|-381362|373231||50446.421875|340||33925|340|50446.421875|8840f8|BKP745|0|1994|0|||3|3|0|1|1|132|114|["132,98,5,3874","132,114,5,466"]|14:00:46:422
62|1.1|636136522335121333|0|50451.421875|17.03678143931|97.16269909947|-382211|374067||50451.421875|340||33893.75|340|50451.421875|8840f8|BKP745|0|1994|0|||3|3|0|1|1|132|114|["132,98,5,3874","132,114,5,466"]|14:00:51:422
62|1.1|636136522385206341|0|50456.3984375|17.04418432511|97.15467930652|-383052|374902||50456.3984375|340||33881.25|340|50456.3984375|8840f8|BKP745|0|1994|0|||3|3|0|1|1|132|114|["132,98,5,3874","132,114,5,466"]|14:00:56:398
62|1.1|636136522434981318|0|50461.3984375|17.05130289718|97.14677753059|-383882|375705||50461.3984375|340||33950|340|50461.3984375|8840f8|BKP745|0|1994|0|||3|3|0|1|1|132|114|["132,98,5,3874","132,114,5,466"]|14:01:01:398
62|1.1|636136522484906310|0|50466.375|17.05859849478|97.13884893261|-384714|376528||50466.375|340||33962.5|340|50466.375|8840f8|BKP745|0|1994|0|||3|3|0|1|1|132|114|["132,98,5,3874","132,114,5,466"]|14:01:06:375
62|1.1|636136522534801299|0|50471.375|17.06566878716|97.13103298724|-385534|377325||50471.375|339.75||34031.25|340.25|50471.375|8840f8|BKP745|0|1994|0|||3|3|0|1|1|132|114|["132,98,5,3874","132,114,5,466"]|14:01:11:375
62|1.1|636136522584726291|0|50476.375|17.07345254607|97.12276106702|-386401|378203||50476.375|339.75||33868.75|339.75|50476.375|8840f8|BKP745|0|1994|0|||3|3|0|1|1|132|114|["132,98,5,3874","132,114,5,466"]|14:01:16:375
62|1.1|636136522634651283|0|50481.359375|17.08083397423|97.11476273171|-387240|379036||50481.359375|339.75||33850|339.75|50481.359375|8840f8|BKP745|0|1994|0|||3|3|0|1|1|132|114|["132,98,5,3874","132,114,5,466"]|14:01:21:359
62|1.1|636136522684566274|0|50486.359375|17.08821540239|97.10673220994|-388083|379868||50486.359375|339.75||33837.5|339.75|50486.359375|8840f8|BKP745|0|1994|0|||3|3|0|1|1|132|114|["132,98,5,3874","132,114,5,466"]|14:01:26:359
62|1.1|636136522734491266|0|50491.3359375|17.09545735589|97.09881434078|-388913|380686||50491.3359375|339.75||33868.75|339.75|50491.3359375|8840f8|BKP745|0|1994|0|||3|3|0|1|1|132|114|["132,98,5,3874","132,114,5,466"]|14:01:31:336
62|1.1|636136522784416258|0|50496.3359375|17.1029192502|97.09082673429|-389751|381527||50496.3359375|340||33862.5|339.75|50496.3359375|8840f8|BKP745|0|1994|0|||3|3|0|1|1|132|114|["132,98,5,3874","132,114,5,466"]|14:01:36:336
62|1.1|636136522834341250|0|50501.3359375|17.11025239867|97.08282839898|-390590|382355||50501.3359375|340||33881.25|340|50501.3359375|8840f8|BKP745|0|1994|0|||3|3|0|1|1|132|114|["132,98,5,3874","132,114,5,466"]|14:01:41:336
62|1.1|636136522884256241|0|50506.3203125|17.11744607248|97.07483542808|-391428|383167||50506.3203125|340||33893.75|340|50506.3203125|8840f8|BKP745|0|1994|0|||3|3|0|1|1|132|114|["132,98,5,3874","132,114,5,466"]|14:01:46:320
62|1.1|636136522934181233|0|50511.3203125|17.12476312772|97.06684782159|-392266|383992||50511.3203125|340||33906.25|340|50511.3203125|8840f8|BKP745|0|1994|0|||3|3|0|1|1|132|114|["132,98,5,3874","132,114,5,466"]|14:01:51:320
62|1.1|636136522984106225|0|50516.296875|17.13214992029|97.05883875746|-393106|384826||50516.296875|340||33893.75|340|50516.296875|8840f8|BKP745|0|1994|0|||3|3|0|1|1|132|114|["132,98,5,3874","132,114,5,466"]|14:01:56:297
62|1.1|636136523034021216|0|50521.296875|17.13947233994|97.05086187979|-393942|385652||50521.296875|340||33900|340|50521.296875|8840f8|BKP745|0|1994|0|||3|3|0|1|1|132|114|["132,98,5,3874","132,114,5,466"]|14:02:01:297
62|1.1|636136523083946208|0|50526.296875|17.1467464799|97.04294937504|-394771|386473||50526.296875|340||33931.25|340|50526.296875|8840f8|BKP745|0|1994|0|||3|3|0|1|1|132|114|["132,98,5,3874","132,114,5,466"]|14:02:06:297
62|1.1|636136523133871200|0|50531.28125|17.15428884036|97.03491885327|-395613|387324||50531.28125|340||33887.5|340|50531.28125|8840f8|BKP745|0|1994|0|||3|3|0|1|1|132|114|["132,98,5,3874","132,114,5,466"]|14:02:11:281
62|1.1|636136523183786191|0|50536.28125|17.16154152268|97.02687223827|-396457|388143||50536.28125|340||33893.75|340|50536.28125|8840f8|BKP745|0|1994|0|||3|3|0|1|1|132|114|["132,98,5,3874","132,114,5,466"]|14:02:16:281
62|1.1|636136523233711183|0|50541.2578125|17.168794205|97.01887390296|-397295|388962||50541.2578125|340||33887.5|340|50541.2578125|8840f8|BKP745|0|1994|0|||3|3|0|1|1|132|114|["132,98,5,3874","132,114,5,466"]|14:02:21:258
62|1.1|636136523283636175|0|50546.2578125|17.17593959912|97.01081119473|-398141|389769||50546.2578125|340||33900|340|50546.2578125|8840f8|BKP745|0|1994|0|||3|3|0|1|1|132|114|["132,98,5,3874","132,114,5,466"]|14:02:26:258
62|1.1|636136523333551166|0|50551.2578125|17.18326201877|97.00290405439|-398969|390595||50551.2578125|340||33937.5|340|50551.2578125|8840f8|BKP745|0|1994|0|||3|3|0|1|1|132|98|["132,98,5,3874","132,114,5,466"]|14:02:31:258
62|1.1|636136523383496160|0|50556.2421875|17.19060589606|96.99499691405|-399798|391424||50556.2421875|340||33956.25|340|50556.2421875|8840f8|BKP745|0|1994|0|||3|3|0|1|1|132|98|["132,98,5,3874","132,114,5,466"]|14:02:36:242
62|1.1|636136523433401150|0|50561.2421875|17.19774056136|96.98702003638|-400634|392230||50561.2421875|340||33968.75|340|50561.2421875|8840f8|BKP745|0|1994|0|||3|3|0|1|1|132|98|["132,98,5,3874","132,114,5,466"]|14:02:41:242
62|1.1|636136523483316141|0|50566.21875|17.20477866728|96.97896805697|-401479|393025||50566.21875|340||33943.75|340|50566.21875|8840f8|BKP745|0|1994|0|||3|3|0|1|1|132|114|["132,98,5,3874","132,114,5,466"]|14:02:46:219
62|1.1|636136523533251134|0|50571.21875|17.21222983277|96.97100190812|-402313|393866||50571.21875|340||33931.25|340|50571.21875|8840f8|BKP745|0|1994|0|||3|3|0|1|1|132|98|["132,98,5,3874","132,114,5,466"]|14:02:51:219
62|1.1|636136523583176126|0|50576.21875|17.21977755764|96.96290164902|-403161|394718||50576.21875|340||33856.25|340|50576.21875|8840f8|BKP745|0|1994|0|||3|3|0|1|1|132|98|["132,98,5,3874","132,114,5,466"]|14:02:56:219
62|1.1|636136523633081116|0|50581.1953125|17.22719117226|96.95497305104|-403992|395555||50581.1953125|340||33843.75|340|50581.1953125|8840f8|BKP745|0|1994|0|||3|3|0|1|1|132|98|["132,98,5,3874","132,114,5,466"]|14:03:01:195
62|1.1|636136523683006108|0|50586.1953125|17.23452432073|96.94706054629|-404820|396383||50586.1953125|340||33875|340|50586.1953125|8840f8|BKP745|0|1994|0|||3|3|0|1|1|132|98|["132,98,5,3874","132,114,5,466"]|14:03:06:195
62|1.1|636136523732921099|0|50591.1796875|17.24198621504|96.93904611775|-405660|397226||50591.1796875|340||33843.75|340|50591.1796875|8840f8|BKP745|0|1994|0|||3|3|0|1|1|132|98|["132,98,5,3874","132,114,5,466"]|14:03:11:180
62|1.1|636136523782846091|0|50596.1796875|17.24933009233|96.93108533331|-406493|398055||50596.1796875|340||33837.5|340|50596.1796875|8840f8|BKP745|0|1994|0|||3|3|0|1|1|132|98|["132,98,5,3874","132,114,5,466"]|14:03:16:180
62|1.1|636136523832781084|0|50601.1796875|17.25652376614|96.92323720148|-407315|398867||50601.1796875|340||33981.25|340|50601.1796875|8840f8|BKP745|0|1994|0|||3|3|0|1|1|132|98|["132,98,5,3874","132,114,5,466"]|14:03:21:180
62|1.1|636136523882716077|0|50606.15625|17.26402857573|96.91516376443|-408160|399715||50606.15625|340||33887.5|340|50606.15625|8840f8|BKP745|0|1994|0|||3|3|0|1|1|132|98|["132,98,5,3874","132,114,5,466"]|14:03:26:156
62|1.1|636136523932631068|0|50611.15625|17.27137245302|96.90720297999|-408994|400544||50611.15625|340||33943.75|340|50611.15625|8840f8|BKP745|0|1994|0|||3|3|0|1|1|132|98|["132,98,5,3874","132,114,5,466"]|14:03:31:156
62|1.1|636136523982556060|0|50616.140625|17.2785500336|96.89936021257|-409815|401355||50616.140625|340||34012.5|340|50616.140625|8840f8|BKP745|0|1994|0|||3|3|0|1|1|132|98|["132,98,5,3874","132,114,5,466"]|14:03:36:141
62|1.1|636136524032471051|0|50621.140625|17.28595828381|96.89133505521|-410655|402192||50621.140625|340||33987.5|340|50621.140625|8840f8|BKP745|0|1994|0|||3|3|0|1|1|132|98|["132,98,5,3874"]|14:03:41:141
62|1.1|636136524082396043|0|50626.140625|17.29329679669|96.88335817754|-411490|403021||50626.140625|340||33987.5|340|50626.140625|8840f8|BKP745|0|1994|0|||3|3|0|1|1|132|98|["132,98,5,3874"]|14:03:46:141
62|1.1|636136524132301033|0|50631.1171875|17.30046364845|96.87553150335|-412310|403830||50631.1171875|340||34043.75|340|50631.1171875|8840f8|BKP745|0|1994|0|||3|3|0|1|1|132|98|["132,98,5,3874"]|14:03:51:117
62|1.1|636136524182226025|0|50636.1171875|17.30776997487|96.86755999009|-413144|404656||50636.1171875|340||34031.25|340|50636.1171875|8840f8|BKP745|0|1994|0|||3|3|0|1|1|132|98|["132,98,5,3874"]|14:03:56:117
62|1.1|636136524232141016|0|50641.1015625|17.31514603862|96.85954556155|-413983|405489||50641.1015625|340||33993.75|340|50641.1015625|8840f8|BKP745|0|1994|0|||3|3|0|1|1|132|98|["132,98,5,3874"]|14:04:01:102
62|1.1|636136524282086010|0|50646.1015625|17.32246845827|96.85155795506|-414819|406317||50646.1015625|340||33981.25|340|50646.1015625|8840f8|BKP745|0|1994|0|||3|3|0|1|1|132|98|["132,98,5,3874"]|14:04:06:102
62|1.1|636136524331991000|0|50651.1015625|17.32991425935|96.84346306037|-415666|407158||50651.1015625|340||33943.75|340|50651.1015625|8840f8|BKP745|0|1994|0|||3|3|0|1|1|132|98|["132,98,5,3874"]|14:04:11:102
62|1.1|636136524381915992|0|50656.078125|17.33716157726|96.83551836916|-416497|407977||50656.078125|340||33962.5|340|50656.078125|8840f8|BKP745|0|1994|0|||3|3|0|1|1|132|98|["132,98,5,3874"]|14:04:16:078
62|1.1|636136524431830983|0|50661.078125|17.34448936132|96.82752003385|-417334|408805||50661.078125|340.25||33975|340|50661.078125|8840f8|BKP745|0|1994|0|||3|3|0|1|1|132|98|["132,98,5,3874"]|14:04:21:078
62|1.1|636136524481755975|0|50666.0625|17.35199953532|96.81937149506|-418187|409654||50666.0625|340.25||33906.25|340|50666.0625|8840f8|BKP745|0|1994|0|||3|3|0|1|1|132|98|["132,98,5,3874"]|14:04:26:063
62|1.1|636136524531680967|0|50671.0625|17.35952043814|96.81122295627|-419039|410504||50671.0625|340.25||33862.5|340|50671.0625|8840f8|BKP745|0|1994|0|||3|3|0|1|1|132|98|["132,98,5,3874"]|14:04:31:063
62|1.1|636136524581595958|0|50676.0625|17.36684285779|96.80326217183|-419872|411332||50676.0625|340.25||33850|340|50676.0625|8840f8|BKP745|0|1994|0|||3|3|0|1|1|132|98|["132,98,5,3874"]|14:04:36:063
62|1.1|636136524631540952|0|50681.0390625|17.37414918421|96.79531748062|-420703|412158||50681.0390625|340.25||33831.25|340|50681.0390625|8840f8|BKP745|0|1994|0|||3|3|0|1|1|132|98|[]|14:04:41:039
62|1.1|636136524681435941|0|50686.0390625|17.38148233268|96.78734596736|-421537|412986||50686.0390625|340.25||33818.75|340|50686.0390625|8840f8|BKP745|0|1994|0|||3|3|0|1|1|132|98|[]|14:04:46:039
62|1.1|636136524877995595|0|50704.5|17.41261200391|96.75435484586|-424985|416504||50704.5|340||33918.75|340|50704.5|8840f8|X|0|2927|0|||3|3|0|1|1|132|98|["132,98,5,3903","132,114,5,598"]|14:05:04:500
62|1.1|636136524881135909|0|50706|17.41411403871|96.75240220062|-425190|416674||50706|340||33918.75|340|50706|8840f8|X|0|2927|0|||3|3|0|1|1|132|98|["132,98,5,3903","132,114,5,598"]|14:05:06:000
62|1.1|636136524931050900|0|50711|17.41750434583|96.74706997708|-425751|417061||50711|340||33837.5|340|50711|8840f8|BKP745|0|2927|0|||3|3|0|1|1|132|98|["132,98,5,3903","132,114,5,598"]|14:05:11:000
62|1.1|636136524980975892|0|50715.9765625|17.42438688386|96.73928085376|-426565|417840||50715.9765625|340||33812.5|340|50715.9765625|8840f8|BKP745|0|2927|0|||3|3|0|1|1|132|98|["132,98,5,3903","132,114,5,598"]|14:05:15:977
62|1.1|636136525030890883|0|50720.9765625|17.4305237689|96.7313093405|-427401|418536||50720.9765625|340||33743.75|340|50720.9765625|8840f8|BKP745|0|2927|0|||3|3|0|1|1|132|114|["132,98,5,3903","132,114,5,598"]|14:05:20:977
62|1.1|636136525080815875|0|50725.9765625|17.44080197846|96.72237223344|-428331|419694||50725.9765625|340||33906.25|340|50725.9765625|8840f8|BKP745|0|2927|0|||3|3|0|1|1|132|98|["132,98,5,3903","132,114,5,598"]|14:05:25:977
62|1.1|636136525130730866|0|50730.9609375|17.44823705072|96.71432561844|-429172|420535||50730.9609375|340||33906.25|340|50730.9609375|8840f8|BKP745|0|2927|0|||3|3|0|1|1|132|98|["132,98,5,3903","132,114,5,598"]|14:05:30:961
62|1.1|636136525180655858|0|50735.9609375|17.45567212298|96.7062575458|-430015|421375||50735.9609375|340||33900|340|50735.9609375|8840f8|BKP745|0|2927|0|||3|3|0|1|1|132|98|["132,98,5,3903","132,114,5,598"]|14:05:35:961
62|1.1|636136525230590851|0|50740.9375|17.46303745791|96.69820556639|-430857|422209||50740.9375|340||33887.5|340|50740.9375|8840f8|BKP745|0|2927|0|||3|3|0|1|1|132|98|["132,98,5,3903","132,114,5,598"]|14:05:40:938
62|1.1|636136525280495841|0|50745.9375|17.46986098743|96.69036279897|-431677|422981||50745.9375|340||33931.25|340|50745.9375|8840f8|BKP745|0|2927|0|||3|3|0|1|1|132|98|["132,98,5,3903","132,114,5,598"]|14:05:45:938
62|1.1|636136525330430834|0|50750.9375|17.47715122062|96.68224108223|-432526|423806||50750.9375|340||33900|340|50750.9375|8840f8|BKP745|0|2927|0|||3|3|0|1|1|132|98|["132,98,5,3903","132,114,5,598"]|14:05:50:938
62|1.1|636136525380345825|0|50755.921875|17.48439317412|96.67421592487|-433365|424625||50755.921875|340||33887.5|340|50755.921875|8840f8|BKP745|0|2927|0|||3|3|0|1|1|132|98|["132,98,5,3903","132,114,5,598"]|14:05:55:922
62|1.1|636136525430260816|0|50760.921875|17.49164585644|96.6663463354|-434187|425446||50760.921875|340||33918.75|340|50760.921875|8840f8|BKP745|0|2927|0|||3|3|0|1|1|132|98|["132,98,5,3903","132,114,5,598"]|14:06:00:922
62|1.1|636136525480185808|0|50765.8984375|17.49879661497|96.65830508481|-435028|426255||50765.8984375|340||33906.25|340|50765.8984375|8840f8|BKP745|0|2927|0|||3|3|0|1|1|132|98|["132,98,5,3903","132,114,5,598"]|14:06:05:898
62|1.1|636136525530110800|0|50770.8984375|17.50652136537|96.65021019012|-435873|427129||50770.8984375|340||33862.5|340|50770.8984375|8840f8|BKP745|0|2927|0|||3|3|0|1|1|132|98|["132,98,5,3903","132,114,5,598"]|14:06:10:898
62|1.1|636136525580025791|0|50775.8984375|17.51384378502|96.64227086332|-436702|427957||50775.8984375|340||33887.5|340|50775.8984375|8840f8|BKP745|0|2927|0|||3|3|0|1|1|132|98|["132,98,5,3903","132,114,5,598"]|14:06:15:898
62|1.1|636136525629950783|0|50780.875|17.5209140774|96.6343744518|-437527|428757||50780.875|340.25||33962.5|340|50780.875|8840f8|BKP745|0|2927|0|||3|3|0|1|1|132|98|["132,98,5,3903","132,114,5,598"]|14:06:20:875
62|1.1|636136525679875775|0|50785.875|17.52829014115|96.6262205486|-438379|429592||50785.875|340||33906.25|340|50785.875|8840f8|BKP745|0|2927|0|||3|3|0|1|1|132|114|["132,98,5,3903","132,114,5,598"]|14:06:25:875
62|1.1|636136525729800767|0|50790.859375|17.53558573875|96.6180666454|-439231|430418||50790.859375|340||33856.25|340|50790.859375|8840f8|BKP745|0|2927|0|||3|3|0|1|1|132|114|["132,98,5,3903","132,114,5,598"]|14:06:30:859
62|1.1|636136525779735760|0|50795.859375|17.54277404815|96.60982691164|-440092|431233||50795.859375|340||33812.5|340|50795.859375|8840f8|BKP745|0|2927|0|||3|3|0|1|1|132|114|["132,98,5,3903","132,114,5,598"]|14:06:35:859
62|1.1|636136525829650751|0|50800.859375|17.55002673047|96.60185003397|-440925|432054||50800.859375|340||33800|340|50800.859375|8840f8|BKP745|0|2927|0|||3|3|0|1|1|132|114|["132,98,5,3903","132,114,5,598"]|14:06:40:859
62|1.1|636136525879565742|0|50805.8359375|17.55762273503|96.59380341897|-441765|432913||50805.8359375|340||33800|340|50805.8359375|8840f8|BKP745|0|2927|0|||3|3|0|1|1|132|98|["132,98,5,3903"]|14:06:45:836
62|1.1|636136525929480733|0|50810.8359375|17.56444626455|96.58600356683|-442580|433686||50810.8359375|340||33950|340|50810.8359375|8840f8|BKP745|0|2927|0|||3|3|0|1|1|132|98|["132,98,4,3903"]|14:06:50:836
62|1.1|636136525979405725|0|50815.8203125|17.57165066718|96.57808033326|-443407|434502||50815.8203125|340||33981.25|340|50815.8203125|8840f8|BKP745|0|2927|0|||3|3|0|1|1|132|98|["132,98,4,3903"]|14:06:55:820
62|1.1|636136526029330717|0|50820.8203125|17.57888725627|96.57013027764|-444237|435321||50820.8203125|340||34006.25|340|50820.8203125|8840f8|BKP745|0|2927|0|||3|3|0|1|1|132|98|[]|14:07:00:820
62|1.1|636136526079245708|0|50825.8203125|17.58645643878|96.56197637444|-445088|436177||50825.8203125|340||33900|340|50825.8203125|8840f8|BKP745|0|2927|0|||3|3|0|1|1|132|98|["132,98,5,3903"]|14:07:05:820
62|1.1|636136526129170700|0|50830.796875|17.59367157023|96.55405314087|-445915|436995||50830.796875|340||33906.25|340|50830.796875|8840f8|BKP745|0|2927|0|||3|3|0|1|1|132|98|["132,98,5,3903"]|14:07:10:797
62|1.1|636136526179095692|0|50835.796875|17.60092961696|96.54609772084|-446746|437816||50835.796875|340||33912.5|340|50835.796875|8840f8|BKP745|0|2927|0|||3|3|0|1|1|132|98|[]|14:07:15:797
62|1.1|636136526229020684|0|50840.78125|17.60815547723|96.53817448727|-447573|438634||50840.78125|340||33918.75|340|50840.78125|8840f8|BKP745|0|2927|0|||3|3|0|1|1|132|98|[]|14:07:20:781
62|1.1|636136527193117084|0|50935.8203125|17.74367120265|96.37627122906|-464488|454016||50935.8203125|||14587.5|||8840f8|X|X|2148|||||||1|1|132|114|["132,114,4"]|14:08:55:820
62|1.1|636136527227450517|0|50940.6171875|17.7525493012|96.36897563146|-465243|455017||50940.6171875|||15006.25|||8840f8|X|X|2148|||||||1|1|132|114|["132,114,4"]|14:09:00:617
62|1.1|636136527277375509|0|50945.6171875|17.75628829497|96.3648664934|-465669|455441||50945.6171875|340||34093.75|||8840f8|X|0|2148||||3|3|3|1|1|132|114|["132,114,5,610"]|14:09:05:617
62|1.1|636136527327290500|0|50950.6171875|17.76344978232|96.35562897938|-466634|456256||50950.6171875|340.25||34212.5|||8840f8|BKP745|0|2148||||3|3|3|1|1|132|114|["132,114,5,610"]|14:09:10:617
62|1.1|636136527377215492|0|50955.6015625|17.77415178027|96.34824218681|-467395|457460||50955.6015625|340.25||34087.5|340.25|50955.6015625|8840f8|BKP745|0|2148|0|||3|3|0|1|1|132|114|["132,114,5,610"]|14:09:15:602
62|1.1|636136527427140484|0|50960.6015625|17.77931234269|96.33912805422|-468351|458052||50960.6015625|340.25||34025|340.25|50960.6015625|8840f8|BKP745|0|2148|0|||3|3|0|1|1|132|114|["132,114,5,610"]|14:09:20:602
62|1.1|636136527477055475|0|50965.578125|17.78658648265|96.3310707104|-469191|458877||50965.578125|340.25||33975|340.25|50965.578125|8840f8|BKP745|0|2148|0|||3|3|0|1|1|132|114|["132,114,5,610"]|14:09:25:578
62|1.1|636136527526980467|0|50970.578125|17.79234249458|96.32255202732|-470083|459535||50970.578125|340.25||33937.5|340.25|50970.578125|8840f8|BKP745|0|2148|0|||3|3|0|1|1|132|114|["132,114,5,610"]|14:09:30:578
62|1.1|636136527576895458|0|50975.578125|17.80021744846|96.31423182741|-470949|460427||50975.578125|340.25||33993.75|340.25|50975.578125|8840f8|BKP745|0|2148|0|||3|3|0|1|1|132|114|["132,114,5,610"]|14:09:35:578
62|1.1|636136527626820450|0|50980.5625|17.80878977564|96.30690940776|-471707|461395||50980.5625|340.25||33900|340.25|50980.5625|8840f8|BKP745|0|2148|0|||3|3|0|1|1|132|114|["132,114,5,610"]|14:09:40:563
62|1.1|636136527676745442|0|50985.5625|17.81278089668|96.29805276685|-472639|461857||50985.5625|340.25||33875|340|50985.5625|8840f8|BKP745|0|2148|0|||3|3|0|1|1|132|114|["132,114,5,610"]|14:09:45:563
62|1.1|636136527726660433|0|50990.5390625|17.8199799349|96.29013489769|-473464|462674||50990.5390625|340.25||33850|340|50990.5390625|8840f8|BKP745|0|2148|0|||3|3|0|1|1|132|114|["132,114,5,610"]|14:09:50:539
62|1.1|636136527776585425|0|50995.5390625|17.83051563614|96.28313970705|-474182|463859||50995.5390625|340.25||33818.75|340|50995.5390625|8840f8|BKP745|0|2148|0|||3|3|0|1|1|132|114|["132,114,5,610"]|14:09:55:539
62|1.1|636136527826510417|0|51000.5390625|17.83829403064|96.27506627|-475022|464740||51000.5390625|340.25||33831.25|340|51000.5390625|8840f8|BKP745|0|2148|0|||3|3|0|1|1|132|114|["132,114,5,610"]|14:10:00:539
62|1.1|636136527876425408|0|51005.515625|17.84724186652|96.26758291805|-475796|465750||51005.515625|340.5||33818.75|340.5|51005.515625|8840f8|BKP745|0|2148|0|||3|3|0|1|1|132|114|["132,114,5,610"]|14:10:05:516
62|1.1|636136527926350400|0|51010.515625|17.85491297282|96.25973478622|-476612|466619||51010.515625|340.5||33812.5|340.5|51010.515625|8840f8|BKP745|0|2148|0|||3|3|0|1|1|132|114|["132,114,5,610"]|14:10:10:516
62|1.1|636136527976265391|0|51015.5|17.8631097913|96.25207977315|-477406|467545||51015.5|340.25||33800|340|51015.5|8840f8|BKP745|0|2148|0|||3|3|0|1|1|132|114|["132,114,5,610"]|14:10:15:500
62|1.1|636136528026190383|0|51020.5|17.86889798969|96.24361473417|-478292|468207||51020.5|340.25||33806.25|340|51020.5|8840f8|BKP745|0|2148|0|||3|3|0|1|1|132|114|["132,114,5,610"]|14:10:20:500
62|1.1|636136528076115375|0|51025.5|17.87660128245|96.23563249209|-479122|469080||51025.5|340.25||33812.5|340|51025.5|8840f8|BKP745|0|2148|0|||3|3|0|1|1|132|114|["132,114,5,610"]|14:10:25:500
62|1.1|636136528126040367|0|51030.4765625|17.88426165993|96.22768243647|-479948|469948||51030.4765625|340.25||33825|340|51030.4765625|8840f8|BKP745|0|2148|0|||3|3|0|1|1|132|114|[]|14:10:30:477
62|1.1|636136528175955358|0|51035.4765625|17.89194885946|96.21971628762|-480776|470819||51035.4765625|340.25||33831.25|340|51035.4765625|8840f8|BKP745|0|2148|0|||3|3|0|1|1|132|114|[]|14:10:35:477
62|1.1|636136528394357196|0|51056.015625|17.91247845653|96.18539479244|-484373|473176||51056.015625|340||33662.5|||8840f8|X|X|2961||||3|3|3|1|1|132|114|["132,114,5,618"]|14:10:56:016
62|1.1|636136528425560316|0|51060.4375|17.9173439764|96.17561547301|-485400|473738||51060.4375|340||34056.25|||8840f8|X|X|2961||||3|3|3|1|1|132|114|["132,114,5,618"]|14:11:00:438
62|1.1|636136528475485308|0|51065.421875|17.92282103901|96.16459697487|-486557|474372||51065.421875|340||34493.75|||8840f8|X|X|2961||||3|3|3|1|1|132|114|["132,114,5,618"]|14:11:05:422
