62|1.1|636136510344862427|0|49252.3984375|11.2679968491|100.04036174223|-77382|-267412||49252.3984375|350.25||35012.5|347.75|49252.3984375|884204|BKP264|0|2609|0|||3|3|0|1|1|132|5|["132,18,5,3720","132,210,2,2124","132,82,5"]|13:40:52:398
62|1.1|636136510394797420|0|49257.375|11.27814094841|100.04272744704|-77121|-266290||49257.375|350.25||35025|347.75|49257.375|884204|BKP264|0|2609|0|||3|3|0|1|1|132|5|["132,18,5,3720","132,210,2,2124","132,82,5"]|13:40:57:375
62|1.1|636136510444702410|0|49262.375|11.28842988679|100.04513070272|-76855|-265152||49262.375|350.25||35031.25|347.75|49262.375|884204|BKP264|0|2609|0|||3|3|0|1|1|132|18|["132,18,5,3720","132,210,2,2124","132,82,5"]|13:41:02:375
62|1.1|636136510494627402|0|49267.375|11.29918552884|100.04763051778|-76579|-263962||49267.375|350.25||35031.25|347.75|49267.375|884204|BKP264|0|2609|0|||3|3|0|1|1|132|83|["132,18,5,3720","132,210,2,2124","132,82,5"]|13:41:07:375
62|1.1|636136510544552394|0|49272.359375|11.30943691635|100.0500552311|-76311|-262828||49272.359375|350.25||35037.5|347.75|49272.359375|884204|BKP264|0|2609|0|||3|3|0|1|1|132|18|["132,18,5,3720","132,210,2,2124","132,82,5"]|13:41:12:359
62|1.1|636136510594477386|0|49277.359375|11.31861542186|100.05232974094|-76060|-261813||49277.359375|350.25||35018.75|347.75|49277.359375|884204|BKP264|0|2609|0|||3|3|0|1|1|132|18|["132,18,5,3720","132,210,2,2124","132,82,5"]|13:41:17:359
62|1.1|636136510644392377|0|49282.3359375|11.32865759738|100.05473299662|-75794|-260703||49282.3359375|350.25||35025|347.75|49282.3359375|884204|BKP264|0|2609|0|||3|3|0|1|1|132|18|["132,18,5,3720","132,210,2,2124","132,82,5"]|13:41:22:336
62|1.1|636136510694317369|0|49287.3359375|11.33900554427|100.05715234553|-75527|-259558||49287.3359375|350.25||35031.25|347.75|49287.3359375|884204|BKP264|0|2609|0|||3|3|0|1|1|132|18|["132,18,5,3720","132,210,2,2124","132,82,5"]|13:41:27:336
62|1.1|636136510744242361|0|49292.3359375|11.34922474532|100.05956096562|-75261|-258428||49292.3359375|350.25||35031.25|347.75|49292.3359375|884204|BKP264|0|2609|0|||3|3|0|1|1|132|18|["132,18,5,3720","132,210,2,2124","132,82,5"]|13:41:32:336
62|1.1|636136510794157352|0|49297.3203125|11.35948686165|100.06195885689|-74996|-257293||49297.3203125|350.25||35037.5|347.75|49297.3203125|884204|BKP264|0|2609|0|||3|3|0|1|1|132|18|["132,18,5,3720","132,210,2,2124","132,82,5"]|13:41:37:320
62|1.1|636136510844082344|0|49302.3203125|11.36990454587|100.06428164642|-74740|-256141||49302.3203125|350.25||35050|347.75|49302.3203125|884204|BKP264|0|2609|0|||3|3|0|1|1|132|18|["132,18,5,3720","132,210,2,2124","132,82,5"]|13:41:42:320
62|1.1|636136510894007336|0|49307.296875|11.38044561152|100.06654006303|-74490|-254975||49307.296875|350.25||35062.5|347.75|49307.296875|884204|BKP264|0|2609|0|||3|3|0|1|1|132|18|["132,18,5,3720","132,210,2,2124","132,82,5"]|13:41:47:297
62|1.1|636136510943922327|0|49312.296875|11.39074527872|100.0691525307|-74202|-253836||49312.296875|350.25||35068.75|347.75|49312.296875|884204|BKP264|0|2609|0|||3|3|0|1|1|132|18|["132,18,5,3720","132,210,2,2124","132,82,5"]|13:41:52:297
62|1.1|636136510993847319|0|49317.296875|11.40121660704|100.0711910065|-73976|-252678||49317.296875|350.25||35075|348|49317.296875|884204|BKP264|0|2609|0|||3|3|0|1|1|132|18|["132,18,5,3720","132,210,2,2124","132,82,5"]|13:41:57:297
62|1.1|636136511043762310|0|49322.28125|11.41141971486|100.07363717746|-73706|-251549||49322.28125|350.25||35075|348|49322.28125|884204|BKP264|0|2609|0|||3|3|0|1|1|132|5|["132,18,5,3720","132,210,2,2124","132,82,5"]|13:42:02:281
62|1.1|636136511093697303|0|49327.28125|11.42184276349|100.07551472096|-73498|-250396||49327.28125|350.25||35075|348|49327.28125|884204|BKP264|0|2609|0|||3|3|0|1|1|132|18|["132,18,5,3720","132,210,2,2124","132,82,5"]|13:42:07:281
62|1.1|636136511143622295|0|49332.2578125|11.43207269336|100.07766048496|-73261|-249265||49332.2578125|350.25||35075|348|49332.2578125|884204|BKP264|0|2609|0|||3|3|0|1|1|132|18|["132,18,5,3720","132,210,2,2124","132,82,5"]|13:42:12:258
62|1.1|636136511193537286|0|49337.2578125|11.44221679267|100.08023003735|-72978|-248143||49337.2578125|350.25||35068.75|348|49337.2578125|884204|BKP264|0|2609|0|||3|3|0|1|1|132|18|["132,18,5,3720","132,210,2,2124","132,82,5"]|13:42:17:258
62|1.1|636136511243452277|0|49342.2578125|11.45241453608|100.0825635557|-72720|-247015||49342.2578125|350.25||35068.75|348|49342.2578125|884204|BKP264|0|2609|0|||3|3|0|1|1|132|18|["132,18,5,3720","132,210,2,2124","132,82,5"]|13:42:22:258
62|1.1|636136511293377269|0|49347.2421875|11.46255863539|100.08490780287|-72461|-245893||49347.2421875|350||35062.5|348|49347.2421875|884204|BKP264|0|2609|0|||3|3|0|1|1|132|18|["132,18,5,3720","132,210,2,2124","132,82,5"]|13:42:27:242
62|1.1|636136511343302261|0|49352.2421875|11.47283684495|100.08703747364|-72226|-244756||49352.2421875|350||35050|347.75|49352.2421875|884204|BKP264|0|2609|0|||3|3|0|1|1|132|5|["132,18,5,3720","132,210,2,2124","132,82,5"]|13:42:32:242
62|1.1|636136511393217252|0|49357.21875|11.48286829165|100.08968749218|-71934|-243647||49357.21875|350||35043.75|347.75|49357.21875|884204|BKP264|0|2609|0|||3|3|0|1|1|132|18|["132,18,5,3720","132,210,2,2124","132,82,5"]|13:42:37:219
62|1.1|636136511443142244|0|49362.21875|11.49299629773|100.0920585614|-71672|-242526||49362.21875|350||35037.5|347.75|49362.21875|884204|BKP264|0|2609|0|||3|3|0|1|1|132|18|["132,18,5,3720","132,210,2,2124","132,82,5"]|13:42:42:219
62|1.1|636136511493067236|0|49367.21875|11.50321013437|100.09424724068|-71431|-241397||49367.21875|350||35037.5|347.75|49367.21875|884204|BKP264|0|2609|0|||3|3|0|1|1|132|18|["132,18,5,3720","132,210,2,2124","132,82,5"]|13:42:47:219
62|1.1|636136511542982227|0|49372.1953125|11.51342933542|100.09624816561|-71210|-240267||49372.1953125|350||35037.5|347.75|49372.1953125|884204|BKP264|0|2609|0|||3|3|0|1|1|132|18|["132,18,5,3720","132,210,2,2124","132,82,5"]|13:42:52:195
62|1.1|636136511592907219|0|49377.1953125|11.52383629082|100.09777165805|-71041|-239115||49377.1953125|350||35043.75|347.75|49377.1953125|884204|BKP264|0|2609|0|||3|3|0|1|1|132|18|["132,18,5,3720","132,210,2,2124","132,82,5"]|13:42:57:195
62|1.1|636136511642832211|0|49382.1796875|11.53395893249|100.10002471025|-70792|-237996||49382.1796875|350||35043.75|347.75|49382.1796875|884204|BKP264|0|2609|0|||3|3|0|1|1|132|18|["132,18,5,3720","132,210,2,2124","132,82,5"]|13:43:02:180
62|1.1|636136511692747202|0|49387.1796875|11.54416204031|100.10232604214|-70538|-236867||49387.1796875|350||35050|347.75|49387.1796875|884204|BKP264|0|2609|0|||3|3|0|1|1|132|5|["132,18,5,3720","132,210,2,2124","132,82,5"]|13:43:07:180
62|1.1|636136511745782505|0|49392.4765625|11.55495523323|100.10476148428|-70269|-235674||49392.4765625|350||35056.25|347.75|49392.4765625|884204|BKP264|0|2609|0|||3|3|0|1|1|132|18|["132,18,5,3720","132,210,2,2124","132,82,5"]|13:43:12:477
62|1.1|636136511795717498|0|49397.4765625|11.56506178167|100.10733640108|-69985|-234556||49397.4765625|350||35056.25|347.75|49397.4765625|884204|BKP264|0|2609|0|||3|3|0|1|1|132|83|["132,18,5,3720","132,210,2,2124","132,82,5"]|13:43:17:477
62|1.1|636136511845632489|0|49402.4609375|11.57517369452|100.10974502117|-69720|-233438||49402.4609375|350||35056.25|347.75|49402.4609375|884204|BKP264|0|2609|0|||3|3|0|1|1|132|83|["132,18,5,3720","132,210,2,2124","132,82,5"]|13:43:22:461
62|1.1|636136511895547480|0|49407.4609375|11.58532315824|100.11209463275|-69461|-232315||49407.4609375|350||35056.25|347.75|49407.4609375|884204|BKP264|0|2609|0|||3|3|0|1|1|132|18|["132,18,5,3720","132,210,2,2124","132,82,5"]|13:43:27:461
62|1.1|636136511945472472|0|49412.4609375|11.59504346916|100.11607502497|-69024|-231241||49412.4609375|350||35050|347.75|49412.4609375|884204|BKP264|0|2609|0|||3|3|0|1|1|132|18|["132,18,5,3720","132,210,2,2124","132,82,5"]|13:43:32:461
62|1.1|636136511995397464|0|49417.4375|11.60378209305|100.11959944234|-68637|-230274||49417.4375|350.25||35025|347.75|49417.4375|884204|BKP264|0|2609|0|||3|3|0|1|1|132|5|["132,18,5,3720","132,210,2,2124","132,82,5"]|13:43:37:438
62|1.1|636136512045312455|0|49422.4375|11.61441435367|100.12232456262|-68337|-229099||49422.4375|350.25||35025|348|49422.4375|884204|BKP264|0|2609|0|||3|3|0|1|1|132|18|["132,18,5,3720","132,210,2,2124","132,82,5"]|13:43:42:438
62|1.1|636136512095237447|0|49427.421875|11.62449944447|100.12492093706|-68051|-227983||49427.421875|350.25||35025|348|49427.421875|884204|BKP264|0|2609|0|||3|3|0|1|1|132|18|["132,18,5,3720","132,210,2,2124","132,82,5"]|13:43:47:422
62|1.1|636136512145162439|0|49432.421875|11.63463817937|100.12755486237|-67761|-226862||49432.421875|350.25||35031.25|348|49432.421875|884204|BKP264|0|2609|0|||3|3|0|1|1|132|18|["132,18,5,3720","132,210,2,2124","132,82,5"]|13:43:52:422
62|1.1|636136512195077430|0|49437.421875|11.6447930075|100.1301458724|-67476|-225739||49437.421875|350.25||35037.5|348|49437.421875|884204|BKP264|0|2609|0|||3|3|0|1|1|132|18|["132,18,5,3720","132,210,2,2124","132,82,5"]|13:43:57:422
62|1.1|636136512245002422|0|49442.3984375|11.65494783563|100.13262959423|-67202|-224616||49442.3984375|350||35043.75|347.75|49442.3984375|884204|BKP264|0|2609|0|||3|3|0|1|1|132|18|["132,18,5,3720","132,210,2,2124","132,82,5"]|13:44:02:398
62|1.1|636136512294927414|0|49447.3984375|11.66517240109|100.13515623134|-66924|-223485||49447.3984375|350||35043.75|347.75|49447.3984375|884204|BKP264|0|2609|0|||3|3|0|1|1|132|18|["132,18,5,3720","132,210,2,2124","132,82,5"]|13:44:07:398
62|1.1|636136512344842405|0|49452.375|11.67549889034|100.13710351217|-66709|-222343||49452.375|350||35050|347.75|49452.375|884204|BKP264|0|2609|0|||3|3|0|1|1|132|5|["132,18,5,3720","132,210,2,2124","132,82,5"]|13:44:12:375
62|1.1|636136512394767397|0|49457.375|11.68581465077|100.13913125915|-66485|-221202||49457.375|350||35050|347.75|49457.375|884204|BKP264|0|2609|0|||3|3|0|1|1|132|83|["132,18,5,3720","132,210,2,2124","132,82,5"]|13:44:17:375
62|1.1|636136512444692389|0|49462.375|11.69611968238|100.14108390439|-66269|-220062||49462.375|350||35050|347.75|49462.375|884204|BKP264|0|2609|0|||3|3|0|1|1|132|83|["132,18,5,3720","132,210,2,2124","132,82,5"]|13:44:22:375
62|1.1|636136512494607380|0|49467.359375|11.70651590896|100.14268249857|-66092|-218912||49467.359375|350||35056.25|347.75|49467.359375|884204|BKP264|0|2609|0|||3|3|0|1|1|132|18|["132,18,5,3720","132,210,2,2124","132,82,5"]|13:44:27:359
62|1.1|636136512544532372|0|49472.359375|11.71670828796|100.14505356779|-65831|-217785||49472.359375|350||35050|347.75|49472.359375|884204|BKP264|0|2609|0|||3|3|0|1|1|132|18|["132,18,5,3720","132,210,2,2124","132,82,5"]|13:44:32:359
62|1.1|636136512594457364|0|49477.3359375|11.72684165845|100.14739781496|-65573|-216664||49477.3359375|350||35056.25|347.75|49477.3359375|884204|BKP264|0|2609|0|||3|3|0|1|1|132|18|["132,18,5,3720","132,210,2,2124","132,82,5"]|13:44:37:336
62|1.1|636136512644372355|0|49482.3359375|11.73702867304|100.15009611319|-65276|-215538||49482.3359375|350||35043.75|347.75|49482.3359375|884204|BKP264|0|2609|0|||3|3|0|1|1|132|18|["132,18,5,3720","132,210,2,2124","132,82,5"]|13:44:42:336
62|1.1|636136512694297347|0|49487.3359375|11.74710839943|100.1534810559|-64904|-214423||49487.3359375|350||35006.25|347.75|49487.3359375|884204|BKP264|0|2609|0|||3|3|0|1|1|132|83|["132,18,5,3720","132,210,2,2124","132,82,5"]|13:44:47:336
62|1.1|636136512744222339|0|49492.3203125|11.757177397|100.15597014214|-64631|-213310||49492.3203125|350||35000|347.75|49492.3203125|884204|BKP264|0|2609|0|||3|3|0|1|1|132|83|["132,18,5,3720","132,210,2,2124","132,82,5"]|13:44:52:320
62|1.1|636136512794147331|0|49497.3203125|11.76665630947|100.15838949105|-64365|-212261||49497.3203125|350||34993.75|347.75|49497.3203125|884204|BKP264|0|2609|0|||3|3|0|1|1|132|5|["132,18,5,3720","132,210,2,2124","132,82,5"]|13:44:57:320
62|1.1|636136512844062322|0|49502.296875|11.7760601202|100.16065327207|-64115|-211221||49502.296875|350||34993.75|347.75|49502.296875|884204|BKP264|0|2609|0|||3|3|0|1|1|132|5|["132,18,5,3720","132,210,2,2124","132,82,5"]|13:45:02:297
62|1.1|636136512893987314|0|49507.296875|11.78561949882|100.16299215483|-63858|-210164||49507.296875|349.75||34975|347.75|49507.296875|884204|BKP264|0|2609|0|||3|3|0|1|1|132|5|["132,18,5,3720","132,210,2,2124","132,82,5"]|13:45:07:297
62|1.1|636136512943902305|0|49512.296875|11.79631076795|100.16547587666|-63584|-208981||49512.296875|349.75||34975|347.5|49512.296875|884204|BKP264|0|2609|0|||3|3|0|1|1|132|18|["132,18,5,3720","132,210,2,2124","132,82,5"]|13:45:12:297
62|1.1|636136512993827297|0|49517.28125|11.8071200541|100.16797569172|-63309|-207786||49517.28125|350||34975|347.75|49517.28125|884204|BKP264|0|2609|0|||3|3|0|1|1|132|18|["132,18,5,3720","132,210,2,2124","132,82,5"]|13:45:17:281
62|1.1|636136513043752289|0|49522.28125|11.8181170946|100.17055597293|-63025|-206570||49522.28125|350||35000|347.75|49522.28125|884204|BKP264|0|2609|0|||3|3|0|1|1|132|83|["132,18,5,3720","132,210,2,2124","132,82,5"]|13:45:22:281
62|1.1|636136513093677281|0|49527.2578125|11.82828801596|100.17300214389|-62756|-205445||49527.2578125|349.75||34987.5|347.75|49527.2578125|884204|BKP264|0|2609|0|||3|3|0|1|1|132|83|["132,18,5,3720","132,210,2,2124","132,82,5"]|13:45:27:258
62|1.1|636136513143592272|0|49532.2578125|11.83771864874|100.17533029783|-62500|-204402||49532.2578125|350||34993.75|347.5|49532.2578125|884204|BKP264|0|2609|0|||3|3|0|1|1|132|18|["132,18,5,3720","132,210,2,2124","132,82,5"]|13:45:32:258
62|1.1|636136513193517264|0|49537.2578125|11.84719756121|100.17761553649|-62249|-203354||49537.2578125|350||34993.75|347.75|49537.2578125|884204|BKP264|0|2609|0|||3|3|0|1|1|132|5|["132,18,5,3720","132,210,2,2124","132,82,5"]|13:45:37:258
62|1.1|636136513243432255|0|49542.2421875|11.85703588915|100.17998660571|-61988|-202266||49542.2421875|350||35000|347.75|49542.2421875|884204|BKP264|0|2609|0|||3|3|0|1|1|132|18|["132,18,5,3720","132,210,2,2124","132,82,5"]|13:45:42:242
62|1.1|636136513293357247|0|49547.2421875|11.86701905616|100.18236303934|-61727|-201162||49547.2421875|350||35000|347.75|49547.2421875|884204|BKP264|0|2609|0|||3|3|0|1|1|132|18|["132,18,5,3720","132,210,2,2124","132,82,5"]|13:45:47:242
62|1.1|636136513343282239|0|49552.21875|11.87808583399|100.18484139676|-61454|-199938||49552.21875|350||35006.25|347.75|49552.21875|884204|BKP264|0|2609|0|||3|3|0|1|1|132|83|["132,18,5,3720","132,210,2,2124","132,82,5"]|13:45:52:219
62|1.1|636136513393197230|0|49557.21875|11.88841768765|100.18726074567|-61188|-198795||49557.21875|350||35012.5|347.75|49557.21875|884204|BKP264|0|2609|0|||3|3|0|1|1|132|18|["132,18,5,3720","132,210,2,2124","132,82,5"]|13:45:57:219
62|1.1|636136513443122222|0|49562.21875|11.89833111733|100.18964790812|-60925|-197699||49562.21875|350.25||35006.25|348|49562.21875|884204|BKP264|0|2609|0|||3|3|0|1|1|132|18|["132,18,5,3720","132,210,2,2124","132,82,5"]|13:46:02:219
62|1.1|636136513493047214|0|49567.1953125|11.90937107311|100.19219600287|-60645|-196477||49567.1953125|350.25||35025|348|49567.1953125|884204|BKP264|0|2609|0|||3|3|0|1|1|132|5|["132,18,5,3720","132,210,2,2124","132,82,5"]|13:46:07:195
62|1.1|636136513542962205|0|49572.1953125|11.91985849466|100.19465290265|-60374|-195318||49572.1953125|350.25||35037.5|348|49572.1953125|884204|BKP264|0|2609|0|||3|3|0|1|1|132|18|["132,18,5,3720","132,210,2,2124","132,82,5"]|13:46:12:195
62|1.1|636136513592887197|0|49577.1796875|11.93014206863|100.19711516684|-60104|-194180||49577.1796875|350.25||35050|348|49577.1796875|884204|BKP264|0|2609|0|||3|3|0|1|1|132|18|["132,18,5,3720","132,210,2,2124","132,82,5"]|13:46:17:180
62|1.1|636136513642812189|0|49582.1796875|11.9405865749|100.1995613378|-59835|-193025||49582.1796875|350.25||35068.75|348|49582.1796875|884204|BKP264|0|2609|0|||3|3|0|1|1|132|18|["132,18,5,3720","132,210,2,2124","132,82,5"]|13:46:22:180
62|1.1|636136513692727180|0|49587.1796875|11.94914280885|100.20177147472|-59592|-192079||49587.1796875|350||35012.5|348|49587.1796875|884204|BKP264|0|2609|0|||3|3|0|1|1|132|83|["132,18,5,3720","132,210,2,2124","132,82,5"]|13:46:27:180
62|1.1|636136513742652172|0|49592.15625|11.95892749269|100.20414790835|-59331|-190997||49592.15625|350.25||35012.5|348|49592.15625|884204|BKP264|0|2609|0|||3|3|0|1|1|132|18|["132,18,5,3720","132,210,2,2124","132,82,5"]|13:46:32:156
62|1.1|636136513792577164|0|49597.15625|11.96906086318|100.20649751993|-59072|-189876||49597.15625|350||35000|347.75|49597.15625|884204|BKP264|0|2609|0|||3|3|0|1|1|132|18|["132,18,5,3720","132,210,2,2124","132,82,5"]|13:46:37:156
62|1.1|636136513842342140|0|49602.140625|11.97907621665|100.20888468238|-58810|-188769||49602.140625|350||34993.75|347.75|49602.140625|884204|BKP264|0|2609|0|||3|3|0|1|1|132|18|["132,18,5,3720","132,210,2,2124","132,82,5"]|13:46:42:141
62|1.1|636136513892417147|0|49607.140625|11.98922568037|100.21128257365|-58547|-187646||49607.140625|350||34993.75|347.75|49607.140625|884204|BKP264|0|2609|0|||3|3|0|1|1|132|18|["132,18,5,3720","132,210,2,2124","132,82,5"]|13:46:47:141
62|1.1|636136513942192124|0|49612.140625|11.99999741565|100.21373410902|-58277|-186455||49612.140625|350||35000|347.75|49612.140625|884204|BKP264|0|2609|0|||3|3|0|1|1|132|18|["132,18,5,3720","132,210,2,2124","132,82,5"]|13:46:52:141
62|1.1|636136513992107115|0|49617.1171875|12.01014687937|100.21611054265|-58016|-185333||49617.1171875|349.75||34981.25|347.5|49617.1171875|884204|BKP264|0|2609|0|||3|3|0|1|1|132|18|["132,18,5,3720","132,210,2,2124","132,82,5"]|13:46:57:117
62|1.1|636136514042032107|0|49622.1171875|12.02061820769|100.21857280684|-57745|-184175||49622.1171875|350||34987.5|347.5|49622.1171875|884204|BKP264|0|2609|0|||3|3|0|1|1|132|18|["132,18,5,3720","132,210,2,2124","132,82,5"]|13:47:02:117
62|1.1|636136514092107114|0|49627.1015625|12.03077303582|100.22098679134|-57480|-183051||49627.1015625|350||35000|347.75|49627.1015625|884204|BKP264|0|2609|0|||3|3|0|1|1|132|5|["132,18,5,3720","132,210,2,2124","132,82,5"]|13:47:07:102
62|1.1|636136514141882091|0|49632.1015625|12.04127118619|100.22350806404|-57203|-181890||49632.1015625|350||35006.25|347.75|49632.1015625|884204|BKP264|0|2609|0|||3|3|0|1|1|132|5|["132,18,5,3720","132,210,2,2124","132,82,5"]|13:47:12:102
62|1.1|636136514191947097|0|49637.1015625|12.05126508202|100.22588986208|-56941|-180785||49637.1015625|350||35000|347.75|49637.1015625|884204|BKP264|0|2609|0|||3|3|0|1|1|132|18|["132,18,5,3720","132,210,2,2124","132,82,5"]|13:47:17:102
62|1.1|636136514241722074|0|49642.078125|12.06259471594|100.22860961795|-56643|-179532||49642.078125|350||35000|347.75|49642.078125|884204|BKP264|0|2609|0|||3|3|0|1|1|132|83|["132,18,5,3720","132,210,2,2124","132,82,5"]|13:47:22:078
62|1.1|636136514291637065|0|49647.078125|12.07178395027|100.23078756841|-56403|-178516||49647.078125|350||35006.25|347.75|49647.078125|884204|BKP264|0|2609|0|||3|3|0|1|1|132|18|["132,18,5,3720","132,210,2,2124","132,82,5"]|13:47:27:078
62|1.1|636136514341562057|0|49652.0625|12.0830653045|100.2334107649|-56115|-177268||49652.0625|350.25||35006.25|347.75|49652.0625|884204|BKP264|0|2609|0|||3|3|0|1|1|132|18|["132,18,5,3720","132,210,2,2124","132,82,5"]|13:47:32:063
62|1.1|636136514391487049|0|49657.0625|12.09373511599|100.23591594437|-55840|-176088||49657.0625|350||35018.75|347.75|49657.0625|884204|BKP264|0|2609|0|||3|3|0|1|1|132|18|["132,18,5,3720","132,210,2,2124","132,82,5"]|13:47:37:063
62|1.1|636136514441412041|0|49662.0625|12.10434591897|100.23863033583|-55542|-174914||49662.0625|350||35000|347.75|49662.0625|884204|BKP264|0|2609|0|||3|3|0|1|1|132|5|["132,18,5,3720","132,210,2,2124","132,82,5"]|13:47:42:063
62|1.1|636136514491327032|0|49667.0390625|12.11318110224|100.24078146424|-55306|-173938||49667.0390625|349.75||34981.25|347.75|49667.0390625|884204|BKP264|0|2609|0|||3|3|0|1|1|132|5|["132,18,5,3720","132,210,2,2124","132,82,5"]|13:47:47:039
62|1.1|636136514541252024|0|49672.0390625|12.1241566851|100.24343148278|-55015|-172724||49672.0390625|349||34937.5|347|49672.0390625|884204|BKP264|0|2609|0|||3|3|0|1|1|132|83|["132,18,5,3720","132,210,2,2124","132,82,5"]|13:47:52:039
62|1.1|636136514591167015|0|49677.015625|12.13393064012|100.24568453498|-54768|-171643||49677.015625|348.5||34881.25|346|49677.015625|884204|BKP264|0|2609|0|||3|3|0|1|1|132|83|["132,18,5,3720","132,210,2,2124","132,82,5"]|13:47:57:016
62|1.1|636136514641092007|0|49682.015625|12.14431613788|100.2481628924|-54496|-170494||49682.015625|347.75||34843.75|345|49682.015625|884204|BKP264|0|2609|0|||3|3|0|1|1|132|18|["132,18,5,3720","132,210,2,2124","132,82,5"]|13:48:02:016
62|1.1|636136514691016999|0|49687.015625|12.15475527974|100.2506841651|-54219|-169340||49687.015625|347||34806.25|344.5|49687.015625|884204|BKP264|0|2609|-981.25|||3|3|2|1|1|132|18|["132,18,5,3720","132,210,2,2124","132,82,5"]|13:48:07:016
62|1.1|636136514740941991|0|49692|12.16411081078|100.25295331053|-53970|-168305||49692|346.25||34637.5|343.75|49692|884204|BKP264|0|2609|-887.5|||3|3|2|1|1|132|18|["132,18,5,3720","132,210,2,2124","132,82,5"]|13:48:12:000
62|1.1|636136514791016998|0|49697|12.17512394451|100.25544239677|-53696|-167087||49697|345.5||34550|343|49697|884204|BKP264|0|2609|-868.75|||3|3|2|1|1|132|18|["132,18,5,3720","132,210,2,2124","132,82,5"]|13:48:17:000
62|1.1|636136514840781974|0|49701.9765625|12.18579912041|100.2579261186|-53424|-165906||49701.9765625|345||34475|342.25|49701.9765625|884204|BKP264|0|2609|-768.75|||3|3|2|1|1|132|18|["132,18,5,3720","132,210,2,2124","132,82,5"]|13:48:21:977
62|1.1|636136514890696965|0|49706.9765625|12.19630263519|100.2603937472|-53153|-164745||49706.9765625|344||34393.75|342|49706.9765625|884204|BKP264|0|2609|-587.5|||3|3|2|1|1|132|83|["132,18,5,3720","132,210,2,2124","132,82,5"]|13:48:26:977
62|1.1|636136514940621957|0|49711.9765625|12.20675787028|100.2628613758|-52882|-163588||49711.9765625|343.5||34318.75|341.25|49711.9765625|884204|BKP264|0|2609|-687.5|||3|3|2|1|1|132|18|["132,18,5,3720","132,210,2,2124","132,82,5"]|13:48:31:977
62|1.1|636136514990546949|0|49716.9609375|12.21582908759|100.26520025856|-52626|-162585||49716.9609375|342.25||34212.5|340.25|49716.9609375|884204|BKP264|0|2609|-868.75|||3|3|2|1|1|132|18|["132,18,5,3720","132,210,2,2124","132,82,5"]|13:48:36:961
62|1.1|636136515040461940|0|49721.9609375|12.22580152578|100.2676357007|-52359|-161482||49721.9609375|341||34125|338.5|49721.9609375|884204|BKP264|0|2609|-1337.5|||3|3|2|1|1|132|18|["132,18,5,3720","132,210,2,2124","132,82,5"]|13:48:41:961
62|1.1|636136515090386932|0|49726.9375|12.23675028659|100.27008723607|-52090|-160271||49726.9375|339.5||33968.75|337|49726.9375|884204|BKP264|0|2609|-1656.25|||3|3|2|1|1|132|18|["132,18,5,3720","132,210,2,2124","132,82,5"]|13:48:46:938
62|1.1|636136515140311924|0|49731.9375|12.24601462266|100.27240466119|-51836|-159247||49731.9375|337.75||33781.25|335.25|49731.9375|884204|BKP264|0|2609|-1750|||3|3|2|1|1|132|18|["132,18,5,3720","132,210,2,2124","132,82,5"]|13:48:51:938
62|1.1|636136515190226915|0|49736.9375|12.2561211711|100.27486156097|-51566|-158129||49736.9375|335.25||33643.75|332.5|49736.9375|884204|BKP264|0|2609|-2443.75|||3|3|2|1|1|132|18|["132,18,5,3720","132,210,2,2124","132,82,5"]|13:48:56:938
62|1.1|636136515240151907|0|49741.921875|12.266796347|100.27732918957|-51296|-156948||49741.921875|332.75||33487.5|329.75|49741.921875|884204|BKP264|0|2609|-2931.25|||3|3|2|1|1|132|18|["132,18,5,3720","132,210,2,2124","132,82,5"]|13:49:01:922
62|1.1|636136515290076899|0|49746.921875|12.27832446409|100.27992556401|-51011|-155673||49746.921875|330.5||33006.25|327.25|49746.921875|884204|BKP264|0|2609|-2975|||3|3|2|1|1|132|18|["132,18,5,3720","132,210,2,2124","132,82,5"]|13:49:06:922
62|1.1|636136515340001891|0|49751.8984375|12.28882261446|100.28246292994|-50732|-154512||49751.8984375|327.25||32731.25|325.25|49751.8984375|884204|BKP264|0|2609|-2756.25|||3|3|2|1|1|132|83|["132,18,5,3720","132,210,2,2124","132,82,5"]|13:49:11:898
62|1.1|636136515389916882|0|49756.8984375|12.29845709482|100.28470525332|-50487|-153447||49756.8984375|325.75||32506.25|322.75|49756.8984375|884204|BKP264|0|2609|-2812.5|||3|3|2|1|1|132|18|["132,18,5,3720","132,210,2,2124","132,82,5"]|13:49:16:898
62|1.1|636136515439841874|0|49761.8984375|12.30892305873|100.28717288192|-50216|-152289||49761.8984375|323.25||32262.5|320.25|49761.8984375|884204|BKP264|0|2609|-2856.25|||3|3|2|1|1|132|18|["132,18,5,3720","132,210,2,2124","132,82,5"]|13:49:21:898
62|1.1|636136515489766866|0|49766.875|12.319367565|100.28965123934|-49944|-151134||49766.875|320.75||32018.75|317.75|49766.875|884204|BKP264|0|2609|-2931.25|||3|3|2|1|1|132|18|["132,18,5,3720","132,210,2,2124","132,82,5"]|13:49:26:875
62|1.1|636136515539681857|0|49771.875|12.32983889332|100.29218324086|-49667|-149976||49771.875|318.25||31775|315.25|49771.875|884204|BKP264|0|2609|-2950|||3|3|2|1|1|132|18|["132,18,5,3720","132,210,2,2124","132,82,5"]|13:49:31:875
62|1.1|636136515589606849|0|49776.859375|12.34024584872|100.29483862381|-49376|-148825||49776.859375|315.75||31531.25|312.75|49776.859375|884204|BKP264|0|2609|-2993.75|||3|3|2|1|1|132|18|["132,18,5,3720","132,210,2,2124"]|13:49:36:859
62|1.1|636136515639541842|0|49781.859375|12.35060452443|100.29808945627|-49020|-147680||49781.859375|312.5||31256.25|310|49781.859375|884204|BKP264|0|2609|-3050|||3|3|2|1|1|132|5|["132,18,5,3720","132,210,2,2124"]|13:49:41:859
62|1.1|636136515689446832|0|49786.859375|12.36029264889|100.29962367753|-48852|-146608||49786.859375|310.5||31006.25|307.75|49786.859375|884204|BKP264|0|2609|-2993.75|||3|3|2|1|1|132|18|["132,18,5,3720","132,210,2,2124"]|13:49:46:859
62|1.1|636136515739391826|0|49791.8359375|12.37060840932|100.302128857|-48577|-145467||49791.8359375|308||30756.25|305|49791.8359375|884204|BKP264|0|2609|-3012.5|||3|3|2|1|1|132|18|["132,18,5,3720","132,210,2,2124"]|13:49:51:836
62|1.1|636136515789296816|0|49796.8359375|12.38122994112|100.3050792825|-48254|-144293||49796.8359375|305.5||30493.75|302.5|49796.8359375|884204|BKP264|0|2609|-3031.25|||3|3|2|1|1|132|18|["132,18,5,3720","132,210,2,2124"]|13:49:56:836
62|1.1|636136515839211807|0|49801.8203125|12.39148669304|100.3070641142|-48036|-143158||49801.8203125|303||30250|300.25|49801.8203125|884204|BKP264|0|2609|-2975|||3|3|2|1|1|132|18|["132,18,5,3720","132,210,2,2124"]|13:50:01:820
62|1.1|636136515889146800|0|49806.8203125|12.4031596492|100.30962293777|-47756|-141867||49806.8203125|299.75||29975|297.75|49806.8203125|884204|BKP264|0|2609|-2950|||3|3|2|1|1|132|5|["132,18,5,3720","132,210,2,2124"]|13:50:06:820
62|1.1|636136515939051790|0|49811.8203125|12.41160323054|100.31165604916|-47533|-140933||49811.8203125|298||29750|295.25|49811.8203125|884204|BKP264|0|2609|-2950|||3|3|2|1|1|132|18|["132,18,5,3720","132,210,2,2124"]|13:50:11:820
62|1.1|636136515988976782|0|49816.796875|12.42172587221|100.31405394043|-47270|-139814||49816.796875|295.75||29506.25|292.75|49816.796875|884204|BKP264|0|2609|-2950|||3|3|2|1|1|132|18|["132,18,5,3720","132,210,2,2124"]|13:50:16:797
62|1.1|636136516038891773|0|49821.796875|12.43327544694|100.31660739959|-46990|-138536||49821.796875|293.5||29275|290.5|49821.796875|884204|BKP264|0|2609|-2931.25|||3|3|2|1|1|132|18|["132,18,5,3720","132,210,2,2124"]|13:50:21:797
62|1.1|636136516088816765|0|49826.78125|12.44390770756|100.31903747732|-46724|-137360||49826.78125|291.5||29031.25|288.5|49826.78125|884204|BKP264|0|2609|-2812.5|||3|3|2|1|1|132|18|["132,18,5,3720","132,210,2,2124"]|13:50:26:781
62|1.1|636136516138741757|0|49831.78125|12.45470090048|100.32150510592|-46454|-136167||49831.78125|289.5||28787.5|286.5|49831.78125|884204|BKP264|0|2609|-2600|||3|3|2|1|1|132|18|["132,18,5,3720","132,210,2,2124"]|13:50:31:781
62|1.1|636136516188666749|0|49836.78125|12.46580522918|100.32403710744|-46176|-134938||49836.78125|287.5||28556.25|284.75|49836.78125|884204|BKP264|0|2609|-2443.75|||3|3|2|1|1|132|18|["132,18,5,3720","132,210,2,2124"]|13:50:36:781
62|1.1|636136516238581740|0|49841.7578125|12.47716168515|100.32660129542|-45896|-133683||49841.7578125|285.5||28368.75|282.75|49841.7578125|884204|BKP264|0|2609|-2381.25|||3|3|2|1|1|132|18|["132,18,5,3720","132,210,2,2124"]|13:50:41:758
62|1.1|636136516288506732|0|49846.7578125|12.48814263242|100.32922449191|-45608|-132468||49846.7578125|283.5||28193.75|280.75|49846.7578125|884204|BKP264|0|2609|-2362.5|||3|3|2|1|1|132|18|["132,18,5,3720","132,210,2,2124"]|13:50:46:758
62|1.1|636136516338421723|0|49851.7421875|12.49865151161|100.33250214642|-45250|-131306||49851.7421875|281.5||28025|278.75|49851.7421875|884204|BKP264|0|2609|-2381.25|||3|3|2|1|1|132|18|["132,18,5,3720","132,210,2,2124"]|13:50:51:742
62|1.1|636136516388346715|0|49856.7421875|12.50917111962|100.33557058894|-44915|-130143||49856.7421875|279.5||27850|276.75|49856.7421875|884204|BKP264|0|2609|-2381.25|||3|3|2|1|1|132|18|["132,18,5,3720","132,210,2,2124"]|13:50:56:742
62|1.1|636136516438271707|0|49861.7421875|12.51964781235|100.33857465854|-44586|-128984||49861.7421875|277.25||27662.5|274.75|49861.7421875|884204|BKP264|0|2609|-2418.75|||3|3|2|1|1|132|18|["132,18,5,3720","132,210,2,2124"]|13:51:01:742
62|1.1|636136516488186698|0|49866.71875|12.52993138632|100.34184694864|-44229|-127847||49866.71875|275.25||27475|272.5|49866.71875|884204|BKP264|0|2609|-2462.5|||3|3|2|1|1|132|18|["132,18,5,3720","132,210,2,2124"]|13:51:06:719
62|1.1|636136516538111690|0|49871.71875|12.54030615526|100.34442186544|-43947|-126700||49871.71875|273.25||27287.5|270.5|49871.71875|884204|BKP264|0|2609|-2481.25|||3|3|2|1|1|132|18|["132,18,5,3720","132,210,2,2124"]|13:51:11:719
62|1.1|636136516588036682|0|49876.6953125|12.55061118687|100.34698068901|-43667|-125560||49876.6953125|271.25||27093.75|268.5|49876.6953125|884204|BKP264|0|2609|-2462.5|||3|3|2|1|1|132|18|["132,18,5,3720","132,210,2,2124"]|13:51:16:695
62|1.1|636136516637961674|0|49881.6953125|12.56087866761|100.3496038855|-43380|-124425||49881.6953125|269.25||26900|266.5|49881.6953125|884204|BKP264|0|2609|-2418.75|||3|3|2|1|1|132|18|["132,18,5,3720","132,210,2,2124"]|13:51:21:695
62|1.1|636136516687876665|0|49886.6953125|12.57108713984|100.35228072609|-43087|-123295||49886.6953125|267.25||26706.25|264.75|49886.6953125|884204|BKP264|0|2609|-2362.5|||3|3|2|1|1|132|18|["132,18,5,3720","132,210,2,2124"]|13:51:26:695
62|1.1|636136516737801657|0|49891.6796875|12.58130097648|100.35483954966|-42808|-122166||49891.6796875|265||26493.75|262.5|49891.6796875|884204|BKP264|0|2609|-2418.75|||3|3|2|1|1|132|18|["132,18,5,3720","132,210,2,2124"]|13:51:31:680
62|1.1|636136516787726649|0|49896.6796875|12.59150944871|100.35725353416|-42543|-121037||49896.6796875|263.25||26300|260.5|49896.6796875|884204|BKP264|0|2609|-2381.25|||3|3|2|1|1|132|18|["132,18,5,3720","132,210,2,2124"]|13:51:36:680
62|1.1|636136516837651641|0|49901.65625|12.60177156504|100.35951731518|-42296|-119902||49901.65625|261.25||26100|258.75|49901.65625|884204|BKP264|0|2609|-2281.25|||3|3|2|1|1|132|18|["132,18,5,3720","132,210,2,2124"]|13:51:41:656
62|1.1|636136516887576633|0|49906.65625|12.61193175758|100.3620493167|-42019|-118778||49906.65625|259||25887.5|256.5|49906.65625|884204|BKP264|0|2609|-2400|||3|3|2|1|1|132|18|["132,18,5,3720","132,210,2,2124"]|13:51:46:656
62|1.1|636136516937491624|0|49911.65625|12.62224751801|100.36464569114|-41735|-117637||49911.65625|258||25693.75|254.5|49911.65625|884204|BKP264|0|2609|-2381.25|||3|3|2|1|1|132|5|["132,18,5,3720","132,210,2,2124"]|13:51:51:656
62|1.1|636136516987406615|0|49916.640625|12.63113098097|100.36472079288|-41725|-116654||49916.640625|255||25481.25|252.5|49916.640625|884204|BKP264|0|2609|-2400|||3|3|2|1|1|132|18|["132,18,5,3720","132,210,2,2124"]|13:51:56:641
62|1.1|636136517037331607|0|49921.640625|12.64205291973|100.36666807371|-41512|-115446||49921.640625|252.75||25250|250|49921.640625|884204|BKP264|0|2609|-2500|||3|3|2|1|1|132|18|["132,18,5,3720","132,210,2,2124"]|13:52:01:641
62|1.1|636136517087256599|0|49926.6171875|12.65152110338|100.36880310889|-41278|-114399||49926.6171875|250.75||25062.5|248.25|49926.6171875|884204|BKP264|0|2609|-2462.5|||3|3|2|1|1|132|5|["132,18,5,3720","132,210,2,2124"]|13:52:06:617
62|1.1|636136517137201593|0|49931.6171875|12.66162765182|100.37096496612|-41042|-113281||49931.6171875|250||24862.5|246.25|49931.6171875|884204|BKP264|0|2609|-2462.5|||3|3|2|1|1|132|210|["132,18,5,3720","132,210,2,2124"]|13:52:11:617
62|1.1|636136517187096582|0|49936.6171875|12.67125676777|100.37323947596|-40793|-112216||49936.6171875|248||24650|244|49936.6171875|884204|BKP264|0|2609|-2500|||3|3|2|1|1|132|210|["132,18,5,3720","132,210,2,2124"]|13:52:16:617
62|1.1|636136517237021574|0|49941.6015625|12.68111655335|100.3755676299|-40539|-111126||49941.6015625|246||24437.5|242|49941.6015625|884204|BKP264|0|2609|-2481.25|||3|3|2|1|1|132|210|["132,18,5,3720","132,210,2,2124"]|13:52:21:602
62|1.1|636136517286966568|0|49946.6015625|12.69212968708|100.37806208055|-40266|-109907||49946.6015625|244||24200|240|49946.6015625|884204|BKP264|0|2609|-2518.75|||3|3|2|1|1|132|210|["132,18,5,3720","132,210,2,2124"]|13:52:26:602
62|1.1|636136517336871558|0|49951.578125|12.70250982043|100.38037950567|-40012|-108760||49951.578125|242||23981.25|237.5|49951.578125|884204|BKP264|0|2609|-2537.5|||3|3|2|1|1|132|210|["132,18,5,3720","132,210,2,2124"]|13:52:31:578
62|1.1|636136517386786549|0|49956.578125|12.71161858861|100.38283640545|-39744|-107752||49956.578125|238.25||23812.5|235.75|49956.578125|884204|BKP264|0|2609|-2481.25|||3|3|2|1|1|132|5|["132,18,5,3720","132,210,2,2124"]|13:52:36:578
62|1.1|636136517436721542|0|49961.578125|12.72146228096|100.38521820349|-39484|-106664||49961.578125|238||23612.5|233.75|49961.578125|884204|BKP264|0|2609|-2481.25|||3|3|2|1|1|132|210|["132,18,5,3720","132,210,2,2124"]|13:52:41:578
62|1.1|636136517486626532|0|49966.5625|12.73132206654|100.38756245066|-39228|-105573||49966.5625|236||23406.25|231.75|49966.5625|884204|BKP264|0|2609|-2443.75|||3|3|2|1|1|132|210|["132,18,5,3720","132,210,2,2124"]|13:52:46:563
62|1.1|636136517536551524|0|49971.5625|12.74145543703|100.38999252839|-38962|-104453||49971.5625|232.75||23200|229.75|49971.5625|884204|BKP264|0|2609|-2400|||3|3|2|1|1|132|5|["132,18,5,3720","132,210,2,2124"]|13:52:51:563
62|1.1|636136517586476516|0|49976.5390625|12.75246857076|100.39247088581|-38691|-103234||49976.5390625|231||22975|227.5|49976.5390625|884204|BKP264|0|2609|-2500|||3|3|2|1|1|132|5|["132,18,5,3720","132,210,2,2124"]|13:52:56:539
62|1.1|636136517636391507|0|49981.5390625|12.76296672113|100.39489023472|-38427|-102073||49981.5390625|229||22756.25|225.25|49981.5390625|884204|BKP264|0|2609|-2556.25|||3|3|2|1|1|132|210|["132,18,5,3720","132,210,2,2124"]|13:53:01:539
62|1.1|636136517686316499|0|49986.5390625|12.77352924442|100.39733640568|-38160|-100905||49986.5390625|227||22543.75|223|49986.5390625|884204|BKP264|0|2609|-2600|||3|3|2|1|1|132|210|["132,18,5,3720","132,210,2,2124"]|13:53:06:539
62|1.1|636136517736241491|0|49991.515625|12.78168314762|100.39964846639|-37907|-100003||49991.515625|225||22362.5|221.25|49991.515625|884204|BKP264|0|2609|-2500|||3|3|2|1|1|132|210|["132,18,5,3720","132,210,2,2124"]|13:53:11:516
62|1.1|636136517786166483|0|49996.515625|12.79222957768|100.40210000176|-37639|-98837||49996.515625|221.75||22168.75|219.25|49996.515625|884204|BKP264|0|2609|-2400|||3|3|2|1|1|132|5|["132,18,5,3720","132,210,2,2124"]|13:53:16:516
62|1.1|636136517836081474|0|50001.5|12.8023253973|100.40448716421|-37379|-97720||50001.5|221||21956.25|217.5|50001.5|884204|BKP264|0|2609|-2418.75|||3|3|2|1|1|132|210|["132,18,5,3720","132,210,2,2124"]|13:53:21:500
62|1.1|636136517885996465|0|50006.5|12.81251241189|100.40691187753|-37114|-96593||50006.5|219||21756.25|215.25|50006.5|884204|BKP264|0|2609|-2443.75|||3|3|2|1|1|132|210|["132,18,5,3720","132,210,2,2124"]|13:53:26:500
62|1.1|636136517935921457|0|50011.5|12.82269942648|100.40939023495|-36843|-95467||50011.5|217||21550|213.25|50011.5|884204|BKP264|0|2609|-2462.5|||3|3|2|1|1|132|210|["132,18,5,3720","132,210,2,2124"]|13:53:31:500
62|1.1|636136517985846449|0|50016.4765625|12.83277378846|100.41187395678|-36572|-94353||50016.4765625|215||21350|211.25|50016.4765625|884204|BKP264|0|2609|-2443.75|||3|3|2|1|1|132|210|["132,18,5,3720","132,210,2,2124"]|13:53:36:477
62|1.1|636136518035771441|0|50021.4765625|12.84257456553|100.41474928054|-36258|-93269||50021.4765625|213||21143.75|209.25|50021.4765625|884204|BKP264|0|2609|-2418.75|||3|3|2|1|1|132|210|["132,18,5,3720","132,210,2,2124"]|13:53:41:477
62|1.1|636136518085686432|0|50026.4609375|12.85075529078|100.4166590105|-36050|-92364||50026.4609375|211||20968.75|207.25|50026.4609375|884204|BKP264|0|2609|-2381.25|||3|3|2|1|1|132|210|["132,18,5,3720","132,210,2,2124"]|13:53:46:461
62|1.1|636136518135611424|0|50031.4609375|12.86059361872|100.41929830022|-35762|-91276||50031.4609375|209||20762.5|205.25|50031.4609375|884204|BKP264|0|2609|-2443.75|||3|3|2|1|1|132|210|["132,18,5,3720","132,210,2,2124"]|13:53:51:461
62|1.1|636136518185536416|0|50036.4609375|12.87053923486|100.42185712379|-35483|-90176||50036.4609375|207||20550|203|50036.4609375|884204|BKP264|0|2609|-2481.25|||3|3|2|1|1|132|210|["132,18,5,3720","132,210,2,2124"]|13:53:56:461
62|1.1|636136518235451407|0|50041.4375|12.88050630864|100.42441058295|-35204|-89073||50041.4375|205||20343.75|201|50041.4375|884204|BKP264|0|2609|-2481.25|||3|3|2|1|1|132|210|["132,18,5,3720","132,210,2,2124"]|13:54:01:438
62|1.1|636136518285376399|0|50046.4375|12.89032317894|100.42744683901|-34873|-87988||50046.4375|202.75||20137.5|199.5|50046.4375|884204|BKP264|0|2609|-2281.25|||3|3|2|1|1|132|5|["132,18,5,3720","132,210,2,2124"]|13:54:06:438
62|1.1|636136518335291390|0|50051.421875|12.89994693048|100.43053137476|-34537|-86923||50051.421875|202||19968.75|198|50051.421875|884204|BKP264|0|2609|-2050|||3|3|2|1|1|132|210|["132,18,5,3720","132,210,2,2124"]|13:54:11:422
62|1.1|636136518385216382|0|50056.421875|12.90925954624|100.4341469871|-34143|-85894||50056.421875|201||19843.75|198|50056.421875|884204|BKP264|0|2609|-1281.25|||3|3|2|1|1|132|210|["132,18,5,3720","132,210,2,2124"]|13:54:16:422
62|1.1|636136518435141374|0|50061.421875|12.91651759297|100.43876574411|-33641|-85091||50061.421875|199.75||19931.25|197.5|50061.421875|884204|BKP264|0|2609|-981.25|||3|3|2|1|1|132|5|["132,18,5,3720","132,210,2,2124"]|13:54:21:422
62|1.1|636136518485066366|0|50066.3984375|12.92466076735|100.44285878894|-33196|-84191||50066.3984375|199||19868.75|196.5|50066.3984375|884204|BKP264|0|2609|-962.5|||3|3|2|1|1|132|5|["132,18,5,3720","132,210,2,2124"]|13:54:26:398
62|1.1|636136518534981357|0|50071.3984375|12.93236406011|100.44703229992|-32742|-83339||50071.3984375|198.25||19806.25|196|50071.3984375|884204|BKP264|0|2609|-925|||3|3|2|1|1|132|5|["132,18,5,3720","132,210,2,2124"]|13:54:31:398
62|1.1|636136518584906349|0|50076.375|12.9412099722|100.45206948091|-32194|-82361||50076.375|197.5||19725|195|50076.375|884204|BKP264|0|2609|-943.75|||3|3|2|1|1|132|5|["132,18,5,3720","132,210,2,2124"]|13:54:36:375
62|1.1|636136518634831341|0|50081.375|12.94912247695|100.45649511916|-31713|-81486||50081.375|197||19662.5|194.25|50081.375|884204|BKP264|0|2609|-925|||3|3|2|1|1|132|5|["132,18,5,3720","132,210,2,2124"]|13:54:41:375
62|1.1|636136518684756333|0|50086.375|12.95676139679|100.46081346921|-31243|-80642||50086.375|196.25||19587.5|193.5|50086.375|884204|BKP264|0|2609|-906.25|||3|3|2|1|1|132|5|["132,18,5,3720","132,210,2,2124"]|13:54:46:375
62|1.1|636136518734671324|0|50091.359375|12.96540882571|100.46543222622|-30741|-79686||50091.359375|195.5||19500|192.75|50091.359375|884204|BKP264|0|2609|-925|||3|3|2|1|1|132|5|["132,18,5,3720","132,210,2,2124"]|13:54:51:359
62|1.1|636136518784596316|0|50096.359375|12.97412062755|100.4707322633|-30165|-78722||50096.359375|194||19368.75|191.75|50096.359375|884204|BKP264|0|2609|-962.5|||3|3|2|1|1|132|5|["132,18,5,3720","132,210,2,2124"]|13:54:56:359
62|1.1|636136518834511307|0|50101.3359375|12.98226380193|100.47461609614|-29742|-77822||50101.3359375|193.25||19287.5|191|50101.3359375|884204|BKP264|0|2609|-1025|||3|3|2|1|1|132|5|["132,18,5,3720","132,210,2,2124"]|13:55:01:336
62|1.1|636136518884436299|0|50106.3359375|12.99088977321|100.4789934547|-29266|-76868||50106.3359375|192.75||19218.75|190|50106.3359375|884204|BKP264|0|2609|-1025|||3|3|2|1|1|132|5|["132,18,5,3720","132,210,2,2124"]|13:55:06:336
62|1.1|636136518934371292|0|50111.3359375|12.99920460871|100.4831776945|-28812|-75949||50111.3359375|192||19143.75|189.25|50111.3359375|884204|BKP264|0|2609|-1006.25|||3|3|2|1|1|132|5|["132,18,5,3720","132,210,2,2124"]|13:55:11:336
62|1.1|636136518984276282|0|50116.3203125|13.00625344345|100.48694887473|-28402|-75169||50116.3203125|191.5||19093.75|189|50116.3203125|884204|BKP264|0|2609|-943.75|||3|3|2|1|1|132|5|["132,18,5,3720"]|13:55:16:320
62|1.1|636136519034201274|0|50121.3203125|13.01383335478|100.49056448707|-28008|-74331||50121.3203125|190.25||19025|188.25|50121.3203125|884204|BKP264|0|2609|-906.25|||3|3|2|1|1|132|5|["132,18,5,3720"]|13:55:21:320
62|1.1|636136519084136267|0|50126.296875|13.02110749474|100.49430348084|-27602|-73527||50126.296875|189.5||18950|187.5|50126.296875|884204|BKP264|0|2609|-887.5|||3|3|2|1|1|132|5|["132,18,5,3720"]|13:55:26:297
62|1.1|636136519134201273|0|50131.296875|13.0285962111|100.49812830517|-27186|-72699||50131.296875|189||18887.5|186.75|50131.296875|884204|BKP264|0|2609|-843.75|||3|3|2|1|1|132|5|["132,18,5,3720"]|13:55:31:297
62|1.1|636136519183986251|0|50136.296875|13.03683058045|100.50224817205|-26739|-71788||50136.296875|188.5||18818.75|186.25|50136.296875|884204|BKP264|0|2609|-825|||3|3|2|1|1|132|5|["132,18,5,3720"]|13:55:36:297
62|1.1|636136519233891241|0|50141.28125|13.0447967293|100.50627684396|-26301|-70907||50141.28125|187.75||18737.5|185.5|50141.28125|884204|BKP264|0|2609|-843.75|||3|3|2|1|1|132|5|["132,18,5,3720"]|13:55:41:281
62|1.1|636136519283826234|0|50146.28125|13.05167926733|100.50996219363|-25900|-70146||50146.28125|187.25||18675|184.75|50146.28125|884204|BKP264|0|2609|-825|||3|3|2|1|1|132|5|["132,18,5,3720"]|13:55:46:281
62|1.1|636136519333731224|0|50151.2578125|13.05943083978|100.51392112821|-25470|-69289||50151.2578125|186.75||18618.75|184.25|50151.2578125|884204|BKP264|0|2609|-825|||3|3|2|1|1|132|5|["132,18,5,3720"]|13:55:51:258
62|1.1|636136519383656216|0|50156.2578125|13.06655477626|100.51769767285|-25060|-68501||50156.2578125|185.75||18568.75|183.75|50156.2578125|884204|BKP264|0|2609|-731.25|||3|3|2|1|1|132|5|["132,18,5,3720"]|13:55:56:258
62|1.1|636136519433581208|0|50161.2578125|13.07375917889|100.52140448016|-24657|-67704||50161.2578125|185||18500|183|50161.2578125|884204|BKP264|0|2609|-750|||3|3|2|1|1|132|5|["132,18,5,3720"]|13:56:01:258
62|1.1|636136519483496199|0|50166.2421875|13.08030375909|100.52492889753|-24274|-66981||50166.2421875|184.25||18418.75|182.25|50166.2421875|884204|BKP264|0|2609|-787.5|||3|3|2|1|1|132|5|["132,18,5,3720"]|13:56:06:242
62|1.1|636136519533421191|0|50171.2421875|13.08714874625|100.52852841664|-23883|-66224||50171.2421875|183.25||18312.5|181.5|50171.2421875|884204|BKP264|0|2609|-843.75|||3|3|2|1|1|132|5|["132,18,5,3720"]|13:56:11:242
62|1.1|636136519583346183|0|50176.21875|13.09474475081|100.5323693342|-23466|-65384||50176.21875|182||18162.5|180.25|50176.21875|884204|BKP264|0|2609|-1237.5|||3|3|2|1|1|132|5|["132,18,5,3720"]|13:56:16:219
62|1.1|636136519633261174|0|50181.21875|13.1022495604|100.53620488735|-23049|-64554||50181.21875|181||18012.5|178.25|50181.21875|884204|BKP264|0|2609|-1493.75|||3|3|2|1|1|132|5|["132,18,5,3720"]|13:56:21:219
62|1.1|636136519683176165|0|50186.21875|13.10872440327|100.53970248267|-22669|-63838||50186.21875|178.5||17856.25|176.5|50186.21875|884204|BKP264|0|2609|-1556.25|||3|3|2|1|1|132|5|["132,18,5,3720"]|13:56:26:219
62|1.1|636136519733111158|0|50191.1953125|13.11568740745|100.54321080681|-22288|-63068||50191.1953125|177.5||17718.75|175|50191.1953125|884204|BKP264|0|2609|-1593.75|||3|3|2|1|1|132|5|["132,18,5,3720"]|13:56:31:195
62|1.1|636136519783026149|0|50196.1953125|13.12243583523|100.54673522418|-21905|-62322||50196.1953125|176.25||17593.75|173.75|50196.1953125|884204|BKP264|0|2609|-1593.75|||3|3|2|1|1|132|5|["132,18,5,3720"]|13:56:36:195
62|1.1|636136519832951141|0|50201.1796875|13.12917353419|100.5502328195|-21525|-61576||50201.1796875|175||17456.25|172.25|50201.1796875|884204|BKP264|0|2609|-1593.75|||3|3|2|1|1|132|5|["132,18,5,3720"]|13:56:41:180
62|1.1|636136519882886134|0|50206.1796875|13.13591659756|100.55373041482|-21145|-60831||50206.1796875|173.75||17306.25|170.75|50206.1796875|884204|BKP264|0|2609|-1693.75|||3|3|2|1|1|132|5|["132,18,5,3720"]|13:56:46:180
62|1.1|636136519932801125|0|50211.1796875|13.14357161063|100.55760888325|-20724|-59984||50211.1796875|172.75||17162.5|169.25|50211.1796875|884204|BKP264|0|2609|-1693.75|||3|3|2|1|1|132|5|["132,18,5,3720"]|13:56:51:180
62|1.1|636136519982716116|0|50216.15625|13.15056143686|100.56129423292|-20324|-59211||50216.15625|171.25||17106.25|169.25|50216.15625|884204|BKP264|0|2609|-1100|||3|3|2|1|1|132|5|["132,18,5,3720"]|13:56:56:156
62|1.1|636136520032631107|0|50221.15625|13.15757272073|100.56489375203|-19933|-58435||50221.15625|170.5||17025|168|50221.15625|884204|BKP264|0|2609|-1125|||3|3|2|1|1|132|5|["132,18,5,3720"]|13:57:01:156
62|1.1|636136520082556099|0|50226.140625|13.16478248777|100.56862738139|-19528|-57639||50226.140625|169.5||16912.5|167|50226.140625|884204|BKP264|0|2609|-1237.5|||3|3|2|1|1|132|5|["132,18,5,3720"]|13:57:06:141
62|1.1|636136520132481091|0|50231.140625|13.17130561033|100.5721196123|-19149|-56917||50231.140625|168.75||16812.5|166|50231.140625|884204|BKP264|0|2609|-1262.5|||3|3|2|1|1|132|5|["132,18,5,3720"]|13:57:11:141
62|1.1|636136520182396082|0|50236.140625|13.17784482612|100.57561720762|-18769|-56193||50236.140625|167.75||16718.75|165|50236.140625|884204|BKP264|0|2609|-1218.75|||3|3|2|1|1|132|5|["132,18,5,3720"]|13:57:16:141
62|1.1|636136520232321074|0|50241.1171875|13.18428211812|100.57897532828|-18404|-55482||50241.1171875|167||16606.25|163.75|50241.1171875|884204|BKP264|0|2609|-1237.5|||3|3|2|1|1|132|18|["132,18,5,3720"]|13:57:21:117
62|1.1|636136520282246066|0|50246.1171875|13.1918352074|100.58274650851|-17995|-54646||50246.1171875|165.75||16468.75|162.75|50246.1171875|884204|BKP264|0|2609|-1318.75|||3|3|2|1|1|132|18|["132,18,5,3720"]|13:57:26:117
62|1.1|636136520332161057|0|50251.1015625|13.19813302474|100.58614754445|-17626|-53950||50251.1015625|163.25||16318.75|161|50251.1015625|884204|BKP264|0|2609|-1518.75|||3|3|2|1|1|132|5|["132,18,5,3720"]|13:57:31:102
62|1.1|636136520382086049|0|50256.1015625|13.20488145252|100.58974706356|-17235|-53204||50256.1015625|162.75||16187.5|159.75|50256.1015625|884204|BKP264|0|2609|-1518.75|||3|3|2|1|1|132|18|["132,18,5,3720"]|13:57:36:102
62|1.1|636136520432001040|0|50261.1015625|13.21156550738|100.59330366739|-16849|-52464||50261.1015625|161.5||16056.25|158.25|50261.1015625|884204|BKP264|0|2609|-1593.75|||3|3|2|1|1|132|18|["132,18,5,3720"]|13:57:41:102
62|1.1|636136520481936033|0|50266.078125|13.21807790112|100.59666178805|-16485|-51744||50266.078125|159.75||15900|156.5|50266.078125|884204|BKP264|0|2609|-1693.75|||3|3|2|1|1|132|5|["132,18,5,3720"]|13:57:46:078
62|1.1|636136520531851024|0|50271.078125|13.22526084611|100.60027203598|-16093|-50949||50271.078125|157.5||15756.25|155.25|50271.078125|884204|BKP264|0|2609|-1631.25|||3|3|2|1|1|132|5|["132,18,5,3720"]|13:57:51:078
62|1.1|636136520581776016|0|50276.0625|13.2314781973|100.60346922434|-15746|-50262||50276.0625|156.25||15612.5|153.75|50276.0625|884204|BKP264|0|2609|-1656.25|||3|3|2|1|1|132|5|["132,18,5,3720"]|13:57:56:063
62|1.1|636136520631691007|0|50281.0625|13.23876306608|100.60717066724|-15344|-49456||50281.0625|155||15456.25|152.25|50281.0625|884204|BKP264|0|2609|-1693.75|||3|3|2|1|1|132|5|["132,18,5,3720"]|13:58:01:063
62|1.1|636136520681615999|0|50286.0625|13.24567242616|100.61070044902|-14961|-48692||50286.0625|154.5||15306.25|150.75|50286.0625|884204|BKP264|0|2609|-1712.5|||3|3|2|1|1|132|18|["132,18,5,3720"]|13:58:06:063
62|1.1|636136520731530990|0|50291.0390625|13.25262470152|100.61429996813|-14571|-47923||50291.0390625|153||15156.25|149.5|50291.0390625|884204|BKP264|0|2609|-1731.25|||3|3|2|1|1|132|18|["132,18,5,3720"]|13:58:11:039
62|1.1|636136520781455982|0|50296.0390625|13.25874549333|100.61769027525|-14203|-47246||50296.0390625|151.5||14993.75|148|50296.0390625|884204|BKP264|0|2609|-1750|||3|3|2|1|1|132|18|["132,18,5,3720"]|13:58:16:039
62|1.1|636136520831380974|0|50301.015625|13.26588552304|100.62148827753|-13791|-46456||50301.015625|148.5||14850|146.5|50301.015625|884204|BKP264|0|2609|-1768.75|||3|3|2|1|1|132|5|["132,18,5,3720"]|13:58:21:016
62|1.1|636136520881295965|0|50306.015625|13.27243546765|100.62516289838|-13393|-45732||50306.015625|147||14681.25|144.75|50306.015625|884204|BKP264|0|2609|-1868.75|||3|3|2|1|1|132|5|["132,18,5,3720"]|13:58:26:016
62|1.1|636136520931220957|0|50311.015625|13.27925363276|100.62879996836|-12998|-44978||50311.015625|146.75||14518.75|143.25|50311.015625|884204|BKP264|0|2609|-1912.5|||3|3|2|1|1|132|18|["132,18,5,3720"]|13:58:31:016
62|1.1|636136520981145949|0|50316|13.28563191625|100.63374058997|-12462|-44272||50316|144.5||14356.25|141.5|50316|884204|BKP264|0|2609|-1950|||3|3|2|1|1|132|5|["132,18,5,3720"]|13:58:36:000
62|1.1|636136521031060940|0|50321|13.29101778389|100.63859001661|-11937|-43677||50321|143.25||14231.25|140.25|50321|884204|BKP264|0|2609|-1831.25|||3|3|2|1|1|132|5|["132,18,5,3720"]|13:58:41:000
62|1.1|636136521080985932|0|50325.9765625|13.29697227899|100.64429238444|-11318|-43018||50325.9765625|142.5||14100|139|50325.9765625|884204|BKP264|0|2609|-1768.75|||3|3|2|1|1|132|18|["132,18,5,3720"]|13:58:45:977
62|1.1|636136521130920925|0|50330.9765625|13.30279266384|100.64980699792|-10721|-42375||50330.9765625|140.5||14018.75|138|50330.9765625|884204|BKP264|0|2609|-1575|||3|3|2|1|1|132|5|["132,18,5,3720"]|13:58:50:977
62|1.1|636136521180835916|0|50335.9765625|13.30822144676|100.65430773791|-10233|-41774||50335.9765625|139.5||13925|137.25|50335.9765625|884204|BKP264|0|2609|-1375|||3|3|2|1|1|132|5|["132,18,5,3720"]|13:58:55:977
62|1.1|636136521230760908|0|50340.9609375|13.31415448422|100.65939319859|-9681|-41118||50340.9609375|138.5||13812.5|136.25|50340.9609375|884204|BKP264|0|2609|-1337.5|||3|3|2|1|1|132|5|["132,18,5,3720"]|13:59:00:961
62|1.1|636136521280675899|0|50345.9609375|13.31927749577|100.66379201479|-9205|-40551||50345.9609375|137.25||13687.5|135|50345.9609375|884204|BKP264|0|2609|-1318.75|||3|3|2|1|1|132|5|["132,18,5,3720"]|13:59:05:961
62|1.1|636136521330600891|0|50350.9375|13.3247652872|100.66845368708|-8700|-39945||50350.9375|136.25||13568.75|133.75|50350.9375|884204|BKP264|0|2609|-1418.75|||3|3|2|1|1|132|5|["132,18,5,3720"]|13:59:10:938
62|1.1|636136521380515882|0|50355.9375|13.33076269758|100.67342113074|-8161|-39281||50355.9375|135||13418.75|132.5|50355.9375|884204|BKP264|0|2609|-1456.25|||3|3|2|1|1|132|18|["132,18,5,3720"]|13:59:15:938
62|1.1|636136521430440874|0|50360.9375|13.33668500622|100.67826519297|-7636|-38626||50360.9375|132.5||13243.75|130.75|50360.9375|884204|BKP264|0|2609|-1575|||3|3|2|1|1|132|5|["132,18,5,3720","132,114,4"]|13:59:20:938
62|1.1|636136521480365866|0|50365.921875|13.34239810287|100.68293222967|-7130|-37994||50365.921875|131.5||13112.5|129.25|50365.921875|884204|BKP264|0|2609|-1631.25|||3|3|2|1|1|132|5|["132,18,5,3720","132,114,4"]|13:59:25:922
62|1.1|636136521530280857|0|50370.921875|13.34845988617|100.6879372242|-6588|-37324||50370.921875|130.25||12968.75|127.75|50370.921875|884204|BKP264|0|2609|-1712.5|||3|3|2|1|1|132|5|["132,18,5,3720","132,114,4"]|13:59:30:922
62|1.1|636136521580205849|0|50375.8984375|13.35447338978|100.69285638817|-6055|-36658||50375.8984375|129.25||12837.5|126.5|50375.8984375|884204|BKP264|0|2609|-1693.75|||3|3|2|1|1|132|5|["132,18,5,3720","132,114,4"]|13:59:35:898
62|1.1|636136521630130841|0|50380.8984375|13.36030986786|100.69766289953|-5534|-36013||50380.8984375|128.5||12712.5|125|50380.8984375|884204|BKP264|0|2609|-1656.25|||3|3|2|1|1|132|18|["132,18,5,3720","132,114,4"]|13:59:40:898
62|1.1|636136521680045832|0|50385.8984375|13.36558308289|100.70205098691|-5059|-35430||50385.8984375|126||12600|124|50385.8984375|884204|BKP264|0|2609|-1575|||3|3|2|1|1|132|5|["132,18,5,3720","132,114,4"]|13:59:45:898
62|1.1|636136521729970824|0|50390.875|13.37121034898|100.70667510833|-4558|-34807||50390.875|124.75||12456.25|122.5|50390.875|884204|BKP264|0|2609|-1575|||3|3|2|1|1|132|5|["132,18,5,3720","132,114,4"]|13:59:50:875
62|1.1|636136521779895816|0|50395.875|13.37714338644|100.71155135702|-4029|-34151||50395.875|123.75||12318.75|121.25|50395.875|884204|BKP264|0|2609|-1575|||3|3|2|1|1|132|5|["132,18,5,3720","132,114,4"]|13:59:55:875
62|1.1|636136521829660792|0|50400.859375|13.38308715272|100.71645442776|-3498|-33493||50400.859375|122.75||12200|120|50400.859375|884204|BKP264|0|2609|-1556.25|||3|3|2|1|1|132|5|["132,18,5,3720","132,114,4"]|14:00:00:859
62|1.1|636136521879605786|0|50405.859375|13.38816724899|100.72070840489|-3037|-32931||50405.859375|122||12118.75|119|50405.859375|884204|BKP264|0|2609|-1456.25|||3|3|2|1|1|132|5|["132,18,5,3720"]|14:00:05:859
62|1.1|636136521929500775|0|50410.859375|13.39373014216|100.7252735178|-2543|-32316||50410.859375|120.25||12025|118.25|50410.859375|884204|BKP264|0|2609|-1300|||3|3|2|1|1|132|5|["132,18,5,3720"]|14:00:10:859
62|1.1|636136521979425767|0|50415.8359375|13.39920184036|100.72974743574|-2058|-31711||50415.8359375|119||11893.75|117|50415.8359375|884204|BKP264|0|2609|-1300|||3|3|2|1|1|132|5|["132,18,5,3720"]|14:00:15:836
62|1.1|636136522029350759|0|50420.8359375|13.40487738614|100.73440910803|-1553|-31083||50420.8359375|118.75||11775|116|50420.8359375|884204|BKP264|0|2609|-1337.5|||3|3|2|1|1|132|18|["132,18,5,3720"]|14:00:20:836
62|1.1|636136522079265750|0|50425.8203125|13.4105422031|100.73907614473|-1048|-30456||50425.8203125|117.25||11656.25|114.5|50425.8203125|884204|BKP264|0|2609|-1437.5|||3|3|2|1|1|132|18|["132,18,5,3720"]|14:00:25:820
62|1.1|636136522129200743|0|50430.8203125|13.41653424907|100.74395775783|-519|-29793||50430.8203125|115.5||11475|113|50430.8203125|884204|BKP264|0|2609|-1593.75|||3|3|2|1|1|132|5|["132,18,5,3720"]|14:00:30:820
62|1.1|636136522179105733|0|50435.8203125|13.42223125249|100.7486623454|-9|-29163||50435.8203125|114.75||11368.75|111.75|50435.8203125|884204|BKP264|0|2609|-1556.25|||3|3|2|1|1|132|5|["132,18,5,3720"]|14:00:35:820
62|1.1|636136522229050727|0|50440.796875|13.42640476347|100.75226186451|381|-28701||50440.796875|114.25||11325|111.5|50440.796875|884204|BKP264|0|2609|-1043.75|||3|3|2|1|1|132|18|["132,18,5,3720"]|14:00:40:797
62|1.1|636136522278955717|0|50445.796875|13.43160824117|100.75666068071|857|-28125||50445.796875|113.75||11231.25|111.5|50445.796875|884204|BKP264|0|2609|-825|||3|3|2|1|1|132|18|["132,18,5,3720"]|14:00:45:797
62|1.1|636136522328890710|0|50450.78125|13.43679026123|100.76104876809|1332|-27552||50450.78125|113.25||11150|110.75|50450.78125|884204|BKP264|0|2609|-731.25|||3|3|2|1|1|132|18|["132,18,5,3720"]|14:00:50:781
62|1.1|636136522378795700|0|50455.78125|13.44217612887|100.7655602369|1821|-26956||50455.78125|112.75||11093.75|110.25|50455.78125|884204|BKP264|0|2609|-687.5|||3|3|2|1|1|132|18|["132,18,5,3720"]|14:00:55:781
62|1.1|636136522428720692|0|50460.78125|13.44798042049|100.77059741789|2366|-26314||50460.78125|112.5||11100|110|50460.78125|884204|BKP264|0|2609|-568.75|||3|3|2|1|1|132|18|["132,18,5,3720"]|14:01:00:781
62|1.1|636136522478645684|0|50465.7578125|13.4540475682|100.77534492074|2880|-25643||50465.7578125|112||11143.75|109.75|50465.7578125|884204|BKP264|0|2609|-531.25|||3|3|2|1|1|132|18|["132,18,5,3720"]|14:01:05:758
62|1.1|636136522528570676|0|50470.7578125|13.45972847839|100.77980810986|3363|-25014||50470.7578125|111.5||11118.75|109.25|50470.7578125|884204|BKP264|0|2609|-531.25|||3|3|2|1|1|132|18|["132,18,5,3720"]|14:01:10:758
62|1.1|636136522578485667|0|50475.7421875|13.46507143075|100.78398162084|3815|-24423||50475.7421875|111.25||11093.75|108.75|50475.7421875|884204|BKP264|0|2609|-512.5|||3|3|2|1|1|132|18|["132,18,5,3720"]|14:01:15:742
62|1.1|636136522628410659|0|50480.7421875|13.4701944423|100.7865887241|4097|-23856||50480.7421875|110.25||11031.25|108.5|50480.7421875|884204|BKP264|0|2609|-512.5|||3|3|2|1|1|132|5|["132,18,5,3720"]|14:01:20:742
62|1.1|636136522678325650|0|50485.7421875|13.47573051342|100.78912072562|4371|-23243||50485.7421875|109.75||10975|107.75|50485.7421875|884204|BKP264|0|2609|-568.75|||3|3|2|1|1|132|5|["132,18,5,3720"]|14:01:25:742
62|1.1|636136522728250642|0|50490.71875|13.48214634778|100.79114310819|4590|-22534||50490.71875|109.25||10912.5|107|50490.71875|884204|BKP264|0|2609|-650|||3|3|2|1|1|132|5|["132,18,5,3720"]|14:01:30:719
62|1.1|636136522778195636|0|50495.71875|13.48780043592|100.79237155808|4723|-21908||50495.71875|108.75||10856.25|106.5|50495.71875|884204|BKP264|0|2609|-668.75|||3|3|2|1|1|132|5|["132,18,5,3720"]|14:01:35:719
62|1.1|636136522828120628|0|50500.6953125|13.49445766873|100.79332105865|4826|-21171||50500.6953125|108||10781.25|105.75|50500.6953125|884204|BKP264|0|2609|-731.25|||3|3|2|1|1|132|5|["132,18,5,3720"]|14:01:40:695
62|1.1|636136522878015617|0|50505.6953125|13.50070720638|100.79445294916|4948|-20480||50505.6953125|107.5||10706.25|105|50505.6953125|884204|BKP264|0|2609|-768.75|||3|3|2|1|1|132|18|["132,18,5,3720"]|14:01:45:695
62|1.1|636136522927940609|0|50510.6953125|13.50588922644|100.79589597545|5104|-19907||50510.6953125|106.75||10625|104.25|50510.6953125|884204|BKP264|0|2609|-787.5|||3|3|2|1|1|132|18|["132,18,5,3720"]|14:01:50:695
62|1.1|636136522977865601|0|50515.6796875|13.51194564533|100.79735509497|5262|-19237||50515.6796875|105||10506.25|103|50515.6796875|884204|BKP264|0|2609|-1043.75|||3|3|2|1|1|132|5|["132,18,5,3720"]|14:01:55:680
62|1.1|636136523027780592|0|50520.6796875|13.51743880117|100.79887858741|5427|-18629||50520.6796875|104.25||10418.75|102|50520.6796875|884204|BKP264|0|2609|-1143.75|||3|3|2|1|1|132|5|["132,18,5,3720"]|14:02:00:680
62|1.1|636136523077705584|0|50525.65625|13.52317335546|100.80045035954|5597|-17994||50525.65625|103.25||10312.5|101|50525.65625|884204|BKP264|0|2609|-1200|||3|3|2|1|1|132|5|["132,18,5,3720"]|14:02:05:656
62|1.1|636136523127650578|0|50530.65625|13.52959455423|100.80216160633|5782|-17284||50530.65625|102.5||10193.75|100|50530.65625|884204|BKP264|0|2609|-1237.5|||3|3|2|1|1|132|5|["132,18,5,3720"]|14:02:10:656
62|1.1|636136523177545567|0|50535.65625|13.53522182032|100.80376556492|5955|-16661||50535.65625|101.75||10068.75|98.75|50535.65625|884204|BKP264|0|2609|-1281.25|||3|3|2|1|1|132|18|["132,18,5,3720"]|14:02:15:656
62|1.1|636136523227470559|0|50540.640625|13.54183613785|100.80549826935|6143|-15930||50540.640625|100.5||9975|97.75|50540.640625|884204|BKP264|0|2609|-1281.25|||3|3|2|1|1|132|18|["132,18,5,3720"]|14:02:20:641
62|1.1|636136523277385550|0|50545.640625|13.54805885345|100.80732216875|6340|-15241||50545.640625|98.75||9862.5|96.75|50545.640625|884204|BKP264|0|2609|-1300|||3|3|2|1|1|132|5|["132,18,5,3720"]|14:02:25:641
62|1.1|636136523327310542|0|50550.6171875|13.55331597525|100.80891539852|6512|-14659||50550.6171875|97.75||9762.5|95.75|50550.6171875|884204|BKP264|0|2609|-1281.25|||3|3|2|1|1|132|5|["132,18,5,3720"]|14:02:30:617
62|1.1|636136523377235534|0|50555.6171875|13.55870184289|100.81051935711|6686|-14063||50555.6171875|97||9668.75|94.5|50555.6171875|884204|BKP264|0|2609|-1262.5|||3|3|2|1|1|132|5|["132,18,5,3720"]|14:02:35:617
62|1.1|636136523427160526|0|50560.6171875|13.56435056662|100.81213940893|6861|-13438||50560.6171875|96||9562.5|93.5|50560.6171875|884204|BKP264|0|2609|-1262.5|||3|3|2|1|1|132|5|["132,18,5,3720"]|14:02:40:617
62|1.1|636136523477095519|0|50565.6015625|13.57004757004|100.81374336752|7034|-12808||50565.6015625|95.5||9481.25|92.75|50565.6015625|884204|BKP264|0|2609|-1200|||3|3|2|1|1|132|18|["132,18,5,3720"]|14:02:45:602
62|1.1|636136523527010510|0|50570.6015625|13.57693547248|100.81551898723|7226|-12046||50570.6015625|94||9387.5|92|50570.6015625|884204|BKP264|0|2609|-1125|||3|3|2|1|1|132|5|["132,18,5,3720"]|14:02:50:602
62|1.1|636136523576925501|0|50575.578125|13.58234816217|100.81709612377|7397|-11447||50575.578125|93.25||9312.5|91|50575.578125|884204|BKP264|0|2609|-1062.5|||3|3|2|1|1|132|5|["132,18,5,3720"]|14:02:55:578
62|1.1|636136523626840492|0|50580.578125|13.58817927584|100.81874299764|7575|-10802||50580.578125|93||9225|90.25|50580.578125|884204|BKP264|0|2609|-1025|||3|3|2|1|1|132|18|["132,18,5,3720"]|14:03:00:578
62|1.1|636136523676765484|0|50585.578125|13.59358660112|100.82029867654|7743|-10204||50585.578125|92||9162.5|89.5|50585.578125|884204|BKP264|0|2609|-943.75|||3|3|2|1|1|132|5|["132,18,5,3720"]|14:03:05:578
62|1.1|636136523726680475|0|50590.5625|13.59925678249|100.82184362662|7910|-9576||50590.5625|91.25||9068.75|88.75|50590.5625|884204|BKP264|0|2609|-962.5|||3|3|2|1|1|132|18|["132,18,5,3720"]|14:03:10:563
62|1.1|636136523776605467|0|50595.5625|13.6058603712|100.82356560223|8096|-8846||50595.5625|89.5||8950|87.5|50595.5625|884204|BKP264|0|2609|-1100|||3|3|2|1|1|132|5|["132,18,5,3720"]|14:03:15:563
62|1.1|636136523826530459|0|50600.5390625|13.61174512897|100.82519101846|8272|-8194||50600.5390625|88.75||8850|86.5|50600.5390625|884204|BKP264|0|2609|-1181.25|||3|3|2|1|1|132|5|["132,18,5,3720"]|14:03:20:539
62|1.1|636136523876455451|0|50605.5390625|13.61708808133|100.82674669736|8440|-7603||50605.5390625|87.75||8750|85.5|50605.5390625|884204|BKP264|0|2609|-1200|||3|3|2|1|1|132|5|["132,18,5,3720"]|14:03:25:539
62|1.1|636136523926370442|0|50610.5390625|13.62228619462|100.82824873216|8603|-7028||50610.5390625|86.75||8637.5|84.25|50610.5390625|884204|BKP264|0|2609|-1262.5|||3|3|2|1|1|132|5|["132,18,5,3720"]|14:03:30:539
62|1.1|636136523976295434|0|50615.515625|13.62776325723|100.82977758901|8768|-6422||50615.515625|86||8512.5|83.25|50615.515625|884204|BKP264|0|2609|-1300|||3|3|2|1|1|132|18|["132,18,5,3720"]|14:03:35:516
62|1.1|636136524026220426|0|50620.515625|13.6334334386|100.83128498822|8930|-5795||50620.515625|84.75||8400|82|50620.515625|884204|BKP264|0|2609|-1318.75|||3|3|2|1|1|132|18|["132,18,5,3720"]|14:03:40:516
62|1.1|636136524076135417|0|50625.5|13.64004775613|100.83296404855|9112|-5063||50625.5|83.25||8300|81|50625.5|884204|BKP264|0|2609|-1300|||3|3|2|1|1|132|5|["132,18,5,3720"]|14:03:45:500
62|1.1|636136524126060409|0|50630.5|13.64610417502|100.8346001936|9289|-4393||50630.5|82.25||8193.75|80|50630.5|884204|BKP264|0|2609|-1281.25|||3|3|2|1|1|132|5|["132,18,5,3720"]|14:03:50:500
62|1.1|636136524175985401|0|50635.5|13.65136129682|100.83611295722|9452|-3811||50635.5|81.5||8112.5|79|50635.5|884204|BKP264|0|2609|-1200|||3|3|2|1|1|132|5|["132,18,5,3720"]|14:03:55:500
62|1.1|636136524225910393|0|50640.4765625|13.65675789328|100.83762035643|9615|-3214||50640.4765625|80.25||8006.25|78|50640.4765625|884204|BKP264|0|2609|-1200|||3|3|2|1|1|132|5|["132,18,5,3720"]|14:04:00:477
62|1.1|636136524275825384|0|50645.4765625|13.66273384602|100.83921895061|9788|-2553||50645.4765625|79.25||7887.5|77|50645.4765625|884204|BKP264|0|2609|-1262.5|||3|3|2|1|1|132|5|["132,18,5,3720"]|14:04:05:477
62|1.1|636136524325750376|0|50650.4609375|13.66812507807|100.84073707864|9952|-1956||50650.4609375|78.5||7775|75.75|50650.4609375|884204|BKP264|0|2609|-1281.25|||3|3|2|1|1|132|18|["132,18,5,3720"]|14:04:10:461
62|1.1|636136524375665367|0|50655.4609375|13.67367724242|100.84226057108|10116|-1342||50655.4609375|77.5||7662.5|74.75|50655.4609375|884204|BKP264|0|2609|-1300|||3|3|2|1|1|132|18|["132,18,5,3720"]|14:04:15:461
62|1.1|636136524425590359|0|50660.4609375|13.67988386479|100.84385916526|10289|-655||50660.4609375|76.25||7525|73.5|50660.4609375|884204|BKP264|0|2609|-1356.25|||3|3|2|1|1|132|18|["132,18,5,3720"]|14:04:20:461
62|1.1|636136524475525352|0|50665.4375|13.68520535951|100.84533974242|10449|-66||50665.4375|74||7400|72|50665.4375|884204|BKP264|0|2609|-1437.5|||3|3|2|1|1|132|5|["132,18,5,3720"]|14:04:25:438
62|1.1|636136524528560655|0|50670.7421875|13.69172311766|100.84706171803|10635|655||50670.7421875|73||7256.25|70.75|50670.7421875|884204|BKP264|0|2609|-1475|||3|3|2|1|1|132|5|["132,18,5,3720"]|14:04:30:742
62|1.1|636136524578465645|0|50675.7421875|13.69779562978|100.84868176985|10810|1327||50675.7421875|72.5||7156.25|69.5|50675.7421875|884204|BKP264|0|2609|-1456.25|||3|3|2|1|1|132|5|["132,18,5,3720"]|14:04:35:742
62|1.1|636136524628390637|0|50680.7421875|13.7031171245|100.85023208434|10977|1915||50680.7421875|72||7125|69.5|50680.7421875|884204|BKP264|0|2609|-1300|||3|3|2|1|1|132|18|["132,18,5,3720"]|14:04:40:742
62|1.1|636136524678315629|0|50685.71875|13.70890532289|100.85181458529|11148|2556||50685.71875|71.5||7056.25|69.5|50685.71875|884204|BKP264|0|2609|-1262.5|||3|3|2|1|1|132|18|["132,18,5,3720"]|14:04:45:719
62|1.1|636136524728260623|0|50690.71875|13.7143287414|100.85346682357|11327|3156||50690.71875|69.5||6956.25|67.5|50690.71875|884204|BKP264|0|2609|-1218.75|||3|3|2|1|1|132|5|["132,18,5,3720"]|14:04:50:719
62|1.1|636136524778165613|0|50695.6953125|13.71873292201|100.85469527346|11460|3644||50695.6953125|68.5||6856.25|66.5|50695.6953125|884204|BKP264|0|2609|-1262.5|||3|3|2|1|1|132|5|["132,18,5,3720"]|14:04:55:695
62|1.1|636136524828080604|0|50700.6953125|13.72392567089|100.8561651218|11618|4218||50700.6953125|67.5||6718.75|65|50700.6953125|884204|BKP264|0|2609|-1437.5|||3|3|2|1|1|132|5|["132,18,5,3720"]|14:05:00:695
62|1.1|636136524878005596|0|50705.6953125|13.72917742828|100.85759741927|11773|4799||50705.6953125|66.25||6593.75|63.75|50705.6953125|884204|BKP264|0|2609|-1493.75|||3|3|2|1|1|132|5|["132,18,5,3720"]|14:05:05:695
62|1.1|636136524927920587|0|50710.6796875|13.73447746536|100.85904044556|11929|5386||50710.6796875|65.5||6443.75|62.5|50710.6796875|884204|BKP264|0|2609|-1537.5|||3|3|2|1|1|132|18|["132,18,5,3720"]|14:05:10:680
62|1.1|636136524977845579|0|50715.6796875|13.73992770592|100.86050492949|12087|5989||50715.6796875|64||6287.5|61|50715.6796875|884204|BKP264|0|2609|-1593.75|||3|3|2|1|1|132|18|["132,18,5,3720"]|14:05:15:680
62|1.1|636136525027770571|0|50720.65625|13.74622552326|100.86213034572|12262|6686||50720.65625|61.5||6131.25|59.25|50720.65625|884204|BKP264|0|2609|-1693.75|||3|3|2|1|1|132|5|["132,18,5,3720"]|14:05:20:656
62|1.1|636136525077705564|0|50725.65625|13.75071553443|100.86348754145|12409|7182||50725.65625|60.25||5993.75|58|50725.65625|884204|BKP264|0|2609|-1712.5|||3|3|2|1|1|132|5|["132,18,5,3720"]|14:05:25:656
62|1.1|636136525127610554|0|50730.65625|13.75601557151|100.86501103389|12573|7769||50730.65625|59.5||5856.25|56.5|50730.65625|884204|BKP264|0|2609|-1731.25|||3|3|2|1|1|132|18|["132,18,5,3720"]|14:05:30:656
62|1.1|636136525177525545|0|50735.640625|13.76114931188|100.86634677198|12718|8337||50735.640625|57.5||5712.5|55|50735.640625|884204|BKP264|0|2609|-1712.5|||3|3|2|1|1|132|5|["132,18,5,3720"]|14:05:35:641
62|1.1|636136525227450537|0|50740.640625|13.76695896791|100.86783271355|12878|8979||50740.640625|56.25||5543.75|53.75|50740.640625|884204|BKP264|0|2609|-1731.25|||3|3|2|1|1|132|5|["132,18,5,3720"]|14:05:40:641
62|1.1|636136525277375529|0|50745.6171875|13.77261842046|100.86929719748|13036|9606||50745.6171875|55.5||5406.25|52|50745.6171875|884204|BKP264|0|2609|-1750|||3|3|2|1|1|132|18|["132,18,5,3720"]|14:05:45:617
62|1.1|636136525327300521|0|50750.6171875|13.77823495773|100.87078850346|13197|10227||50750.6171875|53||5268.75|50.75|50750.6171875|884204|BKP264|0|2609|-1731.25|||3|3|2|1|1|132|5|["132,18,5,3720"]|14:05:50:617
62|1.1|636136525377225513|0|50755.6171875|13.7836905627|100.87226371621|13356|10831||50755.6171875|52.5||5175|49.75|50755.6171875|884204|BKP264|0|2609|-1518.75|||3|3|2|1|1|132|5|["132,18,5,3720"]|14:05:55:617
62|1.1|636136525427160506|0|50760.6015625|13.78823421797|100.87357799666|13498|11334||50760.6015625|52||5131.25|49.75|50760.6015625|884204|BKP264|0|2609|-843.75|||3|3|2|1|1|132|5|["132,18,5,3720"]|14:06:00:602
62|1.1|636136525477065496|0|50765.6015625|13.79313728871|100.87492982798|13644|11876||50765.6015625|51.5||5093.75|49.25|50765.6015625|884204|BKP264|0|2609|-650|||3|3|2|1|1|132|5|["132,18,5,3720"]|14:06:05:602
62|1.1|636136525526980487|0|50770.578125|13.7981208256|100.87626556607|13788|12428||50770.578125|51||5043.75|48.75|50770.578125|884204|BKP264|0|2609|-631.25|||3|3|2|1|1|132|18|["132,18,5,3720"]|14:06:10:578
62|1.1|636136525576915480|0|50775.578125|13.80370517641|100.87771932118|13945|13046||50775.578125|50.5||4993.75|48.25|50775.578125|884204|BKP264|0|2609|-631.25|||3|3|2|1|1|132|18|["132,18,5,3720"]|14:06:15:578
62|1.1|636136525626830471|0|50780.578125|13.80883891678|100.87909261014|14093|13614||50780.578125|49.75||4956.25|47.5|50780.578125|884204|BKP264|0|2609|-631.25|||3|3|2|1|1|132|5|["132,18,5,3720"]|14:06:20:578
62|1.1|636136525676745462|0|50785.5625|13.81352741112|100.88039079736|14233|14132||50785.5625|49.5||4937.5|47.25|50785.5625|884204|BKP264|0|2609|-550|||3|3|2|1|1|132|5|["132,18,5,3720"]|14:06:25:563
62|1.1|636136525726680455|0|50790.5625|13.81883281261|100.8818070016|14386|14720||50790.5625|49||4893.75|47|50790.5625|884204|BKP264|0|2609|-531.25|||3|3|2|1|1|132|5|["132,18,5,3720"]|14:06:30:563
62|1.1|636136525776595446|0|50795.5390625|13.82389145124|100.88318029056|14534|15280||50795.5390625|48.75||4856.25|46.5|50795.5390625|884204|BKP264|0|2609|-531.25|||3|3|2|1|1|132|5|["132,18,5,3720"]|14:06:35:539
62|1.1|636136525826510437|0|50800.5390625|13.82881597962|100.88453212188|14680|15825||50800.5390625|48.25||4800|46|50800.5390625|884204|BKP264|0|2609|-550|||3|3|2|1|1|132|18|["132,18,5,3720"]|14:06:40:539
62|1.1|636136525876435429|0|50805.5390625|13.83303240588|100.88580348705|14817|16291||50805.5390625|47.75||4743.75|45.5|50805.5390625|884204|BKP264|0|2609|-568.75|||3|3|2|1|1|132|18|["132,18,5,3720"]|14:06:45:539
62|1.1|636136525926360421|0|50810.515625|13.83766189171|100.88647940271|14890|16803||50810.515625|46.5||4650|44.5|50810.515625|884204|BKP264|0|2609|-706.25|||3|3|2|1|1|132|5|["132,18,5,3720"]|14:06:50:516
62|1.1|636136525976275412|0|50815.515625|13.84292974233|100.88644185184|14886|17386||50815.515625|45.75||4556.25|43.75|50815.515625|884204|BKP264|0|2609|-843.75|||3|3|2|1|1|132|5|["132,18,5,3720"]|14:06:55:516
62|1.1|636136526026200404|0|50820.5|13.8480098386|100.88506319847|14736|17948||50820.5|45||4462.5|42.75|50820.5|884204|BKP264|0|2609|-943.75|||3|3|2|1|1|132|5|["132,18,5,3720"]|14:07:00:500
62|1.1|636136526076115395|0|50825.5|13.85210824784|100.88268140043|14478|18401||50825.5|44.5||4381.25|41.75|50825.5|884204|BKP264|0|2609|-981.25|||3|3|2|1|1|132|18|["132,18,5,3720"]|14:07:05:500
62|1.1|636136526126060389|0|50830.5|13.85560584316|100.87904433045|14085|18788||50830.5|43.5||4300|41|50830.5|884204|BKP264|0|2609|-1006.25|||3|3|2|1|1|132|18|["132,18,5,3720"]|14:07:10:500
62|1.1|636136526175965379|0|50835.4765625|13.85848116692|100.87425391232|13567|19106||50835.4765625|41.75||4168.75|39.75|50835.4765625|884204|BKP264|0|2609|-1143.75|||3|3|2|1|1|132|5|["132,18,5,3720"]|14:07:15:477
62|1.1|636136526225890371|0|50840.4765625|13.86077176999|100.86998920637|13106|19359||50840.4765625|41||4081.25|38.75|50840.4765625|884204|BKP264|0|2609|-1162.5|||3|3|2|1|1|132|5|["132,18,5,3720"]|14:07:20:477
62|1.1|636136526275805362|0|50845.4609375|13.8625473897|100.86541872905|12612|19555||50845.4609375|40.5||4012.5|38|50845.4609375|884204|BKP264|0|2609|-1081.25|||3|3|2|1|1|132|5|["132,18,5,3720"]|14:07:25:461
62|1.1|636136526325730354|0|50850.4609375|13.86424790767|100.86039764129|12069|19743||50850.4609375|39.75||3931.25|37.25|50850.4609375|884204|BKP264|0|2609|-1043.75|||3|3|2|1|1|132|5|["132,18,5,3720"]|14:07:30:461
62|1.1|636136526375655346|0|50855.4609375|13.86580358657|100.85577351987|11569|19915||50855.4609375|39||3843.75|36.5|50855.4609375|884204|BKP264|0|2609|-1025|||3|3|2|1|1|132|18|["132,18,5,3720"]|14:07:35:461
62|1.1|636136526425570337|0|50860.4375|13.8674826469|100.85116549168|11071|20101||50860.4375|38.25||3768.75|35.75|50860.4375|884204|BKP264|0|2609|-1006.25|||3|3|2|1|1|132|18|["132,18,5,3720"]|14:07:40:438
62|1.1|636136526475495329|0|50865.4375|13.86915097841|100.84659501436|10577|20285||50865.4375|37.25||3675|34.75|50865.4375|884204|BKP264|0|2609|-1025|||3|3|2|1|1|132|18|["132,18,5,3720"]|14:07:45:438
62|1.1|636136526525410320|0|50870.421875|13.87098024222|100.84124133318|9998|20487||50870.421875|36.25||3562.5|33.75|50870.421875|884204|BKP264|0|2609|-1100|||3|3|2|1|1|132|18|["132,18,5,3720"]|14:07:50:422
62|1.1|636136526575335312|0|50875.421875|13.87263784491|100.83672449996|9510|20671||50875.421875|35||3487.5|32.75|50875.421875|884204|BKP264|0|2609|-1081.25|||3|3|2|1|1|132|5|["132,18,5,3720"]|14:07:55:422
62|1.1|636136526625260304|0|50880.421875|13.87438127816|100.83172486984|8969|20863||50880.421875|34.25||3400|32|50880.421875|884204|BKP264|0|2609|-1043.75|||3|3|2|1|1|132|5|["132,18,5,3720"]|14:08:00:422
62|1.1|636136526675175295|0|50885.3984375|13.87585649091|100.82726704513|8487|21026||50885.3984375|33.5||3318.75|31.25|50885.3984375|884204|BKP264|0|2609|-1025|||3|3|2|1|1|132|5|["132,18,5,3720"]|14:08:05:398
62|1.1|636136526725100287|0|50890.3984375|13.87720295782|100.82217622004|7937|21175||50890.3984375|32.75||3237.5|30.25|50890.3984375|884204|BKP264|0|2609|-1025|||3|3|2|1|1|132|5|["132,18,5,3720"]|14:08:10:398
62|1.1|636136526775025279|0|50895.375|13.87727269515|100.81687618296|7364|21182||50895.375|32.25||3143.75|29.5|50895.375|884204|BKP264|0|2609|-1043.75|||3|3|2|1|1|132|18|["132,18,5,3720"]|14:08:15:375
62|1.1|636136526824950271|0|50900.375|13.87537369401|100.81153859501|6787|20972||50900.375|31.5||3068.75|28.75|50900.375|884204|BKP264|0|2609|-981.25|||3|3|2|1|1|132|18|["132,18,5,3720"]|14:08:20:375
62|1.1|636136526874865262|0|50905.375|13.87182245459|100.80774595714|6377|20579||50905.375|30.5||3031.25|28.25|50905.375|884204|BKP264|0|2609|-843.75|||3|3|2|1|1|132|5|["132,18,5,3720"]|14:08:25:375
62|1.1|636136526924790254|0|50910.359375|13.86855016449|100.80371728523|5942|20217||50910.359375|29.75||2962.5|27.75|50910.359375|884204|BKP264|0|2609|-806.25|||3|3|2|1|1|132|5|["132,18,5,3720"]|14:08:30:359
62|1.1|636136526974715246|0|50915.359375|13.86563728986|100.80024651196|5567|19895||50915.359375|29.25||2906.25|27|50915.359375|884204|BKP264|0|2609|-787.5|||3|3|2|1|1|132|5|["132,18,5,3720"]|14:08:35:359
62|1.1|636136527024640238|0|50920.3359375|13.8623328133|100.79658798434|5171|19529||50920.3359375|28.75||2843.75|26.5|50920.3359375|884204|BKP264|0|2609|-787.5|||3|3|2|1|1|132|5|["132,18,5,3720"]|14:08:40:336
62|1.1|636136527074555229|0|50925.3359375|13.85960232861|100.79300455846|4784|19227||50925.3359375|28.25||2768.75|25.75|50925.3359375|884204|BKP264|0|2609|-787.5|||3|3|2|1|1|132|18|["132,18,5,3720"]|14:08:45:336
62|1.1|636136527124480221|0|50930.3359375|13.85685038628|100.78940503935|4395|18922||50930.3359375|27.5||2712.5|25|50930.3359375|884204|BKP264|0|2609|-787.5|||3|3|2|1|1|132|18|["132,18,5,3720"]|14:08:50:336
62|1.1|636136527174395212|0|50935.3203125|13.85366392674|100.78541928272|3964|18570||50935.3203125|27||2650|24.5|50935.3203125|884204|BKP264|0|2609|-768.75|||3|3|2|1|1|132|18|["132,18,5,3720"]|14:08:55:320
62|1.1|636136527224320204|0|50940.3203125|13.84995175502|100.78257614542|3657|18159||50940.3203125|26.25||2618.75|24.25|50940.3203125|884204|BKP264|0|2609|-650|||3|3|2|1|1|132|5|["132,18,5,3720"]|14:09:00:320
62|1.1|636136527274245196|0|50945.296875|13.84566022702|100.78028017794|3409|17684||50945.296875|26||2581.25|23.75|50945.296875|884204|BKP264|0|2609|-550|||3|3|2|1|1|132|5|["132,18,5,3720"]|14:09:05:297
62|1.1|636136527324160187|0|50950.296875|13.84151353809|100.77897662631|3268|17225||50950.296875|25.75||2543.75|23.5|50950.296875|884204|BKP264|0|2609|-531.25|||3|3|2|1|1|132|18|["132,18,5,3720"]|14:09:10:297
62|1.1|636136527374085179|0|50955.296875|13.83705034897|100.77817196481|3181|16731||50955.296875|25.25||2506.25|23|50955.296875|884204|BKP264|0|2609|-512.5|||3|3|2|1|1|132|18|["132,18,5,3720"]|14:09:15:297
62|1.1|636136527424010171|0|50960.28125|13.83268908364|100.77730293039|3087|16249||50960.28125|25||2475|22.75|50960.28125|884204|BKP264|0|2609|-493.75|||3|3|2|1|1|132|18|["132,18,5,3720"]|14:09:20:281
62|1.1|636136527473925162|0|50965.28125|13.82795230961|100.77605838727|2953|15725||50965.28125|24.25||2425|22.25|50965.28125|884204|BKP264|0|2609|-512.5|||3|3|2|1|1|132|5|["132,18,5,3720"]|14:09:25:281
62|1.1|636136527523850154|0|50970.2578125|13.82339256111|100.77478165769|2815|15221||50970.2578125|24||2393.75|22|50970.2578125|884204|BKP264|0|2609|-475|||3|3|2|1|1|132|5|["132,18,5,3720"]|14:09:30:258
62|1.1|636136527573765145|0|50975.2578125|13.81946044858|100.77360148749|2687|14785||50975.2578125|23.5||2343.75|21.5|50975.2578125|884204|BKP264|0|2609|-475|||3|3|2|1|1|132|5|["132,18,5,3720"]|14:09:35:258
62|1.1|636136527623700138|0|50980.2578125|13.81508845443|100.77237840201|2555|14302||50980.2578125|23.25||2306.25|21|50980.2578125|884204|BKP264|0|2609|-493.75|||3|3|2|1|1|132|5|["132,18,5,3720"]|14:09:40:258
62|1.1|636136527673615129|0|50985.2421875|13.81086129935|100.77119823181|2427|13834||50985.2421875|22.75||2250|20.5|50985.2421875|884204|BKP264|0|2609|-512.5|||3|3|2|1|1|132|18|["132,18,5,3720"]|14:09:45:242
62|1.1|636136527723540121|0|50990.2421875|13.8071866785|100.77014144304|2313|13427||50990.2421875|22||2200|20|50990.2421875|884204|BKP264|0|2609|-550|||3|3|2|1|1|132|18|["132,18,5,3720"]|14:09:50:242
62|1.1|636136527773455112|0|50995.21875|13.80363007467|100.76914902719|2206|13034||50995.21875|21.5||2125|19.25|50995.21875|884204|BKP264|0|2609|-631.25|||3|3|2|1|1|132|18|["132,18,5,3720"]|14:09:55:219
62|1.1|636136527823380104|0|51000.21875|13.79976233506|100.76815124693|2098|12606||51000.21875|21||2050|18.5|51000.21875|884204|BKP264|0|2609|-706.25|||3|3|2|1|1|132|18|["132,18,5,3720"]|14:10:00:219
62|1.1|636136527873305096|0|51005.21875|13.79583558694|100.76720711077|1996|12171||51005.21875|19.75||1981.25|17.75|51005.21875|884204|BKP264|0|2609|-768.75|||3|3|2|1|1|132|5|["132,18,5,3720"]|14:10:05:219
62|1.1|636136527923230088|0|51010.1953125|13.79206440671|100.76622005933|1889|11754||51010.1953125|19||1906.25|17|51010.1953125|884204|BKP264|0|2609|-825|||3|3|2|1|1|132|5|["132,18,5,3720"]|14:10:10:195
62|1.1|636136527973145079|0|51015.1953125|13.78804646362|100.76520618584|1780|11310||51015.1953125|18.5||1831.25|16.25|51015.1953125|884204|BKP264|0|2609|-868.75|||3|3|2|1|1|132|5|["132,18,5,3720"]|14:10:15:195
62|1.1|636136528023070071|0|51020.1796875|13.78414653755|100.76419767676|1670|10878||51020.1796875|18||1762.5|15.75|51020.1796875|884204|BKP264|0|2609|-868.75|||3|3|2|1|1|132|18|["132,18,5,3720"]|14:10:20:180
62|1.1|636136528072985062|0|51025.1796875|13.78099226447|100.76326963383|1570|10529||51025.1796875|17.25||1693.75|15|51025.1796875|884204|BKP264|0|2609|-843.75|||3|3|2|1|1|132|18|["132,18,5,3720"]|14:10:25:180
62|1.1|636136528122910054|0|51030.1796875|13.77744102505|100.76225576034|1461|10136||51030.1796875|16.5||1618.75|14.25|51030.1796875|884204|BKP264|0|2609|-868.75|||3|3|2|1|1|132|18|["132,18,5,3720"]|14:10:30:180
62|1.1|636136528172825045|0|51035.15625|13.77399170942|100.76127943772|1355|9755||51035.15625|15.75||1543.75|13.5|51035.15625|884204|BKP264|0|2609|-887.5|||3|3|2|1|1|132|18|["132,18,5,3720"]|14:10:35:156
62|1.1|636136528222750037|0|51040.15625|13.77120758063|100.76054987796|1276|9446||51040.15625|15.25||1481.25|12.75|51040.15625|884204|BKP264|0|2609|-868.75|||3|3|2|1|1|132|18|["132,18,5,3720"]|14:10:40:156
62|1.1|636136528272675029|0|51045.140625|13.76927639303|100.76007780988|1225|9233||51045.140625|14.5||1443.75|12.5|51045.140625|884204|BKP264|0|2609|-731.25|||3|3|2|1|1|132|5|["132,18,5,3720"]|14:10:45:141
62|1.1|636136528322600021|0|51050.140625|13.7664171625|100.75933215689|1145|8917||51050.140625|14.25||1400|12|51050.140625|884204|BKP264|0|2609|-650|||3|3|2|1|1|132|5|["132,18,5,3720"]|14:10:50:141
62|1.1|636136528372515012|0|51055.140625|13.76391198303|100.75863478359|1069|8639||51055.140625|14||1356.25|11.5|51055.140625|884204|BKP264|0|2609|-612.5|||3|3|2|1|1|132|18|["132,18,5,3720"]|14:10:55:141
62|1.1|636136528422440004|0|51060.1171875|13.76081671846|100.75785694414|985|8297||51060.1171875|13.5||1325|11|51060.1171875|884204|BKP264|0|2609|-568.75|||3|3|2|1|1|132|18|["132,18,5,3720"]|14:11:00:117
62|1.1|636136528472354995|0|51065.1171875|13.75774291153|100.75715420643|909|7957||51065.1171875|13||1275|10.75|51065.1171875|884204|BKP264|0|2609|-531.25|||3|3|2|1|1|132|18|["132,18,5,3720"]|14:11:05:117
