62|1.1|636136515321270018|0|49748.7421875|15.87382026659|96.84633838413|-418235|245759||49748.7421875|||10006.25|||8850b5|X|X|2326|||||||1|1|132|114|["132,114,4"]|13:49:08:742
62|1.1|636136515346232514|0|49752.5390625|15.86957165387|96.85303853222|-417525|245275||49752.5390625|||9787.5|||8850b5|X|X|2326|||||||1|1|132|114|["132,114,4"]|13:49:12:539
62|1.1|636136515396157506|0|49757.515625|15.86398730306|96.86181470698|-416594|244640||49757.515625|||9506.25|||8850b5|X|X|2326|||||||1|1|132|114|["132,114,4"]|13:49:17:516
62|1.1|636136515446082498|0|49762.515625|15.85894475766|96.87052114441|-415670|244065||49762.515625|||9706.25|||8850b5|X|X|2326|||||||1|1|132|114|["132,114,4"]|13:49:22:516
62|1.1|636136515496007490|0|49767.5|15.85361253412|96.87917930215|-414752|243458||49767.5|||9431.25|||8850b5|X|X|2326|||||||1|1|132|114|["132,114,4"]|13:49:27:500
62|1.1|636136515545922481|0|49772.5|15.8500612947|96.88757996821|-413858|243049||49772.5|||9287.5|||8850b5|X|X|2326|||||||1|1|132|114|["132,114,4"]|13:49:32:500
62|1.1|636136515595837472|0|49777.5|15.84418726575|96.89654389732|-412907|242382||49777.5|||9200|||8850b5|X|X|2326|||||||1|1|132|114|["132,114,4"]|13:49:37:500
62|1.1|636136515645762464|0|49782.4765625|15.83786799077|96.90978862561|-411496|241657||49782.4765625|287.5||28300|||8850b5|X|0|2326||||3|3|3|1|1|132|114|["132,114,5,540"]|13:49:42:477
62|1.1|636136515695687456|0|49787.4765625|15.83330287786|96.91816246962|-410607|241137||49787.4765625|288.25||28393.75|||8850b5|THA306|0|2326||||3|3|3|1|1|132|114|["132,114,5,540"]|13:49:47:477
62|1.1|636136515745612448|0|49792.4609375|15.82991793515|96.92638611015|-409731|240746||49792.4609375|289.25||28606.25|289|49792.4609375|8850b5|THA306|0|2326|1200|||3|3|1|1|1|132|114|["132,114,5,540"]|13:49:52:461
62|1.1|636136515795537440|0|49797.4609375|15.82513288143|96.93493697969|-408823|240201||49797.4609375|289.25||28612.5|289|49797.4609375|8850b5|THA306|0|2326|1200|||3|3|1|1|1|132|114|["132,114,5,540"]|13:49:57:461
62|1.1|636136515845452431|0|49802.4609375|15.8197523782|96.94387945116|-407874|239588||49802.4609375|290.75||28875|291.25|49802.4609375|8850b5|THA306|0|2326|1081.25|||3|3|1|1|1|132|114|["132,114,5,540"]|13:50:02:461
62|1.1|636136515895377423|0|49807.4375|15.81494586684|96.9524303207|-406966|239040||49807.4375|290.75||28950|291.5|49807.4375|8850b5|THA306|0|2326|1081.25|||3|3|1|1|1|132|114|["132,114,5,540"]|13:50:07:438
62|1.1|636136515945292414|0|49812.4375|15.81230657712|96.96072369856|-406081|238733||49812.4375|292.5||29075|293.25|49812.4375|8850b5|THA306|0|2326|1043.75|||3|3|1|1|1|132|114|["132,114,5,540"]|13:50:12:438
62|1.1|636136515995217406|0|49817.421875|15.80766636247|96.96948378009|-405150|238203||49817.421875|293.25||29181.25|294.25|49817.421875|8850b5|THA306|0|2326|1025|||3|3|1|1|1|132|114|["132,114,5,540"]|13:50:17:422
62|1.1|636136516045132397|0|49822.421875|15.79867561131|96.97955277766|-404087|237189||49822.421875|294.25||29318.75|294.75|49822.421875|8850b5|THA306|0|2326|1025|||3|3|1|1|1|132|114|["132,114,5,540"]|13:50:22:422
62|1.1|636136516091967080|0|49827.1015625|15.79597194867|96.9873526298|-403255|236875||49827.1015625|295||29375|295.5|49827.1015625|8850b5|THA306|0|2326|1025|||3|3|1|1|1|132|114|["132,114,5,540"]|13:50:27:102
62|1.1|636136516141892072|0|49832.1015625|15.79236170074|96.99586594847|-402349|236460||49832.1015625|295.75||29450|296.25|49832.1015625|8850b5|THA306|0|2326|1006.25|||3|3|1|1|1|132|114|["132,114,5,540"]|13:50:32:102
62|1.1|636136516191817064|0|49837.078125|15.78699729074|97.00488888609|-401391|235849||49837.078125|296.75||29550|297.25|49837.078125|8850b5|THA306|0|2326|1006.25|||3|3|1|1|1|132|114|["132,114,5,540"]|13:50:37:078
62|1.1|636136516241722054|0|49842.078125|15.78420779754|97.01319299277|-400505|235526||49842.078125|297.5||29612.5|298.25|49842.078125|8850b5|THA306|0|2326|1006.25|||3|3|1|1|1|132|114|["132,114,5,540"]|13:50:42:078
62|1.1|636136516291637045|0|49847.0625|15.7790365063|97.02214619306|-399554|234937||49847.0625|298.25||29700|298.75|49847.0625|8850b5|THA306|0|2326|981.25|||3|3|1|1|1|132|114|["132,114,5,540"]|13:50:47:063
62|1.1|636136516341562037|0|49852.0625|15.77493273265|97.03084726608|-398628|234467||49852.0625|299.25||29787.5|299.75|49852.0625|8850b5|THA306|0|2326|1006.25|||3|3|1|1|1|132|114|["132,114,5,540"]|13:50:52:063
62|1.1|636136516391497030|0|49857.0625|15.7708826031|97.03952688146|-397704|234003||49857.0625|300||29868.75|300.5|49857.0625|8850b5|THA306|0|2326|1006.25|||3|3|1|1|1|132|114|["132,114,5,540"]|13:50:57:063
62|1.1|636136516441402020|0|49862.0390625|15.76532507434|97.04865710728|-396735|233371||49862.0390625|300.75||29962.5|301.25|49862.0390625|8850b5|THA306|0|2326|981.25|||3|3|1|1|1|132|114|["132,114,5,540"]|13:51:02:039
62|1.1|636136516491327012|0|49867.0390625|15.75967635061|97.05788389248|-395755|232729||49867.0390625|301.5||30056.25|302.25|49867.0390625|8850b5|THA306|0|2326|962.5|||3|3|1|1|1|132|114|["132,114,5,540"]|13:51:07:039
62|1.1|636136516541252004|0|49872.015625|15.75402762688|97.06686391482|-394802|232087||49872.015625|302.5||30118.75|303.25|49872.015625|8850b5|THA306|0|2326|1006.25|||3|3|1|1|1|132|114|["132,18,5,3779","132,114,5,540"]|13:51:12:016
62|1.1|636136516591176996|0|49877.015625|15.74920502229|97.07584393716|-393847|231537||49877.015625|303.25||30200|303.75|49877.015625|8850b5|THA306|0|2326|1006.25|||3|3|1|1|1|132|114|["132,18,5,3779","132,114,5,540"]|13:51:17:016
62|1.1|636136516641111989|0|49882.015625|15.74447897708|97.08494197652|-392879|230998||49882.015625|304.25||30293.75|304.75|49882.015625|8850b5|THA306|0|2326|1006.25|||3|3|1|1|1|132|114|["132,18,5,3779","132,114,5,540"]|13:51:22:016
62|1.1|636136516691016979|0|49887|15.73993532181|97.09390590563|-391926|230479||49887|305||30368.75|305.5|49887|8850b5|THA306|0|2326|1025|||3|3|1|1|1|132|114|["132,18,5,3779","132,114,5,540"]|13:51:27:000
62|1.1|636136516740941971|0|49892|15.73511808163|97.10293420766|-390966|229930||49892|305.75||30443.75|306.25|49892|8850b5|THA306|0|2326|1006.25|||3|3|1|1|1|132|114|["132,18,5,3779","132,114,5,540"]|13:51:32:000
62|1.1|636136516790886965|0|49896.9765625|15.73005407859|97.11200006056|-390002|229353||49896.9765625|306.75||30525|307.25|49896.9765625|8850b5|THA306|0|2326|981.25|||3|3|1|1|1|132|114|["132,18,5,3779","132,114,5,540"]|13:51:36:977
62|1.1|636136516840781954|0|49901.9765625|15.72493643145|97.12115710843|-389029|228770||49901.9765625|307.5||30612.5|308.25|49901.9765625|8850b5|THA306|0|2326|1006.25|||3|3|1|1|1|132|114|["132,18,5,3779","132,114,5,540"]|13:51:41:977
62|1.1|636136516890716947|0|49906.9765625|15.72031231003|97.13038925804|-388046|228242||49906.9765625|308.25||30700|308.75|49906.9765625|8850b5|THA306|0|2326|981.25|||3|3|1|1|1|132|114|["132,18,5,3779","132,114,5,540"]|13:51:46:977
62|1.1|636136516940621937|0|49911.9609375|15.714502654|97.13968578057|-387059|227582||49911.9609375|309.25||30800|309.5|49911.9609375|8850b5|THA306|0|2326|981.25|||3|3|1|1|1|132|114|["132,18,5,3779","132,114,5,540"]|13:51:51:961
62|1.1|636136516990546929|0|49916.9609375|15.70954057475|97.148928659|-386076|227017||49916.9609375|310||30881.25|310.5|49916.9609375|8850b5|THA306|0|2326|1006.25|||3|3|1|1|1|132|114|["132,18,5,3779","132,114,5,540"]|13:51:56:961
62|1.1|636136517040471921|0|49921.9375|15.70378456282|97.15838074942|-385072|226363||49921.9375|310.75||30975|311.25|49921.9375|8850b5|THA306|0|2326|981.25|||3|3|1|1|1|132|114|["132,18,5,3779","132,114,5,540"]|13:52:01:938
62|1.1|636136517090396913|0|49926.9375|15.6987312886|97.1676504499|-384086|225787||49926.9375|311.75||31050|312.25|49926.9375|8850b5|THA306|0|2326|1025|||3|3|1|1|1|132|114|["132,18,5,3779","132,114,5,540"]|13:52:06:938
62|1.1|636136517140331906|0|49931.9375|15.69367264997|97.1771990997|-383070|225211||49931.9375|312.5||31143.75|313.25|49931.9375|8850b5|THA306|0|2326|1025|||3|3|1|1|1|132|114|["132,18,5,3779","132,114,5,540"]|13:52:11:938
62|1.1|636136517190236896|0|49936.921875|15.68815803649|97.18671556304|-382059|224584||49936.921875|313.5||31237.5|313.75|49936.921875|8850b5|THA306|0|2326|1025|||3|3|1|1|1|132|114|["132,18,5,3779","132,114,5,540"]|13:52:16:922
62|1.1|636136517240151887|0|49941.921875|15.68202115145|97.19623202638|-381048|223888||49941.921875|314.25||31325|314.75|49941.921875|8850b5|THA306|0|2326|1025|||3|3|1|1|1|132|114|["132,18,5,3779","132,114,5,540"]|13:52:21:922
62|1.1|636136517290096881|0|49946.8984375|15.67644752946|97.20568948121|-380043|223255||49946.8984375|315||31400|315.5|49946.8984375|8850b5|THA306|0|2326|1006.25|||3|3|1|1|1|132|114|["132,18,5,3779","132,114,5,540"]|13:52:26:898
62|1.1|636136517340001871|0|49951.8984375|15.67069688194|97.21527568188|-379024|222602||49951.8984375|316||31481.25|316.25|49951.8984375|8850b5|THA306|0|2326|981.25|||3|3|1|1|1|132|114|["132,18,5,3779","132,114,5,540"]|13:52:31:898
62|1.1|636136517389926863|0|49956.8984375|15.66498378529|97.22481360286|-378010|221953||49956.8984375|316.75||31568.75|317.25|49956.8984375|8850b5|THA306|0|2326|1006.25|||3|3|1|1|1|132|114|["132,18,5,3779","132,114,5,540"]|13:52:36:898
62|1.1|636136517439841854|0|49961.875|15.65944234976|97.23422814241|-377009|221323||49961.875|317.5||31643.75|318.25|49961.875|8850b5|THA306|0|2326|981.25|||3|3|1|1|1|132|114|["132,18,5,3779","132,114,5,540"]|13:52:41:875
62|1.1|636136517490086878|0|49966.875|15.65328400708|97.24376069898|-375997|220625||49966.875|318.5||31725|318.75|49966.875|8850b5|THA306|0|2326|981.25|||3|3|1|1|1|132|114|["132,18,5,3779","132,114,5,540"]|13:52:46:875
62|1.1|636136517539691838|0|49971.859375|15.64757627484|97.25323961145|-374989|219977||49971.859375|319.25||31806.25|319.75|49971.859375|8850b5|THA306|0|2326|1006.25|||3|3|1|1|1|132|114|["132,18,5,3779","132,114,5,540"]|13:52:51:859
62|1.1|636136517589626831|0|49976.859375|15.64177198322|97.2629223715|-373960|219318||49976.859375|320||31893.75|320.5|49976.859375|8850b5|THA306|0|2326|981.25|||3|3|1|1|1|132|114|["132,18,5,3779","132,114,5,540"]|13:52:56:859
62|1.1|636136517639551823|0|49981.859375|15.6363432003|97.27258367391|-372932|218701||49981.859375|321||31981.25|321.25|49981.859375|8850b5|THA306|0|2326|981.25|||3|3|1|1|1|132|114|["132,18,5,3779","132,114,5,540"]|13:53:01:859
62|1.1|636136517689446812|0|49986.8359375|15.6309251462|97.28206795079|-371923|218085||49986.8359375|321.75||32056.25|322.25|49986.8359375|8850b5|THA306|0|2326|1006.25|||3|3|1|1|1|132|114|["132,18,5,3779","132,114,5,540"]|13:53:06:836
62|1.1|636136517739391806|0|49991.8359375|15.62501356638|97.29167024469|-370902|217414||49991.8359375|322.5||32137.5|323.25|49991.8359375|8850b5|THA306|0|2326|981.25|||3|3|1|1|1|132|114|["132,18,5,3779","132,114,5,540"]|13:53:11:836
62|1.1|636136517789316798|0|49996.8203125|15.61894105426|97.30118134362|-369892|216726||49996.8203125|323.5||32231.25|324.25|49996.8203125|8850b5|THA306|0|2326|1025|||3|3|1|1|1|132|114|["132,18,5,3779","132,114,5,540"]|13:53:16:820
62|1.1|636136517839211787|0|50001.8203125|15.61323868643|97.31076754429|-368872|216079||50001.8203125|324.25||32306.25|324.75|50001.8203125|8850b5|THA306|0|2326|1025|||3|3|1|1|1|132|114|["132,18,5,3779","132,114,5,540"]|13:53:21:820
62|1.1|636136517889156781|0|50006.8203125|15.60752022537|97.32069170279|-367816|215429||50006.8203125|325||32400|325.5|50006.8203125|8850b5|THA306|0|2326|981.25|||3|3|1|1|1|132|114|["132,18,5,3779","132,114,5,540"]|13:53:26:820
62|1.1|636136517939051770|0|50011.796875|15.60224164593|97.3299774965|-366829|214829||50011.796875|326||32462.5|326.25|50011.796875|8850b5|THA306|0|2326|962.5|||3|3|1|1|1|132|114|["132,18,5,3779","132,114,5,540"]|13:53:31:797
62|1.1|636136517988976762|0|50016.796875|15.59770335507|97.33951005307|-365813|214312||50016.796875|326.75||32550|327.25|50016.796875|8850b5|THA306|0|2326|1006.25|||3|3|1|1|1|132|114|["132,18,5,3779","132,114,5,540"]|13:53:36:797
62|1.1|636136518038931757|0|50021.78125|15.5927841911|97.34900505877|-364802|213752||50021.78125|327.5||32625|328.25|50021.78125|8850b5|THA306|0|2326|981.25|||3|3|1|1|1|132|114|["132,18,5,3779","132,114,5,540"]|13:53:41:781
62|1.1|636136518088826746|0|50026.78125|15.58655074668|97.35893458168|-363746|213045||50026.78125|328.5||32731.25|329.25|50026.78125|8850b5|THA306|0|2326|1025|||3|3|1|1|1|132|98|["132,18,5,3779","132,114,5,540","132,98,4"]|13:53:46:781
62|1.1|636136518138741737|0|50031.78125|15.58093420941|97.36807553632|-362774|212409||50031.78125|329.25||32787.5|329.75|50031.78125|8850b5|THA306|0|2326|1025|||3|3|1|1|1|132|114|["132,18,5,3779","132,114,5,540"]|13:53:51:781
62|1.1|636136518188666729|0|50036.7578125|15.57518356189|97.37774756755|-361745|211756||50036.7578125|329.75||32862.5|330.25|50036.7578125|8850b5|THA306|0|2326|906.25|||3|3|1|1|1|132|114|["132,18,5,3779","132,114,5,540"]|13:53:56:758
62|1.1|636136518238591721|0|50041.7578125|15.5699318045|97.38740350555|-360717|211159||50041.7578125|329.75||32893.75|330.25|50041.7578125|8850b5|THA306|0|2326|393.75|||3|3|1|1|1|132|114|["132,18,5,3779","132,114,5,540"]|13:54:01:758
62|1.1|636136518288506712|0|50046.7421875|15.56414897052|97.3973544861|-359658|210502||50046.7421875|330||32937.5|330.25|50046.7421875|8850b5|THA306|0|2326|312.5|||3|3|1|1|1|132|114|["132,18,5,3779","132,114,5,540"]|13:54:06:742
62|1.1|636136518338431704|0|50051.7421875|15.56050653613|97.40783117883|-358539|210083||50051.7421875|330.25||32931.25|330.25|50051.7421875|8850b5|THA306|0|2326|312.5|||3|3|1|1|1|132|114|["132,18,5,3779","132,114,5,540","132,98,4"]|13:54:11:742
62|1.1|636136518388376698|0|50056.7421875|15.55593605881|97.41807183752|-357447|209560||50056.7421875|330.25||32943.75|330.25|50056.7421875|8850b5|THA306|0|2326|312.5|||3|3|1|1|1|132|114|["132,18,5,3779","132,114,5,540","132,98,4"]|13:54:16:742
62|1.1|636136518438271687|0|50061.71875|15.55154797143|97.42850561497|-356334|209057||50061.71875|330.25||32937.5|330.25|50061.71875|8850b5|THA306|0|2326|312.5|||3|3|1|1|1|132|114|["132,18,5,3779","132,114,5,540","132,98,4"]|13:54:21:719
62|1.1|636136518488196679|0|50066.71875|15.54748711306|97.43904668062|-355209|208592||50066.71875|330||32925|330|50066.71875|8850b5|THA306|0|2326|0|||3|3|0|1|1|132|114|["132,18,5,3779","132,114,5,540","132,98,4"]|13:54:26:719
62|1.1|636136518538121671|0|50071.6953125|15.54402706861|97.45002762789|-354035|208191||50071.6953125|330||32937.5|330|50071.6953125|8850b5|THA306|0|2326|0|||3|3|0|1|1|132|114|["132,18,5,3779","132,114,5,540","132,98,4"]|13:54:31:695
62|1.1|636136518588046663|0|50076.6953125|15.54070649882|97.46045067652|-352921|207807||50076.6953125|330||32925|330|50076.6953125|8850b5|THA306|0|2326|0|||3|3|0|1|1|132|114|["132,18,5,3779","132,114,5,540","132,98,4"]|13:54:36:695
62|1.1|636136518637981656|0|50081.6953125|15.53593217392|97.47096492012|-351800|207262||50081.6953125|330||32918.75|330|50081.6953125|8850b5|THA306|0|2326|0|||3|3|0|1|1|132|114|["132,18,5,3779","132,98,5,3893","132,114,5,540"]|13:54:41:695
62|1.1|636136518687886646|0|50086.6796875|15.5313080525|97.48120557881|-350708|206734||50086.6796875|330||32912.5|330|50086.6796875|8850b5|THA306|0|2326|0|||3|3|0|1|1|132|114|["132,18,5,3779","132,98,5,3893","132,114,5,540"]|13:54:46:680
62|1.1|636136518737821639|0|50091.6796875|15.52778899954|97.4912316611|-349637|206329||50091.6796875|330||32906.25|330|50091.6796875|8850b5|THA306|0|2326|0|||3|3|0|1|1|132|114|["132,18,5,3779","132,98,5,3893","132,114,5,540"]|13:54:51:680
62|1.1|636136518787726629|0|50096.65625|15.52282692029|97.50170835383|-348520|205763||50096.65625|330||32906.25|330|50096.65625|8850b5|THA306|0|2326|0|||3|3|0|1|1|132|114|["132,18,5,3779","132,98,5,3893","132,114,5,540"]|13:54:56:656
62|1.1|636136518837661622|0|50101.65625|15.5182188921|97.51207775836|-347414|205237||50101.65625|330||32906.25|330|50101.65625|8850b5|THA306|0|2326|0|||3|3|0|1|1|132|114|["132,18,5,3779","132,98,5,3893","132,114,5,540"]|13:55:01:656
62|1.1|636136518887566612|0|50106.65625|15.51399173702|97.52228623059|-346324|204753||50106.65625|330||32906.25|330|50106.65625|8850b5|THA306|0|2326|0|||3|3|0|1|1|132|98|["132,18,5,3779","132,98,5,3893","132,114,5,540"]|13:55:06:656
62|1.1|636136518937511606|0|50111.640625|15.50970557343|97.53241423667|-345243|204263||50111.640625|330||32900|330|50111.640625|8850b5|THA306|0|2326|0|||3|3|0|1|1|132|98|["132,18,5,3779","132,98,5,3893","132,114,5,540"]|13:55:11:641
62|1.1|636136518987416596|0|50116.640625|15.50563935065|97.54254224275|-344162|203797||50116.640625|330||32893.75|330|50116.640625|8850b5|THA306|0|2326|0|||3|3|0|1|1|132|98|["132,18,5,3779","132,98,5,3893","132,114,5,540"]|13:55:16:641
62|1.1|636136519037331587|0|50121.6171875|15.50094012749|97.55313158809|-343032|203261||50121.6171875|330||32931.25|330|50121.6171875|8850b5|THA306|0|2326|0|||3|3|0|1|1|132|98|["132,18,5,3779","132,98,5,3893","132,114,5,540"]|13:55:21:617
62|1.1|636136519087266580|0|50126.6171875|15.49655740452|97.56333469591|-341943|202760||50126.6171875|330||32925|330|50126.6171875|8850b5|THA306|0|2326|0|||3|3|0|1|1|132|114|["132,18,5,3779","132,98,5,3893","132,114,5,540"]|13:55:26:617
62|1.1|636136519137181571|0|50131.6171875|15.49211567304|97.57355926137|-340852|202253||50131.6171875|330||32918.75|330|50131.6171875|8850b5|THA306|0|2326|0|||3|3|0|1|1|132|114|["132,18,5,3779","132,98,5,3893","132,114,5,540"]|13:55:31:617
62|1.1|636136519187116564|0|50136.6015625|15.48778122976|97.58367653863|-339772|201757||50136.6015625|330||32912.5|330|50136.6015625|8850b5|THA306|0|2326|0|||3|3|0|1|1|132|114|["132,18,5,3779","132,98,5,3893","132,114,5,540"]|13:55:36:602
62|1.1|636136519237021554|0|50141.6015625|15.48338777797|97.59377772266|-338694|201256||50141.6015625|330||32887.5|330|50141.6015625|8850b5|THA306|0|2326|0|||3|3|0|1|1|132|114|["132,18,5,3779","132,98,5,3893","132,114,5,540"]|13:55:41:602
62|1.1|636136519286966548|0|50146.578125|15.47875829214|97.60392182197|-337612|200728||50146.578125|330||32887.5|330|50146.578125|8850b5|THA306|0|2326|0|||3|3|0|1|1|132|114|["132,18,5,3779","132,98,5,3893","132,114,5,540"]|13:55:46:578
62|1.1|636136519336871538|0|50151.578125|15.47428973861|97.61410883656|-336524|200218||50151.578125|330||32881.25|330|50151.578125|8850b5|THA306|0|2326|0|||3|3|0|1|1|132|114|["132,18,5,3779","132,98,5,3893","132,114,5,540"]|13:55:51:578
62|1.1|636136519386786529|0|50156.578125|15.47019669378|97.62422074941|-335445|199750||50156.578125|330||32856.25|330|50156.578125|8850b5|THA306|0|2326|0|||3|3|0|1|1|132|114|["132,18,5,3779","132,98,5,3893","132,114,5,540"]|13:55:56:578
62|1.1|636136519436721522|0|50161.5625|15.46556720795|97.63439703518|-334359|199222||50161.5625|330||32862.5|330|50161.5625|8850b5|THA306|0|2326|0|||3|3|0|1|1|132|114|["132,18,5,3779","132,98,5,3893","132,114,5,540"]|13:56:01:563
62|1.1|636136519486636513|0|50166.5625|15.46143661225|97.6444928548|-333281|198750||50166.5625|330||32850|330|50166.5625|8850b5|THA306|0|2326|0|||3|3|0|1|1|132|114|["132,18,5,3779","132,114,5,540"]|13:56:06:563
62|1.1|636136519536551504|0|50171.5390625|15.45683931288|97.65464768293|-332197|198226||50171.5390625|330||32856.25|330|50171.5390625|8850b5|THA306|0|2326|0|||3|3|0|1|1|132|114|["132,18,5,3779","132,114,5,540"]|13:56:11:539
62|1.1|636136519586476496|0|50176.5390625|15.45266043749|97.66474886696|-331118|197748||50176.5390625|330||32843.75|330|50176.5390625|8850b5|THA306|0|2326|0|||3|3|0|1|1|132|114|["132,18,5,3779","132,114,5,540"]|13:56:16:539
62|1.1|636136519636401488|0|50181.5390625|15.44824552806|97.6749090595|-330034|197245||50181.5390625|330||32843.75|330|50181.5390625|8850b5|THA306|0|2326|0|||3|3|0|1|1|132|114|["132,18,5,3779","132,114,5,540"]|13:56:21:539
62|1.1|636136519686316479|0|50186.515625|15.44351411844|97.68519799788|-328935|196706||50186.515625|330||32862.5|330|50186.515625|8850b5|THA306|0|2326|0|||3|3|0|1|1|132|114|["132,18,5,3779","132,114,5,540"]|13:56:26:516
62|1.1|636136519736241471|0|50191.515625|15.43892218348|97.69549766508|-327836|196183||50191.515625|330||32875|330|50191.515625|8850b5|THA306|0|2326|0|||3|3|0|1|1|132|114|["132,18,5,3779","132,114,5,540"]|13:56:31:516
62|1.1|636136519786156462|0|50196.5|15.43468966399|97.70560957793|-326756|195699||50196.5|330||32862.5|330|50196.5|8850b5|THA306|0|2326|0|||3|3|0|1|1|132|114|["132,18,5,3779","132,114,5,540"]|13:56:36:500
62|1.1|636136519836101456|0|50201.5|15.43038740717|97.71588242308|-325659|195208||50201.5|330||32862.5|330|50201.5|8850b5|THA306|0|2326|0|||3|3|0|1|1|132|114|["132,18,5,3779","132,114,5,540"]|13:56:41:500
62|1.1|636136519886026448|0|50206.5|15.4260046842|97.72614453941|-324563|194708||50206.5|330||32868.75|330|50206.5|8850b5|THA306|0|2326|0|||3|3|0|1|1|132|114|["132,18,5,3779","132,114,5,540"]|13:56:46:500
62|1.1|636136519935941439|0|50211.4765625|15.42207793608|97.73624035903|-323484|194259||50211.4765625|330||32850|330|50211.4765625|8850b5|THA306|0|2326|0|||3|3|0|1|1|132|114|["132,18,5,3779","132,114,5,540"]|13:56:51:477
62|1.1|636136519985846429|0|50216.4765625|15.41775422162|97.74655075505|-322383|193766||50216.4765625|330||32862.5|330|50216.4765625|8850b5|THA306|0|2326|0|||3|3|0|1|1|132|114|["132,18,5,3779","132,114,5,540"]|13:56:56:477
62|1.1|636136520035771421|0|50221.4609375|15.41332858337|97.75688797312|-321279|193261||50221.4609375|330||32881.25|330|50221.4609375|8850b5|THA306|0|2326|0|||3|3|0|1|1|132|114|["132,18,5,3779","132,114,5,540"]|13:57:01:461
62|1.1|636136520085696413|0|50226.4609375|15.40882784338|97.76716081827|-320182|192748||50226.4609375|330||32887.5|330|50226.4609375|8850b5|THA306|0|2326|0|||3|3|0|1|1|132|114|["132,18,5,3779","132,114,5,540"]|13:57:06:461
62|1.1|636136520135611404|0|50231.4609375|15.40454167979|97.77739611255|-319089|192259||50231.4609375|330||32881.25|330|50231.4609375|8850b5|THA306|0|2326|0|||3|3|0|1|1|132|114|["132,18,5,3779","132,114,5,540"]|13:57:11:461
62|1.1|636136520185526395|0|50236.4375|15.40050764347|97.78755630509|-318003|191798||50236.4375|330||32868.75|330|50236.4375|8850b5|THA306|0|2326|0|||3|3|0|1|1|132|114|["132,18,5,3779","132,114,5,540"]|13:57:16:438
62|1.1|636136520235471389|0|50241.4375|15.39634486131|97.79787742993|-316900|191323||50241.4375|330||32881.25|330|50241.4375|8850b5|THA306|0|2326|0|||3|3|0|1|1|132|114|["132,18,5,3779","132,114,5,540"]|13:57:21:438
62|1.1|636136520285376379|0|50246.421875|15.39203187567|97.80808053775|-315810|190831||50246.421875|330||32881.25|330|50246.421875|8850b5|THA306|0|2326|0|||3|3|0|1|1|132|114|["132,18,5,3779","132,114,5,540"]|13:57:26:422
62|1.1|636136520335291370|0|50251.421875|15.38769206798|97.81830510321|-314718|190336||50251.421875|330||32881.25|330|50251.421875|8850b5|THA306|0|2326|0|||3|3|0|1|1|132|114|["132,18,5,3779","132,114,5,540"]|13:57:31:422
62|1.1|636136520385216362|0|50256.421875|15.38315377712|97.82855649072|-313623|189820||50256.421875|330||32875|330|50256.421875|8850b5|THA306|0|2326|0|||3|3|0|1|1|132|114|["132,18,5,3779","132,114,5,540"]|13:57:36:422
62|1.1|636136520435141354|0|50261.3984375|15.37870668123|97.83881860705|-312527|189313||50261.3984375|330||32881.25|330|50261.3984375|8850b5|THA306|0|2326|0|||3|3|0|1|1|132|114|["132,18,5,3779","132,114,5,540"]|13:57:41:398
62|1.1|636136520485056345|0|50266.3984375|15.37346028825|97.84912363866|-311427|188718||50266.3984375|330||32887.5|330|50266.3984375|8850b5|THA306|0|2326|0|||3|3|0|1|1|132|114|["132,18,5,3779","132,114,5,540"]|13:57:46:398
62|1.1|636136520534981337|0|50271.375|15.36868596335|97.8593911194|-310331|188176||50271.375|330||32881.25|330|50271.375|8850b5|THA306|0|2326|0|||3|3|0|1|1|132|114|["132,18,5,3779","132,114,5,540"]|13:57:51:375
62|1.1|636136520584906329|0|50276.375|15.36438370653|97.86972833747|-309226|187685||50276.375|330||32881.25|330|50276.375|8850b5|THA306|0|2326|0|||3|3|0|1|1|132|114|["132,18,5,3779","132,114,5,540"]|13:57:56:375
62|1.1|636136520634831321|0|50281.375|15.36017800909|97.88000118262|-308128|187205||50281.375|330||32868.75|330|50281.375|8850b5|THA306|0|2326|0|||3|3|0|1|1|132|114|["132,18,5,3779","132,114,5,540"]|13:58:01:375
62|1.1|636136520684746312|0|50286.359375|15.3556772691|97.89037058715|-307020|186693||50286.359375|330||32875|330|50286.359375|8850b5|THA306|0|2326|0|||3|3|0|1|1|132|114|["132,18,5,3779","132,114,5,540"]|13:58:06:359
62|1.1|636136520734671304|0|50291.359375|15.35167005483|97.90063270348|-305923|186235||50291.359375|330||32856.25|330|50291.359375|8850b5|THA306|0|2326|0|||3|3|0|1|1|132|114|["132,18,5,3779","132,114,5,540"]|13:58:11:359
62|1.1|636136520784626299|0|50296.3359375|15.3472015013|97.91106648093|-304808|185727||50296.3359375|330||32875|330|50296.3359375|8850b5|THA306|0|2326|0|||3|3|0|1|1|132|114|["132,18,5,3779","132,114,5,540"]|13:58:16:336
62|1.1|636136520834511287|0|50301.3359375|15.34287778684|97.9214573431|-303698|185234||50301.3359375|330||32881.25|330|50301.3359375|8850b5|THA306|0|2326|0|||3|3|0|1|1|132|114|["132,18,5,3779","132,114,5,540"]|13:58:21:336
62|1.1|636136520884436279|0|50306.3359375|15.33824830101|97.93203595962|-302567|184707||50306.3359375|330||32912.5|330|50306.3359375|8850b5|THA306|0|2326|0|||3|3|0|1|1|132|114|["132,18,5,3779","132,114,5,540"]|13:58:26:336
62|1.1|636136520934351270|0|50311.3203125|15.33422499351|97.94244291502|-301454|184248||50311.3203125|330||32912.5|330|50311.3203125|8850b5|THA306|0|2326|0|||3|3|0|1|1|132|114|["132,18,5,3779","132,114,5,540"]|13:58:31:320
62|1.1|636136520984276262|0|50316.3203125|15.33028215216|97.95291424334|-300334|183798||50316.3203125|330||32925|330|50316.3203125|8850b5|THA306|0|2326|0|||3|3|0|1|1|132|114|["132,18,5,3779","132,114,5,540"]|13:58:36:320
62|1.1|636136521034201254|0|50321.296875|15.32593161565|97.96325682582|-299229|183303||50321.296875|330||32931.25|330|50321.296875|8850b5|THA306|0|2326|0|||3|3|0|1|1|132|114|["132,18,5,3779","132,114,5,540"]|13:58:41:297
62|1.1|636136521084126246|0|50326.296875|15.32165618088|97.97348139128|-298136|182816||50326.296875|330||32912.5|330|50326.296875|8850b5|THA306|0|2326|0|||3|3|0|1|1|132|114|["132,18,5,3779","132,114,5,540"]|13:58:46:297
62|1.1|636136521134061239|0|50331.296875|15.31700523741|97.98388834668|-297024|182287||50331.296875|330||32918.75|330|50331.296875|8850b5|THA306|0|2326|0|||3|3|0|1|1|132|114|["132,18,5,3779","132,114,5,540"]|13:58:51:297
62|1.1|636136521183976230|0|50336.28125|15.31272980264|97.99433285295|-295907|181800||50336.28125|330||32937.5|330|50336.28125|8850b5|THA306|0|2326|0|||3|3|0|1|1|132|114|["132,18,5,3779","132,114,5,540"]|13:58:56:281
62|1.1|636136521233891221|0|50341.28125|15.30773553693|98.00479345245|-294790|181234||50341.28125|330||32950|330|50341.28125|8850b5|THA306|0|2326|0|||3|3|0|1|1|132|114|["132,18,5,3779","132,114,5,540"]|13:59:01:281
62|1.1|636136521283806212|0|50346.2578125|15.30305777141|98.01509311965|-293689|180703||50346.2578125|330||32956.25|330|50346.2578125|8850b5|THA306|0|2326|0|||3|3|0|1|1|132|114|["132,18,5,3779","132,114,5,540"]|13:59:06:258
62|1.1|636136521333731204|0|50351.2578125|15.29844437881|98.02544106654|-292583|180179||50351.2578125|330||32956.25|330|50351.2578125|8850b5|THA306|0|2326|0|||3|3|0|1|1|132|114|["132,18,5,3779","132,114,5,540"]|13:59:11:258
62|1.1|636136521383646195|0|50356.2578125|15.29391145236|98.03585875076|-291469|179663||50356.2578125|330||32950|330|50356.2578125|8850b5|THA306|0|2326|0|||3|3|0|1|1|132|114|["132,18,5,3779","132,114,5,540"]|13:59:16:258
62|1.1|636136521433581188|0|50361.2421875|15.28903520367|98.04641590964|-290341|179110||50361.2421875|330||32956.25|330|50361.2421875|8850b5|THA306|0|2326|0|||3|3|0|1|1|132|114|["132,18,5,3779","132,114,5,540"]|13:59:21:242
62|1.1|636136521483516181|0|50366.2421875|15.28458810778|98.05690333119|-289220|178604||50366.2421875|330||32950|330|50366.2421875|8850b5|THA306|0|2326|0|||3|3|0|1|1|132|114|["132,18,5,3779","132,114,5,540"]|13:59:26:242
62|1.1|636136521533411170|0|50371.21875|15.28013028307|98.06737465951|-288100|178097||50371.21875|330||32950|330|50371.21875|8850b5|THA306|0|2326|0|||3|3|0|1|1|132|114|["132,18,5,3779","132,114,5,540"]|13:59:31:219
62|1.1|636136521583336162|0|50376.21875|15.27551689047|98.07782453019|-286983|177574||50376.21875|330||32937.5|330|50376.21875|8850b5|THA306|0|2326|0|||3|3|0|1|1|132|114|["132,18,5,3779","132,114,5,540"]|13:59:36:219
62|1.1|636136521633261154|0|50381.21875|15.27049580271|98.08847288404|-285845|177005||50381.21875|330||32962.5|330|50381.21875|8850b5|THA306|0|2326|0|||3|3|0|1|1|132|114|["132,18,5,3779","132,114,5,540"]|13:59:41:219
62|1.1|636136521683176145|0|50386.1953125|15.26646176639|98.09884765298|-284735|176545||50386.1953125|330||32956.25|330|50386.1953125|8850b5|THA306|0|2326|0|||3|3|0|1|1|132|114|["132,18,5,3779","132,114,5,540"]|13:59:46:195
62|1.1|636136521733101137|0|50391.1953125|15.26177327205|98.10928143043|-283620|176013||50391.1953125|330||32943.75|330|50391.1953125|8850b5|THA306|0|2326|0|||3|3|0|1|1|132|114|["132,18,5,3779","132,114,5,540"]|13:59:51:195
62|1.1|636136521783026129|0|50396.1796875|15.25716524386|98.11961328409|-282515|175490||50396.1796875|330||32937.5|330|50396.1796875|8850b5|THA306|0|2326|0|||3|3|0|1|1|132|114|["132,18,5,3779","132,114,5,540"]|13:59:56:180
62|1.1|636136521832941120|0|50401.1796875|15.25276642766|98.1298646716|-281419|174990||50401.1796875|330||32906.25|330|50401.1796875|8850b5|THA306|0|2326|0|||3|3|0|1|1|132|114|["132,18,5,3779","132,114,5,540"]|14:00:01:180
62|1.1|636136521882866112|0|50406.1796875|15.24816912829|98.14018043203|-280316|174469||50406.1796875|330||32900|330|50406.1796875|8850b5|THA306|0|2326|0|||3|3|0|1|1|132|114|["132,18,5,3779","132,114,5,540"]|14:00:06:180
62|1.1|636136521932791104|0|50411.15625|15.24343771867|98.15053910774|-279208|173932||50411.15625|330||32900|330|50411.15625|8850b5|THA306|0|2326|0|||3|3|0|1|1|132|114|["132,18,5,3779","132,114,5,540"]|14:00:11:156
62|1.1|636136521982726097|0|50416.15625|15.23918374154|98.16099970724|-278089|173448||50416.15625|330||32906.25|330|50416.15625|8850b5|THA306|0|2326|0|||3|3|0|1|1|132|114|["132,18,5,3779","132,114,5,540"]|14:00:16:156
62|1.1|636136522032641088|0|50421.140625|15.23465081509|98.17165878991|-276949|172934||50421.140625|330||32950|330|50421.140625|8850b5|THA306|0|2326|0|||3|3|0|1|1|132|114|["132,18,5,3779","132,114,5,540"]|14:00:21:141
62|1.1|636136522082566080|0|50426.140625|15.22996232075|98.18199064357|-275844|172402||50426.140625|330||32937.5|330|50426.140625|8850b5|THA306|0|2326|0|||3|3|0|1|1|132|114|["132,18,5,3779","132,114,5,540"]|14:00:26:141
62|1.1|636136522132471070|0|50431.140625|15.22531137728|98.19240832779|-274730|171874||50431.140625|330||32937.5|330|50431.140625|8850b5|THA306|0|2326|0|||3|3|0|1|1|132|114|["132,18,5,3779","132,114,5,540"]|14:00:31:141
62|1.1|636136522182386061|0|50436.1171875|15.22077845083|98.20276163909|-273622|171361||50436.1171875|330||32931.25|330|50436.1171875|8850b5|THA306|0|2326|0|||3|3|0|1|1|132|114|["132,18,5,3779","132,114,5,540"]|14:00:36:117
62|1.1|636136522232301052|0|50441.1171875|15.21633671935|98.21310958598|-272515|170856||50441.1171875|330||32931.25|330|50441.1171875|8850b5|THA306|0|2326|0|||3|3|0|1|1|132|114|["132,18,5,3779","132,114,5,540"]|14:00:41:117
62|1.1|636136522282096031|0|50446.1015625|15.21173941998|98.22346826169|-271408|170335||50446.1015625|330||32925|330|50446.1015625|8850b5|THA306|0|2326|0|||3|3|0|1|1|132|114|["132,18,5,3779","132,114,5,540"]|14:00:46:102
62|1.1|636136522332011022|0|50451.1015625|15.2073513326|98.23391813237|-270290|169837||50451.1015625|330||32937.5|330|50451.1015625|8850b5|THA306|0|2326|0|||3|3|0|1|1|132|114|["132,18,5,3779","132,114,5,540"]|14:00:51:102
62|1.1|636136522381926013|0|50456.1015625|15.20272184677|98.24449138448|-269159|169312||50456.1015625|330||32956.25|330|50456.1015625|8850b5|THA306|0|2326|0|||3|3|0|1|1|132|114|["132,18,5,3779","132,114,5,540"]|14:00:56:102
62|1.1|636136522431851005|0|50461.078125|15.19822647119|98.25492516193|-268042|168802||50461.078125|330||32968.75|330|50461.078125|8850b5|THA306|0|2326|0|||3|3|0|1|1|132|114|["132,18,5,3779","132,114,5,540"]|14:01:01:078
62|1.1|636136522481775997|0|50466.078125|15.19379010412|98.26530529528|-266931|168299||50466.078125|330||32962.5|330|50466.078125|8850b5|THA306|0|2326|0|||3|3|0|1|1|132|114|["132,18,5,3779","132,114,5,540"]|14:01:06:078
62|1.1|636136522531720991|0|50471.0625|15.18907478773|98.27557814043|-265832|167765||50471.0625|330||32950|330|50471.0625|8850b5|THA306|0|2326|0|||3|3|0|1|1|132|114|["132,18,5,3779","132,114,5,540"]|14:01:11:063
62|1.1|636136522581625981|0|50476.0625|15.1841770814|98.28584025676|-264735|167211||50476.0625|330||32925|330|50476.0625|8850b5|THA306|0|2326|0|||3|3|0|1|1|132|114|["132,18,5,3779","132,114,5,540"]|14:01:16:063
62|1.1|636136522631550973|0|50481.0625|15.17960123967|98.29625257657|-263621|166692||50481.0625|330||32925|330|50481.0625|8850b5|THA306|0|2326|0|||3|3|0|1|1|132|114|["132,18,5,3779","132,114,5,540"]|14:01:21:063
62|1.1|636136522681455963|0|50486.0390625|15.17509513527|98.30661125228|-262513|166181||50486.0390625|330||32918.75|330|50486.0390625|8850b5|THA306|0|2326|0|||3|3|0|1|1|132|114|["132,18,5,3779","132,114,5,540"]|14:01:26:039
62|1.1|636136522731380955|0|50491.0390625|15.17062121733|98.3170825806|-261392|165674||50491.0390625|330||32931.25|330|50491.0390625|8850b5|THA306|0|2326|0|||3|3|0|1|1|132|114|["132,18,5,3779","132,114,5,540"]|14:01:31:039
62|1.1|636136522781315948|0|50496.015625|15.16608292647|98.3273822478|-260290|165160||50496.015625|330||32918.75|330|50496.015625|8850b5|THA306|0|2326|0|||3|3|0|1|1|132|114|["132,18,5,3779","132,114,5,540"]|14:01:36:016
62|1.1|636136522831240940|0|50501.015625|15.16165728822|98.33761754208|-259194|164659||50501.015625|330||32900|330|50501.015625|8850b5|THA306|0|2326|0|||3|3|0|1|1|132|114|["132,18,5,3779","132,114,5,540"]|14:01:41:016
62|1.1|636136522881145930|0|50506.015625|15.15743549755|98.34813715009|-258068|164180||50506.015625|330||32931.25|330|50506.015625|8850b5|THA306|0|2326|0|||3|3|0|1|1|132|114|["132,18,5,3779","132,114,5,540"]|14:01:46:016
62|1.1|636136522931090924|0|50511|15.15309568986|98.35846900375|-256962|163687||50511|330||32931.25|330|50511|8850b5|THA306|0|2326|0|||3|3|0|1|1|132|114|["132,18,5,3779","132,114,5,540"]|14:01:51:000
62|1.1|636136522981005915|0|50516|15.14850911931|98.36891351002|-255844|163168||50516|330||32943.75|330|50516|8850b5|THA306|0|2326|0|||3|3|0|1|1|132|114|["132,18,5,3779","132,114,5,540"]|14:01:56:000
62|1.1|636136523030910905|0|50520.9765625|15.1440512946|98.37933119424|-254729|162663||50520.9765625|330||32956.25|330|50520.9765625|8850b5|THA306|0|2326|0|||3|3|0|1|1|132|114|["132,18,5,3779","132,114,5,540"]|14:02:00:977
62|1.1|636136523080835897|0|50525.9765625|15.13962565635|98.389716692|-253617|162161||50525.9765625|330||32962.5|330|50525.9765625|8850b5|THA306|0|2326|0|||3|3|0|1|1|132|114|["132,18,5,3779","132,114,5,540"]|14:02:05:977
62|1.1|636136523130780891|0|50530.9765625|15.13510882313|98.40015583386|-252500|161650||50530.9765625|330||32968.75|330|50530.9765625|8850b5|THA306|0|2326|0|||3|3|0|1|1|132|114|["132,18,5,3779","132,114,5,540"]|14:02:10:977
62|1.1|636136523180685881|0|50535.9609375|15.13062417637|98.41051450957|-251391|161142||50535.9609375|330||32981.25|330|50535.9609375|8850b5|THA306|0|2326|0|||3|3|0|1|1|132|114|["132,18,5,3779","132,114,5,540"]|14:02:15:961
62|1.1|636136523230610873|0|50540.9609375|15.12577474973|98.42082490559|-250288|160594||50540.9609375|330||32962.5|330|50540.9609375|8850b5|THA306|0|2326|0|||3|3|0|1|1|132|114|["132,18,5,3779","132,114,5,540"]|14:02:20:961
62|1.1|636136523280535865|0|50545.9375|15.12133838266|98.43107092869|-249191|160092||50545.9375|330||32950|330|50545.9375|8850b5|THA306|0|2326|0|||3|3|0|1|1|132|114|["132,18,5,3779","132,114,5,540"]|14:02:25:938
62|1.1|636136523330440855|0|50550.9375|15.11692347323|98.44154762142|-248069|159592||50550.9375|330||32962.5|330|50550.9375|8850b5|THA306|0|2326|0|||3|3|0|1|1|132|114|["132,18,5,3779","132,114,5,540"]|14:02:30:938
62|1.1|636136523380365847|0|50555.9375|15.11239054678|98.45193311918|-246957|159079||50555.9375|330||32962.5|330|50555.9375|8850b5|THA306|0|2326|0|||3|3|0|1|1|132|114|["132,18,5,3779","132,114,5,540"]|14:02:35:938
62|1.1|636136523430280838|0|50560.921875|15.1080561035|98.46211476936|-245867|158588||50560.921875|330||32937.5|330|50560.921875|8850b5|THA306|0|2326|0|||3|3|0|1|1|132|114|["132,18,5,3779","132,114,5,540"]|14:02:40:922
62|1.1|636136523480205830|0|50565.921875|15.10356609233|98.47262901296|-244741|158080||50565.921875|330||32956.25|330|50565.921875|8850b5|THA306|0|2326|0|||3|3|0|1|1|132|114|["132,18,5,3779","132,114,5,540"]|14:02:45:922
62|1.1|636136523530130822|0|50570.8984375|15.09911363203|98.48294477339|-243637|157576||50570.8984375|330||32956.25|330|50570.8984375|8850b5|THA306|0|2326|0|||3|3|0|1|1|132|114|["132,18,5,3779","132,114,5,540"]|14:02:50:898
62|1.1|636136523580055814|0|50575.8984375|15.09461825645|98.49321761854|-242537|157068||50575.8984375|330||32937.5|330|50575.8984375|8850b5|THA306|0|2326|0|||3|3|0|1|1|132|114|["132,18,5,3779","132,114,5,540"]|14:02:55:898
62|1.1|636136523629990807|0|50580.8984375|15.08994049093|98.50357092984|-241428|156539||50580.8984375|330||32943.75|330|50580.8984375|8850b5|THA306|0|2326|0|||3|3|0|1|1|132|114|["132,18,5,3779","132,114,5,540"]|14:03:00:898
62|1.1|636136523679915799|0|50585.875|15.0853110051|98.51383841058|-240329|156016||50585.875|330||32931.25|330|50585.875|8850b5|THA306|0|2326|0|||3|3|0|1|1|132|114|["132,18,5,3779","132,114,5,540"]|14:03:05:875
62|1.1|636136523729820789|0|50590.875|15.08070834132|98.52427218803|-239211|155495||50590.875|330||32937.5|330|50590.875|8850b5|THA306|0|2326|0|||3|3|0|1|1|132|114|["132,18,5,3779","132,114,5,540"]|14:03:10:875
62|1.1|636136523779745781|0|50595.859375|15.07628806748|98.53464159256|-238101|154995||50595.859375|330||32937.5|330|50595.859375|8850b5|THA306|0|2326|0|||3|3|0|1|1|132|114|["132,18,5,3779","132,114,5,540"]|14:03:15:859
62|1.1|636136523829670773|0|50600.859375|15.07180342072|98.5451236497|-236978|154488||50600.859375|330||32950|330|50600.859375|8850b5|THA306|0|2326|0|||3|3|0|1|1|132|114|["132,18,5,3779","132,114,5,540"]|14:03:20:859
62|1.1|636136523879585764|0|50605.859375|15.06779084204|98.55481177416|-235940|154034||50605.859375|330||32987.5|330|50605.859375|8850b5|THA306|0|2326|0|||3|3|0|1|1|132|114|["132,18,5,3779","132,114,5,540"]|14:03:25:859
62|1.1|636136523929510756|0|50610.8359375|15.06340811907|98.5648646785|-234863|153538||50610.8359375|330||33000|330|50610.8359375|8850b5|THA306|0|2326|0|||3|3|0|1|1|132|114|["132,18,5,3779","132,114,5,540"]|14:03:30:836
62|1.1|636136523979425747|0|50615.8359375|15.05894492995|98.57510533719|-233767|153034||50615.8359375|330||33006.25|330|50615.8359375|8850b5|THA306|0|2326|0|||3|3|0|1|1|132|114|["132,18,5,3779","132,114,5,540"]|14:03:35:836
62|1.1|636136524029350739|0|50620.8203125|15.05449246965|98.58533526706|-232671|152531||50620.8203125|330||33000|330|50620.8203125|8850b5|THA306|0|2326|0|||3|3|0|1|1|132|114|["132,18,5,3779","132,114,5,540"]|14:03:40:820
62|1.1|636136524079265730|0|50625.8203125|15.05002391612|98.59562956985|-231568|152026||50625.8203125|330||33006.25|330|50625.8203125|8850b5|THA306|0|2326|0|||3|3|0|1|1|132|114|["132,18,5,3779","132,114,5,540"]|14:03:45:820
62|1.1|636136524129190722|0|50630.8203125|15.04553926936|98.60595069469|-230463|151519||50630.8203125|330||33006.25|330|50630.8203125|8850b5|THA306|0|2326|0|||3|3|0|1|1|132|114|["132,18,5,3779","132,114,5,540"]|14:03:50:820
62|1.1|636136524179115714|0|50635.796875|15.04109753788|98.61623963307|-229360|151017||50635.796875|330||33006.25|330|50635.796875|8850b5|THA306|0|2326|0|||3|3|0|1|1|132|114|["132,18,5,3779","132,114,5,540"]|14:03:55:797
62|1.1|636136524229030705|0|50640.796875|15.03650023851|98.62690944456|-228217|150498||50640.796875|330||32987.5|330|50640.796875|8850b5|THA306|0|2326|0|||3|3|0|1|1|132|114|["132,18,5,3779","132,114,5,540"]|14:04:00:797
62|1.1|636136524278955697|0|50645.78125|15.03183320181|98.63742905257|-227090|149970||50645.78125|330||32975|330|50645.78125|8850b5|THA306|0|2326|0|||3|3|0|1|1|132|114|["132,18,5,3779","132,114,5,540"]|14:04:05:781
62|1.1|636136524328870688|0|50650.78125|15.02719835157|98.64801839791|-225956|149447||50650.78125|330||32962.5|330|50650.78125|8850b5|THA306|0|2326|0|||3|3|0|1|1|132|114|["132,18,5,3779","132,114,5,540"]|14:04:10:781
62|1.1|636136524378805681|0|50655.78125|15.02275125568|98.65840389567|-224843|148945||50655.78125|330||32943.75|330|50655.78125|8850b5|THA306|0|2326|0|||3|3|0|1|1|132|114|["132,18,5,3779","132,114,5,540"]|14:04:15:781
62|1.1|636136524428730673|0|50660.7578125|15.018202236|98.6685587238|-223755|148432||50660.7578125|330||32987.5|330|50660.7578125|8850b5|THA306|0|2326|0|||3|3|0|1|1|132|114|["132,18,5,3779","132,114,5,540"]|14:04:20:758
62|1.1|636136524478665666|0|50665.7578125|15.01368540278|98.67904614535|-222631|147921||50665.7578125|330||32987.5|330|50665.7578125|8850b5|THA306|0|2326|0|||3|3|0|1|1|132|114|["132,18,5,3779","132,114,5,540"]|14:04:25:758
62|1.1|636136524528570656|0|50670.7421875|15.00912028987|98.68945310075|-221516|147406||50670.7421875|330||32975|330|50670.7421875|8850b5|THA306|0|2326|0|||3|3|0|1|1|132|114|["132,18,5,3779","132,114,5,540"]|14:04:30:742
62|1.1|636136524578485647|0|50675.7421875|15.00517744852|98.69827219079|-220571|146961||50675.7421875|330||32975|330|50675.7421875|8850b5|THA306|0|2326|0|||3|3|0|1|1|132|114|["132,18,5,3779","132,114,5,540"]|14:04:35:742
62|1.1|636136524628400638|0|50680.7421875|15.00089128493|98.70797104407|-219532|146477||50680.7421875|330||32981.25|330|50680.7421875|8850b5|THA306|0|2326|0|||3|3|0|1|1|132|114|["132,18,5,3779","132,114,5,540"]|14:04:40:742
62|1.1|636136524678325630|0|50685.71875|14.99656220606|98.71787374493|-218470|145989||50685.71875|330||32993.75|330|50685.71875|8850b5|THA306|0|2326|0|||3|3|0|1|1|132|114|["132,18,5,3779","132,114,5,540"]|14:04:45:719
62|1.1|636136524728270624|0|50690.71875|14.99211511017|98.72809294598|-217375|145487||50690.71875|330||33000|330|50690.71875|8850b5|THA306|0|2326|0|||3|3|0|1|1|132|114|["132,18,5,3779","132,114,5,540"]|14:04:50:719
62|1.1|636136524778175614|0|50695.6953125|14.98770556515|98.73823704529|-216288|144990||50695.6953125|330||33000|330|50695.6953125|8850b5|THA306|0|2326|0|||3|3|0|1|1|132|114|["132,18,5,3779","132,114,5,540"]|14:04:55:695
62|1.1|636136524828090605|0|50700.6953125|14.98314045224|98.74874056007|-215162|144474||50700.6953125|330||33000|330|50700.6953125|8850b5|THA306|0|2326|0|||3|3|0|1|1|132|114|["132,18,5,3779","132,114,5,540"]|14:05:00:695
62|1.1|636136524878005596|0|50705.6953125|14.97860216138|98.75915824429|-214046|143962||50705.6953125|330||33006.25|330|50705.6953125|8850b5|THA306|0|2326|0|||3|3|0|1|1|132|114|["132,18,5,3779","132,114,5,540"]|14:05:05:695
62|1.1|636136524927930588|0|50710.6796875|14.97383320089|98.77012846274|-212870|143425||50710.6796875|330||33006.25|330|50710.6796875|8850b5|THA306|0|2326|0|||3|3|0|1|1|132|18|["132,18,5,3779","132,114,5,540"]|14:05:10:680
62|1.1|636136524977855580|0|50715.6796875|14.96909642686|98.78095920653|-211709|142890||50715.6796875|330||33012.5|330|50715.6796875|8850b5|THA306|0|2326|0|||3|3|0|1|1|132|114|["132,18,5,3779","132,114,5,540"]|14:05:15:680
62|1.1|636136525027800574|0|50720.65625|14.96409679674|98.79243367952|-210479|142326||50720.65625|330||33012.5|330|50720.65625|8850b5|THA306|0|2326|0|||3|3|0|1|1|132|114|["132,18,5,3779","132,114,5,540"]|14:05:20:656
62|1.1|636136525077715565|0|50725.65625|14.95944585327|98.80316786393|-209328|141801||50725.65625|330||33018.75|330|50725.65625|8850b5|THA306|0|2326|0|||3|3|0|1|1|132|18|["132,18,5,3779","132,114,5,540"]|14:05:25:656
62|1.1|636136525127620555|0|50730.65625|14.95488074036|98.81332269206|-208240|141287||50730.65625|330||33000|330|50730.65625|8850b5|THA306|0|2326|0|||3|3|0|1|1|132|18|["132,18,5,3779","132,114,5,540"]|14:05:30:656
62|1.1|636136525177545547|0|50735.640625|14.95025125453|98.82383693566|-207112|140765||50735.640625|330||33000|330|50735.640625|8850b5|THA306|0|2326|0|||3|3|0|1|1|132|114|["132,18,5,3779","132,114,5,540"]|14:05:35:641
62|1.1|636136525227460538|0|50740.640625|14.9455681246|98.83441018777|-205979|140237||50740.640625|330||32993.75|330|50740.640625|8850b5|THA306|0|2326|0|||3|3|0|1|1|132|18|["132,18,5,3779","132,114,5,540"]|14:05:40:641
62|1.1|636136525277405532|0|50745.6171875|14.94089572349|98.84498343988|-204845|139711||50745.6171875|330||32987.5|330|50745.6171875|8850b5|THA306|0|2326|0|||3|3|0|1|1|132|18|["132,18,5,3779","132,114,5,540"]|14:05:45:617
62|1.1|636136525327310522|0|50750.6171875|14.9361804071|98.85559424286|-203708|139180||50750.6171875|330||32981.25|330|50750.6171875|8850b5|THA306|0|2326|0|||3|3|0|1|1|132|18|["132,18,5,3779","132,114,5,540"]|14:05:50:617
62|1.1|636136525377235514|0|50755.6171875|14.93130952282|98.8660763|-202584|138631||50755.6171875|330||32968.75|330|50755.6171875|8850b5|THA306|0|2326|0|||3|3|0|1|1|132|18|["132,18,5,3779","132,114,5,540"]|14:05:55:617
62|1.1|636136525427170507|0|50760.6015625|14.92635280798|98.87634914515|-201483|138074||50760.6015625|330||32956.25|330|50760.6015625|8850b5|THA306|0|2326|0|||3|3|0|1|1|132|18|["132,18,5,3779","132,114,5,540"]|14:06:00:602
62|1.1|636136525477075497|0|50765.6015625|14.92301078055|98.88556520153|-200494|137696||50765.6015625|330||32993.75|330|50765.6015625|8850b5|THA306|0|2326|0|||3|3|0|1|1|132|18|["132,18,5,3779","132,114,5,540"]|14:06:05:602
62|1.1|636136525527010490|0|50770.578125|14.91843493882|98.89593997047|-199382|137181||50770.578125|330||32987.5|330|50770.578125|8850b5|THA306|0|2326|0|||3|3|0|1|1|132|18|["132,18,5,3779","132,114,5,540"]|14:06:10:578
62|1.1|636136525576925481|0|50775.578125|14.91406294467|98.90603042568|-198299|136688||50775.578125|330||32993.75|330|50775.578125|8850b5|THA306|0|2326|0|||3|3|0|1|1|132|18|["132,18,5,3779","132,114,5,540"]|14:06:15:578
62|1.1|636136525626840472|0|50780.578125|14.90918669598|98.91764973774|-197053|136138||50780.578125|330||33012.5|330|50780.578125|8850b5|THA306|0|2326|0|||3|3|0|1|1|132|18|["132,18,5,3779","132,114,5,540"]|14:06:20:578
62|1.1|636136525676785466|0|50785.5625|14.90437482021|98.92856631209|-195882|135596||50785.5625|330||33006.25|330|50785.5625|8850b5|THA306|0|2326|0|||3|3|0|1|1|132|5|["132,18,5,3779","132,114,5,540"]|14:06:25:563
62|1.1|636136525726690456|0|50790.5625|14.8997024191|98.93924148799|-194737|135070||50790.5625|330||33000|330|50790.5625|8850b5|THA306|0|2326|0|||3|3|0|1|1|132|18|["132,18,5,3779","132,114,5,540"]|14:06:30:563
62|1.1|636136525776605447|0|50795.5390625|14.89506756886|98.94988984184|-193595|134549||50795.5390625|330||33006.25|330|50795.5390625|8850b5|THA306|0|2326|0|||3|3|0|1|1|132|18|["132,18,5,3779","132,114,5,540"]|14:06:35:539
62|1.1|636136525826530439|0|50800.5390625|14.89048636272|98.96028070401|-192481|134033||50800.5390625|330||33000|330|50800.5390625|8850b5|THA306|0|2326|0|||3|3|0|1|1|132|18|["132,18,5,3779","132,114,5,540"]|14:06:40:539
62|1.1|636136525876475433|0|50805.5390625|14.88585151248|98.97085395612|-191347|133511||50805.5390625|330||33000|330|50805.5390625|8850b5|THA306|0|2326|0|||3|3|0|1|1|132|18|["132,18,5,3779","132,114,5,540"]|14:06:45:539
62|1.1|636136525926370422|0|50810.515625|14.88123275547|98.98130919121|-190225|132991||50810.515625|330||33000|330|50810.515625|8850b5|THA306|0|2326|0|||3|3|0|1|1|132|18|["132,18,5,3779","132,114,5,540"]|14:06:50:516
62|1.1|636136525976295414|0|50815.515625|14.87658717641|98.99168932456|-189111|132469||50815.515625|330||33006.25|330|50815.515625|8850b5|THA306|0|2326|0|||3|3|0|1|1|132|18|["132,18,5,3779","132,114,5,540"]|14:06:55:516
62|1.1|636136526026210405|0|50820.5|14.87185576679|99.00130771169|-188080|131937||50820.5|330||32993.75|330|50820.5|8850b5|THA306|0|2326|0|||3|3|0|1|1|132|18|["132,18,5,3779","132,114,5,540"]|14:07:00:500
62|1.1|636136526076155399|0|50825.5|14.86736575562|99.01158055684|-186978|131432||50825.5|330||32981.25|328|50825.5|8850b5|THA306|0|2326|0|||3|3|0|1|1|132|18|["132,18,5,3779","132,114,5,540"]|14:07:05:500
62|1.1|636136526126070390|0|50830.5|14.86273626979|99.02192313932|-185869|130911||50830.5|330||32968.75|328|50830.5|8850b5|THA306|0|2326|0|||3|3|0|1|1|132|18|["132,18,5,3779","132,114,5,540"]|14:07:10:500
62|1.1|636136526175975380|0|50835.4765625|14.85825698744|99.03212624714|-184774|130407||50835.4765625|330||32962.5|328|50835.4765625|8850b5|THA306|0|2326|0|||3|3|0|1|1|132|18|["132,18,5,3779","132,114,5,540"]|14:07:15:477
62|1.1|636136526225900372|0|50840.4765625|14.85379379832|99.04261366869|-183648|129905||50840.4765625|329.75||32962.5|327.75|50840.4765625|8850b5|THA306|0|2326|0|||3|3|0|1|1|132|18|["132,18,5,3779","132,114,5,540"]|14:07:20:477
62|1.1|636136526275825364|0|50845.4609375|14.84919649895|99.05267730185|-182569|129388||50845.4609375|329||32918.75|327|50845.4609375|8850b5|THA306|0|2326|0|||3|3|0|1|1|132|18|["132,18,5,3779","132,114,5,540"]|14:07:25:461
62|1.1|636136526325760357|0|50850.4609375|14.84473330983|99.06299842669|-181461|128886||50850.4609375|328||32856.25|325.75|50850.4609375|8850b5|THA306|0|2326|-843.75|||3|3|2|1|1|132|18|["132,18,5,3779","132,114,5,540"]|14:07:30:461
62|1.1|636136526375715352|0|50855.4609375|14.8402111122|99.07352876352|-180331|128377||50855.4609375|328||32818.75|325|50855.4609375|8850b5|THA306|0|2326|-843.75|||3|3|2|1|1|132|114|["132,18,5,3779","132,114,5,540"]|14:07:35:461
62|1.1|636136526425590339|0|50860.4375|14.83574792308|99.08379087985|-179230|127876||50860.4375|326.25||32668.75|323.75|50860.4375|8850b5|THA306|0|2326|-1200|||3|3|2|1|1|132|114|["132,18,5,3779","132,114,5,540"]|14:07:40:438
62|1.1|636136526475505330|0|50865.4375|14.83118281017|99.0939564368|-178139|127362||50865.4375|323||32425|320.75|50865.4375|8850b5|THA306|0|2326|-1793.75|||3|3|2|1|1|132|18|["132,18,5,3779","132,114,5,540"]|14:07:45:438
62|1.1|636136526525450324|0|50870.421875|14.82668207018|99.10402006996|-177059|126856||50870.421875|321.25||32212.5|319|50870.421875|8850b5|THA306|0|2326|-1950|||3|3|2|1|1|132|18|["132,18,5,3779","132,114,5,540"]|14:07:50:422
62|1.1|636136526575355314|0|50875.421875|14.82209013522|99.11472206791|-175910|126340||50875.421875|321.25||32081.25|317.5|50875.421875|8850b5|THA306|0|2326|-1950|||3|3|2|1|1|132|114|["132,18,5,3779","132,114,5,540"]|14:07:55:422
62|1.1|636136526625270305|0|50880.421875|14.8177878784|99.12479642989|-174829|125856||50880.421875|319.75||31862.5|315.75|50880.421875|8850b5|THA306|0|2326|-1968.75|||3|3|2|1|1|132|114|["132,18,5,3779","132,114,5,540"]|14:08:00:422
62|1.1|636136526675195297|0|50885.3984375|14.81316375698|99.13514974119|-173718|125337||50885.3984375|318.5||31693.75|314.5|50885.3984375|8850b5|THA306|0|2326|-1868.75|||3|3|2|1|1|132|114|["132,18,5,3779","132,114,5,540"]|14:08:05:398
62|1.1|636136526725130290|0|50890.3984375|14.80873811873|99.14539576429|-172618|124839||50890.3984375|317.25||31550|313.5|50890.3984375|8850b5|THA306|0|2326|-1750|||3|3|2|1|1|132|114|["132,18,5,3779","132,114,5,540"]|14:08:10:398
62|1.1|636136526775035280|0|50895.375|14.8042159211|99.15542184658|-171542|124331||50895.375|316||31400|312.5|50895.375|8850b5|THA306|0|2326|-1593.75|||3|3|2|1|1|132|114|["132,18,5,3779","132,114,5,540"]|14:08:15:375
62|1.1|636136526824960272|0|50900.375|14.79979564726|99.16551230179|-170459|123835||50900.375|315||31275|311.5|50900.375|8850b5|THA306|0|2326|-1475|||3|3|2|1|1|132|114|["132,18,5,3779","132,114,5,540"]|14:08:20:375
62|1.1|636136526874875263|0|50905.375|14.79527344963|99.17576905371|-169358|123327||50905.375|313.75||31175|310.5|50905.375|8850b5|THA306|0|2326|-1437.5|||3|3|2|1|1|132|114|["132,18,5,3779","132,114,5,540"]|14:08:25:375
62|1.1|636136526924800255|0|50910.359375|14.79089609107|99.18591851743|-168268|122835||50910.359375|312.25||31068.75|309.25|50910.359375|8850b5|THA306|0|2326|-1456.25|||3|3|2|1|1|132|114|["132,18,5,3779","132,114,5,540"]|14:08:30:359
62|1.1|636136526974725247|0|50915.359375|14.78638998667|99.19604652351|-167181|122329||50915.359375|311||30943.75|307.75|50915.359375|8850b5|THA306|0|2326|-1518.75|||3|3|2|1|1|132|114|["132,18,5,3779","132,114,5,540"]|14:08:35:359
62|1.1|636136527024660240|0|50920.3359375|14.78220038246|99.20570782592|-166144|121859||50920.3359375|310||30806.25|306.5|50920.3359375|8850b5|THA306|0|2326|-1493.75|||3|3|2|1|1|132|114|["132,18,5,3779","132,114,5,540"]|14:08:40:336
62|1.1|636136527074565230|0|50925.3359375|14.77767282042|99.2157285438|-165068|121350||50925.3359375|309.25||30725|305.75|50925.3359375|8850b5|THA306|0|2326|-1318.75|||3|3|2|1|1|132|114|["132,18,5,3779","132,114,5,540"]|14:08:45:336
62|1.1|636136527124490222|0|50930.3359375|14.77344030093|99.22563660907|-164004|120875||50930.3359375|308.25||30643.75|305|50930.3359375|8850b5|THA306|0|2326|-1181.25|||3|3|2|1|1|132|114|["132,18,5,3779","132,114,5,540"]|14:08:50:336
62|1.1|636136527174405213|0|50935.3203125|14.76903075591|99.23578070838|-162915|120380||50935.3203125|307.5||30587.5|304.5|50935.3203125|8850b5|THA306|0|2326|-1081.25|||3|3|2|1|1|132|114|["132,18,5,3779","132,114,5,540"]|14:08:55:320
62|1.1|636136527224330205|0|50940.3203125|14.76459438884|99.24568877365|-161851|119882||50940.3203125|306.5||30506.25|303.75|50940.3203125|8850b5|THA306|0|2326|-1062.5|||3|3|2|1|1|132|114|["132,18,5,3779","132,114,5,540"]|14:09:00:320
62|1.1|636136527274255197|0|50945.296875|14.76024921674|99.25568266948|-160778|119394||50945.296875|305.75||30443.75|302.75|50945.296875|8850b5|THA306|0|2326|-1043.75|||3|3|2|1|1|132|114|["132,18,5,3779","132,114,5,540"]|14:09:05:297
62|1.1|636136527324200191|0|50950.296875|14.75587185818|99.26537079394|-159738|118903||50950.296875|304.75||30343.75|301.75|50950.296875|8850b5|THA306|0|2326|-1043.75|||3|3|2|1|1|132|114|["132,18,5,3779","132,114,5,540"]|14:09:10:297
62|1.1|636136527374095180|0|50955.296875|14.75154814372|99.27515547778|-158687|118418||50955.296875|304||30262.5|301|50955.296875|8850b5|THA306|0|2326|-1043.75|||3|3|2|1|1|132|114|["132,18,5,3779","132,114,5,540"]|14:09:15:297
62|1.1|636136527424030173|0|50960.28125|14.74706886137|99.2849830769|-157631|117915||50960.28125|303||30175|300|50960.28125|8850b5|THA306|0|2326|-1062.5|||3|3|2|1|1|132|114|["132,18,5,3779","132,114,5,540"]|14:09:20:281
62|1.1|636136527473945164|0|50965.28125|14.7426861384|99.2950681677|-156549|117424||50965.28125|301.5||30068.75|299|50965.28125|8850b5|THA306|0|2326|-1356.25|||3|3|2|1|1|132|114|["132,18,5,3779","132,114,5,540"]|14:09:25:281
62|1.1|636136527523860155|0|50970.2578125|14.73834633071|99.3048313939|-155500|116937||50970.2578125|299.75||29912.5|296.75|50970.2578125|8850b5|THA306|0|2326|-1593.75|||3|3|2|1|1|132|114|["132,18,5,3779","132,114,5,540"]|14:09:30:258
62|1.1|636136527573785147|0|50975.2578125|14.73387777718|99.31477701004|-154432|116436||50975.2578125|298||29731.25|294.75|50975.2578125|8850b5|THA306|0|2326|-1868.75|||3|3|2|1|1|132|114|["132,18,5,3779","132,114,5,540"]|14:09:35:258
62|1.1|636136527623710139|0|50980.2578125|14.72955406272|99.32452414301|-153385|115951||50980.2578125|296.25||29525|292.25|50980.2578125|8850b5|THA306|0|2326|-2025|||3|3|2|1|1|132|114|["132,18,5,3779","132,114,5,540"]|14:09:40:258
62|1.1|636136527673635131|0|50985.2421875|14.72531081441|99.33446439474|-152317|115475||50985.2421875|294.5||29337.5|290.5|50985.2421875|8850b5|THA306|0|2326|-2087.5|||3|3|2|1|1|132|114|["132,18,5,3779","132,114,5,540"]|14:09:45:242
62|1.1|636136527723560123|0|50990.2421875|14.72118558312|99.3445280279|-151236|115012||50990.2421875|292.75||29156.25|288.75|50990.2421875|8850b5|THA306|0|2326|-2106.25|||3|3|2|1|1|132|114|["132,18,5,3779","132,114,5,540"]|14:09:50:242
62|1.1|636136527773485115|0|50995.21875|14.71675458046|99.35399621155|-150219|114515||50995.21875|291.5||28956.25|287.5|50995.21875|8850b5|THA306|0|2326|-1987.5|||3|3|2|1|1|132|114|["132,18,5,3779","132,114,5,540"]|14:09:55:219
62|1.1|636136527823420108|0|51000.21875|14.712430866|99.36371652247|-149175|114030||51000.21875|290.25||28806.25|286.5|51000.21875|8850b5|THA306|0|2326|-1812.5|||3|3|2|1|1|132|114|["132,18,5,3779","132,114,5,540"]|14:10:00:219
62|1.1|636136527873335099|0|51005.21875|14.70817688887|99.37338318929|-148137|113553||51005.21875|289||28675|285.5|51005.21875|8850b5|THA306|0|2326|-1656.25|||3|3|2|1|1|132|114|["132,18,5,3779","132,114,5,540"]|14:10:05:219
62|1.1|636136527923260091|0|51010.1953125|14.70394973379|99.3832590681|-147076|113079||51010.1953125|287.75||28568.75|284.25|51010.1953125|8850b5|THA306|0|2326|-1575|||3|3|2|1|1|132|114|["132,18,5,3779","132,114,5,540"]|14:10:10:195
62|1.1|636136527973155080|0|51015.1953125|14.69970648548|99.3928077179|-146050|112604||51015.1953125|286||28418.75|283|51015.1953125|8850b5|THA306|0|2326|-1631.25|||3|3|2|1|1|132|114|["132,18,5,3779","132,114,5,540"]|14:10:15:195
62|1.1|636136528023080072|0|51020.1796875|14.69592994084|99.40200768105|-145061|112180||51020.1796875|283.5||28206.25|281|51020.1796875|8850b5|THA306|0|2326|-2500|||3|3|2|1|1|132|5|["132,18,5,3779","132,114,5,540"]|14:10:20:180
62|1.1|636136528072995063|0|51025.1796875|14.69241088788|99.41022059276|-144178|111786||51025.1796875|280.5||28031.25|278.25|51025.1796875|8850b5|THA306|0|2326|-2243.75|||3|3|2|1|1|132|5|["132,18,5,3779","132,114,5,540"]|14:10:25:180
62|1.1|636136528122920055|0|51030.1796875|14.6880764446|99.41999454778|-143128|111300||51030.1796875|280.25||27862.5|276.5|51030.1796875|8850b5|THA306|0|2326|-2243.75|||3|3|2|1|1|132|18|["132,18,5,3779","132,114,5,540"]|14:10:30:180
62|1.1|636136528172845047|0|51035.15625|14.68434281524|99.4285883326|-142205|110882||51035.15625|277.75||27712.5|275|51035.15625|8850b5|THA306|0|2326|-2050|||3|3|2|1|1|132|5|["132,18,5,3779","132,114,5,540"]|14:10:35:156
62|1.1|636136528222760038|0|51040.15625|14.67992790581|99.43906502533|-141079|110386||51040.15625|276.5||27543.75|273.5|51040.15625|8850b5|THA306|0|2326|-1931.25|||3|3|2|1|1|132|5|["132,18,5,3779","132,114,5,540"]|14:10:40:156
62|1.1|636136528272685030|0|51045.140625|14.67578121688|99.44864049718|-140050|109922||51045.140625|275.75||27381.25|272|51045.140625|8850b5|THA306|0|2326|-1868.75|||3|3|2|1|1|132|18|["132,18,5,3779","132,114,5,540"]|14:10:45:141
62|1.1|636136528322610022|0|51050.140625|14.67161307031|99.4582535199|-139017|109455||51050.140625|274.25||27225|270.5|51050.140625|8850b5|THA306|0|2326|-1831.25|||3|3|2|1|1|132|114|["132,18,5,3779","132,114,5,540"]|14:10:50:141
62|1.1|636136528372545015|0|51055.140625|14.66705332181|99.46856391592|-137909|108944||51055.140625|272.75||27106.25|269.25|51055.140625|8850b5|THA306|0|2326|-1812.5|||3|3|2|1|1|132|18|["132,18,5,3779","132,114,5,540"]|14:10:55:141
62|1.1|636136528422460006|0|51060.1171875|14.66278325145|99.47835396417|-136857|108466||51060.1171875|271.5||26962.5|267.75|51060.1171875|8850b5|THA306|0|2326|-1750|||3|3|2|1|1|132|18|["132,18,5,3779","132,114,5,540"]|14:11:00:117
62|1.1|636136528472364996|0|51065.1171875|14.65850245227|99.48806891068|-135813|107986||51065.1171875|270||26818.75|266.5|51065.1171875|8850b5|THA306|0|2326|-1712.5|||3|3|2|1|1|132|18|["132,18,5,3779","132,114,5,540"]|14:11:05:117
