62|1.1|636136510301178059|0|49248.015625|13.73752445024|100.75195609314|347|5720||49248.015625|8.75||850|6.5|49248.015625|885314|THD029|0|2304|-650|||3|3|2|1|1|132|5|["132,18,5,3587"]|13:40:48:016
62|1.1|636136510351103051|0|49253.015625|13.73470277058|100.75120507574|266|5408||49253.015625|8.25||800|6|49253.015625|885314|THD029|0|2304|-668.75|||3|3|2|1|1|132|5|["132,18,5,3587"]|13:40:53:016
62|1.1|636136510401018042|0|49258.015625|13.73182208241|100.75044869393|184|5089||49258.015625|7.75||750|5.5|49258.015625|885314|THD029|0|2304|-650|||3|3|2|1|1|132|5|["132,18,5,3587"]|13:40:58:016
62|1.1|636136510450953035|0|49263|13.72864635169|100.74965476125|98|4738||49263|7.5||700|5|49263|885314|THD029|0|2304|-650|||3|3|2|1|1|132|18|["132,18,5,3587"]|13:41:03:000
62|1.1|636136510500868026|0|49268|13.72608752812|100.74890910826|18|4454||49268|7||656.25|4.5|49268|885314|THD029|0|2304|-631.25|||3|3|2|1|1|132|18|["132,18,5,3587"]|13:41:08:000
62|1.1|636136510550803019|0|49272.9765625|13.7235018825|100.74820100614|-59|4169||49272.9765625|6.5||606.25|4|49272.9765625|885314|THD029|0|2304|-612.5|||3|3|2|1|1|132|18|["132,18,5,3587"]|13:41:12:977
62|1.1|636136510600708009|0|49277.9765625|13.72022422799|100.747374887|-149|3806||49277.9765625|5.5||543.75|3.5|49277.9765625|885314|THD029|0|2304|-631.25|||3|3|2|1|1|132|5|["132,18,5,3587"]|13:41:17:977
62|1.1|636136510650623000|0|49282.9765625|13.71759566709|100.74665605606|-226|3515||49282.9765625|5||493.75|3|49282.9765625|885314|THD029|0|2304|-650|||3|3|2|1|1|132|5|["132,18,5,3587"]|13:41:22:977
62|1.1|636136510700547992|0|49287.9609375|13.71511730967|100.74600159804|-297|3241||49287.9609375|4.5||431.25|2.25|49287.9609375|885314|THD029|0|2304|-650|||3|3|2|1|1|132|5|["132,18,5,3587"]|13:41:27:961
62|1.1|636136510750472984|0|49292.9609375|13.71242437585|100.74530422474|-373|2943||49292.9609375|4||381.25|2|49292.9609375|885314|THD029|0|2304|-631.25|||3|3|2|1|1|132|5|["132,18,5,3587"]|13:41:32:961
62|1.1|636136510800397976|0|49297.9375|13.70974217085|100.74458002939|-451|2646||49297.9375|4||337.5|1.5|49297.9375|885314|THD029|0|2304|-631.25|||3|3|2|1|1|132|5|["132,18,5,3587"]|13:41:37:938
62|1.1|636136510850312967|0|49302.9375|13.70652352485|100.74377000348|-539|2290||49302.9375|3.25||281.25|0.75|49302.9375|885314|THD029|0|2304|-631.25|||3|3|2|1|1|132|18|["132,18,5,3587"]|13:41:42:938
62|1.1|636136510900237959|0|49307.9375|13.70334779413|100.74297070639|-625|1939||49307.9375|2.75||231.25|0.25|49307.9375|885314|THD029|0|2304|-650|||3|3|2|1|1|132|18|["132,18,5,3587"]|13:41:47:938
62|1.1|636136510950152950|0|49312.921875|13.70040273304|100.74221968899|-707|1613||49312.921875|2.75||175|8191.75|49312.921875|885314|THD029|0|2304|-650|||3|3|2|1|1|132|18|["132,18,5,3587"]|13:41:52:922
62|1.1|636136511000087943|0|49317.921875|13.69742012108|100.74145257836|-789|1283||49317.921875|2.75||131.25|8191.25|49317.921875|885314|THD029|0|2304|-650|||3|3|2|1|1|132|18|[]|13:41:57:922
62|1.1|636136511050002934|0|49322.8984375|13.69443214471|100.74069619655|-871|953||49322.8984375|2.75||81.25|8190.5|49322.8984375|885314|THD029|0|2304|-650|||3|3|2|1|1|132|18|[]|13:42:02:898
