62|1.1|636136523963814186|0|50612.875|19.15755265312|105.74350741168|526861|612481||50612.875|||25818.75|||8880f9|X|X|2882|||||||1|1|132|146|["132,146,4"]|14:03:32:875
62|1.1|636136523985656370|0|50616.4609375|19.14743001145|105.74848021975|527414|611369||50616.4609375|||25612.5|||8880f9|X|X|2882|||||||1|1|132|146|["132,146,4"]|14:03:36:461
62|1.1|636136524035571361|0|50621.4609375|19.13530644485|105.75250889166|527874|610033||50621.4609375|196.25||19293.75|||8880f9|X|X|2882||||3|3|3|1|1|132|146|["132,146,5,1860"]|14:03:41:461
62|1.1|636136524085496353|0|50626.4375|19.12380514981|105.76014244709|528712|608775||50626.4375|196.25||19125|||8880f9|X|X|2882||||3|3|3|1|1|132|146|["132,146,5,1860"]|14:03:46:438
62|1.1|636136524135421345|0|50631.4375|19.1125881685|105.76758288376|529528|607548||50631.4375|196.25||18962.5|||8880f9|X|X|2882||||3|3|3|1|1|132|146|[]|14:03:51:438
62|1.1|636136524185346337|0|50636.421875|19.1014838398|105.7749535831|530337|606334||50636.421875|196.25||18793.75|||8880f9|X|X|2882||||3|3|3|1|1|132|146|[]|14:03:56:422
62|1.1|636136524762554052|0|50693.015625|19.01867344263|105.79762894417|532964|597193||50693.015625|||0|||8880f9|X|X|2249|||||||1|1|132|146|["132,146,4"]|14:04:53:016
62|1.1|636136524784396236|0|50696.3359375|19.01599660204|105.79787570703|532997|596896||50696.3359375|||0|||8880f9|X|X|2249|||||||1|1|132|146|["132,146,4"]|14:04:56:336
62|1.1|636136524834321228|0|50701.3203125|19.00604562149|105.80229598087|533492|595802||50701.3203125|||0|||8880f9|X|X|2249|||||||1|1|132|146|["132,146,4"]|14:05:01:320
62|1.1|636136524884246220|0|50706.3203125|18.9967169125|105.80332594759|533623|594768||50706.3203125|218||21543.75|||8880f9|X|0|2249||||3|3|3|1|1|132|146|["132,146,5,1863"]|14:05:06:320
62|1.1|636136524934171212|0|50711.296875|18.98934621316|105.80685036496|534016|593959||50711.296875|219||21718.75|||8880f9|PIC487|0|2249||||3|3|3|1|1|132|146|["132,146,5,1863"]|14:05:11:297
62|1.1|636136524984106205|0|50716.296875|18.97863348639|105.81163005427|534551|592782||50716.296875|220||21937.5|220.25|50716.296875|8880f9|PIC487|0|2249|1200|||3|3|1|1|1|132|146|["132,146,5,1863"]|14:05:16:297
62|1.1|636136525034011195|0|50721.296875|18.96754525092|105.81632927743|535078|591562||50721.296875|220.75||22062.5|221.25|50721.296875|8880f9|PIC487|0|2249|1125|||3|3|1|1|1|132|146|["132,146,5,1863"]|14:05:21:297
62|1.1|636136525083926186|0|50726.28125|18.95832919454|105.81990197449|535481|590547||50726.28125|222||22175|222.5|50726.28125|8880f9|PIC487|0|2249|1162.5|||3|3|1|1|1|132|146|["132,146,5,1863"]|14:05:26:281
62|1.1|636136525133851178|0|50731.28125|18.94885564648|105.82351758683|535889|589505||50731.28125|223.25||22293.75|223.75|50731.28125|8880f9|PIC487|0|2249|1237.5|||3|3|1|1|1|132|146|["132,146,5,1863"]|14:05:31:281
62|1.1|636136525183776170|0|50736.2578125|18.93860425897|105.82759990284|536349|588376||50736.2578125|224.25||22400|225.25|50736.2578125|8880f9|PIC487|0|2249|1281.25|||3|3|1|1|1|132|146|["132,146,5,1863"]|14:05:36:258
62|1.1|636136525233691161|0|50741.2578125|18.92739800648|105.83220256662|536867|587143||50741.2578125|225.5||22506.25|225.75|50741.2578125|8880f9|PIC487|0|2249|1237.5|||3|3|1|1|1|132|147|["132,146,5,1863"]|14:05:41:258
62|1.1|636136525283616153|0|50746.2578125|18.91873984874|105.83539975498|537229|586190||50746.2578125|226.25||22593.75|226.75|50746.2578125|8880f9|PIC487|0|2249|1237.5|||3|3|1|1|1|132|146|["132,146,5,1863"]|14:05:46:258
62|1.1|636136525333541145|0|50751.2421875|18.91200751419|105.83794248532|537516|585449||50751.2421875|226.25||22718.75|227.75|50751.2421875|8880f9|PIC487|0|2249|1237.5|||3|3|1|1|1|132|178|["132,146,5,1863","132,178,4"]|14:05:51:242
62|1.1|636136525383456136|0|50756.2421875|18.90422375528|105.84049058007|537807|584591||50756.2421875|227.75||22756.25|228.5|50756.2421875|8880f9|PIC487|0|2249|1100|||3|3|1|1|1|132|146|["132,146,5,1863","132,178,4"]|14:05:56:242
62|1.1|636136525433381128|0|50761.21875|18.8942566815|105.84447097229|538255|583494||50761.21875|228.25||22806.25|228.75|50761.21875|8880f9|PIC487|0|2249|943.75|||3|3|1|1|1|132|146|["132,146,5,1863","132,178,4"]|14:06:01:219
62|1.1|636136525483306120|0|50766.21875|18.88653729551|105.84712635524|538558|582644||50766.21875|229.25||22862.5|229.5|50766.21875|8880f9|PIC487|0|2249|925|||3|3|1|1|1|132|146|["132,146,5,1863","132,178,4"]|14:06:06:219
62|1.1|636136525533231112|0|50771.21875|18.87868916368|105.84940622949|538821|581778||50771.21875|230.25||23100|230.5|50771.21875|8880f9|PIC487|0|2249|962.5|||3|3|1|1|1|132|146|["132,146,5,1863","132,178,4"]|14:06:11:219
62|1.1|636136525583146103|0|50776.1953125|18.87010610768|105.8527375281|539196|580833||50776.1953125|231||23200|231.5|50776.1953125|8880f9|PIC487|0|2249|1006.25|||3|3|1|1|1|132|146|["132,146,5,1863","132,178,4"]|14:06:16:195
62|1.1|636136525633071095|0|50781.1953125|18.86133529733|105.8562243946|539590|579868||50781.1953125|231.75||23250|232.25|50781.1953125|8880f9|PIC487|0|2249|981.25|||3|3|1|1|1|132|146|["132,146,5,1863","132,178,4"]|14:06:21:195
62|1.1|636136525682996087|0|50786.1796875|18.8520924189|105.8601404139|540029|578852||50786.1796875|232.75||23275|233.25|50786.1796875|8880f9|PIC487|0|2249|1025|||3|3|1|1|1|132|146|["132,146,5,1863","132,178,4"]|14:06:26:180
62|1.1|636136525732911078|0|50791.1796875|18.84108464958|105.86503812023|540578|577642||50791.1796875|233.75||23293.75|234.25|50791.1796875|8880f9|PIC487|0|2249|1062.5|||3|3|1|1|1|132|146|["132,146,5,1863","132,178,4"]|14:06:31:180
62|1.1|636136525782836070|0|50796.1796875|18.83096737232|105.87049908961|541184|576533||50796.1796875|234.75||23293.75|235.25|50796.1796875|8880f9|PIC487|0|2249|1125|||3|3|1|1|1|132|146|["132,146,5,1863"]|14:06:36:180
62|1.1|636136525832761062|0|50801.15625|18.82227166371|105.87429172748|541609|575577||50801.15625|234.75||23356.25|236.25|50801.15625|8880f9|PIC487|0|2249|1125|||3|3|1|1|1|132|146|["132,146,5,1863"]|14:06:41:156
62|1.1|636136525882676053|0|50806.15625|18.81337747193|105.87817556032|542045|574599||50806.15625|234.75||23406.25|236.75|50806.15625|8880f9|PIC487|0|2249|1125|||3|3|1|1|1|132|146|[]|14:06:46:156
62|1.1|636136525932601045|0|50811.140625|18.80438672077|105.88210230844|542485|573610||50811.140625|234.75||23456.25|237.5|50811.140625|8880f9|PIC487|0|2249|1125|||3|3|1|1|1|132|146|[]|14:06:51:141
62|1.1|636136526344442225|0|50851.140625|18.7461453214|105.93820867263|548586|567291||50851.140625|||14868.75|||8880f9|X|X|2388|||||||1|1|132|178|["132,178,4"]|14:07:31:141
62|1.1|636136526381895970|0|50856.078125|18.73685952769|105.9457027534|549405|566280||50856.078125|||14806.25|||8880f9|X|X|2388|||||||1|1|132|178|["132,178,4"]|14:07:36:078
62|1.1|636136526431810961|0|50861.0625|18.72834620902|105.94839032281|549712|565341||50861.0625|247.5||24593.75|||8880f9|X|0|2388||||3|3|3|1|1|132|178|["132,178,5,1951"]|14:07:41:063
62|1.1|636136526481755955|0|50866.0625|18.72097550968|105.95632964961|550573|564543||50866.0625|247.5||24606.25|||8880f9|X|0|2388||||3|3|3|1|1|132|178|["132,178,5,1951"]|14:07:46:063
62|1.1|636136526531670946|0|50871.0625|18.71236563163|105.96036905034|551025|563598||50871.0625|250.5||25062.5|250.5|50871.0625|8880f9|PIC487|0|2388|943.75|||3|3|1|1|1|132|147|["132,178,5,1951","132,146,4"]|14:07:51:063
62|1.1|636136526581595938|0|50876.0390625|18.70456041508|105.96748762241|551800|562750||50876.0390625|250.75||25237.5|250.5|50876.0390625|8880f9|PIC487|0|2388|943.75|||3|3|1|1|1|132|146|["132,178,5,1951","132,146,4"]|14:07:56:039
62|1.1|636136526631500928|0|50881.0390625|18.6963099525|105.9730076003|552408|561849||50881.0390625|251.75||25275|251.75|50881.0390625|8880f9|PIC487|0|2388|925|||3|3|1|1|1|132|146|["132,178,5,1951","132,146,5,1869"]|14:08:01:039
62|1.1|636136526681425920|0|50886.015625|18.68808631197|105.97880652751|553045|560951||50886.015625|252.5||25331.25|252.75|50886.015625|8880f9|PIC487|0|2388|906.25|||3|3|1|1|1|132|146|["132,178,5,1951","132,146,5,1869"]|14:08:06:016
62|1.1|636136526731350912|0|50891.015625|18.67974465442|105.98461618354|553684|560040||50891.015625|253.5||25412.5|253.75|50891.015625|8880f9|PIC487|0|2388|943.75|||3|3|1|1|1|132|146|["132,178,5,1951","132,146,5,1869"]|14:08:11:016
62|1.1|636136526781265903|0|50896.015625|18.67026574195|105.99117149256|554404|559005||50896.015625|254||25487.5|254.5|50896.015625|8880f9|PIC487|0|2388|981.25|||3|3|1|1|1|132|146|["132,178,4,1951","132,146,5,1869"]|14:08:16:016
62|1.1|636136526831190895|0|50901|18.66220303372|105.99680948747|555024|558124||50901|254.75||25512.5|255.25|50901|8880f9|PIC487|0|2388|887.5|||3|3|1|1|1|132|147|["132,178,4,1951","132,146,5,1869"]|14:08:21:000
62|1.1|636136526881105886|0|50906|18.65283677386|106.00340771177|555749|557102||50906|255.75||25587.5|255.75|50906|8880f9|PIC487|0|2388|825|||3|3|1|1|1|132|147|["132,178,5,1959","132,146,5,1869","132,162,5"]|14:08:26:000
62|1.1|636136526931030878|0|50910.9765625|18.64564846446|106.00867556239|556327|556318||50910.9765625|256||25643.75|256.25|50910.9765625|8880f9|PIC487|0|2388|806.25|||3|3|1|1|1|132|146|["132,178,5,1959","132,146,5,1869","132,162,5"]|14:08:30:977
62|1.1|636136526980945869|0|50915.9765625|18.6371405102|106.01477489656|556997|555389||50915.9765625|257||25712.5|257.25|50915.9765625|8880f9|PIC487|0|2388|843.75|||3|3|1|1|1|132|146|["132,178,5,1959","132,146,5,1869","132,162,5"]|14:08:35:977
62|1.1|636136527030870861|0|50920.9765625|18.62848235246|106.0210190698|557683|554444||50920.9765625|258||25768.75|258.25|50920.9765625|8880f9|PIC487|0|2388|981.25|||3|3|1|1|1|132|146|["132,178,5,1959","132,146,5,1869","132,162,5"]|14:08:40:977
62|1.1|636136527080795853|0|50925.9609375|18.61977055062|106.02742953975|558387|553494||50925.9609375|259.25||25831.25|259.5|50925.9609375|8880f9|PIC487|0|2388|1237.5|||3|3|1|1|1|132|146|["132,178,5,1959","132,146,5,1869","132,162,5"]|14:08:45:961
62|1.1|636136527130720845|0|50930.9609375|18.61093536735|106.03369517063|559075|552530||50930.9609375|260.25||25931.25|260.25|50930.9609375|8880f9|PIC487|0|2388|1418.75|||3|3|1|1|1|132|146|["132,178,5,1959","132,146,5,1869","132,162,5"]|14:08:50:961
62|1.1|636136527180635836|0|50935.9375|18.60226648079|106.03978377598|559745|551583||50935.9375|261||26031.25|261.25|50935.9375|8880f9|PIC487|0|2388|1262.5|||3|3|1|1|1|132|146|["132,178,5,1959","132,146,5,1869","132,162,5"]|14:08:55:938
62|1.1|636136527230560828|0|50940.9375|18.59339374665|106.04547005058|560372|550614||50940.9375|262||26093.75|262.5|50940.9375|8880f9|PIC487|0|2388|1162.5|||3|3|1|1|1|132|146|["132,178,5,1959","132,146,5,1869","132,162,5"]|14:09:00:938
62|1.1|636136527280475819|0|50945.9375|18.58489652121|106.05164448649|561051|549687||50945.9375|262.75||26168.75|263.25|50945.9375|8880f9|PIC487|0|2388|1062.5|||3|3|1|1|1|132|146|["132,178,5,1959","132,146,5,1869","132,162,5"]|14:09:05:938
62|1.1|636136527330400811|0|50950.921875|18.57593795651|106.05826953284|561778|548709||50950.921875|263.5||26243.75|264.25|50950.921875|8880f9|PIC487|0|2388|1006.25|||3|3|1|1|1|132|146|["132,178,5,1959","132,146,5,1869","132,162,5"]|14:09:10:922
62|1.1|636136527380325803|0|50955.921875|18.56747291753|106.06460490105|562474|547787||50955.921875|264.5||26350|264.75|50955.921875|8880f9|PIC487|0|2388|981.25|||3|3|1|1|1|132|146|["132,178,5,1959","132,146,5,1869","132,162,5"]|14:09:15:922
62|1.1|636136527430250795|0|50960.8984375|18.55922245495|106.07068814199|563141|546887||50960.8984375|265.25||26437.5|265.5|50960.8984375|8880f9|PIC487|0|2388|962.5|||3|3|1|1|1|132|146|["132,178,5,1959","132,146,5,1869","132,162,5"]|14:09:20:898
62|1.1|636136527480165786|0|50965.8984375|18.55061794131|106.07706106107|563841|545948||50965.8984375|266||26531.25|266.25|50965.8984375|8880f9|PIC487|0|2388|1006.25|||3|3|1|1|1|132|146|["132,178,5,1959","132,146,5,1869","132,162,5"]|14:09:25:898
62|1.1|636136527530090778|0|50970.8984375|18.54153063077|106.0837290227|564574|544958||50970.8984375|266.75||26606.25|267.25|50970.8984375|8880f9|PIC487|0|2388|962.5|||3|3|1|1|1|132|146|["132,178,5,1959","132,146,5,1869","132,162,5"]|14:09:30:898
62|1.1|636136527580015770|0|50975.875|18.53293148154|106.08998928917|565262|544020||50975.875|267.5||26675|268.25|50975.875|8880f9|PIC487|0|2388|925|||3|3|1|1|1|132|146|["132,178,5,1959","132,146,5,1869","132,162,5"]|14:09:35:875
62|1.1|636136527629930761|0|50980.875|18.52386026423|106.09656069142|565984|543030||50980.875|268.25||26743.75|268.75|50980.875|8880f9|PIC487|0|2388|906.25|||3|3|1|1|1|132|146|["132,178,5,1959","132,146,5,1869","132,162,5"]|14:09:40:875
62|1.1|636136527679855753|0|50985.859375|18.51547032699|106.10276194938|566665|542115||50985.859375|269||26806.25|269.5|50985.859375|8880f9|PIC487|0|2388|887.5|||3|3|1|1|1|132|146|["132,178,5,1959","132,146,5,1869","132,162,5"]|14:09:45:859
62|1.1|636136527729780745|0|50990.859375|18.50693018627|106.10895784293|567346|541184||50990.859375|269.75||26868.75|270.25|50990.859375|8880f9|PIC487|0|2388|887.5|||3|3|1|1|1|132|146|["132,178,5,1959","132,146,5,1869","132,162,5"]|14:09:50:859
62|1.1|636136527779715738|0|50995.859375|18.49874946102|106.11501426182|568012|540292||50995.859375|270.25||26925|270.75|50995.859375|8880f9|PIC487|0|2388|825|||3|3|1|1|1|132|146|["132,178,5,1959","132,146,5,1869","132,162,5"]|14:09:55:859
62|1.1|636136527829620728|0|51000.8359375|18.49165234659|106.11994951902|568555|539517||51000.8359375|270.5||27093.75|271.25|51000.8359375|8880f9|PIC487|0|2388|687.5|||3|3|1|1|1|132|146|["132,178,5,1959","132,146,5,1869","132,162,5"]|14:10:00:836
62|1.1|636136527879545720|0|51005.8359375|18.48335896873|106.12586109884|569205|538612||51005.8359375|271||27162.5|271.25|51005.8359375|8880f9|PIC487|0|2388|587.5|||3|3|1|1|1|132|146|["132,178,5,1959","132,146,5,1869","132,162,5"]|14:10:05:836
62|1.1|636136527929470712|0|51010.8203125|18.47493684503|106.13191215332|569871|537694||51010.8203125|271.75||27218.75|271.75|51010.8203125|8880f9|PIC487|0|2388|587.5|||3|3|1|1|1|132|146|["132,178,5,1959","132,146,5,1869","132,162,5"]|14:10:10:820
62|1.1|636136527979385703|0|51015.8203125|18.46620358555|106.13797930103|570539|536740||51015.8203125|272.25||27237.5|272.25|51015.8203125|8880f9|PIC487|0|2388|587.5|||3|3|1|1|1|132|147|["132,178,5,1959","132,146,5,1869","132,162,5"]|14:10:15:820
62|1.1|636136528029300694|0|51020.8203125|18.45726111408|106.14440586421|571246|535765||51020.8203125|273||27306.25|273.25|51020.8203125|8880f9|PIC487|0|2388|650|||3|3|1|1|1|132|147|["132,178,5,1959","132,146,5,1869","132,162,5"]|14:10:20:820
62|1.1|636136528079225686|0|51025.796875|18.44856004106|106.15038181695|571905|534815||51025.796875|273.75||27362.5|273.75|51025.796875|8880f9|PIC487|0|2388|750|||3|3|1|1|1|132|147|["132,178,5,1959","132,146,5,1869","132,162,5"]|14:10:25:797
62|1.1|636136528129150678|0|51030.796875|18.4398911545|106.1564704223|572576|533869||51030.796875|274.25||27412.5|274.5|51030.796875|8880f9|PIC487|0|2388|806.25|||3|3|1|1|1|132|146|["132,178,5,1959","132,146,5,1869","132,162,5"]|14:10:30:797
62|1.1|636136528179065669|0|51035.78125|18.43094331862|106.16231226479|573221|532891||51035.78125|275||27443.75|275.25|51035.78125|8880f9|PIC487|0|2388|868.75|||3|3|1|1|1|132|146|["132,178,5,1959","132,146,5,1869","132,162,5"]|14:10:35:781
62|1.1|636136528228990661|0|51040.78125|18.42226906765|106.16866909064|573920|531946||51040.78125|275.75||27481.25|276.25|51040.78125|8880f9|PIC487|0|2388|887.5|||3|3|1|1|1|132|146|["132,178,5,1959","132,146,5,1869","132,162,5"]|14:10:40:781
62|1.1|636136528278915653|0|51045.78125|18.413337325|106.17486498419|574603|530971||51045.78125|276.5||27506.25|277.25|51045.78125|8880f9|PIC487|0|2388|906.25|||3|3|1|1|1|132|146|["132,178,5,1959","132,146,5,1869","132,162,5"]|14:10:45:781
62|1.1|636136528328840645|0|51050.7578125|18.40499030304|106.18116280153|575295|530061||51050.7578125|277.25||27550|277.25|51050.7578125|8880f9|PIC487|0|2388|906.25|||3|3|1|1|1|132|146|["132,178,5,1959","132,146,5,1869","132,162,5"]|14:10:50:758
62|1.1|636136528378755636|0|51055.7578125|18.39531827181|106.18841548385|576092|529007||51055.7578125|278||27762.5|278.25|51055.7578125|8880f9|PIC487|0|2388|843.75|||3|3|1|1|1|132|146|["132,178,5,1959","132,146,5,1869","132,162,5"]|14:10:55:758
62|1.1|636136528428680628|0|51060.7421875|18.38736821619|106.19458455535|576769|528141||51060.7421875|278.75||27850|278.75|51060.7421875|8880f9|PIC487|0|2388|806.25|||3|3|1|1|1|132|147|["132,178,5,1959","132,146,5,1869","132,162,5"]|14:11:00:742
62|1.1|636136528478605620|0|51065.7421875|18.37826481242|106.20133834754|577512|527149||51065.7421875|279.5||27950|279.5|51065.7421875|8880f9|PIC487|0|2388|825|||3|3|1|1|1|132|147|["132,178,5,1959","132,146,5,1869","132,162,5"]|14:11:05:742
