62|1.1|636136510304298371|0|49248.3359375|16.31980658517|107.62831432282|736255|302952||49248.3359375|400||39975|400|49248.3359375|88807f|HVN267|0|2581|0|||3|3|0|1|1|132|178|["132,178,5,1738","132,162,5"]|13:40:48:336
62|1.1|636136510354223363|0|49253.3359375|16.31083192724|107.63278824076|736766|301970||49253.3359375|400||39993.75|400|49253.3359375|88807f|HVN267|0|2581|0|||3|3|0|1|1|132|163|["132,178,5,1738","132,162,5"]|13:40:53:336
62|1.1|636136510404138354|0|49258.3203125|16.30223814242|107.63679545503|737225|301029||49258.3203125|400||40000|400|49258.3203125|88807f|HVN267|0|2581|0|||3|3|0|1|1|132|163|["132,178,5,1738","132,162,5"]|13:40:58:320
62|1.1|636136510454063346|0|49263.3203125|16.29204576342|107.64131228825|737745|299913||49263.3203125|400||39993.75|400|49263.3203125|88807f|HVN267|0|2581|0|||3|3|0|1|1|132|163|["132,178,5,1738","132,162,5"]|13:41:03:320
62|1.1|636136510503978337|0|49268.296875|16.28250247803|107.64530340929|738205|298867||49268.296875|400||39987.5|400|49268.296875|88807f|HVN267|0|2581|0|||3|3|0|1|1|132|163|["132,178,5,1738","132,162,5"]|13:41:08:297
62|1.1|636136510553903329|0|49273.296875|16.27284117562|107.64950910673|738690|297808||49273.296875|400||39981.25|400|49273.296875|88807f|HVN267|0|2581|0|||3|3|0|1|1|132|178|["132,178,5,1738","132,162,5"]|13:41:13:297
62|1.1|636136510603838322|0|49278.296875|16.26345345812|107.65390792293|739194|296780||49278.296875|400||39993.75|400|49278.296875|88807f|HVN267|0|2581|0|||3|3|0|1|1|132|163|["132,178,5,1738","132,162,5"]|13:41:18:297
62|1.1|636136510653743312|0|49283.28125|16.25354002844|107.65806534068|739675|295693||49283.28125|400||39981.25|400|49283.28125|88807f|HVN267|0|2581|0|||3|3|0|1|1|132|163|["132,178,5,1738","132,162,5"]|13:41:23:281
62|1.1|636136510703668304|0|49288.28125|16.24379825988|107.66230322458|740163|294626||49288.28125|400||39975|400|49288.28125|88807f|HVN267|0|2581|0|||3|3|0|1|1|132|178|["132,178,5,1738","132,162,5"]|13:41:28:281
62|1.1|636136510753593296|0|49293.2578125|16.23390092343|107.6665518373|740653|293541||49293.2578125|400||39975|400|49293.2578125|88807f|HVN267|0|2581|0|||3|3|0|1|1|132|178|["132,178,5,1738","132,162,5"]|13:41:33:258
62|1.1|636136510803508287|0|49298.2578125|16.22416988369|107.67098820437|741163|292475||49298.2578125|400||39981.25|400|49298.2578125|88807f|HVN267|0|2581|0|||3|3|0|1|1|132|178|["132,178,5,1738","132,162,5"]|13:41:38:258
62|1.1|636136510853433279|0|49303.2578125|16.213392784|107.67553185964|741687|291293||49303.2578125|400||39962.5|400|49303.2578125|88807f|HVN267|0|2581|0|||3|3|0|1|1|132|178|["132,178,5,1738","132,162,5"]|13:41:43:258
62|1.1|636136510903358271|0|49308.2421875|16.20302337947|107.68052612535|742259|290159||49308.2421875|400||39987.5|400|49308.2421875|88807f|HVN267|0|2581|0|||3|3|0|1|1|132|163|["132,178,5,1738","132,162,5"]|13:41:48:242
62|1.1|636136510953273262|0|49313.2421875|16.1941881962|107.68464599223|742732|289192||49313.2421875|400||40000|400|49313.2421875|88807f|HVN267|0|2581|0|||3|3|0|1|1|132|163|["132,178,5,1738","132,162,5"]|13:41:53:242
62|1.1|636136511003198254|0|49318.21875|16.18476292783|107.68899652874|743231|288160||49318.21875|400||40006.25|400|49318.21875|88807f|HVN267|0|2581|0|||3|3|0|1|1|132|163|["132,178,5,1738","132,162,5"]|13:41:58:219
62|1.1|636136511053123246|0|49323.21875|16.1748226761|107.69314858208|743711|287070||49323.21875|400||39987.5|400|49323.21875|88807f|HVN267|0|2581|0|||3|3|0|1|1|132|163|["132,178,5,1738","132,162,5"]|13:42:03:219
62|1.1|636136511103038237|0|49328.21875|16.16516137369|107.6975581271|744218|286012||49328.21875|400||39993.75|400|49328.21875|88807f|HVN267|0|2581|0|||3|3|0|1|1|132|163|["132,178,5,1738","132,162,5"]|13:42:08:219
62|1.1|636136511152963229|0|49333.1953125|16.15520502873|107.70172090926|744699|284920||49333.1953125|400||39981.25|400|49333.1953125|88807f|HVN267|0|2581|0|||3|3|0|1|1|132|178|["132,178,5,1738","132,162,5"]|13:42:13:195
62|1.1|636136511202888221|0|49338.1953125|16.14471224277|107.70637185273|745235|283771||49338.1953125|400||39981.25|400|49338.1953125|88807f|HVN267|0|2581|0|||3|3|0|1|1|132|163|["132,178,5,1738","132,162,5"]|13:42:18:195
62|1.1|636136511252803212|0|49343.1796875|16.1351796862|107.71077066893|745740|282727||49343.1796875|400||39993.75|400|49343.1796875|88807f|HVN267|0|2581|0|||3|3|0|1|1|132|178|["132,178,5,1738","132,162,5"]|13:42:23:180
62|1.1|636136511302728204|0|49348.1796875|16.12529307857|107.7148851714|746216|281643||49348.1796875|400||39981.25|400|49348.1796875|88807f|HVN267|0|2581|0|||3|3|0|1|1|132|178|["132,178,5,1738","132,162,5"]|13:42:28:180
62|1.1|636136511352653196|0|49353.1796875|16.11471446205|107.71968095394|746768|280485||49353.1796875|400||39981.25|400|49353.1796875|88807f|HVN267|0|2581|0|||3|3|0|1|1|132|163|["132,178,5,1738","132,162,5"]|13:42:33:180
62|1.1|636136511402578188|0|49358.15625|16.10436115075|107.72410659219|747279|279350||49358.15625|400||39975|400|49358.15625|88807f|HVN267|0|2581|0|||3|3|0|1|1|132|163|["132,178,5,1738","132,162,5"]|13:42:38:156
62|1.1|636136511452503180|0|49363.15625|16.09516655201|107.72842494224|747774|278344||49363.15625|400||39993.75|400|49363.15625|88807f|HVN267|0|2581|0|||3|3|0|1|1|132|163|["132,178,5,1738","132,162,5"]|13:42:43:156
62|1.1|636136511502418171|0|49368.140625|16.08567691072|107.73256626676|748252|277304||49368.140625|400||39981.25|400|49368.140625|88807f|HVN267|0|2581|0|||3|3|0|1|1|132|163|["132,178,5,1738","132,162,5"]|13:42:48:141
62|1.1|636136511552333162|0|49373.140625|16.07627309999|107.73689534563|748749|276274||49373.140625|400||39987.5|400|49373.140625|88807f|HVN267|0|2581|0|||3|3|0|1|1|132|178|["132,178,5,1738","132,162,5"]|13:42:53:141
62|1.1|636136511602258154|0|49378.140625|16.06649914497|107.74100448369|749225|275203||49378.140625|400||39981.25|400|49378.140625|88807f|HVN267|0|2581|0|||3|3|0|1|1|132|163|["132,178,5,1738","132,162,5"]|13:42:58:141
62|1.1|636136511652183146|0|49383.1171875|16.05616729131|107.7456232407|749757|274071||49383.1171875|400||39981.25|400|49383.1171875|88807f|HVN267|0|2581|0|||3|3|0|1|1|132|178|["132,178,5,1738","132,162,5"]|13:43:03:117
62|1.1|636136511702108138|0|49388.1171875|16.04585689529|107.74957681087|750217|272940||49388.1171875|400||39956.25|400|49388.1171875|88807f|HVN267|0|2581|0|||3|3|0|1|1|132|163|["132,178,5,1738","132,162,5"]|13:43:08:117
62|1.1|636136511752033130|0|49393.1015625|16.03576644008|107.75452279689|750783|271835||49393.1015625|400||39968.75|400|49393.1015625|88807f|HVN267|0|2581|0|||3|3|0|1|1|132|163|["132,178,5,1738","132,162,5"]|13:43:13:102
62|1.1|636136511801948121|0|49398.1015625|16.02543995083|107.75850318911|751247|270702||49398.1015625|400||39943.75|400|49398.1015625|88807f|HVN267|0|2581|0|||3|3|0|1|1|132|178|["132,178,5,1738","132,162,5"]|13:43:18:102
62|1.1|636136511851863112|0|49403.1015625|16.01530658034|107.76293955618|751758|269593||49403.1015625|400||39912.5|400|49403.1015625|88807f|HVN267|0|2581|0|||3|3|0|1|1|132|178|["132,178,5,1738","132,162,5"]|13:43:23:102
62|1.1|636136511901798105|0|49408.078125|16.00543606594|107.76781044046|752316|268513||49408.078125|400||39850|400|49408.078125|88807f|HVN267|0|2581|0|||3|3|0|1|1|132|178|["132,178,5,1738","132,162,5"]|13:43:28:078
62|1.1|636136511951723097|0|49413.078125|15.99543144129|107.77221998548|752825|267417||49413.078125|400||39725|400|49413.078125|88807f|HVN267|0|2581|0|||3|3|0|1|1|132|178|["132,178,5,1738","132,162,5"]|13:43:33:078
62|1.1|636136512001638088|0|49418.0625|15.98640313926|107.77674218311|753342|266429||49418.0625|400||39968.75|400|49418.0625|88807f|HVN267|0|2581|0|||3|3|0|1|1|132|178|["132,178,5,1738","132,162,5"]|13:43:38:063
62|1.1|636136512051553079|0|49423.0625|15.97636096374|107.78104443993|753839|265329||49423.0625|400||39925|400|49423.0625|88807f|HVN267|0|2581|0|||3|3|0|1|1|132|178|["132,178,5,1738","132,162,5"]|13:43:43:063
62|1.1|636136512101478071|0|49428.0625|15.96691423773|107.78545934936|754346|264295||49428.0625|400||39981.25|400|49428.0625|88807f|HVN267|0|2581|0|||3|3|0|1|1|132|178|["132,178,5,1738","132,162,5"]|13:43:48:063
62|1.1|636136512151403063|0|49433.0390625|15.95815952061|107.78925198723|754784|263336||49433.0390625|400||39993.75|400|49433.0390625|88807f|HVN267|0|2581|0|||3|3|0|1|1|132|178|["132,178,5,1738","132,162,5"]|13:43:53:039
62|1.1|636136512201318054|0|49438.0390625|15.94902393038|107.7933664897|755258|262335||49438.0390625|400||40000|400|49438.0390625|88807f|HVN267|0|2581|0|||3|3|0|1|1|132|178|["132,178,5,1738","132,162,5"]|13:43:58:039
62|1.1|636136512251243046|0|49443.015625|15.93845604268|107.79789941615|755782|261177||49443.015625|400||39987.5|400|49443.015625|88807f|HVN267|0|2581|0|||3|3|0|1|1|132|163|["132,178,5,1738","132,162,5"]|13:44:03:016
62|1.1|636136512301168038|0|49448.015625|15.92839240952|107.80238406291|756299|260075||49448.015625|400||39987.5|400|49448.015625|88807f|HVN267|0|2581|0|||3|3|0|1|1|132|163|["132,178,5,1738","132,162,5"]|13:44:08:016
62|1.1|636136512351083029|0|49453.015625|15.91917098873|107.80642346364|756766|259065||49453.015625|400||39987.5|400|49453.015625|88807f|HVN267|0|2581|0|||3|3|0|1|1|132|163|["132,178,5,1738","132,162,5"]|13:44:13:016
62|1.1|636136512401008021|0|49458|15.90934338961|107.81069889841|757259|257988||49458|400||39981.25|400|49458|88807f|HVN267|0|2581|0|||3|3|0|1|1|132|178|["132,178,5,1738","132,162,5"]|13:44:18:000
62|1.1|636136512450933013|0|49463|15.89954797695|107.81496896877|757752|256915||49463|400||39975|400|49463|88807f|HVN267|0|2581|0|||3|3|0|1|1|132|178|["132,178,5,1738","132,162,5"]|13:44:23:000
62|1.1|636136512500848004|0|49467.9765625|15.89022463237|107.81955553932|758277|255895||49467.9765625|400||39943.75|400|49467.9765625|88807f|HVN267|0|2581|0|||3|3|0|1|1|132|178|["132,178,5,1738","132,162,5"]|13:44:27:977
62|1.1|636136512550772996|0|49472.9765625|15.88124461003|107.82371295707|758756|254912||49472.9765625|400||39993.75|400|49472.9765625|88807f|HVN267|0|2581|0|||3|3|0|1|1|132|178|["132,178,5,1738","132,162,5"]|13:44:32:977
62|1.1|636136512600697988|0|49477.9765625|15.87134727358|107.82787037482|759238|253827||49477.9765625|400||39993.75|400|49477.9765625|88807f|HVN267|0|2581|0|||3|3|0|1|1|132|178|["132,178,5,1738","132,162,5"]|13:44:37:977
62|1.1|636136512650612979|0|49482.9609375|15.86085985203|107.83244621655|759766|252678||49482.9609375|400||39993.75|400|49482.9609375|88807f|HVN267|0|2581|0|||3|3|0|1|1|132|178|["132,178,5,1738","132,162,5"]|13:44:42:961
62|1.1|636136512700537971|0|49487.9609375|15.85037779489|107.83703815151|760296|251530||49487.9609375|400||39993.75|400|49487.9609375|88807f|HVN267|0|2581|0|||3|3|0|1|1|132|178|["132,178,5,1738","132,162,5"]|13:44:47:961
62|1.1|636136512750462963|0|49492.9375|15.84005130564|107.84158717119|760821|250399||49492.9375|400||39987.5|400|49492.9375|88807f|HVN267|0|2581|0|||3|3|0|1|1|132|178|["132,178,5,1738","132,162,5"]|13:44:52:938
62|1.1|636136512800377954|0|49497.9375|15.82980528254|107.84590552124|761321|249276||49497.9375|400||39981.25|400|49497.9375|88807f|HVN267|0|2581|0|||3|3|0|1|1|132|178|["132,178,5,1738","132,162,5"]|13:44:57:938
62|1.1|636136512850302946|0|49502.9375|15.81980065789|107.85043308328|761843|248180||49502.9375|400||39981.25|400|49502.9375|88807f|HVN267|0|2581|0|||3|3|0|1|1|132|178|["132,178,5,1738","132,162,5"]|13:45:02:938
62|1.1|636136512900227938|0|49507.921875|15.80953317715|107.85457977221|762325|247054||49507.921875|400||39956.25|400|49507.921875|88807f|HVN267|0|2581|0|||3|3|0|1|1|132|178|["132,178,5,1738","132,162,5"]|13:45:07:922
62|1.1|636136512950142929|0|49512.921875|15.79989333238|107.8594560209|762883|246000||49512.921875|400||39987.5|400|49512.921875|88807f|HVN267|0|2581|0|||3|3|0|1|1|132|163|["132,178,5,1738","132,162,5"]|13:45:12:922
62|1.1|636136513000067921|0|49517.8984375|15.79183062415|107.86298043827|763290|245117||49517.8984375|400||39993.75|400|49517.8984375|88807f|HVN267|0|2581|0|||3|3|0|1|1|132|163|["132,178,5,1738","132,162,5"]|13:45:17:898
62|1.1|636136513049992913|0|49522.8984375|15.78231952522|107.86729878832|763788|244075||49522.8984375|399.75||39981.25|399.75|49522.8984375|88807f|HVN267|0|2581|0|||3|3|0|1|1|132|163|["132,178,5,1738","132,162,5"]|13:45:22:898
62|1.1|636136513099917905|0|49527.8984375|15.77250801933|107.87145084166|764269|243000||49527.8984375|400||39981.25|400|49527.8984375|88807f|HVN267|0|2581|0|||3|3|0|1|1|132|178|["132,178,5,1738","132,162,5"]|13:45:27:898
62|1.1|636136513149832896|0|49532.875|15.7621386148|107.87595694606|764790|241864||49532.875|399.75||39968.75|399.75|49532.875|88807f|HVN267|0|2581|0|||3|3|0|1|1|132|178|["132,178,5,1738","132,162,5"]|13:45:32:875
62|1.1|636136513199757888|0|49537.875|15.75171020176|107.88054888102|765320|240722||49537.875|400||39956.25|400|49537.875|88807f|HVN267|0|2581|0|||3|3|0|1|1|132|178|["132,178,5,1738","132,162,5"]|13:45:37:875
62|1.1|636136513249672879|0|49542.859375|15.74120668698|107.88548950263|765889|239572||49542.859375|400||39993.75|400|49542.859375|88807f|HVN267|0|2581|0|||3|3|0|1|1|132|163|["132,178,5,1738","132,162,5"]|13:45:42:859
62|1.1|636136513299597871|0|49547.859375|15.73211401203|107.88961473392|766364|238577||49547.859375|400.25||40018.75|400|49547.859375|88807f|HVN267|0|2581|0|||3|3|0|1|1|132|163|["132,178,5,1738","132,162,5"]|13:45:47:859
62|1.1|636136513349522863|0|49552.859375|15.72368652392|107.89314988011|766774|237653||49552.859375|400.25||40025|400|49552.859375|88807f|HVN267|0|2581|0|||3|3|0|1|1|132|163|["132,178,5,1738","132,162,5"]|13:45:52:859
62|1.1|636136513396337544|0|49557.5390625|15.71470650158|107.89715709438|767237|236669||49557.5390625|400||40025|400|49557.5390625|88807f|HVN267|0|2581|0|||3|3|0|1|1|132|178|["132,178,5,1738","132,162,5"]|13:45:57:539
62|1.1|636136513446272537|0|49562.515625|15.7042566309|107.9015129953|767742|235524||49562.515625|400.25||40018.75|400|49562.515625|88807f|HVN267|0|2581|0|||3|3|0|1|1|132|163|["132,178,5,1738","132,162,5"]|13:46:02:516
62|1.1|636136513496177527|0|49567.515625|15.69396769252|107.90602446411|768263|234397||49567.515625|400.25||40018.75|400|49567.515625|88807f|HVN267|0|2581|0|||3|3|0|1|1|132|162|["132,178,5,1738","132,162,5"]|13:46:07:516
62|1.1|636136513546102519|0|49572.5|15.68476236496|107.91029989888|768756|233389||49572.5|400||40006.25|400|49572.5|88807f|HVN267|0|2581|0|||3|3|0|1|1|132|162|["132,178,5,1738","132,162,5"]|13:46:12:500
62|1.1|636136513596017510|0|49577.5|15.67574479175|107.91451096073|769241|232402||49577.5|400||40000|400|49577.5|88807f|HVN267|0|2581|0|||3|3|0|1|1|132|178|["132,178,5,1738","132,162,5"]|13:46:17:500
62|1.1|636136513645942502|0|49582.5|15.66527346343|107.91893659898|769754|231255||49582.5|400||39987.5|400|49582.5|88807f|HVN267|0|2581|0|||3|3|0|1|1|132|163|["132,178,5,1738","132,162,5"]|13:46:22:500
62|1.1|636136513695867494|0|49587.4765625|15.65501671151|107.92342661015|770273|230131||49587.4765625|399.75||39962.5|400|49587.4765625|88807f|HVN267|0|2581|0|||3|3|0|1|1|132|163|["132,178,5,1738","132,162,5"]|13:46:27:477
62|1.1|636136513745792486|0|49592.4765625|15.64574701103|107.9274767397|770741|229116||49592.4765625|400||39981.25|400|49592.4765625|88807f|HVN267|0|2581|0|||3|3|0|1|1|132|163|["132,178,5,1738","132,162,5"]|13:46:32:477
62|1.1|636136513795717478|0|49597.4609375|15.6365041326|107.93165025068|771223|228104||49597.4609375|400||39987.5|400|49597.4609375|88807f|HVN267|0|2581|0|||3|3|0|1|1|132|162|["132,178,5,1738","132,162,5"]|13:46:37:461
62|1.1|636136513845632469|0|49602.4609375|15.62719151684|107.93590959222|771714|227084||49602.4609375|400||39993.75|400|49602.4609375|88807f|HVN267|0|2581|0|||3|3|0|1|1|132|178|["132,178,5,1738","132,162,5"]|13:46:42:461
62|1.1|636136513895557461|0|49607.4609375|15.61612473901|107.94055517128|772253|225871||49607.4609375|400||39987.5|400|49607.4609375|88807f|HVN267|0|2581|0|||3|3|0|1|1|132|163|["132,178,5,1738","132,162,5"]|13:46:47:461
62|1.1|636136513945502455|0|49612.4375|15.60706961493|107.94469113139|772730|224880||49612.4375|399.75||39981.25|399.75|49612.4375|88807f|HVN267|0|2581|0|||3|3|0|1|1|132|163|["132,178,5,1738","132,162,5"]|13:46:52:438
62|1.1|636136513995397444|0|49617.4375|15.59763361774|107.94875198976|773200|223846||49617.4375|400||39981.25|400|49617.4375|88807f|HVN267|0|2581|0|||3|3|0|1|1|132|163|["132,178,5,1738","132,162,5"]|13:46:57:438
62|1.1|636136514045322436|0|49622.421875|15.58798304415|107.95292013633|773683|222789||49622.421875|400.25||39981.25|400|49622.421875|88807f|HVN267|0|2581|0|||3|3|0|1|1|132|163|["132,178,5,1738","132,162,5"]|13:47:02:422
62|1.1|636136514095237427|0|49627.421875|15.57775847869|107.95744233396|774206|221669||49627.421875|400.25||40006.25|400|49627.421875|88807f|HVN267|0|2581|0|||3|3|0|1|1|132|162|["132,178,5,1738","132,162,5"]|13:47:07:422
62|1.1|636136514145162419|0|49632.421875|15.56765193025|107.96199135364|774731|220562||49632.421875|400.25||40018.75|400|49632.421875|88807f|HVN267|0|2581|0|||3|3|0|1|1|132|178|["132,178,4,1738","132,162,5"]|13:47:12:422
62|1.1|636136514195087411|0|49637.3984375|15.5577009497|107.96616486462|775215|219471||49637.3984375|400||40018.75|400|49637.3984375|88807f|HVN267|0|2581|0|||3|3|0|1|1|132|178|["132,178,4,1738","132,162,5"]|13:47:17:398
62|1.1|636136514245022404|0|49642.3984375|15.548205944|107.97060123169|775727|218432||49642.3984375|400||39993.75|400|49642.3984375|88807f|HVN267|0|2581|0|||3|3|0|1|1|132|163|["132,178,4,1738","132,162,5"]|13:47:22:398
62|1.1|636136514294917393|0|49647.375|15.53852318395|107.97470500534|776203|217371||49647.375|400||39987.5|400|49647.375|88807f|HVN267|0|2581|0|||3|3|0|1|1|132|178|["132,178,5,1879","132,162,5"]|13:47:27:375
62|1.1|636136514344842385|0|49652.375|15.52988648385|107.97870149079|776664|216426||49652.375|400||40000|400|49652.375|88807f|HVN267|0|2581|0|||3|3|0|1|1|132|178|["132,178,5,1879","132,162,5"]|13:47:32:375
62|1.1|636136514394757376|0|49657.375|15.51999987622|107.98271943388|777131|215342||49657.375|400.25||39981.25|400|49657.375|88807f|HVN267|0|2581|0|||3|3|0|1|1|132|178|["132,178,5,1879","132,162,5"]|13:47:37:375
62|1.1|636136514444682368|0|49662.359375|15.51047804847|107.98706997039|777633|214299||49662.359375|400.25||40006.25|400|49662.359375|88807f|HVN267|0|2581|0|||3|3|0|1|1|132|178|["132,178,5,1879","132,162,5"]|13:47:42:359
62|1.1|636136514494617361|0|49667.359375|15.5009454919|107.99138832044|778132|213256||49667.359375|400||40000|400|49667.359375|88807f|HVN267|0|2581|0|||3|3|0|1|1|132|178|["132,178,5,1879","132,162,5"]|13:47:47:359
62|1.1|636136514544522351|0|49672.3359375|15.49203520689|107.99537407707|778593|212280||49672.3359375|400||39987.5|400|49672.3359375|88807f|HVN267|0|2581|0|||3|3|0|1|1|132|163|["132,178,5,1879","132,162,5"]|13:47:52:336
62|1.1|636136514594437342|0|49677.3359375|15.4824382774|107.99966024066|779088|211229||49677.3359375|400||39987.5|400|49677.3359375|88807f|HVN267|0|2581|0|||3|3|0|1|1|132|163|["132,178,5,1879","132,162,5"]|13:47:57:336
62|1.1|636136514644362334|0|49682.3359375|15.47264822915|108.00379083636|779567|210157||49682.3359375|400||39987.5|400|49682.3359375|88807f|HVN267|0|2581|0|||3|3|0|1|1|132|178|["132,178,5,1879","132,162,5"]|13:48:02:336
62|1.1|636136514694287326|0|49687.3203125|15.46313176581|108.00800726262|780055|209114||49687.3203125|400||39987.5|400|49687.3203125|88807f|HVN267|0|2581|0|||3|3|0|1|1|132|178|["132,178,5,1879","132,162,5"]|13:48:07:320
62|1.1|636136514744202317|0|49692.3203125|15.45455943863|108.01201447689|780517|208176||49692.3203125|400||40000|400|49692.3203125|88807f|HVN267|0|2581|0|||3|3|0|1|1|132|178|["132,178,5,1879","132,162,5"]|13:48:12:320
62|1.1|636136514793997296|0|49697.296875|15.44600856909|108.01597341147|780974|207240||49697.296875|400||40006.25|400|49697.296875|88807f|HVN267|0|2581|0|||3|3|0|1|1|132|178|["132,178,5,1879","132,162,5"]|13:48:17:297
62|1.1|636136514843912287|0|49702.296875|15.43597712239|108.02009864276|781454|206141||49702.296875|400||39987.5|400|49702.296875|88807f|HVN267|0|2581|0|||3|3|0|1|1|132|163|["132,178,5,1879","132,162,5"]|13:48:22:297
62|1.1|636136514893847280|0|49707.296875|15.42611733681|108.02451355219|781964|205061||49707.296875|400||39993.75|400|49707.296875|88807f|HVN267|0|2581|0|||3|3|0|1|1|132|163|["132,178,5,1879","132,162,5"]|13:48:27:297
62|1.1|636136514943892284|0|49712.28125|15.41660623788|108.0285422241|782432|204019||49712.28125|400||39987.5|400|49712.28125|88807f|HVN267|0|2581|0|||3|3|0|1|1|132|163|["132,178,5,1879","132,162,5"]|13:48:32:281
62|1.1|636136514993677262|0|49717.28125|15.40836650412|108.03223293818|782859|203116||49717.28125|400||39993.75|400|49717.28125|88807f|HVN267|0|2581|0|||3|3|0|1|1|132|178|["132,178,5,1879","132,162,5"]|13:48:37:281
62|1.1|636136515043602254|0|49722.2578125|15.3989144137|108.03624551686|783325|202080||49722.2578125|400||39987.5|400|49722.2578125|88807f|HVN267|0|2581|0|||3|3|0|1|1|132|178|["132,178,5,1879","132,162,5"]|13:48:42:258
62|1.1|636136515093517245|0|49727.2578125|15.38957497589|108.04038147697|783803|201058||49727.2578125|400||39987.5|400|49727.2578125|88807f|HVN267|0|2581|0|||3|3|0|1|1|132|178|["132,178,5,1879","132,162,5"]|13:48:47:258
62|1.1|636136515143442237|0|49732.2578125|15.38027308895|108.04454425913|784285|200039||49732.2578125|400||39993.75|400|49732.2578125|88807f|HVN267|0|2581|0|||3|3|0|1|1|132|178|["132,178,5,1879","132,162,5"]|13:48:52:258
62|1.1|636136515193377230|0|49737.2421875|15.37100338847|108.04874459216|784770|199024||49737.2421875|400||39993.75|400|49737.2421875|88807f|HVN267|0|2581|0|||3|3|0|1|1|132|178|["132,178,5,1879","132,162,5"]|13:48:57:242
62|1.1|636136515243292221|0|49742.2421875|15.36165858625|108.05291273873|785253|198001||49742.2421875|400||39993.75|400|49742.2421875|88807f|HVN267|0|2581|0|||3|3|0|1|1|132|162|["132,178,5,1879","132,162,5"]|13:49:02:242
62|1.1|636136515293227214|0|49747.21875|15.35128381731|108.0574027499|785773|196865||49747.21875|400||39987.5|400|49747.21875|88807f|HVN267|0|2581|0|||3|3|0|1|1|132|163|["132,178,5,1879","132,162,5"]|13:49:07:219
62|1.1|636136515343132204|0|49752.21875|15.34112898918|108.0619088543|786295|195753||49752.21875|400||39993.75|400|49752.21875|88807f|HVN267|0|2581|0|||3|3|0|1|1|132|163|["132,178,5,1879","132,162,5"]|13:49:12:219
62|1.1|636136515393187209|0|49757.21875|15.33259957728|108.06555128869|786718|194818||49757.21875|400||39987.5|400|49757.21875|88807f|HVN267|0|2581|0|||3|3|0|1|1|132|178|["132,178,5,1879","132,162,5"]|13:49:17:219
62|1.1|636136515442982188|0|49762.1953125|15.32341034295|108.0696336047|787190|193812||49762.1953125|400||39993.75|400|49762.1953125|88807f|HVN267|0|2581|0|||3|3|0|1|1|132|178|["132,178,5,1879","132,162,5"]|13:49:22:195
62|1.1|636136515492917181|0|49767.1953125|15.31424256626|108.07373737835|787665|192808||49767.1953125|400||40000|400|49767.1953125|88807f|HVN267|0|2581|0|||3|3|0|1|1|132|178|["132,178,5,1879","132,162,5"]|13:49:27:195
62|1.1|636136515542812170|0|49772.1796875|15.30495677255|108.07786797405|788144|191791||49772.1796875|400||40000|400|49772.1796875|88807f|HVN267|0|2581|0|||3|3|0|1|1|132|178|["132,178,5,1879","132,162,5"]|13:49:32:180
62|1.1|636136515592737162|0|49777.1796875|15.29488241057|108.08174107807|788597|190686||49777.1796875|400||39975|400|49777.1796875|88807f|HVN267|0|2581|0|||3|3|0|1|1|132|162|["132,178,5,1879","132,162,5"]|13:49:37:180
62|1.1|636136515642682156|0|49782.1796875|15.2852425658|108.085887767|789078|189630||49782.1796875|400||39950|400|49782.1796875|88807f|HVN267|0|2581|0|||3|3|0|1|1|132|178|["132,178,5,1879","132,162,5"]|13:49:42:180
62|1.1|636136515692577145|0|49787.15625|15.2752111191|108.08986279481|789542|188529||49787.15625|400||39893.75|400|49787.15625|88807f|HVN267|0|2581|0|||3|3|0|1|1|132|162|["132,178,5,1879","132,162,5"]|13:49:47:156
62|1.1|636136515742522139|0|49792.15625|15.26584485924|108.09471222145|790099|187506||49792.15625|400||39712.5|400|49792.15625|88807f|HVN267|0|2581|0|||3|3|0|1|1|132|162|["132,178,5,1879","132,162,5"]|13:49:52:156
62|1.1|636136515792427129|0|49797.140625|15.25658588758|108.09943826666|790641|186494||49797.140625|400||39618.75|400|49797.140625|88807f|HVN267|0|2581|0|||3|3|0|1|1|132|162|["132,178,5,1879","132,162,5"]|13:49:57:141
62|1.1|636136515842352121|0|49802.140625|15.24764878052|108.10378343876|791141|185517||49802.140625|400||39500|400|49802.140625|88807f|HVN267|0|2581|0|||3|3|0|1|1|132|162|["132,178,5,1879","132,162,5"]|13:50:02:141
62|1.1|636136515892287114|0|49807.140625|15.23856683439|108.10828954316|791660|184524||49807.140625|400||39487.5|400|49807.140625|88807f|HVN267|0|2581|0|||3|3|0|1|1|132|162|["132,178,5,1879","132,162,5"]|13:50:07:141
62|1.1|636136515942192104|0|49812.1171875|15.22879287937|108.11247914737|792146|183453||49812.1171875|400||39468.75|400|49812.1171875|88807f|HVN267|0|2581|0|||3|3|0|1|1|132|163|["132,162,5"]|13:50:12:117
62|1.1|636136515992127097|0|49817.1171875|15.22032784039|108.11690478562|792653|182529||49817.1171875|400||39475|400|49817.1171875|88807f|HVN267|0|2581|0|||3|3|0|1|1|132|162|["132,162,5"]|13:50:17:117
62|1.1|636136516042032087|0|49822.1015625|15.21091330084|108.12105147455|793134|181497||49822.1015625|400||39475|400|49822.1015625|88807f|HVN267|0|2581|0|||3|3|0|1|1|132|162|["132,162,5"]|13:50:22:102
62|1.1|636136516091967080|0|49827.1015625|15.19999672649|108.12464562925|793560|180298||49827.1015625|400||40031.25|400.25|49827.1015625|88807f|HVN267|0|2581|0|||3|3|0|1|1|132|162|["132,162,5"]|13:50:27:102
62|1.1|636136516141872070|0|49832.1015625|15.1901315765|108.12855091973|794017|179216||49832.1015625|400||40043.75|400.25|49832.1015625|88807f|HVN267|0|2581|0|||3|3|0|1|1|132|162|["132,162,5"]|13:50:32:102
62|1.1|636136516191817064|0|49837.078125|15.1804219944|108.13267615102|794496|178152||49837.078125|400||40068.75|400.25|49837.078125|88807f|HVN267|0|2581|0|||3|3|0|1|1|132|162|["132,162,5"]|13:50:37:078
62|1.1|636136516241722054|0|49842.078125|15.17042273416|108.13651706858|794946|177055||49842.078125|400||40050|400|49842.078125|88807f|HVN267|0|2581|0|||3|3|0|1|1|132|162|["132,162,5"]|13:50:42:078
62|1.1|636136516291637045|0|49847.0625|15.1607346097|108.14062620664|795424|175994||49847.0625|400||40031.25|400|49847.0625|88807f|HVN267|0|2581|0|||3|3|0|1|1|132|162|["132,162,5"]|13:50:47:063
62|1.1|636136516341562037|0|49852.0625|15.15037593399|108.14386631028|795810|174854||49852.0625|400||39900|400|49852.0625|88807f|HVN267|0|2581|0|||3|3|0|1|1|132|162|["132,162,5"]|13:50:52:063
62|1.1|636136516391477028|0|49857.0625|15.14060197897|108.14778232958|796268|173783||49857.0625|400||39825|400|49857.0625|88807f|HVN267|0|2581|0|||3|3|0|1|1|132|162|["132,162,5"]|13:50:57:063
62|1.1|636136516441402020|0|49862.0390625|15.13098359184|108.15162861155|796717|172728||49862.0390625|400||39781.25|400|49862.0390625|88807f|HVN267|0|2581|0|||3|3|0|1|1|132|162|["132,162,5"]|13:51:02:039
62|1.1|636136516491327012|0|49867.0390625|15.1202333142|108.15349006182|796956|171541||49867.0390625|400||39562.5|400|49867.0390625|88807f|HVN267|0|2581|0|||3|3|0|1|1|132|162|["132,162,5"]|13:51:07:039
62|1.1|636136516541242003|0|49872.015625|15.11083486788|108.15667652136|797334|170508||49872.015625|400||39550|400|49872.015625|88807f|HVN267|0|2581|0|||3|3|0|1|1|132|162|["132,162,5"]|13:51:12:016
62|1.1|636136516591166995|0|49877.015625|15.10080342118|108.15891884474|797611|169402||49877.015625|400||39500|400|49877.015625|88807f|HVN267|0|2581|0|||3|3|0|1|1|132|162|["132,162,5"]|13:51:17:016
62|1.1|636136516641091987|0|49882.015625|15.09145325455|108.16138110893|797911|168372||49882.015625|400||39481.25|400|49882.015625|88807f|HVN267|0|2581|0|||3|3|0|1|1|132|162|["132,162,5"]|13:51:22:016
62|1.1|636136516691016979|0|49887|15.08141644344|108.16342494914|798167|167265||49887|400||39475|400|49887|88807f|HVN267|0|2581|0|||3|3|0|1|1|132|162|["132,162,5"]|13:51:27:000
62|1.1|636136516740941971|0|49892|15.07245787874|108.16546342494|798419|166277||49892|400||39450|400|49892|88807f|HVN267|0|2581|0|||3|3|0|1|1|132|162|["132,162,5"]|13:51:32:000
62|1.1|636136516790856962|0|49896.9765625|15.06249616937|108.16713175645|798635|165177||49896.9765625|400||39450|400|49896.9765625|88807f|HVN267|0|2581|0|||3|3|0|1|1|132|162|["132,162,5"]|13:51:36:977
62|1.1|636136516840771953|0|49901.9765625|15.05316209597|108.16880545237|798849|164146||49901.9765625|400||39450|400|49901.9765625|88807f|HVN267|0|2581|0|||3|3|0|1|1|132|162|["132,162,5"]|13:51:41:977
62|1.1|636136516890716947|0|49906.9765625|15.04317356455|108.17014655487|799029|163042||49906.9765625|400||39450|400|49906.9765625|88807f|HVN267|0|2581|0|||3|3|0|1|1|132|162|["132,162,5"]|13:51:46:977
62|1.1|636136516940621937|0|49911.9609375|15.03371074531|108.17142864886|799201|161995||49911.9609375|400||39468.75|400|49911.9609375|88807f|HVN267|0|2581|0|||3|3|0|1|1|132|162|["132,162,5"]|13:51:51:961
62|1.1|636136516990546929|0|49916.9609375|15.02379195122|108.17237278502|799338|160897||49916.9609375|400||39462.5|400|49916.9609375|88807f|HVN267|0|2581|0|||3|3|0|1|1|132|162|["132,162,5"]|13:51:56:961
62|1.1|636136517040471921|0|49921.9375|15.01477437801|108.17337056528|799478|159899||49921.9375|400||39468.75|400|49921.9375|88807f|HVN267|0|2581|0|||3|3|0|1|1|132|162|["132,162,5"]|13:52:01:938
62|1.1|636136517090396913|0|49926.9375|15.00500042299|108.17421277765|799604|158817||49926.9375|400||39512.5|400|49926.9375|88807f|HVN267|0|2581|0|||3|3|0|1|1|132|162|["132,162,5"]|13:52:06:938
62|1.1|636136517140331906|0|49931.9375|14.99662657898|108.17516227822|799736|157890||49931.9375|400||39537.5|400|49931.9375|88807f|HVN267|0|2581|0|||3|3|0|1|1|132|162|["132,162,5"]|13:52:11:938
62|1.1|636136517190236896|0|49936.921875|14.9879469636|108.17587038034|799844|156929||49936.921875|400||39581.25|400|49936.921875|88807f|HVN267|0|2581|0|||3|3|0|1|1|132|162|["132,162,5"]|13:52:16:922
62|1.1|636136517240151887|0|49941.921875|14.97720741478|108.17511936294|799801|155734||49941.921875|400||39531.25|400|49941.921875|88807f|HVN267|0|2581|0|||3|3|0|1|1|132|162|["132,162,5"]|13:52:21:922
62|1.1|636136517290086880|0|49946.8984375|14.96810401101|108.1751515494|799837|154723||49946.8984375|400||39556.25|400|49946.8984375|88807f|HVN267|0|2581|0|||3|3|0|1|1|132|162|["132,162,5"]|13:52:26:898
62|1.1|636136517339991870|0|49951.8984375|14.95767023356|108.1748296848|799840|153563||49951.8984375|400||39568.75|400|49951.8984375|88807f|HVN267|0|2581|0|||3|3|0|1|1|132|162|["132,162,5"]|13:52:31:898
62|1.1|636136517389916862|0|49956.8984375|14.94761196481|108.17451854902|799842|152445||49956.8984375|400||39600|400|49956.8984375|88807f|HVN267|0|2581|0|||3|3|0|1|1|132|162|["132,162,5"]|13:52:36:898
62|1.1|636136517439841854|0|49961.875|14.93717818736|108.17441662523|799868|151286||49961.875|400||39618.75|400|49961.875|88807f|HVN267|0|2581|0|||3|3|0|1|1|132|162|["132,162,5"]|13:52:41:875
62|1.1|636136517490076877|0|49966.875|14.92318780608|108.17339738733|799808|149729||49966.875|400||40018.75|400.25|49966.875|88807f|HVN267|0|2581|0|||3|3|0|1|1|132|162|["132,162,5"]|13:52:46:875
62|1.1|636136517539691838|0|49971.859375|14.91272184217|108.17320426857|799824|148566||49971.859375|400||40056.25|400.25|49971.859375|88807f|HVN267|0|2581|0|||3|3|0|1|1|132|163|["132,162,5"]|13:52:51:859
62|1.1|636136517589626831|0|49976.859375|14.9023846241|108.17304333627|799843|147418||49976.859375|400||40050|400|49976.859375|88807f|HVN267|0|2581|0|||3|3|0|1|1|132|162|["132,162,5"]|13:52:56:859
62|1.1|636136517639521820|0|49981.859375|14.89176845671|108.1728448531|799860|146239||49981.859375|400||39987.5|400|49981.859375|88807f|HVN267|0|2581|0|||3|3|0|1|1|132|162|["132,162,5"]|13:53:01:859
62|1.1|636136517689446812|0|49986.8359375|14.88131858603|108.1727375649|799885|145078||49986.8359375|400||39918.75|400|49986.8359375|88807f|HVN267|0|2581|0|||3|3|0|1|1|132|162|["132,162,5"]|13:53:06:836
62|1.1|636136517739381805|0|49991.8359375|14.87056294398|108.17249080204|799897|143883||49991.8359375|400||39831.25|400|49991.8359375|88807f|HVN267|0|2581|0|||3|3|0|1|1|132|162|["132,162,5"]|13:53:11:836
62|1.1|636136517789286795|0|49996.8203125|14.86055831933|108.17242642912|799926|142771||49996.8203125|400||39743.75|400|49996.8203125|88807f|HVN267|0|2581|0|||3|3|0|1|1|132|162|["132,162,5"]|13:53:16:820
62|1.1|636136517839211787|0|50001.8203125|14.85054833027|108.17237814943|799956|141660||50001.8203125|400||39693.75|400|50001.8203125|88807f|HVN267|0|2581|0|||3|3|0|1|1|132|162|["132,162,5"]|13:53:21:820
62|1.1|636136517889146780|0|50006.8203125|14.84036131568|108.17216357303|799969|140528||50006.8203125|400||39625|400|50006.8203125|88807f|HVN267|0|2581|0|||3|3|0|1|1|132|162|["132,162,5"]|13:53:26:820
62|1.1|636136517939051770|0|50011.796875|14.83026013165|108.17205092042|799993|139406||50011.796875|400||39618.75|400|50011.796875|88807f|HVN267|0|2581|0|||3|3|0|1|1|132|162|["132,162,5"]|13:53:31:797
62|1.1|636136517988976762|0|50016.796875|14.82012676116|108.17186316607|800008|138280||50016.796875|400||39587.5|400|50016.796875|88807f|HVN267|0|2581|0|||3|3|0|1|1|132|162|["132,162,5"]|13:53:36:797
62|1.1|636136518038891753|0|50021.78125|14.8101167721|108.17175051346|800032|137168||50021.78125|400||39600|400|50021.78125|88807f|HVN267|0|2581|0|||3|3|0|1|1|132|162|["132,162,5"]|13:53:41:781
62|1.1|636136518088816745|0|50026.78125|14.79962935055|108.17149838619|800042|136003||50026.78125|400||39600|400|50026.78125|88807f|HVN267|0|2581|0|||3|3|0|1|1|132|162|["132,162,5"]|13:53:46:781
62|1.1|636136518138741737|0|50031.78125|14.7902684551|108.17149302178|800074|134963||50031.78125|400||39600|400|50031.78125|88807f|HVN267|0|2581|0|||3|3|0|1|1|132|162|["132,162,5"]|13:53:51:781
62|1.1|636136518188666729|0|50036.7578125|14.77974348268|108.17124089451|800084|133794||50036.7578125|400||39606.25|400|50036.7578125|88807f|HVN267|0|2581|0|||3|3|0|1|1|132|162|["132,162,5"]|13:53:56:758
62|1.1|636136518238581720|0|50041.7578125|14.77069908742|108.17127844538|800121|132790||50041.7578125|400||39600|400|50041.7578125|88807f|HVN267|0|2581|0|||3|3|0|1|1|132|162|["132,162,5"]|13:54:01:758
62|1.1|636136518288506712|0|50046.7421875|14.76027067438|108.17103168252|800131|131631||50046.7421875|400||39612.5|400|50046.7421875|88807f|HVN267|0|2581|0|||3|3|0|1|1|132|162|["132,162,5"]|13:54:06:742
62|1.1|636136518338421703|0|50051.7421875|14.75052890582|108.1709673096|800158|130549||50051.7421875|400||39637.5|400|50051.7421875|88807f|HVN267|0|2581|0|||3|3|0|1|1|132|162|["132,162,5"]|13:54:11:742
62|1.1|636136518388346695|0|50056.7421875|14.74017023011|108.1707527332|800172|129398||50056.7421875|400||39650|400|50056.7421875|88807f|HVN267|0|2581|0|||3|3|0|1|1|132|162|["132,162,5"]|13:54:16:742
62|1.1|636136518438271687|0|50061.71875|14.73077178379|108.17072591115|800202|128354||50061.71875|400||39656.25|400|50061.71875|88807f|HVN267|0|2581|0|||3|3|0|1|1|132|162|["132,162,5"]|13:54:21:719
62|1.1|636136518488186678|0|50066.71875|14.72109975256|108.17065617382|800229|127280||50066.71875|400||39675|400|50066.71875|88807f|HVN267|0|2581|0|||3|3|0|1|1|132|162|["132,162,5"]|13:54:26:719
62|1.1|636136518538111670|0|50071.6953125|14.7110361194|108.17050060593|800247|126162||50071.6953125|400||39681.25|400|50071.6953125|88807f|HVN267|0|2581|0|||3|3|0|1|1|132|162|["132,162,5"]|13:54:31:695
62|1.1|636136518588036662|0|50076.6953125|14.70133726612|108.17042013978|800273|125085||50076.6953125|400||39693.75|400|50076.6953125|88807f|HVN267|0|2581|0|||3|3|0|1|1|132|162|["132,162,5"]|13:54:36:695
62|1.1|636136518637951653|0|50081.6953125|14.69108587861|108.17023774984|800289|123946||50081.6953125|400||39700|400|50081.6953125|88807f|HVN267|0|2581|0|||3|3|0|1|1|132|162|["132,162,5"]|13:54:41:695
62|1.1|636136518687876645|0|50086.6796875|14.6831411874|108.17046841947|800342|123065||50086.6796875|400||39662.5|400|50086.6796875|88807f|HVN267|0|2581|0|||3|3|0|1|1|132|162|["132,162,5"]|13:54:46:680
62|1.1|636136518737811638|0|50091.6796875|14.67310437629|108.1703235804|800362|121950||50091.6796875|400||39668.75|400|50091.6796875|88807f|HVN267|0|2581|0|||3|3|0|1|1|132|162|["132,162,5"]|13:54:51:680
62|1.1|636136518787716628|0|50096.65625|14.66545472763|108.17062398736|800422|121101||50096.65625|400||39631.25|400|50096.65625|88807f|HVN267|0|2581|0|||3|3|0|1|1|132|162|["132,162,5"]|13:54:56:656
62|1.1|636136518837651621|0|50101.65625|14.65507995869|108.17046841947|800441|119949||50101.65625|400||39618.75|400|50101.65625|88807f|HVN267|0|2581|0|||3|3|0|1|1|132|163|["132,162,5"]|13:55:01:656
62|1.1|636136518887566612|0|50106.65625|14.64447988453|108.17025384307|800456|118771||50106.65625|400||39687.5|400|50106.65625|88807f|HVN267|0|2581|0|||3|3|0|1|1|132|162|["132,162,5"]|13:55:06:656
62|1.1|636136518937511606|0|50111.640625|14.62624089053|108.16785058739|800260|116738||50111.640625|400||40068.75|400.25|50111.640625|88807f|HVN267|0|2581|0|||3|3|0|1|1|132|162|["132,162,5"]|13:55:11:641
62|1.1|636136518987406595|0|50116.640625|14.61565154519|108.16761991776|800272|115562||50116.640625|400||40118.75|400.25|50116.640625|88807f|HVN267|0|2581|0|||3|3|0|1|1|132|162|["132,162,5"]|13:55:16:641
62|1.1|636136519037331587|0|50121.6171875|14.60512657277|108.16734096844|800279|114392||50121.6171875|400||40181.25|400.25|50121.6171875|88807f|HVN267|0|2581|0|||3|3|0|1|1|132|162|["132,162,5"]|13:55:21:617
62|1.1|636136519087266580|0|50126.6171875|14.59466060886|108.16714248527|800294|113229||50126.6171875|400||40137.5|400.25|50126.6171875|88807f|HVN267|0|2581|0|||3|3|0|1|1|132|163|["132,162,5"]|13:55:26:617
62|1.1|636136519137171570|0|50131.6171875|14.58411954321|108.1669440021|800310|112058||50131.6171875|400||40056.25|400|50131.6171875|88807f|HVN267|0|2581|0|||3|3|0|1|1|132|162|["132,162,5"]|13:55:31:617
62|1.1|636136519187116564|0|50136.6015625|14.57395398626|108.16682598508|800333|110929||50136.6015625|400||39931.25|400|50136.6015625|88807f|HVN267|0|2581|0|||3|3|0|1|1|132|163|["132,162,5"]|13:55:36:602
62|1.1|636136519237021554|0|50141.6015625|14.56250633532|108.16615006942|800300|109656||50141.6015625|400||40012.5|400|50141.6015625|88807f|HVN267|0|2581|0|||3|3|0|1|1|132|163|["132,162,5"]|13:55:41:602
62|1.1|636136519286956547|0|50146.578125|14.55190089675|108.16574237426|800293|108476||50146.578125|400||40012.5|400|50146.578125|88807f|HVN267|0|2581|0|||3|3|0|1|1|132|163|["132,162,5"]|13:55:46:578
62|1.1|636136519336861537|0|50151.578125|14.54152612781|108.16526494177|800278|107323||50151.578125|400||40006.25|400|50151.578125|88807f|HVN267|0|2581|0|||3|3|0|1|1|132|163|["132,162,5"]|13:55:51:578
62|1.1|636136519386776528|0|50156.578125|14.53184873217|108.16494307717|800277|106247||50156.578125|400||40000|400|50156.578125|88807f|HVN267|0|2581|0|||3|3|0|1|1|132|163|["132,162,5"]|13:55:56:578
62|1.1|636136519436711521|0|50161.5625|14.52287407424|108.16466949226|800279|105250||50161.5625|400||40000|400|50161.5625|88807f|HVN267|0|2581|0|||3|3|0|1|1|132|163|["132,162,5"]|13:56:01:563
62|1.1|636136519486626512|0|50166.5625|14.51320740742|108.1644227294|800286|104176||50166.5625|400||39993.75|400|50166.5625|88807f|HVN267|0|2581|0|||3|3|0|1|1|132|163|["132,162,5"]|13:56:06:563
62|1.1|636136519536541503|0|50171.5390625|14.50288091817|108.16419205977|800297|103028||50171.5390625|400||39987.5|400|50171.5390625|88807f|HVN267|0|2581|0|||3|3|0|1|1|132|163|["132,162,5"]|13:56:11:539
62|1.1|636136519586466495|0|50176.5390625|14.49277973414|108.16397748337|800310|101906||50176.5390625|400||39987.5|400|50176.5390625|88807f|HVN267|0|2581|0|||3|3|0|1|1|132|163|["132,162,5"]|13:56:16:539
62|1.1|636136519636391487|0|50181.5390625|14.48232986346|108.16375217815|800322|100745||50181.5390625|400||39981.25|400|50181.5390625|88807f|HVN267|0|2581|0|||3|3|0|1|1|132|163|["132,162,5"]|13:56:21:539
62|1.1|636136519686316479|0|50186.515625|14.472105298|108.16348932206|800329|99609||50186.515625|400||39987.5|400|50186.515625|88807f|HVN267|0|2581|0|||3|3|0|1|1|132|163|["132,162,5"]|13:56:26:516
62|1.1|636136519736231470|0|50191.515625|14.46161787645|108.16320500833|800336|98444||50191.515625|400||39987.5|400|50191.515625|88807f|HVN267|0|2581|0|||3|3|0|1|1|132|163|["132,162,5"]|13:56:31:516
62|1.1|636136519786156462|0|50196.5|14.45142013304|108.16302261839|800351|97311||50196.5|400||39987.5|400|50196.5|88807f|HVN267|0|2581|0|||3|3|0|1|1|132|163|["132,162,5"]|13:56:36:500
62|1.1|636136519836081454|0|50201.5|14.44110437261|108.16276512671|800359|96164||50201.5|400||39981.25|400|50201.5|88807f|HVN267|0|2581|0|||3|3|0|1|1|132|162|["132,162,5"]|13:56:41:500
62|1.1|636136519885996445|0|50206.5|14.43035945938|108.16244326211|800362|94970||50206.5|400||39975|400|50206.5|88807f|HVN267|0|2581|0|||3|3|0|1|1|132|162|["132,162,5"]|13:56:46:500
62|1.1|636136519935941439|0|50211.4765625|14.42048894498|108.16230378745|800382|93874||50211.4765625|400||39987.5|400|50211.4765625|88807f|HVN267|0|2581|0|||3|3|0|1|1|132|163|["132,162,5"]|13:56:51:477
62|1.1|636136519985836428|0|50216.4765625|14.41014099809|108.16209457546|800395|92724||50216.4765625|400||39993.75|400|50216.4765625|88807f|HVN267|0|2581|0|||3|3|0|1|1|132|163|["132,162,5"]|13:56:56:477
62|1.1|636136520035761420|0|50221.4609375|14.39999153437|108.16191754993|800411|91597||50221.4609375|400||39993.75|400|50221.4609375|88807f|HVN267|0|2581|0|||3|3|0|1|1|132|163|["132,162,5"]|13:57:01:461
62|1.1|636136520085686412|0|50226.4609375|14.38876918865|108.16169224471|800426|90350||50226.4609375|400||39993.75|400|50226.4609375|88807f|HVN267|0|2581|0|||3|3|0|1|1|132|163|["132,162,5"]|13:57:06:461
62|1.1|636136520135601403|0|50231.4609375|14.37781506343|108.16150449036|800444|89133||50231.4609375|400||39993.75|400|50231.4609375|88807f|HVN267|0|2581|0|||3|3|0|1|1|132|163|["132,162,5"]|13:57:11:461
62|1.1|636136520185526395|0|50236.4375|14.36704869256|108.16124163427|800453|87937||50236.4375|400||40000|400|50236.4375|88807f|HVN267|0|2581|0|||3|3|0|1|1|132|163|["132,162,5"]|13:57:16:438
62|1.1|636136520235461388|0|50241.4375|14.35657199983|108.16106460874|800470|86773||50241.4375|400||39993.75|400|50241.4375|88807f|HVN267|0|2581|0|||3|3|0|1|1|132|163|["132,162,5"]|13:57:21:438
62|1.1|636136520285366378|0|50246.421875|14.3462025953|108.16080175265|800478|85621||50246.421875|400||39993.75|400|50246.421875|88807f|HVN267|0|2581|0|||3|3|0|1|1|132|163|["132,162,5"]|13:57:26:422
62|1.1|636136520335291370|0|50251.421875|14.33596730102|108.16057108302|800489|84483||50251.421875|400||39993.75|400|50251.421875|88807f|HVN267|0|2581|0|||3|3|0|1|1|132|163|["132,162,5"]|13:57:31:422
62|1.1|636136520385216362|0|50256.421875|14.32556034562|108.16030822693|800497|83328||50256.421875|400||39993.75|400|50256.421875|88807f|HVN267|0|2581|0|||3|3|0|1|1|132|163|["132,162,5"]|13:57:36:422
62|1.1|636136520435131353|0|50261.3984375|14.31679489968|108.16014729463|800510|82353||50261.3984375|400||39993.75|400|50261.3984375|88807f|HVN267|0|2581|0|||3|3|0|1|1|132|163|["132,162,5"]|13:57:41:398
62|1.1|636136520485056345|0|50266.3984375|14.3072033346|108.15994344705|800521|81288||50266.3984375|400||40000|400|50266.3984375|88807f|HVN267|0|2581|0|||3|3|0|1|1|132|162|["132,162,5"]|13:57:46:398
62|1.1|636136520534971336|0|50271.375|14.29589515832|108.15966986214|800531|80031||50271.375|400||40000|400|50271.375|88807f|HVN267|0|2581|0|||3|3|0|1|1|132|163|["132,162,5"]|13:57:51:375
62|1.1|636136520584896328|0|50276.375|14.28535409267|108.15943919251|800542|78860||50276.375|400||40000|400|50276.375|88807f|HVN267|0|2581|0|||3|3|0|1|1|132|162|["132,162,5"]|13:57:56:375
62|1.1|636136520634821320|0|50281.375|14.27452334888|108.15914414996|800548|77656||50281.375|400||39987.5|400|50281.375|88807f|HVN267|0|2581|0|||3|3|0|1|1|132|162|["132,162,5"]|13:58:01:375
62|1.1|636136520684736311|0|50286.359375|14.26383744416|108.15889202269|800558|76470||50286.359375|400||39987.5|400|50286.359375|88807f|HVN267|0|2581|0|||3|3|0|1|1|132|162|["132,162,5"]|13:58:06:359
62|1.1|636136520734661303|0|50291.359375|14.25299060714|108.15859161573|800563|75264||50291.359375|400||39962.5|400|50291.359375|88807f|HVN267|0|2581|0|||3|3|0|1|1|132|162|["132,162,5"]|13:58:11:359
62|1.1|636136520784586295|0|50296.3359375|14.24365653374|108.15851651399|800587|74227||50296.3359375|400||39993.75|400|50296.3359375|88807f|HVN267|0|2581|0|||3|3|0|1|1|132|163|["132,162,5"]|13:58:16:336
62|1.1|636136520834501286|0|50301.3359375|14.23321202747|108.15827511554|800598|73067||50301.3359375|400||39993.75|400|50301.3359375|88807f|HVN267|0|2581|0|||3|3|0|1|1|132|163|["132,162,5"]|13:58:21:336
62|1.1|636136520884426278|0|50306.3359375|14.22291236027|108.15808199678|800612|71923||50306.3359375|400||39993.75|400|50306.3359375|88807f|HVN267|0|2581|0|||3|3|0|1|1|132|163|["132,162,5"]|13:58:26:336
62|1.1|636136520934351270|0|50311.3203125|14.21340662575|108.15786742038|800622|70867||50311.3203125|400.25||40012.5|400|50311.3203125|88807f|HVN267|0|2581|0|||3|3|0|1|1|132|163|["132,162,5"]|13:58:31:320
62|1.1|636136520984266261|0|50316.3203125|14.20306404327|108.15764747957|800634|69718||50316.3203125|400||40018.75|400|50316.3203125|88807f|HVN267|0|2581|0|||3|3|0|1|1|132|162|["132,162,5"]|13:58:36:320
62|1.1|636136521034191253|0|50321.296875|14.19223866389|108.15740071671|800645|68515||50321.296875|400||40000|400|50321.296875|88807f|HVN267|0|2581|0|||3|3|0|1|1|132|163|["132,162,5"]|13:58:41:297
62|1.1|636136521084126246|0|50326.296875|14.18164931855|108.15720223354|800660|67339||50326.296875|400||40000|400|50326.296875|88807f|HVN267|0|2581|0|||3|3|0|1|1|132|163|["132,162,5"]|13:58:46:297
62|1.1|636136521134031236|0|50331.296875|14.17221868577|108.15703057242|800674|66291||50331.296875|400||39993.75|400|50331.296875|88807f|HVN267|0|2581|0|||3|3|0|1|1|132|163|["132,162,5"]|13:58:51:297
62|1.1|636136521183966229|0|50336.28125|14.16155423869|108.15682672484|800689|65107||50336.28125|400||40000|400|50336.28125|88807f|HVN267|0|2581|0|||3|3|0|1|1|132|163|["132,162,5"]|13:58:56:281
62|1.1|636136521233881220|0|50341.28125|14.15271905542|108.15663360608|800699|64125||50341.28125|400||40000|400|50341.28125|88807f|HVN267|0|2581|0|||3|3|0|1|1|132|162|["132,162,5"]|13:59:01:281
62|1.1|636136521283796211|0|50346.2578125|14.14188831163|108.1563761144|800708|62921||50346.2578125|400||39987.5|400|50346.2578125|88807f|HVN267|0|2581|0|||3|3|0|1|1|132|162|["132,162,5"]|13:59:06:258
62|1.1|636136521333721203|0|50351.2578125|14.13129896629|108.15615617359|800721|61745||50351.2578125|400||39981.25|400|50351.2578125|88807f|HVN267|0|2581|0|||3|3|0|1|1|132|162|["132,162,5"]|13:59:11:258
62|1.1|636136521383646195|0|50356.2578125|14.12007662057|108.15588258868|800730|60498||50356.2578125|400||39956.25|400|50356.2578125|88807f|HVN267|0|2581|0|||3|3|0|1|1|132|162|["132,162,5"]|13:59:16:258
62|1.1|636136521433581188|0|50361.2421875|14.10924587678|108.1556787411|800745|59295||50361.2421875|400||39912.5|400|50361.2421875|88807f|HVN267|0|2581|0|||3|3|0|1|1|132|162|["132,162,5"]|13:59:21:242
62|1.1|636136521483486178|0|50366.2421875|14.09807181075|108.15541588501|800755|58053||50366.2421875|400||39850|400|50366.2421875|88807f|HVN267|0|2581|0|||3|3|0|1|1|132|162|["132,162,5"]|13:59:26:242
62|1.1|636136521533411170|0|50371.21875|14.08770240622|108.15546952911|800797|56902||50371.21875|400||39600|400|50371.21875|88807f|HVN267|0|2581|0|||3|3|0|1|1|132|162|["132,162,5"]|13:59:31:219
62|1.1|636136521583336162|0|50376.21875|14.0768555692|108.15539442737|800826|55698||50376.21875|400||39487.5|400|50376.21875|88807f|HVN267|0|2581|0|||3|3|0|1|1|132|162|["132,162,5"]|13:59:36:219
62|1.1|636136521633251153|0|50381.21875|14.06637351206|108.15540515619|800864|54534||50381.21875|400||39412.5|400|50381.21875|88807f|HVN267|0|2581|0|||3|3|0|1|1|132|162|["132,162,5"]|13:59:41:219
62|1.1|636136521683166144|0|50386.1953125|14.05583244641|108.15539442737|800899|53364||50386.1953125|400||39406.25|400|50386.1953125|88807f|HVN267|0|2581|0|||3|3|0|1|1|132|162|["132,162,5"]|13:59:46:195
62|1.1|636136521733091136|0|50391.1953125|14.04561860977|108.15546952911|800942|52230||50391.1953125|400||39400|400|50391.1953125|88807f|HVN267|0|2581|0|||3|3|0|1|1|132|162|["132,162,5"]|13:59:51:195
62|1.1|636136521783026129|0|50396.1796875|14.03599485823|108.15568946992|800999|51163||50396.1796875|400||39387.5|400|50396.1796875|88807f|HVN267|0|2581|0|||3|3|0|1|1|132|162|["132,162,5"]|13:59:56:180
62|1.1|636136521832941120|0|50401.1796875|14.02506219065|108.15546952911|801013|49948||50401.1796875|400||39418.75|400|50401.1796875|88807f|HVN267|0|2581|0|||3|3|0|1|1|132|162|["132,162,5"]|14:00:01:180
62|1.1|636136521882856111|0|50406.1796875|14.01450503177|108.15543197824|801045|48775||50406.1796875|400||39481.25|400|50406.1796875|88807f|HVN267|0|2581|0|||3|3|0|1|1|132|162|["132,162,5"]|14:00:06:180
62|1.1|636136521932781103|0|50411.15625|14.00401761022|108.15535151209|801073|47611||50411.15625|400||39525|400|50411.15625|88807f|HVN267|0|2581|0|||3|3|0|1|1|132|162|["132,162,5"]|14:00:11:156
62|1.1|636136521982696094|0|50416.15625|13.99419537551|108.15552853762|801126|46521||50416.15625|400||39550|400|50416.15625|88807f|HVN267|0|2581|0|||3|3|0|1|1|132|162|["132,162,5"]|14:00:16:156
62|1.1|636136522032471071|0|50421.140625|13.98374014042|108.15542124942|801150|45360||50421.140625|400||39581.25|400|50421.140625|88807f|HVN267|0|2581|0|||3|3|0|1|1|132|162|["132,162,5"]|14:00:21:141
62|1.1|636136522082386062|0|50426.140625|13.97377306664|108.15554999526|801198|44254||50426.140625|400||39612.5|400|50426.140625|88807f|HVN267|0|2581|0|||3|3|0|1|1|132|162|["132,162,5"]|14:00:26:141
62|1.1|636136522132341057|0|50431.140625|13.96314080602|108.15539442737|801217|43073||50431.140625|400||39650|400|50431.140625|88807f|HVN267|0|2581|0|||3|3|0|1|1|132|163|["132,162,5"]|14:00:31:141
62|1.1|636136522182256048|0|50436.1171875|13.95354924094|108.15561973259|801275|42009||50436.1171875|400||39668.75|400|50436.1171875|88807f|HVN267|0|2581|0|||3|3|0|1|1|132|163|["132,162,5"]|14:00:36:117
62|1.1|636136522232151037|0|50441.1171875|13.94304572616|108.15548025793|801296|40842||50441.1171875|400||39693.75|400|50441.1171875|88807f|HVN267|0|2581|0|||3|3|0|1|1|132|162|["132,162,5"]|14:00:41:117
62|1.1|636136522282086030|0|50446.1015625|13.93354535605|108.15576457166|801359|39788||50446.1015625|400||39700|400|50446.1015625|88807f|HVN267|0|2581|0|||3|3|0|1|1|132|162|["132,162,5"]|14:00:46:102
62|1.1|636136522332001021|0|50451.1015625|13.92314912947|108.155625097|801380|38634||50451.1015625|400||39718.75|400|50451.1015625|88807f|HVN267|0|2581|0|||3|3|0|1|1|132|162|["132,162,5"]|14:00:51:102
62|1.1|636136522381916012|0|50456.1015625|13.91213063133|108.15530859681|801384|37409||50456.1015625|400||39781.25|400|50456.1015625|88807f|HVN267|0|2581|0|||3|3|0|1|1|132|163|["132,162,5"]|14:00:56:102
62|1.1|636136522431841004|0|50461.078125|13.90205090494|108.15535151209|801423|36290||50461.078125|400||39806.25|400|50461.078125|88807f|HVN267|0|2581|0|||3|3|0|1|1|132|162|["132,162,5"]|14:01:01:078
62|1.1|636136522481765996|0|50466.078125|13.89152593252|108.15515839333|801438|35121||50466.078125|400.25||39806.25|400|50466.078125|88807f|HVN267|0|2581|0|||3|3|0|1|1|132|163|["132,162,5"]|14:01:06:078
62|1.1|636136522531680987|0|50471.0625|13.88251908813|108.15565728346|801523|34122||50471.0625|400||39768.75|400|50471.0625|88807f|HVN267|0|2581|0|||3|3|0|1|1|132|163|["132,162,5"]|14:01:11:063
62|1.1|636136522581615980|0|50476.0625|13.8722569718|108.15557681731|801549|32983||50476.0625|400||39756.25|400|50476.0625|88807f|HVN267|0|2581|0|||3|3|0|1|1|132|163|["132,162,5"]|14:01:16:063
62|1.1|636136522631530971|0|50481.0625|13.86221479628|108.15564655464|801591|31869||50481.0625|400||39756.25|400|50481.0625|88807f|HVN267|0|2581|0|||3|3|0|1|1|132|162|["132,162,5"]|14:01:21:063
62|1.1|636136522681445962|0|50486.0390625|13.85167373063|108.15544807147|801605|30697||50486.0390625|400||39762.5|400|50486.0390625|88807f|HVN267|0|2581|0|||3|3|0|1|1|132|162|["132,162,5"]|14:01:26:039
62|1.1|636136522731370954|0|50491.0390625|13.84256496245|108.1559469616|801691|29688||50491.0390625|400||39731.25|400|50491.0390625|88807f|HVN267|0|2581|0|||3|3|0|1|1|132|163|["132,162,5"]|14:01:31:039
62|1.1|636136522781285945|0|50496.015625|13.83199171034|108.15572702079|801703|28514||50496.015625|400||39737.5|400|50496.015625|88807f|HVN267|0|2581|0|||3|3|0|1|1|132|162|["132,162,5"]|14:01:36:016
62|1.1|636136522831230939|0|50501.015625|13.81462711517|108.15051817868|801197|26568||50501.015625|400||40031.25|400|50501.015625|88807f|HVN267|0|2581|0|||3|3|0|1|1|132|163|["132,162,5"]|14:01:41:016
62|1.1|636136522881135929|0|50506.015625|13.80266448087|108.1497778901|801158|25238||50506.015625|400||40062.5|400.25|50506.015625|88807f|HVN267|0|2581|0|||3|3|0|1|1|132|163|["132,162,5"]|14:01:46:016
62|1.1|636136522931080923|0|50511|13.79143677074|108.14919316941|801132|23989||50511|400||40062.5|400.25|50511|88807f|HVN267|0|2581|0|||3|3|0|1|1|132|163|["132,162,5"]|14:01:51:000
62|1.1|636136522980995914|0|50516|13.78031634881|108.14860308431|801107|22752||50516|400||40043.75|400|50516|88807f|HVN267|0|2581|0|||3|3|0|1|1|132|162|["132,162,5"]|14:01:56:000
62|1.1|636136523030890903|0|50520.9765625|13.76929785067|108.14817929592|801098|21528||50520.9765625|400||40031.25|400|50520.9765625|88807f|HVN267|0|2581|0|||3|3|0|1|1|132|162|["132,162,5"]|14:02:00:977
62|1.1|636136523080815895|0|50525.9765625|13.75848856452|108.14795935511|801111|20327||50525.9765625|400||40000|400|50525.9765625|88807f|HVN267|0|2581|0|||3|3|0|1|1|132|162|["132,162,5"]|14:02:05:977
62|1.1|636136523130740887|0|50530.9765625|13.74770073601|108.14769113461|801118|19129||50530.9765625|400||39987.5|400|50530.9765625|88807f|HVN267|0|2581|0|||3|3|0|1|1|132|162|["132,162,5"]|14:02:10:977
62|1.1|636136523180655878|0|50535.9609375|13.7365373988|108.14754093113|801140|17888||50535.9609375|400||39993.75|400|50535.9609375|88807f|HVN267|0|2581|0|||3|3|0|1|1|132|163|["132,162,5"]|14:02:15:961
62|1.1|636136523230580870|0|50540.9609375|13.72749300354|108.14722443094|801137|16883||50540.9609375|400||39981.25|400|50540.9609375|88807f|HVN267|0|2581|0|||3|3|0|1|1|132|162|["132,162,5"]|14:02:20:961
62|1.1|636136523280505862|0|50545.9375|13.71774587057|108.14714396479|801161|15801||50545.9375|400||39981.25|400|50545.9375|88807f|HVN267|0|2581|0|||3|3|0|1|1|132|162|["132,162,5"]|14:02:25:938
62|1.1|636136523330430854|0|50550.9375|13.70613192292|108.14685428665|801169|14511||50550.9375|400||39987.5|400|50550.9375|88807f|HVN267|0|2581|0|||3|3|0|1|1|132|163|["132,162,5"]|14:02:30:938
62|1.1|636136523380345845|0|50555.9375|13.69604683212|108.14665043907|801182|13390||50555.9375|400.25||40012.5|400|50555.9375|88807f|HVN267|0|2581|0|||3|3|0|1|1|132|163|["132,162,5"]|14:02:35:938
62|1.1|636136523430270837|0|50560.921875|13.68550040206|108.14647341354|801198|12219||50560.921875|400||40000|400|50560.921875|88807f|HVN267|0|2581|0|||3|3|0|1|1|132|163|["132,162,5"]|14:02:40:922
62|1.1|636136523480195829|0|50565.921875|13.67483595498|108.14621592186|801206|11034||50565.921875|400||40000|400|50565.921875|88807f|HVN267|0|2581|0|||3|3|0|1|1|132|162|["132,162,5"]|14:02:45:922
62|1.1|636136523530110820|0|50570.8984375|13.66391401622|108.14592087931|801211|9821||50570.8984375|400||39993.75|400|50570.8984375|88807f|HVN267|0|2581|0|||3|3|0|1|1|132|162|["132,162,5"]|14:02:50:898
62|1.1|636136523580035812|0|50575.8984375|13.65359825579|108.14584577757|801238|8675||50575.8984375|400||39987.5|400|50575.8984375|88807f|HVN267|0|2581|0|||3|3|0|1|1|132|163|["132,162,5"]|14:02:55:898
62|1.1|636136523629960804|0|50580.8984375|13.64275678318|108.14558292148|801247|7470||50580.8984375|400||39981.25|400|50580.8984375|88807f|HVN267|0|2581|0|||3|3|0|1|1|132|162|["132,162,5"]|14:03:00:898
62|1.1|636136523679875795|0|50585.875|13.63116429317|108.14535225185|801261|6183||50585.875|400||39993.75|400|50585.875|88807f|HVN267|0|2581|0|||3|3|0|1|1|132|162|["132,162,5"]|14:03:05:875
62|1.1|636136523729810788|0|50590.875|13.62019407472|108.14513231104|801274|4964||50590.875|400||39987.5|400|50590.875|88807f|HVN267|0|2581|0|||3|3|0|1|1|132|162|["132,162,5"]|14:03:10:875
62|1.1|636136523779725779|0|50595.859375|13.60938478857|108.14490164141|801286|3763||50595.859375|400||39975|400|50595.859375|88807f|HVN267|0|2581|0|||3|3|0|1|1|132|162|["132,162,5"]|14:03:15:859
62|1.1|636136523829650771|0|50600.859375|13.60015800337|108.14474607352|801300|2738||50600.859375|400||40000|400|50600.859375|88807f|HVN267|0|2581|0|||3|3|0|1|1|132|163|["132,162,5"]|14:03:20:859
62|1.1|636136523879565762|0|50605.859375|13.5893916325|108.1445207683|801312|1542||50605.859375|400||39993.75|400|50605.859375|88807f|HVN267|0|2581|0|||3|3|0|1|1|132|162|["132,162,5"]|14:03:25:859
62|1.1|636136523929500755|0|50610.8359375|13.57944065195|108.14437592923|801330|437||50610.8359375|400||39993.75|400|50610.8359375|88807f|HVN267|0|2581|0|||3|3|0|1|1|132|162|["132,162,5"]|14:03:30:836
62|1.1|636136523976295434|0|50615.515625|13.56977398513|108.14418281047|801342|-637||50615.515625|400.25||39993.75|400|50615.515625|88807f|HVN267|0|2581|0|||3|3|0|1|1|132|162|["132,162,5"]|14:03:35:516
62|1.1|636136524026220426|0|50620.515625|13.55936702973|108.14394677643|801351|-1793||50620.515625|400||39981.25|399.75|50620.515625|88807f|HVN267|0|2581|0|||3|3|0|1|1|132|162|["132,162,5"]|14:03:40:516
62|1.1|636136524076135417|0|50625.5|13.54864357414|108.14372147121|801363|-2984||50625.5|400||39968.75|400|50625.5|88807f|HVN267|0|2581|0|||3|3|0|1|1|132|162|["132,162,5"]|14:03:45:500
62|1.1|636136524126060409|0|50630.5|13.53734612668|108.14345861512|801373|-4239||50630.5|400.25||40018.75|400|50630.5|88807f|HVN267|0|2581|0|||3|3|0|1|1|132|163|["132,162,5"]|14:03:50:500
62|1.1|636136524175985401|0|50635.5|13.52756680725|108.14327086077|801385|-5326||50635.5|400||40012.5|400|50635.5|88807f|HVN267|0|2581|0|||3|3|0|1|1|132|163|["132,162,5"]|14:03:55:500
62|1.1|636136524225910393|0|50640.4765625|13.51737442825|108.14302946232|801394|-6458||50640.4765625|400||40006.25|400|50640.4765625|88807f|HVN267|0|2581|0|||3|3|0|1|1|132|163|["132,162,5"]|14:04:00:477
62|1.1|636136524275825384|0|50645.4765625|13.50700502372|108.14279879269|801403|-7610||50645.4765625|400||40006.25|400|50645.4765625|88807f|HVN267|0|2581|0|||3|3|0|1|1|132|162|["132,162,5"]|14:04:05:477
62|1.1|636136524325750376|0|50650.4609375|13.49667853447|108.14255202983|801411|-8757||50650.4609375|400||40000|400|50650.4609375|88807f|HVN267|0|2581|0|||3|3|0|1|1|132|162|["132,162,5"]|14:04:10:461
62|1.1|636136524375665367|0|50655.4609375|13.48627694348|108.14235354666|801425|-9913||50655.4609375|400||40000|400|50655.4609375|88807f|HVN267|0|2581|0|||3|3|0|1|1|132|162|["132,162,5"]|14:04:15:461
62|1.1|636136524425590359|0|50660.4609375|13.47569832696|108.14214433467|801438|-11088||50660.4609375|400||39993.75|400|50660.4609375|88807f|HVN267|0|2581|0|||3|3|0|1|1|132|162|["132,162,5"]|14:04:20:461
62|1.1|636136524475525352|0|50665.4375|13.46528064274|108.14195121591|801452|-12245||50665.4375|400||40000|400|50665.4375|88807f|HVN267|0|2581|0|||3|3|0|1|1|132|162|["132,162,5"]|14:04:25:438
62|1.1|636136524525440343|0|50670.4375|13.45472348386|108.14172054628|801462|-13418||50670.4375|400||39993.75|400|50670.4375|88807f|HVN267|0|2581|0|||3|3|0|1|1|132|162|["132,162,5"]|14:04:30:438
62|1.1|636136524575365335|0|50675.421875|13.44432725728|108.14144696137|801468|-14573||50675.421875|400||40006.25|400|50675.421875|88807f|HVN267|0|2581|0|||3|3|0|1|1|132|162|["132,162,5"]|14:04:35:422
62|1.1|636136524625280326|0|50680.421875|13.43376473399|108.14122702056|801479|-15746||50680.421875|400||40006.25|400|50680.421875|88807f|HVN267|0|2581|0|||3|3|0|1|1|132|162|["132,162,5"]|14:04:40:422
62|1.1|636136524675195317|0|50685.421875|13.42323976157|108.14100707975|801491|-16915||50685.421875|399.75||40000|400|50685.421875|88807f|HVN267|0|2581|0|||3|3|0|1|1|132|162|["132,162,5"]|14:04:45:422
62|1.1|636136524725120309|0|50690.3984375|13.41266114505|108.14078177453|801502|-18091||50690.3984375|400||39993.75|400|50690.3984375|88807f|HVN267|0|2581|0|||3|3|0|1|1|132|162|["132,162,5"]|14:04:50:398
62|1.1|636136524775045301|0|50695.3984375|13.40210398617|108.14059938459|801517|-19264||50695.3984375|400||39956.25|400|50695.3984375|88807f|HVN267|0|2581|0|||3|3|0|1|1|132|162|["132,162,5"]|14:04:55:398
62|1.1|636136524824960292|0|50700.375|13.39145563232|108.14042235906|801534|-20446||50700.375|400||39881.25|400|50700.375|88807f|HVN267|0|2581|0|||3|3|0|1|1|132|162|["132,162,5"]|14:05:00:375
62|1.1|636136524874885284|0|50705.375|13.38148855854|108.14015950297|801539|-21554||50705.375|400||40000|400|50705.375|88807f|HVN267|0|2581|0|||3|3|0|1|1|132|163|["132,162,5"]|14:05:05:375
62|1.1|636136524924810276|0|50710.375|13.37115670488|108.13992883334|801549|-22702||50710.375|400||40006.25|400|50710.375|88807f|HVN267|0|2581|0|||3|3|0|1|1|132|162|["132,162,5"]|14:05:10:375
62|1.1|636136524974725267|0|50715.359375|13.36078193594|108.13970889253|801560|-23854||50715.359375|400||40006.25|400|50715.359375|88807f|HVN267|0|2581|0|||3|3|0|1|1|132|162|["132,162,5"]|14:05:15:359
62|1.1|636136525024660260|0|50720.359375|13.35031060762|108.13951040936|801573|-25017||50720.359375|400||40006.25|400|50720.359375|88807f|HVN267|0|2581|0|||3|3|0|1|1|132|162|["132,162,5"]|14:05:20:359
62|1.1|636136525074575251|0|50725.3359375|13.33974808433|108.13930119737|801586|-26190||50725.3359375|400||39987.5|400|50725.3359375|88807f|HVN267|0|2581|0|||3|3|0|1|1|132|162|["132,162,5"]|14:05:25:336
62|1.1|636136525124490242|0|50730.3359375|13.32927675601|108.13908125656|801597|-27354||50730.3359375|400||39987.5|400|50730.3359375|88807f|HVN267|0|2581|0|||3|3|0|1|1|132|162|["132,162,5"]|14:05:30:336
62|1.1|636136525174415234|0|50735.3359375|13.3187035039|108.13895251072|801618|-28528||50735.3359375|400||39918.75|400|50735.3359375|88807f|HVN267|0|2581|0|||3|3|0|1|1|132|162|["132,162,5"]|14:05:35:336
62|1.1|636136525224340226|0|50740.3203125|13.30801223477|108.13897396836|801656|-29715||50740.3203125|400||39693.75|400|50740.3203125|88807f|HVN267|0|2581|0|||3|3|0|1|1|132|162|["132,162,5"]|14:05:40:320
62|1.1|636136525274265218|0|50745.3203125|13.29742288943|108.13907589215|801703|-30890||50745.3203125|399.75||39493.75|399.75|50745.3203125|88807f|HVN267|0|2581|0|||3|3|0|1|1|132|162|["132,162,5"]|14:05:45:320
62|1.1|636136525324180209|0|50750.296875|13.28670479825|108.13905443451|801737|-32080||50750.296875|400||39393.75|400|50750.296875|88807f|HVN267|0|2581|0|||3|3|0|1|1|132|162|["132,162,5"]|14:05:50:297
62|1.1|636136525374105201|0|50755.296875|13.27603498676|108.13911880743|801779|-33264||50755.296875|400||39356.25|400|50755.296875|88807f|HVN267|0|2581|0|||3|3|0|1|1|132|162|["132,162,5"]|14:05:55:297
62|1.1|636136525424020192|0|50760.296875|13.2653276244|108.13915099389|801819|-34453||50760.296875|400||39356.25|400|50760.296875|88807f|HVN267|0|2581|0|||3|3|0|1|1|132|162|["132,162,5"]|14:06:00:297
62|1.1|636136525473945184|0|50765.28125|13.25478655875|108.13927973973|801868|-35623||50765.28125|400||39368.75|400|50765.28125|88807f|HVN267|0|2581|0|||3|3|0|1|1|132|162|["132,162,5"]|14:06:05:281
62|1.1|636136525523870176|0|50770.28125|13.24421330664|108.13917781594|801892|-36797||50770.28125|400||39312.5|400|50770.28125|88807f|HVN267|0|2581|0|||3|3|0|1|1|132|162|["132,162,5"]|14:06:10:281
62|1.1|636136525573785167|0|50775.2578125|13.2336776054|108.13907589215|801916|-37967||50775.2578125|400||39250|400|50775.2578125|88807f|HVN267|0|2581|0|||3|3|0|1|1|132|162|[]|14:06:15:258
62|1.1|636136525623710159|0|50780.2578125|13.22309898888|108.13895787513|801939|-39142||50780.2578125|400||39193.75|400|50780.2578125|88807f|HVN267|0|2581|0|||3|3|0|1|1|132|162|[]|14:06:20:258
62|1.1|636136525673625150|0|50785.2578125|13.21251500795|108.13885595134|801963|-40317||50785.2578125|400||39131.25|400|50785.2578125|88807f|HVN267|0|2581|0|||3|3|0|1|1|132|162|[]|14:06:25:258
62|1.1|636136526063634147|0|50823.8359375|13.13922107412|108.14503038725|802879|-48434||50823.8359375|400||39812.5|400|50823.8359375|88807f|HVN267|0|2691|0|||3|3|0|1|1|132|162|["132,162,5"]|14:07:03:836
62|1.1|636136526073015085|0|50825.1796875|13.13648522502|108.14507866694|802893|-48738||50825.1796875|400||39812.5|400|50825.1796875|88807f|HVN267|0|2691|0|||3|3|0|1|1|132|162|["132,162,5"]|14:07:05:180
62|1.1|636136526122940077|0|50830.1796875|13.12133613118|108.14170445305|802577|-50431||50830.1796875|400||39793.75|400|50830.1796875|88807f|HVN267|0|2691|0|||3|3|0|1|1|132|162|["132,162,5"]|14:07:10:180
62|1.1|636136526172845067|0|50835.1796875|13.11504904266|108.14479971762|802934|-51119||50835.1796875|400||39812.5|400|50835.1796875|88807f|HVN267|0|2691|0|||3|3|0|1|1|132|162|["132,162,5"]|14:07:15:180
62|1.1|636136526222770059|0|50840.15625|13.09297449551|108.13380267712|801811|-53605||50840.15625|400||40006.25|400.25|50840.15625|88807f|HVN267|0|2691|0|||3|3|0|1|1|132|163|["132,162,5"]|14:07:20:156
62|1.1|636136526272695051|0|50845.15625|13.08144637842|108.13260104928|801718|-54889||50845.15625|400||40025|400.25|50845.15625|88807f|HVN267|0|2691|0|||3|3|0|1|1|132|163|["132,162,5"]|14:07:25:156
62|1.1|636136526322620043|0|50850.140625|13.0712969147|108.13139405703|801620|-56020||50850.140625|400||40062.5|400.25|50850.140625|88807f|HVN267|0|2691|0|||3|3|0|1|1|132|162|["132,162,5"]|14:07:30:141
62|1.1|636136526372535034|0|50855.140625|13.05965078059|108.13036945472|801547|-57316||50855.140625|400||40100|400.25|50855.140625|88807f|HVN267|0|2691|0|||3|3|0|1|1|132|162|["132,162,5"]|14:07:35:141
62|1.1|636136526422460026|0|50860.140625|13.04802073971|108.12997248838|801543|-58609||50860.140625|400||40131.25|400.25|50860.140625|88807f|HVN267|0|2691|0|||3|3|0|1|1|132|162|["132,162,5"]|14:07:40:141
62|1.1|636136526472385018|0|50865.1171875|13.03660527523|108.12907663191|801483|-59879||50865.1171875|400||40175|400.25|50865.1171875|88807f|HVN267|0|2691|0|||3|3|0|1|1|132|162|["132,162,5"]|14:07:45:117
62|1.1|636136526522300009|0|50870.1171875|13.02577989585|108.13130822647|801762|-61074||50870.1171875|400||40068.75|400|50870.1171875|88807f|HVN267|0|2691|0|||3|3|0|1|1|132|162|["132,162,5"]|14:07:50:117
62|1.1|636136526572225001|0|50875.1015625|13.01667649208|108.13385095681|802069|-62076||50875.1015625|400||39993.75|400|50875.1015625|88807f|HVN267|0|2691|0|||3|3|0|1|1|132|162|["132,162,5"]|14:07:55:102
62|1.1|636136526622139992|0|50880.1015625|13.00937553007|108.13723589952|802462|-62876||50880.1015625|400||39943.75|400|50880.1015625|88807f|HVN267|0|2691|0|||3|3|0|1|1|132|162|["132,162,5"]|14:08:00:102
62|1.1|636136526672064984|0|50885.1015625|13.00068518587|108.13890959544|802673|-63835||50885.1015625|400||39875|400|50885.1015625|88807f|HVN267|0|2691|0|||3|3|0|1|1|132|162|["132,162,5"]|14:08:05:102
62|1.1|636136526721989976|0|50890.078125|12.99416206331|108.14209605498|803041|-64549||50890.078125|400||39837.5|400|50890.078125|88807f|HVN267|0|2691|0|||3|3|0|1|1|132|162|["132,162,5"]|14:08:10:078
62|1.1|636136526771904967|0|50895.078125|12.97750557026|108.13637759392|802474|-66417||50895.078125|400||39643.75|400|50895.078125|88807f|HVN267|0|2691|0|||3|3|0|1|1|132|162|["132,162,5"]|14:08:15:078
62|1.1|636136526821829959|0|50900.0625|12.96876694637|108.13770260319|802647|-67382||50900.0625|400||39625|400|50900.0625|88807f|HVN267|0|2691|0|||3|3|0|1|1|132|162|["132,162,5"]|14:08:20:063
62|1.1|636136526871744950|0|50905.0625|12.95776990587|108.13735928095|802646|-68604||50905.0625|400||39600|400|50905.0625|88807f|HVN267|0|2691|0|||3|3|0|1|1|132|162|["132,162,5"]|14:08:25:063
62|1.1|636136526921669942|0|50910.0625|12.94775991681|108.1377079676|802717|-69715||50910.0625|400||39612.5|400|50910.0625|88807f|HVN267|0|2691|0|||3|3|0|1|1|132|162|["132,162,5"]|14:08:30:063
62|1.1|636136526971594934|0|50915.0390625|12.93612451152|108.13689794169|802667|-71009||50915.0390625|400||39643.75|400|50915.0390625|88807f|HVN267|0|2691|0|||3|3|0|1|1|132|162|["132,162,5"]|14:08:35:039
62|1.1|636136527021519926|0|50920.0390625|12.92546542885|108.13680138231|802692|-72193||50920.0390625|400||39612.5|400|50920.0390625|88807f|HVN267|0|2691|0|||3|3|0|1|1|132|162|["132,162,5"]|14:08:40:039
62|1.1|636136527071434917|0|50925.015625|12.91481171059|108.13669945852|802716|-73376||50925.015625|400||39587.5|400|50925.015625|88807f|HVN267|0|2691|0|||3|3|0|1|1|132|162|[]|14:08:45:016
62|1.1|636136527121359909|0|50930.015625|12.90409361941|108.13660289914|802741|-74566||50930.015625|400||39562.5|400|50930.015625|88807f|HVN267|0|2691|0|||3|3|0|1|1|132|162|[]|14:08:50:016
62|1.1|636136527171284901|0|50935.015625|12.89339162146|108.13651706858|802766|-75755||50935.015625|400||39531.25|400|50935.015625|88807f|HVN267|0|2691|0|||3|3|0|1|1|132|162|[]|14:08:55:016
62|1.1|636136527520729842|0|50969.3203125|12.82693194597|108.13932801942|803292|-83124||50969.3203125|392.75||39068.75|392.75|50969.3203125|88807f|HVN267|0|2963|-906.25|||3|3|2|1|1|132|162|["132,162,5"]|14:09:29:320
62|1.1|636136527520739843|0|50969.9609375|12.82606291155|108.13966061284|803331|-83219||50969.9609375|392.75||39056.25|392.75|50969.9609375|88807f|HVN267|0|2963|-906.25|||3|3|2|1|1|132|162|["132,162,5"]|14:09:29:961
62|1.1|636136527570654834|0|50974.9375|12.81928229731|108.14227308051|803638|-83964||50974.9375|392.75||38981.25|392.5|50974.9375|88807f|HVN267|0|2963|-906.25|||3|3|2|1|1|132|162|["132,162,5"]|14:09:34:938
62|1.1|636136527620579826|0|50979.9375|12.81247486102|108.144896277|803946|-84711||50979.9375|392.75||38900|392.5|50979.9375|88807f|HVN267|0|2963|-906.25|||3|3|2|1|1|132|162|["132,162,5"]|14:09:39:938
62|1.1|636136527670504818|0|50984.9375|12.80566206032|108.14751947349|804254|-85459||50984.9375|392.75||38825|392.5|50984.9375|88807f|HVN267|0|2963|-906.25|||3|3|2|1|1|132|162|[]|14:09:44:938
62|1.1|636136527720429810|0|50989.921875|12.78198891899|108.1372251707|803219|-88120||50989.921875|389.25||5568.75|389.25|50989.921875|88807f|HVN267|0|2963|-1006.25|||3|3|3|1|1|132|162|["132,162,5"]|14:09:49:922
62|1.1|636136527770334800|0|50994.921875|12.77083094619|108.13650097535|803168|-89362||50994.921875|388.5||38725|388|50994.921875|88807f|HVN267|0|2963|-1025|||3|3|2|1|1|132|162|["132,162,5"]|14:09:54:922
62|1.1|636136527820279794|0|50999.8984375|12.76111063527|108.13645269566|803195|-90441||50999.8984375|388.5||38743.75|387.5|50999.8984375|88807f|HVN267|0|2963|-1025|||3|3|2|1|1|132|162|["132,162,5"]|14:09:59:898
62|1.1|636136527870194785|0|51004.8984375|12.75094507832|108.13640978038|803224|-91570||51004.8984375|388.5||38768.75|386.75|51004.8984375|88807f|HVN267|0|2963|-1025|||3|3|2|1|1|132|162|[]|14:10:04:898
62|1.1|636136527920109776|0|51009.8984375|12.74064541112|108.13637759392|803254|-92713||51009.8984375|388.5||38793.75|385.75|51009.8984375|88807f|HVN267|0|2963|-1025|||3|3|2|1|1|132|162|[]|14:10:09:898
62|1.1|636136527970024767|0|51014.875|12.73038329479|108.13633467864|803283|-93853||51014.875|388.5||38812.5|385|51014.875|88807f|HVN267|0|2963|-1025|||3|3|2|1|1|132|162|[]|14:10:14:875
