62|1.1|636136510304308372|0|49248.3359375|17.47088022533|107.45995767938|714254|430232||49248.3359375|250.75||24087.5|244.5|49248.3359375|8880a3|HVN1545|0|2274|-2418.75|||3|3|2|1|1|132|162|[]|13:40:48:336
62|1.1|636136510354253366|0|49253.3359375|17.46588059521|107.46414728359|714718|429691||49253.3359375|243.25||24068.75|242.25|49253.3359375|8880a3|HVN1545|0|2274|-2481.25|||3|3|2|1|1|132|163|["132,162,5"]|13:40:53:336
62|1.1|636136510404148355|0|49258.3203125|17.45913753184|107.46732301431|715080|428953||49258.3203125|240.5||23856.25|240.25|49258.3203125|8880a3|HVN1545|0|2274|-2462.5|||3|3|2|1|1|132|162|["132,162,5"]|13:40:58:320
62|1.1|636136510454073347|0|49263.3203125|17.45040427236|107.4724138394|715654|427999||49263.3203125|240.5||23643.75|238.25|49263.3203125|8880a3|HVN1545|0|2274|-2462.5|||3|3|2|1|1|132|162|["132,162,5"]|13:41:03:320
62|1.1|636136510503998339|0|49268.296875|17.44173002139|107.47746174921|716223|427053||49268.296875|240.5||23431.25|236.25|49268.296875|8880a3|HVN1545|0|2274|-2462.5|||3|3|2|1|1|132|162|["132,162,5"]|13:41:08:297
62|1.1|636136510553913330|0|49273.296875|17.43305040601|107.48252575225|716793|426105||49273.296875|240.5||23218.75|234.25|49273.296875|8880a3|HVN1545|0|2274|-2462.5|||3|3|2|1|1|132|162|[]|13:41:13:297
62|1.1|636136510603848323|0|49278.296875|17.42436006181|107.48757902647|717363|425157||49278.296875|240.5||23000|232.25|49278.296875|8880a3|HVN1545|0|2274|-2462.5|||3|3|2|1|1|132|162|[]|13:41:18:297
62|1.1|636136510653753313|0|49283.28125|17.42025092375|107.49135557111|717780|424713||49283.28125|233||22931.25|231|49283.28125|8880a3|HVN1545|0|2274|-2306.25|||3|3|2|1|1|132|162|["132,162,5"]|13:41:23:281
62|1.1|636136510703688306|0|49288.28125|17.4121774867|107.49643030297|718349|423833||49288.28125|233||22737.5|229|49288.28125|8880a3|HVN1545|0|2274|-2306.25|||3|3|2|1|1|132|162|["132,162,5"]|13:41:28:281
62|1.1|636136510753603297|0|49293.2578125|17.40426498195|107.50139238222|718906|422971||49293.2578125|233||22556.25|227.25|49293.2578125|8880a3|HVN1545|0|2274|-2306.25|||3|3|2|1|1|132|162|[]|13:41:33:258
62|1.1|636136510803538290|0|49298.2578125|17.39637929925|107.50634373265|719462|422112||49298.2578125|233||22368.75|225.25|49298.2578125|8880a3|HVN1545|0|2274|-2306.25|||3|3|2|1|1|132|162|[]|13:41:38:258
