62|1.1|636136516837641640|0|49901.1953125|12.49906457118|107.63501447091|749362|-121081||49901.1953125|326||32475|326|49901.1953125|88811c|VJC290|0|2784|312.5|||3|3|1|1|1|132|162|["132,162,5"]|13:51:41:195
62|1.1|636136516837641640|0|49901.65625|12.50001407175|107.63528805582|749389|-120975||49901.65625|326||32475|326|49901.65625|88811c|VJC290|0|2784|312.5|||3|3|1|1|1|132|162|["132,162,5"]|13:51:41:656
62|1.1|636136516887566632|0|49906.65625|12.51357530023|107.63993899929|749855|-119456||49906.65625|326.25||32481.25|326|49906.65625|88811c|VJC290|0|2784|312.5|||3|3|1|1|1|132|162|["132,162,5"]|13:51:46:656
62|1.1|636136516937481623|0|49911.65625|12.52744766449|107.64548043482|750417|-117900||49911.65625|326.25||32475|326|49911.65625|88811c|VJC290|0|2784|312.5|||3|3|1|1|1|132|162|["132,162,5"]|13:51:51:656
62|1.1|636136516987406615|0|49916.640625|12.53883094251|107.64875272492|750739|-116627||49916.640625|326.5||32487.5|326.5|49916.640625|88811c|VJC290|0|2784|312.5|||3|3|1|1|1|132|162|["132,162,5"]|13:51:56:641
62|1.1|636136517037331607|0|49921.640625|12.54869072809|107.6504586073|750895|-115528||49921.640625|326.75||32506.25|326.75|49921.640625|88811c|VJC290|0|2784|312.5|||3|3|1|1|1|132|162|["132,162,5"]|13:52:01:641
62|1.1|636136517087256599|0|49926.6171875|12.5593176243|107.65310862584|751152|-114340||49926.6171875|327||32531.25|327|49926.6171875|88811c|VJC290|0|2784|312.5|||3|3|1|1|1|132|162|["132,162,5"]|13:52:06:617
62|1.1|636136517137201593|0|49931.6171875|12.57013227486|107.6559303055|751426|-113132||49931.6171875|327||32543.75|327|49931.6171875|88811c|VJC290|0|2784|312.5|||3|3|1|1|1|132|162|["132,162,5"]|13:52:11:617
62|1.1|636136517187096582|0|49936.6171875|12.58118832387|107.65892364628|751719|-111896||49936.6171875|327||32556.25|327|49936.6171875|88811c|VJC290|0|2784|312.5|||3|3|1|1|1|132|162|["132,162,5"]|13:52:16:617
62|1.1|636136517237021574|0|49941.6015625|12.59045265994|107.66020037586|751830|-110864||49941.6015625|327.5||32587.5|327.5|49941.6015625|88811c|VJC290|0|2784|312.5|||3|3|1|1|1|132|162|["132,162,5"]|13:52:21:602
62|1.1|636136517286936565|0|49946.6015625|12.60135314106|107.66300596229|752103|-109646||49946.6015625|327.5||32600|327.75|49946.6015625|88811c|VJC290|0|2784|312.5|||3|3|1|1|1|132|162|["132,162,5"]|13:52:26:602
62|1.1|636136517336861557|0|49951.578125|12.61346061443|107.66727603265|752531|-108289||49951.578125|327.75||32631.25|328|49951.578125|88811c|VJC290|0|2784|312.5|||3|3|1|1|1|132|162|["132,162,5"]|13:52:31:578
62|1.1|636136517386786549|0|49956.578125|12.62443619729|107.67022645815|752819|-107062||49956.578125|327.75||32656.25|328|49956.578125|88811c|VJC290|0|2784|312.5|||3|3|1|1|1|132|162|["132,162,5"]|13:52:36:578
62|1.1|636136517436721542|0|49961.578125|12.63543323779|107.67318224806|753108|-105833||49961.578125|327.75||32675|328|49961.578125|88811c|VJC290|0|2784|312.5|||3|3|1|1|1|132|162|[]|13:52:41:578
62|1.1|636136517486626532|0|49966.5625|12.6463819986|107.67612730915|753395|-104609||49966.5625|327.75||32693.75|328|49966.5625|88811c|VJC290|0|2784|312.5|||3|3|1|1|1|132|162|[]|13:52:46:563
62|1.1|636136518541221981|0|50071.640625|12.88000741851|107.73314025863|758884|-78508||50071.640625|344.75||34300|344.75|50071.640625|88811c|VJC290|0|2829|868.75|||3|3|1|1|1|132|162|["132,162,5"]|13:54:31:641
62|1.1|636136518584906349|0|50076.375|12.89217390039|107.7368256083|759247|-77147||50076.375|344.75||34462.5|345.5|50076.375|88811c|VJC290|0|2829|868.75|||3|3|1|1|1|132|162|["132,162,5"]|13:54:36:375
62|1.1|636136518634831341|0|50081.375|12.90551518806|107.73996378815|759547|-75657||50081.375|345.25||34575|346.25|50081.375|88811c|VJC290|0|2829|825|||3|3|1|1|1|132|162|["132,162,5"]|13:54:41:375
62|1.1|636136518684756333|0|50086.375|12.91832003473|107.74352575639|759895|-74225||50086.375|345.25||34725|346.75|50086.375|88811c|VJC290|0|2829|825|||3|3|1|1|1|132|162|["132,162,5"]|13:54:46:375
62|1.1|636136518734671324|0|50091.359375|12.9310712373|107.7470716314|760241|-72799||50091.359375|345.25||34875|347.25|50091.359375|88811c|VJC290|0|2829|825|||3|3|1|1|1|132|162|[]|13:54:51:359
62|1.1|636136518784596316|0|50096.359375|12.94385999074|107.75062287082|760588|-71369||50096.359375|345.25||35037.5|348.25|50096.359375|88811c|VJC290|0|2829|825|||3|3|1|1|1|132|162|[]|13:54:56:359
62|1.1|636136518834511307|0|50101.3359375|12.94888644291|107.74157847556|759588|-70839||50101.3359375|348.5||34937.5|349|50101.3359375|88811c|VJC290|0|2829|925|||3|3|1|1|1|132|162|["132,162,5"]|13:55:01:336
62|1.1|636136518884436299|0|50106.3359375|12.95593527765|107.73812915993|759190|-70067||50106.3359375|349.25||34893.75|350.25|50106.3359375|88811c|VJC290|0|2829|943.75|||3|3|1|1|1|132|162|["132,162,5"]|13:55:06:336
62|1.1|636136518934371292|0|50111.3359375|12.96746875915|107.73962583032|759317|-68782||50111.3359375|349.25||34937.5|350.75|50111.3359375|88811c|VJC290|0|2829|943.75|||3|3|1|1|1|132|162|["132,162,5"]|13:55:11:336
62|1.1|636136518984276282|0|50116.3203125|12.97320867785|107.73524310735|758822|-68159||50116.3203125|349.75||34987.5|349.75|50116.3203125|88811c|VJC290|0|2829|0|||3|3|0|1|1|132|162|["132,162,5"]|13:55:16:320
62|1.1|636136519034201274|0|50121.3203125|12.98419498953|107.73614432823|758886|-66936||50121.3203125|349.75||35062.5|349.75|50121.3203125|88811c|VJC290|0|2829|0|||3|3|0|1|1|132|162|["132,162,5"]|13:55:21:320
62|1.1|636136519084136267|0|50126.296875|12.99500427568|107.7370401847|758949|-65734||50126.296875|349.75||35137.5|349.75|50126.296875|88811c|VJC290|0|2829|0|||3|3|0|1|1|132|162|[]|13:55:26:297
62|1.1|636136519134201273|0|50131.296875|13.00021311779|107.73208346986|758394|-65171||50131.296875|350||35031.25|350.25|50131.296875|88811c|VJC290|0|2829|0|||3|3|0|1|1|132|163|["132,162,5"]|13:55:31:297
62|1.1|636136519183986251|0|50136.296875|13.01335592229|107.73455646287|758622|-63705||50136.296875|350.25||34981.25|350.25|50136.296875|88811c|VJC290|0|2829|0|||3|3|0|1|1|132|163|["132,162,5"]|13:55:36:297
62|1.1|636136519233891241|0|50141.28125|13.00817390223|107.72107033613|757170|-64322||50141.28125|350.25||35025|350.25|50141.28125|88811c|VJC290|0|2829|0|||3|3|0|1|1|132|163|["132,162,5"]|13:55:41:281
62|1.1|636136519283826234|0|50146.28125|13.01778692495|107.7202495814|757051|-63257||50146.28125|350.25||35056.25|350.25|50146.28125|88811c|VJC290|0|2829|0|||3|3|0|1|1|132|162|["132,162,5"]|13:55:46:281
62|1.1|636136519333731224|0|50151.2578125|13.02692251518|107.71967558953|756960|-62245||50151.2578125|350.25||35093.75|350.25|50151.2578125|88811c|VJC290|0|2829|0|||3|3|0|1|1|132|162|["132,162,5"]|13:55:51:258
62|1.1|636136519383656216|0|50156.2578125|13.03663746169|107.71962730984|756924|-61167||50156.2578125|350||35087.5|350|50156.2578125|88811c|VJC290|0|2829|0|||3|3|0|1|1|132|162|["132,162,5"]|13:55:56:258
62|1.1|636136519433581208|0|50161.2578125|13.04698004417|107.71995453885|756928|-60018||50161.2578125|350||35031.25|350|50161.2578125|88811c|VJC290|0|2829|0|||3|3|0|1|1|132|163|["132,162,5"]|13:56:01:258
62|1.1|636136519483496199|0|50166.2421875|13.05703294851|107.72001891177|756903|-58902||50166.2421875|350||34962.5|350|50166.2421875|88811c|VJC290|0|2829|0|||3|3|0|1|1|132|162|["132,162,5"]|13:56:06:242
62|1.1|636136519533421191|0|50171.2421875|13.07072828724|107.724326533|757329|-57369||50171.2421875|350||34981.25|350|50171.2421875|88811c|VJC290|0|2829|0|||3|3|0|1|1|132|162|["132,162,5"]|13:56:11:242
62|1.1|636136519583346183|0|50176.21875|13.08228322638|107.72549597438|757420|-56083||50176.21875|350||34906.25|350|50176.21875|88811c|VJC290|0|2829|0|||3|3|0|1|1|132|162|["132,162,5"]|13:56:16:219
62|1.1|636136519633261174|0|50181.21875|13.09437460652|107.7275988231|757611|-54735||50181.21875|350||34900|350|50181.21875|88811c|VJC290|0|2829|0|||3|3|0|1|1|132|162|["132,162,5"]|13:56:21:219
62|1.1|636136519683176165|0|50186.21875|13.10647135107|107.72909012908|757735|-53388||50186.21875|350||34850|350|50186.21875|88811c|VJC290|0|2829|0|||3|3|0|1|1|132|162|["132,162,5"]|13:56:26:219
62|1.1|636136519733111158|0|50191.1953125|13.1182355022|107.73062971475|757866|-52078||50191.1953125|350||34850|350|50191.1953125|88811c|VJC290|0|2829|0|||3|3|0|1|1|132|163|["132,162,5"]|13:56:31:195
62|1.1|636136519783026149|0|50196.1953125|13.12998892451|107.73176696967|757952|-50770||50196.1953125|350||34843.75|350|50196.1953125|88811c|VJC290|0|2829|0|||3|3|0|1|1|132|163|["132,162,5"]|13:56:36:195
62|1.1|636136519832951141|0|50201.1796875|13.14138293135|107.73290422459|758040|-49502||50201.1796875|350||34868.75|350|50201.1796875|88811c|VJC290|0|2829|0|||3|3|0|1|1|132|163|["132,162,5"]|13:56:41:180
62|1.1|636136519882886134|0|50206.1796875|13.15159140358|107.73118224898|757821|-48374||50206.1796875|350||35037.5|350|50206.1796875|88811c|VJC290|0|2829|0|||3|3|0|1|1|132|163|["132,162,5"]|13:56:46:180
62|1.1|636136519932801125|0|50211.1796875|13.16261526613|107.73175624085|757849|-47149||50211.1796875|350||35050|350.25|50211.1796875|88811c|VJC290|0|2829|0|||3|3|0|1|1|132|163|["132,162,5"]|13:56:51:180
62|1.1|636136519982716116|0|50216.15625|13.17353184048|107.73260381763|757907|-45935||50216.15625|350||35093.75|350.25|50216.15625|88811c|VJC290|0|2829|0|||3|3|0|1|1|132|163|["132,162,5"]|13:56:56:156
62|1.1|636136520032631107|0|50221.15625|13.18443768601|107.73345139441|757964|-44722||50221.15625|350||35131.25|350.25|50221.15625|88811c|VJC290|0|2829|0|||3|3|0|1|1|132|163|["132,162,5"]|13:57:01:156
62|1.1|636136520082556099|0|50226.140625|13.19525770098|107.734518912|758046|-43518||50226.140625|350||35162.5|350.25|50226.140625|88811c|VJC290|0|2829|0|||3|3|0|1|1|132|163|["132,162,5"]|13:57:06:141
62|1.1|636136520132481091|0|50231.140625|13.20629229235|107.73540403965|758108|-42290||50231.140625|350||35131.25|350|50231.140625|88811c|VJC290|0|2829|0|||3|3|0|1|1|132|163|["132,162,5"]|13:57:11:141
62|1.1|636136520182396082|0|50236.140625|13.21728933285|107.73653056575|758196|-41066||50236.140625|350||35093.75|350|50236.140625|88811c|VJC290|0|2829|0|||3|3|0|1|1|132|163|["132,162,5"]|13:57:16:141
62|1.1|636136520232321074|0|50241.1171875|13.22870479733|107.73609068413|758112|-39801||50241.1171875|350||35025|350|50241.1171875|88811c|VJC290|0|2829|0|||3|3|0|1|1|132|162|["132,162,5"]|13:57:21:117
62|1.1|636136520282246066|0|50246.1171875|13.23988959218|107.736664676|758139|-38558||50246.1171875|350.25||35043.75|350|50246.1171875|88811c|VJC290|0|2829|0|||3|3|0|1|1|132|163|["132,162,5"]|13:57:26:117
62|1.1|636136520332161057|0|50251.1015625|13.25097782765|107.73715820172|758158|-37326||50251.1015625|350.25||35043.75|350|50251.1015625|88811c|VJC290|0|2829|0|||3|3|0|1|1|132|163|["132,162,5"]|13:57:31:102
62|1.1|636136520382086049|0|50256.1015625|13.26276880083|107.73807015142|758219|-36015||50256.1015625|350||35037.5|350|50256.1015625|88811c|VJC290|0|2829|0|||3|3|0|1|1|132|163|["132,162,5"]|13:57:36:102
62|1.1|636136520432011041|0|50261.1015625|13.2737497481|107.73861732124|758244|-34794||50261.1015625|350||35018.75|350|50261.1015625|88811c|VJC290|0|2829|0|||3|3|0|1|1|132|163|["132,162,5"]|13:57:41:102
62|1.1|636136520481936033|0|50266.078125|13.28464486481|107.73964192355|758321|-33582||50266.078125|350||35025|350|50266.078125|88811c|VJC290|0|2829|0|||3|3|0|1|1|132|162|["132,162,5"]|13:57:46:078
62|1.1|636136520531851024|0|50271.078125|13.29684353315|107.74026419511|758350|-32226||50271.078125|349.75||34987.5|350|50271.078125|88811c|VJC290|0|2829|0|||3|3|0|1|1|132|162|["132,162,5"]|13:57:51:078
62|1.1|636136520581776016|0|50276.0625|13.30859159105|107.74105812779|758400|-30920||50276.0625|350||35012.5|350|50276.0625|88811c|VJC290|0|2829|0|||3|3|0|1|1|132|163|["132,162,5"]|13:57:56:063
62|1.1|636136520631691007|0|50281.0625|13.31987830969|107.74193252662|758459|-29664||50281.0625|350||35018.75|350|50281.0625|88811c|VJC290|0|2829|0|||3|3|0|1|1|132|162|["132,162,5"]|13:58:01:063
62|1.1|636136520681615999|0|50286.0625|13.33149762175|107.74250651849|758485|-28373||50286.0625|350||35025|350|50286.0625|88811c|VJC290|0|2829|0|||3|3|0|1|1|132|163|["132,162,5"]|13:58:06:063
62|1.1|636136520731540991|0|50291.0390625|13.3428433489|107.74317706974|758521|-27112||50291.0390625|350||35012.5|350|50291.0390625|88811c|VJC290|0|2829|0|||3|3|0|1|1|132|163|["132,162,5"]|13:58:11:039
62|1.1|636136520781465983|0|50296.0390625|13.35304109231|107.74377788366|758554|-25978||50296.0390625|350||35018.75|350|50296.0390625|88811c|VJC290|0|2829|0|||3|3|0|1|1|132|163|["132,162,5"]|13:58:16:039
62|1.1|636136520831380974|0|50301.015625|13.3635499715|107.74453962988|758603|-24809||50301.015625|350||35018.75|350|50301.015625|88811c|VJC290|0|2829|0|||3|3|0|1|1|132|163|["132,162,5"]|13:58:21:016
62|1.1|636136520881305966|0|50306.015625|13.37530875822|107.745247732|758643|-23503||50306.015625|350||35012.5|350|50306.015625|88811c|VJC290|0|2829|0|||3|3|0|1|1|132|162|["132,162,5"]|13:58:26:016
62|1.1|636136520931230958|0|50311.015625|13.38694416351|107.74609530878|758698|-22208||50311.015625|350||35012.5|350|50311.015625|88811c|VJC290|0|2829|0|||3|3|0|1|1|132|162|["132,162,5"]|13:58:31:016
62|1.1|636136520981145949|0|50316|13.39745840711|107.74674440239|758735|-21040||50316|350||35012.5|350|50316|88811c|VJC290|0|2829|0|||3|3|0|1|1|132|162|["132,162,5"]|13:58:36:000
62|1.1|636136521031070941|0|50321|13.40825160003|107.74747932656|758781|-19840||50321|350||35012.5|350|50321|88811c|VJC290|0|2829|0|||3|3|0|1|1|132|163|["132,162,5"]|13:58:41:000
62|1.1|636136521080985932|0|50325.9765625|13.41923791171|107.74813914899|758817|-18618||50325.9765625|350||35012.5|350|50325.9765625|88811c|VJC290|0|2829|0|||3|3|0|1|1|132|163|["132,162,5"]|13:58:45:977
62|1.1|636136521130920925|0|50330.9765625|13.43038515569|107.74889016639|758864|-17379||50330.9765625|350||35012.5|350|50330.9765625|88811c|VJC290|0|2829|0|||3|3|0|1|1|132|163|["132,162,5"]|13:58:50:977
62|1.1|636136521180835916|0|50335.9765625|13.44163432346|107.74956608205|758901|-16128||50335.9765625|350||35012.5|350|50335.9765625|88811c|VJC290|0|2829|0|||3|3|0|1|1|132|163|["132,162,5"]|13:58:55:977
62|1.1|636136521230760908|0|50340.9609375|13.45273865216|107.75030637063|758947|-14893||50340.9609375|350||35012.5|350|50340.9609375|88811c|VJC290|0|2829|0|||3|3|0|1|1|132|163|["132,162,5"]|13:59:00:961
62|1.1|636136521280675899|0|50345.9609375|13.46384834527|107.75110030331|758997|-13658||50345.9609375|350||35018.75|350|50345.9609375|88811c|VJC290|0|2829|0|||3|3|0|1|1|132|162|["132,162,5"]|13:59:05:961
62|1.1|636136521330600891|0|50350.9375|13.47480247049|107.75208735475|759069|-12439||50350.9375|350||35031.25|350|50350.9375|88811c|VJC290|0|2829|0|||3|3|0|1|1|132|162|["132,162,5"]|13:59:10:938
62|1.1|636136521380525883|0|50355.9375|13.48585315509|107.75295638917|759129|-11210||50355.9375|350||35031.25|350|50355.9375|88811c|VJC290|0|2829|0|||3|3|0|1|1|132|162|["132,162,5"]|13:59:15:938
62|1.1|636136521430440874|0|50360.9375|13.49695748379|107.75381469477|759186|-9975||50360.9375|350||35037.5|350|50360.9375|88811c|VJC290|0|2829|0|||3|3|0|1|1|132|162|["132,162,5"]|13:59:20:938
62|1.1|636136521480365866|0|50365.921875|13.50834076181|107.75487148354|759265|-8709||50365.921875|350||34993.75|350|50365.921875|88811c|VJC290|0|2829|0|||3|3|0|1|1|132|162|["132,162,5"]|13:59:25:922
62|1.1|636136521530280857|0|50370.921875|13.51999762474|107.75567614504|759315|-7412||50370.921875|349.75||34912.5|349.75|50370.921875|88811c|VJC290|0|2829|0|||3|3|0|1|1|132|162|["132,162,5"]|13:59:30:922
62|1.1|636136521580205849|0|50375.8984375|13.53135408071|107.75684022201|759405|-6148||50375.8984375|349.75||34893.75|349.75|50375.8984375|88811c|VJC290|0|2829|0|||3|3|0|1|1|132|162|["132,162,5"]|13:59:35:898
62|1.1|636136521630130841|0|50380.8984375|13.54312359625|107.7577468073|759466|-4839||50380.8984375|350||34837.5|350|50380.8984375|88811c|VJC290|0|2829|0|||3|3|0|1|1|132|162|["132,162,5"]|13:59:40:898
62|1.1|636136521680045832|0|50385.8984375|13.55454442514|107.75892161309|759557|-3568||50385.8984375|350.25||34850|350|50385.8984375|88811c|VJC290|0|2829|0|||3|3|0|1|1|132|162|["132,162,5"]|13:59:45:898
62|1.1|636136521733091136|0|50391.1953125|13.56644268652|107.76000522391|759637|-2244||50391.1953125|350.25||34843.75|350|50391.1953125|88811c|VJC290|0|2829|0|||3|3|0|1|1|132|162|["132,162,5"]|13:59:51:195
62|1.1|636136521783016128|0|50396.1796875|13.57712322683|107.76121221616|759733|-1055||50396.1796875|350.25||34881.25|350|50396.1796875|88811c|VJC290|0|2829|0|||3|3|0|1|1|132|162|["132,162,5"]|13:59:56:180
62|1.1|636136521832931119|0|50401.1796875|13.58919314933|107.76208661499|759789|287||50401.1796875|350.25||34881.25|350|50401.1796875|88811c|VJC290|0|2829|0|||3|3|0|1|1|132|162|["132,162,5"]|14:00:01:180
62|1.1|636136521882856111|0|50406.1796875|13.6009787581|107.76334188693|759888|1599||50406.1796875|350.25||34900|350|50406.1796875|88811c|VJC290|0|2829|0|||3|3|0|1|1|132|162|["132,162,5"]|14:00:06:180
62|1.1|636136521932781103|0|50411.15625|13.61280191774|107.76431820955|759956|2914||50411.15625|350||34900|350|50411.15625|88811c|VJC290|0|2829|0|||3|3|0|1|1|132|162|["132,162,5"]|14:00:11:156
62|1.1|636136521982546079|0|50416.15625|13.62424956868|107.76542327801|760039|4188||50416.15625|350||34912.5|350|50416.15625|88811c|VJC290|0|2829|0|||3|3|0|1|1|132|162|["132,162,5"]|14:00:16:156
62|1.1|636136522032471071|0|50421.140625|13.63608882155|107.76648006678|760116|5506||50421.140625|350||34912.5|350|50421.140625|88811c|VJC290|0|2829|0|||3|3|0|1|1|132|162|["132,162,5"]|14:00:21:141
62|1.1|636136522082386062|0|50426.140625|13.64787443032|107.76742420294|760180|6816||50426.140625|350||34925|350|50426.140625|88811c|VJC290|0|2829|0|||3|3|0|1|1|132|162|["132,162,5"]|14:00:26:141
62|1.1|636136522132311054|0|50431.140625|13.65936499654|107.76864728842|760276|8096||50431.140625|350||34950|350|50431.140625|88811c|VJC290|0|2829|0|||3|3|0|1|1|132|162|["132,162,5"]|14:00:31:141
62|1.1|636136522182226045|0|50436.1171875|13.67219666526|107.77026734024|760411|9525||50436.1171875|350||34906.25|350|50436.1171875|88811c|VJC290|0|2829|0|||3|3|0|1|1|132|162|["132,162,5"]|14:00:36:117
62|1.1|636136522232151037|0|50441.1171875|13.6836979603|107.77145287485|760502|10805||50441.1171875|350||34937.5|350|50441.1171875|88811c|VJC290|0|2829|0|||3|3|0|1|1|132|162|["132,162,5"]|14:00:41:117
62|1.1|636136522282086030|0|50446.1015625|13.69597173038|107.77275106207|760604|12171||50446.1015625|350||34931.25|350|50446.1015625|88811c|VJC290|0|2829|0|||3|3|0|1|1|132|162|["132,162,5"]|14:00:46:102
62|1.1|636136522332001021|0|50451.1015625|13.70704923703|107.77371129146|760672|13404||50451.1015625|350||34987.5|350.25|50451.1015625|88811c|VJC290|0|2829|0|||3|3|0|1|1|132|162|["132,162,5"]|14:00:51:102
62|1.1|636136522381916012|0|50456.1015625|13.71902260015|107.77482708874|760755|14736||50456.1015625|350||34987.5|350|50456.1015625|88811c|VJC290|0|2829|0|||3|3|0|1|1|132|162|["132,162,5"]|14:00:56:102
62|1.1|636136522431831003|0|50461.078125|13.72984797953|107.7756102926|760804|15940||50461.078125|350||35037.5|350.25|50461.078125|88811c|VJC290|0|2829|0|||3|3|0|1|1|132|162|["132,162,5"]|14:01:01:078
62|1.1|636136522481755995|0|50466.078125|13.74189644439|107.77672608988|760887|17281||50466.078125|350||35025|350.25|50466.078125|88811c|VJC290|0|2829|0|||3|3|0|1|1|132|162|["132,162,5"]|14:01:06:078
62|1.1|636136522531680987|0|50471.0625|13.75319389185|107.77776678542|760963|18538||50471.0625|350||35050|350.25|50471.0625|88811c|VJC290|0|2829|0|||3|3|0|1|1|132|162|["132,162,5"]|14:01:11:063
62|1.1|636136522581615980|0|50476.0625|13.76509751764|107.77879138773|761035|19862||50476.0625|350||35043.75|350.25|50476.0625|88811c|VJC290|0|2829|0|||3|3|0|1|1|132|162|["132,162,5"]|14:01:16:063
62|1.1|636136522631530971|0|50481.0625|13.77613210901|107.77966578656|761094|21089||50481.0625|350||35075|350.25|50481.0625|88811c|VJC290|0|2829|0|||3|3|0|1|1|132|162|["132,162,5"]|14:01:21:063
62|1.1|636136522681445962|0|50486.0390625|13.78704868336|107.7801700411|761114|22303||50486.0390625|350||35093.75|350.25|50486.0390625|88811c|VJC290|0|2829|0|||3|3|0|1|1|132|162|["132,162,5"]|14:01:26:039
62|1.1|636136522731370954|0|50491.0390625|13.7980135374|107.78060992272|761126|23521||50491.0390625|350||35100|350.25|50491.0390625|88811c|VJC290|0|2829|0|||3|3|0|1|1|132|162|["132,162,5"]|14:01:31:039
62|1.1|636136522781285945|0|50496.015625|13.80908031523|107.78155942329|761193|24752||50496.015625|350||35112.5|350.25|50496.015625|88811c|VJC290|0|2829|0|||3|3|0|1|1|132|162|["132,162,5"]|14:01:36:016
62|1.1|636136522831230939|0|50501.015625|13.82063525437|107.78235872038|761242|26037||50501.015625|350||35087.5|350.25|50501.015625|88811c|VJC290|0|2829|0|||3|3|0|1|1|132|162|["132,162,5"]|14:01:41:016
62|1.1|636136522881135929|0|50506.015625|13.83294121091|107.78388757723|761368|27408||50506.015625|350||35062.5|350|50506.015625|88811c|VJC290|0|2829|0|||3|3|0|1|1|132|162|["132,162,5"]|14:01:46:016
62|1.1|636136522931080923|0|50511|13.84331061544|107.7840860604|761356|28559||50511|350||35087.5|350|50511|88811c|VJC290|0|2829|0|||3|3|0|1|1|132|162|["132,162,5"]|14:01:51:000
62|1.1|636136522980995914|0|50516|13.85415745246|107.78484244221|761403|29766||50516|350||35106.25|350.25|50516|88811c|VJC290|0|2829|0|||3|3|0|1|1|132|162|["132,162,5"]|14:01:56:000
62|1.1|636136523030900904|0|50520.9765625|13.86477361985|107.78516967122|761404|30945||50520.9765625|350||35112.5|350.25|50520.9765625|88811c|VJC290|0|2829|0|||3|3|0|1|1|132|162|["132,162,5"]|14:02:00:977
62|1.1|636136523080825896|0|50525.9765625|13.87593159265|107.7860708921|761466|32186||50525.9765625|350||35118.75|350.25|50525.9765625|88811c|VJC290|0|2829|0|||3|3|0|1|1|132|162|["132,162,5"]|14:02:05:977
62|1.1|636136523130740887|0|50530.9765625|13.8871700316|107.78708476559|761539|33436||50530.9765625|350||35118.75|350|50530.9765625|88811c|VJC290|0|2829|0|||3|3|0|1|1|132|162|["132,162,5"]|14:02:10:977
62|1.1|636136523180675880|0|50535.9609375|13.8978452075|107.78825957138|761631|34625||50535.9609375|350||35156.25|350|50535.9609375|88811c|VJC290|0|2829|0|||3|3|0|1|1|132|162|["132,162,5"]|14:02:15:961
62|1.1|636136523230590871|0|50540.9609375|13.90920166347|107.78853315629|761624|35886||50540.9609375|350||35137.5|350|50540.9609375|88811c|VJC290|0|2829|0|||3|3|0|1|1|132|162|["132,162,5"]|14:02:20:961
62|1.1|636136523280525864|0|50545.9375|13.92040255155|107.78931099574|761672|37132||50545.9375|350||35131.25|350|50545.9375|88811c|VJC290|0|2829|0|||3|3|0|1|1|132|163|["132,162,5"]|14:02:25:938
62|1.1|636136523330430854|0|50550.9375|13.93257439784|107.79023367426|761732|38486||50550.9375|350||35081.25|350|50550.9375|88811c|VJC290|0|2829|0|||3|3|0|1|1|132|163|["132,162,5"]|14:02:30:938
62|1.1|636136523380355846|0|50555.9375|13.94367336213|107.79066282706|761743|39719||50555.9375|350||35068.75|350|50555.9375|88811c|VJC290|0|2829|0|||3|3|0|1|1|132|162|["132,162,5"]|14:02:35:938
62|1.1|636136523430270837|0|50560.921875|13.95479378406|107.7915425903|761802|40956||50560.921875|350||35075|350|50560.921875|88811c|VJC290|0|2829|0|||3|3|0|1|1|132|163|["132,162,5"]|14:02:40:922
62|1.1|636136523480195829|0|50565.921875|13.9669388083|107.79252427733|761869|42307||50565.921875|350||35037.5|350|50565.921875|88811c|VJC290|0|2829|0|||3|3|0|1|1|132|162|["132,162,5"]|14:02:45:922
62|1.1|636136523530120821|0|50570.8984375|13.9787941544|107.7937419984|761962|43627||50570.8984375|350||35031.25|350|50570.8984375|88811c|VJC290|0|2829|0|||3|3|0|1|1|132|162|["132,162,5"]|14:02:50:898
62|1.1|636136523580045813|0|50575.8984375|13.99004332217|107.79431062586|761986|44877||50575.8984375|350||35025|350|50575.8984375|88811c|VJC290|0|2829|0|||3|3|0|1|1|132|162|["132,162,5"]|14:02:55:898
62|1.1|636136523629960804|0|50580.8984375|14.00084724391|107.79500799916|762027|46079||50580.8984375|350||35050|350|50580.8984375|88811c|VJC290|0|2829|0|||3|3|0|1|1|132|162|["132,162,5"]|14:03:00:898
62|1.1|636136523679905798|0|50585.875|14.01217151342|107.79565172836|762060|47338||50585.875|350||35043.75|350|50585.875|88811c|VJC290|0|2829|0|||3|3|0|1|1|132|162|["132,162,5"]|14:03:05:875
62|1.1|636136523729810788|0|50590.875|14.02325974889|107.79646175427|762111|48571||50590.875|350||35062.5|350|50590.875|88811c|VJC290|0|2829|0|||3|3|0|1|1|132|162|["132,162,5"]|14:03:10:875
62|1.1|636136523779735780|0|50595.859375|14.03440162846|107.79701965291|762135|49809||50595.859375|350||35050|350|50595.859375|88811c|VJC290|0|2829|0|||3|3|0|1|1|132|162|["132,162,5"]|14:03:15:859
62|1.1|636136523829660772|0|50600.859375|14.0453128384|107.79777067031|762181|51023||50600.859375|350||35062.5|350|50600.859375|88811c|VJC290|0|2829|0|||3|3|0|1|1|132|162|["132,162,5"]|14:03:20:859
62|1.1|636136523879575763|0|50605.859375|14.05622404834|107.79821591634|762193|52235||50605.859375|350||35062.5|350|50605.859375|88811c|VJC290|0|2829|0|||3|3|0|1|1|132|162|["132,162,5"]|14:03:25:859
62|1.1|636136523929500755|0|50610.8359375|14.06717280915|107.79899375579|762242|53452||50610.8359375|350||35075|350|50610.8359375|88811c|VJC290|0|2829|0|||3|3|0|1|1|132|162|["132,162,5"]|14:03:30:836
62|1.1|636136523979415746|0|50615.8359375|14.07820203611|107.79948728151|762259|54678||50615.8359375|350||35062.5|350|50615.8359375|88811c|VJC290|0|2829|0|||3|3|0|1|1|132|162|["132,162,5"]|14:03:35:836
62|1.1|636136524029340738|0|50620.8203125|14.08955312767|107.8001256463|762291|55940||50620.8203125|350||35037.5|350|50620.8203125|88811c|VJC290|0|2829|0|||3|3|0|1|1|132|162|["132,162,5"]|14:03:40:820
62|1.1|636136524079255729|0|50625.8203125|14.10037850705|107.80084984165|762334|57144||50625.8203125|350||35056.25|350|50625.8203125|88811c|VJC290|0|2829|0|||3|3|0|1|1|132|162|["132,162,5"]|14:03:45:820
62|1.1|636136524129180721|0|50630.8203125|14.11191735296|107.801574037|762374|58427||50630.8203125|350||35031.25|350|50630.8203125|88811c|VJC290|0|2829|0|||3|3|0|1|1|132|162|["132,162,5"]|14:03:50:820
62|1.1|636136524179105713|0|50635.796875|14.12274273234|107.80233578322|762421|59631||50635.796875|350.25||35062.5|350|50635.796875|88811c|VJC290|0|2829|0|||3|3|0|1|1|132|162|["132,162,5"]|14:03:55:797
62|1.1|636136524229020704|0|50640.796875|14.13429230707|107.80306534298|762462|60915||50640.796875|350.25||35037.5|350|50640.796875|88811c|VJC290|0|2829|0|||3|3|0|1|1|132|162|["132,162,5"]|14:04:00:797
62|1.1|636136524278955697|0|50645.78125|14.14504794912|107.80379490274|762506|62111||50645.78125|350.25||35068.75|350|50645.78125|88811c|VJC290|0|2829|0|||3|3|0|1|1|132|162|["132,162,5"]|14:04:05:781
62|1.1|636136524328870688|0|50650.78125|14.15782060933|107.80502335263|762597|63533||50650.78125|350||35000|350|50650.78125|88811c|VJC290|0|2829|0|||3|3|0|1|1|132|162|["132,162,5"]|14:04:10:781
62|1.1|636136524378795680|0|50655.78125|14.17015338792|107.80636981954|762702|64906||50655.78125|350||34981.25|350|50655.78125|88811c|VJC290|0|2829|0|||3|3|0|1|1|132|162|["132,162,5"]|14:04:15:781
62|1.1|636136524428730673|0|50660.7578125|14.18159567445|107.80703500638|762736|66178||50660.7578125|350||34975|350|50660.7578125|88811c|VJC290|0|2829|0|||3|3|0|1|1|132|162|["132,162,5"]|14:04:20:758
62|1.1|636136524478655665|0|50665.7578125|14.19221720625|107.80766800676|762770|67359||50665.7578125|350||35018.75|350|50665.7578125|88811c|VJC290|0|2829|0|||3|3|0|1|1|132|162|["132,162,5"]|14:04:25:758
62|1.1|636136524528570656|0|50670.7421875|14.20280655159|107.80798450695|762769|68535||50670.7421875|350||35037.5|350|50670.7421875|88811c|VJC290|0|2829|0|||3|3|0|1|1|132|162|["132,162,5"]|14:04:30:742
62|1.1|636136524578475646|0|50675.7421875|14.21369630389|107.80874088876|762815|69747||50675.7421875|350||35056.25|350|50675.7421875|88811c|VJC290|0|2829|0|||3|3|0|1|1|132|162|["132,162,5"]|14:04:35:742
62|1.1|636136524628400638|0|50680.7421875|14.22376530146|107.80884281255|762793|70864||50680.7421875|350||35081.25|350|50680.7421875|88811c|VJC290|0|2829|0|||3|3|0|1|1|132|162|["132,162,5"]|14:04:40:742
62|1.1|636136524678325630|0|50685.71875|14.23540607116|107.80958846554|762835|72159||50685.71875|350||35043.75|350|50685.71875|88811c|VJC290|0|2829|0|||3|3|0|1|1|132|162|["132,162,5"]|14:04:45:719
62|1.1|636136524728270624|0|50690.71875|14.24631191669|107.8103716694|762884|73372||50690.71875|350.25||35068.75|350|50690.71875|88811c|VJC290|0|2829|0|||3|3|0|1|1|132|162|["132,162,5"]|14:04:50:719
62|1.1|636136524778165613|0|50695.6953125|14.25742697421|107.81091883922|762906|74607||50695.6953125|350.25||35062.5|350|50695.6953125|88811c|VJC290|0|2829|0|||3|3|0|1|1|132|162|["132,162,5"]|14:04:55:695
62|1.1|636136524828090605|0|50700.6953125|14.26851520968|107.81179323805|762964|75841||50700.6953125|350.25||35075|350|50700.6953125|88811c|VJC290|0|2829|0|||3|3|0|1|1|132|162|["132,162,5"]|14:05:00:695
62|1.1|636136524878005596|0|50705.6953125|14.27927621614|107.81220629762|762973|77036||50705.6953125|350.25||35075|350|50705.6953125|88811c|VJC290|0|2829|0|||3|3|0|1|1|132|162|["132,162,5"]|14:05:05:695
62|1.1|636136524927930588|0|50710.6796875|14.29048783304|107.81315579819|763039|78284||50710.6796875|350.25||35081.25|350|50710.6796875|88811c|VJC290|0|2829|0|||3|3|0|1|1|132|162|["132,162,5"]|14:05:10:680
62|1.1|636136524977845579|0|50715.6796875|14.30254702672|107.8140194682|763093|79625||50715.6796875|350.25||35037.5|350|50715.6796875|88811c|VJC290|0|2829|0|||3|3|0|1|1|132|162|["132,162,5"]|14:05:15:680
62|1.1|636136525027770571|0|50720.65625|14.31293252448|107.81428232429|763086|80779||50720.65625|350.25||35043.75|350|50720.65625|88811c|VJC290|0|2829|0|||3|3|0|1|1|132|162|["132,162,5"]|14:05:20:656
62|1.1|636136525077705564|0|50725.65625|14.32522238779|107.81521573163|763147|82146||50725.65625|350.25||34993.75|350|50725.65625|88811c|VJC290|0|2829|0|||3|3|0|1|1|132|162|["132,162,5"]|14:05:25:656
62|1.1|636136525127610554|0|50730.65625|14.33652519966|107.81599893549|763194|83403||50730.65625|350.25||34993.75|350|50730.65625|88811c|VJC290|0|2829|0|||3|3|0|1|1|132|162|["132,162,5"]|14:05:30:656
62|1.1|636136525177535546|0|50735.640625|14.347650986|107.81671240202|763234|84640||50735.640625|350.25||34981.25|350|50735.640625|88811c|VJC290|0|2829|0|||3|3|0|1|1|132|162|["132,162,5"]|14:05:35:641
62|1.1|636136525227460538|0|50740.640625|14.35845490774|107.81706108867|763236|85841||50740.640625|350.25||34987.5|350|50740.640625|88811c|VJC290|0|2829|0|||3|3|0|1|1|132|162|["132,162,5"]|14:05:40:641
62|1.1|636136525277395531|0|50745.6171875|14.37119538149|107.81811787744|763308|87258||50745.6171875|350.25||34931.25|350|50745.6171875|88811c|VJC290|0|2829|0|||3|3|0|1|1|132|162|["132,162,5"]|14:05:45:617
62|1.1|636136525327310522|0|50750.6171875|14.3825732951|107.818740149|763338|88523||50750.6171875|350||34912.5|350|50750.6171875|88811c|VJC290|0|2829|0|||3|3|0|1|1|132|162|["132,162,5"]|14:05:50:617
62|1.1|636136525377225513|0|50755.6171875|14.39272275882|107.81941606466|763377|89652||50755.6171875|350||34962.5|350|50755.6171875|88811c|VJC290|0|2829|0|||3|3|0|1|1|132|162|["132,162,5"]|14:05:55:617
62|1.1|636136525427170507|0|50760.6015625|14.40503407977|107.82039238728|763442|91021||50760.6015625|350.25||34931.25|350|50760.6015625|88811c|VJC290|0|2829|0|||3|3|0|1|1|132|162|["132,162,5"]|14:06:00:602
62|1.1|636136525477075497|0|50765.6015625|14.41491532299|107.8209395571|763468|92120||50765.6015625|350||34981.25|350|50765.6015625|88811c|VJC290|0|2829|0|||3|3|0|1|1|132|162|["132,162,5"]|14:06:05:602
62|1.1|636136525527010490|0|50770.578125|14.41538202666|107.81818225036|763168|92163||50770.578125|350||34837.5|350.25|50770.578125|88811c|VJC290|0|2829|0|||3|3|0|1|1|132|162|["132,178,4,1945","132,162,5"]|14:06:10:578
62|1.1|636136525576925481|0|50775.578125|14.42603574492|107.81973792926|763301|93350||50775.578125|350||34950|350.25|50775.578125|88811c|VJC290|0|2829|0|||3|3|0|1|1|132|162|["132,178,4,1945","132,162,5"]|14:06:15:578
62|1.1|636136525626840472|0|50780.578125|14.43405553787|107.81997932771|763300|94241||50780.578125|350||35050|350.25|50780.578125|88811c|VJC290|0|2829|0|||3|3|0|1|1|132|162|["132,178,4,1945","132,162,5"]|14:06:20:578
62|1.1|636136525676785466|0|50785.5625|14.44414599308|107.8199203192|763261|95361||50785.5625|349.75||35043.75|349.75|50785.5625|88811c|VJC290|0|2829|0|||3|3|0|1|1|132|162|["132,178,4,1945","132,162,5"]|14:06:25:563
62|1.1|636136525726690456|0|50790.5625|14.45610862738|107.82029046349|763261|96690||50790.5625|349.75||34981.25|349.75|50790.5625|88811c|VJC290|0|2829|0|||3|3|0|1|1|132|162|["132,178,4,1945","132,162,5"]|14:06:30:563
62|1.1|636136525776605447|0|50795.5390625|14.46696619322|107.82204462556|763414|97901||50795.5390625|349.75||35100|349.75|50795.5390625|88811c|VJC290|0|2829|0|||3|3|0|1|1|132|162|["132,178,4,1945","132,162,5"]|14:06:35:539
62|1.1|636136525826520438|0|50800.5390625|14.4794008956|107.82296730408|763472|99284||50800.5390625|349.75||35050|349.75|50800.5390625|88811c|VJC290|0|2829|0|||3|3|0|1|1|132|163|["132,178,4,1945","132,162,5"]|14:06:40:539
62|1.1|636136525876465432|0|50805.5390625|14.48924995236|107.82361103328|763509|100379||50805.5390625|349.75||35006.25|349.75|50805.5390625|88811c|VJC290|0|2829|0|||3|3|0|1|1|132|163|["132,178,5,1945","132,162,5"]|14:06:45:539
62|1.1|636136525926370422|0|50810.515625|14.4999465859|107.82406700813|763523|101568||50810.515625|349.75||34937.5|349.75|50810.515625|88811c|VJC290|0|2829|0|||3|3|0|1|1|132|162|["132,178,5,1945","132,162,5"]|14:06:50:516
62|1.1|636136525976295414|0|50815.515625|14.50727973437|107.82341255011|763427|102380||50815.515625|349.75||34937.5|349.75|50815.515625|88811c|VJC290|0|2829|0|||3|3|0|1|1|132|162|["132,178,5,1945","132,162,5"]|14:06:55:516
62|1.1|636136526026210405|0|50820.5|14.51804610524|107.82433522863|763491|103578||50820.5|349.75||34943.75|349.75|50820.5|88811c|VJC290|0|2829|0|||3|3|0|1|1|132|162|["132,178,5,1945","132,162,5"]|14:07:00:500
62|1.1|636136526076155399|0|50825.5|14.52940256121|107.82500577988|763525|104841||50825.5|349.75||34906.25|349.75|50825.5|88811c|VJC290|0|2829|0|||3|3|0|1|1|132|162|["132,178,5,1945","132,162,5"]|14:07:05:500
62|1.1|636136526126070390|0|50830.5|14.53115135887|107.82193197295|763187|105025||50830.5|349.75||35068.75|349.75|50830.5|88811c|VJC290|0|2829|0|||3|3|0|1|1|132|162|["132,178,5,1945","132,162,5"]|14:07:10:500
62|1.1|636136526175975380|0|50835.4765625|14.53973441487|107.82149745574|763112|105976||50835.4765625|349.75||35025|349.75|50835.4765625|88811c|VJC290|0|2829|0|||3|3|0|1|1|132|163|["132,178,5,1945","132,162,5"]|14:07:15:477
62|1.1|636136526225900372|0|50840.4765625|14.55017892114|107.82255960892|763191|107139||50840.4765625|349.75||35087.5|349.75|50840.4765625|88811c|VJC290|0|2829|0|||3|3|0|1|1|132|163|["132,178,5,1945","132,162,5"]|14:07:20:477
62|1.1|636136526275825364|0|50845.4609375|14.56047858834|107.82339109247|763247|108285||50845.4609375|349.75||35125|349.75|50845.4609375|88811c|VJC290|0|2829|0|||3|3|0|1|1|132|162|["132,178,5,1945","132,162,5"]|14:07:25:461
62|1.1|636136526325760357|0|50850.4609375|14.57015598398|107.82335890601|763211|109359||50850.4609375|350||35037.5|349.75|50850.4609375|88811c|VJC290|0|2829|0|||3|3|0|1|1|132|162|["132,178,5,1945","132,162,5"]|14:07:30:461
62|1.1|636136526375715352|0|50855.4609375|14.58045565118|107.82383097409|763227|110504||50855.4609375|350||35018.75|350|50855.4609375|88811c|VJC290|0|2829|0|||3|3|0|1|1|132|162|["132,178,5,1945","132,162,5"]|14:07:35:461
62|1.1|636136526425580338|0|50860.4375|14.59098598801|107.82438887273|763253|111674||50860.4375|350||35000|350|50860.4375|88811c|VJC290|0|2829|0|||3|3|0|1|1|132|162|["132,178,5,1945","132,162,5"]|14:07:40:438
62|1.1|636136526475505330|0|50865.4375|14.60177381652|107.82502187311|763285|112874||50865.4375|350||34993.75|350|50865.4375|88811c|VJC290|0|2829|0|||3|3|0|1|1|132|162|["132,178,5,1945","132,162,5"]|14:07:45:438
62|1.1|636136526525450324|0|50870.421875|14.61271721292|107.82604111101|763358|114092||50870.421875|350||35006.25|350|50870.421875|88811c|VJC290|0|2829|0|||3|3|0|1|1|132|162|["132,178,5,1945","132,162,5"]|14:07:50:422
62|1.1|636136526575355314|0|50875.421875|14.62433652498|107.82668484021|763389|115384||50875.421875|350||35006.25|350|50875.421875|88811c|VJC290|0|2829|0|||3|3|0|1|1|132|163|["132,178,5,1945","132,162,5"]|14:07:55:422
62|1.1|636136526625270305|0|50880.421875|14.63490977709|107.82734466264|763425|116560||50880.421875|350||35000|350|50880.421875|88811c|VJC290|0|2829|0|||3|3|0|1|1|132|162|["132,178,5,1945","132,162,5"]|14:08:00:422
62|1.1|636136526675195297|0|50885.3984375|14.64678658083|107.82806885799|763463|117880||50885.3984375|350||34993.75|350|50885.3984375|88811c|VJC290|0|2829|0|||3|3|0|1|1|132|162|["132,178,5,1945","132,162,5"]|14:08:05:398
62|1.1|636136526725130290|0|50890.3984375|14.65859364724|107.82883596862|763506|119194||50890.3984375|350||34987.5|350|50890.3984375|88811c|VJC290|0|2829|0|||3|3|0|1|1|132|162|["132,178,5,1945","132,162,5"]|14:08:10:398
62|1.1|636136526775035280|0|50895.375|14.66887722121|107.8295226131|763546|120337||50895.375|350||34993.75|350|50895.375|88811c|VJC290|0|2829|0|||3|3|0|1|1|132|162|["132,178,5,1945","132,162,5"]|14:08:15:375
62|1.1|636136526824960272|0|50900.375|14.67919298164|107.8302199864|763587|121485||50900.375|350||35000|350|50900.375|88811c|VJC290|0|2829|0|||3|3|0|1|1|132|162|["132,178,5,1945","132,162,5"]|14:08:20:375
62|1.1|636136526874875263|0|50905.375|14.69096249718|107.8311319361|763645|122794||50905.375|350||35006.25|350|50905.375|88811c|VJC290|0|2829|0|||3|3|0|1|1|132|162|["132,178,5,1945","132,162,5"]|14:08:25:375
62|1.1|636136526924800255|0|50910.359375|14.70120852028|107.8318293094|763686|123934||50910.359375|350||35006.25|350|50910.359375|88811c|VJC290|0|2829|0|||3|3|0|1|1|132|162|["132,178,5,1945","132,162,5"]|14:08:30:359
62|1.1|636136526974725247|0|50915.359375|14.71248987451|107.83273589469|763746|125189||50915.359375|350||35012.5|350|50915.359375|88811c|VJC290|0|2829|0|||3|3|0|1|1|132|163|["132,178,5,1945","132,162,5"]|14:08:35:359
62|1.1|636136527024660240|0|50920.3359375|14.72227455835|107.83335280184|763780|126277||50920.3359375|350||35012.5|350|50920.3359375|88811c|VJC290|0|2829|0|||3|3|0|1|1|132|162|["132,178,5,1945","132,162,5"]|14:08:40:336
62|1.1|636136527074565230|0|50925.3359375|14.73382413308|107.83425402272|763838|127562||50925.3359375|350||35006.25|350|50925.3359375|88811c|VJC290|0|2829|0|||3|3|0|1|1|132|162|["132,178,5,1945","132,162,5"]|14:08:45:336
62|1.1|636136527124490222|0|50930.3359375|14.74533079253|107.83496748925|763877|128842||50930.3359375|350||35012.5|350|50930.3359375|88811c|VJC290|0|2829|0|||3|3|0|1|1|132|162|["132,178,5,1945","132,162,5"]|14:08:50:336
62|1.1|636136527174435216|0|50935.3203125|14.75560363768|107.83577751516|763929|129985||50935.3203125|350||35018.75|350|50935.3203125|88811c|VJC290|0|2829|0|||3|3|0|1|1|132|162|["132,178,5,1945","132,162,5"]|14:08:55:320
62|1.1|636136527224330205|0|50940.3203125|14.76681525458|107.83631932057|763950|131231||50940.3203125|350||35012.5|350|50940.3203125|88811c|VJC290|0|2829|0|||3|3|0|1|1|132|163|["132,178,5,1945","132,162,5"]|14:09:00:320
62|1.1|636136527274255197|0|50945.296875|14.77774255775|107.83709179561|763997|132446||50945.296875|349.75||35012.5|350|50945.296875|88811c|VJC290|0|2829|0|||3|3|0|1|1|132|163|["132,178,5,1945","132,162,5"]|14:09:05:297
62|1.1|636136527324210192|0|50950.296875|14.78804222495|107.83766042307|764023|133591||50950.296875|349.75||35012.5|350|50950.296875|88811c|VJC290|0|2829|0|||3|3|0|1|1|132|162|["132,178,5,1945","132,162,5"]|14:09:10:297
62|1.1|636136527374125183|0|50955.296875|14.79881932464|107.83838461842|764065|134790||50955.296875|350||35018.75|350|50955.296875|88811c|VJC290|0|2829|0|||3|3|0|1|1|132|162|["132,178,5,1945","132,162,5"]|14:09:15:297
62|1.1|636136527424040174|0|50960.28125|14.80941403439|107.83898006793|764093|135968||50960.28125|350||35012.5|350|50960.28125|88811c|VJC290|0|2829|0|||3|3|0|1|1|132|162|["132,178,5,1945","132,162,5"]|14:09:20:281
62|1.1|636136527473955165|0|50965.28125|14.8215429654|107.83970426328|764130|137317||50965.28125|349.75||34987.5|349.75|50965.28125|88811c|VJC290|0|2829|0|||3|3|0|1|1|132|162|["132,178,5,1945","132,162,5"]|14:09:25:281
62|1.1|636136527523860155|0|50970.2578125|14.83176216645|107.84048210273|764180|138454||50970.2578125|350||34981.25|349.75|50970.2578125|88811c|VJC290|0|2829|0|||3|3|0|1|1|132|162|["132,178,5,1945","132,162,5"]|14:09:30:258
62|1.1|636136527573785147|0|50975.2578125|14.84264655434|107.84125457777|764226|139665||50975.2578125|349.75||34975|349.75|50975.2578125|88811c|VJC290|0|2829|0|||3|3|0|1|1|132|162|["132,178,5,1945","132,162,5"]|14:09:35:258
62|1.1|636136527623720140|0|50980.2578125|14.85446971398|107.84200559517|764267|140980||50980.2578125|349.75||34981.25|349.75|50980.2578125|88811c|VJC290|0|2829|0|||3|3|0|1|1|132|163|["132,178,5,1945","132,162,5"]|14:09:40:258
62|1.1|636136527673645132|0|50985.2421875|14.86478547441|107.84262786673|764299|142127||50985.2421875|350||34975|349.75|50985.2421875|88811c|VJC290|0|2829|0|||3|3|0|1|1|132|162|["132,178,5,1945","132,162,5"]|14:09:45:242
62|1.1|636136527723560123|0|50990.2421875|14.87621166771|107.84348617233|764353|143398||50990.2421875|350||34993.75|349.75|50990.2421875|88811c|VJC290|0|2829|0|||3|3|0|1|1|132|162|["132,178,5,1945","132,162,5"]|14:09:50:242
62|1.1|636136527773495116|0|50995.21875|14.8876324966|107.84420500327|764392|144668||50995.21875|350||35006.25|350|50995.21875|88811c|VJC290|0|2829|0|||3|3|0|1|1|132|162|["132,178,5,1945","132,162,5"]|14:09:55:219
62|1.1|636136527823430109|0|51000.21875|14.8987904694|107.84503648682|764444|145910||51000.21875|350||35018.75|350|51000.21875|88811c|VJC290|0|2829|0|||3|3|0|1|1|132|162|["132,178,5,1945","132,162,5"]|14:10:00:219
62|1.1|636136527873335099|0|51005.21875|14.90996453543|107.84568558043|764476|147152||51005.21875|350||35018.75|350|51005.21875|88811c|VJC290|0|2829|0|||3|3|0|1|1|132|162|["132,178,5,1945","132,162,5"]|14:10:05:219
62|1.1|636136527923260091|0|51010.1953125|14.92106349972|107.84618447056|764492|148386||51010.1953125|350.25||35018.75|350|51010.1953125|88811c|VJC290|0|2829|0|||3|3|0|1|1|132|162|["132,178,5,1945","132,162,5"]|14:10:10:195
62|1.1|636136527973155080|0|51015.1953125|14.93211954873|107.84660825895|764500|149614||51015.1953125|350.25||35050|350|51015.1953125|88811c|VJC290|0|2829|0|||3|3|0|1|1|132|163|["132,178,5,1945","132,162,5"]|14:10:15:195
62|1.1|636136528023080072|0|51020.1796875|14.94137315598|107.84690866591|764501|150643||51020.1796875|350.25||35056.25|350|51020.1796875|88811c|VJC290|0|2829|0|||3|3|0|1|1|132|162|["132,178,5,1945","132,162,5"]|14:10:20:180
62|1.1|636136528073005064|0|51025.1796875|14.9518444843|107.84717688641|764494|151806||51025.1796875|350.25||35062.5|350|51025.1796875|88811c|VJC290|0|2829|0|||3|3|0|1|1|132|162|["132,178,5,1945","132,162,5"]|14:10:25:180
62|1.1|636136528122930056|0|51030.1796875|14.96244455846|107.8473860984|764481|152983||51030.1796875|350.25||35056.25|350|51030.1796875|88811c|VJC290|0|2829|0|||3|3|0|1|1|132|162|["132,178,5,1945","132,162,5"]|14:10:30:180
62|1.1|636136528172845047|0|51035.15625|14.97320556492|107.84790108176|764500|154180||51035.15625|350.25||35062.5|350|51035.15625|88811c|VJC290|0|2829|0|||3|3|0|1|1|132|162|["132,178,5,1945","132,162,5"]|14:10:35:156
62|1.1|636136528222770039|0|51040.15625|14.98569927581|107.84790644617|764458|155567||51040.15625|350.25||35043.75|350|51040.15625|88811c|VJC290|0|2829|0|||3|3|0|1|1|132|163|["132,178,5,1945","132,162,5"]|14:10:40:156
62|1.1|636136528272685030|0|51045.140625|14.99639590935|107.84837851425|764472|156756||51045.140625|350.25||35043.75|350|51045.140625|88811c|VJC290|0|2829|0|||3|3|0|1|1|132|163|["132,178,5,1945","132,162,5"]|14:10:45:141
62|1.1|636136528322610022|0|51050.140625|15.00733930575|107.84867892121|764467|157971||51050.140625|350||35025|350|51050.140625|88811c|VJC290|0|2829|0|||3|3|0|1|1|132|163|["132,178,5,1945","132,162,5"]|14:10:50:141
62|1.1|636136528372555016|0|51055.140625|15.01850264296|107.84918317575|764484|159213||51055.140625|350||35018.75|350|51055.140625|88811c|VJC290|0|2829|0|||3|3|0|1|1|132|163|["132,178,5,1945","132,162,5"]|14:10:55:141
62|1.1|636136528422470007|0|51060.1171875|15.02894714923|107.84943530302|764475|160373||51060.1171875|350||35006.25|350|51060.1171875|88811c|VJC290|0|2829|0|||3|3|0|1|1|132|163|["132,178,5,1945","132,162,5"]|14:11:00:117
62|1.1|636136528472374997|0|51065.1171875|15.03984226594|107.85020777806|764521|161585||51065.1171875|350.25||35012.5|350|51065.1171875|88811c|VJC290|0|2829|0|||3|3|0|1|1|132|162|["132,178,5,1945","132,162,5"]|14:11:05:117
