62|1.1|636136510301188060|0|49248.015625|14.49893807682|97.65834912583|-333215|92153||49248.015625|360||35931.25|358|49248.015625|8960cb|UAE333|0|2008|0|||3|3|0|1|1|132|18|["132,18,5,3549","132,114,5,387"]|13:40:48:016
62|1.1|636136510351113052|0|49253.015625|14.50129841722|97.64677809346|-334460|92431||49253.015625|360||35912.5|358|49253.015625|8960cb|UAE333|0|2008|0|||3|3|0|1|1|132|18|["132,18,5,3549","132,114,5,387"]|13:40:53:016
62|1.1|636136510401028043|0|49258.015625|14.50339590153|97.63527143401|-335698|92679||49258.015625|360||35906.25|358|49258.015625|8960cb|UAE333|0|2008|0|||3|3|0|1|1|132|18|["132,18,5,3549","132,114,5,387"]|13:40:58:016
62|1.1|636136510450953035|0|49263|14.50660381871|97.62376477456|-336935|93051||49263|360||35893.75|358|49263|8960cb|UAE333|0|2008|0|||3|3|0|1|1|132|18|["132,18,5,3549","132,114,5,387"]|13:41:03:000
62|1.1|636136510500878027|0|49268|14.50861010805|97.61216692014|-338183|93290||49268|360||35881.25|358|49268|8960cb|UAE333|0|2008|0|||3|3|0|1|1|132|18|["132,18,5,3549","132,114,5,387"]|13:41:08:000
62|1.1|636136510550803019|0|49272.9765625|14.51070222795|97.60059588777|-339428|93538||49272.9765625|360||35868.75|358|49272.9765625|8960cb|UAE333|0|2008|0|||3|3|0|1|1|132|18|["132,18,5,3549","132,114,5,387"]|13:41:12:977
62|1.1|636136510600708009|0|49277.9765625|14.51257440704|97.58907313509|-340668|93762||49277.9765625|360||35856.25|358|49277.9765625|8960cb|UAE333|0|2008|0|||3|3|0|1|1|132|18|["132,18,5,3549","132,114,5,387"]|13:41:17:977
62|1.1|636136510650633001|0|49282.9765625|14.51474699309|97.57750746713|-341912|94019||49282.9765625|360||35856.25|358|49282.9765625|8960cb|UAE333|0|2008|0|||3|3|0|1|1|132|18|["132,18,5,3549","132,114,5,387"]|13:41:22:977
62|1.1|636136510700557993|0|49287.9609375|14.51715561318|97.56595252799|-343155|94303||49287.9609375|360||35843.75|358|49287.9609375|8960cb|UAE333|0|2008|0|||3|3|0|1|1|132|18|["132,18,5,3549","132,114,5,387"]|13:41:27:961
62|1.1|636136510750482985|0|49292.9609375|14.51954814004|97.55435467357|-344402|94585||49292.9609375|360||35837.5|358|49292.9609375|8960cb|UAE333|0|2008|0|||3|3|0|1|1|132|18|["132,18,5,3549","132,114,5,387"]|13:41:32:961
62|1.1|636136510800397976|0|49297.9375|14.52205331951|97.54288556499|-345635|94879||49297.9375|360||35843.75|358|49297.9375|8960cb|UAE333|0|2008|0|||3|3|0|1|1|132|18|["132,18,5,3549","132,114,5,387"]|13:41:37:938
62|1.1|636136510850322968|0|49302.9375|14.52447266842|97.53135208349|-346876|95164||49302.9375|360||35850|358|49302.9375|8960cb|UAE333|0|2008|0|||3|3|0|1|1|132|18|["132,18,5,3549","132,114,5,387"]|13:41:42:938
62|1.1|636136510900247960|0|49307.9375|14.52665598329|97.51981860199|-348116|95423||49307.9375|360||35850|358|49307.9375|8960cb|UAE333|0|2008|0|||3|3|0|1|1|132|18|["132,18,5,3549","132,114,5,387"]|13:41:47:938
62|1.1|636136510950182953|0|49312.921875|14.52852816238|97.50838167987|-349347|95647||49312.921875|360||35856.25|360|49312.921875|8960cb|UAE333|0|2008|0|||3|3|0|1|1|132|18|["132,18,5,3549","132,114,5,387"]|13:41:52:922
62|1.1|636136511000097944|0|49317.921875|14.53059882464|97.49685892719|-350587|95893||49317.921875|360||35850|360|49317.921875|8960cb|UAE333|0|2008|0|||3|3|0|1|1|132|18|["132,18,5,3549","132,114,5,387"]|13:41:57:922
62|1.1|636136511050012935|0|49322.8984375|14.53244418168|97.48536836097|-351823|96115||49322.8984375|360||35837.5|360|49322.8984375|8960cb|UAE333|0|2008|0|||3|3|0|1|1|132|18|["132,18,5,3549","132,114,5,387"]|13:42:02:898
62|1.1|636136511099937927|0|49327.8984375|14.53546970892|97.47376514214|-353070|96467||49327.8984375|360||35837.5|360|49327.8984375|8960cb|UAE333|0|2008|0|||3|3|0|1|1|132|18|["132,18,5,3549","132,114,5,387"]|13:42:07:898
62|1.1|636136511149852918|0|49332.8984375|14.53710585397|97.46233358443|-354301|96666||49332.8984375|360||35843.75|360|49332.8984375|8960cb|UAE333|0|2008|0|||3|3|0|1|1|132|18|["132,18,5,3549","132,114,5,387"]|13:42:12:898
62|1.1|636136511199777910|0|49337.875|14.53927844002|97.45082156057|-355539|96924||49337.875|360||35837.5|360|49337.875|8960cb|UAE333|0|2008|0|||3|3|0|1|1|132|18|["132,18,5,3549","132,114,5,387"]|13:42:17:875
62|1.1|636136511249702902|0|49342.875|14.54180507713|97.43919151969|-356789|97221||49342.875|360||35825|360|49342.875|8960cb|UAE333|0|2008|0|||3|3|0|1|1|132|18|["132,18,5,3549","132,114,5,387"]|13:42:22:875
62|1.1|636136511299617893|0|49347.875|14.54430489219|97.42760439409|-358035|97516||49347.875|360||35818.75|360|49347.875|8960cb|UAE333|0|2008|0|||3|3|0|1|1|132|18|["132,18,5,3549","132,114,5,387"]|13:42:27:875
62|1.1|636136511349542885|0|49352.859375|14.54653112234|97.41618892961|-359263|97780||49352.859375|360||35837.5|360|49352.859375|8960cb|UAE333|0|2008|0|||3|3|0|1|1|132|18|["132,18,5,3549","132,114,5,387"]|13:42:32:859
62|1.1|636136511399457876|0|49357.859375|14.54916504765|97.40447305817|-360522|98089||49357.859375|360||35818.75|360|49357.859375|8960cb|UAE333|0|2008|0|||3|3|0|1|1|132|18|["132,18,5,3549","132,114,5,387"]|13:42:37:859
62|1.1|636136511449382868|0|49362.8359375|14.55127326078|97.39304686487|-361751|98340||49362.8359375|360||35837.5|360|49362.8359375|8960cb|UAE333|0|2008|0|||3|3|0|1|1|132|18|["132,18,5,3549","132,114,5,387"]|13:42:42:836
62|1.1|636136511499307860|0|49367.8359375|14.55399838106|97.38135245107|-363008|98660||49367.8359375|360||35818.75|360|49367.8359375|8960cb|UAE333|0|2008|0|||3|3|0|1|1|132|18|["132,18,5,3549","132,114,5,387"]|13:42:47:836
62|1.1|636136511549232852|0|49372.8203125|14.55626752649|97.36984579162|-364246|98929||49372.8203125|360||35825|360|49372.8203125|8960cb|UAE333|0|2008|0|||3|3|0|1|1|132|18|["132,18,5,3549","132,114,5,387"]|13:42:52:820
62|1.1|636136511599157844|0|49377.8203125|14.55871906186|97.35825330161|-365492|99218||49377.8203125|360||35825|360|49377.8203125|8960cb|UAE333|0|2008|0|||3|3|0|1|1|132|18|["132,18,5,3549","132,114,5,387"]|13:42:57:820
62|1.1|636136511649072835|0|49382.8203125|14.56125106338|97.34668763365|-366735|99517||49382.8203125|360||35837.5|360|49382.8203125|8960cb|UAE333|0|2008|0|||3|3|0|1|1|132|18|["132,18,5,3549","132,114,5,387"]|13:43:02:820
62|1.1|636136511698987826|0|49387.796875|14.56352557322|97.335073686|-367984|99787||49387.796875|360||35831.25|360|49387.796875|8960cb|UAE333|0|2008|0|||3|3|0|1|1|132|18|["132,18,5,3549","132,114,5,387"]|13:43:07:797
62|1.1|636136511748912818|0|49392.796875|14.56565524399|97.32351338245|-369227|100041||49392.796875|360||35837.5|360|49392.796875|8960cb|UAE333|0|2008|0|||3|3|0|1|1|132|18|["132,18,5,3549","132,114,5,387"]|13:43:12:797
62|1.1|636136511798847811|0|49397.78125|14.56815505905|97.31204427387|-370460|100336||49397.78125|360||35831.25|360|49397.78125|8960cb|UAE333|0|2008|0|||3|3|0|1|1|132|114|["132,18,5,3549","132,114,5,387"]|13:43:17:781
62|1.1|636136511848762802|0|49402.78125|14.57026327218|97.30070391113|-371680|100587||49402.78125|360||35850|360|49402.78125|8960cb|UAE333|0|2008|0|||3|3|0|1|1|132|114|["132,18,5,3549","132,114,5,387"]|13:43:22:781
62|1.1|636136511898677793|0|49407.78125|14.57244122264|97.28930453988|-372906|100846||49407.78125|360||35868.75|360|49407.78125|8960cb|UAE333|0|2008|0|||3|3|0|1|1|132|114|["132,18,5,3549","132,114,5,387"]|13:43:27:781
62|1.1|636136511948602785|0|49412.7578125|14.5748873936|97.27781397366|-374141|101135||49412.7578125|360||35856.25|360|49412.7578125|8960cb|UAE333|0|2008|0|||3|3|0|1|1|132|114|["132,18,5,3549","132,114,5,387"]|13:43:32:758
62|1.1|636136511998517776|0|49417.7578125|14.5769795135|97.26644142446|-375364|101386||49417.7578125|360||35868.75|360|49417.7578125|8960cb|UAE333|0|2008|0|||3|3|0|1|1|132|114|["132,114,5,387"]|13:43:37:758
62|1.1|636136512048442768|0|49422.7421875|14.57927548098|97.2549830447|-376596|101658||49422.7421875|360||35875|360|49422.7421875|8960cb|UAE333|0|2008|0|||3|3|0|1|1|132|114|["132,114,5,387"]|13:43:42:742
62|1.1|636136512098377761|0|49427.7421875|14.58157144846|97.24348711407|-377832|101931||49427.7421875|360||35887.5|360|49427.7421875|8960cb|UAE333|0|2008|0|||3|3|0|1|1|132|114|[]|13:43:47:742
62|1.1|636136512148282751|0|49432.7421875|14.58421610259|97.23127771691|-379144|102243||49432.7421875|360||35825|360|49432.7421875|8960cb|UAE333|0|2008|0|||3|3|0|1|1|132|18|["132,18,5,3762","132,114,5,387"]|13:43:52:742
62|1.1|636136512198207743|0|49437.71875|14.58643696833|97.21970132013|-380389|102508||49437.71875|360||35837.5|360|49437.71875|8960cb|UAE333|0|2008|0|||3|3|0|1|1|132|18|["132,18,5,3762","132,114,5,387"]|13:43:57:719
62|1.1|636136512248132735|0|49442.71875|14.58843789326|97.20806591484|-381641|102748||49442.71875|360||35831.25|360|49442.71875|8960cb|UAE333|0|2008|0|||3|3|0|1|1|132|18|["132,18,5,3762","132,114,5,387"]|13:44:02:719
62|1.1|636136512298047726|0|49447.6953125|14.59084651335|97.19614083141|-382923|103035||49447.6953125|360||35800|360|49447.6953125|8960cb|UAE333|0|2008|0|||3|3|0|1|1|132|18|["132,18,5,3762","132,114,5,387"]|13:44:07:695
62|1.1|636136512347992720|0|49452.6953125|14.59297618412|97.18437668028|-384188|103290||49452.6953125|360||35787.5|360|49452.6953125|8960cb|UAE333|0|2008|0|||3|3|0|1|1|132|18|["132,18,5,3762","132,114,5,387"]|13:44:12:695
62|1.1|636136512397897710|0|49457.6953125|14.59523460073|97.17273591058|-385439|103559||49457.6953125|360||35781.25|360|49457.6953125|8960cb|UAE333|0|2008|0|||3|3|0|1|1|132|18|["132,18,5,3762","132,114,5,387"]|13:44:17:695
62|1.1|636136512447812701|0|49462.6796875|14.59742328001|97.16077327628|-386726|103821||49462.6796875|360||35762.5|360|49462.6796875|8960cb|UAE333|0|2008|0|||3|3|0|1|1|132|18|["132,18,5,3762","132,114,5,387"]|13:44:22:680
62|1.1|636136512497737693|0|49467.6796875|14.60001965445|97.14888037931|-388004|104128||49467.6796875|360||35750|360|49467.6796875|8960cb|UAE333|0|2008|0|||3|3|0|1|1|132|18|["132,18,5,3762","132,114,5,387"]|13:44:27:680
62|1.1|636136512547672686|0|49472.65625|14.60226197783|97.13704649085|-389276|104396||49472.65625|360||35743.75|360|49472.65625|8960cb|UAE333|0|2008|0|||3|3|0|1|1|132|18|["132,18,5,3762","132,114,5,387"]|13:44:32:656
62|1.1|636136512597587677|0|49477.65625|14.6048744455|97.12561493314|-390504|104705||49477.65625|360||35762.5|360|49477.65625|8960cb|UAE333|0|2008|0|||3|3|0|1|1|132|18|["132,18,5,3762","132,114,5,387"]|13:44:37:656
62|1.1|636136512647502668|0|49482.65625|14.60729915882|97.11378640909|-391776|104993||49482.65625|360||35756.25|360|49482.65625|8960cb|UAE333|0|2008|0|||3|3|0|1|1|132|18|["132,18,5,3762","132,114,5,387"]|13:44:42:656
62|1.1|636136512697437661|0|49487.640625|14.609434194|97.10196861386|-393046|105249||49487.640625|360||35756.25|360|49487.640625|8960cb|UAE333|0|2008|0|||3|3|0|1|1|132|18|["132,18,5,3762","132,114,5,387"]|13:44:47:641
62|1.1|636136512747342651|0|49492.640625|14.61119372048|97.09009181012|-394324|105464||49492.640625|360||35756.25|360|49492.640625|8960cb|UAE333|0|2008|0|||3|3|0|1|1|132|18|["132,18,5,3762","132,114,5,387"]|13:44:52:641
62|1.1|636136512797267643|0|49497.6171875|14.61378473051|97.07895529496|-395521|105769||49497.6171875|360||35750|360|49497.6171875|8960cb|UAE333|0|2008|0|||3|3|0|1|1|132|114|["132,18,5,3762","132,114,4,387"]|13:44:57:617
62|1.1|636136512847192635|0|49502.6171875|14.6158178419|97.06748082197|-396755|106014||49502.6171875|360||35743.75|360|49502.6171875|8960cb|UAE333|0|2008|0|||3|3|0|1|1|132|18|["132,18,5,3762","132,114,4,387"]|13:45:02:617
62|1.1|636136512897127628|0|49507.6171875|14.61830692814|97.05587223873|-398002|106309||49507.6171875|360||35756.25|360|49507.6171875|8960cb|UAE333|0|2008|0|||3|3|0|1|1|132|18|["132,18,5,3762","132,114,5,522"]|13:45:07:617
62|1.1|636136512947042619|0|49512.6015625|14.62076382792|97.04456406245|-399217|106601||49512.6015625|360||35781.25|360|49512.6015625|8960cb|UAE333|0|2008|0|||3|3|0|1|1|132|114|["132,18,5,3762","132,114,5,522"]|13:45:12:602
62|1.1|636136512996957610|0|49517.6015625|14.62290959192|97.03296620803|-400464|106858||49517.6015625|360||35787.5|360|49517.6015625|8960cb|UAE333|0|2008|0|||3|3|0|1|1|132|18|["132,18,5,3762","132,114,5,522"]|13:45:17:602
62|1.1|636136513046872601|0|49522.578125|14.62533966965|97.02163657411|-401682|107147||49522.578125|360||35800|360|49522.578125|8960cb|UAE333|0|2008|0|||3|3|0|1|1|132|114|["132,18,5,3762","132,114,5,522"]|13:45:22:578
62|1.1|636136513096797593|0|49527.578125|14.62773219651|97.00990460944|-402942|107432||49527.578125|360||35787.5|360|49527.578125|8960cb|UAE333|0|2008|0|||3|3|0|1|1|132|18|["132,18,5,3762","132,114,5,522"]|13:45:27:578
62|1.1|636136513146722585|0|49532.578125|14.63054314735|96.99815118713|-404205|107764||49532.578125|360||35781.25|360|49532.578125|8960cb|UAE333|0|2008|0|||3|3|0|1|1|132|18|["132,18,5,3762","132,114,5,522"]|13:45:32:578
62|1.1|636136513196647577|0|49537.5625|14.63261917402|96.98646750215|-405461|108014||49537.5625|360||35762.5|360|49537.5625|8960cb|UAE333|0|2008|0|||3|3|0|1|1|132|18|["132,18,5,3762","132,114,5,522"]|13:45:37:563
62|1.1|636136513246562568|0|49542.5625|14.63475957361|96.97477845276|-406718|108271||49542.5625|360||35756.25|360|49542.5625|8960cb|UAE333|0|2008|0|||3|3|0|1|1|132|18|["132,18,5,3762","132,114,5,522"]|13:45:42:563
62|1.1|636136513296497561|0|49547.5390625|14.63719501575|96.9631054966|-407972|108561||49547.5390625|360||35750|360|49547.5390625|8960cb|UAE333|0|2008|0|||3|3|0|1|1|132|18|["132,18,5,3762","132,114,5,522"]|13:45:47:539
62|1.1|636136513346412552|0|49552.5390625|14.63955535615|96.95170612535|-409197|108842||49552.5390625|360||35762.5|360|49552.5390625|8960cb|UAE333|0|2008|0|||3|3|0|1|1|132|114|["132,18,5,3762","132,114,5,522"]|13:45:52:539
62|1.1|636136513396337544|0|49557.5390625|14.64253796811|96.93995270304|-410459|109193||49557.5390625|360||35762.5|360|49557.5390625|8960cb|UAE333|0|2008|0|||3|3|0|1|1|132|18|["132,18,5,3762","132,114,5,522"]|13:45:57:539
62|1.1|636136513446272537|0|49562.515625|14.64509142727|96.92832802657|-411708|109497||49562.515625|360||35762.5|360|49562.515625|8960cb|UAE333|0|2008|0|||3|3|0|1|1|132|18|["132,18,5,3762","132,114,5,522"]|13:46:02:516
62|1.1|636136513496177527|0|49567.515625|14.64744103885|96.91651559575|-412977|109778||49567.515625|360||35756.25|360|49567.515625|8960cb|UAE333|0|2008|0|||3|3|0|1|1|132|18|["132,18,5,3762","132,114,5,522"]|13:46:07:516
62|1.1|636136513546102519|0|49572.5|14.6499891336|96.90478363108|-414238|110081||49572.5|360||35743.75|360|49572.5|8960cb|UAE333|0|2008|0|||3|3|0|1|1|132|18|["132,18,5,3762","132,114,5,522"]|13:46:12:500
62|1.1|636136513596017510|0|49577.5|14.65250504189|96.89308921728|-415494|110380||49577.5|360||35743.75|360|49577.5|8960cb|UAE333|0|2008|0|||3|3|0|1|1|132|18|["132,18,5,3762","132,114,5,522"]|13:46:17:500
62|1.1|636136513645942502|0|49582.5|14.6547634585|96.88131970174|-416759|110651||49582.5|360||35731.25|360|49582.5|8960cb|UAE333|0|2008|0|||3|3|0|1|1|132|18|["132,18,5,3762","132,114,5,522"]|13:46:22:500
62|1.1|636136513695867494|0|49587.4765625|14.65712916331|96.86961455912|-418017|110934||49587.4765625|360||35731.25|360|49587.4765625|8960cb|UAE333|0|2008|0|||3|3|0|1|1|132|18|["132,18,5,3762","132,114,5,522"]|13:46:27:477
62|1.1|636136513745782485|0|49592.4765625|14.65908717296|96.85818300141|-419246|111171||49592.4765625|360||35762.5|360|49592.4765625|8960cb|UAE333|0|2008|0|||3|3|0|1|1|132|18|["132,18,5,3762","132,114,5,522"]|13:46:32:477
62|1.1|636136513795707477|0|49597.4609375|14.66116856404|96.84644567233|-420508|111423||49597.4609375|360||35750|360|49597.4609375|8960cb|UAE333|0|2008|0|||3|3|0|1|1|132|18|["132,18,5,3762","132,114,5,522"]|13:46:37:461
62|1.1|636136513845632469|0|49602.4609375|14.66267059884|96.83456886859|-421786|111611||49602.4609375|360||35743.75|360|49602.4609375|8960cb|UAE333|0|2008|0|||3|3|0|1|1|132|18|["132,18,5,3762","132,114,5,522"]|13:46:42:461
62|1.1|636136513895547460|0|49607.4609375|14.66506849011|96.82321241262|-423006|111897||49607.4609375|360||35756.25|360|49607.4609375|8960cb|UAE333|0|2008|0|||3|3|0|1|1|132|18|["132,18,5,3762","132,114,5,522"]|13:46:47:461
62|1.1|636136513945472452|0|49612.4375|14.66741810169|96.81187204988|-424224|112178||49612.4375|360||35775|360|49612.4375|8960cb|UAE333|0|2008|0|||3|3|0|1|1|132|18|["132,18,5,3762","132,114,5,522"]|13:46:52:438
62|1.1|636136513995387443|0|49617.4375|14.67115709546|96.80017227167|-425479|112613||49617.4375|360||35762.5|360|49617.4375|8960cb|UAE333|0|2008|0|||3|3|0|1|1|132|18|["132,18,5,3762","132,114,5,522"]|13:46:57:438
62|1.1|636136514045312435|0|49622.421875|14.67291125753|96.78839739172|-426745|112829||49622.421875|360||35750|360|49622.421875|8960cb|UAE333|0|2008|0|||3|3|0|1|1|132|18|["132,18,5,3762","132,114,5,522"]|13:47:02:422
62|1.1|636136514095227426|0|49627.421875|14.67584022539|96.77671907115|-427999|113175||49627.421875|360||35743.75|360|49627.421875|8960cb|UAE333|0|2008|0|||3|3|0|1|1|132|18|["132,18,5,3762","132,114,5,522"]|13:47:07:422
62|1.1|636136514145162419|0|49632.421875|14.67861362536|96.76500856412|-429256|113503||49632.421875|360||35725|360|49632.421875|8960cb|UAE333|0|2008|0|||3|3|0|1|1|132|18|["132,18,5,3762","132,114,5,522"]|13:47:12:422
62|1.1|636136514195077410|0|49637.3984375|14.6812099998|96.75336779442|-430507|113812||49637.3984375|360||35718.75|360|49637.3984375|8960cb|UAE333|0|2008|0|||3|3|0|1|1|132|18|["132,18,5,3762","132,114,5,522"]|13:47:17:398
62|1.1|636136514245012403|0|49642.3984375|14.68245990733|96.74145343981|-431789|113973||49642.3984375|360||35718.75|360|49642.3984375|8960cb|UAE333|0|2008|0|||3|3|0|1|1|132|18|["132,18,5,3762","132,114,5,522"]|13:47:22:398
62|1.1|636136514294777379|0|49647.375|14.68476660363|96.72982876334|-433038|114250||49647.375|360||35712.5|360|49647.375|8960cb|UAE333|0|2008|0|||3|3|0|1|1|132|18|["132,18,5,3762","132,114,5,522"]|13:47:27:375
62|1.1|636136514344832384|0|49652.375|14.68653685893|96.71802169693|-434308|114468||49652.375|360||35712.5|360|49652.375|8960cb|UAE333|0|2008|0|||3|3|0|1|1|132|18|["132,18,5,3762","132,114,5,522"]|13:47:32:375
62|1.1|636136514394757376|0|49657.375|14.68878991113|96.70632728313|-435564|114739||49657.375|360||35712.5|360|49657.375|8960cb|UAE333|0|2008|0|||3|3|0|1|1|132|18|[]|13:47:37:375
62|1.1|636136514444672367|0|49662.359375|14.6910268701|96.69468651343|-436815|115008||49662.359375|360||35712.5|360|49662.359375|8960cb|UAE333|0|2008|0|||3|3|0|1|1|132|18|[]|13:47:42:359
62|1.1|636136514494607360|0|49667.359375|14.69281321863|96.68290626907|-438082|115229||49667.359375|360||35718.75|360|49667.359375|8960cb|UAE333|0|2008|0|||3|3|0|1|1|132|18|["132,18,5,3762"]|13:47:47:359
62|1.1|636136514544522351|0|49672.3359375|14.69501262673|96.67127086378|-439332|115494||49672.3359375|360||35718.75|360|49672.3359375|8960cb|UAE333|0|2008|0|||3|3|0|1|1|132|18|[]|13:47:52:336
62|1.1|636136514594297328|0|49677.3359375|14.69648247507|96.65945843296|-440603|115679||49677.3359375|360||35718.75|360|49677.3359375|8960cb|UAE333|0|2008|0|||3|3|0|1|1|132|18|["132,18,5,3762"]|13:47:57:336
62|1.1|636136514644222320|0|49682.3359375|14.69878917137|96.64783375649|-441852|115957||49682.3359375|360||35725|360|49682.3359375|8960cb|UAE333|0|2008|0|||3|3|0|1|1|132|18|["132,18,5,3762"]|13:48:02:336
62|1.1|636136514694157313|0|49687.3203125|14.70168595277|96.63634319027|-443085|116299||49687.3203125|360||35718.75|360|49687.3203125|8960cb|UAE333|0|2008|0|||3|3|0|1|1|132|18|["132,18,5,3762"]|13:48:07:320
62|1.1|636136514744062303|0|49692.3203125|14.70488314113|96.62489553933|-444313|116675||49692.3203125|360||35718.75|360|49692.3203125|8960cb|UAE333|0|2008|0|||3|3|0|1|1|132|18|["132,18,5,3762"]|13:48:12:320
62|1.1|636136514793987295|0|49697.296875|14.70758680377|96.61339424429|-445548|116997||49697.296875|360||35712.5|360|49697.296875|8960cb|UAE333|0|2008|0|||3|3|0|1|1|132|18|["132,18,5,3762"]|13:48:17:297
62|1.1|636136514843902286|0|49702.296875|14.71010807647|96.60179102546|-446794|117298||49702.296875|360||35712.5|360|49702.296875|8960cb|UAE333|0|2008|0|||3|3|0|1|1|132|18|["132,18,5,3762"]|13:48:22:297
62|1.1|636136514893847280|0|49707.296875|14.71347692595|96.5903862898|-448017|117693||49707.296875|360||35712.5|360|49707.296875|8960cb|UAE333|0|2008|0|||3|3|0|1|1|132|18|["132,18,5,3762"]|13:48:27:297
62|1.1|636136514943762271|0|49712.28125|14.71657219052|96.57896546091|-449242|118058||49712.28125|360||35712.5|360|49712.28125|8960cb|UAE333|0|2008|0|||3|3|0|1|1|132|18|["132,18,5,3762"]|13:48:32:281
62|1.1|636136514993677262|0|49717.28125|14.71948506515|96.56745343705|-450477|118403||49717.28125|360||35706.25|360|49717.28125|8960cb|UAE333|0|2008|0|||3|3|0|1|1|132|18|["132,18,5,3762"]|13:48:37:281
62|1.1|636136515043602254|0|49722.2578125|14.72326160979|96.55622036251|-451681|118843||49722.2578125|360||35706.25|360|49722.2578125|8960cb|UAE333|0|2008|0|||3|3|0|1|1|132|18|["132,18,5,3762"]|13:48:42:258
62|1.1|636136515093517245|0|49727.2578125|14.72475291577|96.54437574523|-452955|119031||49727.2578125|360||35706.25|360|49727.2578125|8960cb|UAE333|0|2008|0|||3|3|0|1|1|132|18|["132,18,5,3762"]|13:48:47:258
62|1.1|636136515143442237|0|49732.2578125|14.7273975699|96.53282080609|-454196|119346||49732.2578125|360||35706.25|360|49732.2578125|8960cb|UAE333|0|2008|0|||3|3|0|1|1|132|18|["132,18,5,3762"]|13:48:52:258
62|1.1|636136515193357228|0|49737.2421875|14.72988129173|96.52127659577|-455435|119644||49737.2421875|360||35706.25|360|49737.2421875|8960cb|UAE333|0|2008|0|||3|3|0|1|1|132|18|["132,18,5,3762"]|13:48:57:242
62|1.1|636136515243292221|0|49742.2421875|14.73329305649|96.50990941098|-456654|120044||49742.2421875|360||35700|360|49742.2421875|8960cb|UAE333|0|2008|0|||3|3|0|1|1|132|18|["132,18,5,3762"]|13:49:02:242
62|1.1|636136515293227214|0|49747.21875|14.73555683751|96.49830082774|-457901|120318||49747.21875|360||35693.75|360|49747.21875|8960cb|UAE333|0|2008|0|||3|3|0|1|1|132|18|["132,18,5,3762"]|13:49:07:219
62|1.1|636136515343122203|0|49752.21875|14.73771869474|96.48661714276|-459156|120580||49752.21875|360||35693.75|360|49752.21875|8960cb|UAE333|0|2008|0|||3|3|0|1|1|132|18|["132,18,5,3762"]|13:49:12:219
62|1.1|636136515393047195|0|49757.21875|14.74095879838|96.47518558505|-460382|120962||49757.21875|360||35687.5|360|49757.21875|8960cb|UAE333|0|2008|0|||3|3|0|1|1|132|18|["132,18,5,3762"]|13:49:17:219
62|1.1|636136515442972187|0|49762.1953125|14.74351762195|96.46368429001|-461617|121268||49762.1953125|360||35693.75|360|49762.1953125|8960cb|UAE333|0|2008|0|||3|3|0|1|1|132|18|["132,18,5,3762"]|13:49:22:195
62|1.1|636136515492887178|0|49767.1953125|14.74608180993|96.45211862205|-462858|121575||49767.1953125|360||35693.75|360|49767.1953125|8960cb|UAE333|0|2008|0|||3|3|0|1|1|132|18|[]|13:49:27:195
62|1.1|636136515542812170|0|49772.1796875|14.74749264976|96.44023108949|-464137|121755||49772.1796875|360||35687.5|360|49772.1796875|8960cb|UAE333|0|2008|0|||3|3|0|1|1|132|18|["132,18,5,3762"]|13:49:32:180
62|1.1|636136515592737162|0|49777.1796875|14.74993345631|96.42866005712|-465380|122049||49777.1796875|360||35693.75|360|49777.1796875|8960cb|UAE333|0|2008|0|||3|3|0|1|1|132|18|["132,18,5,3762"]|13:49:37:180
62|1.1|636136515642652153|0|49782.1796875|14.7523957205|96.41706756711|-466624|122344||49782.1796875|360||35693.75|360|49782.1796875|8960cb|UAE333|0|2008|0|||3|3|0|1|1|132|18|[]|13:49:42:180
62|1.1|636136515692577145|0|49787.15625|14.75301799206|96.40502446666|-467921|122437||49787.15625|360||35681.25|360|49787.15625|8960cb|UAE333|0|2008|0|||3|3|0|1|1|132|18|["132,18,5,3762"]|13:49:47:156
62|1.1|636136515742512138|0|49792.15625|14.75109753328|96.39258976428|-469266|122250||49792.15625|360||35675|360|49792.15625|8960cb|UAE333|0|2008|0|||3|3|0|1|1|132|18|["132,18,5,3762"]|13:49:52:156
62|1.1|636136515792427129|0|49797.140625|14.75285169535|96.38094899458|-470517|122468||49797.140625|360||35668.75|360|49797.140625|8960cb|UAE333|0|2008|0|||3|3|0|1|1|132|18|["132,18,5,3762"]|13:49:57:141
62|1.1|636136515842342120|0|49802.140625|14.75462731506|96.3692653096|-471773|122688||49802.140625|360||35675|360|49802.140625|8960cb|UAE333|0|2008|0|||3|3|0|1|1|132|18|[]|13:50:02:141
62|1.1|636136515892287114|0|49807.140625|14.75639220595|96.35759235344|-473028|122907||49807.140625|360||35668.75|360|49807.140625|8960cb|UAE333|0|2008|0|||3|3|0|1|1|132|18|[]|13:50:07:141
