62|1.1|636136511006318566|0|49310.921875|13.66554479686|100.7539731113|565|-2244||49310.921875|6||325|3.5|49310.921875|89612b|ETD401|X|1979|1593.75|||3|3|3|1|1|132|5|[]|13:41:50:922
62|1.1|636136511046882622|0|49322.6015625|13.65617317259|100.75159667767|308|-3281||49322.6015625|6.25||681.25|5.25|49322.6015625|89612b|ETD401|0|1979|1593.75|||3|3|1|1|1|132|18|["132,18,5,3757"]|13:42:02:602
62|1.1|636136511096807614|0|49327.578125|13.65158660204|100.75044869393|184|-3788||49327.578125|9.5||900|7.25|49327.578125|89612b|ETD401|0|1979|1950|||3|3|1|1|1|132|5|["132,18,5,3757"]|13:42:07:578
62|1.1|636136511146732606|0|49332.578125|13.64757938777|100.74937044752|67|-4231||49332.578125|11.25||1156.25|9.5|49332.578125|89612b|ETD401|0|1979|2325|||3|3|1|1|1|132|5|["132,18,5,3757"]|13:42:12:578
62|1.1|636136511196657598|0|49337.578125|13.64349170735|100.74831902316|-47|-4683||49337.578125|13.5||1393.75|12.25|49337.578125|89612b|ETD401|0|1979|2675|||3|3|1|1|1|132|5|["132,18,5,3757"]|13:42:17:578
62|1.1|636136511246582590|0|49342.5625|13.63930746755|100.74720322588|-167|-5146||49342.5625|14.75||1612.5|14.25|49342.5625|89612b|ETD401|0|1979|2675|||3|3|1|1|1|132|18|["132,18,5,3757"]|13:42:22:563
62|1.1|636136511296497581|0|49347.5625|13.63510177011|100.74609815742|-287|-5612||49347.5625|17||1818.75|16.25|49347.5625|89612b|ETD401|0|1979|2618.75|||3|3|1|1|1|132|18|["132,18,5,3757"]|13:42:27:563
62|1.1|636136511346422573|0|49352.5390625|13.63031135198|100.74481069902|-426|-6142||49352.5390625|20.5||2050|18.5|49352.5390625|89612b|ETD401|0|1979|2618.75|||3|3|1|1|1|132|5|["132,18,5,3757"]|13:42:32:539
62|1.1|636136511396337564|0|49357.5390625|13.62636851063|100.74371099497|-545|-6578||49357.5390625|21.75||2212.5|19.75|49357.5390625|89612b|ETD401|0|1979|2381.25|||3|3|1|1|1|132|5|["132,18,5,3757"]|13:42:37:539
62|1.1|636136511446272557|0|49362.5390625|13.62228083021|100.7426005621|-665|-7030||49362.5390625|22.75||2337.5|21.25|49362.5390625|89612b|ETD401|0|1979|1768.75|||3|3|1|1|1|132|5|["132,18,5,3757"]|13:42:42:539
62|1.1|636136511496177547|0|49367.515625|13.61824142948|100.74146867159|-788|-7477||49367.515625|23.5||2418.75|22.25|49367.515625|89612b|ETD401|0|1979|1318.75|||3|3|1|1|1|132|5|["132,18,5,3757"]|13:42:47:516
62|1.1|636136511546112540|0|49372.515625|13.61364413011|100.74026167934|-918|-7985||49372.515625|24.25||2518.75|23.25|49372.515625|89612b|ETD401|0|1979|1237.5|||3|3|1|1|1|132|18|["132,18,5,3757"]|13:42:52:516
62|1.1|636136511596027531|0|49377.5|13.60897709341|100.73899567858|-1056|-8502||49377.5|26.75||2650|24.5|49377.5|89612b|ETD401|0|1979|1456.25|||3|3|1|1|1|132|5|["132,18,5,3757"]|13:42:57:500
62|1.1|636136511645942522|0|49382.5|13.60477139597|100.73783160161|-1181|-8967||49382.5|28||2793.75|26.25|49382.5|89612b|ETD401|0|1979|1631.25|||3|3|1|1|1|132|5|["132,18,5,3757"]|13:43:02:500
62|1.1|636136511695867514|0|49387.5|13.60069444437|100.73672116874|-1302|-9418||49387.5|29.25||2937.5|27.5|49387.5|89612b|ETD401|0|1979|1712.5|||3|3|1|1|1|132|5|["132,18,5,3757"]|13:43:07:500
62|1.1|636136511745792506|0|49392.4765625|13.59624734848|100.73554636295|-1429|-9910||49392.4765625|30.25||3093.75|29.25|49392.4765625|89612b|ETD401|0|1979|1712.5|||3|3|1|1|1|132|5|["132,18,5,3757"]|13:43:12:477
62|1.1|636136511795717498|0|49397.4765625|13.59173587967|100.73434473511|-1559|-10410||49397.4765625|30.75||3187.5|29.5|49397.4765625|89612b|ETD401|0|1979|1281.25|||3|3|1|1|1|132|18|["132,18,5,3757"]|13:43:17:477
62|1.1|636136511845632489|0|49402.4609375|13.58761064838|100.7331592005|-1687|-10866||49402.4609375|31.5||3231.25|29.75|49402.4609375|89612b|ETD401|0|1979|1062.5|||3|3|1|1|1|132|18|["132,18,5,3757"]|13:43:22:461
62|1.1|636136511895557481|0|49407.4609375|13.58310454398|100.73172153862|-1843|-11365||49407.4609375|32.75||3325|30.75|49407.4609375|89612b|ETD401|0|1979|1181.25|||3|3|1|1|1|132|18|["132,18,5,3757"]|13:43:27:461
62|1.1|636136511945472472|0|49412.4609375|13.57926362642|100.72821321448|-2222|-11789||49412.4609375|35.25||3506.25|33.25|49412.4609375|89612b|ETD401|0|1979|1493.75|||3|3|1|1|1|132|5|["132,18,5,3757"]|13:43:32:461
62|1.1|636136511995397464|0|49417.4375|13.5757660311|100.7250052973|-2570|-12176||49417.4375|36.25||3643.75|34.75|49417.4375|89612b|ETD401|0|1979|1712.5|||3|3|1|1|1|132|5|["132,18,5,3757"]|13:43:37:438
62|1.1|636136512045322456|0|49422.4375|13.57228989342|100.72188857509|-2907|-12561||49422.4375|36.75||3787.5|36.25|49422.4375|89612b|ETD401|0|1979|1675|||3|3|1|1|1|132|18|["132,18,5,3757"]|13:43:42:438
62|1.1|636136512095247448|0|49427.421875|13.56906588301|100.71781162349|-3348|-12917||49427.421875|37.25||3793.75|36.25|49427.421875|89612b|ETD401|0|1979|1418.75|||3|3|1|1|1|132|5|["132,18,5,3757"]|13:43:47:422
62|1.1|636136512145162439|0|49432.421875|13.56583650819|100.71436230786|-3722|-13275||49432.421875|37.5||3800|36.25|49432.421875|89612b|ETD401|0|1979|1237.5|||3|3|1|1|1|132|18|["132,18,5,3757"]|13:43:52:422
62|1.1|636136512195097432|0|49437.421875|13.56248375194|100.71082716167|-4105|-13646||49437.421875|37.75||3812.5|36.25|49437.421875|89612b|ETD401|0|1979|943.75|||3|3|1|1|1|132|18|["132,18,5,3757"]|13:43:57:422
62|1.1|636136512245012423|0|49442.3984375|13.55790791021|100.70635860814|-4588|-14152||49442.3984375|38.5||3837.5|36.5|49442.3984375|89612b|ETD401|0|1979|631.25|||3|3|1|1|1|132|5|["132,18,5,3757"]|13:44:02:398
62|1.1|636136512294937415|0|49447.3984375|13.55393824681|100.70218509716|-5040|-14591||49447.3984375|39||3893.75|37.25|49447.3984375|89612b|ETD401|0|1979|631.25|||3|3|1|1|1|132|5|["132,18,5,3757"]|13:44:07:398
62|1.1|636136512344852406|0|49452.375|13.5501777954|100.69820470494|-5471|-15006||49452.375|39.5||3956.25|37.5|49452.375|89612b|ETD401|0|1979|668.75|||3|3|1|1|1|132|5|["132,18,5,3757"]|13:44:12:375
62|1.1|636136512394777398|0|49457.375|13.54594527591|100.6936771429|-5961|-15475||49457.375|40.5||4062.5|38.5|49457.375|89612b|ETD401|0|1979|843.75|||3|3|1|1|1|132|5|["132,18,5,3757"]|13:44:17:375
62|1.1|636136512444702390|0|49462.375|13.54219555332|100.68975039478|-6387|-15890||49462.375|41.25||4150|39.5|49462.375|89612b|ETD401|0|1979|906.25|||3|3|1|1|1|132|18|["132,18,5,3757"]|13:44:22:375
62|1.1|636136512494627382|0|49467.359375|13.53834927135|100.68571635846|-6823|-16315||49467.359375|42.25||4268.75|40.5|49467.359375|89612b|ETD401|0|1979|1006.25|||3|3|1|1|1|132|18|["132,18,5,3757"]|13:44:27:359
62|1.1|636136512544542373|0|49472.359375|13.53369296347|100.6805879825|-7378|-16830||49472.359375|43.75||4381.25|41.75|49472.359375|89612b|ETD401|0|1979|1181.25|||3|3|1|1|1|132|5|["132,18,5,3757"]|13:44:32:359
62|1.1|636136512594467365|0|49477.3359375|13.5299003256|100.67578683555|-7898|-17249||49477.3359375|45.25||4512.5|43.25|49477.3359375|89612b|ETD401|0|1979|1300|||3|3|1|1|1|132|5|["132,18,5,3757"]|13:44:37:336
62|1.1|636136512644382356|0|49482.3359375|13.52696599333|100.67095886655|-8421|-17574||49482.3359375|46.5||4650|44.5|49482.3359375|89612b|ETD401|0|1979|1575|||3|3|1|1|1|132|5|["132,18,5,3757"]|13:44:42:336
62|1.1|636136512694307348|0|49487.3359375|13.5250723566|100.66507947319|-9058|-17783||49487.3359375|47.5||4787.5|46.25|49487.3359375|89612b|ETD401|0|1979|1593.75|||3|3|1|1|1|132|18|["132,18,5,3757"]|13:44:47:336
62|1.1|636136512744222339|0|49492.3203125|13.52410139839|100.65871191852|-9747|-17890||49492.3203125|48.25||4900|47.25|49492.3203125|89612b|ETD401|0|1979|1518.75|||3|3|1|1|1|132|18|["132,18,5,3757"]|13:44:52:320
62|1.1|636136512794147331|0|49497.3203125|13.52407457634|100.65216197391|-10456|-17893||49497.3203125|49.75||5012.5|48.25|49497.3203125|89612b|ETD401|0|1979|1456.25|||3|3|1|1|1|132|18|["132,18,5,3757"]|13:44:57:320
62|1.1|636136512844082324|0|49502.296875|13.52522256008|100.64569249545|-11156|-17766||49502.296875|51.5||5181.25|49.75|49502.296875|89612b|ETD401|0|1979|1575|||3|3|1|1|1|132|18|["132,18,5,3757"]|13:45:02:297
62|1.1|636136512893987314|0|49507.296875|13.52688016277|100.63872412686|-11910|-17582||49507.296875|53.5||5431.25|51.25|49507.296875|89612b|ETD401|0|1979|2025|||3|3|1|1|1|132|18|["132,18,5,3757"]|13:45:07:297
62|1.1|636136512943912306|0|49512.296875|13.52891863857|100.63167529212|-12673|-17356||49512.296875|55.5||5568.75|53.25|49512.296875|89612b|ETD401|0|1979|1518.75|||3|3|1|1|1|132|5|["132,18,5,3757"]|13:45:12:297
62|1.1|636136512993837298|0|49517.28125|13.53036702927|100.62566178851|-13324|-17196||49517.28125|56.5||5687.5|54.75|49517.28125|89612b|ETD401|0|1979|1537.5|||3|3|1|1|1|132|5|["132,18,5,3757"]|13:45:17:281
62|1.1|636136513043752289|0|49522.28125|13.53205145401|100.61939615763|-14002|-17009||49522.28125|57.5||5793.75|55.75|49522.28125|89612b|ETD401|0|1979|1375|||3|3|1|1|1|132|5|["132,18,5,3757"]|13:45:22:281
62|1.1|636136513093687282|0|49527.2578125|13.53371978552|100.61307688265|-14686|-16824||49527.2578125|58.5||5912.5|57.25|49527.2578125|89612b|ETD401|0|1979|1418.75|||3|3|1|1|1|132|18|["132,18,5,3757"]|13:45:27:258
62|1.1|636136513143602273|0|49532.2578125|13.5353720238|100.60674687885|-15371|-16641||49532.2578125|60.5||6075|58.5|49532.2578125|89612b|ETD401|0|1979|1537.5|||3|3|1|1|1|132|18|["132,18,5,3757"]|13:45:32:258
62|1.1|636136513193517264|0|49537.2578125|13.53721201643|100.60029349362|-16070|-16437||49537.2578125|62.25||6243.75|60.25|49537.2578125|89612b|ETD401|0|1979|1675|||3|3|1|1|1|132|18|["132,18,5,3757"]|13:45:37:258
62|1.1|636136513243442256|0|49542.2421875|13.54053795063|100.59364698963|-16789|-16069||49542.2421875|64.75||6462.5|62.5|49542.2421875|89612b|ETD401|0|1979|2050|||3|3|1|1|1|132|5|["132,18,5,3757"]|13:45:42:242
62|1.1|636136513293367248|0|49547.2421875|13.54488848714|100.58778905391|-17423|-15587||49547.2421875|66||6637.5|64.5|49547.2421875|89612b|ETD401|0|1979|2162.5|||3|3|1|1|1|132|5|["132,18,5,3757"]|13:45:47:242
62|1.1|636136513343302241|0|49552.21875|13.54944823564|100.5831166528|-17928|-15082||49552.21875|67.25||6787.5|66.25|49552.21875|89612b|ETD401|0|1979|2125|||3|3|1|1|1|132|18|["132,18,5,3757"]|13:45:52:219
62|1.1|636136513393207231|0|49557.21875|13.55486092533|100.57939375226|-18331|-14483||49557.21875|68.75||6943.75|67.5|49557.21875|89612b|ETD401|0|1979|2050|||3|3|1|1|1|132|18|["132,18,5,3757"]|13:45:57:219
62|1.1|636136513443132223|0|49562.21875|13.56065985254|100.57620729272|-18675|-13841||49562.21875|70.5||7100|69.25|49562.21875|89612b|ETD401|0|1979|1987.5|||3|3|1|1|1|132|18|["132,18,5,3757"]|13:46:02:219
62|1.1|636136513493047214|0|49567.1953125|13.56748338206|100.57350363008|-18967|-13086||49567.1953125|72.25||7281.25|71.25|49567.1953125|89612b|ETD401|0|1979|2006.25|||3|3|1|1|1|132|18|["132,18,5,3757"]|13:46:07:195
62|1.1|636136513542972206|0|49572.1953125|13.57454831003|100.57198013764|-19131|-12304||49572.1953125|74.5||7475|72.75|49572.1953125|89612b|ETD401|0|1979|2068.75|||3|3|1|1|1|132|5|["132,18,5,3757"]|13:46:12:195
62|1.1|636136513592897198|0|49577.1796875|13.58073347476|100.57112183204|-19224|-11620||49577.1796875|75.5||7612.5|74.25|49577.1796875|89612b|ETD401|0|1979|1750|||3|3|1|1|1|132|18|["132,18,5,3757"]|13:46:17:180
62|1.1|636136513642822190|0|49582.1796875|13.58701519887|100.5713149508|-19203|-10925||49582.1796875|77.25||7787.5|75.75|49582.1796875|89612b|ETD401|0|1979|1831.25|||3|3|1|1|1|132|18|["132,18,5,3757"]|13:46:22:180
62|1.1|636136513692737181|0|49587.1796875|13.59345785528|100.57172264596|-19158|-10212||49587.1796875|79.25||7975|77.75|49587.1796875|89612b|ETD401|0|1979|1987.5|||3|3|1|1|1|132|18|["132,18,5,3757"]|13:46:27:180
62|1.1|636136513742662173|0|49592.15625|13.60099485133|100.57159926453|-19171|-9378||49592.15625|81.25||8193.75|80.25|49592.15625|89612b|ETD401|0|1979|2281.25|||3|3|1|1|1|132|18|["132,18,5,3757"]|13:46:32:156
62|1.1|636136513792577164|0|49597.15625|13.60813488104|100.57201768851|-19125|-8588||49597.15625|83.5||8368.75|81.5|49597.15625|89612b|ETD401|0|1979|2206.25|||3|3|1|1|1|132|5|["132,18,5,3757"]|13:46:37:156
62|1.1|636136513842502156|0|49602.140625|13.61475992739|100.57217862081|-19107|-7855||49602.140625|85.25||8531.25|83.25|49602.140625|89612b|ETD401|0|1979|2125|||3|3|1|1|1|132|5|["132,18,5,3757"]|13:46:42:141
62|1.1|636136513892427148|0|49607.140625|13.62090217684|100.57230736665|-19092|-7176||49607.140625|86.5||8675|84.75|49607.140625|89612b|ETD401|0|1979|2050|||3|3|1|1|1|132|5|["132,18,5,3757"]|13:46:47:141
62|1.1|636136513942342139|0|49612.140625|13.62752722319|100.57247902777|-19073|-6443||49612.140625|87.5||8812.5|86.25|49612.140625|89612b|ETD401|0|1979|1731.25|||3|3|1|1|1|132|18|["132,18,5,3757"]|13:46:52:141
62|1.1|636136513992277132|0|49617.1171875|13.63405034575|100.57269896858|-19049|-5721||49617.1171875|89||8950|87.25|49617.1171875|89612b|ETD401|0|1979|1593.75|||3|3|1|1|1|132|18|["132,18,5,3757"]|13:46:57:117
62|1.1|636136514042032107|0|49622.1171875|13.64159807062|100.57295109585|-19021|-4886||49622.1171875|90.5||9125|89.25|49622.1171875|89612b|ETD401|0|1979|1693.75|||3|3|1|1|1|132|18|["132,18,5,3757"]|13:47:02:117
62|1.1|636136514092107114|0|49627.1015625|13.64866299859|100.57311739256|-19003|-4104||49627.1015625|92.25||9287.5|90.75|49627.1015625|89612b|ETD401|0|1979|1831.25|||3|3|1|1|1|132|18|["132,18,5,3757"]|13:47:07:102
62|1.1|636136514141892092|0|49632.1015625|13.65483207009|100.57344998598|-18966|-3422||49632.1015625|93.75||9437.5|92.5|49632.1015625|89612b|ETD401|0|1979|1868.75|||3|3|1|1|1|132|18|["132,18,5,3757"]|13:47:12:102
62|1.1|636136514191957098|0|49637.1015625|13.66237443055|100.57380403704|-18927|-2588||49637.1015625|95.5||9618.75|94.25|49637.1015625|89612b|ETD401|0|1979|1968.75|||3|3|1|1|1|132|18|["132,18,5,3757"]|13:47:17:102
62|1.1|636136514241722074|0|49642.078125|13.6693749856|100.57402934226|-18902|-1813||49642.078125|97.25||9793.75|96.25|49642.078125|89612b|ETD401|0|1979|2006.25|||3|3|1|1|1|132|18|["132,18,5,3757"]|13:47:22:078
62|1.1|636136514291647066|0|49647.078125|13.67627361686|100.57439948655|-18862|-1050||49647.078125|99.25||9931.25|97.25|49647.078125|89612b|ETD401|0|1979|1887.5|||3|3|1|1|1|132|5|["132,18,5,3757"]|13:47:27:078
62|1.1|636136514341562057|0|49652.0625|13.68197598469|100.57468916469|-18830|-419||49652.0625|100.25||10056.25|98.75|49652.0625|89612b|ETD401|0|1979|1812.5|||3|3|1|1|1|132|18|["132,18,5,3757"]|13:47:32:063
62|1.1|636136514394607361|0|49657.375|13.68994749795|100.57503248693|-18792|463||49657.375|102||10212.5|100.25|49657.375|89612b|ETD401|0|1979|1675|||3|3|1|1|1|132|5|["132,18,5,3757"]|13:47:37:375
62|1.1|636136514444522352|0|49662.359375|13.69703388356|100.57531680066|-18761|1247||49662.359375|103.25||10350|101.5|49662.359375|89612b|ETD401|0|1979|1693.75|||3|3|1|1|1|132|5|["132,18,5,3757"]|13:47:42:359
62|1.1|636136514494447344|0|49667.359375|13.70414709122|100.57556892793|-18733|2034||49667.359375|104.25||10493.75|103.25|49667.359375|89612b|ETD401|0|1979|1693.75|||3|3|1|1|1|132|18|["132,18,5,3757"]|13:47:47:359
62|1.1|636136514544362335|0|49672.3359375|13.71134612944|100.5758210552|-18705|2830||49672.3359375|105.25||10637.5|104.25|49672.3359375|89612b|ETD401|0|1979|1612.5|||3|3|1|1|1|132|18|["132,18,5,3757"]|13:47:52:336
62|1.1|636136514594287327|0|49677.3359375|13.7179765402|100.57607854688|-18677|3564||49677.3359375|105.75||10631.25|104.25|49677.3359375|89612b|ETD401|0|1979|1337.5|||3|3|1|1|1|132|18|["132,18,5,3757"]|13:47:57:336
62|1.1|636136514644212319|0|49682.3359375|13.72593196023|100.5763574962|-18646|4444||49682.3359375|106.75||10687.5|104.75|49682.3359375|89612b|ETD401|0|1979|1200|||3|3|1|1|1|132|5|["132,18,5,3757"]|13:48:02:336
62|1.1|636136514694127310|0|49687.3203125|13.73323828665|100.57661498788|-18618|5252||49687.3203125|107.25||10768.75|105.75|49687.3203125|89612b|ETD401|0|1979|1125|||3|3|1|1|1|132|18|["132,18,5,3757"]|13:48:07:320
62|1.1|636136514744052302|0|49692.3203125|13.74068945214|100.57687247956|-18589|6077||49692.3203125|108||10856.25|106.5|49692.3203125|89612b|ETD401|0|1979|1025|||3|3|1|1|1|132|18|["132,18,5,3757"]|13:48:12:320
62|1.1|636136514793977294|0|49697.296875|13.74822644819|100.57712460683|-18561|6911||49697.296875|108.75||10937.5|107.25|49697.296875|89612b|ETD401|0|1979|962.5|||3|3|1|1|1|132|18|["132,18,5,3757"]|13:48:17:297
62|1.1|636136514843892285|0|49702.296875|13.75597265623|100.5773767341|-18533|7768||49702.296875|109.5||11018.75|107.75|49702.296875|89612b|ETD401|0|1979|925|||3|3|1|1|1|132|18|["132,18,5,3757"]|13:48:22:297
62|1.1|636136514893817277|0|49707.296875|13.76342382172|100.57752157317|-18517|8592||49707.296875|110.25||11062.5|108.5|49707.296875|89612b|ETD401|0|1979|925|||3|3|1|1|1|132|18|["132,18,5,3757"]|13:48:27:297
62|1.1|636136514943732268|0|49712.28125|13.7710841992|100.57769323429|-18498|9439||49712.28125|111.25||11137.5|109.25|49712.28125|89612b|ETD401|0|1979|925|||3|3|1|1|1|132|18|["132,18,5,3757"]|13:48:32:281
62|1.1|636136514993667261|0|49717.28125|13.78022515384|100.57783807336|-18482|10451||49717.28125|112.5||11237.5|110.25|49717.28125|89612b|ETD401|0|1979|1006.25|||3|3|1|1|1|132|5|["132,18,5,3757"]|13:48:37:281
62|1.1|636136515043592253|0|49722.2578125|13.7888403963|100.57790244628|-18474|11404||49722.2578125|113||11318.75|111.25|49722.2578125|89612b|ETD401|0|1979|1025|||3|3|1|1|1|132|18|["132,18,5,3757"]|13:48:42:258
62|1.1|636136515093507244|0|49727.2578125|13.79723033354|100.57724262385|-18545|12332||49727.2578125|113.75||11406.25|112.25|49727.2578125|89612b|ETD401|0|1979|1025|||3|3|1|1|1|132|18|["132,18,5,3757"]|13:48:47:258
62|1.1|636136515143432236|0|49732.2578125|13.80468686344|100.57449604593|-18841|13158||49732.2578125|114.5||11481.25|112.75|49732.2578125|89612b|ETD401|0|1979|1006.25|||3|3|1|1|1|132|18|["132,18,5,3757"]|13:48:52:258
62|1.1|636136515193347227|0|49737.2421875|13.81200391868|100.57090725564|-19228|13967||49737.2421875|115.25||11568.75|113.5|49737.2421875|89612b|ETD401|0|1979|981.25|||3|3|1|1|1|132|18|["132,18,5,3757"]|13:48:57:242
62|1.1|636136515243282220|0|49742.2421875|13.82001298281|100.56539264216|-19824|14854||49742.2421875|116.25||11668.75|114.5|49742.2421875|89612b|ETD401|0|1979|1043.75|||3|3|1|1|1|132|18|["132,18,5,3757"]|13:49:02:242
62|1.1|636136515293197211|0|49747.21875|13.82668630885|100.55959907936|-20450|15593||49747.21875|117.5||11750|115.5|49747.21875|89612b|ETD401|0|1979|1062.5|||3|3|1|1|1|132|5|["132,18,5,3757"]|13:49:07:219
62|1.1|636136515343112202|0|49752.21875|13.83328989756|100.55327980438|-21132|16324||49752.21875|118.25||11862.5|116.5|49752.21875|89612b|ETD401|0|1979|1100|||3|3|1|1|1|132|18|["132,18,5,3757"]|13:49:12:219
62|1.1|636136515393037194|0|49757.21875|13.83946433347|100.54627388492|-21889|17008||49757.21875|119.25||11968.75|117.75|49757.21875|89612b|ETD401|0|1979|1162.5|||3|3|1|1|1|132|18|["132,18,5,3757"]|13:49:17:219
62|1.1|636136515442962186|0|49762.1953125|13.84423329396|100.53969711826|-22600|17536||49762.1953125|120.5||12068.75|118.75|49762.1953125|89612b|ETD401|0|1979|1200|||3|3|1|1|1|132|18|["132,18,5,3757"]|13:49:22:195
62|1.1|636136515492877177|0|49767.1953125|13.8483853473|100.53229423246|-23400|17996||49767.1953125|121.75||12181.25|119.75|49767.1953125|89612b|ETD401|0|1979|1237.5|||3|3|1|1|1|132|18|["132,18,5,3757"]|13:49:27:195
62|1.1|636136515542802169|0|49772.1796875|13.85297728226|100.52348050683|-24352|18505||49772.1796875|123.25||12337.5|121.5|49772.1796875|89612b|ETD401|0|1979|1656.25|||3|3|1|1|1|132|18|["132,18,5,3757"]|13:49:32:180
62|1.1|636136515592717160|0|49777.1796875|13.8559491654|100.51407133169|-25369|18834||49777.1796875|125||12500|123.25|49777.1796875|89612b|ETD401|0|1979|1931.25|||3|3|1|1|1|132|18|["132,18,5,3757"]|13:49:37:180
62|1.1|636136515642642152|0|49782.1796875|13.8570756915|100.50355172368|-26506|18960||49782.1796875|127.5||12737.5|125.25|49782.1796875|89612b|ETD401|0|1979|2143.75|||3|3|1|1|1|132|5|["132,18,5,3757"]|13:49:42:180
62|1.1|636136515692567144|0|49787.15625|13.85803055648|100.49593426148|-27329|19067||49787.15625|129||12906.25|127.25|49787.15625|89612b|ETD401|0|1979|2162.5|||3|3|1|1|1|132|18|["132,18,5,3757"]|13:49:47:156
62|1.1|636136515742482135|0|49792.15625|13.85908198084|100.48686840858|-28309|19184||49792.15625|131.25||13125|129.25|49792.15625|89612b|ETD401|0|1979|2262.5|||3|3|1|1|1|132|18|["132,18,5,3757"]|13:49:52:156
62|1.1|636136515792407127|0|49797.140625|13.8601870493|100.47788838624|-29280|19308||49797.140625|133.5||13331.25|131.75|49797.140625|89612b|ETD401|0|1979|2737.5|||3|3|1|1|1|132|18|["132,18,5,3757"]|13:49:57:141
62|1.1|636136515842332119|0|49802.140625|13.86149060093|100.4685864993|-30285|19453||49802.140625|135.25||13537.5|133.5|49802.140625|89612b|ETD401|0|1979|2418.75|||3|3|1|1|1|132|18|["132,18,5,3757"]|13:50:02:141
62|1.1|636136515892257111|0|49807.140625|13.86258494057|100.45948845994|-31268|19575||49807.140625|136.5||13750|135.25|49807.140625|89612b|ETD401|0|1979|2343.75|||3|3|1|1|1|132|5|["132,18,5,3757"]|13:50:07:141
62|1.1|636136515942172102|0|49812.1171875|13.86425863649|100.44854506354|-32451|19762||49812.1171875|138||13968.75|137.5|49812.1171875|89612b|ETD401|0|1979|2443.75|||3|3|1|1|1|132|5|["132,18,5,3757"]|13:50:12:117
62|1.1|636136515992097094|0|49817.1171875|13.8652295947|100.43840632864|-33547|19871||49817.1171875|141||14156.25|139.25|49817.1171875|89612b|ETD401|0|1979|2143.75|||3|3|1|1|1|132|5|["132,18,5,3757"]|13:50:17:117
62|1.1|636136516042012085|0|49822.1015625|13.86637221403|100.430338256|-34419|19998||49822.1015625|142.5||14281.25|140.5|49822.1015625|89612b|ETD401|0|1979|2025|||3|3|1|1|1|132|5|["132,18,5,3757"]|13:50:22:102
62|1.1|636136516091957079|0|49827.1015625|13.86768649448|100.42013514818|-35522|20145||49827.1015625|144.25||14475|142.5|49827.1015625|89612b|ETD401|0|1979|2068.75|||3|3|1|1|1|132|5|["132,18,5,3757","132,114,5,545"]|13:50:27:102
62|1.1|636136516141862069|0|49832.1015625|13.86890957996|100.41104783764|-36504|20282||49832.1015625|146||14656.25|144.75|49832.1015625|89612b|ETD401|0|1979|2225|||3|3|1|1|1|132|5|["132,18,5,3757","132,114,5,545"]|13:50:32:102
62|1.1|636136516191777060|0|49837.078125|13.8701112078|100.40188542536|-37494|20416||49837.078125|147.75||14825|146.25|49837.078125|89612b|ETD401|0|1979|2162.5|||3|3|1|1|1|132|5|["132,18,5,3757","132,114,5,545"]|13:50:37:078
62|1.1|636136516241702052|0|49842.078125|13.87130747123|100.39266400457|-38491|20550||49842.078125|149.25||15000|148.25|49842.078125|89612b|ETD401|0|1979|2143.75|||3|3|1|1|1|132|5|["132,18,5,3757","132,114,5,545"]|13:50:42:078
62|1.1|636136516291627044|0|49847.0625|13.87255737876|100.38223022712|-39618|20690||49847.0625|152.25||15206.25|150.25|49847.0625|89612b|ETD401|0|1979|2206.25|||3|3|1|1|1|132|5|["132,18,5,3757","132,114,5,545"]|13:50:47:063
62|1.1|636136516341552036|0|49852.0625|13.87382337952|100.37190373787|-40734|20832||49852.0625|153.75||15400|152.25|49852.0625|89612b|ETD401|0|1979|2225|||3|3|1|1|1|132|5|["132,18,5,3757","132,114,5,545"]|13:50:52:063
62|1.1|636136516391467027|0|49857.0625|13.87505182941|100.3628539782|-41712|20969||49857.0625|155.5||15575|153.75|49857.0625|89612b|ETD401|0|1979|2206.25|||3|3|1|1|1|132|5|["132,18,5,3757","132,114,5,545"]|13:50:57:063
62|1.1|636136516441392019|0|49862.0390625|13.87626418607|100.35337506573|-42737|21105||49862.0390625|155.75||15756.25|155.5|49862.0390625|89612b|ETD401|0|1979|2206.25|||3|3|1|1|1|132|114|["132,18,5,3757","132,114,4,545"]|13:51:02:039
62|1.1|636136516491307010|0|49867.0390625|13.87748727155|100.34414828053|-43734|21242||49867.0390625|158.5||15912.5|157.25|49867.0390625|89612b|ETD401|0|1979|2143.75|||3|3|1|1|1|132|5|["132,18,5,3757","132,114,4,545"]|13:51:07:039
62|1.1|636136516541232002|0|49872.015625|13.87872645026|100.3344762493|-44779|21381||49872.015625|159.5||16068.75|158.75|49872.015625|89612b|ETD401|0|1979|2025|||3|3|1|1|1|132|114|["132,18,5,3757","132,114,5,550"]|13:51:12:016
62|1.1|636136516591156994|0|49877.015625|13.87996026456|100.32468620105|-45837|21519||49877.015625|161||16218.75|160.25|49877.015625|89612b|ETD401|0|1979|1912.5|||3|3|1|1|1|132|114|["132,18,5,3757","132,114,5,550"]|13:51:17:016
62|1.1|636136516641081986|0|49882.015625|13.8813228247|100.31316344837|-47082|21672||49882.015625|164||16406.25|162.25|49882.015625|89612b|ETD401|0|1979|1987.5|||3|3|1|1|1|132|5|["132,18,5,3757","132,114,5,550"]|13:51:22:016
62|1.1|636136516691006978|0|49887|13.88257809664|100.30385083261|-48089|21813||49887|165.5||16562.5|163.75|49887|89612b|ETD401|0|1979|1987.5|||3|3|1|1|1|132|5|["132,18,5,3757","132,114,5,550"]|13:51:27:000
62|1.1|636136516740931970|0|49892|13.88382800417|100.29403396231|-49149|21953||49892|165.75||16731.25|165.25|49892|89612b|ETD401|0|1979|1987.5|||3|3|1|1|1|132|18|["132,18,5,3757","132,114,5,550"]|13:51:32:000
62|1.1|636136516790846961|0|49896.9765625|13.88512082698|100.28486618562|-50140|22098||49896.9765625|168.25||16925|167.5|49896.9765625|89612b|ETD401|0|1979|2162.5|||3|3|1|1|1|132|114|["132,18,5,3757","132,114,5,550"]|13:51:36:977
62|1.1|636136516840761952|0|49901.9765625|13.88642974302|100.275306807|-51173|22245||49901.9765625|169.75||17087.5|169.25|49901.9765625|89612b|ETD401|0|1979|2125|||3|3|1|1|1|132|5|["132,18,5,3757","132,114,5,550"]|13:51:41:977
62|1.1|636136516890706946|0|49906.9765625|13.88778157434|100.26458871582|-52331|22397||49906.9765625|171||17287.5|170.75|49906.9765625|89612b|ETD401|0|1979|2125|||3|3|1|1|1|132|18|["132,18,5,3757","132,114,5,550"]|13:51:46:977
62|1.1|636136516940611936|0|49911.9609375|13.88917632094|100.2548147608|-53387|22553||49911.9609375|174.5||17456.25|172.5|49911.9609375|89612b|ETD401|0|1979|2087.5|||3|3|1|1|1|132|5|["132,18,5,3757","132,114,5,550"]|13:51:51:961
62|1.1|636136516990526927|0|49916.9609375|13.89052278785|100.24505689901|-54442|22704||49916.9609375|176||17637.5|174.25|49916.9609375|89612b|ETD401|0|1979|2087.5|||3|3|1|1|1|132|5|["132,18,5,3757","132,114,4,550"]|13:51:56:961
62|1.1|636136517040451919|0|49921.9375|13.89190144122|100.23447291808|-55585|22859||49921.9375|177.5||17825|176.25|49921.9375|89612b|ETD401|0|1979|2143.75|||3|3|1|1|1|132|5|["132,18,5,3757","132,114,4,550"]|13:52:01:938
62|1.1|636136517090386912|0|49926.9375|13.89329618782|100.22368508957|-56751|23016||49926.9375|179.25||18025|178.25|49926.9375|89612b|ETD401|0|1979|2225|||3|3|1|1|1|132|5|["132,18,5,3757","132,114,5,554"]|13:52:06:938
62|1.1|636136517140301903|0|49931.9375|13.89471775647|100.21323521889|-57880|23176||49931.9375|180.5||18193.75|180.25|49931.9375|89612b|ETD401|0|1979|2162.5|||3|3|1|1|1|132|114|["132,18,5,3757","132,114,5,554"]|13:52:11:938
62|1.1|636136517190226895|0|49936.921875|13.89612323189|100.20284972113|-59002|23334||49936.921875|181.75||18325|181.5|49936.921875|89612b|ETD401|0|1979|2050|||3|3|1|1|1|132|114|["132,18,5,3757","132,114,5,554"]|13:52:16:922
62|1.1|636136517240141886|0|49941.921875|13.89749652085|100.19381069028|-59979|23488||49941.921875|183||18425|182.25|49941.921875|89612b|ETD401|0|1979|1612.5|||3|3|1|1|1|132|114|["132,18,5,3757","132,114,5,554"]|13:52:21:922
62|1.1|636136517290056877|0|49946.8984375|13.89888053863|100.18340373488|-61103|23644||49946.8984375|185||18531.25|183.25|49946.8984375|89612b|ETD401|0|1979|1375|||3|3|1|1|1|132|5|["132,18,5,3757","132,114,5,554"]|13:52:26:898
62|1.1|636136517339981869|0|49951.8984375|13.90024846318|100.17399455974|-62120|23798||49951.8984375|186.5||18656.25|184.5|49951.8984375|89612b|ETD401|0|1979|1456.25|||3|3|1|1|1|132|5|["132,18,5,3757","132,114,5,554"]|13:52:31:898
62|1.1|636136517389906861|0|49956.8984375|13.90162711655|100.16402748596|-63197|23953||49956.8984375|187.25||18787.5|185.5|49956.8984375|89612b|ETD401|0|1979|1575|||3|3|1|1|1|132|114|["132,18,5,3757","132,114,5,554"]|13:52:36:898
62|1.1|636136517439831853|0|49961.875|13.90300576992|100.15417306479|-64262|24108||49961.875|189.5||18968.75|188.25|49961.875|89612b|ETD401|0|1979|1931.25|||3|3|1|1|1|132|5|["132,18,5,3757","132,114,5,554"]|13:52:41:875
62|1.1|636136517489746844|0|49966.875|13.90437905888|100.1441469825|-65345|24263||49966.875|190.75||19125|189.75|49966.875|89612b|ETD401|0|1979|2050|||3|3|1|1|1|132|114|["132,18,5,3757","132,114,5,554"]|13:52:46:875
62|1.1|636136517539681837|0|49971.859375|13.90584354281|100.13244183988|-66610|24428||49971.859375|192.5||19350|191.75|49971.859375|89612b|ETD401|0|1979|2125|||3|3|1|1|1|132|5|["132,18,5,3757","132,114,5,554"]|13:52:51:859
62|1.1|636136517589596828|0|49976.859375|13.90751723873|100.1211336636|-67831|24616||49976.859375|195||19512.5|193.25|49976.859375|89612b|ETD401|0|1979|1768.75|||3|3|1|1|1|132|5|["132,18,5,3757","132,114,5,554"]|13:52:56:859
62|1.1|636136517639521820|0|49981.859375|13.90869740893|100.1125506076|-68759|24749||49981.859375|195.5||19650|194.5|49981.859375|89612b|ETD401|0|1979|1768.75|||3|3|1|1|1|132|114|["132,18,5,3757","132,114,5,554"]|13:53:01:859
62|1.1|636136517689436811|0|49986.8359375|13.91016725727|100.10118878722|-69986|24915||49986.8359375|197.5||19800|196.25|49986.8359375|89612b|ETD401|0|1979|1768.75|||3|3|1|1|1|132|5|["132,18,5,3757","132,114,5,554"]|13:53:06:836
62|1.1|636136517739371804|0|49991.8359375|13.91162101238|100.09165623065|-71016|25079||49991.8359375|198.75||19931.25|197.25|49991.8359375|89612b|ETD401|0|1979|1712.5|||3|3|1|1|1|132|5|["132,18,5,3757","132,114,5,554"]|13:53:11:836
62|1.1|636136517789276794|0|49996.8203125|13.91304258103|100.08142630078|-72121|25239||49996.8203125|199.75||20075|198.5|49996.8203125|89612b|ETD401|0|1979|1656.25|||3|3|1|1|1|132|114|["132,18,5,3757","132,114,5,554"]|13:53:16:820
62|1.1|636136517839201786|0|50001.8203125|13.91460362434|100.07102470979|-73245|25415||50001.8203125|200.75||20225|199.75|50001.8203125|89612b|ETD401|0|1979|1537.5|||3|3|1|1|1|132|114|["132,18,5,3757","132,114,5,554"]|13:53:21:820
62|1.1|636136517889126778|0|50006.8203125|13.91908290669|100.05995256755|-74440|25914||50006.8203125|202||20300|201.25|50006.8203125|89612b|ETD401|0|1979|1493.75|||3|3|1|1|1|132|114|["132,18,5,3757","132,114,5,554"]|13:53:26:820
62|1.1|636136517939041769|0|50011.796875|13.92280580723|100.05083843496|-75424|26329||50011.796875|203.25||20406.25|202.25|50011.796875|89612b|ETD401|0|1979|1437.5|||3|3|1|1|1|132|114|["132,18,5,3757","132,114,5,554"]|13:53:31:797
62|1.1|636136517988966761|0|50016.796875|13.92767669151|100.04039392869|-76551|26871||50016.796875|205.5||20581.25|203.75|50016.796875|89612b|ETD401|0|1979|1712.5|||3|3|1|1|1|132|5|["132,18,5,3757","132,114,5,554"]|13:53:36:797
62|1.1|636136518038891753|0|50021.78125|13.93194139746|100.030689711|-77598|27346||50021.78125|206.25||20718.75|205.5|50021.78125|89612b|ETD401|0|1979|1812.5|||3|3|1|1|1|132|114|["132,18,5,3757","132,114,5,554"]|13:53:41:781
62|1.1|636136518088806744|0|50026.78125|13.93545508601|100.02142001052|-78599|27738||50026.78125|208||20843.75|206.5|50026.78125|89612b|ETD401|0|1979|1656.25|||3|3|1|1|1|132|5|["132,18,5,3757","132,114,5,554"]|13:53:46:781
62|1.1|636136518138731736|0|50031.78125|13.93942474941|100.01171042842|-79647|28180||50031.78125|208.75||20950|207.5|50031.78125|89612b|ETD401|0|1979|1518.75|||3|3|1|1|1|132|114|["132,18,5,3757","132,114,5,554"]|13:53:51:781
62|1.1|636136518188656728|0|50036.7578125|13.94347487896|100.00122300687|-80779|28632||50036.7578125|210||21087.5|208.75|50036.7578125|89612b|ETD401|0|1979|1518.75|||3|3|1|1|1|132|114|["132,18,5,3757","132,114,5,554"]|13:53:56:758
62|1.1|636136518238571719|0|50041.7578125|13.94731579652|99.99164753502|-81812|29060||50041.7578125|211.25||21212.5|210.25|50041.7578125|89612b|ETD401|0|1979|1493.75|||3|3|1|1|1|132|114|["132,18,5,3757","132,114,5,554"]|13:54:01:758
62|1.1|636136518288496711|0|50046.7421875|13.95147857868|99.98083824887|-82979|29525||50046.7421875|213.5||21350|211.5|50046.7421875|89612b|ETD401|0|1979|1537.5|||3|3|1|1|1|132|5|["132,18,5,3757","132,114,5,554"]|13:54:06:742
62|1.1|636136518338411702|0|50051.7421875|13.95576474227|99.96994313216|-84155|30002||50051.7421875|214.75||21506.25|213.25|50051.7421875|89612b|ETD401|0|1979|1693.75|||3|3|1|1|1|132|5|["132,18,5,3757","132,114,5,554"]|13:54:11:742
62|1.1|636136518388346695|0|50056.7421875|13.95956274455|99.96072171137|-85150|30426||50056.7421875|216||21637.5|214.5|50056.7421875|89612b|ETD401|0|1979|1712.5|||3|3|1|1|1|132|5|["132,18,5,3757","132,114,5,554"]|13:54:16:742
62|1.1|636136518438261686|0|50061.71875|13.96358605205|99.95073854436|-86227|30874||50061.71875|217||21781.25|216.25|50061.71875|89612b|ETD401|0|1979|1731.25|||3|3|1|1|1|132|114|["132,18,5,3757","132,114,5,554"]|13:54:21:719
62|1.1|636136518488186678|0|50066.71875|13.96779174949|99.93974686827|-87413|31344||50066.71875|218.5||21937.5|217.5|50066.71875|89612b|ETD401|0|1979|1768.75|||3|3|1|1|1|132|114|["132,18,5,3757","132,114,5,554"]|13:54:26:719
62|1.1|636136518538101669|0|50071.6953125|13.97192234519|99.9292487179|-88546|31805||50071.6953125|220||22112.5|219.25|50071.6953125|89612b|ETD401|0|1979|1812.5|||3|3|1|1|1|132|114|["132,18,5,3757","132,114,5,554"]|13:54:31:695
62|1.1|636136518588036662|0|50076.6953125|13.97579544921|99.92000583947|-89543|32237||50076.6953125|221.75||22250|220.5|50076.6953125|89612b|ETD401|0|1979|1793.75|||3|3|1|1|1|132|114|["132,18,5,3757","132,114,5,554"]|13:54:36:695
62|1.1|636136518637951653|0|50081.6953125|13.97964173118|99.91065567284|-90552|32666||50081.6953125|223.25||22400|222.25|50081.6953125|89612b|ETD401|0|1979|1750|||3|3|1|1|1|132|114|["132,18,5,3757","132,114,5,554"]|13:54:41:695
62|1.1|636136518687866644|0|50086.6796875|13.98357384371|99.90092999751|-91601|33105||50086.6796875|224.75||22550|223.75|50086.6796875|89612b|ETD401|0|1979|1868.75|||3|3|1|1|1|132|114|["132,18,5,3757","132,114,5,554"]|13:54:46:680
62|1.1|636136518737791636|0|50091.6796875|13.98754350711|99.89090927963|-92682|33548||50091.6796875|226.5||22712.5|225.5|50091.6796875|89612b|ETD401|0|1979|1987.5|||3|3|1|1|1|132|114|["132,18,5,3757","132,114,5,554"]|13:54:51:680
62|1.1|636136518787706627|0|50096.65625|13.99151853492|99.88075981591|-93777|33992||50096.65625|228.25||22887.5|227.25|50096.65625|89612b|ETD401|0|1979|2025|||3|3|1|1|1|132|114|["132,18,5,3757","132,114,5,554"]|13:54:56:656
62|1.1|636136518837641620|0|50101.65625|13.99534872366|99.86899030037|-95047|34420||50101.65625|229.5||23075|228.75|50101.65625|89612b|ETD401|0|1979|1931.25|||3|3|1|1|1|132|114|["132,18,5,3757","132,114,5,554"]|13:55:01:656
62|1.1|636136518887556611|0|50106.65625|13.9996617093|99.8582775736|-96203|34901||50106.65625|231||23231.25|230.25|50106.65625|89612b|ETD401|0|1979|1793.75|||3|3|1|1|1|132|114|["132,18,5,3757","132,114,5,554"]|13:55:06:656
62|1.1|636136518937481603|0|50111.640625|14.0038459491|99.84799399963|-97312|35369||50111.640625|232.25||23381.25|231.25|50111.640625|89612b|ETD401|0|1979|1712.5|||3|3|1|1|1|132|114|["132,18,5,3757","132,114,5,554"]|13:55:11:641
62|1.1|636136518987396594|0|50116.640625|14.00814284151|99.83711497615|-98486|35849||50116.640625|233.5||23493.75|232.5|50116.640625|89612b|ETD401|0|1979|1612.5|||3|3|1|1|1|132|114|["132,18,5,3757","132,114,5,554"]|13:55:16:641
62|1.1|636136519037321586|0|50121.6171875|14.0121607846|99.82656318168|-99624|36297||50121.6171875|235||23618.75|233.75|50121.6171875|89612b|ETD401|0|1979|1612.5|||3|3|1|1|1|132|114|["132,18,5,3757","132,114,5,554"]|13:55:21:617
62|1.1|636136519087246578|0|50126.6171875|14.01637184645|99.81604357367|-100759|36768||50126.6171875|236.25||23737.5|235.25|50126.6171875|89612b|ETD401|0|1979|1612.5|||3|3|1|1|1|132|114|["132,18,5,3757","132,114,5,554"]|13:55:26:617
62|1.1|636136519137161569|0|50131.6171875|14.02029323016|99.80614623722|-101826|37206||50131.6171875|237.75||23887.5|236.5|50131.6171875|89612b|ETD401|0|1979|1631.25|||3|3|1|1|1|132|114|["132,18,5,3757","132,114,5,554"]|13:55:31:617
62|1.1|636136519187086561|0|50136.6015625|14.02435408853|99.79565881567|-102958|37659||50136.6015625|239.5||24025|238.25|50136.6015625|89612b|ETD401|0|1979|1812.5|||3|3|1|1|1|132|114|["132,18,5,3757","132,114,5,554"]|13:55:36:602
62|1.1|636136519237011553|0|50141.6015625|14.02837739603|99.78504801269|-104102|38109||50141.6015625|241||24168.75|240.25|50141.6015625|89612b|ETD401|0|1979|1868.75|||3|3|1|1|1|132|114|["132,18,5,3757","132,114,5,554"]|13:55:41:602
62|1.1|636136519286936545|0|50146.578125|14.03267965285|99.77442111648|-105248|38590||50146.578125|242.5||24306.25|241.5|50146.578125|89612b|ETD401|0|1979|1868.75|||3|3|1|1|1|132|114|["132,18,5,3757","132,114,5,554"]|13:55:46:578
62|1.1|636136519336861537|0|50151.578125|14.03687998588|99.76449159357|-106319|39059||50151.578125|243.75||24456.25|242.75|50151.578125|89612b|ETD401|0|1979|1768.75|||3|3|1|1|1|132|114|["132,18,5,3757","132,114,5,554"]|13:55:51:578
62|1.1|636136519386776528|0|50156.578125|14.0411822427|99.75398807879|-107452|39540||50156.578125|245||24587.5|244.25|50156.578125|89612b|ETD401|0|1979|1631.25|||3|3|1|1|1|132|114|["132,18,5,3757","132,114,5,554"]|13:55:56:578
62|1.1|636136519436691519|0|50161.5625|14.04536111809|99.74377960656|-108552|40007||50161.5625|246.25||24718.75|245.25|50161.5625|89612b|ETD401|0|1979|1556.25|||3|3|1|1|1|132|114|["132,18,5,3757","132,114,5,554"]|13:56:01:563
62|1.1|636136519486626512|0|50166.5625|14.04940588323|99.73346921054|-109664|40459||50166.5625|247.5||24843.75|246.25|50166.5625|89612b|ETD401|0|1979|1493.75|||3|3|1|1|1|132|114|["132,18,5,3757","132,114,5,554"]|13:56:06:563
62|1.1|636136519536541503|0|50171.5390625|14.05347747042|99.72314272129|-110778|40914||50171.5390625|248.5||24956.25|246.5|50171.5390625|89612b|ETD401|0|1979|1456.25|||3|3|1|1|1|132|114|["132,18,5,3757","132,114,5,554"]|13:56:11:539
62|1.1|636136519586456494|0|50176.5390625|14.05758124407|99.71259629123|-111915|41373||50176.5390625|249.5||25081.25|248.5|50176.5390625|89612b|ETD401|0|1979|1418.75|||3|3|1|1|1|132|18|["132,18,5,3757","132,114,5,554"]|13:56:16:539
62|1.1|636136519636391487|0|50181.5390625|14.0614597125|99.70209814086|-113047|41808||50181.5390625|250.5||25181.25|248.5|50181.5390625|89612b|ETD401|0|1979|1281.25|||3|3|1|1|1|132|114|["132,18,5,3757","132,114,5,554"]|13:56:21:539
62|1.1|636136519686306478|0|50186.515625|14.06519870627|99.69163754136|-114175|42226||50186.515625|251.5||25275|250.25|50186.515625|89612b|ETD401|0|1979|1181.25|||3|3|1|1|1|132|114|["132,18,5,3757","132,114,5,554"]|13:56:26:516
62|1.1|636136519736221469|0|50191.515625|14.06862656426|99.68110184012|-115311|42610||50191.515625|252.5||25375|250.5|50191.515625|89612b|ETD401|0|1979|1181.25|||3|3|1|1|1|132|114|["132,18,5,3757","132,114,5,554"]|13:56:31:516
62|1.1|636136519786146461|0|50196.5|14.0721348884|99.67040520658|-116465|43004||50196.5|253.75||25475|252.25|50196.5|89612b|ETD401|0|1979|1200|||3|3|1|1|1|132|114|["132,18,5,3757","132,114,5,554"]|13:56:36:500
62|1.1|636136519836071453|0|50201.5|14.07570758546|99.65925259819|-117668|43405||50201.5|255.25||25581.25|253.75|50201.5|89612b|ETD401|0|1979|1418.75|||3|3|1|1|1|132|114|["132,18,5,3757","132,114,5,554"]|13:56:41:500
62|1.1|636136519885996445|0|50206.5|14.07921054519|99.64843258322|-118834|43798||50206.5|256.25||25700|255.25|50206.5|89612b|ETD401|0|1979|1437.5|||3|3|1|1|1|132|114|["132,18,5,3757","132,114,5,554"]|13:56:46:500
62|1.1|636136519935941439|0|50211.4765625|14.08257403026|99.63722633073|-120043|44175||50211.4765625|257||25775|255.25|50211.4765625|89612b|ETD401|0|1979|1300|||3|3|1|1|1|132|114|["132,18,5,3757","132,114,5,554"]|13:56:51:477
62|1.1|636136519985836428|0|50216.4765625|14.08620573583|99.6264814175|-121202|44583||50216.4765625|258||25868.75|256.75|50216.4765625|89612b|ETD401|0|1979|1200|||3|3|1|1|1|132|114|["132,18,5,3757","132,114,5,554"]|13:56:56:477
62|1.1|636136520035761420|0|50221.4609375|14.08985353463|99.61575796191|-122358|44992||50221.4609375|259||25968.75|257.5|50221.4609375|89612b|ETD401|0|1979|1143.75|||3|3|1|1|1|132|114|["132,18,5,3757","132,114,5,554"]|13:57:01:461
62|1.1|636136520085686412|0|50226.4609375|14.09350133343|99.60526517595|-123489|45401||50226.4609375|260||26081.25|258.5|50226.4609375|89612b|ETD401|0|1979|1143.75|||3|3|1|1|1|132|114|["132,18,5,3757","132,114,5,554"]|13:57:06:461
62|1.1|636136520135601403|0|50231.4609375|14.09708475931|99.5942949575|-124672|45803||50231.4609375|261||26181.25|259.25|50231.4609375|89612b|ETD401|0|1979|1218.75|||3|3|1|1|1|132|114|["132,18,5,3757","132,114,5,554"]|13:57:11:461
62|1.1|636136520185516394|0|50236.4375|14.10057699022|99.58330864582|-125857|46195||50236.4375|262.25||26281.25|260.75|50236.4375|89612b|ETD401|0|1979|1218.75|||3|3|1|1|1|132|114|["132,18,5,3757","132,114,5,554"]|13:57:16:438
62|1.1|636136520235441386|0|50241.4375|14.104106772|99.5721399442|-127061|46592||50241.4375|263.25||26387.5|261.75|50241.4375|89612b|ETD401|0|1979|1218.75|||3|3|1|1|1|132|114|["132,18,5,3757","132,114,5,554"]|13:57:21:438
62|1.1|636136520285366378|0|50246.421875|14.10714839247|99.56129310718|-128231|46934||50246.421875|264.5||26518.75|263.25|50246.421875|89612b|ETD401|0|1979|1281.25|||3|3|1|1|1|132|114|["132,18,5,3757","132,114,5,554"]|13:57:26:422
62|1.1|636136520335281369|0|50251.421875|14.10986814834|99.54975426127|-129475|47241||50251.421875|265.5||26631.25|264.25|50251.421875|89612b|ETD401|0|1979|1300|||3|3|1|1|1|132|114|["132,18,5,3757","132,114,5,554"]|13:57:31:422
62|1.1|636136520385216362|0|50256.421875|14.11221775992|99.53799547455|-130744|47507||50256.421875|266.75||26743.75|265.25|50256.421875|89612b|ETD401|0|1979|1356.25|||3|3|1|1|1|132|114|["132,18,5,3757","132,114,5,554"]|13:57:36:422
62|1.1|636136520435131353|0|50261.3984375|14.11433133746|99.52649417951|-131985|47748||50261.3984375|267.75||26850|266.5|50261.3984375|89612b|ETD401|0|1979|1337.5|||3|3|1|1|1|132|114|["132,18,5,3757","132,114,5,554"]|13:57:41:398
62|1.1|636136520485056345|0|50266.3984375|14.11604794866|99.51501434211|-133224|47944||50266.3984375|268.75||26962.5|266.75|50266.3984375|89612b|ETD401|0|1979|1337.5|||3|3|1|1|1|132|114|["132,18,5,3757","132,114,5,554"]|13:57:46:398
62|1.1|636136520534971336|0|50271.375|14.11816689061|99.50314290278|-134504|48185||50271.375|269.75||27043.75|267.75|50271.375|89612b|ETD401|0|1979|1281.25|||3|3|1|1|1|132|114|["132,18,5,3757","132,114,5,554"]|13:57:51:375
62|1.1|636136520584896328|0|50276.375|14.12079545151|99.49166842979|-135742|48483||50276.375|271||27162.5|269.5|50276.375|89612b|ETD401|0|1979|1281.25|||3|3|1|1|1|132|114|["132,18,5,3757","132,114,5,554"]|13:57:56:375
62|1.1|636136520634821320|0|50281.375|14.1231504275|99.48025296531|-136973|48750||50281.375|272||27268.75|270.5|50281.375|89612b|ETD401|0|1979|1237.5|||3|3|1|1|1|132|114|["132,18,5,3757","132,114,5,554"]|13:58:01:375
62|1.1|636136520684736311|0|50286.359375|14.12532301355|99.46872484822|-138217|48997||50286.359375|273.25||27368.75|271.75|50286.359375|89612b|ETD401|0|1979|1300|||3|3|1|1|1|132|114|["132,18,5,3757","132,114,5,554"]|13:58:06:359
62|1.1|636136520734661303|0|50291.359375|14.12737758258|99.45702507001|-139479|49231||50291.359375|274.5||27475|273.25|50291.359375|89612b|ETD401|0|1979|1375|||3|3|1|1|1|132|114|["132,18,5,3757","132,114,5,554"]|13:58:11:359
62|1.1|636136520784576294|0|50296.3359375|14.12967891447|99.4453252918|-140741|49493||50296.3359375|275.5||27581.25|273.5|50296.3359375|89612b|ETD401|0|1979|1418.75|||3|3|1|1|1|132|114|["132,18,5,3757","132,114,5,554"]|13:58:16:336
62|1.1|636136520834501286|0|50301.3359375|14.13247913649|99.43386154763|-141977|49809||50301.3359375|276.75||27700|275.5|50301.3359375|89612b|ETD401|0|1979|1375|||3|3|1|1|1|132|114|["132,18,5,3757","132,114,5,554"]|13:58:21:336
62|1.1|636136520884426278|0|50306.3359375|14.13500040919|99.42240853228|-143212|50095||50306.3359375|277.75||27825|276.25|50306.3359375|89612b|ETD401|0|1979|1300|||3|3|1|1|1|132|114|["132,18,5,3757","132,114,5,554"]|13:58:26:336
62|1.1|636136520934351270|0|50311.3203125|14.13748949543|99.41088041519|-144456|50377||50311.3203125|278.5||27925|276.5|50311.3203125|89612b|ETD401|0|1979|1200|||3|3|1|1|1|132|114|["132,18,5,3757","132,114,5,554"]|13:58:31:320
62|1.1|636136520984266261|0|50316.3203125|14.13990347993|99.3990840776|-145728|50652||50316.3203125|279.5||28012.5|277.5|50316.3203125|89612b|ETD401|0|1979|1181.25|||3|3|1|1|1|132|114|["132,18,5,3757","132,114,5,554"]|13:58:36:320
62|1.1|636136521034191253|0|50321.296875|14.14233892207|99.38746476554|-146981|50928||50321.296875|280.75||28106.25|279.25|50321.296875|89612b|ETD401|0|1979|1200|||3|3|1|1|1|132|114|["132,18,5,3757","132,114,5,554"]|13:58:41:297
62|1.1|636136521084116245|0|50326.296875|14.14449005048|99.37589909758|-148228|51173||50326.296875|281.75||28212.5|279.75|50326.296875|89612b|ETD401|0|1979|1262.5|||3|3|1|1|1|132|114|["132,18,5,3757","132,114,5,554"]|13:58:46:297
62|1.1|636136521134031236|0|50331.296875|14.14688794175|99.36406520912|-149505|51446||50331.296875|283||28312.5|281.5|50331.296875|89612b|ETD401|0|1979|1262.5|||3|3|1|1|1|132|114|["132,18,5,3757","132,114,5,554"]|13:58:51:297
62|1.1|636136521183966229|0|50336.28125|14.14935020594|99.35270875315|-150730|51726||50336.28125|284||28443.75|282.25|50336.28125|89612b|ETD401|0|1979|1300|||3|3|1|1|1|132|114|["132,18,5,3757","132,114,5,554"]|13:58:56:281
62|1.1|636136521233881220|0|50341.28125|14.15207532622|99.34122891575|-151967|52035||50341.28125|285||28568.75|283.25|50341.28125|89612b|ETD401|0|1979|1262.5|||3|3|1|1|1|132|114|["132,18,5,3757","132,114,5,554"]|13:59:01:281
62|1.1|636136521283796211|0|50346.2578125|14.15454295482|99.32947549344|-153235|52315||50346.2578125|286||28668.75|284.25|50346.2578125|89612b|ETD401|0|1979|1218.75|||3|3|1|1|1|132|114|["132,18,5,3757","132,114,5,554"]|13:59:06:258
62|1.1|636136521333721203|0|50351.2578125|14.15689793081|99.31760405411|-154515|52584||50351.2578125|287||28756.25|285.5|50351.2578125|89612b|ETD401|0|1979|1162.5|||3|3|1|1|1|132|114|["132,18,5,3757","132,114,5,554"]|13:59:11:258
62|1.1|636136521383636194|0|50356.2578125|14.15933873736|99.30571652155|-155797|52861||50356.2578125|288||28843.75|286.5|50356.2578125|89612b|ETD401|0|1979|1125|||3|3|1|1|1|132|114|["132,18,5,3757","132,114,5,554"]|13:59:16:258
62|1.1|636136521433571187|0|50361.2421875|14.16167762012|99.29414548918|-157045|53128||50361.2421875|289||28937.5|287.5|50361.2421875|89612b|ETD401|0|1979|1143.75|||3|3|1|1|1|132|114|["132,18,5,3757","132,114,5,554"]|13:59:21:242
62|1.1|636136521483476177|0|50366.2421875|14.16426863015|99.28232769395|-158319|53422||50366.2421875|290||29031.25|288.5|50366.2421875|89612b|ETD401|0|1979|1162.5|||3|3|1|1|1|132|114|["132,18,5,3757","132,114,5,554"]|13:59:26:242
62|1.1|636136521533411170|0|50371.21875|14.16683818254|99.27056890723|-159587|53714||50371.21875|291||29106.25|289.5|50371.21875|89612b|ETD401|0|1979|1181.25|||3|3|1|1|1|132|114|["132,18,5,3757","132,114,5,554"]|13:59:31:219
62|1.1|636136521583336162|0|50376.21875|14.16952038754|99.25890667989|-160844|54019||50376.21875|291.75||29193.75|289.75|50376.21875|89612b|ETD401|0|1979|1162.5|||3|3|1|1|1|132|114|["132,18,5,3757","132,114,5,554"]|13:59:36:219
62|1.1|636136521633251153|0|50381.21875|14.17242789776|99.24710497789|-162116|54349||50381.21875|292.75||29268.75|291.25|50381.21875|89612b|ETD401|0|1979|1100|||3|3|1|1|1|132|114|["132,18,5,3757","132,114,5,554"]|13:59:41:219
62|1.1|636136521683166144|0|50386.1953125|14.17567873022|99.23563586931|-163352|54717||50386.1953125|293.5||29356.25|292.25|50386.1953125|89612b|ETD401|0|1979|1025|||3|3|1|1|1|132|114|["132,18,5,3757","132,114,5,554"]|13:59:46:195
62|1.1|636136521733091136|0|50391.1953125|14.17913877467|99.22395754874|-164611|55107||50391.1953125|294.25||29431.25|292.5|50391.1953125|89612b|ETD401|0|1979|943.75|||3|3|1|1|1|132|114|["132,18,5,3757","132,114,5,554"]|13:59:51:195
62|1.1|636136521783026129|0|50396.1796875|14.18245934446|99.21226849935|-165870|55483||50396.1796875|295||29518.75|293.25|50396.1796875|89612b|ETD401|0|1979|943.75|||3|3|1|1|1|132|114|["132,18,5,3757","132,114,5,554"]|13:59:56:180
62|1.1|636136521832941120|0|50401.1796875|14.18519519356|99.2003863312|-167151|55794||50401.1796875|295.75||29587.5|293.75|50401.1796875|89612b|ETD401|0|1979|925|||3|3|1|1|1|132|114|["132,18,5,3757","132,114,5,554"]|14:00:01:180
62|1.1|636136521882856111|0|50406.1796875|14.18786666974|99.18856317156|-168426|56098||50406.1796875|296.5||29662.5|294.75|50406.1796875|89612b|ETD401|0|1979|868.75|||3|3|1|1|1|132|114|["132,18,5,3757","132,114,5,554"]|14:00:06:180
62|1.1|636136521932781103|0|50411.15625|14.19057033238|99.1766219949|-169713|56406||50411.15625|297.25||29731.25|295.5|50411.15625|89612b|ETD401|0|1979|825|||3|3|1|1|1|132|114|["132,18,5,3757","132,114,5,554"]|14:00:11:156
62|1.1|636136521982696094|0|50416.15625|14.19285020663|99.1647666488|-170991|56667||50416.15625|298||29806.25|296.25|50416.15625|89612b|ETD401|0|1979|843.75|||3|3|1|1|1|132|114|["132,18,5,3757","132,114,5,554"]|14:00:16:156
62|1.1|636136522032471071|0|50421.140625|14.19529637759|99.15299713326|-172260|56946||50421.140625|298.75||29893.75|297.25|50421.140625|89612b|ETD401|0|1979|868.75|||3|3|1|1|1|132|114|["132,18,5,3757","132,114,5,554"]|14:00:21:141
62|1.1|636136522082386062|0|50426.140625|14.19743677718|99.14088965989|-173566|57191||50426.140625|299.25||29950|297.25|50426.140625|89612b|ETD401|0|1979|843.75|||3|3|1|1|1|132|114|["132,18,5,3757","132,114,5,554"]|14:00:26:141
62|1.1|636136522132341057|0|50431.140625|14.19886907465|99.12988725498|-174753|57358||50431.140625|300||30025|298.25|50431.140625|89612b|ETD401|0|1979|768.75|||3|3|1|1|1|132|5|["132,18,5,3757","132,114,5,554"]|14:00:31:141
62|1.1|636136522182256048|0|50436.1171875|14.20059641467|99.11947493517|-175875|57557||50436.1171875|300||30050|298.25|50436.1171875|89612b|ETD401|0|1979|375|||3|3|1|1|1|132|114|["132,18,5,3757","132,114,5,554"]|14:00:36:117
62|1.1|636136522232151037|0|50441.1171875|14.20243104289|99.10859591169|-177048|57768||50441.1171875|300.25||30068.75|298.5|50441.1171875|89612b|ETD401|0|1979|312.5|||3|3|1|1|1|132|114|["132,18,5,3757","132,114,5,554"]|14:00:41:117
62|1.1|636136522282086030|0|50446.1015625|14.20418520496|99.09743257448|-178252|57970||50446.1015625|300.25||30062.5|298.25|50446.1015625|89612b|ETD401|0|1979|0|||3|3|0|1|1|132|114|["132,18,5,3757","132,114,5,554"]|14:00:46:102
62|1.1|636136522332001021|0|50451.1015625|14.20598228231|99.08465454986|-179630|58179||50451.1015625|300||30050|298|50451.1015625|89612b|ETD401|0|1979|0|||3|3|0|1|1|132|114|["132,18,5,3757","132,114,5,554"]|14:00:51:102
62|1.1|636136522381926013|0|50456.1015625|14.20768280028|99.07207500841|-180987|58376||50456.1015625|300||30012.5|298|50456.1015625|89612b|ETD401|0|1979|0|||3|3|0|1|1|132|114|["132,18,5,3757","132,114,5,554"]|14:00:56:102
62|1.1|636136522431841004|0|50461.078125|14.2091955639|99.05965639926|-182326|58554||50461.078125|300||30006.25|298|50461.078125|89612b|ETD401|0|1979|0|||3|3|0|1|1|132|5|["132,18,5,3757","132,114,5,554"]|14:01:01:078
62|1.1|636136522481765996|0|50466.078125|14.21077270044|99.04902950305|-183472|58736||50466.078125|300||30000|298|50466.078125|89612b|ETD401|0|1979|0|||3|3|0|1|1|132|114|["132,18,5,3757","132,114,5,554"]|14:01:06:078
62|1.1|636136522531690988|0|50471.0625|14.21207088766|99.03820412367|-184640|58888||50471.0625|300||30000|298|50471.0625|89612b|ETD401|0|1979|0|||3|3|0|1|1|132|114|["132,18,5,3757","132,114,5,554"]|14:01:11:063
62|1.1|636136522581615980|0|50476.0625|14.21342271898|99.02714807466|-185833|59047||50476.0625|300||30000|298|50476.0625|89612b|ETD401|0|1979|0|||3|3|0|1|1|132|114|["132,18,5,3757","132,114,5,554"]|14:01:16:063
62|1.1|636136522631540972|0|50481.0625|14.2149354826|99.0156896949|-187068|59223||50481.0625|300||30006.25|298|50481.0625|89612b|ETD401|0|1979|0|||3|3|0|1|1|132|114|["132,18,5,3757","132,114,5,554"]|14:01:21:063
62|1.1|636136522681445962|0|50486.0390625|14.21626585628|99.00396845905|-188332|59380||50486.0390625|300||30012.5|298|50486.0390625|89612b|ETD401|0|1979|0|||3|3|0|1|1|132|114|["132,18,5,3757","132,114,5,554"]|14:01:26:039
62|1.1|636136522731370954|0|50491.0390625|14.21750503499|98.99191999419|-189632|59526||50491.0390625|300||30037.5|298|50491.0390625|89612b|ETD401|0|1979|0|||3|3|0|1|1|132|114|["132,18,5,3757","132,114,5,554"]|14:01:31:039
62|1.1|636136522781295946|0|50496.015625|14.2190660783|98.97919024926|-191005|59709||50496.015625|300||30037.5|298|50496.015625|89612b|ETD401|0|1979|0|||3|3|0|1|1|132|114|["132,18,5,3757","132,114,5,554"]|14:01:36:016
62|1.1|636136522831230939|0|50501.015625|14.22038572316|98.9664444111|-192380|59865||50501.015625|300||30025|298|50501.015625|89612b|ETD401|0|1979|0|||3|3|0|1|1|132|18|["132,18,5,3757","132,114,5,554"]|14:01:41:016
62|1.1|636136522881135929|0|50506.015625|14.22146933398|98.95422428512|-193698|59995||50506.015625|300||30006.25|298|50506.015625|89612b|ETD401|0|1979|0|||3|3|0|1|1|132|114|["132,18,5,3757","132,114,5,554"]|14:01:46:016
62|1.1|636136522931080923|0|50511|14.22276215679|98.94200952355|-195016|60148||50511|300||29981.25|298|50511|89612b|ETD401|0|1979|0|||3|3|0|1|1|132|114|["132,18,5,3757","132,114,5,554"]|14:01:51:000
62|1.1|636136522981005915|0|50516|14.22343270804|98.93024000801|-196286|60232||50516|300||29962.5|298|50516|89612b|ETD401|0|1979|0|||3|3|0|1|1|132|114|["132,18,5,3757","132,114,5,554"]|14:01:56:000
62|1.1|636136523030900904|0|50520.9765625|14.22417299662|98.91864215359|-197537|60324||50520.9765625|300||29968.75|298|50520.9765625|89612b|ETD401|0|1979|0|||3|3|0|1|1|132|114|["132,18,5,3757","132,114,5,554"]|14:02:00:977
62|1.1|636136523080825896|0|50525.9765625|14.22517077688|98.90699065507|-198794|60444||50525.9765625|300||29968.75|298|50525.9765625|89612b|ETD401|0|1979|0|||3|3|0|1|1|132|114|["132,18,5,3757","132,114,5,554"]|14:02:05:977
62|1.1|636136523130750888|0|50530.9765625|14.22589497223|98.89547863121|-200036|60534||50530.9765625|300||29975|298|50530.9765625|89612b|ETD401|0|1979|0|||3|3|0|1|1|132|114|["132,18,5,3757","132,114,5,554"]|14:02:10:977
62|1.1|636136523180675880|0|50535.9609375|14.22632948944|98.88378958182|-201298|60591||50535.9609375|300||29968.75|298|50535.9609375|89612b|ETD401|0|1979|0|||3|3|0|1|1|132|114|["132,18,5,3757","132,114,5,554"]|14:02:15:961
62|1.1|636136523230610873|0|50540.9609375|14.22680692193|98.87206834597|-202563|60654||50540.9609375|300||29956.25|298|50540.9609375|89612b|ETD401|0|1979|0|||3|3|0|1|1|132|114|["132,18,5,3757","132,114,5,554"]|14:02:20:961
62|1.1|636136523280525864|0|50545.9375|14.22744528672|98.86042221186|-203820|60735||50545.9375|300||29956.25|298|50545.9375|89612b|ETD401|0|1979|0|||3|3|0|1|1|132|114|["132,18,5,3757","132,114,5,554"]|14:02:25:938
62|1.1|636136523330440855|0|50550.9375|14.2278637107|98.84859368781|-205096|60792||50550.9375|300||29943.75|298|50550.9375|89612b|ETD401|0|1979|0|||3|3|0|1|1|132|114|["132,18,5,3757","132,114,5,554"]|14:02:30:938
62|1.1|636136523380355846|0|50555.9375|14.22879175363|98.83701192662|-206345|60904||50555.9375|300||29956.25|298|50555.9375|89612b|ETD401|0|1979|0|||3|3|0|1|1|132|114|["132,18,5,3757","132,114,5,554"]|14:02:35:938
62|1.1|636136523430280838|0|50560.921875|14.22916189792|98.82542480102|-207596|60955||50560.921875|300||29956.25|298|50560.921875|89612b|ETD401|0|1979|0|||3|3|0|1|1|132|114|["132,18,5,3757","132,114,5,554"]|14:02:40:922
62|1.1|636136523480195829|0|50565.921875|14.22931746581|98.81410589592|-208818|60983||50565.921875|300||29962.5|298|50565.921875|89612b|ETD401|0|1979|0|||3|3|0|1|1|132|114|["132,18,5,3757","132,114,5,554"]|14:02:45:922
62|1.1|636136523530120821|0|50570.8984375|14.22953740662|98.80275480436|-210043|61017||50570.8984375|300||29968.75|298|50570.8984375|89612b|ETD401|0|1979|0|||3|3|0|1|1|132|114|["132,18,5,3757","132,114,5,554"]|14:02:50:898
62|1.1|636136523580045813|0|50575.8984375|14.230170407|98.79140907721|-211267|61097||50575.8984375|300||29981.25|298|50575.8984375|89612b|ETD401|0|1979|0|||3|3|0|1|1|132|114|["132,18,5,3757","132,114,5,554"]|14:02:55:898
62|1.1|636136523629960804|0|50580.8984375|14.23090533117|98.77961810403|-212539|61189||50580.8984375|300||29975|298|50580.8984375|89612b|ETD401|0|1979|0|||3|3|0|1|1|132|114|["132,18,5,3757","132,114,5,554"]|14:03:00:898
62|1.1|636136523679905798|0|50585.875|14.23155442478|98.76802024961|-213791|61271||50585.875|300||29975|298|50585.875|89612b|ETD401|0|1979|0|||3|3|0|1|1|132|5|["132,18,5,3757","132,114,5,554"]|14:03:05:875
62|1.1|636136523729810788|0|50590.875|14.23240736597|98.75612198823|-215074|61376||50590.875|300||29962.5|298|50590.875|89612b|ETD401|0|1979|0|||3|3|0|1|1|132|114|["132,18,5,3757","132,114,5,554"]|14:03:10:875
62|1.1|636136523779735780|0|50595.859375|14.23259512032|98.74463678642|-216314|61408||50595.859375|300||29956.25|298|50595.859375|89612b|ETD401|0|1979|0|||3|3|0|1|1|132|114|["132,18,5,3757","132,114,5,554"]|14:03:15:859
62|1.1|636136523829660772|0|50600.859375|14.23378065493|98.73269024535|-217603|61549||50600.859375|300||29943.75|298|50600.859375|89612b|ETD401|0|1979|0|||3|3|0|1|1|132|114|["132,18,5,3757","132,114,5,554"]|14:03:20:859
62|1.1|636136523879575763|0|50605.859375|14.23490718103|98.72073833987|-218892|61685||50605.859375|300||29943.75|298|50605.859375|89612b|ETD401|0|1979|0|||3|3|0|1|1|132|114|["132,18,5,3757","132,114,5,554"]|14:03:25:859
62|1.1|636136523929500755|0|50610.8359375|14.2353202406|98.70906538371|-220152|61742||50610.8359375|300||29937.5|298|50610.8359375|89612b|ETD401|0|1979|0|||3|3|0|1|1|132|114|["132,18,5,3757","132,114,5,554"]|14:03:30:836
62|1.1|636136523979415746|0|50615.8359375|14.236071258|98.69729050376|-221422|61836||50615.8359375|300||29937.5|298|50615.8359375|89612b|ETD401|0|1979|0|||3|3|0|1|1|132|114|["132,18,5,3757","132,114,5,554"]|14:03:35:836
62|1.1|636136524029340738|0|50620.8203125|14.23682763981|98.68548880176|-222696|61930||50620.8203125|300||29937.5|298|50620.8203125|89612b|ETD401|0|1979|0|||3|3|0|1|1|132|114|["132,18,5,3757","132,114,5,554"]|14:03:40:820
62|1.1|636136524079255729|0|50625.8203125|14.23721387733|98.67397141349|-223938|61984||50625.8203125|300||29950|298|50625.8203125|89612b|ETD401|0|1979|0|||3|3|0|1|1|132|114|["132,18,5,3757","132,114,5,554"]|14:03:45:820
62|1.1|636136524129180721|0|50630.8203125|14.23753574193|98.66227163528|-225201|62031||50630.8203125|300||29943.75|298|50630.8203125|89612b|ETD401|0|1979|0|||3|3|0|1|1|132|114|["132,18,5,3757","132,114,5,554"]|14:03:50:820
62|1.1|636136524179105713|0|50635.796875|14.23856034424|98.65059331471|-226461|62155||50635.796875|300||29950|298|50635.796875|89612b|ETD401|0|1979|0|||3|3|0|1|1|132|114|["132,18,5,3757","132,114,5,554"]|14:03:55:797
62|1.1|636136524229020704|0|50640.796875|14.23924162431|98.63890962973|-227721|62242||50640.796875|300||29962.5|298|50640.796875|89612b|ETD401|0|1979|0|||3|3|0|1|1|132|114|["132,18,5,3757","132,114,5,554"]|14:04:00:797
62|1.1|636136524278955697|0|50645.78125|14.23994436202|98.62707574127|-228998|62331||50645.78125|300||29956.25|298|50645.78125|89612b|ETD401|0|1979|0|||3|3|0|1|1|132|114|["132,18,5,3757","132,114,5,554"]|14:04:05:781
62|1.1|636136524328870688|0|50650.78125|14.24117817632|98.6152901325|-230269|62479||50650.78125|300.25||29981.25|298|50650.78125|89612b|ETD401|0|1979|0|||3|3|0|1|1|132|114|["132,18,5,3757","132,114,5,554"]|14:04:10:781
62|1.1|636136524378795680|0|50655.78125|14.24191310049|98.60336504907|-231556|62572||50655.78125|300.75||30000|298.5|50655.78125|89612b|ETD401|0|1979|0|||3|3|0|1|1|132|114|["132,18,5,3757","132,114,5,554"]|14:04:15:781
62|1.1|636136524428730673|0|50660.7578125|14.24314155038|98.59160626235|-232824|62720||50660.7578125|301.25||30131.25|299.5|50660.7578125|89612b|ETD401|0|1979|0|||3|3|0|1|1|132|114|["132,18,5,3757","132,114,5,554"]|14:04:20:758
62|1.1|636136524478635663|0|50665.7578125|14.2437423643|98.57976164507|-234102|62798||50665.7578125|302.25||30181.25|300.25|50665.7578125|89612b|ETD401|0|1979|868.75|||3|3|1|1|1|132|114|["132,18,5,3757","132,114,5,554"]|14:04:25:758
62|1.1|636136524528560655|0|50670.7421875|14.24442900878|98.56779364636|-235393|62885||50670.7421875|303.25||30237.5|301.5|50670.7421875|89612b|ETD401|0|1979|1081.25|||3|3|1|1|1|132|114|["132,18,5,3757","132,114,5,554"]|14:04:30:742
62|1.1|636136524578475646|0|50675.7421875|14.2454053314|98.55713456369|-236543|63004||50675.7421875|304.5||30425|302.5|50675.7421875|89612b|ETD401|0|1979|1100|||3|3|1|1|1|132|114|["132,18,5,3757","132,114,5,554"]|14:04:35:742
62|1.1|636136524628400638|0|50680.7421875|14.24630118787|98.54603023499|-237741|63114||50680.7421875|305.5||30550|303.5|50680.7421875|89612b|ETD401|0|1979|1162.5|||3|3|1|1|1|132|114|["132,18,5,3757","132,114,5,554"]|14:04:40:742
62|1.1|636136524678315629|0|50685.71875|14.24699319676|98.5343948297|-238996|63203||50685.71875|306.5||30656.25|304.75|50685.71875|89612b|ETD401|0|1979|1281.25|||3|3|1|1|1|132|114|["132,18,5,3757","132,114,5,554"]|14:04:45:719
62|1.1|636136524728270624|0|50690.71875|14.2476047395|98.52236782248|-240294|63282||50690.71875|307.5||30775|306.25|50690.71875|89612b|ETD401|0|1979|1318.75|||3|3|1|1|1|132|114|["132,18,5,3757","132,114,5,554"]|14:04:50:719
62|1.1|636136524778165613|0|50695.6953125|14.24817873137|98.51003504389|-241625|63358||50695.6953125|308.5||30881.25|306.75|50695.6953125|89612b|ETD401|0|1979|1262.5|||3|3|1|1|1|132|114|["132,18,5,3757","132,114,5,554"]|14:04:55:695
62|1.1|636136524828080604|0|50700.6953125|14.24862934181|98.49714973107|-243015|63421||50700.6953125|309.5||30975|307.75|50700.6953125|89612b|ETD401|0|1979|1181.25|||3|3|1|1|1|132|114|["132,18,5,3757","132,114,5,554"]|14:05:00:695
62|1.1|636136524878005596|0|50705.6953125|14.24938035921|98.48405520626|-244428|63518||50705.6953125|310.25||31031.25|308.25|50705.6953125|89612b|ETD401|0|1979|1125|||3|3|1|1|1|132|114|["132,18,5,3757","132,114,5,554"]|14:05:05:695
62|1.1|636136524927930588|0|50710.6796875|14.25005627487|98.471255724|-245809|63606||50710.6796875|311||31112.5|309.5|50710.6796875|89612b|ETD401|0|1979|1100|||3|3|1|1|1|132|18|["132,18,5,3757","132,114,5,554"]|14:05:10:680
62|1.1|636136524977845579|0|50715.6796875|14.25088239401|98.45887466572|-247145|63710||50715.6796875|312.25||31162.5|310.5|50715.6796875|89612b|ETD401|0|1979|1081.25|||3|3|1|1|1|132|114|["132,18,5,3757","132,114,5,554"]|14:05:15:680
62|1.1|636136525027770571|0|50720.65625|14.25163341141|98.44693348906|-248433|63806||50720.65625|313||31250|311.25|50720.65625|89612b|ETD401|0|1979|1100|||3|3|1|1|1|132|114|["132,18,5,3757","132,114,5,554"]|14:05:20:656
62|1.1|636136525077705564|0|50725.65625|14.25218594564|98.43449878668|-249775|63880||50725.65625|313.75||31331.25|312.25|50725.65625|89612b|ETD401|0|1979|1081.25|||3|3|1|1|1|132|18|["132,18,5,3757","132,114,5,554"]|14:05:25:656
62|1.1|636136525127610554|0|50730.65625|14.25236297117|98.42272927114|-251045|63912||50730.65625|314.5||31406.25|312.75|50730.65625|89612b|ETD401|0|1979|1025|||3|3|1|1|1|132|18|["132,18,5,3757","132,114,5,554"]|14:05:30:656
62|1.1|636136525177535546|0|50735.640625|14.25330174292|98.41105631498|-252304|64028||50735.640625|315.25||31462.5|313.25|50735.640625|89612b|ETD401|0|1979|943.75|||3|3|1|1|1|132|114|["132,18,5,3757","132,114,5,554"]|14:05:35:641
62|1.1|636136525227460538|0|50740.640625|14.25387573479|98.39865916347|-253642|64105||50740.640625|316||31537.5|314.25|50740.640625|89612b|ETD401|0|1979|943.75|||3|3|1|1|1|132|18|["132,18,5,3757","132,114,5,554"]|14:05:40:641
62|1.1|636136525277395531|0|50745.6171875|14.25461602337|98.38655705451|-254948|64200||50745.6171875|316.75||31593.75|315.25|50745.6171875|89612b|ETD401|0|1979|925|||3|3|1|1|1|132|18|["132,18,5,3757","132,114,5,554"]|14:05:45:617
62|1.1|636136525327300521|0|50750.6171875|14.25555479512|98.37428864884|-256271|64317||50750.6171875|317.5||31662.5|315.75|50750.6171875|89612b|ETD401|0|1979|925|||3|3|1|1|1|132|18|["132,18,5,3757","132,114,5,554"]|14:05:50:617
62|1.1|636136525377225513|0|50755.6171875|14.25652575333|98.36207925168|-257588|64438||50755.6171875|318||31718.75|316.25|50755.6171875|89612b|ETD401|0|1979|868.75|||3|3|1|1|1|132|18|["132,18,5,3757","132,114,5,554"]|14:05:55:617
62|1.1|636136525427170507|0|50760.6015625|14.25757717769|98.35017026148|-258872|64567||50760.6015625|318.75||31787.5|317.25|50760.6015625|89612b|ETD401|0|1979|825|||3|3|1|1|1|132|18|["132,18,5,3757","132,114,5,554"]|14:06:00:602
62|1.1|636136525477075497|0|50765.6015625|14.2587090682|98.33808961016|-260175|64706||50765.6015625|319.25||31856.25|317.5|50765.6015625|89612b|ETD401|0|1979|768.75|||3|3|1|1|1|132|18|["132,18,5,3757","132,114,5,554"]|14:06:05:602
62|1.1|636136525527000489|0|50770.578125|14.25928306007|98.32642201841|-261434|64782||50770.578125|319.75||31931.25|318.25|50770.578125|89612b|ETD401|0|1979|706.25|||3|3|1|1|1|132|18|["132,18,5,3757","132,114,5,554"]|14:06:10:578
62|1.1|636136525576915480|0|50775.578125|14.26016282331|98.31436282473|-262735|64893||50775.578125|320.25||31981.25|318.5|50775.578125|89612b|ETD401|0|1979|687.5|||3|3|1|1|1|132|18|["132,18,5,3757","132,114,5,554"]|14:06:15:578
62|1.1|636136525626830471|0|50780.578125|14.26068853549|98.30264158888|-264000|64964||50780.578125|320.25||32037.5|318.5|50780.578125|89612b|ETD401|0|1979|412.5|||3|3|1|1|1|132|18|["132,18,5,3757","132,114,5,554"]|14:06:20:578
62|1.1|636136525676755463|0|50785.5625|14.26145564612|98.2907969716|-265277|65062||50785.5625|320||32043.75|318.25|50785.5625|89612b|ETD401|0|1979|0|||3|3|0|1|1|132|18|["132,18,5,3757","132,114,5,554"]|14:06:25:563
62|1.1|636136525726680455|0|50790.5625|14.26225494321|98.27870022705|-266582|65164||50790.5625|320||32025|318.25|50790.5625|89612b|ETD401|0|1979|0|||3|3|0|1|1|132|18|["132,18,5,3757","132,114,5,554"]|14:06:30:563
62|1.1|636136525776595446|0|50795.5390625|14.26354240161|98.26664103337|-267883|65321||50795.5390625|320||32006.25|318.25|50795.5390625|89612b|ETD401|0|1979|0|||3|3|0|1|1|132|18|["132,18,5,3757","132,114,5,554"]|14:06:35:539
62|1.1|636136525826520438|0|50800.5390625|14.2649854279|98.25464621261|-269176|65494||50800.5390625|320||31981.25|318|50800.5390625|89612b|ETD401|0|1979|0|||3|3|0|1|1|132|18|["132,18,5,3757","132,114,5,554"]|14:06:40:539
62|1.1|636136525876445430|0|50805.5390625|14.26621387779|98.24265675626|-270469|65643||50805.5390625|320||31950|318|50805.5390625|89612b|ETD401|0|1979|0|||3|3|0|1|1|132|18|["132,18,5,3757","132,114,5,554"]|14:06:45:539
62|1.1|636136525926360421|0|50810.515625|14.26743696327|98.23082823221|-271744|65792||50810.515625|320||31925|318|50810.515625|89612b|ETD401|0|1979|0|||3|3|0|1|1|132|18|["132,18,5,3757","132,114,5,554"]|14:06:50:516
62|1.1|636136525976285413|0|50815.515625|14.26930377795|98.219128454|-273005|66012||50815.515625|320||31906.25|318|50815.515625|89612b|ETD401|0|1979|0|||3|3|0|1|1|132|18|["132,18,5,3757","132,114,5,554"]|14:06:55:516
62|1.1|636136526026200404|0|50820.5|14.27128860965|98.20767007424|-274240|66245||50820.5|320||31906.25|318|50820.5|89612b|ETD401|0|1979|0|||3|3|0|1|1|132|18|["132,18,5,3757","132,114,5,554"]|14:07:00:500
62|1.1|636136526076145398|0|50825.5|14.27413711136|98.19615268597|-275480|66574||50825.5|320||31900|318|50825.5|89612b|ETD401|0|1979|0|||3|3|0|1|1|132|18|["132,18,5,3757","132,114,5,554"]|14:07:05:500
62|1.1|636136526126060389|0|50830.5|14.27736112177|98.18477477236|-276704|66944||50830.5|320||31906.25|318|50830.5|89612b|ETD401|0|1979|0|||3|3|0|1|1|132|18|["132,18,5,3757","132,114,5,554"]|14:07:10:500
62|1.1|636136526175975380|0|50835.4765625|14.27988775888|98.17337540111|-277932|67237||50835.4765625|320||31906.25|318|50835.4765625|89612b|ETD401|0|1979|0|||3|3|0|1|1|132|18|["132,18,5,3757","132,114,5,554"]|14:07:15:477
62|1.1|636136526225890371|0|50840.4765625|14.28153463275|98.1618365552|-279175|67433||50840.4765625|320||31900|318|50840.4765625|89612b|ETD401|0|1979|0|||3|3|0|1|1|132|18|["132,18,5,3757","132,114,5,554"]|14:07:20:477
62|1.1|636136526275815363|0|50845.4609375|14.28325660836|98.15021187873|-280428|67637||50845.4609375|320||31887.5|318|50845.4609375|89612b|ETD401|0|1979|0|||3|3|0|1|1|132|18|["132,18,5,3757","132,114,5,554"]|14:07:25:461
62|1.1|636136526325750356|0|50850.4609375|14.28435631241|98.13834580381|-281707|67773||50850.4609375|320||31881.25|318|50850.4609375|89612b|ETD401|0|1979|0|||3|3|0|1|1|132|18|["132,18,5,3757","132,114,5,554"]|14:07:30:461
62|1.1|636136526375705351|0|50855.4609375|14.28679711896|98.12715564455|-282913|68056||50855.4609375|320||31875|318|50855.4609375|89612b|ETD401|0|1979|0|||3|3|0|1|1|132|18|["132,18,5,3757","132,114,5,554"]|14:07:35:461
62|1.1|636136526425580338|0|50860.4375|14.28881413712|98.11543977311|-284175|68294||50860.4375|320||31875|318|50860.4375|89612b|ETD401|0|1979|0|||3|3|0|1|1|132|18|["132,18,5,3757","132,114,5,554"]|14:07:40:438
62|1.1|636136526475505330|0|50865.4375|14.29224735952|98.10426570708|-285377|68687||50865.4375|320||31875|318|50865.4375|89612b|ETD401|0|1979|0|||3|3|0|1|1|132|18|["132,18,5,3757","132,114,5,554"]|14:07:45:438
62|1.1|636136526525420321|0|50870.421875|14.29542309024|98.09286097142|-286604|69052||50870.421875|320||31868.75|318|50870.421875|89612b|ETD401|0|1979|0|||3|3|0|1|1|132|18|["132,18,5,3757","132,114,5,554"]|14:07:50:422
62|1.1|636136526575345313|0|50875.421875|14.29835742251|98.08149378663|-287827|69391||50875.421875|320||31881.25|318|50875.421875|89612b|ETD401|0|1979|0|||3|3|0|1|1|132|18|["132,18,5,3757","132,114,5,554"]|14:07:55:422
62|1.1|636136526625270305|0|50880.421875|14.30096989018|98.06994957631|-289070|69694||50880.421875|320||31881.25|318|50880.421875|89612b|ETD401|0|1979|0|||3|3|0|1|1|132|18|["132,18,5,3757","132,114,5,554"]|14:08:00:422
62|1.1|636136526675185296|0|50885.3984375|14.30337314586|98.05850192537|-290303|69974||50885.3984375|320||31881.25|318|50885.3984375|89612b|ETD401|0|1979|0|||3|3|0|1|1|132|18|["132,18,5,3757","132,114,5,554"]|14:08:05:398
62|1.1|636136526725120289|0|50890.3984375|14.30577640154|98.04694162182|-291548|70254||50890.3984375|320||31881.25|318|50890.3984375|89612b|ETD401|0|1979|0|||3|3|0|1|1|132|18|["132,18,5,3757","132,114,5,554"]|14:08:10:398
62|1.1|636136526775035280|0|50895.375|14.30825475896|98.03533303858|-292797|70543||50895.375|320||31881.25|318|50895.375|89612b|ETD401|0|1979|0|||3|3|0|1|1|132|18|["132,18,5,3757","132,114,5,554"]|14:08:15:375
62|1.1|636136526824960272|0|50900.375|14.31104425216|98.02393366733|-294024|70866||50900.375|320||31887.5|318|50900.375|89612b|ETD401|0|1979|0|||3|3|0|1|1|132|18|["132,18,5,3757","132,114,5,554"]|14:08:20:375
62|1.1|636136526874875263|0|50905.375|14.31330803318|98.01249674521|-295256|71131||50905.375|320||31887.5|318|50905.375|89612b|ETD401|0|1979|0|||3|3|0|1|1|132|18|["132,18,5,3757","132,114,5,554"]|14:08:25:375
62|1.1|636136526924800255|0|50910.359375|14.31601169582|98.00105982309|-296487|71445||50910.359375|320||31887.5|318|50910.359375|89612b|ETD401|0|1979|0|||3|3|0|1|1|132|18|["132,18,5,3757","132,114,5,554"]|14:08:30:359
62|1.1|636136526974725247|0|50915.359375|14.31843104473|97.98941368898|-297741|71727||50915.359375|320||31887.5|318|50915.359375|89612b|ETD401|0|1979|0|||3|3|0|1|1|132|18|["132,18,5,3757","132,114,5,554"]|14:08:35:359
62|1.1|636136527024660240|0|50920.3359375|14.32107569886|97.97818061444|-298950|72034||50920.3359375|320||31887.5|318|50920.3359375|89612b|ETD401|0|1979|0|||3|3|0|1|1|132|114|["132,18,5,3757","132,114,5,554"]|14:08:40:336
62|1.1|636136527074565230|0|50925.3359375|14.32262064894|97.96653984474|-300204|72220||50925.3359375|320||31875|318|50925.3359375|89612b|ETD401|0|1979|0|||3|3|0|1|1|132|18|["132,18,5,3757","132,114,5,554"]|14:08:45:336
62|1.1|636136527124490222|0|50930.3359375|14.32546915065|97.95523703287|-301421|72549||50930.3359375|320||31875|318|50930.3359375|89612b|ETD401|0|1979|0|||3|3|0|1|1|132|18|["132,18,5,3757","132,114,5,554"]|14:08:50:336
62|1.1|636136527174405213|0|50935.3203125|14.32788313515|97.94384302603|-302647|72831||50935.3203125|320||31875|318|50935.3203125|89612b|ETD401|0|1979|0|||3|3|0|1|1|132|18|["132,18,5,3757","132,114,5,554"]|14:08:55:320
62|1.1|636136527224330205|0|50940.3203125|14.33042586549|97.93243292596|-303876|73127||50940.3203125|320||31881.25|318|50940.3203125|89612b|ETD401|0|1979|0|||3|3|0|1|1|132|114|["132,18,5,3757","132,114,5,554"]|14:09:00:320
62|1.1|636136527274245196|0|50945.296875|14.33272719738|97.92097991061|-305109|73397||50945.296875|320||31881.25|318|50945.296875|89612b|ETD401|0|1979|0|||3|3|0|1|1|132|18|["132,18,5,3757","132,114,5,554"]|14:09:05:297
62|1.1|636136527324170188|0|50950.296875|14.33523237685|97.90931231886|-306365|73689||50950.296875|320||31862.5|318|50950.296875|89612b|ETD401|0|1979|0|||3|3|0|1|1|132|18|["132,18,5,3757","132,114,5,554"]|14:09:10:297
62|1.1|636136527374095180|0|50955.296875|14.33760881048|97.89838501569|-307541|73967||50955.296875|320||31887.5|318|50955.296875|89612b|ETD401|0|1979|0|||3|3|0|1|1|132|114|["132,18,5,3757","132,114,5,554"]|14:09:15:297
62|1.1|636136527424030173|0|50960.28125|14.33988332032|97.88720022084|-308745|74233||50960.28125|320||31906.25|318|50960.28125|89612b|ETD401|0|1979|0|||3|3|0|1|1|132|114|["132,18,5,3757","132,114,5,554"]|14:09:20:281
62|1.1|636136527473945164|0|50965.28125|14.34264599147|97.87552190027|-310002|74554||50965.28125|320||31893.75|318|50965.28125|89612b|ETD401|0|1979|0|||3|3|0|1|1|132|114|["132,18,5,3757","132,114,5,554"]|14:09:25:281
62|1.1|636136527523860155|0|50970.2578125|14.34503315392|97.86409570697|-311232|74833||50970.2578125|320||31893.75|318|50970.2578125|89612b|ETD401|0|1979|0|||3|3|0|1|1|132|114|["132,18,5,3757","132,114,5,554"]|14:09:30:258
62|1.1|636136527573775146|0|50975.2578125|14.3475973419|97.85254613224|-312475|75132||50975.2578125|320||31887.5|318|50975.2578125|89612b|ETD401|0|1979|0|||3|3|0|1|1|132|114|["132,18,5,3757","132,114,5,554"]|14:09:35:258
62|1.1|636136527623710139|0|50980.2578125|14.34979138559|97.84127014242|-313689|75390||50980.2578125|320||31906.25|318|50980.2578125|89612b|ETD401|0|1979|0|||3|3|0|1|1|132|114|["132,18,5,3757","132,114,5,554"]|14:09:40:258
62|1.1|636136527673635131|0|50985.2421875|14.35229656506|97.83010680521|-314890|75682||50985.2421875|320||31912.5|318|50985.2421875|89612b|ETD401|0|1979|0|||3|3|0|1|1|132|114|["132,18,5,3757","132,114,5,554"]|14:09:45:242
62|1.1|636136527723560123|0|50990.2421875|14.35469445633|97.81852504402|-316137|75963||50990.2421875|320||31900|318|50990.2421875|89612b|ETD401|0|1979|0|||3|3|0|1|1|132|114|["132,18,5,3757","132,114,5,554"]|14:09:50:242
62|1.1|636136527773465113|0|50995.21875|14.3575215004|97.80667506233|-317412|76292||50995.21875|320||31881.25|318|50995.21875|89612b|ETD401|0|1979|0|||3|3|0|1|1|132|18|["132,18,5,3757","132,114,5,554"]|14:09:55:219
62|1.1|636136527823390105|0|51000.21875|14.36010178161|97.79532397077|-318634|76593||51000.21875|320||31875|318|51000.21875|89612b|ETD401|0|1979|0|||3|3|0|1|1|132|114|["132,18,5,3757","132,114,5,554"]|14:10:00:219
62|1.1|636136527873325098|0|51005.21875|14.36226900325|97.78427865058|-319823|76848||51005.21875|320||31893.75|318|51005.21875|89612b|ETD401|0|1979|0|||3|3|0|1|1|132|114|["132,18,5,3757","132,114,5,554"]|14:10:05:219
62|1.1|636136527923250090|0|51010.1953125|14.36461861483|97.77312067778|-321024|77123||51010.1953125|320||31893.75|318|51010.1953125|89612b|ETD401|0|1979|0|||3|3|0|1|1|132|114|["132,18,5,3757","132,114,5,554"]|14:10:10:195
62|1.1|636136527973155080|0|51015.1953125|14.36682875175|97.76203244231|-322217|77383||51015.1953125|320||31893.75|318|51015.1953125|89612b|ETD401|0|1979|0|||3|3|0|1|1|132|114|["132,18,5,3757","132,114,5,554"]|14:10:15:195
62|1.1|636136528023070071|0|51020.1796875|14.36928028712|97.75062770665|-323445|77670||51020.1796875|320||31887.5|318|51020.1796875|89612b|ETD401|0|1979|0|||3|3|0|1|1|132|18|["132,18,5,3757","132,114,5,554"]|14:10:20:180
62|1.1|636136528072995063|0|51025.1796875|14.37139386466|97.73948582708|-324644|77919||51025.1796875|320||31887.5|318|51025.1796875|89612b|ETD401|0|1979|0|||3|3|0|1|1|132|114|["132,18,5,3757","132,114,5,554"]|14:10:25:180
62|1.1|636136528122920055|0|51030.1796875|14.37336796754|97.72846732894|-325830|78153||51030.1796875|320||31900|318|51030.1796875|89612b|ETD401|0|1979|0|||3|3|0|1|1|132|114|["132,18,5,3757","132,114,5,554"]|14:10:30:180
62|1.1|636136528172835046|0|51035.15625|14.37587851142|97.71703577123|-327061|78447||51035.15625|320||31881.25|318|51035.15625|89612b|ETD401|0|1979|0|||3|3|0|1|1|132|114|["132,18,5,3757","132,114,5,554"]|14:10:35:156
62|1.1|636136528222760038|0|51040.15625|14.37829249592|97.70557202706|-328294|78730||51040.15625|320||31881.25|318|51040.15625|89612b|ETD401|0|1979|0|||3|3|0|1|1|132|114|["132,18,5,3757","132,114,5,554"]|14:10:40:156
62|1.1|636136528272685030|0|51045.140625|14.38283615119|97.69227365467|-329723|79251||51045.140625|320||31862.5|318|51045.140625|89612b|ETD401|0|1979|0|||3|3|0|1|1|132|18|["132,18,5,3757","132,114,5,554"]|14:10:45:141
62|1.1|636136528322610022|0|51050.140625|14.38611917011|97.6798979608|-331054|79632||51050.140625|320||31862.5|318|51050.140625|89612b|ETD401|0|1979|0|||3|3|0|1|1|132|114|["132,18,5,3757","132,114,5,554"]|14:10:50:141
62|1.1|636136528372525013|0|51055.140625|14.38875309542|97.66795141973|-332339|79941||51055.140625|320||31868.75|318|51055.140625|89612b|ETD401|0|1979|0|||3|3|0|1|1|132|114|["132,18,5,3757","132,114,5,554"]|14:10:55:141
62|1.1|636136528422460006|0|51060.1171875|14.39152649539|97.65594050574|-333632|80265||51060.1171875|320||31862.5|318|51060.1171875|89612b|ETD401|0|1979|0|||3|3|0|1|1|132|114|["132,18,5,3757","132,114,5,554"]|14:11:00:117
62|1.1|636136528472364996|0|51065.1171875|14.39404776809|97.64421390548|-334894|80560||51065.1171875|320||31862.5|318|51065.1171875|89612b|ETD401|0|1979|0|||3|3|0|1|1|132|114|["132,18,5,3757","132,114,5,554"]|14:11:05:117
