62|1.1|636136510307418683|0|49248.65625|19.99273764602|102.01965737111|133410|699112||49248.65625|340||34000|340|49248.65625|89616f|UAE9219|0|2050|0|||3|3|0|1|1|132|194|["132,194,5,3510","132,146,5,1744"]|13:40:48:656
62|1.1|636136510357363677|0|49253.640625|19.99898718367|102.00783421147|132164|699798||49253.640625|340||33987.5|340|49253.640625|89616f|UAE9219|0|2050|0|||3|3|0|1|1|132|194|["132,194,5,3510","132,146,5,1744"]|13:40:53:641
62|1.1|636136510407268667|0|49258.640625|20.00433013603|101.99825873962|131155|700385||49258.640625|340||34006.25|340|49258.640625|89616f|UAE9219|0|2050|0|||3|3|0|1|1|132|194|["132,114,4,503","132,194,5,3510","132,146,5,1744"]|13:40:58:641
62|1.1|636136510457183658|0|49263.6171875|20.00998422417|101.98765330105|130038|701006||49263.6171875|340||34006.25|340|49263.6171875|89616f|UAE9219|0|2050|0|||3|3|0|1|1|132|194|["132,114,4,503","132,194,5,3510","132,146,5,1744"]|13:41:03:617
62|1.1|636136510507108650|0|49268.6171875|20.01572950728|101.97667235378|128881|701637||49268.6171875|340||33993.75|340|49268.6171875|89616f|UAE9219|0|2050|0|||3|3|0|1|1|132|194|["132,114,5,509","132,194,5,3510","132,146,5,1744"]|13:41:08:617
62|1.1|636136510557033642|0|49273.6171875|20.02202732462|101.96501012644|127653|702328||49273.6171875|340||33993.75|340|49273.6171875|89616f|UAE9219|0|2050|0|||3|3|0|1|1|132|194|["132,114,5,509","132,194,5,3510","132,146,5,1744"]|13:41:13:617
62|1.1|636136510606948633|0|49278.6015625|20.02767604835|101.95410964532|126505|702949||49278.6015625|340||33993.75|340|49278.6015625|89616f|UAE9219|0|2050|0|||3|3|0|1|1|132|194|["132,114,5,509","132,194,5,3510","132,146,5,1744"]|13:41:18:602
62|1.1|636136510656873625|0|49283.6015625|20.03353398407|101.94363295259|125401|703593||49283.6015625|340||33993.75|338|49283.6015625|89616f|UAE9219|0|2050|0|||3|3|0|1|1|132|147|["132,114,5,509","132,194,5,3510","132,146,5,1744"]|13:41:23:602
62|1.1|636136510706798617|0|49288.578125|20.03927926718|101.93286121731|124267|704224||49288.578125|340||33993.75|338|49288.578125|89616f|UAE9219|0|2050|0|||3|3|0|1|1|132|194|["132,114,5,509","132,194,5,3510","132,146,5,1744"]|13:41:28:578
62|1.1|636136510756723609|0|49293.578125|20.04516402495|101.92208948203|123133|704870||49293.578125|340||33987.5|338|49293.578125|89616f|UAE9219|0|2050|0|||3|3|0|1|1|132|194|["132,114,5,509","132,194,5,3510","132,146,5,1744"]|13:41:33:578
62|1.1|636136510806648601|0|49298.578125|20.05074301135|101.9113982129|122007|705483||49298.578125|340||33987.5|338|49298.578125|89616f|UAE9219|0|2050|0|||3|3|0|1|1|132|194|["132,114,5,509","132,194,5,3510","132,146,5,1744"]|13:41:38:578
62|1.1|636136510856573593|0|49303.5625|20.05650438769|101.90068548613|120879|706117||49303.5625|340||33981.25|338|49303.5625|89616f|UAE9219|0|2050|0|||3|3|0|1|1|132|194|["132,194,5,3510","132,146,5,1744"]|13:41:43:563
62|1.1|636136510906478583|0|49308.5625|20.06231940813|101.89017124253|119772|706756||49308.5625|340||33962.5|338|49308.5625|89616f|UAE9219|0|2050|0|||3|3|0|1|1|132|194|["132,194,5,3510","132,146,5,1744"]|13:41:48:563
62|1.1|636136510956403575|0|49313.5390625|20.06786620807|101.87957653278|118657|707365||49313.5390625|340||33968.75|338|49313.5390625|89616f|UAE9219|0|2050|0|||3|3|0|1|1|132|194|["132,194,5,3510","132,146,5,1744"]|13:41:53:539
62|1.1|636136511006338568|0|49318.5390625|20.07332717745|101.86889599247|117532|707966||49318.5390625|340||33981.25|338|49318.5390625|89616f|UAE9219|0|2050|0|||3|3|0|1|1|132|194|["132,194,5,3510","132,146,5,1744"]|13:41:58:539
62|1.1|636136511056243558|0|49323.5390625|20.07892225708|101.85816717247|116403|708581||49323.5390625|340||33987.5|338|49323.5390625|89616f|UAE9219|0|2050|0|||3|3|0|1|1|132|194|["132,194,5,3510","132,146,5,1744"]|13:42:03:539
62|1.1|636136511106178551|0|49328.515625|20.08417401447|101.84746517452|115277|709158||49328.515625|340||34031.25|338|49328.515625|89616f|UAE9219|0|2050|0|||3|3|0|1|1|132|194|["132,194,5,3510","132,146,5,1744"]|13:42:08:516
62|1.1|636136511156093542|0|49333.515625|20.0899836705|101.83721915142|114198|709797||49333.515625|340||34000|338|49333.515625|89616f|UAE9219|0|2050|0|||3|3|0|1|1|132|194|["132,194,5,3510","132,146,5,1744"]|13:42:13:516
62|1.1|636136511206018534|0|49338.5|20.09580941976|101.82650642465|113071|710438||49338.5|340||34000|338|49338.5|89616f|UAE9219|0|2050|0|||3|3|0|1|1|132|194|["132,114,4,509","132,194,5,3510","132,146,5,1744"]|13:42:18:500
62|1.1|636136511255963528|0|49343.5|20.10191411834|101.81619602863|111985|711110||49343.5|340||33993.75|338|49343.5|89616f|UAE9219|0|2050|0|||3|3|0|1|1|132|194|["132,114,4,509","132,194,5,3510","132,146,5,1744"]|13:42:23:500
62|1.1|636136511305858517|0|49348.5|20.10762185058|101.80570324267|110881|711738||49348.5|340||34000|338|49348.5|89616f|UAE9219|0|2050|0|||3|3|0|1|1|132|194|["132,114,5,512","132,194,5,3510","132,146,5,1744"]|13:42:28:500
62|1.1|636136511358893820|0|49353.796875|20.11360853214|101.79437360875|109689|712396||49353.796875|340||34000|338|49353.796875|89616f|UAE9219|0|2050|0|||3|3|0|1|1|132|194|["132,114,5,512","132,194,5,3510","132,146,5,1744"]|13:42:33:797
62|1.1|636136511408808811|0|49358.78125|20.11938600171|101.78382717869|108579|713032||49358.78125|340||34000|338|49358.78125|89616f|UAE9219|0|2050|0|||3|3|0|1|1|132|194|["132,114,5,512","132,194,5,3510","132,146,5,1744"]|13:42:38:781
62|1.1|636136511458733803|0|49363.78125|20.12506154749|101.77312518074|107453|713657||49363.78125|340||34000|338|49363.78125|89616f|UAE9219|0|2050|0|||3|3|0|1|1|132|194|["132,114,5,512","132,194,5,3510","132,146,5,1744"]|13:42:43:781
62|1.1|636136511508658795|0|49368.78125|20.13070490681|101.7625894795|106345|714278||49368.78125|340||34000|338|49368.78125|89616f|UAE9219|0|2050|0|||3|3|0|1|1|132|194|["132,114,5,512","132,194,5,3510","132,146,5,1744"]|13:42:48:781
62|1.1|636136511558583787|0|49373.7578125|20.13635899495|101.75192503242|105223|714900||49373.7578125|340||34000|338|49373.7578125|89616f|UAE9219|0|2050|0|||3|3|0|1|1|132|194|["132,114,5,512","132,194,5,3510","132,146,5,1744"]|13:42:53:758
62|1.1|636136511608498778|0|49378.7578125|20.14210427806|101.74123376329|104098|715532||49378.7578125|340||33993.75|338|49378.7578125|89616f|UAE9219|0|2050|0|||3|3|0|1|1|132|194|["132,114,5,512","132,194,5,3510","132,146,5,1744"]|13:42:58:758
62|1.1|636136511658423770|0|49383.7421875|20.14793002732|101.73101456224|103023|716174||49383.7421875|340||33950|338|49383.7421875|89616f|UAE9219|0|2050|0|||3|3|0|1|1|132|194|["132,114,5,512","132,194,5,3510","132,146,5,1744"]|13:43:03:742
62|1.1|636136511708348762|0|49388.7421875|20.15291356421|101.72143909039|102016|716723||49388.7421875|340||34000|338|49388.7421875|89616f|UAE9219|0|2050|0|||3|3|0|1|1|132|194|["132,114,5,512","132,194,5,3510","132,146,5,1744"]|13:43:08:742
62|1.1|636136511758263753|0|49393.7421875|20.15849255061|101.71058688896|100875|717337||49393.7421875|340||34000|338|49393.7421875|89616f|UAE9219|0|2050|0|||3|3|0|1|1|132|194|["132,114,5,512","132,194,5,3510","132,146,5,1744"]|13:43:13:742
62|1.1|636136511808188745|0|49398.71875|20.16406080819|101.70056617108|99821|717950||49398.71875|340||34006.25|338|49398.71875|89616f|UAE9219|0|2050|0|||3|3|0|1|1|132|194|["132,114,5,512","132,194,5,3510","132,146,5,1744"]|13:43:18:719
62|1.1|636136511858113737|0|49403.71875|20.16951641316|101.69034160562|98746|718551||49403.71875|340||34012.5|338|49403.71875|89616f|UAE9219|0|2050|0|||3|3|0|1|1|132|194|["132,114,5,512","132,194,5,3510","132,146,5,1744"]|13:43:23:719
62|1.1|636136511908028728|0|49408.6953125|20.1751168572|101.67988637053|97646|719168||49408.6953125|340||34012.5|338|49408.6953125|89616f|UAE9219|0|2050|0|||3|3|0|1|1|132|194|["132,114,5,512","132,194,5,3510","132,146,5,1744"]|13:43:28:695
62|1.1|636136511957953720|0|49413.6953125|20.18071193683|101.66923801668|96526|719784||49413.6953125|340||34012.5|338|49413.6953125|89616f|UAE9219|0|2050|0|||3|3|0|1|1|132|194|["132,114,5,512","132,194,5,3510","132,146,5,1744"]|13:43:33:695
62|1.1|636136512007878712|0|49418.6953125|20.18656450814|101.65834289997|95381|720429||49418.6953125|340||33962.5|338|49418.6953125|89616f|UAE9219|0|2050|0|||3|3|0|1|1|132|194|["132,114,5,512","132,194,5,3510","132,146,5,1744"]|13:43:38:695
62|1.1|636136512057793703|0|49423.6796875|20.19234734212|101.64736731711|94227|721065||49423.6796875|340||33918.75|338|49423.6796875|89616f|UAE9219|0|2050|0|||3|3|0|1|1|132|194|["132,114,5,512","132,194,5,3510","132,146,5,1744"]|13:43:43:680
62|1.1|636136512107718695|0|49428.6796875|20.19822673548|101.6357748271|93009|721713||49428.6796875|340||33912.5|338|49428.6796875|89616f|UAE9219|0|2050|0|||3|3|0|1|1|132|194|["132,114,5,512","132,194,5,3510","132,146,5,1744"]|13:43:48:680
62|1.1|636136512157643687|0|49433.65625|20.20390764567|101.62489580362|91865|722339||49433.65625|340||33906.25|338|49433.65625|89616f|UAE9219|0|2050|0|||3|3|0|1|1|132|194|["132,114,5,512","132,194,5,3510","132,146,5,1744"]|13:43:53:656
62|1.1|636136512207568679|0|49438.65625|20.20942762356|101.61390949194|90711|722947||49438.65625|340||33943.75|338|49438.65625|89616f|UAE9219|0|2050|0|||3|3|0|1|1|132|194|["132,114,5,512","132,194,5,3510","132,146,5,1744"]|13:43:58:656
62|1.1|636136512257483670|0|49443.65625|20.21532847456|101.60297682436|89561|723597||49443.65625|340||33937.5|338|49443.65625|89616f|UAE9219|0|2050|0|||3|3|0|1|1|132|194|["132,114,5,512","132,194,5,3510","132,146,5,1744"]|13:44:03:656
62|1.1|636136512307448666|0|49448.640625|20.22114885941|101.59208707206|88417|724239||49448.640625|340||33962.5|338|49448.640625|89616f|UAE9219|0|2050|0|||3|3|0|1|1|132|194|["132,114,4,512","132,194,5,3510","132,146,5,1744"]|13:44:08:641
62|1.1|636136512357323653|0|49453.640625|20.22695315103|101.58146017585|87300|724879||49453.640625|340||33943.75|338|49453.640625|89616f|UAE9219|0|2050|0|||3|3|0|1|1|132|194|["132,114,4,512","132,194,5,3510","132,146,5,1744"]|13:44:13:641
62|1.1|636136512407248645|0|49458.6171875|20.23268234091|101.57132144095|86234|725511||49458.6171875|340||33993.75|338|49458.6171875|89616f|UAE9219|0|2050|0|||3|3|0|1|1|132|194|["132,114,4,512","132,194,5,3510","132,146,5,1744"]|13:44:18:617
62|1.1|636136512457173637|0|49463.6171875|20.23844371725|101.56067845151|85116|726146||49463.6171875|340||34000|338|49463.6171875|89616f|UAE9219|0|2050|0|||3|3|0|1|1|132|194|["132,114,4,512","132,194,5,3510","132,146,5,1744"]|13:44:23:617
62|1.1|636136512507088628|0|49468.6171875|20.24409244098|101.55003009766|83997|726769||49468.6171875|340||34006.25|338|49468.6171875|89616f|UAE9219|0|2050|0|||3|3|0|1|1|132|194|["132,114,4,512","132,194,5,3510","132,146,5,1744"]|13:44:28:617
62|1.1|636136512557013620|0|49473.6015625|20.2497894444|101.53953194729|82894|727397||49473.6015625|340||34000|338|49473.6015625|89616f|UAE9219|0|2050|0|||3|3|0|1|1|132|194|["132,114,4,512","132,194,5,3510","132,146,5,1744"]|13:44:33:602
62|1.1|636136512606938612|0|49478.6015625|20.25546499018|101.52905525456|81793|728023||49478.6015625|340||34006.25|338|49478.6015625|89616f|UAE9219|0|2050|0|||3|3|0|1|1|132|194|["132,114,4,512","132,194,5,3510","132,146,5,1744"]|13:44:38:602
62|1.1|636136512656853603|0|49483.578125|20.26112980714|101.5184551804|80679|728648||49483.578125|340||34012.5|338|49483.578125|89616f|UAE9219|0|2050|0|||3|3|0|1|1|132|194|["132,114,5,519","132,194,5,3510","132,146,5,1744"]|13:44:43:578
62|1.1|636136512706778595|0|49488.578125|20.26674098|101.50775318245|79555|729267||49488.578125|340||34025|338|49488.578125|89616f|UAE9219|0|2050|0|||3|3|0|1|1|132|194|["132,114,5,519","132,194,5,3510","132,146,5,1744"]|13:44:48:578
62|1.1|636136512756703587|0|49493.578125|20.2724272546|101.49725503208|78452|729894||49493.578125|340||34006.25|338|49493.578125|89616f|UAE9219|0|2050|0|||3|3|0|1|1|132|147|["132,114,5,519","132,194,5,3510","132,146,5,1744"]|13:44:53:578
62|1.1|636136512806628579|0|49498.5625|20.27804379187|101.48661740705|77335|730514||49498.5625|340||34006.25|338|49498.5625|89616f|UAE9219|0|2050|0|||3|3|0|1|1|132|194|["132,114,5,519","132,194,5,3510","132,146,5,1744"]|13:44:58:563
62|1.1|636136512856543570|0|49503.5625|20.28361741386|101.47594223115|76214|731129||49503.5625|340||34012.5|338|49503.5625|89616f|UAE9219|0|2050|0|||3|3|0|1|1|132|194|["132,114,5,519","132,194,5,3510","132,146,5,1744"]|13:45:03:563
62|1.1|636136512906468562|0|49508.5390625|20.28918567144|101.46531533494|75098|731743||49508.5390625|340||34012.5|338|49508.5390625|89616f|UAE9219|0|2050|0|||3|3|0|1|1|132|194|["132,114,5,519","132,194,5,3510","132,146,5,1744"]|13:45:08:539
62|1.1|636136512956383553|0|49513.5390625|20.29458763231|101.45473671842|73987|732339||49513.5390625|340||34043.75|338|49513.5390625|89616f|UAE9219|0|2050|0|||3|3|0|1|1|132|194|["132,114,5,519","132,194,5,3510","132,146,5,1744"]|13:45:13:539
62|1.1|636136513006308545|0|49518.5390625|20.30029000014|101.44427075451|72888|732969||49518.5390625|340||34012.5|338|49518.5390625|89616f|UAE9219|0|2050|0|||3|3|0|1|1|132|194|["132,114,5,519","132,194,5,3510","132,146,5,1744"]|13:45:18:539
62|1.1|636136513056233537|0|49523.515625|20.30599773238|101.43366531594|71774|733599||49523.515625|340||33993.75|338|49523.515625|89616f|UAE9219|0|2050|0|||3|3|0|1|1|132|194|["132,114,5,519","132,194,5,3510","132,146,5,1744"]|13:45:23:516
62|1.1|636136513106148528|0|49528.515625|20.31186639692|101.42319935203|70675|734247||49528.515625|340||33937.5|338|49528.515625|89616f|UAE9219|0|2050|0|||3|3|0|1|1|132|194|["132,114,5,519","132,194,5,3510","132,146,5,1744"]|13:45:28:516
62|1.1|636136513156073520|0|49533.5|20.31742392568|101.41265828638|69569|734861||49533.5|340||33937.5|338|49533.5|89616f|UAE9219|0|2050|0|||3|3|0|1|1|132|194|["132,114,5,519","132,194,5,3510","132,146,5,1744"]|13:45:33:500
62|1.1|636136513205998512|0|49538.5|20.32224653027|101.40335639944|68592|735393||49538.5|340||34000|338|49538.5|89616f|UAE9219|0|2050|0|||3|3|0|1|1|132|194|["132,114,5,519","132,194,5,3510","132,146,5,1744"]|13:45:38:500
62|1.1|636136513255913503|0|49543.5|20.32804545748|101.39264367267|67467|736034||49543.5|340||33993.75|338|49543.5|89616f|UAE9219|0|2050|0|||3|3|0|1|1|132|194|["132,194,5,3510","132,146,5,1744"]|13:45:43:500
62|1.1|636136513305848496|0|49548.4765625|20.33371563885|101.38207042056|66357|736660||49548.4765625|340||34000|338|49548.4765625|89616f|UAE9219|0|2050|0|||3|3|0|1|1|132|146|["132,194,5,3510","132,146,5,1744"]|13:45:48:477
62|1.1|636136513355763487|0|49553.4765625|20.3396433119|101.37070323577|65164|737315||49553.4765625|340||33987.5|338|49553.4765625|89616f|UAE9219|0|2050|0|||3|3|0|1|1|132|194|["132,194,5,3510","132,146,5,1744"]|13:45:53:477
62|1.1|636136513405678478|0|49558.4609375|20.34528667122|101.36006024633|64047|737938||49558.4609375|340||33981.25|338|49558.4609375|89616f|UAE9219|0|2050|0|||3|3|0|1|1|132|194|["132,194,5,3510","132,146,5,1744"]|13:45:58:461
62|1.1|636136513455603470|0|49563.4609375|20.35101049669|101.34942798571|62931|738570||49563.4609375|340||33975|338|49563.4609375|89616f|UAE9219|0|2050|0|||3|3|0|1|1|132|147|["132,194,5,3510","132,146,5,1744"]|13:46:03:461
62|1.1|636136513505528462|0|49568.4609375|20.35668604247|101.3390156659|61839|739197||49568.4609375|340||33962.5|338|49568.4609375|89616f|UAE9219|0|2050|0|||3|3|0|1|1|132|147|["132,194,5,3510","132,146,5,1744"]|13:46:08:461
62|1.1|636136513555453454|0|49573.4375|20.36160520644|101.32943482964|60833|739741||49573.4375|340||34000|338|49573.4375|89616f|UAE9219|0|2050|0|||3|3|0|1|1|132|194|["132,194,5,3510","132,146,5,1744"]|13:46:13:438
62|1.1|636136513605368445|0|49578.4375|20.36756506595|101.3182553992|59660|740400||49578.4375|340||34000|338|49578.4375|89616f|UAE9219|0|2050|0|||3|3|0|1|1|132|146|["132,194,5,3510","132,146,5,1744","132,98,4"]|13:46:18:438
62|1.1|636136513655293437|0|49583.421875|20.37298312005|101.30771433355|58554|740998||49583.421875|340||34006.25|338|49583.421875|89616f|UAE9219|0|2050|0|||3|3|0|1|1|132|146|["132,98,5,3880","132,194,5,3510","132,146,5,1744"]|13:46:23:422
62|1.1|636136513705058413|0|49588.421875|20.37865866583|101.29699624237|57430|741625||49588.421875|340||33987.5|338|49588.421875|89616f|UAE9219|0|2050|0|||3|3|0|1|1|132|146|["132,98,5,3880","132,194,5,3510","132,146,5,1744"]|13:46:28:422
62|1.1|636136513755133420|0|49593.421875|20.38442540658|101.28632106647|56310|742263||49593.421875|340||33968.75|338|49593.421875|89616f|UAE9219|0|2050|0|||3|3|0|1|1|132|146|["132,98,5,3880","132,194,5,3510","132,146,5,1744"]|13:46:33:422
62|1.1|636136513805058412|0|49598.3984375|20.39020824056|101.27574244995|55200|742902||49598.3984375|340||33943.75|338|49598.3984375|89616f|UAE9219|0|2050|0|||3|3|0|1|1|132|146|["132,98,5,3880","132,194,5,3510","132,146,5,1744"]|13:46:38:398
62|1.1|636136513854973403|0|49603.3984375|20.39593743044|101.26501362995|54074|743536||49603.3984375|340||33943.75|338|49603.3984375|89616f|UAE9219|0|2050|0|||3|3|0|1|1|132|146|["132,98,5,3880","132,194,5,3510","132,146,5,1744"]|13:46:43:398
62|1.1|636136513904898395|0|49608.375|20.40197239169|101.25422043703|52942|744203||49608.375|340||33887.5|338|49608.375|89616f|UAE9219|0|2050|0|||3|3|0|1|1|132|146|["132,98,5,3880","132,194,5,3510","132,146,5,1744"]|13:46:48:375
62|1.1|636136513954673372|0|49613.375|20.40762647983|101.2436364561|51832|744829||49613.375|340||33893.75|338|49613.375|89616f|UAE9219|0|2050|0|||3|3|0|1|1|132|146|["132,98,5,3880","132,194,5,3510","132,146,5,1744"]|13:46:53:375
62|1.1|636136514004598364|0|49618.375|20.41323765269|101.23298810225|50715|745449||49618.375|340||33918.75|338|49618.375|89616f|UAE9219|0|2050|0|||3|3|0|1|1|132|146|["132,98,5,3880","132,114,4,519","132,194,5,3510","132,146,5,1744"]|13:46:58:375
62|1.1|636136514054663370|0|49623.359375|20.41904730872|101.22218954492|49582|746092||49623.359375|340||33906.25|338|49623.359375|89616f|UAE9219|0|2050|0|||3|3|0|1|1|132|146|["132,98,5,3880","132,114,4,519","132,194,5,3510","132,146,5,1744"]|13:47:03:359
62|1.1|636136514104428346|0|49628.359375|20.42451900692|101.21162702163|48475|746697||49628.359375|340||33950|338|49628.359375|89616f|UAE9219|0|2050|0|||3|3|0|1|1|132|194|["132,98,5,3880","132,114,4,519","132,194,5,3510","132,146,5,1744"]|13:47:08:359
62|1.1|636136514154353338|0|49633.3359375|20.43028038326|101.20094648132|47355|747334||49633.3359375|340||33943.75|338|49633.3359375|89616f|UAE9219|0|2050|0|||3|3|0|1|1|132|98|["132,98,5,3880","132,114,4,519","132,194,5,3510","132,146,5,1744"]|13:47:13:336
62|1.1|636136514204268329|0|49638.3359375|20.4359344714|101.19040541567|46250|747960||49638.3359375|340||33937.5|338|49638.3359375|89616f|UAE9219|0|2050|0|||3|3|0|1|1|132|98|["132,98,5,3880","132,114,4,519","132,194,5,3510","132,146,5,1744"]|13:47:18:336
62|1.1|636136514254193321|0|49643.3359375|20.44143299165|101.1798536212|45143|748569||49643.3359375|340||33975|338|49643.3359375|89616f|UAE9219|0|2050|0|||3|3|0|1|1|132|98|["132,98,5,3880","132,114,4,519","132,194,5,3510","132,146,5,1744"]|13:47:23:336
62|1.1|636136514304118313|0|49648.3203125|20.44682958811|101.16936083524|44043|749166||49648.3203125|340||34018.75|338|49648.3203125|89616f|UAE9219|0|2050|0|||3|3|0|1|1|132|98|["132,98,5,3880","132,114,4,519","132,194,5,3510","132,146,5,1744"]|13:47:28:320
62|1.1|636136514354033304|0|49653.3203125|20.45247831184|101.15878758313|42935|749791||49653.3203125|340||34025|338|49653.3203125|89616f|UAE9219|0|2050|0|||3|3|0|1|1|132|98|["132,98,5,3880","132,114,4,519","132,194,5,3510","132,146,5,1744"]|13:47:33:320
62|1.1|636136514403958296|0|49658.296875|20.45797683209|101.1483108904|41837|750400||49658.296875|340||34012.5|338|49658.296875|89616f|UAE9219|0|2050|0|||3|3|0|1|1|132|147|["132,98,5,3880","132,114,4,519","132,194,5,3510","132,146,5,1744"]|13:47:38:297
62|1.1|636136514453883288|0|49663.296875|20.46364701346|101.13775373152|40730|751027||49663.296875|340||34031.25|338|49663.296875|89616f|UAE9219|0|2050|0|||3|3|0|1|1|132|146|["132,98,5,3880","132,194,5,3510","132,146,5,1744"]|13:47:43:297
62|1.1|636136514503808280|0|49668.296875|20.46931719483|101.12718584382|39622|751655||49668.296875|340||34037.5|338|49668.296875|89616f|UAE9219|0|2050|0|||3|3|0|1|1|132|146|["132,98,5,3880","132,194,5,3510","132,146,5,1744"]|13:47:48:297
62|1.1|636136514553723271|0|49673.28125|20.4748264439|101.11661795612|38515|752265||49673.28125|340||34018.75|338|49673.28125|89616f|UAE9219|0|2050|0|||3|3|0|1|1|132|146|["132,98,5,3880","132,194,5,3510","132,146,5,1744"]|13:47:53:281
62|1.1|636136514603648263|0|49678.28125|20.48047516763|101.10610371252|37412|752890||49678.28125|340||34018.75|338|49678.28125|89616f|UAE9219|0|2050|0|||3|3|0|1|1|132|146|["132,98,5,3880","132,194,5,3510","132,146,5,1744"]|13:47:58:281
62|1.1|636136514653563254|0|49683.2578125|20.4860917049|101.0955787401|36309|753512||49683.2578125|340||34012.5|338|49683.2578125|89616f|UAE9219|0|2050|0|||3|3|0|1|1|132|146|["132,98,5,3880","132,194,5,3510","132,146,5,1744"]|13:48:03:258
62|1.1|636136514703488246|0|49688.2578125|20.49169214894|101.08516105588|35218|754133||49688.2578125|340||34000|338|49688.2578125|89616f|UAE9219|0|2050|0|||3|3|0|1|1|132|146|["132,98,5,3880","132,194,5,3510","132,146,5,1744"]|13:48:08:258
62|1.1|636136514753413238|0|49693.2578125|20.49723894888|101.07456634613|34108|754747||49693.2578125|340||34000|338|49693.2578125|89616f|UAE9219|0|2050|0|||3|3|0|1|1|132|146|["132,98,5,3880","132,194,5,3510","132,146,5,1744"]|13:48:13:258
62|1.1|636136514803328229|0|49698.2421875|20.50286085056|101.06397163638|32998|755370||49698.2421875|340||33968.75|338|49698.2421875|89616f|UAE9219|0|2050|0|||3|3|0|1|1|132|146|["132,98,5,3880","132,194,5,3510","132,146,5,1744"]|13:48:18:242
62|1.1|636136514853253221|0|49703.2421875|20.50841837932|101.05331255371|31881|755986||49703.2421875|340||33968.75|338|49703.2421875|89616f|UAE9219|0|2050|0|||3|3|0|1|1|132|146|["132,98,5,3880","132,194,5,3510","132,146,5,1744"]|13:48:23:242
62|1.1|636136514903178213|0|49708.21875|20.51391153516|101.04283586098|30783|756594||49708.21875|340||33981.25|338|49708.21875|89616f|UAE9219|0|2050|0|||3|3|0|1|1|132|146|["132,98,5,3880","132,194,5,3510","132,146,5,1744"]|13:48:28:219
62|1.1|636136514953093204|0|49713.21875|20.51944224187|101.03224651564|29674|757207||49713.21875|340||33987.5|338|49713.21875|89616f|UAE9219|0|2050|0|||3|3|0|1|1|132|146|["132,98,5,3880","132,194,5,3510","132,146,5,1744"]|13:48:33:219
62|1.1|636136515003018196|0|49718.21875|20.52502122827|101.02161961943|28561|757826||49718.21875|340||33968.75|338|49718.21875|89616f|UAE9219|0|2050|0|||3|3|0|1|1|132|146|["132,98,5,3880","132,194,5,3510","132,146,5,1744"]|13:48:38:219
62|1.1|636136515052943188|0|49723.1953125|20.53060557908|101.01110001142|27459|758444||49723.1953125|340||33950|338|49723.1953125|89616f|UAE9219|0|2050|0|||3|3|0|1|1|132|146|["132,98,5,3880","132,194,5,3510","132,146,5,1744"]|13:48:43:195
62|1.1|636136515102858179|0|49728.1953125|20.53595926026|101.00044629316|26343|759037||49728.1953125|340||34000|338|49728.1953125|89616f|UAE9219|0|2050|0|||3|3|0|1|1|132|146|["132,98,5,3880","132,194,5,3510","132,146,5,1744"]|13:48:48:195
62|1.1|636136515152783171|0|49733.1796875|20.54137194995|100.98987840546|25236|759638||49733.1796875|340||34012.5|338|49733.1796875|89616f|UAE9219|0|2050|0|||3|3|0|1|1|132|146|["132,194,5,3510","132,146,5,1744"]|13:48:53:180
62|1.1|636136515202708163|0|49738.1796875|20.54707968219|100.97915494987|24113|760270||49738.1796875|340||33968.75|338|49738.1796875|89616f|UAE9219|0|2050|0|||3|3|0|1|1|132|146|["132,194,5,3510","132,146,5,1744"]|13:48:58:180
62|1.1|636136515252633155|0|49743.1796875|20.55254601598|100.96841003664|22988|760877||49743.1796875|340||33987.5|338|49743.1796875|89616f|UAE9219|0|2050|0|||3|3|0|1|1|132|146|["132,194,5,3510","132,146,5,1744"]|13:49:03:180
62|1.1|636136515302558147|0|49748.15625|20.55822156176|100.95786897099|21884|761506||49748.15625|340||33950|338|49748.15625|89616f|UAE9219|0|2050|0|||3|3|0|1|1|132|146|["132,194,5,3510","132,146,5,1744"]|13:49:08:156
62|1.1|636136515352473138|0|49753.15625|20.56381664139|100.94733863416|20782|762127||49753.15625|340||33943.75|338|49753.15625|89616f|UAE9219|0|2050|0|||3|3|0|1|1|132|146|["132,194,5,3510","132,146,5,1744"]|13:49:13:156
62|1.1|636136515402398130|0|49758.140625|20.56908985642|100.93665809385|19663|762711||49758.140625|340||34012.5|338|49758.140625|89616f|UAE9219|0|2050|0|||3|3|0|1|1|132|146|["132,194,5,3510","132,146,5,1744"]|13:49:18:141
62|1.1|636136515452313121|0|49763.140625|20.57511945326|100.92625650286|18574|763381||49763.140625|340||33918.75|338|49763.140625|89616f|UAE9219|0|2050|0|||3|3|0|1|1|132|147|["132,98,4,3880","132,114,4,519","132,194,5,3510","132,146,5,1744"]|13:49:23:141
62|1.1|636136515502238113|0|49768.140625|20.58074135494|100.91561351342|17460|764004||49768.140625|340||33993.75|338|49768.140625|89616f|UAE9219|0|2050|0|||3|3|0|1|1|132|146|["132,98,4,3880","132,114,4,519","132,194,5,3510","132,146,5,1744"]|13:49:28:141
62|1.1|636136515552163105|0|49773.1171875|20.5865671042|100.90534066827|16385|764651||49773.1171875|340||33981.25|338|49773.1171875|89616f|UAE9219|0|2050|0|||3|3|0|1|1|132|146|["132,98,5,3884","132,114,4,519","132,194,5,3510","132,146,5,1744"]|13:49:33:117
62|1.1|636136515602078096|0|49778.1171875|20.59214072619|100.89474059411|15275|765269||49778.1171875|340||33962.5|338|49778.1171875|89616f|UAE9219|0|2050|0|||3|3|0|1|1|132|146|["132,98,5,3884","132,114,4,519","132,194,5,3510","132,146,5,1744"]|13:49:38:117
62|1.1|636136515652003088|0|49783.1015625|20.59778944992|100.88433900312|14186|765896||49783.1015625|340||33937.5|338|49783.1015625|89616f|UAE9219|0|2050|0|||3|3|0|1|1|132|146|["132,98,5,3884","132,114,4,519","132,194,5,3510","132,146,5,1744"]|13:49:43:102
62|1.1|636136515701928080|0|49788.1015625|20.60328797017|100.87351362374|13053|766506||49788.1015625|340||33931.25|338|49788.1015625|89616f|UAE9219|0|2050|0|||3|3|0|1|1|132|146|["132,98,5,3884","132,114,4,519","132,194,5,3510","132,146,5,1744"]|13:49:48:102
62|1.1|636136515751853072|0|49793.1015625|20.60876503278|100.8628169902|11934|767114||49793.1015625|340||34006.25|338|49793.1015625|89616f|UAE9219|0|2050|0|||3|3|0|1|1|132|147|["132,98,5,3884","132,114,4,519","132,194,5,3510","132,146,5,1744"]|13:49:53:102
62|1.1|636136515801768063|0|49798.078125|20.61438157005|100.8522491025|10828|767737||49798.078125|340||34012.5|338|49798.078125|89616f|UAE9219|0|2050|0|||3|3|0|1|1|132|98|["132,98,5,3884","132,114,4,519","132,194,5,3510","132,146,5,1744"]|13:49:58:078
62|1.1|636136515851683054|0|49803.078125|20.62000883614|100.84162220629|9716|768362||49803.078125|340||34018.75|338|49803.078125|89616f|UAE9219|0|2050|0|||3|3|0|1|1|132|98|["132,98,5,3884","132,114,4,519","132,194,5,3510","132,146,5,1744"]|13:50:03:078
62|1.1|636136515901608046|0|49808.0625|20.62556100049|100.83108650505|8613|768979||49808.0625|340||34031.25|338|49808.0625|89616f|UAE9219|0|2050|0|||3|3|0|1|1|132|98|["132,98,5,3884","132,114,4,519","132,194,5,3510","132,146,5,1744"]|13:50:08:063
62|1.1|636136515951533038|0|49813.0625|20.63109707161|100.82060981232|7517|769593||49813.0625|340||34031.25|338|49813.0625|89616f|UAE9219|0|2050|0|||3|3|0|1|1|132|98|["132,98,5,3884","132,114,4,519","132,194,5,3510","132,146,5,1744"]|13:50:13:063
62|1.1|636136516001448029|0|49818.0625|20.63664387155|100.80982734822|6389|770209||49818.0625|340||34006.25|338|49818.0625|89616f|UAE9219|0|2050|0|||3|3|0|1|1|132|146|["132,98,5,3884","132,114,4,519","132,194,5,3510","132,146,5,1744"]|13:50:18:063
62|1.1|636136516051373021|0|49823.0390625|20.64222285795|100.79938820636|5297|770828||49823.0390625|340||33981.25|338|49823.0390625|89616f|UAE9219|0|2050|0|||3|3|0|1|1|132|146|["132,98,5,3884","132,114,4,519","132,194,5,3510","132,146,5,1744"]|13:50:23:039
62|1.1|636136516101298013|0|49828.0390625|20.64779647994|100.78887932717|4198|771448||49828.0390625|340||33962.5|338|49828.0390625|89616f|UAE9219|0|2050|0|||3|3|0|1|1|132|146|["132,98,5,3884","132,194,5,3510","132,146,5,1744"]|13:50:28:039
62|1.1|636136516151223005|0|49833.015625|20.65337546634|100.77822560891|3083|772068||49833.015625|340||33937.5|338|49833.015625|89616f|UAE9219|0|2050|0|||3|3|0|1|1|132|146|["132,98,5,3884","132,194,5,3510","132,146,5,1744"]|13:50:33:016
62|1.1|636136516201137996|0|49838.015625|20.65904564771|100.76763089916|1975|772697||49838.015625|340||33906.25|338|49838.015625|89616f|UAE9219|0|2050|0|||3|3|0|1|1|132|146|["132,98,5,3884","132,194,5,3510","132,146,5,1744"]|13:50:38:016
62|1.1|636136516251062988|0|49843.015625|20.66465145616|100.75709519792|873|773320||49843.015625|340||33893.75|338|49843.015625|89616f|UAE9219|0|2050|0|||3|3|0|1|1|132|146|["132,98,5,3884","132,194,5,3510","132,146,5,1744"]|13:50:43:016
62|1.1|636136516300987980|0|49848|20.67024653579|100.74645220848|-240|773942||49848|340||33881.25|338|49848|89616f|UAE9219|0|2050|0|||3|3|0|1|1|132|146|["132,98,5,3884","132,194,5,3510","132,146,5,1744"]|13:50:48:000
62|1.1|636136516350912972|0|49853|20.67574505604|100.73582531227|-1352|774553||49853|340||33906.25|338|49853|89616f|UAE9219|0|2050|0|||3|3|0|1|1|132|146|["132,98,5,3884","132,194,5,3510","132,146,5,1744"]|13:50:53:000
62|1.1|636136516400827963|0|49857.9765625|20.68142060182|100.72531106867|-2451|775184||49857.9765625|340||33875|338|49857.9765625|89616f|UAE9219|0|2050|0|||3|3|0|1|1|132|146|["132,98,5,3884","132,194,5,3510","132,146,5,1744"]|13:50:57:977
62|1.1|636136516450762956|0|49862.9765625|20.68683865592|100.71462516395|-3569|775786||49862.9765625|340||33943.75|338|49862.9765625|89616f|UAE9219|0|2050|0|||3|3|0|1|1|132|146|["132,98,5,3884","132,194,5,3510","132,146,5,1744"]|13:51:02:977
62|1.1|636136516500667946|0|49867.9765625|20.69239082027|100.70396608128|-4683|776403||49867.9765625|340||33950|338|49867.9765625|89616f|UAE9219|0|2050|0|||3|3|0|1|1|132|98|["132,98,5,3884","132,194,5,3510","132,146,5,1744"]|13:51:07:977
62|1.1|636136516550592938|0|49872.9609375|20.69797517108|100.69331236302|-5797|777025||49872.9609375|340||33943.75|338|49872.9609375|89616f|UAE9219|0|2050|0|||3|3|0|1|1|132|194|["132,98,5,3884","132,194,5,3510","132,146,5,1744"]|13:51:12:961
62|1.1|636136516600517930|0|49877.9609375|20.7036185304|100.68263718712|-6913|777652||49877.9609375|340||33956.25|338|49877.9609375|89616f|UAE9219|0|2050|0|||3|3|0|1|1|132|98|["132,98,5,3884","132,194,5,3510","132,146,5,1744"]|13:51:17:961
62|1.1|636136516650432921|0|49882.9375|20.70927261854|100.67208539265|-8016|778281||49882.9375|340||33912.5|338|49882.9375|89616f|UAE9219|0|2050|0|||3|3|0|1|1|132|98|["132,98,5,3884","132,194,5,3510","132,146,5,1744"]|13:51:22:938
62|1.1|636136516700357913|0|49887.9375|20.71481941848|100.66155505582|-9117|778897||49887.9375|340||33918.75|338|49887.9375|89616f|UAE9219|0|2050|0|||3|3|0|1|1|132|98|["132,98,5,3884","132,194,5,3510","132,146,5,1744"]|13:51:27:938
62|1.1|636136516750282905|0|49892.9375|20.7204627778|100.65096571048|-10224|779525||49892.9375|340||33893.75|338|49892.9375|89616f|UAE9219|0|2050|0|||3|3|0|1|1|132|98|["132,98,5,3884","132,194,5,3510","132,146,5,1744"]|13:51:32:938
62|1.1|636136516800207897|0|49897.921875|20.72599348451|100.64030662781|-11338|780140||49897.921875|340||33912.5|338|49897.921875|89616f|UAE9219|0|2050|0|||3|3|0|1|1|132|98|["132,98,5,3884","132,194,5,3510","132,146,5,1744"]|13:51:37:922
62|1.1|636136516850122888|0|49902.921875|20.73141690302|100.62964754514|-12452|780744||49902.921875|340||34006.25|338|49902.921875|89616f|UAE9219|0|2050|0|||3|3|0|1|1|132|146|["132,98,5,3884","132,194,5,3510","132,146,5,1744"]|13:51:42:922
62|1.1|636136516900047880|0|49907.8984375|20.73684032153|100.61910111508|-13554|781347||49907.8984375|340||34018.75|338|49907.8984375|89616f|UAE9219|0|2050|0|||3|3|0|1|1|132|146|["132,98,5,3884","132,194,5,3510","132,146,5,1744"]|13:51:47:898
62|1.1|636136516949972872|0|49912.8984375|20.74232274855|100.60853859179|-14658|781958||49912.8984375|340||34031.25|338|49912.8984375|89616f|UAE9219|0|2050|0|||3|3|0|1|1|132|146|["132,98,5,3884","132,194,5,3510","132,146,5,1744"]|13:51:52:898
62|1.1|636136516999887863|0|49917.8984375|20.74754231948|100.59871099267|-15685|782538||49917.8984375|340||34037.5|338|49917.8984375|89616f|UAE9219|0|2050|0|||3|3|0|1|1|132|146|["132,98,5,3884","132,194,5,3510","132,146,5,1744"]|13:51:57:898
62|1.1|636136517049812855|0|49922.875|20.75315885675|100.58792316416|-16812|783163||49922.875|340||34025|338|49922.875|89616f|UAE9219|0|2050|0|||3|3|0|1|1|132|146|["132,98,5,3884","132,194,5,3510","132,146,5,1744"]|13:52:02:875
62|1.1|636136517099727846|0|49927.875|20.7587646652|100.57730163236|-17922|783787||49927.875|340||34031.25|338|49927.875|89616f|UAE9219|0|2050|0|||3|3|0|1|1|132|146|["132,98,5,3884","132,194,5,3510","132,146,5,1744"]|13:52:07:875
62|1.1|636136517149662839|0|49932.859375|20.76441338893|100.56657281236|-19043|784416||49932.859375|340||34025|338|49932.859375|89616f|UAE9219|0|2050|0|||3|3|0|1|1|132|146|["132,98,5,3884","132,194,5,3510","132,146,5,1744"]|13:52:12:859
62|1.1|636136517199577830|0|49937.859375|20.77018012968|100.55579571267|-20169|785058||49937.859375|340||33987.5|338|49937.859375|89616f|UAE9219|0|2050|0|||3|3|0|1|1|132|146|["132,98,5,3884","132,194,5,3510","132,146,5,1744"]|13:52:17:859
62|1.1|636136517249492821|0|49942.859375|20.77586103987|100.54495960447|-21301|785690||49942.859375|340||33943.75|338|49942.859375|89616f|UAE9219|0|2050|0|||3|3|0|1|1|132|146|["132,98,5,3884","132,194,5,3510","132,146,5,1744"]|13:52:22:859
62|1.1|636136517299417813|0|49947.8359375|20.78140783981|100.53409667422|-22436|786308||49947.8359375|340||33993.75|338|49947.8359375|89616f|UAE9219|0|2050|0|||3|3|0|1|1|132|147|["132,98,5,3884","132,194,5,3510","132,146,5,1744"]|13:52:27:836
62|1.1|636136517349342805|0|49952.8359375|20.78705119913|100.52345904919|-23547|786936||49952.8359375|340||33987.5|338|49952.8359375|89616f|UAE9219|0|2050|0|||3|3|0|1|1|132|146|["132,98,5,3884","132,194,5,3510","132,146,5,1744"]|13:52:32:836
62|1.1|636136517399267797|0|49957.8203125|20.79206692248|100.51393722144|-24541|787496||49957.8203125|340||34025|338|49957.8203125|89616f|UAE9219|0|2050|0|||3|3|0|1|1|132|146|["132,98,5,3884","132,194,5,3510","132,146,5,1744"]|13:52:37:820
62|1.1|636136517449182788|0|49962.8203125|20.79748497658|100.50317621498|-25665|788099||49962.8203125|340||34031.25|338|49962.8203125|89616f|UAE9219|0|2050|0|||3|3|0|1|1|132|98|["132,98,5,3884","132,194,5,3510","132,146,5,1744"]|13:52:42:820
62|1.1|636136517499107780|0|49967.8203125|20.80290839509|100.49230255591|-26801|788703||49967.8203125|340||33987.5|338|49967.8203125|89616f|UAE9219|0|2050|0|||3|3|0|1|1|132|98|["132,98,5,3884","132,194,5,3510","132,146,5,1744"]|13:52:47:820
62|1.1|636136517549022771|0|49972.796875|20.80796703372|100.48100510845|-27981|789267||49972.796875|340||33943.75|338|49972.796875|89616f|UAE9219|0|2050|0|||3|3|0|1|1|132|98|["132,98,5,3884","132,194,5,3510","132,146,5,1744"]|13:52:52:797
62|1.1|636136517598947763|0|49977.796875|20.8126769857|100.46949308459|-29183|789792||49977.796875|340||33887.5|338|49977.796875|89616f|UAE9219|0|2050|0|||3|3|0|1|1|132|146|["132,98,5,3884","132,194,5,3510","132,146,5,1744"]|13:52:57:797
62|1.1|636136517648872755|0|49982.78125|20.81712408159|100.45790595899|-30393|790288||49982.78125|340||33837.5|338|49982.78125|89616f|UAE9219|0|2050|0|||3|3|0|1|1|132|146|["132,98,5,3884","132,194,5,3510","132,146,5,1744"]|13:53:02:781
62|1.1|636136517698787746|0|49987.78125|20.82133514344|100.44631346898|-31604|790758||49987.78125|340||33818.75|338|49987.78125|89616f|UAE9219|0|2050|0|||3|3|0|1|1|132|146|["132,98,5,3884","132,194,5,3510","132,146,5,1744"]|13:53:07:781
62|1.1|636136517748712738|0|49992.78125|20.82486492522|100.43481217394|-32805|791153||49992.78125|340||33981.25|338|49992.78125|89616f|UAE9219|0|2050|0|||3|3|0|1|1|132|146|["132,98,5,3884","132,194,5,3510","132,146,5,1744"]|13:53:12:781
62|1.1|636136517798647731|0|49997.7578125|20.82824986793|100.42408871835|-33925|791530||49997.7578125|340||34000|338|49997.7578125|89616f|UAE9219|0|2050|0|||3|3|0|1|1|132|146|["132,98,5,3884","132,194,5,3510","132,146,5,1744"]|13:53:17:758
62|1.1|636136517848552721|0|50002.7578125|20.83163481064|100.41286637263|-35097|791909||50002.7578125|340||34012.5|338|50002.7578125|89616f|UAE9219|0|2050|0|||3|3|0|1|1|132|147|["132,98,5,3884","132,194,5,3510","132,146,5,1744"]|13:53:22:758
62|1.1|636136517898477713|0|50007.7421875|20.83490173633|100.40111831473|-36324|792274||50007.7421875|340||34006.25|338|50007.7421875|89616f|UAE9219|0|2050|0|||3|3|0|1|1|132|146|["132,98,5,3884","132,194,5,3510","132,146,5,1744"]|13:53:27:742
62|1.1|636136517948402705|0|50012.7421875|20.83830277227|100.38946681621|-37541|792654||50012.7421875|340||33993.75|338|50012.7421875|89616f|UAE9219|0|2050|0|||3|3|0|1|1|132|146|["132,98,5,3884","132,194,5,3510","132,146,5,1744"]|13:53:32:742
62|1.1|636136517998327697|0|50017.7421875|20.84158042678|100.37777240241|-38762|793021||50017.7421875|340||33987.5|338|50017.7421875|89616f|UAE9219|0|2050|0|||3|3|0|1|1|132|98|["132,98,5,3884","132,194,5,3510","132,146,5,1744"]|13:53:37:742
62|1.1|636136518048242688|0|50022.71875|20.84480443719|100.3660189801|-39989|793382||50022.71875|340||33981.25|338|50022.71875|89616f|UAE9219|0|2050|0|||3|3|0|1|1|132|98|["132,98,5,3884","132,194,5,3510","132,146,5,1744"]|13:53:42:719
62|1.1|636136518098167680|0|50027.71875|20.84807136288|100.35417436282|-41226|793747||50027.71875|340||33962.5|338|50027.71875|89616f|UAE9219|0|2050|0|||3|3|0|1|1|132|98|["132,98,5,3884","132,194,5,3510","132,146,5,1744"]|13:53:47:719
62|1.1|636136518148092672|0|50032.6953125|20.85118272068|100.3420937115|-42488|794096||50032.6953125|340||33943.75|338|50032.6953125|89616f|UAE9219|0|2050|0|||3|3|0|1|1|132|194|["132,98,5,3884","132,194,5,3510","132,146,5,1744"]|13:53:52:695
62|1.1|636136518198007663|0|50037.6953125|20.85425652761|100.33032956037|-43716|794440||50037.6953125|340||33962.5|338|50037.6953125|89616f|UAE9219|0|2050|0|||3|3|0|1|1|132|194|["132,98,5,3884","132,194,5,3510","132,146,5,1744"]|13:53:57:695
62|1.1|636136518247942656|0|50042.6953125|20.85728205485|100.31873707036|-44926|794779||50042.6953125|340||34012.5|338|50042.6953125|89616f|UAE9219|0|2050|0|||3|3|0|1|1|132|194|["132,98,5,3884","132,194,5,3510","132,146,5,1744"]|13:54:02:695
62|1.1|636136518297857647|0|50047.6796875|20.86045778557|100.30695146159|-46157|795135||50047.6796875|340||34006.25|338|50047.6796875|89616f|UAE9219|0|2050|0|||3|3|0|1|1|132|98|["132,98,5,3884","132,194,5,3510"]|13:54:07:680
62|1.1|636136518347772638|0|50052.6796875|20.8637461689|100.29493518319|-47411|795503||50052.6796875|340||33968.75|338|50052.6796875|89616f|UAE9219|0|2050|0|||3|3|0|1|1|132|98|["132,98,5,3884","132,194,5,3510"]|13:54:12:680
62|1.1|636136518397697630|0|50057.65625|20.86673414527|100.28345534579|-48610|795838||50057.65625|340||34025|338|50057.65625|89616f|UAE9219|0|2050|0|||3|3|0|1|1|132|98|["132,98,5,3884","132,194,5,3510"]|13:54:17:656
62|1.1|636136518447612621|0|50062.65625|20.86995279127|100.27159999969|-49848|796199||50062.65625|340||34000|338|50062.65625|89616f|UAE9219|0|2050|0|||3|3|0|1|1|132|98|["132,98,5,3884","132,194,5,3510"]|13:54:22:656
62|1.1|636136518497537613|0|50067.65625|20.87306951348|100.25991631471|-51067|796548||50067.65625|340||34012.5|338|50067.65625|89616f|UAE9219|0|2050|0|||3|3|0|1|1|132|98|["132,98,5,3884","132,194,5,3510"]|13:54:27:656
62|1.1|636136518547462605|0|50072.640625|20.87620232892|100.24825408737|-52285|796900||50072.640625|340||34018.75|338|50072.640625|89616f|UAE9219|0|2050|0|||3|3|0|1|1|132|98|["132,98,5,3884","132,194,5,3510"]|13:54:32:641
62|1.1|636136518597377596|0|50077.640625|20.87926540703|100.2367366991|-53487|797243||50077.640625|340||34043.75|338|50077.640625|89616f|UAE9219|0|2050|0|||3|3|0|1|1|132|98|["132,98,5,3884","132,194,5,3510"]|13:54:37:641
62|1.1|636136518647302588|0|50082.6171875|20.88229629868|100.22531587021|-54679|797583||50082.6171875|340||34068.75|338|50082.6171875|89616f|UAE9219|0|2050|0|||3|3|0|1|1|132|98|["132,98,5,3884","132,194,5,3510"]|13:54:42:617
62|1.1|636136518697227580|0|50087.6171875|20.88534864797|100.21383603281|-55878|797926||50087.6171875|340||34093.75|338|50087.6171875|89616f|UAE9219|0|2050|0|||3|3|0|1|1|132|98|["132,98,5,3884","132,194,5,3510"]|13:54:47:617
62|1.1|636136518747142571|0|50092.6171875|20.88842781931|100.20225963603|-57086|798272||50092.6171875|340||34100|338|50092.6171875|89616f|UAE9219|0|2050|0|||3|3|0|1|1|132|98|["132,98,5,3884","132,194,5,3510"]|13:54:52:617
62|1.1|636136518797067563|0|50097.6015625|20.89154454152|100.19073688335|-58289|798621||50097.6015625|340||34087.5|338|50097.6015625|89616f|UAE9219|0|2050|0|||3|3|0|1|1|132|98|["132,98,5,3884","132,194,5,3510"]|13:54:57:602
62|1.1|636136518846992555|0|50102.6015625|20.89458079758|100.17927313918|-59485|798963||50102.6015625|340||34112.5|338|50102.6015625|89616f|UAE9219|0|2050|0|||3|3|0|1|1|132|98|["132,98,5,3884","132,194,5,3510"]|13:55:02:602
62|1.1|636136518896917547|0|50107.578125|20.89771897743|100.16767528476|-60695|799315||50107.578125|340||34081.25|338|50107.578125|89616f|UAE9219|0|2050|0|||3|3|0|1|1|132|98|["132,98,5,3884","132,194,5,3510"]|13:55:07:578
62|1.1|636136518946842539|0|50112.578125|20.90081960641|100.15617398972|-61896|799663||50112.578125|340||34081.25|338|50112.578125|89616f|UAE9219|0|2050|0|||3|3|0|1|1|132|98|["132,98,5,3884","132,194,5,3510"]|13:55:12:578
62|1.1|636136518996757530|0|50117.578125|20.90390414216|100.14465123704|-63098|800010||50117.578125|340||34087.5|338|50117.578125|89616f|UAE9219|0|2050|0|||3|3|0|1|1|132|194|["132,98,5,3884","132,194,5,3510"]|13:55:17:578
62|1.1|636136519046682522|0|50122.5625|20.90702622878|100.13313384877|-64300|800361||50122.5625|340||34068.75|338|50122.5625|89616f|UAE9219|0|2050|0|||3|3|0|1|1|132|194|["132,98,5,3884","132,194,5,3510"]|13:55:22:563
62|1.1|636136519096597513|0|50127.5625|20.91019659509|100.12153599435|-65510|800717||50127.5625|340||34037.5|338|50127.5625|89616f|UAE9219|0|2050|0|||3|3|0|1|1|132|98|["132,98,5,3884","132,194,5,3510"]|13:55:27:563
62|1.1|636136519146522505|0|50132.5390625|20.91327040202|100.11012589428|-66701|801063||50132.5390625|340||34050|338|50132.5390625|89616f|UAE9219|0|2050|0|||3|3|0|1|1|132|98|["132,98,5,3884","132,194,5,3510"]|13:55:32:539
62|1.1|636136519196437496|0|50137.5390625|20.91643540392|100.0984958534|-67915|801418||50137.5390625|340||34018.75|338|50137.5390625|89616f|UAE9219|0|2050|0|||3|3|0|1|1|132|98|["132,98,5,3884","132,194,5,3510"]|13:55:37:539
62|1.1|636136519246362488|0|50142.5390625|20.91957358377|100.08682826165|-69132|801772||50142.5390625|340||34000|338|50142.5390625|89616f|UAE9219|0|2050|0|||3|3|0|1|1|132|98|["132,98,5,3884","132,194,5,3510"]|13:55:42:539
62|1.1|636136519296287480|0|50147.515625|20.92272785685|100.07516603431|-70349|802127||50147.515625|340||33981.25|338|50147.515625|89616f|UAE9219|0|2050|0|||3|3|0|1|1|132|98|["132,98,5,3884","132,194,5,3510"]|13:55:47:516
62|1.1|636136519346212472|0|50152.515625|20.92580166378|100.06369156132|-71546|802473||50152.515625|340||34006.25|338|50152.515625|89616f|UAE9219|0|2050|0|||3|3|0|1|1|132|98|["132,98,5,3884","132,194,5,3510"]|13:55:52:516
62|1.1|636136519396127463|0|50157.5|20.92898812332|100.0519864187|-72767|802831||50157.5|340||33981.25|338|50157.5|89616f|UAE9219|0|2050|0|||3|3|0|1|1|132|98|["132,98,5,3884","132,194,5,3510"]|13:55:57:500
62|1.1|636136519446052455|0|50162.5|20.93209411671|100.04047975925|-73968|803181||50162.5|340||33993.75|338|50162.5|89616f|UAE9219|0|2050|0|||3|3|0|1|1|132|98|["132,98,5,3884","132,194,5,3510"]|13:56:02:500
62|1.1|636136519495967446|0|50167.5|20.93526984743|100.02876925222|-75189|803538||50167.5|340||33975|338|50167.5|89616f|UAE9219|0|2050|0|||3|3|0|1|1|132|98|["132,98,5,3884","132,194,5,3510"]|13:56:07:500
62|1.1|636136519545892438|0|50172.4765625|20.938365112|100.01731623687|-76384|803887||50172.4765625|340||33993.75|338|50172.4765625|89616f|UAE9219|0|2050|0|||3|3|0|1|1|132|98|["132,98,5,3884","132,194,5,3510"]|13:56:12:477
62|1.1|636136519595817430|0|50177.4765625|20.94149792744|100.0056915604|-77597|804240||50177.4765625|340||33993.75|338|50177.4765625|89616f|UAE9219|0|2050|0|||3|3|0|1|1|132|98|["132,98,5,3884","132,194,5,3510"]|13:56:17:477
62|1.1|636136519645742422|0|50182.4609375|20.94461464965|99.99421708741|-78794|804591||50182.4609375|340||34000|338|50182.4609375|89616f|UAE9219|0|2050|0|||3|3|0|1|1|132|98|["132,98,5,3884","132,194,5,3510"]|13:56:22:461
62|1.1|636136519695657413|0|50187.4609375|20.94775819391|99.98249048715|-80017|804945||50187.4609375|340||34000|338|50187.4609375|89616f|UAE9219|0|2050|0|||3|3|0|1|1|132|98|["132,98,5,3884","132,194,5,3510"]|13:56:27:461
62|1.1|636136519745582405|0|50192.4609375|20.95087491612|99.97095164124|-81220|805297||50192.4609375|340||34018.75|338|50192.4609375|89616f|UAE9219|0|2050|0|||3|3|0|1|1|132|98|["132,98,5,3884","132,194,5,3510"]|13:56:32:461
62|1.1|636136519795497396|0|50197.4375|20.95403991802|99.95937524446|-82428|805653||50197.4375|340||33993.75|338|50197.4375|89616f|UAE9219|0|2050|0|||3|3|0|1|1|132|98|["132,98,5,3884","132,194,5,3510"]|13:56:37:438
62|1.1|636136519845422388|0|50202.4375|20.95717273346|99.94774520358|-83641|806007||50202.4375|340||33993.75|338|50202.4375|89616f|UAE9219|0|2050|0|||3|3|0|1|1|132|194|["132,98,5,3884","132,194,5,3510"]|13:56:42:438
62|1.1|636136519895347380|0|50207.421875|20.96026799803|99.93622781531|-84842|806356||50207.421875|340||34025|338|50207.421875|89616f|UAE9219|0|2050|0|||3|3|0|1|1|132|194|["132,98,5,3884","132,194,5,3510"]|13:56:47:422
62|1.1|636136519945262371|0|50212.421875|20.96345982198|99.92470506263|-86044|806715||50212.421875|340||34006.25|338|50212.421875|89616f|UAE9219|0|2050|0|||3|3|0|1|1|132|98|["132,98,5,3884","132,194,5,3510"]|13:56:52:422
62|1.1|636136519995187363|0|50217.421875|20.96654435773|99.91311793703|-87253|807064||50217.421875|340||34025|338|50217.421875|89616f|UAE9219|0|2050|0|||3|3|0|1|1|132|98|["132,98,5,3884","132,194,5,3510"]|13:56:57:422
62|1.1|636136520045112355|0|50222.3984375|20.96968253758|99.90152008261|-88462|807418||50222.3984375|340||34006.25|338|50222.3984375|89616f|UAE9219|0|2050|0|||3|3|0|1|1|132|98|["132,98,5,3884","132,194,5,3510"]|13:57:02:398
62|1.1|636136520095027346|0|50227.3984375|20.97280998861|99.88990613496|-89673|807771||50227.3984375|340||34000|338|50227.3984375|89616f|UAE9219|0|2050|0|||3|3|0|1|1|132|98|["132,98,5,3884","132,194,5,3510"]|13:57:07:398
62|1.1|636136520144952338|0|50232.375|20.97591061759|99.87832973818|-90880|808121||50232.375|340||34006.25|338|50232.375|89616f|UAE9219|0|2050|0|||3|3|0|1|1|132|98|["132,98,5,3884","132,194,5,3510"]|13:57:12:375
62|1.1|636136520194877330|0|50237.375|20.97902197539|99.86671579053|-92091|808473||50237.375|340||34006.25|338|50237.375|89616f|UAE9219|0|2050|0|||3|3|0|1|1|132|98|["132,98,5,3884","132,194,5,3510"]|13:57:17:375
62|1.1|636136520244792321|0|50242.375|20.9821386976|99.85503746996|-93309|808825||50242.375|340||34006.25|338|50242.375|89616f|UAE9219|0|2050|0|||3|3|0|1|1|132|98|["132,98,5,3884","132,194,5,3510"]|13:57:22:375
62|1.1|636136520294717313|0|50247.359375|20.98523396217|99.84360591225|-94501|809174||50247.359375|340||34025|338|50247.359375|89616f|UAE9219|0|2050|0|||3|3|0|1|1|132|98|["132,98,5,3884","132,194,5,3510"]|13:57:27:359
62|1.1|636136520344642305|0|50252.359375|20.98840432848|99.83181493907|-95730|809533||50252.359375|340||33981.25|338|50252.359375|89616f|UAE9219|0|2050|0|||3|3|0|1|1|132|98|["132,98,5,3884","132,194,5,3510"]|13:57:32:359
62|1.1|636136520394557296|0|50257.3359375|20.99154250833|99.82021172024|-96940|809888||50257.3359375|340||33962.5|338|50257.3359375|89616f|UAE9219|0|2050|0|||3|3|0|1|1|132|98|["132,98,5,3884","132,194,5,3510"]|13:57:37:336
62|1.1|636136520444482288|0|50262.3359375|20.99465386613|99.80858167936|-98153|810239||50262.3359375|340||33981.25|338|50262.3359375|89616f|UAE9219|0|2050|0|||3|3|0|1|1|132|98|["132,98,5,3884","132,194,5,3510"]|13:57:42:336
62|1.1|636136520494407280|0|50267.3359375|20.99775449511|99.79687117233|-99373|810590||50267.3359375|340||33981.25|338|50267.3359375|89616f|UAE9219|0|2050|0|||3|3|0|1|1|132|98|["132,98,5,3884","132,194,5,3510"]|13:57:47:336
62|1.1|636136520544332272|0|50272.3203125|21.00088731055|99.78536451288|-100573|810944||50272.3203125|340||33981.25|338|50272.3203125|89616f|UAE9219|0|2050|0|||3|3|0|1|1|132|98|["132,98,5,3884","132,194,5,3510"]|13:57:52:320
62|1.1|636136520594247263|0|50277.3203125|21.00396648189|99.77389003989|-101769|811293||50277.3203125|340||34018.75|338|50277.3203125|89616f|UAE9219|0|2050|0|||3|3|0|1|1|132|98|["132,98,5,3884","132,194,5,3510"]|13:57:57:320
62|1.1|636136520644172255|0|50282.296875|21.00706174646|99.76225999901|-102982|811643||50282.296875|340||34025|338|50282.296875|89616f|UAE9219|0|2050|0|||3|3|0|1|1|132|194|["132,98,5,3884","132,194,5,3510"]|13:58:02:297
62|1.1|636136520694087246|0|50287.296875|21.01016773985|99.75069433105|-104187|811995||50287.296875|340||34037.5|338|50287.296875|89616f|UAE9219|0|2050|0|||3|3|0|1|1|132|194|["132,98,5,3884","132,194,5,3510"]|13:58:07:297
62|1.1|636136520744012238|0|50292.296875|21.01327373324|99.73914475632|-105391|812346||50292.296875|340||34050|338|50292.296875|89616f|UAE9219|0|2050|0|||3|3|0|1|1|132|194|["132,98,5,3884","132,194,5,3510"]|13:58:12:297
62|1.1|636136520793937230|0|50297.28125|21.01644946396|99.72736451196|-106619|812705||50297.28125|340||34000|338|50297.28125|89616f|UAE9219|0|2050|0|||3|3|0|1|1|132|98|["132,98,5,3884","132,194,5,3510"]|13:58:17:281
62|1.1|636136520843862222|0|50302.28125|21.01956618617|99.71573447108|-107831|813059||50302.28125|340||33987.5|338|50302.28125|89616f|UAE9219|0|2050|0|||3|3|0|1|1|132|98|["132,98,5,3884","132,194,5,3510"]|13:58:22:281
62|1.1|636136520893777213|0|50307.2578125|21.02270436602|99.70402932846|-109051|813414||50307.2578125|340||33968.75|340|50307.2578125|89616f|UAE9219|0|2050|0|||3|3|0|1|1|132|98|["132,98,5,3884","132,194,5,3510"]|13:58:27:258
62|1.1|636136520943702205|0|50312.2578125|21.02581035941|99.69237246553|-110266|813766||50312.2578125|340||33975|340|50312.2578125|89616f|UAE9219|0|2050|0|||3|3|0|1|1|132|98|["132,98,5,3884","132,194,5,3510"]|13:58:32:258
62|1.1|636136520993617196|0|50317.2578125|21.02893244603|99.68060294999|-111493|814120||50317.2578125|340||33962.5|340|50317.2578125|89616f|UAE9219|0|2050|0|||3|3|0|1|1|132|98|["132,98,5,3884","132,194,5,3510"]|13:58:37:258
62|1.1|636136521043542188|0|50322.2421875|21.0320277106|99.66890317178|-112712|814471||50322.2421875|340||33962.5|340|50322.2421875|89616f|UAE9219|0|2050|0|||3|3|0|1|1|132|98|["132,98,5,3884","132,194,5,3510"]|13:58:42:242
62|1.1|636136521093467180|0|50327.2421875|21.03513370399|99.6571658427|-113935|814823||50327.2421875|340||33968.75|340|50327.2421875|89616f|UAE9219|0|2050|0|||3|3|0|1|1|132|98|["132,98,5,3884","132,194,5,3510"]|13:58:47:242
62|1.1|636136521143392172|0|50332.21875|21.03820751092|99.6456323612|-115137|815172||50332.21875|340||34000|340|50332.21875|89616f|UAE9219|0|2050|0|||3|3|0|1|1|132|98|["132,98,5,3884","132,194,5,3510"]|13:58:52:219
62|1.1|636136521193317164|0|50337.21875|21.04133496195|99.63390039653|-116360|815527||50337.21875|340||33987.5|340|50337.21875|89616f|UAE9219|0|2050|0|||3|3|0|1|1|132|98|["132,98,5,3884","132,194,5,3510"]|13:58:57:219
62|1.1|636136521243232155|0|50342.21875|21.04443559093|99.62221134714|-117578|815878||50342.21875|340||33993.75|340|50342.21875|89616f|UAE9219|0|2050|0|||3|3|0|1|1|132|98|["132,98,5,3884","132,194,5,3510"]|13:59:02:219
62|1.1|636136521293147146|0|50347.1953125|21.04754694873|99.61043646719|-118805|816232||50347.1953125|340||33975|340|50347.1953125|89616f|UAE9219|0|2050|0|||3|3|0|1|1|132|98|["132,98,5,3884","132,194,5,3510"]|13:59:07:195
62|1.1|636136521343072138|0|50352.1953125|21.05065830653|99.59871523134|-120026|816585||50352.1953125|340||33975|340|50352.1953125|89616f|UAE9219|0|2050|0|||3|3|0|1|1|132|98|["132,98,5,3884","132,194,5,3510"]|13:59:12:195
62|1.1|636136521392997130|0|50357.1796875|21.05373211346|99.58703154636|-121244|816934||50357.1796875|340||33987.5|340|50357.1796875|89616f|UAE9219|0|2050|0|||3|3|0|1|1|132|98|["132,98,5,3884","132,194,5,3510"]|13:59:17:180
62|1.1|636136521442912121|0|50362.1796875|21.05682201362|99.57523520877|-122473|817285||50362.1796875|340||33987.5|340|50362.1796875|89616f|UAE9219|0|2050|0|||3|3|0|1|1|132|98|["132,98,5,3884","132,194,5,3510"]|13:59:22:180
62|1.1|636136521492837113|0|50367.1796875|21.05993337142|99.56346569323|-123699|817639||50367.1796875|340||33981.25|340|50367.1796875|89616f|UAE9219|0|2050|0|||3|3|0|1|1|132|194|["132,98,5,3884","132,194,5,3510"]|13:59:27:180
62|1.1|636136521542602089|0|50372.15625|21.06302863599|99.55184101676|-124910|817990||50372.15625|340||33975|340|50372.15625|89616f|UAE9219|0|2050|0|||3|3|0|1|1|132|194|["132,98,5,3884","132,194,5,3510"]|13:59:32:156
62|1.1|636136521592677096|0|50377.15625|21.06612390056|99.54031289967|-126111|818342||50377.15625|340||34000|340|50377.15625|89616f|UAE9219|0|2050|0|||3|3|0|1|1|132|194|["132,98,5,3884","132,194,5,3510"]|13:59:37:156
62|1.1|636136521642452073|0|50382.140625|21.06927280923|99.52844146034|-127348|818700||50382.140625|340||33968.75|340|50382.140625|89616f|UAE9219|0|2050|0|||3|3|0|1|1|132|98|["132,98,5,3884","132,194,5,3510"]|13:59:42:141
62|1.1|636136521692527080|0|50387.140625|21.07235734498|99.51684360592|-128556|819051||50387.140625|340||33993.75|340|50387.140625|89616f|UAE9219|0|2050|0|||3|3|0|1|1|132|98|["132,98,5,3884","132,194,5,3510"]|13:59:47:141
62|1.1|636136521742452072|0|50392.140625|21.07544188073|99.50522429386|-129766|819401||50392.140625|340||34006.25|340|50392.140625|89616f|UAE9219|0|2050|0|||3|3|0|1|1|132|98|["132,98,5,3884","132,194,5,3510"]|13:59:52:141
62|1.1|636136521792367063|0|50397.1171875|21.07852105207|99.49345477832|-130992|819752||50397.1171875|340||33993.75|340|50397.1171875|89616f|UAE9219|0|2050|0|||3|3|0|1|1|132|98|["132,98,5,3884","132,194,5,3510"]|13:59:57:117
62|1.1|636136521842132039|0|50402.1171875|21.08156803695|99.48178718657|-132207|820099||50402.1171875|340||34025|340|50402.1171875|89616f|UAE9219|0|2050|0|||3|3|0|1|1|132|98|["132,98,5,3884","132,194,5,3510"]|14:00:02:117
62|1.1|636136521892057031|0|50407.1015625|21.08467403034|99.47020542538|-133414|820452||50407.1015625|340||34006.25|340|50407.1015625|89616f|UAE9219|0|2050|0|||3|3|0|1|1|132|98|["132,98,5,3884","132,194,5,3510"]|14:00:07:102
62|1.1|636136521941982023|0|50412.1015625|21.08777465932|99.45853783363|-134629|820805||50412.1015625|340||34006.25|340|50412.1015625|89616f|UAE9219|0|2050|0|||3|3|0|1|1|132|98|["132,98,5,3884","132,194,5,3510"]|14:00:12:102
62|1.1|636136521991897014|0|50417.1015625|21.09088065271|99.44692925039|-135838|821159||50417.1015625|340||34000|340|50417.1015625|89616f|UAE9219|0|2050|0|||3|3|0|1|1|132|98|["132,98,5,3884","132,194,5,3510"]|14:00:17:102
62|1.1|636136522041822006|0|50422.078125|21.09395445964|99.43515437044|-137065|821509||50422.078125|340||33987.5|340|50422.078125|89616f|UAE9219|0|2050|0|||3|3|0|1|1|132|98|["132,98,5,3884","132,194,5,3510"]|14:00:22:078
62|1.1|636136522091746998|0|50427.078125|21.09707118185|99.4234921431|-138279|821864||50427.078125|340||33975|340|50427.078125|89616f|UAE9219|0|2050|0|||3|3|0|1|1|132|98|["132,98,5,3884","132,194,5,3510"]|14:00:27:078
62|1.1|636136522141661989|0|50432.0625|21.10015035319|99.41185673781|-139491|822215||50432.0625|340||33987.5|340|50432.0625|89616f|UAE9219|0|2050|0|||3|3|0|1|1|132|98|["132,98,5,3884","132,194,5,3510"]|14:00:32:063
62|1.1|636136522191586981|0|50437.0625|21.10324561776|99.4001033155|-140715|822567||50437.0625|340||33987.5|340|50437.0625|89616f|UAE9219|0|2050|0|||3|3|0|1|1|132|98|["132,98,5,3884","132,194,5,3510"]|14:00:37:063
62|1.1|636136522241511973|0|50442.0625|21.10633015351|99.38836598642|-141937|822919||50442.0625|340||33993.75|340|50442.0625|89616f|UAE9219|0|2050|0|||3|3|0|1|1|132|194|["132,98,5,3884","132,194,5,3510"]|14:00:42:063
62|1.1|636136522291426964|0|50447.0390625|21.10940396044|99.37661256411|-143161|823270||50447.0390625|340||33987.5|340|50447.0390625|89616f|UAE9219|0|2050|0|||3|3|0|1|1|132|194|["132,98,5,3884","132,194,5,3510"]|14:00:47:039
62|1.1|636136522341351956|0|50452.0390625|21.1124938606|99.36480013329|-144391|823622||50452.0390625|340||33981.25|340|50452.0390625|89616f|UAE9219|0|2050|0|||3|3|0|1|1|132|194|["132,98,5,3884","132,194,5,3510"]|14:00:52:039
62|1.1|636136522391276948|0|50457.015625|21.11557839635|99.35311644831|-145608|823974||50457.015625|340||33987.5|340|50457.015625|89616f|UAE9219|0|2050|0|||3|3|0|1|1|132|194|["132,98,5,3884","132,194,5,3510"]|14:00:57:016
62|1.1|636136522441191939|0|50462.015625|21.11874339825|99.34129865308|-146838|824335||50462.015625|340||33968.75|340|50462.015625|89616f|UAE9219|0|2050|0|||3|3|0|1|1|132|98|["132,98,5,3884","132,194,5,3510"]|14:01:02:016
62|1.1|636136522491116931|0|50467.015625|21.12187621369|99.3297759004|-148038|824692||50467.015625|340||33956.25|340|50467.015625|89616f|UAE9219|0|2050|0|||3|3|0|1|1|132|98|["132,98,5,3884","132,194,5,3510"]|14:01:07:016
62|1.1|636136522541041923|0|50472|21.12496074944|99.31794201194|-149270|825044||50472|340||33943.75|340|50472|89616f|UAE9219|0|2050|0|||3|3|0|1|1|132|98|["132,98,5,3884","132,194,5,3510"]|14:01:12:000
62|1.1|636136522590956914|0|50477|21.12800236991|99.30607057261|-150506|825392||50477|340||33956.25|340|50477|89616f|UAE9219|0|2050|0|||3|3|0|1|1|132|98|["132,98,5,3884","132,194,5,3510"]|14:01:17:000
62|1.1|636136522640881906|0|50481.9765625|21.13111372771|99.29439225204|-151722|825747||50481.9765625|340||33950|340|50481.9765625|89616f|UAE9219|0|2050|0|||3|3|0|1|1|132|98|["132,98,5,3884","132,194,5,3510"]|14:01:21:977
62|1.1|636136522690806898|0|50486.9765625|21.13421435669|99.28277293998|-152932|826101||50486.9765625|340||33956.25|340|50486.9765625|89616f|UAE9219|0|2050|0|||3|3|0|1|1|132|98|["132,98,5,3884","132,194,5,3510"]|14:01:26:977
62|1.1|636136522740731890|0|50491.9765625|21.13729352803|99.2709819668|-154159|826453||50491.9765625|340||33956.25|340|50491.9765625|89616f|UAE9219|0|2050|0|||3|3|0|1|1|132|98|["132,98,5,3884","132,194,5,3510"]|14:01:31:977
62|1.1|636136522790646881|0|50496.9609375|21.14036733496|99.25930901064|-155374|826804||50496.9609375|340||33968.75|340|50496.9609375|89616f|UAE9219|0|2050|0|||3|3|0|1|1|132|98|["132,98,5,3884","132,194,5,3510"]|14:01:36:961
62|1.1|636136522840571873|0|50501.9609375|21.14341968425|99.24750194423|-156603|827153||50501.9609375|340||33981.25|340|50501.9609375|89616f|UAE9219|0|2050|0|||3|3|0|1|1|132|98|["132,98,5,3884","132,194,5,3510"]|14:01:41:961
62|1.1|636136522890486864|0|50506.9375|21.14646666913|99.235684149|-157833|827502||50506.9375|340||33975|340|50506.9375|89616f|UAE9219|0|2050|0|||3|3|0|1|1|132|98|["132,98,5,3884","132,194,5,3510"]|14:01:46:938
62|1.1|636136522940411856|0|50511.9375|21.14952438283|99.22397900638|-159052|827852||50511.9375|340||33987.5|340|50511.9375|89616f|UAE9219|0|2050|0|||3|3|0|1|1|132|98|["132,98,5,3884","132,194,5,3510"]|14:01:51:938
62|1.1|636136522990336848|0|50516.9375|21.15260891858|99.21219339761|-160278|828204||50516.9375|340||33993.75|340|50516.9375|89616f|UAE9219|0|2050|0|||3|3|0|1|1|132|98|["132,98,5,3884","132,194,5,3510"]|14:01:56:938
62|1.1|636136523040261840|0|50521.921875|21.15568808992|99.20056872114|-161488|828557||50521.921875|340||33981.25|340|50521.921875|89616f|UAE9219|0|2050|0|||3|3|0|1|1|132|98|["132,98,5,3884","132,194,5,3510"]|14:02:01:922
62|1.1|636136523090176831|0|50526.921875|21.1587887189|99.18889040057|-162704|828911||50526.921875|340||33975|340|50526.921875|89616f|UAE9219|0|2050|0|||3|3|0|1|1|132|194|["132,98,5,3884","132,194,5,3510"]|14:02:06:922
62|1.1|636136523140101823|0|50531.8984375|21.16185716142|99.17723353764|-163917|829262||50531.8984375|340||33975|340|50531.8984375|89616f|UAE9219|0|2050|0|||3|3|0|1|1|132|194|["132,98,5,3884","132,194,5,3510"]|14:02:11:898
62|1.1|636136523190016814|0|50536.8984375|21.16493096835|99.16543183564|-165146|829614||50536.8984375|340||33968.75|340|50536.8984375|89616f|UAE9219|0|2050|0|||3|3|0|1|1|132|194|["132,98,5,3884","132,194,5,3510"]|14:02:16:898
62|1.1|636136523239941806|0|50541.8984375|21.16803696174|99.15381788799|-166354|829970||50541.8984375|340||33975|340|50541.8984375|89616f|UAE9219|0|2050|0|||3|3|0|1|1|132|194|["132,98,5,3884","132,194,5,3510"]|14:02:21:898
62|1.1|636136523289866798|0|50546.875|21.17120732805|99.142343415|-167548|830332||50546.875|340||33975|340|50546.875|89616f|UAE9219|0|2050|0|||3|3|0|1|1|132|98|["132,98,5,3884","132,194,5,3510"]|14:02:26:875
62|1.1|636136523339791790|0|50551.875|21.17426504175|99.13056853505|-168773|830683||50551.875|340||33968.75|340|50551.875|89616f|UAE9219|0|2050|0|||3|3|0|1|1|132|98|["132,98,5,3884","132,194,5,3510"]|14:02:31:875
62|1.1|636136523389706781|0|50556.859375|21.17731739104|99.11886875684|-169991|831033||50556.859375|340||33968.75|340|50556.859375|89616f|UAE9219|0|2050|0|||3|3|0|1|1|132|98|["132,98,5,3884","132,194,5,3510"]|14:02:36:859
62|1.1|636136523439631773|0|50561.859375|21.18039119797|99.1071528854|-171210|831385||50561.859375|340||33968.75|340|50561.859375|89616f|UAE9219|0|2050|0|||3|3|0|1|1|132|98|["132,98,5,3884","132,194,5,3510"]|14:02:41:859
62|1.1|636136523489546764|0|50566.859375|21.18345427608|99.09547992924|-172424|831736||50566.859375|340||33975|340|50566.859375|89616f|UAE9219|0|2050|0|||3|3|0|1|1|132|98|["132,98,5,3884","132,194,5,3510"]|14:02:46:859
62|1.1|636136523539471756|0|50571.8359375|21.18650662537|99.08382843072|-173637|832086||50571.8359375|340||33981.25|340|50571.8359375|89616f|UAE9219|0|2050|0|||3|3|0|1|1|132|98|["132,98,5,3884","132,194,5,3510"]|14:02:51:836
62|1.1|636136523589396748|0|50576.8359375|21.18958579671|99.07214474574|-174853|832439||50576.8359375|340||33975|340|50576.8359375|89616f|UAE9219|0|2050|0|||3|3|0|1|1|132|98|["132,98,5,3884","132,194,5,3510"]|14:02:56:836
62|1.1|636136523639321740|0|50581.8203125|21.19264351041|99.06049861163|-176064|832790||50581.8203125|340||33975|340|50581.8203125|89616f|UAE9219|0|2050|0|||3|3|0|1|1|132|98|["132,98,5,3884","132,194,5,3510"]|14:03:01:820
62|1.1|636136523689236731|0|50586.8203125|21.19573341057|99.04888466398|-177272|833144||50586.8203125|340||33981.25|340|50586.8203125|89616f|UAE9219|0|2050|0|||3|3|0|1|1|132|98|["132,98,5,3884","132,194,5,3510"]|14:03:06:820
62|1.1|636136523739161723|0|50591.8203125|21.19881258191|99.03710441962|-178498|833498||50591.8203125|340||33956.25|340|50591.8203125|89616f|UAE9219|0|2050|0|||3|3|0|1|1|132|98|["132,98,5,3884","132,194,5,3510"]|14:03:11:820
62|1.1|636136523789086715|0|50596.796875|21.20187029561|99.02556557371|-179698|833849||50596.796875|340||33975|340|50596.796875|89616f|UAE9219|0|2050|0|||3|3|0|1|1|132|98|["132,98,5,3884","132,194,5,3510"]|14:03:16:797
62|1.1|636136523839001706|0|50601.796875|21.20495483136|99.01390334637|-180912|834203||50601.796875|340||33975|340|50601.796875|89616f|UAE9219|0|2050|0|||3|3|0|1|1|132|194|["132,98,5,3884","132,194,5,3510"]|14:03:21:797
62|1.1|636136523888926698|0|50606.78125|21.20803936711|99.00235377164|-182113|834557||50606.78125|340||33968.75|340|50606.78125|89616f|UAE9219|0|2050|0|||3|3|0|1|1|132|194|["132,98,5,3884","132,194,5,3510"]|14:03:26:781
62|1.1|636136523938841689|0|50611.78125|21.21108635199|98.99062717138|-183333|834907||50611.78125|340||33981.25|340|50611.78125|89616f|UAE9219|0|2050|0|||3|3|0|1|1|132|194|["132,98,5,3884","132,194,5,3510"]|14:03:31:781
62|1.1|636136523988766681|0|50616.78125|21.21412797246|98.97876109646|-184567|835257||50616.78125|340||33968.75|340|50616.78125|89616f|UAE9219|0|2050|0|||3|3|0|1|1|132|194|["132,98,5,3884","132,194,5,3510"]|14:03:36:781
62|1.1|636136524038691673|0|50621.7578125|21.2172607879|98.96724370819|-185765|835616||50621.7578125|340||33950|340|50621.7578125|89616f|UAE9219|0|2050|0|||3|3|0|1|1|132|194|["132,98,5,3884","132,194,5,3510"]|14:03:41:758
62|1.1|636136524088616665|0|50626.7578125|21.22033995924|98.95561903172|-186974|835970||50626.7578125|340||33956.25|340|50626.7578125|89616f|UAE9219|0|2050|0|||3|3|0|1|1|132|194|["132,98,5,3884","132,194,5,3510"]|14:03:46:758
62|1.1|636136524138541657|0|50631.7421875|21.22346204586|98.94389243146|-188194|836329||50631.7421875|340||33943.75|340|50631.7421875|89616f|UAE9219|0|2050|0|||3|3|0|1|1|132|98|["132,98,5,3884","132,194,5,3510"]|14:03:51:742
62|1.1|636136524188456648|0|50636.7421875|21.22651439515|98.93213900915|-189416|836680||50636.7421875|340||33943.75|340|50636.7421875|89616f|UAE9219|0|2050|0|||3|3|0|1|1|132|98|["132,98,5,3884","132,194,5,3510"]|14:03:56:742
62|1.1|636136524238371639|0|50641.7421875|21.22963111736|98.92053579032|-190623|837038||50641.7421875|340||33937.5|340|50641.7421875|89616f|UAE9219|0|2050|0|||3|3|0|1|1|132|98|["132,98,5,3884","132,194,5,3510"]|14:04:01:742
62|1.1|636136524288296631|0|50646.71875|21.23269955988|98.90891111385|-191832|837391||50646.71875|340||33943.75|340|50646.71875|89616f|UAE9219|0|2050|0|||3|3|0|1|1|132|98|["132,98,5,3884","132,194,5,3510"]|14:04:06:719
62|1.1|636136524338221623|0|50651.71875|21.23573581594|98.89715232713|-193055|837741||50651.71875|340||33943.75|340|50651.71875|89616f|UAE9219|0|2050|0|||3|3|0|1|1|132|98|["132,98,5,3884","132,194,5,3510"]|14:04:11:719
62|1.1|636136524388136614|0|50656.6953125|21.23879889405|98.88551692184|-194265|838093||50656.6953125|340||33943.75|340|50656.6953125|89616f|UAE9219|0|2050|0|||3|3|0|1|1|132|98|["132,98,5,3884","132,194,5,3510"]|14:04:16:695
62|1.1|636136524438061606|0|50661.6953125|21.24187270098|98.87380641481|-195482|838447||50661.6953125|340||33943.75|340|50661.6953125|89616f|UAE9219|0|2050|0|||3|3|0|1|1|132|98|["132,98,5,3884","132,194,5,3510"]|14:04:21:695
62|1.1|636136524487986598|0|50666.6953125|21.24487140617|98.8618920602|-196722|838792||50666.6953125|340||33943.75|340|50666.6953125|89616f|UAE9219|0|2050|0|||3|3|0|1|1|132|98|["132,98,5,3884","132,194,5,3510"]|14:04:26:695
62|1.1|636136524537921591|0|50671.6796875|21.24789693341|98.85017618876|-197940|839141||50671.6796875|340||33943.75|340|50671.6796875|89616f|UAE9219|0|2050|0|||3|3|0|1|1|132|98|["132,98,5,3884","132,194,5,3510"]|14:04:31:680
62|1.1|636136524587826581|0|50676.6796875|21.25091173183|98.83849786819|-199154|839489||50676.6796875|340||33975|340|50676.6796875|89616f|UAE9219|0|2050|0|||3|3|0|1|1|132|98|["132,98,5,3884","132,194,5,3510"]|14:04:36:680
62|1.1|636136524637751573|0|50681.65625|21.25394798789|98.82683564085|-200367|839839||50681.65625|340||33975|340|50681.65625|89616f|UAE9219|0|2050|0|||3|3|0|1|1|132|98|["132,98,5,3884","132,194,5,3510"]|14:04:41:656
62|1.1|636136524687666564|0|50686.65625|21.25705934569|98.81516268469|-201580|840197||50686.65625|340||33943.75|340|50686.65625|89616f|UAE9219|0|2050|0|||3|3|0|1|1|132|194|["132,98,5,3884","132,194,5,3510"]|14:04:46:656
62|1.1|636136524737591556|0|50691.65625|21.26011169498|98.80353800822|-202789|840549||50691.65625|340||33962.5|340|50691.65625|89616f|UAE9219|0|2050|0|||3|3|0|1|1|132|194|["132,98,5,3884","132,194,5,3510"]|14:04:51:656
62|1.1|636136524787516548|0|50696.640625|21.26315867986|98.79184359442|-204005|840901||50696.640625|340||33943.75|340|50696.640625|89616f|UAE9219|0|2050|0|||3|3|0|1|1|132|194|["132,98,5,3884","132,194,5,3510"]|14:04:56:641
62|1.1|636136524837441540|0|50701.640625|21.26627003766|98.78020282472|-205215|841259||50701.640625|340||33925|340|50701.640625|89616f|UAE9219|0|2050|0|||3|3|0|1|1|132|194|["132,98,5,3884","132,194,5,3510"]|14:05:01:641
62|1.1|636136524887356531|0|50706.6171875|21.26927410726|98.76843330918|-206439|841606||50706.6171875|340||33931.25|340|50706.6171875|89616f|UAE9219|0|2050|0|||3|3|0|1|1|132|194|["132,98,5,3884","132,194,5,3510"]|14:05:06:617
62|1.1|636136524937281523|0|50711.6171875|21.27235864301|98.75686764122|-207641|841962||50711.6171875|340||33956.25|340|50711.6171875|89616f|UAE9219|0|2050|0|||3|3|0|1|1|132|194|["132,98,5,3884","132,194,5,3510"]|14:05:11:617
62|1.1|636136524987206515|0|50716.6171875|21.27552364491|98.7452161427|-208852|842326||50716.6171875|340||33943.75|340|50716.6171875|89616f|UAE9219|0|2050|0|||3|3|0|1|1|132|98|["132,98,5,3884","132,194,5,3510"]|14:05:16:617
62|1.1|636136525037131507|0|50721.6015625|21.27855990097|98.73353782213|-210066|842677||50721.6015625|340||33943.75|340|50721.6015625|89616f|UAE9219|0|2050|0|||3|3|0|1|1|132|98|["132,98,5,3884","132,194,5,3510"]|14:05:21:602
62|1.1|636136525087066500|0|50726.6015625|21.28162834349|98.72181122187|-211285|843031||50726.6015625|340||33937.5|340|50726.6015625|89616f|UAE9219|0|2050|0|||3|3|0|1|1|132|98|["132,98,5,3884","132,194,5,3510"]|14:05:26:602
62|1.1|636136525136981491|0|50731.578125|21.28464850632|98.71011144366|-212501|843380||50731.578125|340||33943.75|340|50731.578125|89616f|UAE9219|0|2050|0|||3|3|0|1|1|132|98|["132,98,5,3884","132,194,5,3510"]|14:05:31:578
62|1.1|636136525186896482|0|50736.578125|21.28789933878|98.69872816564|-213684|843755||50736.578125|340||33887.5|340|50736.578125|89616f|UAE9219|0|2050|0|||3|3|0|1|1|132|98|["132,98,5,3884","132,194,5,3510"]|14:05:36:578
62|1.1|636136525236811473|0|50741.578125|21.29093023043|98.68699083656|-214904|844105||50741.578125|340||33893.75|340|50741.578125|89616f|UAE9219|0|2050|0|||3|3|0|1|1|132|98|["132,98,5,3884","132,194,5,3510"]|14:05:41:578
62|1.1|636136525286726464|0|50746.5625|21.29394502885|98.67514621928|-216135|844453||50746.5625|340||33887.5|340|50746.5625|89616f|UAE9219|0|2050|0|||3|3|0|1|1|132|98|["132,98,5,3884","132,194,5,3510"]|14:05:46:563
62|1.1|636136525336661457|0|50751.5625|21.29699201373|98.6634088902|-217355|844806||50751.5625|340||33893.75|340|50751.5625|89616f|UAE9219|0|2050|0|||3|3|0|1|1|132|98|["132,98,5,3884","132,194,5,3510"]|14:05:51:563
62|1.1|636136525386576448|0|50756.5390625|21.29995853246|98.65177348491|-218564|845150||50756.5390625|340||33887.5|340|50756.5390625|89616f|UAE9219|0|2050|0|||3|3|0|1|1|132|98|["132,98,5,3884","132,194,5,3510"]|14:05:56:539
62|1.1|636136525436501440|0|50761.5390625|21.30303233939|98.63977866415|-219811|845505||50761.5390625|340||33881.25|340|50761.5390625|89616f|UAE9219|0|2050|0|||3|3|0|1|1|132|98|["132,98,5,3884","132,194,5,3510"]|14:06:01:539
62|1.1|636136525486416431|0|50766.5390625|21.30611687514|98.62825591147|-221008|845861||50766.5390625|340||33925|340|50766.5390625|89616f|UAE9219|0|2050|0|||3|3|0|1|1|132|98|["132,98,5,3884"]|14:06:06:539
62|1.1|636136525536351424|0|50771.515625|21.30908875828|98.61632546363|-222248|846206||50771.515625|340||33918.75|340|50771.515625|89616f|UAE9219|0|2050|0|||3|3|0|1|1|132|98|["132,98,5,3884"]|14:06:11:516
62|1.1|636136525586256414|0|50776.515625|21.31209282788|98.60434137169|-223493|846554||50776.515625|340||33912.5|340|50776.515625|89616f|UAE9219|0|2050|0|||3|3|0|1|1|132|98|["132,98,5,3884"]|14:06:16:516
62|1.1|636136525636181406|0|50781.5|21.31507007543|98.5922768136|-224748|846899||50781.5|340||33893.75|340|50781.5|89616f|UAE9219|0|2050|0|||3|3|0|1|1|132|98|["132,98,5,3884"]|14:06:21:500
62|1.1|636136525686106398|0|50786.5|21.31811706031|98.58051266247|-225970|847252||50786.5|340||33906.25|340|50786.5|89616f|UAE9219|0|2050|0|||3|3|0|1|1|132|98|["132,98,5,3884"]|14:06:26:500
62|1.1|636136525736031390|0|50791.5|21.32116404519|98.56880751985|-227186|847605||50791.5|340||33931.25|340|50791.5|89616f|UAE9219|0|2050|0|||3|3|0|1|1|132|98|["132,98,5,3884"]|14:06:31:500
62|1.1|636136525785946381|0|50796.4765625|21.32416811479|98.55690389406|-228423|847954||50796.4765625|340||33918.75|340|50796.4765625|89616f|UAE9219|0|2050|0|||3|3|0|1|1|132|98|["132,98,5,3884"]|14:06:36:477
62|1.1|636136525835871373|0|50801.4765625|21.32724192172|98.54471059013|-229690|848310||50801.4765625|340||33900|340|50801.4765625|89616f|UAE9219|0|2050|0|||3|3|0|1|1|132|98|["132,98,5,3884"]|14:06:41:477
62|1.1|636136525885796365|0|50806.4609375|21.33026744896|98.53287133726|-230920|848661||50806.4609375|340||33900|340|50806.4609375|89616f|UAE9219|0|2050|0|||3|3|0|1|1|132|98|["132,98,5,3884"]|14:06:46:461
62|1.1|636136525935721357|0|50811.4609375|21.33327688297|98.5208228724|-232172|849011||50811.4609375|340||33893.75|340|50811.4609375|89616f|UAE9219|0|2050|0|||3|3|0|1|1|132|98|["132,98,5,3884"]|14:06:51:461
62|1.1|636136525985636348|0|50816.4609375|21.33622730847|98.50904799245|-233395|849354||50816.4609375|340||33887.5|340|50816.4609375|89616f|UAE9219|0|2050|0|||3|3|0|1|1|132|98|["132,98,5,3884"]|14:06:56:461
62|1.1|636136526035561340|0|50821.4375|21.33917236956|98.4973267566|-234613|849696||50821.4375|340||33881.25|340|50821.4375|89616f|UAE9219|0|2050|0|||3|3|0|1|1|132|98|[]|14:07:01:438
62|1.1|636136526085476331|0|50826.4375|21.34232664264|98.4851495459|-235878|850062||50826.4375|340||33875|340|50826.4375|89616f|UAE9219|0|2050|0|||3|3|0|1|1|132|98|["132,98,5,3884"]|14:07:06:438
62|1.1|636136526135401323|0|50831.421875|21.34535216988|98.4732941998|-237110|850413||50831.421875|340||33887.5|340|50831.421875|89616f|UAE9219|0|2050|0|||3|3|0|1|1|132|98|["132,98,5,3884"]|14:07:11:422
62|1.1|636136526185326315|0|50836.421875|21.34846352768|98.46180363358|-238303|850773||50836.421875|340||33912.5|340|50836.421875|89616f|UAE9219|0|2050|0|||3|3|0|1|1|132|98|["132,98,5,3884"]|14:07:16:422
62|1.1|636136526235241306|0|50841.421875|21.35155879225|98.4502808809|-239500|851132||50841.421875|340||33931.25|340|50841.421875|89616f|UAE9219|0|2050|0|||3|3|0|1|1|132|98|["132,98,5,3884"]|14:07:21:422
62|1.1|636136526285166298|0|50846.3984375|21.35461650595|98.43865084002|-240708|851487||50846.3984375|340||33925|340|50846.3984375|89616f|UAE9219|0|2050|0|||3|3|0|1|1|132|98|["132,98,5,3884"]|14:07:26:398
62|1.1|636136526335091290|0|50851.3984375|21.35764203319|98.42677403628|-241942|851839||50851.3984375|340||33925|340|50851.3984375|89616f|UAE9219|0|2050|0|||3|3|0|1|1|132|98|["132,98,5,3884"]|14:07:31:398
62|1.1|636136526385016282|0|50856.375|21.36064073838|98.4148221308|-243183|852188||50856.375|340||33912.5|340|50856.375|89616f|UAE9219|0|2050|0|||3|3|0|1|1|132|98|["132,98,5,3884"]|14:07:36:375
62|1.1|636136526434931273|0|50861.375|21.36368235885|98.40292386942|-244419|852541||50861.375|340||33906.25|340|50861.375|89616f|UAE9219|0|2050|0|||3|3|0|1|1|132|98|["132,98,5,3884"]|14:07:41:375
62|1.1|636136526484856265|0|50866.375|21.36674543696|98.39120799798|-245636|852897||50866.375|340||33912.5|340|50866.375|89616f|UAE9219|0|2050|0|||3|3|0|1|1|132|98|["132,98,5,3884"]|14:07:46:375
62|1.1|636136526534781257|0|50871.359375|21.36973341333|98.37929900778|-246873|853245||50871.359375|340||33906.25|340|50871.359375|89616f|UAE9219|0|2050|0|||3|3|0|1|1|132|98|["132,98,5,3884"]|14:07:51:359
62|1.1|636136526584696248|0|50876.359375|21.37267311001|98.36751876342|-248096|853588||50876.359375|340||33906.25|340|50876.359375|89616f|UAE9219|0|2050|0|||3|3|0|1|1|132|98|["132,98,5,3884"]|14:07:56:359
62|1.1|636136526634621240|0|50881.3359375|21.37561280669|98.35579216316|-249314|853930||50881.3359375|340||33906.25|340|50881.3359375|89616f|UAE9219|0|2050|0|||3|3|0|1|1|132|98|[]|14:08:01:336
62|1.1|636136526684536231|0|50886.3359375|21.37855786778|98.34400655439|-250538|854273||50886.3359375|340||33900|340|50886.3359375|89616f|UAE9219|0|2050|0|||3|3|0|1|1|132|98|[]|14:08:06:336
