21|2.1|636136524103428146|0|50628.2421875|13.9041209096859|100.604081064129||||50628.2421875|4|175||||75013f|AXM1808|X|X|0|0|6||||132|5|0|0|[]|14:03:48:242
21|2.1|636136524143682171|0|50632.25|13.9014816160176|100.602579027082||||50632.25|5.75|375||||75013f|AXM1808|X|X|0|0|6||||132|5|0|0|[]|14:03:52:250
21|2.1|636136524183926195|0|50636.28125|13.898777949333|100.601076990035||||50636.28125|7.25|525||||75013f|AXM1808|X|X|0|0|6||||132|5|0|0|[]|14:03:56:281
21|2.1|636136524227920594|0|50640.6875|13.8958811635995|100.5994891223||||50640.6875|9.5|725||||75013f|AXM1808|X|X|0|0|6||||132|5|0|0|[]|14:04:00:688
21|2.1|636136524268174619|0|50644.703125|13.8932847852754|100.598051458269||||50644.703125|11.5|950||||75013f|AXM1808|X|X|0|0|6||||132|5|0|0|[]|14:04:04:703
21|2.1|636136524313719173|0|50649.25|13.8904309148861|100.596399217517||||50649.25|13.75|1225||||75013f|AXM1808|X|X|0|0|6||||132|5|0|0|[]|14:04:09:250
21|2.1|636136524357713572|0|50653.65625|13.8876843328573|100.59489718047||||50653.65625|15.75|1425||||75013f|AXM1808|X|X|0|0|6||||132|5|0|0|[]|14:04:13:656
21|2.1|636136524398277628|0|50657.7109375|13.8852167005658|100.593523889456||||50657.7109375|17.5|1600||||75013f|AXM1808|X|X|0|0|6||||132|5|0|0|[]|14:04:17:711
21|2.1|636136524442582058|0|50662.1484375|13.8825774068975|100.592021852409||||50662.1484375|19.25|1775||||75013f|AXM1808|X|X|0|0|6||||132|5|0|0|[]|14:04:22:148
21|2.1|636136524484546254|0|50666.34375|13.8801526899502|100.590433984673||||50666.34375|20.5|1950||||75013f|AXM1808|X|X|0|0|6||||132|5|0|0|[]|14:04:26:344
21|2.1|636136524525890388|0|50670.4765625|13.877964007396|100.58845987884||||50670.4765625|21.75|2075||||75013f|AXM1808|X|X|0|0|6||||132|5|0|0|[]|14:04:30:477
21|2.1|636136524687356533|0|50686.625|13.8709688062914|100.579082876133||||50686.625|26.75|2575||||75013f|AXM1808|X|X||0|6||||132|5|0|0|[]|14:04:46:625
21|2.1|636136524764584255|0|50694.34375|13.8678145284927|100.574297815254||||50694.34375|29.25|||||75013f|AXM1808|X|X||0|6||||132|5|0|0|[]|14:04:54:344
21|2.1|636136524805918388|0|50698.484375|13.8661408300689|100.571679979258||||50698.484375|30.5|3000||||75013f|AXM1808|X|X|0|0|6||||132|5|0|0|[]|14:04:58:484
21|2.1|636136524849922788|0|50702.890625|13.8643383856125|100.568933397229||||50702.890625|31.75|3125||||75013f|AXM1808|X|X|0|0|6||||132|5|0|0|[]|14:05:02:891
21|2.1|636136524893597155|0|50707.2421875|13.8624930258119|100.566143899856||||50707.2421875|33|3300||||75013f|AXM1808|X|X|0|0|6||||132|5|0|0|[]|14:05:07:242
21|2.1|636136524935251320|0|50711.4140625|13.8607549543718|100.563440233172||||50711.4140625|34|3400||||75013f|AXM1808|X|X|0|0|6||||132|5|0|0|[]|14:05:11:414
21|2.1|636136524982986093|0|50716.1953125|13.8586950178502|100.560264497701||||50716.1953125|34.75|3500||||75013f|AXM1808|X|X|0|0|6||||132|5|0|0|[]|14:05:16:195
21|2.1|636136525024020196|0|50720.2890625|13.8568711157217|100.557432084984||||50720.2890625|35.25|3550||||75013f|AXM1808|X|X|0|0|6||||132|5|0|0|[]|14:05:20:289
21|2.1|636136525064104204|0|50724.296875|13.8550686712653|100.554578214594||||50724.296875|36|3625||||75013f|AXM1808|X|X|0|0|6||||132|5|0|0|[]|14:05:24:297
21|2.1|636136525105758369|0|50728.4609375|13.8530516500879|100.551552682828||||50728.4609375|36.75|3700||||75013f|AXM1808|X|X|0|0|6||||132|5|0|0|[]|14:05:28:461
21|2.1|636136525147572550|0|50732.6484375|13.8510131712384|100.548419862702||||50732.6484375|37.25|3750||||75013f|AXM1808|X|X|0|0|6||||132|5|0|0|[]|14:05:32:648
21|2.1|636136525189696762|0|50736.859375|13.8489103193726|100.545115381198||||50736.859375|38|3825||||75013f|AXM1808|X|X|0|0|6||||132|5|0|0|[]|14:05:36:859
21|2.1|636136525230410833|0|50740.921875|13.8467645521626|100.541896730383||||50740.921875|38.5|3875||||75013f|AXM1808|X|X|0|0|6||||132|5|0|0|[]|14:05:40:922
21|2.1|636136525270664858|0|50744.953125|13.8445973272805|100.538635164224||||50744.953125|39.25|3975||||75013f|AXM1808|X|X|0|0|6||||132|5|0|0|[]|14:05:44:953
21|2.1|636136525318089600|0|50749.6953125|13.8420438643006|100.534601121869||||50749.6953125|39.75|4050||||75013f|AXM1808|X|X|0|0|6||||132|5|0|0|[]|14:05:49:695
21|2.1|636136525382516042|0|50756.1328125|13.8383102293552|100.528893381091||||50756.1328125|40.25|4100||||75013f|AXM1808|X|X|0|0|6||||132|5|0|0|[]|14:05:56:133
21|2.1|636136525423390129|0|50760.234375|13.8358425970637|100.525095373129||||50760.234375|41|4150||||75013f|AXM1808|X|X|0|0|6||||132|5|0|0|[]|14:06:00:234
21|2.1|636136525468014591|0|50764.6875|13.8330530996907|100.520911127069||||50764.6875|42|4250||||75013f|AXM1808|X|X|0|0|6||||132|5|0|0|[]|14:06:04:688
21|2.1|636136525531810970|0|50771.078125|13.8289546843196|100.514624029144||||50771.078125|43.25|4400||||75013f|AXM1808|X|X||0|6||||132|5|0|0|[]|14:06:11:078
21|2.1|636136525572685057|0|50775.171875|13.826251017635|100.510504156101||||50775.171875|44.25|4500||||75013f|AXM1808|X|X|0|0|6||||132|5|0|0|[]|14:06:15:172
21|2.1|636136525616989487|0|50779.59375|13.8232254858689|100.505912214272||||50779.59375|45.25|4600||||75013f|AXM1808|X|X|0|0|6||||132|5|0|0|[]|14:06:19:594
21|2.1|636136525657713559|0|50783.6640625|13.8204789038401|100.501556306835||||50783.6640625|46.25|4700||||75013f|AXM1808|X|X|0|0|6||||132|5|0|0|[]|14:06:23:664
21|2.1|636136525701707958|0|50788.0546875|13.8176894064671|100.496621042252||||50788.0546875|47.5|4850||||75013f|AXM1808|X|X|0|0|6||||132|5|0|0|[]|14:06:28:055
21|2.1|636136525746792466|0|50792.5703125|13.8149428244383|100.491363912588||||50792.5703125|49|5000||||75013f|AXM1808|X|X|0|0|6||||132|5|0|0|[]|14:06:32:570
21|2.1|636136525790476834|0|50796.9375|13.8124751921468|100.486063867579||||50796.9375|50.75|5150||||75013f|AXM1808|X|X|0|0|6||||132|5|0|0|[]|14:06:36:938
21|2.1|636136525836021388|0|50801.5|13.8099002714948|100.480527788177||||50801.5|52.75|5375||||75013f|AXM1808|X|X|0|0|6||||132|5|0|0|[]|14:06:41:500
21|2.1|636136525879085694|0|50805.7890625|13.8075184698917|100.475313573857||||50805.7890625|54.75|5550||||75013f|AXM1808|X|X|0|0|6||||132|5|0|0|[]|14:06:45:789
21|2.1|636136525920729858|0|50809.9609375|13.8051581259607|100.470206647897||||50809.9609375|57|5800||||75013f|AXM1808|X|X|0|0|6||||132|5|0|0|[]|14:06:49:961
21|2.1|636136525960673852|0|50813.96875|13.8029265280623|100.465292840986||||50813.96875|59|6000||||75013f|AXM1808|X|X|0|0|6||||132|5|0|0|[]|14:06:53:969
21|2.1|636136526004818266|0|50818.375|13.8004159804266|100.459906965289||||50818.375|61.5|6300||||75013f|AXM1808|X|X|0|0|6||||132|5|0|0|[]|14:06:58:375
21|2.1|636136526048502634|0|50822.75|13.7979483481351|100.454585462608||||50822.75|64|6550||||75013f|AXM1808|X|X|0|0|6||||132|5|0|0|[]|14:07:02:750
21|2.1|636136526089996783|0|50826.890625|13.7955880042041|100.449564367337||||50826.890625|66.25|6825||||75013f|AXM1808|X|X|0|0|6||||132|5|0|0|[]|14:07:06:891
21|2.1|636136526133991182|0|50831.2890625|13.7930559988963|100.444199949312||||50831.2890625|68.5|7050||||75013f|AXM1808|X|X|0|0|6||||132|5|0|0|[]|14:07:11:289
21|2.1|636136526177525535|0|50835.640625|13.7901592131628|100.439093023352||||50835.640625|70.5|7250||||75013f|AXM1808|X|X|0|0|6||||132|5|0|0|[]|14:07:15:641
21|2.1|636136526219329715|0|50839.8125|13.7868547316594|100.434608369883||||50839.8125|72.5|7450||||75013f|AXM1808|X|X|0|0|6||||132|5|0|0|[]|14:07:19:813
21|2.1|636136526267074489|0|50844.6015625|13.7825846549115|100.429823309005||||50844.6015625|74.75|7725||||75013f|AXM1808|X|X|0|0|6||||132|5|0|0|[]|14:07:24:602
21|2.1|636136526307938575|0|50848.6875|13.7784218665241|100.426218420092||||50848.6875|76.75|7925||||75013f|AXM1808|X|X|0|0|6||||132|5|0|0|[]|14:07:28:688
21|2.1|636136526348192600|0|50852.703125|13.7739157553831|100.42323580367||||50852.703125|78.25|8075||||75013f|AXM1808|X|X|0|0|6||||132|5|0|0|[]|14:07:32:703
21|2.1|636136526389686749|0|50856.859375|13.7689375754559|100.420725256035||||50856.859375|80|8275||||75013f|AXM1808|X|X|0|0|6||||132|5|0|0|[]|14:07:36:859
21|2.1|636136526431650945|0|50861.0546875|13.7635731574309|100.418879896234||||50861.0546875|81.75|8475||||75013f|AXM1808|X|X|0|0|6||||132|5|0|0|[]|14:07:41:055
21|2.1|636136526473775157|0|50865.265625|13.7579512473407|100.417828470301||||50865.265625|83.5|8650||||75013f|AXM1808|X|X|0|0|5||||132|5|0|0|[]|14:07:45:266
21|2.1|636136526514329212|0|50869.328125|13.7524580832831|100.41750660522||||50869.328125|85.25|8825||||75013f|AXM1808|X|X|0|0|6||||132|5|0|0|[]|14:07:49:328
21|2.1|636136526554593238|0|50873.359375|13.7470078345697|100.417399316859||||50873.359375|87.5|9075||||75013f|AXM1808|X|X|0|0|6||||132|5|0|0|[]|14:07:53:359
21|2.1|636136526597487527|0|50877.6328125|13.7412357207748|100.417399316859||||50877.6328125|89.75|9275||||75013f|AXM1808|X|X|0|0|6||||132|5|0|0|[]|14:07:57:633
21|2.1|636136526641171895|0|50882|13.7353777762915|100.417442232203||||50882|92|9575||||75013f|AXM1808|X|X|0|0|6||||132|5|0|0|[]|14:08:02:000
21|2.1|636136526682035981|0|50886.09375|13.7298416968897|100.417442232203||||50886.09375|94|9775||||75013f|AXM1808|X|X|0|0|6||||132|5|0|0|[]|14:08:06:094
21|2.1|636136526726660443|0|50890.5546875|13.7238335487017|100.417442232203||||50890.5546875|96|10000||||75013f|AXM1808|X|X|0|0|6||||132|5|0|0|[]|14:08:10:555
21|2.1|636136526774235200|0|50895.3203125|13.7173104163833|100.417399316859||||50895.3203125|97.25|10125||||75013f|AXM1808|X|X|0|0|6||||132|5|0|0|[]|14:08:15:320
21|2.1|636136526812469023|0|50899.1328125|13.7120318290467|100.417356401515||||50899.1328125|98.25|10275||||75013f|AXM1808|X|X|0|0|6||||132|5|0|0|[]|14:08:19:133
21|2.1|636136526853023078|0|50903.1796875|13.7063240882681|100.417313486171||||50903.1796875|98.75|10325||||75013f|AXM1808|X|X|0|0|6||||132|5|0|0|[]|14:08:23:180
21|2.1|636136526893897165|0|50907.2734375|13.700509059129|100.417227655482||||50907.2734375|99.5|10400||||75013f|AXM1808|X|X|0|0|6||||132|5|0|0|[]|14:08:27:273
21|2.1|636136526938051580|0|50911.6953125|13.6940502998269|100.417163282466||||50911.6953125|100.25|10475||||75013f|AXM1808|X|X|0|0|6||||132|5|0|0|[]|14:08:31:695
21|2.1|636136526978765651|0|50915.765625|13.6879992362947|100.417120367122||||50915.765625|100.75|10550||||75013f|AXM1808|X|X|0|0|6||||132|5|0|0|[]|14:08:35:766
21|2.1|636136526989066681|0|50916.796875|13.6864971992477|100.417120367122||||50916.796875|101|10575||||75013f|AXM1808|X|X|0|0|6||||132|5|0|0|[]|14:08:36:797
21|2.1|636136527033371111|0|50921.2265625|13.6798024055525|100.417077451778||||50921.2265625|101.75|10650||||75013f|AXM1808|X|X||0|6||||132|5|0|0|[]|14:08:41:227
21|2.1|636136527073615135|0|50925.2578125|13.6736225959877|100.417034536433||||50925.2578125|102.5|10725||||75013f|AXM1808|X|X||0|6||||132|5|0|0|[]|14:08:45:258
21|2.1|636136527116829456|0|50929.5625|13.6669492599646|100.416970163417||||50929.5625|103.25|10825||||75013f|AXM1808|X|X||0|6||||132|5|0|0|[]|14:08:49:563
21|2.1|636136527157233496|0|50933.6015625|13.6605763313509|100.416927248073||||50933.6015625|104|10900||||75013f|AXM1808|X|X||0|6||||132|5|0|0|[]|14:08:53:602
21|2.1|636136527200137786|0|50937.8984375|13.653731333951|100.416862875057||||50937.8984375|104.75|10975||||75013f|AXM1808|X|X|0|0|6||||132|5|0|0|[]|14:08:57:898
21|2.1|636136527241791951|0|50942.0703125|13.6469721672395|100.416970163417||||50942.0703125|105.5|11050||||75013f|AXM1808|X|X||0|6||||132|5|0|0|[]|14:09:02:070
21|2.1|636136527281725944|0|50946.0703125|13.6404061195769|100.417356401515||||50946.0703125|106.25|11125||||75013f|AXM1808|X|X||0|6||||132|5|0|0|[]|14:09:06:070
21|2.1|636136527326030374|0|50950.484375|13.6331963417513|100.41802158935||||50950.484375|107.75|11250||||75013f|AXM1808|X|X|0|0|6||||132|5|0|0|[]|14:09:10:484
21|2.1|636136527369714742|0|50954.8515625|13.6260294792699|100.419008642267||||50954.8515625|109.25|11400||||75013f|AXM1808|X|X|0|0|6||||132|5|0|0|[]|14:09:14:852
21|2.1|636136527411048875|0|50958.9921875|13.6192059395421|100.420253187248||||50958.9921875|110.75|11600||||75013f|AXM1808|X|X|0|0|6||||132|5|0|0|[]|14:09:18:992
21|2.1|636136527459573727|0|50963.84375|13.6112666008651|100.421733766623||||50963.84375|113|11800||||75013f|AXM1808|X|X|0|0|6||||132|5|0|0|[]|14:09:23:844
21|2.1|636136527502938063|0|50968.1796875|13.6041426537279|100.423085599966||||50968.1796875|114.75|12000||||75013f|AXM1808|X|X|0|0|6||||132|5|0|0|[]|14:09:28:180
21|2.1|636136527545842353|0|50972.46875|13.5970616219349|100.424394517964||||50972.46875|116.5|12175||||75013f|AXM1808|X|X|0|0|6||||132|5|0|0|[]|14:09:32:469
21|2.1|636136527588116580|0|50976.703125|13.5900878785024|100.425746351306||||50976.703125|118|12350||||75013f|AXM1808|X|X|0|0|6||||132|5|0|0|[]|14:09:36:703
21|2.1|636136527629150683|0|50980.796875|13.5833930848072|100.427269846025||||50980.796875|119.5|12500||||75013f|AXM1808|X|X|0|0|6||||132|5|0|0|[]|14:09:40:797
21|2.1|636136527669244692|0|50984.8046875|13.576912867833|100.429329782547||||50984.8046875|120.75|12675||||75013f|AXM1808|X|X|0|0|6||||132|5|0|0|[]|14:09:44:805
21|2.1|636136527710738841|0|50988.96875|13.5703039048262|100.431990533887||||50988.96875|122|12775||||75013f|AXM1808|X|X||0|6||||132|5|0|0|[]|14:09:48:969
21|2.1|636136527752703037|0|50993.15625|13.5639095185404|100.435209184702||||50993.15625|123.5|12950||||75013f|AXM1808|X|X|0|0|6||||132|5|0|0|[]|14:09:53:156
21|2.1|636136527804188185|0|50998.3125|13.5564851639938|100.440101533941||||50998.3125|125.25|13125||||75013f|AXM1808|X|X|0|0|6||||132|5|0|0|[]|14:09:58:313
21|2.1|636136527845232289|0|51002.4140625|13.5508847115757|100.44458618741||||51002.4140625|126.5|13275||||75013f|AXM1808|X|X|0|0|6||||132|5|0|0|[]|14:10:02:414
21|2.1|636136527886556421|0|51006.5390625|13.5454344628623|100.449306875272||||51006.5390625|128.25|13425||||75013f|AXM1808|X|X|0|0|6||||132|5|0|0|[]|14:10:06:539
21|2.1|636136527927900555|0|51010.6796875|13.5400485871652|100.454156309166||||51010.6796875|129.75|13600||||75013f|AXM1808|X|X|0|0|6||||132|5|0|0|[]|14:10:10:680
21|2.1|636136527971734938|0|51015.0703125|13.534426677075|100.459370523487||||51015.0703125|131.5|13800||||75013f|AXM1808|X|X|0|0|6||||132|5|0|0|[]|14:10:15:070
21|2.1|636136528013549119|0|51019.2421875|13.52906225905|100.464391618758||||51019.2421875|133|13950||||75013f|AXM1808|X|X|0|0|6||||132|5|0|0|[]|14:10:19:242
21|2.1|636136528058323596|0|51023.71875|13.5232901452551|100.469777494455||||51023.71875|134.5|14125||||75013f|AXM1808|X|X|0|0|6||||132|5|0|0|[]|14:10:23:719
21|2.1|636136528102157979|0|51028.09375|13.5176467774928|100.475077539464||||51028.09375|136|14275||||75013f|AXM1808|X|X|0|0|6||||132|5|0|0|[]|14:10:28:094
21|2.1|636136528146772440|0|51032.5625|13.5118746636979|100.480484872833||||51032.5625|137.5|14450||||75013f|AXM1808|X|X|0|0|6||||132|5|0|0|[]|14:10:32:563
21|2.1|636136528192947057|0|51037.1796875|13.5058665155099|100.486063867579||||51037.1796875|139.25|14625||||75013f|AXM1808|X|X|0|0|6||||132|5|0|0|[]|14:10:37:180
21|2.1|636136528236941456|0|51041.578125|13.5001373170592|100.491428285604||||51041.578125|141|14800||||75013f|AXM1808|X|X|0|0|6||||132|5|0|0|[]|14:10:41:578
21|2.1|636136528278135575|0|51045.703125|13.4947728990342|100.496449380875||||51045.703125|142.5|15000||||75013f|AXM1808|X|X|0|0|6||||132|5|0|0|[]|14:10:45:703
21|2.1|636136528321659927|0|51050.0546875|13.4891080735998|100.501727968212||||51050.0546875|144.25|15175||||75013f|AXM1808|X|X|0|0|6||||132|5|0|0|[]|14:10:50:055
21|2.1|636136528363004061|0|51054.1875|13.4837221979027|100.506727605811||||51054.1875|145.75|15350||||75013f|AXM1808|X|X|0|0|6||||132|5|0|0|[]|14:10:54:188
21|2.1|636136528404968257|0|51058.375|13.4782290338451|100.511834531771||||51058.375|147.25|15500||||75013f|AXM1808|X|X|0|0|6||||132|5|0|0|[]|14:10:58:375
21|2.1|636136528446302390|0|51062.515625|13.4727787851317|100.516898542387||||51062.515625|148.75|15650||||75013f|AXM1808|X|X|0|0|6||||132|5|0|0|[]|14:11:02:516
21|2.1|636136528489046664|0|51066.7890625|13.4671783327136|100.522112756707||||51066.7890625|150.25|15825||||75013f|AXM1808|X|X|0|0|6||||132|5|0|0|[]|14:11:06:789
