21|2.1|636136518353393200|0|50053.234375|4.4816923101502|102.635543254852||||50053.234375|311|33050||||7503f3|X|X|X|0|0|7||||132|51|0|0|[]|13:54:13:234
21|2.1|636136518393487209|0|50057.234375|4.4893312414178|102.639448551175||||50057.234375|312|33175||||7503f3|X|X|X|0|0|7||||132|51|0|0|[]|13:54:17:234
21|2.1|636136518433571217|0|50061.25|4.4970345457017|102.643353847497||||50061.25|313|33275||||7503f3|X|X|X|0|0|7||||132|51|0|0|[]|13:54:21:250
21|2.1|636136518503148174|0|50068.2109375|4.5104455907642|102.650241760241||||50068.2109375|314.5|33450||||7503f3|TH3507|X|X||0|7||||132|51|0|0|[]|13:54:28:211
21|2.1|636136518545742433|0|50072.46875|4.5184922178017|102.654297260268||||50072.46875|315.25|33525||||7503f3|TH3507|X|X||0|7||||132|51|0|0|[]|13:54:32:469
21|2.1|636136518586766535|0|50076.5703125|4.5265603025113|102.658438590983||||50076.5703125|316|33600||||7503f3|TH3507|X|X|0|0|7||||132|51|0|0|[]|13:54:36:570
21|2.1|636136518629830841|0|50080.875|4.5350360829908|102.662730125403||||50080.875|317|33700||||7503f3|TH3507|X|X|0|0|7||||132|51|0|0|[]|13:54:40:875
21|2.1|636136518670704928|0|50084.953125|4.5426964719305|102.666721252414||||50084.953125|317.75|33800||||7503f3|TH3507|X|X|0|0|7||||132|51|0|0|[]|13:54:44:953
21|2.1|636136518711418999|0|50089.03125|4.5503783185423|102.670648006408||||50089.03125|318.25|33850||||7503f3|TH3507|X|X||0|7||||132|51|0|0|[]|13:54:49:031
21|2.1|636136518768514708|0|50094.7421875|4.5616221387227|102.676355747187||||50094.7421875|318.75|33900||||7503f3|TH3507|X|X|0|0|7||||132|51|0|0|[]|13:54:54:742
21|2.1|636136521027160550|0|50320.59375|5.0061821892905|102.902498153448||||50320.59375|340|36200||||7503f3|TH3507|X|X|0|0|7||||132|51|0|0|[]|13:58:40:594
21|2.1|636136521067254559|0|50324.609375|5.0139927819349|102.906424907443||||50324.609375|340|36200||||7503f3|TH3507|X|X|0|0|7||||132|51|0|0|[]|13:58:44:609
21|2.1|636136521115309364|0|50329.40625|5.0233483269705|102.911167052977||||50329.40625|340|36200||||7503f3|TH3507|X|X|0|0|7||||132|51|0|0|[]|13:58:49:406
21|2.1|636136521160073840|0|50333.8984375|5.0323390915804|102.91569462179||||50333.8984375|340|36200||||7503f3|TH3507|X|X||0|7||||132|51|0|0|[]|13:58:53:898
21|2.1|636136521202818114|0|50338.171875|5.0404930069784|102.919835952505||||50338.171875|340|36200||||7503f3|TH3507|X|X||0|7||||132|51|0|0|[]|13:58:58:172
21|2.1|636136521245722404|0|50342.4453125|5.0486683800485|102.923934367876||||50342.4453125|340|36200||||7503f3|TH3507|X|X|0|0|7||||132|51|0|0|[]|13:59:02:445
21|2.1|636136521287846616|0|50346.6640625|5.0568866684628|102.928075698592||||50346.6640625|340|36200||||7503f3|TH3507|X|X|0|0|7||||132|51|0|0|[]|13:59:06:664
21|2.1|636136521330910922|0|50350.96875|5.0654053642865|102.932367233012||||50350.96875|340|36175||||7503f3|TH3507|X|X|0|0|7||||132|51|0|0|[]|13:59:10:969
21|2.1|636136521370994930|0|50354.9765625|5.0731730415867|102.936315444678||||50354.9765625|340|36200||||7503f3|TH3507|X|X||0|7||||132|51|0|0|[]|13:59:14:977
21|2.1|636136521414209251|0|50359.296875|5.0816917374104|102.940606979098||||50359.296875|340|36200||||7503f3|TH3507|X|X|0|0|7||||132|51|0|0|[]|13:59:19:297
21|2.1|636136521454773307|0|50363.3671875|5.0894594147106|102.944555190764||||50363.3671875|340.25|36200||||7503f3|TH3507|X|X||0|7||||132|51|0|0|[]|13:59:23:367
21|2.1|636136521496897519|0|50367.578125|5.0975704147644|102.948653606136||||50367.578125|340.25|36200||||7503f3|TH3507|X|X|0|0|7||||132|51|0|0|[]|13:59:27:578
21|2.1|636136521540731902|0|50371.9453125|5.1060891105881|102.952880767539||||50371.9453125|340.25|36200||||7503f3|TH3507|X|X||0|7||||132|51|0|0|[]|13:59:31:945
21|2.1|636136521584096238|0|50376.3046875|5.1145863487397|102.957172301959||||50376.3046875|340|36175||||7503f3|TH3507|X|X||0|7||||132|51|0|0|[]|13:59:36:305
21|2.1|636136521629810809|0|50380.859375|5.1231050445634|102.961442378707||||50380.859375|340.25|36200||||7503f3|TH3507|X|X|0|0|7||||132|51|0|0|[]|13:59:40:859
21|2.1|636136521673645192|0|50385.25|5.1315808250429|102.965776828471||||50385.25|340.75|36250||||7503f3|TH3507|X|X|0|0|7||||132|51|0|0|[]|13:59:45:250
21|2.1|636136521716549482|0|50389.5234375|5.1400351478503|102.970068362891||||50389.5234375|341.75|36350||||7503f3|TH3507|X|X||0|7||||132|51|0|0|[]|13:59:49:523
21|2.1|636136521758983725|0|50393.7890625|5.148124690232|102.974188235935||||50393.7890625|342.75|36475||||7503f3|TH3507|X|X|0|0|7||||132|51|0|0|[]|13:59:53:789
21|2.1|636136521804998326|0|50398.390625|5.1569437934651|102.978672889403||||50398.390625|344|36600||||7503f3|TH3507|X|X|0|0|7||||132|51|0|0|[]|13:59:58:391
21|2.1|636136521864444270|0|50404.328125|5.1684236480386|102.984530833887||||50404.328125|345.5|36750||||7503f3|TH3507|X|X||0|7||||132|51|0|0|[]|14:00:04:328
21|2.1|636136521912489074|0|50409.1171875|5.1775860740253|102.989144233388||||50409.1171875|346.75|36875||||7503f3|TH3507|X|X|0|0|7||||132|51|0|0|[]|14:00:09:117
21|2.1|636136521953673192|0|50413.234375|5.1852250052929|102.993006614366||||50413.234375|347.75|37000||||7503f3|TH3507|X|X|0|0|7||||132|51|0|0|[]|14:00:13:234
21|2.1|636136521993927217|0|50417.2734375|5.1932716323304|102.997019199049||||50417.2734375|348.5|37075||||7503f3|TH3507|X|X|0|0|7||||132|51|0|0|[]|14:00:17:273
21|2.1|636136522036671491|0|50421.546875|5.2012538863516|103.001053241404||||50421.546875|349.5|37200||||7503f3|TH3507|X|X||0|7||||132|51|0|0|[]|14:00:21:547
21|2.1|636136522078955719|0|50425.7734375|5.2092361403728|103.005108741431||||50425.7734375|350.25|37275||||7503f3|TH3507|X|X||0|7||||132|51|0|0|[]|14:00:25:773
21|2.1|636136522124660289|0|50430.3359375|5.2180123282617|103.009571937227||||50430.3359375|351|37350||||7503f3|TH3507|X|X|0|0|7||||132|51|0|0|[]|14:00:30:336
21|2.1|636136522165224345|0|50434.40625|5.2256083441851|103.013455775878||||50434.40625|351.75|37400||||7503f3|TH3507|X|X|0|0|7||||132|51|0|0|[]|14:00:34:406
21|2.1|636136522208908713|0|50438.765625|5.2339768363041|103.017682937281||||50438.765625|353|37550||||7503f3|TH3507|X|X|0|0|7||||132|51|0|0|[]|14:00:38:766
21|2.1|636136522250712893|0|50442.9453125|5.2419161749811|103.021695521964||||50442.9453125|354.5|37700||||7503f3|TH3507|X|X|0|0|7||||132|51|0|0|[]|14:00:42:945
21|2.1|636136522296107432|0|50447.484375|5.2505850745095|103.0260514294||||50447.484375|356|37875||||7503f3|TH3507|X|X|0|0|7||||132|51|0|0|[]|14:00:47:484
21|2.1|636136522337921613|0|50451.6796875|5.2584385824981|103.030064014083||||50451.6796875|357.75|38025||||7503f3|TH3507|X|X|0|0|7||||132|51|0|0|[]|14:00:51:680
21|2.1|636136522380355856|0|50455.9140625|5.2663350058309|103.034012225749||||50455.9140625|359.25|38200||||7503f3|TH3507|X|X|0|0|7||||132|51|0|0|[]|14:00:55:914
21|2.1|636136522424500270|0|50460.3359375|5.2745318365731|103.03811064112||||50460.3359375|360.75|38375||||7503f3|TH3507|X|X|0|0|7||||132|51|0|0|[]|14:01:00:336
21|2.1|636136522467714591|0|50464.65625|5.2823209715454|103.042058852787||||50464.65625|362.25|38550||||7503f3|TH3507|X|X|0|0|7||||132|51|0|0|[]|14:01:04:656
21|2.1|636136522510148834|0|50468.890625|5.2904748869434|103.046114352814||||50468.890625|363.5|38675||||7503f3|TH3507|X|X|0|0|7||||132|51|0|0|[]|14:01:08:891
21|2.1|636136522556793498|0|50473.5703125|5.298972125095|103.050448802578||||50473.5703125|364.75|38775||||7503f3|TH3507|X|X|0|0|7||||132|51|0|0|[]|14:01:13:570
21|2.1|636136522598597678|0|50477.734375|5.3067183447231|103.0543540989||||50477.734375|365.75|38900||||7503f3|TH3507|X|X|0|0|7||||132|51|0|0|[]|14:01:17:734
21|2.1|636136522639161734|0|50481.7890625|5.3141212415976|103.058066276173||||50481.7890625|366.5|38975||||7503f3|TH3507|X|X|0|0|7||||132|51|0|0|[]|14:01:21:789
21|2.1|636136522681906008|0|50486.078125|5.3222322416514|103.062186149217||||50486.078125|367.25|39050||||7503f3|TH3507|X|X|0|0|7||||132|51|0|0|[]|14:01:26:078
21|2.1|636136522726530470|0|50490.53125|5.3303217840331|103.066198733899||||50490.53125|368.25|39150||||7503f3|TH3507|X|X|0|0|7||||132|51|0|0|[]|14:01:30:531
21|2.1|636136522770834900|0|50494.9609375|5.3384756994311|103.070082572549||||50494.9609375|369.25|39275||||7503f3|TH3507|X|X|0|0|7||||132|51|0|0|[]|14:01:34:961
21|2.1|636136522813579174|0|50499.2265625|5.3462648344034|103.073730376806||||50499.2265625|370.25|39375||||7503f3|TH3507|X|X|0|0|7||||132|51|0|0|[]|14:01:39:227
21|2.1|636136522853823198|0|50503.2578125|5.3537321042942|103.077077773654||||50503.2578125|370.75|39425||||7503f3|TH3507|X|X|0|0|7||||132|51|0|0|[]|14:01:43:258
21|2.1|636136522896577473|0|50507.5390625|5.362057681069|103.080661204895||||50507.5390625|371.25|39500||||7503f3|TH3507|X|X|0|0|7||||132|51|0|0|[]|14:01:47:539
21|2.1|636136522937131528|0|50511.5859375|5.3696107816482|103.083836940366||||50511.5859375|372|39550||||7503f3|TH3507|X|X|0|0|7||||132|51|0|0|[]|14:01:51:586
21|2.1|636136522979255740|0|50515.8125|5.3775715779973|103.087077048853||||50515.8125|372.5|39625||||7503f3|TH3507|X|X||0|7||||132|51|0|0|[]|14:01:55:813
21|2.1|636136523028080622|0|50520.6875|5.3870987844097|103.090917972159||||50520.6875|373.25|39725||||7503f3|TH3507|X|X|0|0|7||||132|51|0|0|[]|14:02:00:688
21|2.1|636136523076135427|0|50525.5|5.3962612103964|103.094544318743||||50525.5|373.75|39775||||7503f3|TH3507|X|X|0|0|7||||132|51|0|0|[]|14:02:05:500
21|2.1|636136523120279841|0|50529.90625|5.4046726178596|103.097848800247||||50529.90625|374.5|39825||||7503f3|TH3507|X|X|0|0|7||||132|51|0|0|[]|14:02:09:906
21|2.1|636136523196257438|0|50537.5|5.4192852925597|103.103384879649||||50537.5|375.25|39900||||7503f3|TH3507|X|X||0|7||||132|51|0|0|[]|14:02:17:500
21|2.1|636136523241341946|0|50542.015625|5.4278039883834|103.106496242103||||50542.015625|375.75|39950||||7503f3|TH3507|X|X||0|7||||132|51|0|0|[]|14:02:22:016
21|2.1|636136523282836095|0|50546.15625|5.4359579037814|103.109393027837||||50546.15625|376|39975||||7503f3|TH3507|X|X|0|0|7||||132|51|0|0|[]|14:02:26:156
21|2.1|636136523326210432|0|50550.5078125|5.4445624302935|103.112418559603||||50550.5078125|376|39975||||7503f3|TH3507|X|X|0|0|7||||132|51|0|0|[]|14:02:30:508
21|2.1|636136523370204831|0|50554.8984375|5.4531669568056|103.115401176025||||50554.8984375|376.5|40025||||7503f3|TH3507|X|X||0|7||||132|51|0|0|[]|14:02:34:898
21|2.1|636136523416699480|0|50559.546875|5.4621791790876|103.118555453823||||50559.546875|377|40075||||7503f3|TH3507|X|X||0|7||||132|51|0|0|[]|14:02:39:547
21|2.1|636136523458813691|0|50563.7578125|5.4703974675019|103.121473697229||||50563.7578125|377.5|40125||||7503f3|TH3507|X|X|0|0|7||||132|51|0|0|[]|14:02:43:758
21|2.1|636136523507798589|0|50568.65625|5.4797530125375|103.124735263388||||50568.65625|378.5|40225||||7503f3|TH3507|X|X|0|0|7||||132|51|0|0|[]|14:02:48:656
21|2.1|636136523559903799|0|50573.875|5.4902243565223|103.128468898334||||50573.875|380.25|40400||||7503f3|TH3507|X|X||0|7||||132|51|0|0|[]|14:02:53:875
