21|2.1|636136510310218963|0|49248.9296875|20.8467936329851|101.60514584061||||49248.9296875|370|39325||||76cd8d|SLK980|X|X|0|0|7||||132|147|0|0|[]|13:40:48:930
21|2.1|636136510354523393|0|49253.359375|20.8562993817254|101.605639367069||||49253.359375|370|39325||||76cd8d|SLK980|X|X|0|0|7||||132|147|0|0|[]|13:40:53:359
21|2.1|636136510401178058|0|49258.03125|20.8663415722682|101.606154351199||||49258.03125|370|39325||||76cd8d|SLK980|X|X|0|0|7||||132|147|0|0|[]|13:40:58:031
21|2.1|636136510444072347|0|49262.2890625|20.8755039982549|101.606647877657||||49262.2890625|370|39325||||76cd8d|SLK980|X|X|0|0|7||||132|147|0|0|[]|13:41:02:289
21|2.1|636136510484786418|0|49266.375|20.8842587284717|101.607098488771||||49266.375|370|39325||||76cd8d|SLK980|X|X|0|0|7||||132|147|0|0|[]|13:41:06:375
21|2.1|636136510528780817|0|49270.7890625|20.893764477212|101.607613472902||||49270.7890625|370|39325||||76cd8d|SLK980|X|X|0|0|7||||132|147|0|0|[]|13:41:10:789
21|2.1|636136510571845123|0|49275.03125|20.9028625301824|101.608128457032||||49275.03125|370|39325||||76cd8d|SLK980|X|X|0|0|7||||132|147|0|0|[]|13:41:15:031
21|2.1|636136510612399178|0|49279.1484375|20.9117030910876|101.608579068146||||49279.1484375|370|39300||||76cd8d|SLK980|X|X|0|0|7||||132|147|0|0|[]|13:41:19:148
21|2.1|636136510654833421|0|49283.3828125|20.920801144058|101.609072594605||||49283.3828125|370|39325||||76cd8d|SLK980|X|X|0|0|7||||132|147|0|0|[]|13:41:23:383
21|2.1|636136510717549692|0|49289.6640625|20.934319477481|101.609802155456||||49289.6640625|370|39300||||76cd8d|SLK980|X|X||0|7||||132|147|0|0|[]|13:41:29:664
21|2.1|636136510758113748|0|49293.71875|20.9430098346815|101.610295681914||||49293.71875|370|39325||||76cd8d|SLK980|X|X|0|0|7||||132|147|0|0|[]|13:41:33:719
21|2.1|636136510799617898|0|49297.8671875|20.9519362262751|101.610724835356||||49297.8671875|370.25|39350||||76cd8d|SLK980|X|X|0|0|7||||132|147|0|0|[]|13:41:37:867
21|2.1|636136510845632499|0|49302.46875|20.9618282131132|101.611304192503||||49302.46875|370.25|39350||||76cd8d|SLK980|X|X|0|0|7||||132|147|0|0|[]|13:41:42:469
21|2.1|636136510936431578|0|49311.53125|20.9812688640358|101.612355618436||||49311.53125|370.25|39350||||76cd8d|SLK980|X|X||0|7||||132|147|0|0|[]|13:41:51:531
21|2.1|636136510985256460|0|49316.421875|20.9918045810369|101.612892060238||||49316.421875|370.25|39350||||76cd8d|SLK980|X|X||0|7||||132|147|0|0|[]|13:41:56:422
21|2.1|636136511026910625|0|49320.59375|21.0007309726305|101.613407044369||||49320.59375|370.25|39350||||76cd8d|SLK980|X|X||0|7||||132|147|0|0|[]|13:42:00:594
21|2.1|636136511070434977|0|49324.9453125|21.0101079753382|101.613879113155||||49324.9453125|370.25|39350||||76cd8d|SLK980|X|X||0|7||||132|147|0|0|[]|13:42:04:945
21|2.1|636136511115679501|0|49329.46875|21.0198283007995|101.614372639613||||49329.46875|370.25|39350||||76cd8d|SLK980|X|X||0|7||||132|147|0|0|[]|13:42:09:469
21|2.1|636136511155923525|0|49333.484375|21.0284328273116|101.6148447084||||49333.484375|370.25|39350||||76cd8d|SLK980|X|X||0|7||||132|147|0|0|[]|13:42:13:484
21|2.1|636136511197427675|0|49337.640625|21.0373592189052|101.615338234858||||49337.640625|370.25|39350||||76cd8d|SLK980|X|X|0|0|7||||132|147|0|0|[]|13:42:17:641
21|2.1|636136511248282760|0|49342.71875|21.0482382586599|101.615896134332||||49342.71875|370.25|39325||||76cd8d|SLK980|X|X|0|0|7||||132|147|0|0|[]|13:42:22:719
21|2.1|636136511296487580|0|49347.546875|21.0586023142842|101.616454033807||||49347.546875|370.25|39350||||76cd8d|SLK980|X|X|0|0|7||||132|147|0|0|[]|13:42:27:547
21|2.1|636136511337201651|0|49351.6171875|21.0673355868289|101.616947560265||||49351.6171875|370|39300||||76cd8d|SLK980|X|X|0|0|7||||132|147|0|0|[]|13:42:31:617
21|2.1|636136511378855816|0|49355.7890625|21.0762834360946|101.617376713707||||49355.7890625|370|39325||||76cd8d|SLK980|X|X|0|0|7||||132|147|0|0|[]|13:42:35:789
21|2.1|636136511423010231|0|49360.203125|21.0857462694907|101.617784409477||||49360.203125|370|39300||||76cd8d|SLK980|X|X|0|0|7||||132|147|0|0|[]|13:42:40:203
21|2.1|636136511463884318|0|49364.28125|21.0945439150517|101.618041901542||||49364.28125|370|39300||||76cd8d|SLK980|X|X|0|0|7||||132|147|0|0|[]|13:42:44:281
21|2.1|636136511505998529|0|49368.5|21.1035775950058|101.618149189903||||49368.5|370|39300||||76cd8d|SLK980|X|X|0|0|7||||132|147|0|0|[]|13:42:48:500
21|2.1|636136511549232852|0|49372.828125|21.1128902246972|101.618041901542||||49372.828125|370|39300||||76cd8d|SLK980|X|X|0|0|7||||132|147|0|0|[]|13:42:52:828
21|2.1|636136511594317360|0|49377.328125|21.1225461771422|101.617741494133||||49377.328125|370|39300||||76cd8d|SLK980|X|X|0|0|7||||132|147|0|0|[]|13:42:57:328
21|2.1|636136511658883816|0|49383.78125|21.1363863756467|101.617033390954||||49383.78125|370|39300||||76cd8d|SLK980|X|X|0|0|7||||132|147|0|0|[]|13:43:03:781
21|2.1|636136511698827810|0|49387.78125|21.1449694444867|101.616647152856||||49387.78125|370|39300||||76cd8d|SLK980|X|X|0|0|7||||132|147|0|0|[]|13:43:07:781
21|2.1|636136511876985624|0|49405.59375|21.1832499315131|101.618299393608||||49405.59375|370|39300||||76cd8d|SLK980|X|X||0|7||||132|147|0|0|[]|13:43:25:594
21|2.1|636136511917079633|0|49409.59375|21.191811542681|101.619200615836||||49409.59375|370|39300||||76cd8d|SLK980|X|X|0|0|7||||132|147|0|0|[]|13:43:29:594
21|2.1|636136511960603985|0|49413.953125|21.2011456300445|101.620016007376||||49413.953125|370|39300||||76cd8d|SLK980|X|X|0|0|7||||132|147|0|0|[]|13:43:33:953
21|2.1|636136512001648089|0|49418.0703125|21.2099861909497|101.620530991506||||49418.0703125|370|39300||||76cd8d|SLK980|X|X|0|0|7||||132|147|0|0|[]|13:43:38:070
21|2.1|636136512052483172|0|49423.1484375|21.2209081460486|101.620831398915||||49423.1484375|370|39300||||76cd8d|SLK980|X|X|0|0|7||||132|147|0|0|[]|13:43:43:148
21|2.1|636136512102258149|0|49428.109375|21.2316369820986|101.620788483571||||49428.109375|370.25|39325||||76cd8d|SLK980|X|X||0|7||||132|147|0|0|[]|13:43:48:109
21|2.1|636136512191177040|0|49437.015625|21.2507557679397|101.620080380392||||49437.015625|370.25|39325||||76cd8d|SLK980|X|X||0|7||||132|147|0|0|[]|13:43:57:016
21|2.1|636136512239231845|0|49441.828125|21.2610983658919|101.619393734885||||49441.828125|370.25|39325||||76cd8d|SLK980|X|X||0|7||||132|147|0|0|[]|13:44:01:828
21|2.1|636136512284936415|0|49446.3984375|21.2708830643695|101.618556885673||||49446.3984375|370.25|39325||||76cd8d|SLK980|X|X|0|0|7||||132|147|0|0|[]|13:44:06:398
21|2.1|636136512325340455|0|49450.421875|21.2794875908816|101.617677121117||||49450.421875|370.25|39325||||76cd8d|SLK980|X|X|0|0|7||||132|147|0|0|[]|13:44:10:422
21|2.1|636136512369024823|0|49454.7734375|21.288800220573|101.616625695184||||49454.7734375|370.25|39350||||76cd8d|SLK980|X|X|0|0|7||||132|147|0|0|[]|13:44:14:773
21|2.1|636136512410368957|0|49458.921875|21.2976407814782|101.615402607874||||49458.921875|370.25|39325||||76cd8d|SLK980|X|X|0|0|7||||132|147|0|0|[]|13:44:18:922
21|2.1|636136512451553075|0|49463.0546875|21.3064169693671|101.614050774532||||49463.0546875|370.25|39325||||76cd8d|SLK980|X|X|0|0|7||||132|147|0|0|[]|13:44:23:055
21|2.1|636136512492427162|0|49467.140625|21.3150858688955|101.612548737485||||49467.140625|370.25|39350||||76cd8d|SLK980|X|X|0|0|7||||132|147|0|0|[]|13:44:27:141
21|2.1|636136512551863105|0|49473.0859375|21.3276171494019|101.610102562865||||49473.0859375|370.25|39350||||76cd8d|SLK980|X|X||0|7||||132|147|0|0|[]|13:44:33:086
21|2.1|636136512680876005|0|49485.984375|21.3546323585758|101.603751091924||||49485.984375|370|39325||||76cd8d|SLK980|X|X||0|7||||132|147|0|0|[]|13:44:45:984
21|2.1|636136512932671182|0|49511.1640625|21.4062595176484|101.587228684407||||49511.1640625|370|39300||||76cd8d|SLK980|X|X||0|7||||132|147|0|0|[]|13:45:11:164
21|2.1|636136512973395254|0|49515.234375|21.4144992637348|101.584074406608||||49515.234375|370|||||76cd8d|SLK980|X|X||0|7||||132|147|0|0|[]|13:45:15:234
21|2.1|636136513033611275|0|49521.25|21.4265799331271|101.579439549435||||49521.25|370|39325||||76cd8d|SLK980|X|X|0|0|7||||132|147|0|0|[]|13:45:21:250
21|2.1|636136513133611274|0|49531.265625|21.4467716025732|101.571693329806||||49531.265625|370|39325||||76cd8d|SLK980|X|X||0|7||||132|147|0|0|[]|13:45:31:266
21|2.1|636136513196007513|0|49537.5|21.4593243407517|101.566908268928||||49537.5|370|39300||||76cd8d|SLK980|X|X|0|0|7||||132|147|0|0|[]|13:45:37:500
21|2.1|636136513238601772|0|49541.765625|21.4679288672638|101.563560872081||||49541.765625|370|39300||||76cd8d|SLK980|X|X|0|0|7||||132|147|0|0|[]|13:45:41:766
21|2.1|636136513280095921|0|49545.9140625|21.4762329863665|101.560256390577||||49545.9140625|369.75|39275||||76cd8d|SLK980|X|X|0|0|7||||132|147|0|0|[]|13:45:45:914
21|2.1|636136513321910102|0|49550.0859375|21.4845585631413|101.556844620713||||49550.0859375|369.75|39275||||76cd8d|SLK980|X|X|0|0|7||||132|147|0|0|[]|13:45:50:086
21|2.1|636136513362004111|0|49554.09375|21.4925622748346|101.553454308521||||49554.09375|369.75|39275||||76cd8d|SLK980|X|X|0|0|7||||132|147|0|0|[]|13:45:54:094
