21|2.1|636136510330190960|0|49250.921875|19.6772217575025|103.805565741449||||49250.921875|310|33025||||78028f|CCA960|X|X|0|0|7||||132|147|0|0|[]|13:40:50:922
21|2.1|636136510372785219|0|49255.171875|19.6846675697212|103.811337855244||||49255.171875|310|33025||||78028f|CCA960|X|X|0|0|7||||132|147|0|0|[]|13:40:55:172
21|2.1|636136510417399680|0|49259.640625|19.6927571121029|103.817603495497||||49259.640625|310|33025||||78028f|CCA960|X|X|0|0|7||||132|147|0|0|[]|13:40:59:641
21|2.1|636136510457803720|0|49263.6796875|19.6998381438959|103.823096659555||||49263.6796875|310|33025||||78028f|CCA960|X|X|0|0|7||||132|147|0|0|[]|13:41:03:680
21|2.1|636136510500868026|0|49267.984375|19.7076058211961|103.829147723087||||49267.984375|310|33025||||78028f|CCA960|X|X|0|0|7||||132|147|0|0|[]|13:41:07:984
21|2.1|636136510544382377|0|49272.328125|19.7150516334148|103.834876921538||||49272.328125|310|33025||||78028f|CCA960|X|X|0|0|7||||132|147|0|0|[]|13:41:12:328
21|2.1|636136510592277166|0|49277.1328125|19.7235274138943|103.841507342217||||49277.1328125|310|33025||||78028f|CCA960|X|X|0|0|7||||132|147|0|0|[]|13:41:17:133
21|2.1|636136510633621300|0|49281.2578125|19.730973226113|103.847215082995||||49281.2578125|310|33025||||78028f|CCA960|X|X|0|0|7||||132|147|0|0|[]|13:41:21:258
21|2.1|636136510677775715|0|49285.671875|19.7387623610853|103.853266146527||||49285.671875|310|33025||||78028f|CCA960|X|X||0|7||||132|147|0|0|[]|13:41:25:672
21|2.1|636136510719269864|0|49289.8203125|19.7461867156319|103.859059717994||||49289.8203125|310|33025||||78028f|CCA960|X|X||0|7||||132|147|0|0|[]|13:41:29:820
21|2.1|636136510762014138|0|49294.1015625|19.7536539855227|103.864853289461||||49294.1015625|310|33025||||78028f|CCA960|X|X|0|0|7||||132|147|0|0|[]|13:41:34:102
21|2.1|636136510804448381|0|49298.3515625|19.7610568823972|103.870582487912||||49298.3515625|310|33025||||78028f|CCA960|X|X|0|0|7||||132|147|0|0|[]|13:41:38:352
21|2.1|636136510845002436|0|49302.3984375|19.7685026946159|103.876376059379||||49302.3984375|310|33025||||78028f|CCA960|X|X|0|0|7||||132|147|0|0|[]|13:41:42:398
21|2.1|636136510886036539|0|49306.5|19.7755837264089|103.881869223437||||49306.5|310|33025||||78028f|CCA960|X|X|0|0|7||||132|147|0|0|[]|13:41:46:500
21|2.1|636136510930030938|0|49310.8984375|19.7833514037091|103.887963202313||||49310.8984375|310|33025||||78028f|CCA960|X|X|0|0|7||||132|147|0|0|[]|13:41:50:898
21|2.1|636136510974955430|0|49315.390625|19.7915053191071|103.894314673255||||49315.390625|310|33025||||78028f|CCA960|X|X|0|0|7||||132|147|0|0|[]|13:41:55:391
21|2.1|636136511017079642|0|49319.6015625|19.7989511313258|103.900108244722||||49319.6015625|310|33025||||78028f|CCA960|X|X|0|0|7||||132|147|0|0|[]|13:41:59:602
21|2.1|636136511066224556|0|49324.5234375|19.8074698271495|103.906695750056||||49324.5234375|310|33025||||78028f|CCA960|X|X|0|0|7||||132|147|0|0|[]|13:42:04:523
21|2.1|636136511109908924|0|49328.890625|19.8152375044497|103.912789728933||||49328.890625|310|33025||||78028f|CCA960|X|X|0|0|7||||132|147|0|0|[]|13:42:08:891
21|2.1|636136511154363369|0|49333.3359375|19.8230051817499|103.918819334793||||49333.3359375|310|33025||||78028f|CCA960|X|X||0|7||||132|147|0|0|[]|13:42:13:336
21|2.1|636136511198367769|0|49337.75|19.8308372320664|103.924913313669||||49337.75|310|33025||||78028f|CCA960|X|X|0|0|7||||132|147|0|0|[]|13:42:17:750
21|2.1|636136511239701902|0|49341.8828125|19.8382401289409|103.930706885136||||49341.8828125|310|33025||||78028f|CCA960|X|X||0|7||||132|147|0|0|[]|13:42:21:883
21|2.1|636136511281356067|0|49346.046875|19.8456859411596|103.936500456603||||49346.046875|310|33025||||78028f|CCA960|X|X||0|7||||132|147|0|0|[]|13:42:26:047
21|2.1|636136511322690200|0|49350.1796875|19.8531102957062|103.942336943414||||49350.1796875|310|33025||||78028f|CCA960|X|X||0|7||||132|147|0|0|[]|13:42:30:180
21|2.1|636136511368244755|0|49354.71875|19.8609423460227|103.948409464619||||49354.71875|310|33025||||78028f|CCA960|X|X||0|7||||132|147|0|0|[]|13:42:34:719
21|2.1|636136511409598890|0|49358.8671875|19.8683452428972|103.954224493758||||49358.8671875|310|33025||||78028f|CCA960|X|X||0|7||||132|147|0|0|[]|13:42:38:867
21|2.1|636136511454673397|0|49363.3828125|19.8765206159673|103.960575964699||||49363.3828125|310|33025||||78028f|CCA960|X|X||0|7||||132|147|0|0|[]|13:42:43:383
21|2.1|636136511498357765|0|49367.7421875|19.8839878858581|103.966369536166||||49367.7421875|310|33025||||78028f|CCA960|X|X||0|7||||132|147|0|0|[]|13:42:47:742
21|2.1|636136511539081837|0|49371.8203125|19.8914336980768|103.972206022978||||49371.8203125|310|33025||||78028f|CCA960|X|X|0|0|7||||132|147|0|0|[]|13:42:51:820
21|2.1|636136511583696298|0|49376.265625|19.8992228330491|103.978278544182||||49376.265625|310|33025||||78028f|CCA960|X|X|0|0|7||||132|147|0|0|[]|13:42:56:266
21|2.1|636136511625500478|0|49380.4453125|19.9066686452678|103.984093573321||||49380.4453125|310|33025||||78028f|CCA960|X|X|0|0|7||||132|147|0|0|[]|13:43:00:445
21|2.1|636136511669184846|0|49384.8203125|19.9144792379122|103.990187552197||||49384.8203125|310|33025||||78028f|CCA960|X|X|0|0|7||||132|147|0|0|[]|13:43:04:820
21|2.1|636136511709748902|0|49388.875|19.9215602697052|103.995680716255||||49388.875|310|33025||||78028f|CCA960|X|X||0|7||||132|147|0|0|[]|13:43:08:875
21|2.1|636136511749992926|0|49392.8984375|19.9286842168424|104.001216795657||||49392.8984375|310|33025||||78028f|CCA960|X|X|0|0|7||||132|147|0|0|[]|13:43:12:898
21|2.1|636136511792897216|0|49397.1875|19.9364518941426|104.007310774533||||49397.1875|310|33025||||78028f|CCA960|X|X|0|0|7||||132|147|0|0|[]|13:43:17:188
21|2.1|636136511832991225|0|49401.2109375|19.9435758412798|104.012868311607||||49401.2109375|310|33025||||78028f|CCA960|X|X|0|0|7||||132|147|0|0|[]|13:43:21:211
21|2.1|636136511874955421|0|49405.3984375|19.9510431111706|104.018661883074||||49405.3984375|310|33025||||78028f|CCA960|X|X|0|0|7||||132|147|0|0|[]|13:43:25:398
21|2.1|636136511920209946|0|49409.9140625|19.958853703815|104.024734404278||||49409.9140625|310|33025||||78028f|CCA960|X|X|0|0|7||||132|147|0|0|[]|13:43:29:914
21|2.1|636136511964664391|0|49414.3671875|19.9666857541315|104.030806925483||||49414.3671875|310|33025||||78028f|CCA960|X|X|0|0|7||||132|147|0|0|[]|13:43:34:367
21|2.1|636136512005998524|0|49418.5078125|19.9741315663502|104.036621954622||||49418.5078125|310|33025||||78028f|CCA960|X|X|0|0|7||||132|147|0|0|[]|13:43:38:508
21|2.1|636136512046102534|0|49422.515625|19.9812340558153|104.042179491696||||49422.515625|310|33025||||78028f|CCA960|X|X|0|0|7||||132|147|0|0|[]|13:43:42:516
21|2.1|636136512091957119|0|49427.09375|19.9893879712133|104.048530962637||||49427.09375|310|33025||||78028f|CCA960|X|X|0|0|7||||132|147|0|0|[]|13:43:47:094
21|2.1|636136512133141237|0|49431.2109375|19.9968766987762|104.054367449449||||49431.2109375|310|33025||||78028f|CCA960|X|X|0|0|7||||132|147|0|0|[]|13:43:51:211
21|2.1|636136512174015324|0|49435.3046875|20.0039577305692|104.05990352885||||49435.3046875|310|33025||||78028f|CCA960|X|X|0|0|7||||132|147|0|0|[]|13:43:55:305
21|2.1|636136512214119334|0|49439.3203125|20.0110816777064|104.065439608252||||49439.3203125|310|33025||||78028f|CCA960|X|X|0|0|7||||132|147|0|0|[]|13:43:59:320
21|2.1|636136512256543576|0|49443.5546875|20.0185489475972|104.071276095063||||49443.5546875|310|33025||||78028f|CCA960|X|X|0|0|7||||132|147|0|0|[]|13:44:03:555
21|2.1|636136512301008022|0|49448|20.0266814053231|104.077627566005||||49448|310|33025||||78028f|CCA960|X|X|0|0|7||||132|147|0|0|[]|13:44:08:000
21|2.1|636136512342822203|0|49452.1796875|20.034170132886|104.083442595144||||49452.1796875|310|33025||||78028f|CCA960|X|X|0|0|7||||132|147|0|0|[]|13:44:12:180
21|2.1|636136512383846305|0|49456.2890625|20.041251164679|104.089043047562||||49456.2890625|310|33025||||78028f|CCA960|X|X|0|0|7||||132|147|0|0|[]|13:44:16:289
21|2.1|636136512424720392|0|49460.375|20.0486969768977|104.094858076701||||49460.375|310|33025||||78028f|CCA960|X|X|0|0|7||||132|147|0|0|[]|13:44:20:375
21|2.1|636136512465904510|0|49464.484375|20.0557780086907|104.100394156103||||49464.484375|310|33025||||78028f|CCA960|X|X|0|0|7||||132|147|0|0|[]|13:44:24:484
21|2.1|636136512510829002|0|49468.9765625|20.0639748394329|104.106788542389||||49468.9765625|310|33025||||78028f|CCA960|X|X|0|0|7||||132|147|0|0|[]|13:44:28:977
21|2.1|636136512550923011|0|49472.984375|20.0710558712259|104.112324621791||||49472.984375|310|33025||||78028f|CCA960|X|X|0|0|7||||132|147|0|0|[]|13:44:32:984
21|2.1|636136512591177036|0|49477.0078125|20.078158360691|104.117882158865||||49477.0078125|310|33025||||78028f|CCA960|X|X|0|0|7||||132|147|0|0|[]|13:44:37:008
21|2.1|636136512635951513|0|49481.484375|20.0859474956633|104.123954680069||||49481.484375|310|33025||||78028f|CCA960|X|X|0|0|7||||132|147|0|0|[]|13:44:41:484
21|2.1|636136512681506068|0|49486.0390625|20.0940799533892|104.13030615101||||49486.0390625|310|33025||||78028f|CCA960|X|X|0|0|7||||132|147|0|0|[]|13:44:46:039
21|2.1|636136512724260343|0|49490.328125|20.10154722328|104.136164095494||||49490.328125|310|33025||||78028f|CCA960|X|X|0|0|7||||132|147|0|0|[]|13:44:50:328
21|2.1|636136512764654382|0|49494.3359375|20.1086497127451|104.141700174896||||49494.3359375|310|33025||||78028f|CCA960|X|X|0|0|7||||132|147|0|0|[]|13:44:54:336
21|2.1|636136512808178734|0|49498.71875|20.1164603053895|104.147794153772||||49498.71875|310|33025||||78028f|CCA960|X|X|0|0|7||||132|147|0|0|[]|13:44:58:719
21|2.1|636136512848432759|0|49502.734375|20.1235627948546|104.153330233174||||49502.734375|310|33025||||78028f|CCA960|X|X|0|0|7||||132|147|0|0|[]|13:45:02:734
21|2.1|636136512892267142|0|49507.125|20.1313948451711|104.15942421205||||49507.125|310|33025||||78028f|CCA960|X|X|0|0|7||||132|147|0|0|[]|13:45:07:125
21|2.1|636136512936571572|0|49511.546875|20.1391839801434|104.165496733254||||49511.546875|310|33025||||78028f|CCA960|X|X|0|0|7||||132|147|0|0|[]|13:45:11:547
21|2.1|636136512981346049|0|49516.0390625|20.1473378955414|104.171912577212||||49516.0390625|310|33025||||78028f|CCA960|X|X|0|0|7||||132|147|0|0|[]|13:45:16:039
21|2.1|636136513022070121|0|49520.1015625|20.1544189273344|104.177448656614||||49520.1015625|310|33025||||78028f|CCA960|X|X|0|0|7||||132|147|0|0|[]|13:45:20:102
21|2.1|636136513065424456|0|49524.4453125|20.1622295199788|104.183542635491||||49524.4453125|310|33025||||78028f|CCA960|X|X|0|0|7||||132|147|0|0|[]|13:45:24:445
21|2.1|636136513107238637|0|49528.6171875|20.1697182475417|104.189336206958||||49528.6171875|310|33025||||78028f|CCA960|X|X|0|0|7||||132|147|0|0|[]|13:45:28:617
21|2.1|636136513147332646|0|49532.6328125|20.1767992793347|104.194872286359||||49532.6328125|310|33025||||78028f|CCA960|X|X|0|0|7||||132|147|0|0|[]|13:45:32:633
21|2.1|636136513188986811|0|49536.796875|20.1842021762092|104.200730230843||||49536.796875|310|33025||||78028f|CCA960|X|X|0|0|7||||132|147|0|0|[]|13:45:36:797
21|2.1|636136513230010913|0|49540.90625|20.1913261233464|104.206266310244||||49540.90625|310|33025||||78028f|CCA960|X|X|0|0|7||||132|147|0|0|[]|13:45:40:906
21|2.1|636136513273855297|0|49545.28125|20.1991581736629|104.212360289121||||49545.28125|310|33025||||78028f|CCA960|X|X|0|0|7||||132|147|0|0|[]|13:45:45:281
21|2.1|636136513318159727|0|49549.703125|20.2069258509631|104.218454267997||||49549.703125|310|33025||||78028f|CCA960|X|X|0|0|7||||132|147|0|0|[]|13:45:49:703
21|2.1|636136513359973908|0|49553.8984375|20.2143931208539|104.224312212481||||49553.8984375|310|33025||||78028f|CCA960|X|X|0|0|7||||132|147|0|0|[]|13:45:53:898
21|2.1|636136513408638774|0|49558.7578125|20.2228903590055|104.230964090832||||49558.7578125|310|33025||||78028f|CCA960|X|X|0|0|7||||132|147|0|0|[]|13:45:58:758
21|2.1|636136513452173127|0|49563.1171875|20.2306794939778|104.237058069708||||49563.1171875|310|33025||||78028f|CCA960|X|X|0|0|7||||132|147|0|0|[]|13:46:03:117
21|2.1|636136513497877697|0|49567.671875|20.2388548670479|104.243473913666||||49567.671875|310|33025||||78028f|CCA960|X|X|0|0|7||||132|147|0|0|[]|13:46:07:672
21|2.1|636136513540471956|0|49571.9375|20.2463006792666|104.249267485133||||49571.9375|310|33025||||78028f|CCA960|X|X|0|0|7||||132|147|0|0|[]|13:46:11:938
21|2.1|636136513582756184|0|49576.171875|20.2540683565668|104.255404379353||||49576.171875|310|33025||||78028f|CCA960|X|X|0|0|7||||132|147|0|0|[]|13:46:16:172
21|2.1|636136513626110519|0|49580.4921875|20.2615356264576|104.261262323837||||49580.4921875|310|33025||||78028f|CCA960|X|X|0|0|7||||132|147|0|0|[]|13:46:20:492
21|2.1|636136513670264934|0|49584.921875|20.2693033037578|104.267334845041||||49584.921875|310|33025||||78028f|CCA960|X|X|0|0|7||||132|147|0|0|[]|13:46:24:922
21|2.1|636136513713009208|0|49589.1953125|20.2771353540743|104.273428823917||||49589.1953125|310|33025||||78028f|CCA960|X|X|0|0|7||||132|147|0|0|[]|13:46:29:195
21|2.1|636136513754193326|0|49593.3125|20.2842163858673|104.279029276336||||49593.3125|310|33025||||78028f|CCA960|X|X|0|0|7||||132|147|0|0|[]|13:46:33:313
21|2.1|636136513823160222|0|49600.203125|20.296597462669|104.288749601797||||49600.203125|310|33025||||78028f|CCA960|X|X|0|0|7||||132|147|0|0|[]|13:46:40:203
21|2.1|636136513891797085|0|49607.0625|20.3086352167171|104.298169519849||||49607.0625|310|33025||||78028f|CCA960|X|X||0|7||||132|147|0|0|[]|13:46:47:063
21|2.1|636136513938751780|0|49611.7734375|20.3171539125408|104.304842855872||||49611.7734375|310|33025||||78028f|CCA960|X|X|0|0|7||||132|147|0|0|[]|13:46:51:773
21|2.1|636136513979935898|0|49615.8828125|20.3242564020059|104.310378935274||||49615.8828125|310|33025||||78028f|CCA960|X|X|0|0|7||||132|147|0|0|[]|13:46:55:883
21|2.1|636136514021900094|0|49620.0859375|20.3316807565525|104.316193964413||||49620.0859375|310|33025||||78028f|CCA960|X|X|0|0|7||||132|147|0|0|[]|13:47:00:086
21|2.1|636136514061994103|0|49624.0859375|20.3387617883455|104.321730043815||||49624.0859375|310|33025||||78028f|CCA960|X|X|0|0|7||||132|147|0|0|[]|13:47:04:086
21|2.1|636136514119719875|0|49629.8671875|20.3490614709535|104.329798128524||||49629.8671875|310|33025||||78028f|CCA960|X|X|0|0|7||||132|147|0|0|[]|13:47:09:867
21|2.1|636136514160273930|0|49633.921875|20.3561639604186|104.335334207926||||49633.921875|310|33025||||78028f|CCA960|X|X|0|0|7||||132|147|0|0|[]|13:47:13:922
21|2.1|636136514203648267|0|49638.265625|20.3639316377188|104.341428186802||||49638.265625|310|33025||||78028f|CCA960|X|X|0|0|7||||132|147|0|0|[]|13:47:18:266
21|2.1|636136514248572759|0|49642.7421875|20.3717207726911|104.347565081023||||49642.7421875|310|33025||||78028f|CCA960|X|X|0|0|7||||132|147|0|0|[]|13:47:22:742
21|2.1|636136514291477049|0|49647.046875|20.3795099076634|104.353680517571||||49647.046875|310|33025||||78028f|CCA960|X|X|0|0|7||||132|147|0|0|[]|13:47:27:047
21|2.1|636136514334841385|0|49651.375|20.3871059235868|104.359967615497||||49651.375|310|33025||||78028f|CCA960|X|X||0|7||||132|147|0|0|[]|13:47:31:375
21|2.1|636136514375245425|0|49655.421875|20.3939294633146|104.365889932996||||49655.421875|310|33025||||78028f|CCA960|X|X|0|0|7||||132|147|0|0|[]|13:47:35:422
21|2.1|636136514418459746|0|49659.734375|20.4008602914029|104.372370149971||||49659.734375|310|33025||||78028f|CCA960|X|X|0|0|7||||132|147|0|0|[]|13:47:39:734
21|2.1|636136514460273927|0|49663.9296875|20.4076623734586|104.379000570649||||49663.9296875|310|33025||||78028f|CCA960|X|X|0|0|7||||132|147|0|0|[]|13:47:43:930
21|2.1|636136514503018201|0|49668.203125|20.414614659219|104.386103060115||||49668.203125|310|33025||||78028f|CCA960|X|X|0|0|7||||132|147|0|0|[]|13:47:48:203
21|2.1|636136514552013100|0|49673.09375|20.4219746407493|104.394149687152||||49673.09375|310|33025||||78028f|CCA960|X|X||0|7||||132|147|0|0|[]|13:47:53:094
21|2.1|636136514596157514|0|49677.515625|20.4285192307398|104.401659872387||||49677.515625|310|33025||||78028f|CCA960|X|X|0|0|7||||132|147|0|0|[]|13:47:57:516
21|2.1|636136514637181616|0|49681.625|20.4346561249604|104.409019853917||||49681.625|310|33025||||78028f|CCA960|X|X||0|7||||132|147|0|0|[]|13:48:01:625
21|2.1|636136514679775875|0|49685.875|20.4405569847879|104.41650858148||||49685.875|310|33025||||78028f|CCA960|X|X||0|7||||132|147|0|0|[]|13:48:05:875
21|2.1|636136514724240321|0|49690.3125|20.4466080483201|104.424555208518||||49690.3125|310|33025||||78028f|CCA960|X|X||0|7||||132|147|0|0|[]|13:48:10:313
21|2.1|636136514766044501|0|49694.4921875|20.4523157890987|104.43223705513||||49694.4921875|310|33025||||78028f|CCA960|X|X||0|7||||132|147|0|0|[]|13:48:14:492
21|2.1|636136514810968993|0|49698.9921875|20.458602887024|104.440691377937||||49698.9921875|310|33025||||78028f|CCA960|X|X||0|7||||132|147|0|0|[]|13:48:18:992
21|2.1|636136514852473143|0|49703.140625|20.4640531357374|104.448008444123||||49703.140625|310|33025||||78028f|CCA960|X|X||0|7||||132|147|0|0|[]|13:48:23:141
21|2.1|636136514892567152|0|49707.1640625|20.4695033844508|104.455368425653||||49707.1640625|310|33025||||78028f|CCA960|X|X||0|7||||132|147|0|0|[]|13:48:27:164
21|2.1|636136514934691364|0|49711.375|20.4754900749667|104.463393595019||||49711.375|310|33025||||78028f|CCA960|X|X||0|7||||132|147|0|0|[]|13:48:31:375
21|2.1|636136515009728867|0|49718.875|20.4855966385258|104.476976301458||||49718.875|310|33025||||78028f|CCA960|X|X|0|0|7||||132|147|0|0|[]|13:48:38:875
21|2.1|636136515051383032|0|49723.03125|20.4913258369765|104.484636690398||||49723.03125|310|33000||||78028f|CCA960|X|X|0|0|7||||132|147|0|0|[]|13:48:43:031
