21|2.1|636136510335021443|0|49251.40625|16.8957924692121|106.008131409498||||49251.40625|290.25|30950||||780261|CSN3064|X|X|0|0|6||||132|163|0|0|[]|13:40:51:406
21|2.1|636136510346572598|0|49252.5703125|16.8983673898641|106.00856056294||||49252.5703125|290.25|30950||||780261|CSN3064|X|X|0|0|6||||132|147|0|0|[]|13:40:52:570
21|2.1|636136510377775718|0|49255.671875|16.9052553026082|106.009676361889||||49255.671875|290.25|30950||||780261|CSN3064|X|X|0|0|6||||132|163|0|0|[]|13:40:55:672
21|2.1|636136510418179758|0|49259.71875|16.9143318979065|106.011092568248||||49259.71875|290|30925||||780261|CSN3064|X|X|0|0|6||||132|163|0|0|[]|13:40:59:719
21|2.1|636136510459673907|0|49263.859375|16.9235586969095|106.012573147622||||49263.859375|290.25|30950||||780261|CSN3064|X|X|0|0|6||||132|163|0|0|[]|13:41:03:859
21|2.1|636136510501958135|0|49268.1015625|16.9330000726335|106.014096642342||||49268.1015625|290|30925||||780261|CSN3064|X|X|0|0|6||||132|163|0|0|[]|13:41:08:102
21|2.1|636136510545472486|0|49272.4453125|16.9426774827506|106.015663052405||||49272.4453125|290|30925||||780261|CSN3064|X|X|0|0|6||||132|163|0|0|[]|13:41:12:445
21|2.1|636136510545482487|0|49272.4453125|16.9426774827506|106.015663052405||||49272.4453125|290|30925||||780261|CSN3064|X|X||0|6||||132|147|0|0|[]|13:41:12:445
21|2.1|636136510587446683|0|49276.6484375|16.9520544854583|106.017186547124||||49276.6484375|290|30925||||780261|CSN3064|X|X|0|0|6||||132|163|0|0|[]|13:41:16:648
21|2.1|636136510587446683|0|49276.6484375|16.9520544854583|106.017186547124||||49276.6484375|290|30925||||780261|CSN3064|X|X|0|0|6||||132|147|0|0|[]|13:41:16:648
21|2.1|636136510630340972|0|49280.90625|16.9615602341986|106.018688584171||||49280.90625|290|30925||||780261|CSN3064|X|X|0|0|6||||132|163|0|0|[]|13:41:20:906
21|2.1|636136510634871425|0|49281.3984375|16.9626545754757|106.018860245548||||49281.3984375|290|30925||||780261|CSN3064|X|X|0|0|6||||132|147|0|0|[]|13:41:21:398
21|2.1|636136510671075045|0|49285.0078125|16.9706797448411|106.020147705874||||49285.0078125|290|30925||||780261|CSN3064|X|X|0|0|6||||132|163|0|0|[]|13:41:25:008
21|2.1|636136510676985636|0|49285.59375|16.9720101205113|106.020383740267||||49285.59375|290|30925||||780261|CSN3064|X|X|0|0|6||||132|147|0|0|[]|13:41:25:594
21|2.1|636136510711309068|0|49289.03125|16.9796490517789|106.021585369904||||49289.03125|290|30925||||780261|CSN3064|X|X|0|0|6||||132|163|0|0|[]|13:41:29:031
21|2.1|636136510726440581|0|49290.5390625|16.9829964486265|106.022143269379||||49290.5390625|290|30925||||780261|CSN3064|X|X|0|0|6||||132|147|0|0|[]|13:41:30:539
21|2.1|636136510754833420|0|49293.3828125|16.9893479195681|106.023130322296||||49293.3828125|290|30925||||780261|CSN3064|X|X|0|0|6||||132|163|0|0|[]|13:41:33:383
21|2.1|636136510796337570|0|49297.5390625|16.9985961762432|106.024610901671||||49297.5390625|290|30925||||780261|CSN3064|X|X|0|0|6||||132|163|0|0|[]|13:41:37:539
21|2.1|636136510807568693|0|49298.65625|17.0011067238789|106.025040055113||||49298.65625|290|30925||||780261|CSN3064|X|X||0|6||||132|147|0|0|[]|13:41:38:656
21|2.1|636136510837671703|0|49301.6640625|17.0078444329183|106.026112938718||||49301.6640625|290|30925||||780261|CSN3064|X|X|0|0|6||||132|163|0|0|[]|13:41:41:664
21|2.1|636136510847662702|0|49302.671875|17.0100545731446|106.026456261471||||49302.671875|290|30925||||780261|CSN3064|X|X|0|0|6||||132|147|0|0|[]|13:41:42:672
21|2.1|636136510878395775|0|49305.75|17.0169424858887|106.02757206042||||49305.75|290|30925||||780261|CSN3064|X|X|0|0|6||||132|163|0|0|[]|13:41:45:750
21|2.1|636136510887756711|0|49306.6875|17.0190238800824|106.027915383174||||49306.6875|290|30925||||780261|CSN3064|X|X|0|0|6||||132|147|0|0|[]|13:41:46:688
21|2.1|636136510927220657|0|49310.6171875|17.0278000679713|106.029288674188||||49310.6171875|290|30925||||780261|CSN3064|X|X|0|0|6||||132|163|0|0|[]|13:41:50:617
21|2.1|636136510932681203|0|49311.171875|17.0290446129531|106.029481793237||||49311.171875|290|30925||||780261|CSN3064|X|X|0|0|6||||132|147|0|0|[]|13:41:51:172
21|2.1|636136510971835118|0|49315.0859375|17.0377778854978|106.030876541924||||49315.0859375|290|30925||||780261|CSN3064|X|X|0|0|6||||132|163|0|0|[]|13:41:55:086
21|2.1|636136510987756710|0|49316.671875|17.0413398590664|106.03145589907||||49316.671875|289.75|30900||||780261|CSN3064|X|X|0|0|6||||132|147|0|0|[]|13:41:56:672
21|2.1|636136511017549689|0|49319.6640625|17.0479917374174|106.032528782675||||49319.6640625|289.75|30900||||780261|CSN3064|X|X|0|0|6||||132|163|0|0|[]|13:41:59:664
21|2.1|636136511028000734|0|49320.703125|17.0503091660042|106.032936478445||||49320.703125|289.75|30900||||780261|CSN3064|X|X|0|0|6||||132|147|0|0|[]|13:42:00:703
21|2.1|636136511058583792|0|49323.765625|17.0571541634041|106.03400936205||||49323.765625|289.75|30900||||780261|CSN3064|X|X|0|0|6||||132|163|0|0|[]|13:42:03:766
21|2.1|636136511071215055|0|49325.0234375|17.0599865761213|106.034459973164||||49325.0234375|289.75|30900||||780261|CSN3064|X|X||0|6||||132|147|0|0|[]|13:42:05:023
21|2.1|636136511101478081|0|49328.046875|17.0667028274886|106.035532856769||||49328.046875|290|30925||||780261|CSN3064|X|X|0|0|6||||132|163|0|0|[]|13:42:08:047
21|2.1|636136511113179251|0|49329.21875|17.0693206634848|106.035940552539||||49329.21875|290|30925||||780261|CSN3064|X|X||0|6||||132|147|0|0|[]|13:42:09:219
21|2.1|636136511144382371|0|49332.328125|17.0762944069173|106.037056351489||||49332.328125|289.75|30900||||780261|CSN3064|X|X|0|0|6||||132|163|0|0|[]|13:42:12:328
21|2.1|636136511154683401|0|49333.3671875|17.0786118355041|106.037442589586||||49333.3671875|290|30925||||780261|CSN3064|X|X||0|6||||132|147|0|0|[]|13:42:13:367
21|2.1|636136511185256458|0|49336.4296875|17.0854139175598|106.038622761552||||49336.4296875|290|30925||||780261|CSN3064|X|X|0|0|6||||132|163|0|0|[]|13:42:16:430
21|2.1|636136511195247457|0|49337.421875|17.0876240577861|106.039030457322||||49337.421875|290|30925||||780261|CSN3064|X|X||0|6||||132|147|0|0|[]|13:42:17:422
21|2.1|636136511234401372|0|49341.34375|17.0963358726587|106.040661240401||||49341.34375|290|30925||||780261|CSN3064|X|X|0|0|6||||132|163|0|0|[]|13:42:21:344
21|2.1|636136511238921824|0|49341.796875|17.0973229255753|106.040875817122||||49341.796875|290|30925||||780261|CSN3064|X|X||0|6||||132|147|0|0|[]|13:42:21:797
21|2.1|636136511278085740|0|49345.71875|17.1060347404479|106.042635346235||||49345.71875|290|30925||||780261|CSN3064|X|X|0|0|6||||132|163|0|0|[]|13:42:25:719
21|2.1|636136511283696301|0|49346.265625|17.1072578277576|106.0428928383||||49346.265625|290|30925||||780261|CSN3064|X|X|0|0|6||||132|147|0|0|[]|13:42:26:266
21|2.1|636136511318639795|0|49349.7734375|17.1150255050578|106.044652367412||||49349.7734375|290|30925||||780261|CSN3064|X|X|0|0|6||||132|163|0|0|[]|13:42:29:773
21|2.1|636136511323950326|0|49350.296875|17.1161842193512|106.044888401805||||49350.296875|290|30925||||780261|CSN3064|X|X|0|0|6||||132|147|0|0|[]|13:42:30:297
21|2.1|636136511359523883|0|49353.8515625|17.1240162696677|106.046755219278||||49353.8515625|290|30925||||780261|CSN3064|X|X|0|0|6||||132|163|0|0|[]|13:42:33:852
21|2.1|636136511364814412|0|49354.3828125|17.1251749839611|106.047055626687||||49354.3828125|290|30925||||780261|CSN3064|X|X|0|0|6||||132|147|0|0|[]|13:42:34:383
21|2.1|636136511403668297|0|49358.2578125|17.1336936797848|106.049201393897||||49358.2578125|290|30925||||780261|CSN3064|X|X|0|0|6||||132|163|0|0|[]|13:42:38:258
21|2.1|636136511413799310|0|49359.28125|17.1359252776832|106.049823666388||||49359.28125|290|30925||||780261|CSN3064|X|X|0|0|6||||132|147|0|0|[]|13:42:39:281
21|2.1|636136511444072337|0|49362.3125|17.1425771560342|106.051604653172||||49362.3125|290|30925||||780261|CSN3064|X|X|0|0|6||||132|163|0|0|[]|13:42:42:313
21|2.1|636136511463564286|0|49364.25|17.14682577511|106.052849198154||||49364.25|290|30925||||780261|CSN3064|X|X||0|6||||132|147|0|0|[]|13:42:44:250
21|2.1|636136511488526782|0|49366.7578125|17.1522116508071|106.054394150545||||49366.7578125|290|30925||||780261|CSN3064|X|X|0|0|6||||132|163|0|0|[]|13:42:46:758
21|2.1|636136511508808810|0|49368.765625|17.1566104735876|106.055703068543||||49368.765625|290|30925||||780261|CSN3064|X|X|0|0|6||||132|147|0|0|[]|13:42:48:766
21|2.1|636136511530490978|0|49370.9453125|17.1613311614496|106.057183647918||||49370.9453125|290|30925||||780261|CSN3064|X|X||0|6||||132|163|0|0|[]|13:42:50:945
21|2.1|636136511557643693|0|49373.65625|17.1671891059329|106.059071923063||||49373.65625|290.25|30950||||780261|CSN3064|X|X||0|6||||132|147|0|0|[]|13:42:53:656
21|2.1|636136511571675096|0|49375.078125|17.1702575530432|106.060037518308||||49375.078125|290.25|30950||||780261|CSN3064|X|X||0|6||||132|163|0|0|[]|13:42:55:078
21|2.1|636136511598047733|0|49377.6953125|17.1758580054613|106.061968708797||||49377.6953125|290.25|30950||||780261|CSN3064|X|X|0|0|6||||132|147|0|0|[]|13:42:57:695
21|2.1|636136511613489277|0|49379.2421875|17.1791839446368|106.063063050074||||49379.2421875|290.25|30950||||780261|CSN3064|X|X|0|0|6||||132|163|0|0|[]|13:42:59:242
21|2.1|636136511640792007|0|49381.9921875|17.1850418891201|106.065144444267||||49381.9921875|290.25|30975||||780261|CSN3064|X|X|0|0|6||||132|147|0|0|[]|13:43:01:992
21|2.1|636136511661694097|0|49384.0703125|17.1895050849169|106.066775227347||||49384.0703125|290.25|30950||||780261|CSN3064|X|X|0|0|6||||132|163|0|0|[]|13:43:04:070
21|2.1|636136511687906718|0|49386.6796875|17.1950411643187|106.068835163869||||49386.6796875|290.25|30975||||780261|CSN3064|X|X||0|6||||132|147|0|0|[]|13:43:06:680
21|2.1|636136511702258153|0|49388.125|17.1980666960848|106.070015335834||||49388.125|290.25|30975||||780261|CSN3064|X|X|0|0|6||||132|163|0|0|[]|13:43:08:125
21|2.1|636136511728310758|0|49390.7265625|17.2035813178145|106.072139645372||||49390.7265625|290.25|30975||||780261|CSN3064|X|X|0|0|6||||132|147|0|0|[]|13:43:10:727
21|2.1|636136511743602287|0|49392.265625|17.2068214263016|106.073384190354||||49392.265625|290.25|30975||||780261|CSN3064|X|X|0|0|6||||132|163|0|0|[]|13:43:12:266
21|2.1|636136511772305157|0|49395.125|17.2128724898338|106.075830364973||||49395.125|290.25|30975||||780261|CSN3064|X|X||0|6||||132|147|0|0|[]|13:43:15:125
21|2.1|636136511790406967|0|49396.9453125|17.2166704977955|106.077439690381||||49396.9453125|290.25|30975||||780261|CSN3064|X|X|0|0|6||||132|163|0|0|[]|13:43:16:945
21|2.1|636136511820039930|0|49399.90625|17.2228932227045|106.080057526377||||49399.90625|290.25|30975||||780261|CSN3064|X|X||0|6||||132|147|0|0|[]|13:43:19:906
21|2.1|636136511835171443|0|49401.421875|17.226004585159|106.081430817391||||49401.421875|290.25|30975||||780261|CSN3064|X|X|0|0|6||||132|163|0|0|[]|13:43:21:422
21|2.1|636136511861234049|0|49404.03125|17.2314548338724|106.083791161322||||49404.03125|290|30950||||780261|CSN3064|X|X|0|0|6||||132|147|0|0|[]|13:43:24:031
21|2.1|636136511875575483|0|49405.4609375|17.2343945349501|106.085142994665||||49405.4609375|290.25|30975||||780261|CSN3064|X|X|0|0|6||||132|163|0|0|[]|13:43:25:461
21|2.1|636136511919109836|0|49409.8046875|17.2432780111995|106.089477444429||||49409.8046875|290|30950||||780261|CSN3064|X|X||0|6||||132|163|0|0|[]|13:43:29:805
21|2.1|636136511928460771|0|49410.7421875|17.2451877440164|106.090443039673||||49410.7421875|290|30925||||780261|CSN3064|X|X||0|6||||132|147|0|0|[]|13:43:30:742
21|2.1|636136511960914016|0|49413.9921875|17.2517108763348|106.094047928586||||49413.9921875|290|30925||||780261|CSN3064|X|X||0|6||||132|163|0|0|[]|13:43:33:992
21|2.1|636136512005688493|0|49418.46875|17.2604441488795|106.099326515923||||49418.46875|290|30925||||780261|CSN3064|X|X|0|0|6||||132|163|0|0|[]|13:43:38:469
21|2.1|636136512010518976|0|49418.9453125|17.2613453711077|106.099927330742||||49418.9453125|290|30925||||780261|CSN3064|X|X||0|6||||132|147|0|0|[]|13:43:38:945
21|2.1|636136512049212845|0|49422.828125|17.2687268103101|106.104948426013||||49422.828125|290|30925||||780261|CSN3064|X|X|0|0|6||||132|163|0|0|[]|13:43:42:828
21|2.1|636136512091647088|0|49427.0625|17.2764944876103|106.110720539808||||49427.0625|290|30925||||780261|CSN3064|X|X|0|0|6||||132|163|0|0|[]|13:43:47:063
21|2.1|636136512131741097|0|49431.0703125|17.2835969770754|106.11666431498||||49431.0703125|290.25|30950||||780261|CSN3064|X|X||0|6||||132|163|0|0|[]|13:43:51:070
21|2.1|636136512131751098|0|49431.0703125|17.2835969770754|106.11666431498||||49431.0703125|290.25|30950||||780261|CSN3064|X|X||0|6||||132|147|0|0|[]|13:43:51:070
21|2.1|636136512171985121|0|49435.09375|17.2904205168032|106.122865582216||||49435.09375|290.25|30950||||780261|CSN3064|X|X||0|6||||132|163|0|0|[]|13:43:55:094
21|2.1|636136512171995122|0|49435.09375|17.2904205168032|106.122865582216||||49435.09375|290.25|30950||||780261|CSN3064|X|X|0|0|6||||132|147|0|0|[]|13:43:55:094
21|2.1|636136512216759598|0|49439.578125|17.2977375829893|106.130204106075||||49439.578125|290.25|30950||||780261|CSN3064|X|X||0|6||||132|163|0|0|[]|13:43:59:578
21|2.1|636136512276205542|0|49445.5234375|17.306900008976|106.140546704027||||49445.5234375|290.25|30950||||780261|CSN3064|X|X|0|0|6||||132|163|0|0|[]|13:44:05:523
21|2.1|636136512316609582|0|49449.5546875|17.3126721227709|106.147928143229||||49449.5546875|290.25|30975||||780261|CSN3064|X|X|0|0|6||||132|163|0|0|[]|13:44:09:555
21|2.1|636136512359353856|0|49453.828125|17.3184656942379|106.156039143283||||49453.828125|290.25|30975||||780261|CSN3064|X|X|0|0|6||||132|163|0|0|[]|13:44:13:828
21|2.1|636136512403038224|0|49458.203125|17.3241305196723|106.164514923763||||49458.203125|290.25|30975||||780261|CSN3064|X|X|0|0|6||||132|163|0|0|[]|13:44:18:203
21|2.1|636136512443902310|0|49462.296875|17.3294520223531|106.172411347095||||49462.296875|290.25|30975||||780261|CSN3064|X|X|0|0|6||||132|163|0|0|[]|13:44:22:297
21|2.1|636136512488526772|0|49466.7578125|17.3351812208038|106.181080246624||||49466.7578125|290.25|30975||||780261|CSN3064|X|X|0|0|6||||132|163|0|0|[]|13:44:26:758
21|2.1|636136512537201639|0|49471.625|17.341446861057|106.190457249331||||49471.625|290.25|30975||||780261|CSN3064|X|X|0|0|6||||132|163|0|0|[]|13:44:31:625
21|2.1|636136512577915710|0|49475.6796875|17.3467254483936|106.198289299648||||49475.6796875|290.25|30975||||780261|CSN3064|X|X|0|0|6||||132|163|0|0|[]|13:44:35:680
21|2.1|636136512618789797|0|49479.7734375|17.3520254934023|106.206164265309||||49479.7734375|290.25|30975||||780261|CSN3064|X|X|0|0|6||||132|163|0|0|[]|13:44:39:773
21|2.1|636136512662944212|0|49484.1953125|17.357754691853|106.214682961132||||49484.1953125|290.25|30975||||780261|CSN3064|X|X|0|0|6||||132|163|0|0|[]|13:44:44:195
21|2.1|636136512718939811|0|49489.796875|17.3650073850228|106.225433254854||||49489.796875|290.25|30975||||780261|CSN3064|X|X||0|6||||132|163|0|0|[]|13:44:49:797
21|2.1|636136512762474164|0|49494.1484375|17.3706936681293|106.233780289301||||49494.1484375|290.25|30975||||780261|CSN3064|X|X||0|6||||132|163|0|0|[]|13:44:54:148
21|2.1|636136512762474164|0|49494.1484375|17.3706936681293|106.233780289301||||49494.1484375|290.25|30975||||780261|CSN3064|X|X||0|6||||132|147|0|0|[]|13:44:54:148
21|2.1|636136512803808297|0|49498.28125|17.3760366284822|106.241719627978||||49498.28125|290.25|30950||||780261|CSN3064|X|X|0|0|6||||132|163|0|0|[]|13:44:58:281
21|2.1|636136512803808297|0|49498.28125|17.3760366284822|106.241719627978||||49498.28125|290.25|30975||||780261|CSN3064|X|X|0|0|6||||132|147|0|0|[]|13:44:58:281
21|2.1|636136512845622478|0|49502.46875|17.3814868771956|106.249701882||||49502.46875|290.25|30950||||780261|CSN3064|X|X||0|6||||132|147|0|0|[]|13:45:02:469
21|2.1|636136512845782494|0|49502.46875|17.3814868771956|106.249701882||||49502.46875|290.25|30975||||780261|CSN3064|X|X||0|6||||132|163|0|0|[]|13:45:02:469
21|2.1|636136512887116627|0|49506.609375|17.3868942105648|106.257662678349||||49506.609375|290|30925||||780261|CSN3064|X|X|0|0|6||||132|163|0|0|[]|13:45:06:609
21|2.1|636136512887276643|0|49506.609375|17.3868942105648|106.257662678349||||49506.609375|290|30950||||780261|CSN3064|X|X|0|0|6||||132|147|0|0|[]|13:45:06:609
21|2.1|636136512929860901|0|49510.8828125|17.3924517476387|106.265795136075||||49510.8828125|290|30925||||780261|CSN3064|X|X|0|0|6||||132|147|0|0|[]|13:45:10:883
21|2.1|636136512966684583|0|49514.5625|17.3972797238612|106.272854710195||||49514.5625|290|30950||||780261|CSN3064|X|X||0|6||||132|163|0|0|[]|13:45:14:563
21|2.1|636136512971985113|0|49515.0859375|17.3979449116963|106.273841763112||||49515.0859375|290|30925||||780261|CSN3064|X|X|0|0|6||||132|147|0|0|[]|13:45:15:086
21|2.1|636136513006618576|0|49518.5703125|17.4024939381815|106.280515099135||||49518.5703125|290|30925||||780261|CSN3064|X|X|0|0|6||||132|163|0|0|[]|13:45:18:570
21|2.1|636136513012229137|0|49519.125|17.4032234990329|106.281545067396||||49519.125|290|30950||||780261|CSN3064|X|X|0|0|6||||132|147|0|0|[]|13:45:19:125
21|2.1|636136513050772991|0|49522.9765625|17.4082016789601|106.288926506598||||49522.9765625|289.75|30925||||780261|CSN3064|X|X||0|6||||132|163|0|0|[]|13:45:22:977
21|2.1|636136513060753989|0|49523.9765625|17.4095105969582|106.290857697087||||49523.9765625|290|30950||||780261|CSN3064|X|X|0|0|6||||132|147|0|0|[]|13:45:23:977
21|2.1|636136513094607374|0|49527.3515625|17.4138879620666|106.297294998717||||49527.3515625|289.75|30900||||780261|CSN3064|X|X||0|6||||132|163|0|0|[]|13:45:27:352
21|2.1|636136513135951508|0|49531.4921875|17.4192738377637|106.305212879722||||49531.4921875|289.75|30900||||780261|CSN3064|X|X|0|0|6||||132|163|0|0|[]|13:45:31:492
21|2.1|636136513179935906|0|49535.890625|17.4250244938865|106.313624287185||||49535.890625|289.75|30900||||780261|CSN3064|X|X|0|0|6||||132|163|0|0|[]|13:45:35:891
21|2.1|636136513223460258|0|49540.25|17.4306464039767|106.321906948616||||49540.25|289.75|30900||||780261|CSN3064|X|X|0|0|6||||132|163|0|0|[]|13:45:40:250
21|2.1|636136513265274439|0|49544.421875|17.4360537373459|106.329846287293||||49544.421875|289.75|30900||||780261|CSN3064|X|X|0|0|6||||132|163|0|0|[]|13:45:44:422
21|2.1|636136513333291240|0|49551.234375|17.444872840579|106.342828178914||||49551.234375|290|30950||||780261|CSN3064|X|X|0|0|6||||132|163|0|0|[]|13:45:51:234
21|2.1|636136513375725483|0|49555.4609375|17.4503660046366|106.350939178967||||49555.4609375|289.75|30900||||780261|CSN3064|X|X|0|0|6||||132|163|0|0|[]|13:45:55:461
21|2.1|636136513415819492|0|49559.4765625|17.4555802189569|106.358599567907||||49559.4765625|289.75|30900||||780261|CSN3064|X|X|0|0|6||||132|163|0|0|[]|13:45:59:477
21|2.1|636136513519719881|0|49569.8671875|17.4690127216915|106.3784479146||||49569.8671875|289.75|30900||||780261|CSN3064|X|X|0|0|6||||132|163|0|0|[]|13:46:09:867
21|2.1|636136513560283937|0|49573.9296875|17.474269851356|106.3862155919||||49573.9296875|289.75|30900||||780261|CSN3064|X|X|0|0|6||||132|163|0|0|[]|13:46:13:930
21|2.1|636136513600687977|0|49577.9609375|17.4794840656763|106.393897438512||||49577.9609375|289.75|30900||||780261|CSN3064|X|X|0|0|6||||132|163|0|0|[]|13:46:17:961
21|2.1|636136513648112719|0|49582.703125|17.4856209598969|106.40297403381||||49582.703125|289.75|30900||||780261|CSN3064|X|X|0|0|6||||132|163|0|0|[]|13:46:22:703
21|2.1|636136513691637071|0|49587.0546875|17.4912428699871|106.41125669524||||49587.0546875|289.75|30900||||780261|CSN3064|X|X|0|0|6||||132|163|0|0|[]|13:46:27:055
21|2.1|636136513733761283|0|49591.28125|17.4966931187005|106.419346237622||||49591.28125|289.75|30900||||780261|CSN3064|X|X|0|0|6||||132|163|0|0|[]|13:46:31:281
21|2.1|636136513777435650|0|49595.640625|17.5023150287907|106.427693272069||||49595.640625|289.75|30900||||780261|CSN3064|X|X|0|0|6||||132|163|0|0|[]|13:46:35:641
21|2.1|636136513821280034|0|49600.03125|17.5080227695693|106.43608322186||||49600.03125|289.75|30900||||780261|CSN3064|X|X|0|0|6||||132|163|0|0|[]|13:46:40:031
21|2.1|636136513866524558|0|49604.53125|17.5138377987084|106.444709206044||||49604.53125|289.75|30900||||780261|CSN3064|X|X|0|0|6||||132|163|0|0|[]|13:46:44:531
21|2.1|636136513912379143|0|49609.1328125|17.519760116208|106.453528309277||||49609.1328125|289.75|30900||||780261|CSN3064|X|X|0|0|6||||132|163|0|0|[]|13:46:49:133
21|2.1|636136513966204525|0|49614.515625|17.5267338596405|106.463806534213||||49614.515625|289.75|30900||||780261|CSN3064|X|X||0|6||||132|163|0|0|[]|13:46:54:516
21|2.1|636136514007078612|0|49618.6015625|17.5320339046492|106.47163858453||||49618.6015625|289.75|30900||||780261|CSN3064|X|X|0|0|6||||132|163|0|0|[]|13:46:58:602
21|2.1|636136514051233027|0|49623.0078125|17.5376987300836|106.480071449665||||49623.0078125|289.75|30900||||780261|CSN3064|X|X||0|6||||132|163|0|0|[]|13:47:03:008
21|2.1|636136514093507254|0|49627.25|17.5431918941412|106.488160992047||||49627.25|289.75|30900||||780261|CSN3064|X|X|0|0|6||||132|163|0|0|[]|13:47:07:250
21|2.1|636136514134851388|0|49631.375|17.5485563121662|106.49605741538||||49631.375|289.75|30900||||780261|CSN3064|X|X|0|0|6||||132|163|0|0|[]|13:47:11:375
21|2.1|636136514177125615|0|49635.609375|17.5540065608796|106.504211330778||||49635.609375|289.75|30900||||780261|CSN3064|X|X|0|0|6||||132|163|0|0|[]|13:47:15:609
21|2.1|636136514218929795|0|49639.7890625|17.559456809593|106.512215042471||||49639.7890625|289.75|30900||||780261|CSN3064|X|X|0|0|6||||132|163|0|0|[]|13:47:19:789
21|2.1|636136514261524054|0|49644.0390625|17.5649499736506|106.520347500197||||49644.0390625|289.75|30900||||780261|CSN3064|X|X||0|6||||132|163|0|0|[]|13:47:24:039
21|2.1|636136514354193320|0|49653.3125|17.5769448123545|106.538178825712||||49653.3125|289.75|30900||||780261|CSN3064|X|X||0|6||||132|163|0|0|[]|13:47:33:313
21|2.1|636136514403328233|0|49658.2265625|17.5832962832961|106.547620201436||||49658.2265625|289.75|30900||||780261|CSN3064|X|X|0|0|6||||132|163|0|0|[]|13:47:38:227
21|2.1|636136514443582258|0|49662.265625|17.5885534129606|106.555366421064||||49662.265625|289.75|30900||||780261|CSN3064|X|X|0|0|6||||132|163|0|0|[]|13:47:42:266
21|2.1|636136514492417141|0|49667.140625|17.5948405108859|106.5647219661||||49667.140625|290|30925||||780261|CSN3064|X|X|0|0|6||||132|163|0|0|[]|13:47:47:141
21|2.1|636136514584306329|0|49676.3203125|17.6067495189014|106.582338714894||||49676.3203125|289.75|30900||||780261|CSN3064|X|X|0|0|6||||132|163|0|0|[]|13:47:56:320
21|2.1|636136514627200618|0|49680.6171875|17.6123499713195|106.59057846098||||49680.6171875|289.75|30900||||780261|CSN3064|X|X|0|0|6||||132|163|0|0|[]|13:48:00:617
21|2.1|636136514669014799|0|49684.796875|17.6177573046887|106.598603630346||||49684.796875|289.75|30900||||780261|CSN3064|X|X|0|0|6||||132|163|0|0|[]|13:48:04:797
21|2.1|636136514709418839|0|49688.8515625|17.6230358920253|106.60641422299||||49688.8515625|290|30925||||780261|CSN3064|X|X|0|0|6||||132|163|0|0|[]|13:48:08:852
21|2.1|636136514751383035|0|49693.0390625|17.6284861407387|106.614460850027||||49693.0390625|290|30925||||780261|CSN3064|X|X||0|6||||132|163|0|0|[]|13:48:13:039
21|2.1|636136514794437340|0|49697.328125|17.6340222201405|106.622700596114||||49697.328125|290|30925||||780261|CSN3064|X|X||0|6||||132|163|0|0|[]|13:48:17:328
21|2.1|636136514923450240|0|49710.234375|17.6508021197227|106.647527122734||||49710.234375|290|30925||||780261|CSN3064|X|X|0|0|6||||132|163|0|0|[]|13:48:30:234
21|2.1|636136514971034998|0|49715.0078125|17.6569604716154|106.656668091048||||49715.0078125|290|30925||||780261|CSN3064|X|X|0|0|6||||132|163|0|0|[]|13:48:35:008
21|2.1|636136515011909085|0|49719.1015625|17.6622605166241|106.664564514381||||49719.1015625|290|30925||||780261|CSN3064|X|X|0|0|6||||132|163|0|0|[]|13:48:39:102
21|2.1|636136515056683562|0|49723.5625|17.6680755457632|106.673147583221||||49723.5625|290|30925||||780261|CSN3064|X|X|0|0|6||||132|163|0|0|[]|13:48:43:563
21|2.1|636136515105358429|0|49728.4375|17.6744055590327|106.682546043601||||49728.4375|290|30925||||780261|CSN3064|X|X|0|0|6||||132|163|0|0|[]|13:48:48:438
21|2.1|636136515145922485|0|49732.484375|17.6796626886972|106.690399551589||||49732.484375|290|30925||||780261|CSN3064|X|X|0|0|6||||132|163|0|0|[]|13:48:52:484
21|2.1|636136515186796572|0|49736.578125|17.6849627337059|106.698295974922||||49736.578125|290|30925||||780261|CSN3064|X|X|0|0|6||||132|163|0|0|[]|13:48:56:578
21|2.1|636136515231101002|0|49741|17.6907348475008|106.706836128418||||49741|289.75|30900||||780261|CSN3064|X|X|0|0|6||||132|163|0|0|[]|13:49:01:000
21|2.1|636136515271815073|0|49745.0703125|17.6959919771653|106.714689636407||||49745.0703125|289.75|30900||||780261|CSN3064|X|X|0|0|6||||132|163|0|0|[]|13:49:05:070
21|2.1|636136515320639955|0|49749.953125|17.702364905779|106.724131012131||||49749.953125|290|30925||||780261|CSN3064|X|X|0|0|6||||132|163|0|0|[]|13:49:09:953
21|2.1|636136515360743965|0|49753.9765625|17.7075791200993|106.731941604775||||49753.9765625|290|30925||||780261|CSN3064|X|X|0|0|6||||132|163|0|0|[]|13:49:13:977
21|2.1|636136515404418332|0|49758.34375|17.7132654032058|106.740417385254||||49758.34375|290|30925||||780261|CSN3064|X|X|0|0|6||||132|163|0|0|[]|13:49:18:344
21|2.1|636136515450122902|0|49762.90625|17.7192091783775|106.749236488488||||49762.90625|290|30925||||780261|CSN3064|X|X|0|0|6||||132|163|0|0|[]|13:49:22:906
21|2.1|636136515493027192|0|49767.203125|17.7247881731235|106.757562065262||||49767.203125|290|30925||||780261|CSN3064|X|X|0|0|6||||132|163|0|0|[]|13:49:27:203
21|2.1|636136515534841373|0|49771.375|17.7301955064927|106.765673065316||||49771.375|290|30925||||780261|CSN3064|X|X|0|0|6||||132|163|0|0|[]|13:49:31:375
21|2.1|636136515574775366|0|49775.375|17.735409720813|106.773419284944||||49775.375|290|30925||||780261|CSN3064|X|X|0|0|6||||132|163|0|0|[]|13:49:35:375
21|2.1|636136515618929781|0|49779.7890625|17.7411603769358|106.78195943844||||49779.7890625|290|30925||||780261|CSN3064|X|X|0|0|6||||132|163|0|0|[]|13:49:39:789
21|2.1|636136515662604148|0|49784.15625|17.7468252023702|106.79043521892||||49784.15625|290|30925||||780261|CSN3064|X|X|0|0|6||||132|163|0|0|[]|13:49:44:156
21|2.1|636136515703948282|0|49788.296875|17.7522325357394|106.798481845957||||49788.296875|290|30925||||780261|CSN3064|X|X|0|0|6||||132|163|0|0|[]|13:49:48:297
21|2.1|636136515748102697|0|49792.703125|17.7579617341901|106.807021999453||||49792.703125|290|30925||||780261|CSN3064|X|X|0|0|6||||132|163|0|0|[]|13:49:52:703
21|2.1|636136515791627049|0|49797.0546875|17.7636051019524|106.815497779932||||49797.0546875|290|30925||||780261|CSN3064|X|X|0|0|6||||132|163|0|0|[]|13:49:57:055
21|2.1|636136515833281214|0|49801.2265625|17.7690553506658|106.823587322314||||49801.2265625|290.25|30950||||780261|CSN3064|X|X|0|0|6||||132|163|0|0|[]|13:50:01:227
21|2.1|636136515876805566|0|49805.578125|17.7746987184281|106.832020187449||||49805.578125|290.25|30950||||780261|CSN3064|X|X|0|0|6||||132|163|0|0|[]|13:50:05:578
21|2.1|636136516198957778|0|49837.7890625|17.8167557557441|106.894676589981||||49837.7890625|290.25|30950||||780261|CSN3064|X|X||0|6||||132|163|0|0|[]|13:50:37:789
21|2.1|636136516243572239|0|49842.25|17.8225707848832|106.90334548951||||49842.25|290.25|30975||||780261|CSN3064|X|X|0|0|6||||132|163|0|0|[]|13:50:42:250
21|2.1|636136516285536435|0|49846.453125|17.8280639489408|106.911542320252||||49846.453125|290.25|30975||||780261|CSN3064|X|X|0|0|6||||132|163|0|0|[]|13:50:46:453
21|2.1|636136516325640445|0|49850.46875|17.8333210786053|106.919331455224||||49850.46875|290.25|30975||||780261|CSN3064|X|X|0|0|6||||132|163|0|0|[]|13:50:50:469
21|2.1|636136516444982378|0|49862.390625|17.8488778908778|106.942591571781||||49862.390625|290.25|30975||||780261|CSN3064|X|X||0|6||||132|163|0|0|[]|13:51:02:391
21|2.1|636136516485856465|0|49866.484375|17.8542208512307|106.950573825802||||49866.484375|290.25|30975||||780261|CSN3064|X|X|0|0|6||||132|163|0|0|[]|13:51:06:484
21|2.1|636136516534361315|0|49871.3203125|17.8605294068281|106.959993743854||||49871.3203125|290.25|30975||||780261|CSN3064|X|X|0|0|6||||132|163|0|0|[]|13:51:11:320
21|2.1|636136516575085387|0|49875.40625|17.865872367181|106.967997455547||||49875.40625|290.25|30975||||780261|CSN3064|X|X|0|0|6||||132|163|0|0|[]|13:51:15:406
21|2.1|636136516634521330|0|49881.359375|17.8736615021533|106.979606056153||||49881.359375|290.25|30975||||780261|CSN3064|X|X|0|0|6||||132|163|0|0|[]|13:51:21:359
21|2.1|636136516677575635|0|49885.640625|17.8792404968993|106.9879530906||||49885.640625|290.25|30975||||780261|CSN3064|X|X||0|6||||132|163|0|0|[]|13:51:25:641
21|2.1|636136516718299707|0|49889.71875|17.8845834572522|106.995956802293||||49889.71875|290.25|30975||||780261|CSN3064|X|X|0|0|6||||132|163|0|0|[]|13:51:29:719
21|2.1|636136516761043981|0|49893.9921875|17.890119536654|107.004282379068||||49893.9921875|290.25|30975||||780261|CSN3064|X|X||0|6||||132|163|0|0|[]|13:51:33:992
21|2.1|636136516807998676|0|49898.6953125|17.8962993462188|107.013466262727||||49898.6953125|290.25|30975||||780261|CSN3064|X|X|0|0|6||||132|163|0|0|[]|13:51:38:695
21|2.1|636136516854023278|0|49903.296875|17.9023074944068|107.022457027337||||49903.296875|290.25|30950||||780261|CSN3064|X|X|0|0|6||||132|163|0|0|[]|13:51:43:297
21|2.1|636136517079925866|0|49925.890625|17.9318761665606|107.06653108583||||49925.890625|290.25|30950||||780261|CSN3064|X|X||0|6||||132|163|0|0|[]|13:52:05:891
21|2.1|636136517427650635|0|49960.6484375|17.9772591430521|107.134508991043||||49960.6484375|290|||||780261|CSN3064|X|X||0|6||||132|163|0|0|[]|13:52:40:648
21|2.1|636136517478975767|0|49965.78125|17.9839753944194|107.144551181586||||49965.78125|290|30925||||780261|CSN3064|X|X|0|0|6||||132|163|0|0|[]|13:52:45:781
21|2.1|636136517521730042|0|49970.0625|17.9895543891654|107.152941131377||||49970.0625|290|30925||||780261|CSN3064|X|X|0|0|6||||132|163|0|0|[]|13:52:50:063
21|2.1|636136517564464315|0|49974.34375|17.9951762992556|107.161288165824||||49974.34375|290|30925||||780261|CSN3064|X|X|0|0|6||||132|163|0|0|[]|13:52:54:344
21|2.1|636136517605498418|0|49978.4453125|18.0005407172806|107.169334792861||||49978.4453125|290|30925||||780261|CSN3064|X|X|0|0|6||||132|163|0|0|[]|13:52:58:445
21|2.1|636136517663684236|0|49984.25|18.0081796485482|107.180707359074||||49984.25|290|30925||||780261|CSN3064|X|X||0|6||||132|163|0|0|[]|13:53:04:250
21|2.1|636136517703938261|0|49988.28125|18.0134367782127|107.188603782407||||49988.28125|290|30925||||780261|CSN3064|X|X|0|0|6||||132|163|0|0|[]|13:53:08:281
21|2.1|636136517775705437|0|49995.46875|18.0228352385925|107.202658557633||||49995.46875|290|30925||||780261|CSN3064|X|X||0|6||||132|163|0|0|[]|13:53:15:469
21|2.1|636136517823750241|0|50000.28125|18.029165251862|107.212099933357||||50000.28125|290|30925||||780261|CSN3064|X|X|0|0|6||||132|163|0|0|[]|13:53:20:281
21|2.1|636136517894427308|0|50007.34375|18.0384135085371|107.225940131861||||50007.34375|290|30925||||780261|CSN3064|X|X|0|0|6||||132|163|0|0|[]|13:53:27:344
21|2.1|636136517967274592|0|50014.625|18.0479407149495|107.240252399152||||50014.625|290|30925||||780261|CSN3064|X|X||0|6||||132|163|0|0|[]|13:53:34:625
21|2.1|636136518007368601|0|50018.625|18.0531334715977|107.248084449468||||50018.625|290|30925||||780261|CSN3064|X|X|0|0|6||||132|163|0|0|[]|13:53:38:625
