21|2.1|636136510328470788|0|49250.75|16.4344096037179|101.16914740121||||49250.75|309.75|33000||||7804b7|CES5078|X|X|0|0|7||||132|147|0|0|[]|13:40:50:750
21|2.1|636136510373405281|0|49255.25|16.4436364027209|101.170198827143||||49255.25|309.75|33000||||7804b7|CES5078|X|X|0|0|7||||132|147|0|0|[]|13:40:55:250
21|2.1|636136510418179758|0|49259.71875|16.4531206937891|101.171271710748||||49259.71875|309.75|33000||||7804b7|CES5078|X|X|0|0|7||||132|147|0|0|[]|13:40:59:719
21|2.1|636136510458743814|0|49263.78125|16.4613604398755|101.172237305993||||49263.78125|309.75|33000||||7804b7|CES5078|X|X|0|0|7||||132|147|0|0|[]|13:41:03:781
21|2.1|636136510498987838|0|49267.796875|16.468548760029|101.173009782188||||49267.796875|309.75|33000||||7804b7|CES5078|X|X|0|0|7||||132|147|0|0|[]|13:41:07:797
21|2.1|636136510540642003|0|49271.9609375|16.4783978315229|101.174104123466||||49271.9609375|309.75|33000||||7804b7|CES5078|X|X|0|0|7||||132|147|0|0|[]|13:41:11:961
21|2.1|636136510586506589|0|49276.546875|16.4882254453447|101.175262837759||||49276.546875|310|33025||||7804b7|CES5078|X|X|0|0|7||||132|147|0|0|[]|13:41:16:547
21|2.1|636136510627530691|0|49280.6484375|16.4964866491032|101.176185517659||||49280.6484375|309.75|33000||||7804b7|CES5078|X|X|0|0|7||||132|147|0|0|[]|13:41:20:648
21|2.1|636136510668564794|0|49284.7578125|16.5051340909595|101.177151112904||||49284.7578125|309.75|33000||||7804b7|CES5078|X|X|0|0|7||||132|147|0|0|[]|13:41:24:758
21|2.1|636136510710999037|0|49289|16.5137815328158|101.178159623492||||49289|309.75|33000||||7804b7|CES5078|X|X|0|0|7||||132|147|0|0|[]|13:41:29:000
21|2.1|636136510753593296|0|49293.265625|16.5229225011304|101.179168134081||||49293.265625|310|33025||||7804b7|CES5078|X|X|0|0|7||||132|147|0|0|[]|13:41:33:266
21|2.1|636136510796177554|0|49297.5078125|16.5314411969541|101.180155186998||||49297.5078125|309.75|33000||||7804b7|CES5078|X|X|0|0|7||||132|147|0|0|[]|13:41:37:508
21|2.1|636136510840321968|0|49301.9375|16.5413331837922|101.181292443619||||49301.9375|309.75|33000||||7804b7|CES5078|X|X|0|0|7||||132|147|0|0|[]|13:41:41:938
21|2.1|636136510883076243|0|49306.21875|16.5485215039457|101.182129292831||||49306.21875|309.75|33000||||7804b7|CES5078|X|X|0|0|7||||132|147|0|0|[]|13:41:46:219
21|2.1|636136510926440579|0|49310.5390625|16.5587353558653|101.183309464796||||49310.5390625|310|33025||||7804b7|CES5078|X|X|0|0|7||||132|147|0|0|[]|13:41:50:539
21|2.1|636136510970594994|0|49314.9609375|16.566824898247|101.184232144697||||49314.9609375|310|33025||||7804b7|CES5078|X|X|0|0|7||||132|147|0|0|[]|13:41:54:961
21|2.1|636136511011309065|0|49319.03125|16.5763735623315|101.185305028302||||49319.03125|310|33025||||7804b7|CES5078|X|X|0|0|7||||132|147|0|0|[]|13:41:59:031
21|2.1|636136511055613495|0|49323.4609375|16.5852141232367|101.186292081218||||49323.4609375|310|33025||||7804b7|CES5078|X|X|0|0|7||||132|147|0|0|[]|13:42:03:461
21|2.1|636136511096327566|0|49327.53125|16.5940332264698|101.187257676463||||49327.53125|310|33025||||7804b7|CES5078|X|X|0|0|7||||132|147|0|0|[]|13:42:07:531
21|2.1|636136511141262059|0|49332.0234375|16.6023373455725|101.188201814035||||49332.0234375|310|33025||||7804b7|CES5078|X|X|0|0|7||||132|147|0|0|[]|13:42:12:023
21|2.1|636136511183386271|0|49336.2421875|16.6121220440501|101.189339070657||||49336.2421875|310|33025||||7804b7|CES5078|X|X|0|0|7||||132|147|0|0|[]|13:42:16:242
21|2.1|636136511227380670|0|49340.625|16.6215634197741|101.190411954262||||49340.625|310|33025||||7804b7|CES5078|X|X|0|0|7||||132|147|0|0|[]|13:42:20:625
21|2.1|636136511268254757|0|49344.7265625|16.6297817081884|101.191356091834||||49344.7265625|310|33025||||7804b7|CES5078|X|X|0|0|7||||132|147|0|0|[]|13:42:24:727
21|2.1|636136511308808812|0|49348.7734375|16.6381931156516|101.192407517767||||49348.7734375|310|33025||||7804b7|CES5078|X|X|0|0|7||||132|147|0|0|[]|13:42:28:773
21|2.1|636136511352663197|0|49353.1640625|16.6472267956057|101.193673520421||||49353.1640625|310|33025||||7804b7|CES5078|X|X|0|0|7||||132|147|0|0|[]|13:42:33:164
21|2.1|636136511397117642|0|49357.609375|16.6564535946087|101.195154099796||||49357.609375|310|33025||||7804b7|CES5078|X|X|0|0|7||||132|147|0|0|[]|13:42:37:609
21|2.1|636136511437521682|0|49361.6484375|16.6647791713835|101.196634679171||||49361.6484375|310|33025||||7804b7|CES5078|X|X|0|0|7||||132|147|0|0|[]|13:42:41:648
21|2.1|636136511477765706|0|49365.6875|16.6733836978956|101.19826546225||||49365.6875|310|33025||||7804b7|CES5078|X|X|0|0|7||||132|147|0|0|[]|13:42:45:688
21|2.1|636136511520820011|0|49369.9765625|16.6807222217538|101.199788956969||||49369.9765625|310|33025||||7804b7|CES5078|X|X|0|0|7||||132|147|0|0|[]|13:42:49:977
21|2.1|636136511563414270|0|49374.2421875|16.6905069202314|101.201977639523||||49374.2421875|309.75|33000||||7804b7|CES5078|X|X|0|0|7||||132|147|0|0|[]|13:42:54:242
21|2.1|636136511608968825|0|49378.8046875|16.6997122615623|101.204166322078||||49378.8046875|309.75|33000||||7804b7|CES5078|X|X|0|0|7||||132|147|0|0|[]|13:42:58:805
21|2.1|636136511652193147|0|49383.1328125|16.7085528224675|101.206483750664||||49383.1328125|309.75|33000||||7804b7|CES5078|X|X|0|0|7||||132|147|0|0|[]|13:43:03:133
21|2.1|636136511695707498|0|49387.4765625|16.7169642299307|101.208801179251||||49387.4765625|310|33025||||7804b7|CES5078|X|X|0|0|7||||132|147|0|0|[]|13:43:07:477
21|2.1|636136511739381865|0|49391.8359375|16.7260837405732|101.211504845936||||49391.8359375|309.75|33000||||7804b7|CES5078|X|X|0|0|7||||132|147|0|0|[]|13:43:11:836
21|2.1|636136511782286155|0|49396.125|16.7342376559712|101.213908105211||||49396.125|310|33025||||7804b7|CES5078|X|X|0|0|7||||132|147|0|0|[]|13:43:16:125
21|2.1|636136511825660492|0|49400.46875|16.7433142512695|101.216590314224||||49400.46875|310|33025||||7804b7|CES5078|X|X|0|0|7||||132|147|0|0|[]|13:43:20:469
21|2.1|636136511868564782|0|49404.7578125|16.752219185191|101.219251065564||||49404.7578125|310|33025||||7804b7|CES5078|X|X|0|0|7||||132|147|0|0|[]|13:43:24:758
21|2.1|636136511912709196|0|49409.1640625|16.7607378810147|101.221804528544||||49409.1640625|310|33025||||7804b7|CES5078|X|X|0|0|7||||132|147|0|0|[]|13:43:29:164
21|2.1|636136511956383563|0|49413.53125|16.7699432223456|101.224551110573||||49413.53125|310|33025||||7804b7|CES5078|X|X|0|0|7||||132|147|0|0|[]|13:43:33:531
21|2.1|636136511997887713|0|49417.6875|16.7777967303342|101.226889996832||||49417.6875|310|33025||||7804b7|CES5078|X|X|0|0|7||||132|147|0|0|[]|13:43:37:688
21|2.1|636136512039231847|0|49421.828125|16.7862295954695|101.229400544467||||49421.828125|310|33025||||7804b7|CES5078|X|X|0|0|7||||132|147|0|0|[]|13:43:41:828
21|2.1|636136512079315855|0|49425.8359375|16.7942333071628|101.231803803742||||49425.8359375|310|33025||||7804b7|CES5078|X|X|0|0|7||||132|147|0|0|[]|13:43:45:836
21|2.1|636136512104128336|0|49428.3125|16.7985248415828|101.233069806396||||49428.3125|310|33025||||7804b7|X|X|X|0|0|7||||132|163|0|0|[]|13:43:48:313
21|2.1|636136512123940317|0|49430.296875|16.8033099024611|101.234443097411||||49430.296875|310|33025||||7804b7|CES5078|X|X|0|0|7||||132|147|0|0|[]|13:43:50:297
21|2.1|636136512152963219|0|49433.203125|16.8088030665187|101.236116795835||||49433.203125|310|33025||||7804b7|X|X|X||0|7||||132|163|0|0|[]|13:43:53:203
21|2.1|636136512167624685|0|49434.6640625|16.8108415453682|101.236717610653||||49434.6640625|310|33025||||7804b7|CES5078|X|X|0|0|7||||132|147|0|0|[]|13:43:54:664
21|2.1|636136512208808803|0|49438.7734375|16.820025429027|101.23944273501||||49438.7734375|310|33025||||7804b7|CES5078|X|X|0|0|7||||132|147|0|0|[]|13:43:58:773
21|2.1|636136512222530175|0|49440.1484375|16.8228578417442|101.24025812655||||49440.1484375|310|||||7804b7|X|X|X||0|7||||132|163|0|0|[]|13:44:00:148
21|2.1|636136512252023124|0|49443.1015625|16.8275999872783|101.241717248253||||49443.1015625|310|33025||||7804b7|CES5078|X|X|0|0|7||||132|147|0|0|[]|13:44:03:102
21|2.1|636136512296947616|0|49447.6015625|16.8375992624769|101.24465694933||||49447.6015625|310|33025||||7804b7|CES5078|X|X|0|0|7||||132|147|0|0|[]|13:44:07:602
21|2.1|636136512342192140|0|49452.1171875|16.8467831461357|101.247403531359||||49452.1171875|309.75|33000||||7804b7|CES5078|X|X|0|0|7||||132|147|0|0|[]|13:44:12:117
21|2.1|636136512383226243|0|49456.2265625|16.8551301805826|101.249849705979||||49456.2265625|309.75|33000||||7804b7|CES5078|X|X|0|0|7||||132|147|0|0|[]|13:44:16:227
21|2.1|636136512425030423|0|49460.3984375|16.8629193155549|101.252167134565||||49460.3984375|309.75|33000||||7804b7|CES5078|X|X|0|0|7||||132|147|0|0|[]|13:44:20:398
21|2.1|636136512466834603|0|49464.5859375|16.8717598764601|101.254827885906||||49464.5859375|309.75|33000||||7804b7|CES5078|X|X|0|0|7||||132|147|0|0|[]|13:44:24:586
21|2.1|636136512512549174|0|49469.15625|16.881179794512|101.257617383279||||49469.15625|309.75|33000||||7804b7|CES5078|X|X|0|0|7||||132|147|0|0|[]|13:44:29:156
21|2.1|636136512552803199|0|49473.1875|16.8890118448285|101.25997772721||||49473.1875|309.75|33000||||7804b7|CES5078|X|X|0|0|7||||132|147|0|0|[]|13:44:33:188
21|2.1|636136512597877706|0|49477.6875|16.8984103052083|101.262745766911||||49477.6875|310|33025||||7804b7|CES5078|X|X|0|0|7||||132|147|0|0|[]|13:44:37:688
21|2.1|636136512642032121|0|49482.1015625|16.9058132020828|101.264955907137||||49482.1015625|309.75|33000||||7804b7|CES5078|X|X|0|0|7||||132|147|0|0|[]|13:44:42:102
21|2.1|636136512692417159|0|49487.1328125|16.917014106919|101.268303303985||||49487.1328125|310|33025||||7804b7|CES5078|X|X||0|7||||132|147|0|0|[]|13:44:47:133
21|2.1|636136512736571574|0|49491.5546875|16.9247603265471|101.270620732571||||49491.5546875|310|33025||||7804b7|CES5078|X|X||0|7||||132|147|0|0|[]|13:44:51:555
21|2.1|636136512781036020|0|49496.0078125|16.9346523133852|101.273560433649||||49496.0078125|310|33025||||7804b7|CES5078|X|X||0|7||||132|147|0|0|[]|13:44:56:008
21|2.1|636136512826900606|0|49500.5859375|16.9441151467813|101.276414304038||||49500.5859375|310|33025||||7804b7|CES5078|X|X|0|0|7||||132|147|0|0|[]|13:45:00:586
21|2.1|636136512866994615|0|49504.609375|16.9518613664094|101.278710274953||||49504.609375|310|33025||||7804b7|CES5078|X|X||0|7||||132|147|0|0|[]|13:45:04:609
21|2.1|636136512911139029|0|49509.015625|16.9610667077403|101.281478314654||||49509.015625|310|33025||||7804b7|CES5078|X|X|0|0|7||||132|147|0|0|[]|13:45:09:016
21|2.1|636136512953423257|0|49513.234375|16.9693064538267|101.283945946945||||49513.234375|310|33025||||7804b7|CES5078|X|X|0|0|7||||132|147|0|0|[]|13:45:13:234
21|2.1|636136512993507265|0|49517.2578125|16.9774603692247|101.286349206221||||49517.2578125|310|33025||||7804b7|CES5078|X|X||0|7||||132|147|0|0|[]|13:45:17:258
21|2.1|636136513037351649|0|49521.6328125|16.9861292687531|101.288945584545||||49521.6328125|310|33050||||7804b7|CES5078|X|X|0|0|7||||132|147|0|0|[]|13:45:21:633
21|2.1|636136513078075721|0|49525.6953125|16.9944977608721|101.291391759164||||49525.6953125|310|33025||||7804b7|CES5078|X|X|0|0|7||||132|147|0|0|[]|13:45:25:695
21|2.1|636136513119879901|0|49529.8671875|17.0025443879096|101.293795018439||||49529.8671875|310|33025||||7804b7|CES5078|X|X|0|0|7||||132|147|0|0|[]|13:45:29:867
21|2.1|636136513164654378|0|49534.3671875|17.0115136948474|101.296498685124||||49534.3671875|310|33025||||7804b7|CES5078|X|X|0|0|7||||132|147|0|0|[]|13:45:34:367
21|2.1|636136513207398652|0|49538.640625|17.0201396790316|101.299052148104||||49538.640625|310|33025||||7804b7|CES5078|X|X|0|0|7||||132|147|0|0|[]|13:45:38:641
21|2.1|636136513249522864|0|49542.8359375|17.0285296288227|101.301541238067||||49542.8359375|310|33025||||7804b7|CES5078|X|X|0|0|7||||132|147|0|0|[]|13:45:42:836
21|2.1|636136513293037215|0|49547.203125|17.0366406288765|101.303965955015||||49547.203125|310|33025||||7804b7|CES5078|X|X|0|0|7||||132|147|0|0|[]|13:45:47:203
21|2.1|636136513333611272|0|49551.2578125|17.0452451553886|101.306540875667||||49551.2578125|310|33025||||7804b7|CES5078|X|X|0|0|7||||132|147|0|0|[]|13:45:51:258
21|2.1|636136513376195530|0|49555.5078125|17.0518112030512|101.3085149815||||49555.5078125|310|33025||||7804b7|CES5078|X|X|0|0|7||||132|147|0|0|[]|13:45:55:508
21|2.1|636136513418939804|0|49559.78125|17.0621323433313|101.31158342861||||49559.78125|309.75|33025||||7804b7|CES5078|X|X|0|0|7||||132|147|0|0|[]|13:45:59:781
21|2.1|636136513463084218|0|49564.203125|17.0712518539738|101.314330010639||||49564.203125|309.75|33025||||7804b7|CES5078|X|X|0|0|7||||132|147|0|0|[]|13:46:04:203
21|2.1|636136513503338243|0|49568.234375|17.0792770233392|101.316711812242||||49568.234375|309.75|33025||||7804b7|CES5078|X|X|0|0|7||||132|147|0|0|[]|13:46:08:234
21|2.1|636136513543902299|0|49572.296875|17.0867657509021|101.318964867813||||49572.296875|309.75|33000||||7804b7|CES5078|X|X|0|0|7||||132|147|0|0|[]|13:46:12:297
21|2.1|636136513589136822|0|49576.8046875|17.0962285842982|101.32179728053||||49576.8046875|309.75|33025||||7804b7|CES5078|X|X|0|0|7||||132|147|0|0|[]|13:46:16:805
21|2.1|636136513630010909|0|49580.90625|17.1047258224498|101.32435074351||||49580.90625|310|33050||||7804b7|CES5078|X|X|0|0|7||||132|147|0|0|[]|13:46:20:906
21|2.1|636136513674165324|0|49585.3203125|17.1134590949945|101.326947121834||||49585.3203125|309.75|33000||||7804b7|CES5078|X|X|0|0|7||||132|147|0|0|[]|13:46:25:320
21|2.1|636136513717699677|0|49589.6640625|17.1224713172765|101.329650788518||||49589.6640625|309.75|33025||||7804b7|CES5078|X|X|0|0|7||||132|147|0|0|[]|13:46:29:664
21|2.1|636136513757633670|0|49593.671875|17.1301102485441|101.331903844089||||49593.671875|309.75|33025||||7804b7|CES5078|X|X|0|0|7||||132|147|0|0|[]|13:46:33:672
21|2.1|636136513801308037|0|49598.015625|17.1389078941051|101.334564595429||||49598.015625|309.75|33025||||7804b7|CES5078|X|X|0|0|7||||132|147|0|0|[]|13:46:38:016
21|2.1|636136513843582264|0|49602.25|17.1473407592404|101.337053685393||||49602.25|309.75|33025||||7804b7|CES5078|X|X|0|0|7||||132|147|0|0|[]|13:46:42:250
21|2.1|636136513886646570|0|49606.5546875|17.1561169471293|101.339671521389||||49606.5546875|309.75|33025||||7804b7|CES5078|X|X|0|0|7||||132|147|0|0|[]|13:46:46:555
21|2.1|636136513928140719|0|49610.7109375|17.1631550635781|101.341817288599||||49610.7109375|309.75|33025||||7804b7|CES5078|X|X|0|0|7||||132|147|0|0|[]|13:46:50:711
21|2.1|636136513969334838|0|49614.8359375|17.1725106086137|101.344606785972||||49614.8359375|309.75|33025||||7804b7|CES5078|X|X|0|0|7||||132|147|0|0|[]|13:46:54:836
21|2.1|636136514014409345|0|49619.3203125|17.1799564208324|101.346859841543||||49619.3203125|309.75|33025||||7804b7|CES5078|X|X|0|0|7||||132|147|0|0|[]|13:46:59:320
21|2.1|636136514056223526|0|49623.515625|17.1898484076705|101.34979954262||||49623.515625|309.75|33025||||7804b7|CES5078|X|X|0|0|7||||132|147|0|0|[]|13:47:03:516
21|2.1|636136514102088112|0|49628.109375|17.1990537490014|101.352546124649||||49628.109375|309.75|33025||||7804b7|CES5078|X|X|0|0|7||||132|147|0|0|[]|13:47:08:109
21|2.1|636136514146392542|0|49632.53125|17.2079372252508|101.355185418317||||49632.53125|309.75|33025||||7804b7|CES5078|X|X|0|0|7||||132|147|0|0|[]|13:47:12:531
21|2.1|636136514189446847|0|49636.84375|17.2166490401234|101.357803254314||||49636.84375|309.75|33025||||7804b7|CES5078|X|X|0|0|7||||132|147|0|0|[]|13:47:16:844
21|2.1|636136514232041106|0|49641.1015625|17.224931701554|101.360313801949||||49641.1015625|309.75|33025||||7804b7|CES5078|X|X|0|0|7||||132|147|0|0|[]|13:47:21:102
21|2.1|636136514272595161|0|49645.15625|17.2333431090172|101.362802891913||||49645.15625|309.75|33025||||7804b7|CES5078|X|X|0|0|7||||132|147|0|0|[]|13:47:25:156
21|2.1|636136514317379639|0|49649.640625|17.2422480429387|101.365463643253||||49649.640625|309.75|33025||||7804b7|CES5078|X|X|0|0|7||||132|147|0|0|[]|13:47:29:641
21|2.1|636136514361374038|0|49654.0390625|17.2512817228928|101.368145852266||||49654.0390625|309.75|33025||||7804b7|CES5078|X|X|0|0|7||||132|147|0|0|[]|13:47:34:039
21|2.1|636136514402088109|0|49658.109375|17.2580408896043|101.370162873443||||49658.109375|309.75|33025||||7804b7|CES5078|X|X|0|0|7||||132|147|0|0|[]|13:47:38:109
21|2.1|636136514446702570|0|49662.5625|17.2680401648029|101.373166947537||||49662.5625|309.75|33025||||7804b7|CES5078|X|X|0|0|7||||132|147|0|0|[]|13:47:42:563
21|2.1|636136514488826782|0|49666.78125|17.2764944876103|101.375720410517||||49666.78125|310|33050||||7804b7|CES5078|X|X|0|0|7||||132|147|0|0|[]|13:47:46:781
21|2.1|636136514531261025|0|49671.0234375|17.2850775564503|101.378295331169||||49671.0234375|310|33050||||7804b7|CES5078|X|X|0|0|7||||132|147|0|0|[]|13:47:51:023
21|2.1|636136514574315330|0|49675.328125|17.2932958448646|101.380784421133||||49675.328125|309.75|33025||||7804b7|CES5078|X|X|0|0|7||||132|147|0|0|[]|13:47:55:328
21|2.1|636136514615339432|0|49679.4296875|17.3018789137046|101.383359341785||||49679.4296875|309.75|33025||||7804b7|CES5078|X|X|0|0|7||||132|147|0|0|[]|13:47:59:430
21|2.1|636136514655433441|0|49683.4453125|17.3081230962857|101.385226159257||||49683.4453125|309.75|33025||||7804b7|CES5078|X|X|0|0|7||||132|147|0|0|[]|13:48:03:445
21|2.1|636136514695997497|0|49687.5|17.3179077947633|101.388165860335||||49687.5|309.75|33025||||7804b7|CES5078|X|X|0|0|7||||132|147|0|0|[]|13:48:07:500
21|2.1|636136514737341631|0|49691.640625|17.3262762868823|101.390654950299||||49691.640625|309.75|33025||||7804b7|CES5078|X|X|0|0|7||||132|147|0|0|[]|13:48:11:641
21|2.1|636136514777745671|0|49695.6640625|17.3344302022803|101.39312258259||||49695.6640625|309.75|33025||||7804b7|CES5078|X|X|0|0|7||||132|147|0|0|[]|13:48:15:664
21|2.1|636136514821740070|0|49700.0625|17.3422407949247|101.395418553505||||49700.0625|309.75|33025||||7804b7|CES5078|X|X|0|0|7||||132|147|0|0|[]|13:48:20:063
21|2.1|636136514865104406|0|49704.40625|17.3518967473697|101.398315339238||||49704.40625|309.75|33025||||7804b7|CES5078|X|X|0|0|7||||132|147|0|0|[]|13:48:24:406
21|2.1|636136514905978493|0|49708.5|17.3603510701771|101.400868802218||||49708.5|309.75|33025||||7804b7|CES5078|X|X|0|0|7||||132|147|0|0|[]|13:48:28:500
21|2.1|636136514948572752|0|49712.7578125|17.3687410199682|101.403379349854||||49712.7578125|309.75|33025||||7804b7|CES5078|X|X|0|0|7||||132|147|0|0|[]|13:48:32:758
21|2.1|636136514989136808|0|49716.8125|17.3768949353662|101.405825524473||||49716.8125|309.75|33025||||7804b7|CES5078|X|X|0|0|7||||132|147|0|0|[]|13:48:36:813
21|2.1|636136515030160910|0|49720.921875|17.385220512141|101.408336072109||||49720.921875|309.75|33025||||7804b7|CES5078|X|X|0|0|7||||132|147|0|0|[]|13:48:40:922
21|2.1|636136515070884982|0|49724.9921875|17.3936104619321|101.410846619745||||49724.9921875|310|33050||||7804b7|CES5078|X|X|0|0|7||||132|147|0|0|[]|13:48:44:992
21|2.1|636136515116119505|0|49729.5078125|17.4023008191326|101.413464455741||||49729.5078125|310|33050||||7804b7|CES5078|X|X|0|0|7||||132|147|0|0|[]|13:48:49:508
21|2.1|636136515159803873|0|49733.8515625|17.411613448824|101.416275410786||||49733.8515625|309.75|33025||||7804b7|CES5078|X|X|0|0|7||||132|147|0|0|[]|13:48:53:852
21|2.1|636136515205358428|0|49738.4375|17.4187803113054|101.418421177996||||49738.4375|310|33050||||7804b7|CES5078|X|X|0|0|7||||132|147|0|0|[]|13:48:58:438
21|2.1|636136515247632655|0|49742.640625|17.4288225018482|101.421468167434||||49742.640625|310|33050||||7804b7|CES5078|X|X|0|0|7||||132|147|0|0|[]|13:49:02:641
21|2.1|636136515288506742|0|49746.75|17.4370837056067|101.423957257398||||49746.75|310|33050||||7804b7|CES5078|X|X|0|0|7||||132|147|0|0|[]|13:49:06:750
21|2.1|636136515332811172|0|49751.1796875|17.4458813511677|101.426553635722||||49751.1796875|310|33050||||7804b7|CES5078|X|X|0|0|7||||132|147|0|0|[]|13:49:11:180
21|2.1|636136515377745665|0|49755.65625|17.4548506581055|101.429257302407||||49755.65625|310|33050||||7804b7|CES5078|X|X|0|0|7||||132|147|0|0|[]|13:49:15:656
21|2.1|636136515421270017|0|49760.015625|17.4637985073712|101.431960969091||||49760.015625|310|33050||||7804b7|CES5078|X|X|0|0|7||||132|147|0|0|[]|13:49:20:016
21|2.1|636136515466194509|0|49764.5|17.4723172031949|101.434514432071||||49764.5|310|33050||||7804b7|CES5078|X|X|0|0|7||||132|147|0|0|[]|13:49:24:500
21|2.1|636136515509878877|0|49768.875|17.4814796291816|101.4372610141||||49768.875|310|33050||||7804b7|CES5078|X|X|0|0|7||||132|147|0|0|[]|13:49:28:875
21|2.1|636136515551683057|0|49773.0546875|17.4903201900868|101.439900307768||||49773.0546875|310|33050||||7804b7|CES5078|X|X|0|0|7||||132|147|0|0|[]|13:49:33:055
21|2.1|636136515591937082|0|49777.0859375|17.4980020366986|101.442217736355||||49777.0859375|310|33050||||7804b7|CES5078|X|X|0|0|7||||132|147|0|0|[]|13:49:37:086
21|2.1|636136515635621450|0|49781.453125|17.5072717510458|101.444964318384||||49781.453125|310|33050||||7804b7|CES5078|X|X|0|0|7||||132|147|0|0|[]|13:49:41:453
21|2.1|636136515676175505|0|49785.5078125|17.5149106823134|101.447260289299||||49785.5078125|310|33050||||7804b7|CES5078|X|X|0|0|7||||132|147|0|0|[]|13:49:45:508
21|2.1|636136515721270014|0|49790.015625|17.5239658199396|101.449963955983||||49790.015625|310|33050||||7804b7|CES5078|X|X|0|0|7||||132|147|0|0|[]|13:49:50:016
21|2.1|636136515763694256|0|49794.265625|17.532634719468|101.452560334307||||49794.265625|310|33050||||7804b7|CES5078|X|X|0|0|7||||132|147|0|0|[]|13:49:54:266
21|2.1|636136515807068593|0|49798.59375|17.5414538227011|101.455221085648||||49798.59375|310|33050||||7804b7|CES5078|X|X|0|0|7||||132|147|0|0|[]|13:49:58:594
21|2.1|636136515850752961|0|49802.96875|17.549157126985|101.457538514234||||49802.96875|310|33050||||7804b7|CES5078|X|X|0|0|7||||132|147|0|0|[]|13:50:02:969
21|2.1|636136515895057391|0|49807.390625|17.5588989101184|101.460478215312||||49807.390625|310|33050||||7804b7|CES5078|X|X|0|0|7||||132|147|0|0|[]|13:50:07:391
21|2.1|636136515937491634|0|49811.640625|17.5664305530255|101.462752728555||||49811.640625|310|33050||||7804b7|CES5078|X|X|0|0|7||||132|147|0|0|[]|13:50:11:641
21|2.1|636136515983196204|0|49816.2109375|17.576622947273|101.465778260321||||49816.2109375|310|33050||||7804b7|CES5078|X|X|0|0|7||||132|147|0|0|[]|13:50:16:211
21|2.1|636136516026410525|0|49820.5234375|17.5857210002434|101.46852484235||||49820.5234375|310|33050||||7804b7|CES5078|X|X|0|0|7||||132|147|0|0|[]|13:50:20:523
21|2.1|636136516066664550|0|49824.5625|17.5935101352157|101.470885186281||||49824.5625|310|33050||||7804b7|CES5078|X|X|0|0|7||||132|147|0|0|[]|13:50:24:563
21|2.1|636136516109098793|0|49828.8046875|17.6020717463836|101.473438649261||||49828.8046875|310|33050||||7804b7|CES5078|X|X|0|0|7||||132|147|0|0|[]|13:50:28:805
21|2.1|636136516153403223|0|49833.2421875|17.6110839686656|101.476142315945||||49833.2421875|310|33050||||7804b7|CES5078|X|X|0|0|7||||132|147|0|0|[]|13:50:33:242
21|2.1|636136516196307513|0|49837.53125|17.6196455798335|101.478738694269||||49837.53125|310|33050||||7804b7|CES5078|X|X|0|0|7||||132|147|0|0|[]|13:50:37:531
21|2.1|636136516237801662|0|49841.671875|17.6279926142804|101.481206326561||||49841.671875|310|33050||||7804b7|CES5078|X|X|0|0|7||||132|147|0|0|[]|13:50:41:672
21|2.1|636136516277895671|0|49845.6875|17.6364040217436|101.483759789541||||49845.6875|310|33050||||7804b7|CES5078|X|X|0|0|7||||132|147|0|0|[]|13:50:45:688
21|2.1|636136516320959977|0|49849.9921875|17.6436352572413|101.485927014423||||49849.9921875|310|33050||||7804b7|CES5078|X|X|0|0|7||||132|147|0|0|[]|13:50:49:992
21|2.1|636136516361664047|0|49854.0625|17.6528835139164|101.488716511796||||49854.0625|310|33050||||7804b7|CES5078|X|X|0|0|7||||132|147|0|0|[]|13:50:54:063
21|2.1|636136516406438524|0|49858.546875|17.6619386515426|101.491463093825||||49858.546875|310|33050||||7804b7|CES5078|X|X|0|0|7||||132|147|0|0|[]|13:50:58:547
21|2.1|636136516447932673|0|49862.6796875|17.6703500590058|101.493952183788||||49862.6796875|310|33050||||7804b7|CES5078|X|X|0|0|7||||132|147|0|0|[]|13:51:02:680
21|2.1|636136516493487228|0|49867.234375|17.6794266543041|101.496698765817||||49867.234375|310|33050||||7804b7|CES5078|X|X|0|0|7||||132|147|0|0|[]|13:51:07:234
21|2.1|636136516535771456|0|49871.484375|17.6878380617673|101.499252228797||||49871.484375|310|33050||||7804b7|CES5078|X|X|0|0|7||||132|147|0|0|[]|13:51:11:484
21|2.1|636136516579295808|0|49875.8203125|17.6955842813954|101.501612572728||||49875.8203125|310|33050||||7804b7|CES5078|X|X|0|0|7||||132|147|0|0|[]|13:51:15:820
21|2.1|636136516621890067|0|49880.078125|17.7050685724636|101.504444985445||||49880.078125|310|33050||||7804b7|CES5078|X|X|0|0|7||||132|147|0|0|[]|13:51:20:078
21|2.1|636136516664004278|0|49884.296875|17.7135872682873|101.506998448425||||49884.296875|310|33050||||7804b7|CES5078|X|X|0|0|7||||132|147|0|0|[]|13:51:24:297
21|2.1|636136516705508428|0|49888.4453125|17.7219772180784|101.509551911405||||49888.4453125|310|33050||||7804b7|CES5078|X|X|0|0|7||||132|147|0|0|[]|13:51:28:445
21|2.1|636136516748562733|0|49892.75|17.730689032951|101.512169747401||||49892.75|310|33050||||7804b7|CES5078|X|X|0|0|7||||132|147|0|0|[]|13:51:32:750
21|2.1|636136516790846961|0|49896.984375|17.7390789827421|101.514680295037||||49896.984375|310|33050||||7804b7|CES5078|X|X|0|0|7||||132|147|0|0|[]|13:51:36:984
21|2.1|636136516837791655|0|49901.6640625|17.7484559854498|101.517491250082||||49901.6640625|310|33050||||7804b7|CES5078|X|X||0|7||||132|147|0|0|[]|13:51:41:664
21|2.1|636136516879295805|0|49905.8203125|17.7569746812735|101.520044713062||||49905.8203125|310|33050||||7804b7|CES5078|X|X||0|7||||132|147|0|0|[]|13:51:45:820
21|2.1|636136516920009876|0|49909.890625|17.765450461753|101.522598176042||||49909.890625|310|33050||||7804b7|CES5078|X|X||0|7||||132|147|0|0|[]|13:51:49:891
21|2.1|636136516960103885|0|49913.90625|17.7730893930206|101.524851231612||||49913.90625|310|33050||||7804b7|CES5078|X|X|0|0|7||||132|147|0|0|[]|13:51:53:906
21|2.1|636136517004718346|0|49918.3671875|17.7821016153026|101.527554898297||||49918.3671875|310|33050||||7804b7|CES5078|X|X|0|0|7||||132|147|0|0|[]|13:51:58:367
21|2.1|636136517049342808|0|49922.828125|17.7901697000122|101.529958157572||||49922.828125|310|33050||||7804b7|CES5078|X|X|0|0|7||||132|147|0|0|[]|13:52:02:828
21|2.1|636136517093327206|0|49927.2265625|17.7998471101293|101.53289785865||||49927.2265625|310|33050||||7804b7|CES5078|X|X|0|0|7||||132|147|0|0|[]|13:52:07:227
21|2.1|636136517137641637|0|49931.65625|17.8088378747392|101.535601525334||||49931.65625|310|33050||||7804b7|CES5078|X|X|0|0|7||||132|147|0|0|[]|13:52:11:656
21|2.1|636136517179915864|0|49935.890625|17.8172707398745|101.538090615298||||49935.890625|310|33050||||7804b7|CES5078|X|X|0|0|7||||132|147|0|0|[]|13:52:15:891
21|2.1|636136517220939966|0|49939.984375|17.8243946870117|101.540214924836||||49939.984375|310|33050||||7804b7|CES5078|X|X|0|0|7||||132|147|0|0|[]|13:52:19:984
21|2.1|636136517264784350|0|49944.3828125|17.8342437585056|101.54321899893||||49944.3828125|310|33050||||7804b7|CES5078|X|X|0|0|7||||132|147|0|0|[]|13:52:24:383
21|2.1|636136517305188390|0|49948.421875|17.8423547585594|101.545622258205||||49948.421875|310|33050||||7804b7|CES5078|X|X|0|0|7||||132|147|0|0|[]|13:52:28:422
21|2.1|636136517346232494|0|49952.515625|17.8505515893016|101.548046975152||||49952.515625|310|33050||||7804b7|CES5078|X|X|0|0|7||||132|147|0|0|[]|13:52:32:516
21|2.1|636136517388496720|0|49956.7421875|17.8592848618463|101.550686268821||||49956.7421875|310|33050||||7804b7|CES5078|X|X|0|0|7||||132|147|0|0|[]|13:52:36:742
21|2.1|636136517432951165|0|49961.1796875|17.8679752190468|101.553282647145||||49961.1796875|310|33050||||7804b7|CES5078|X|X|0|0|7||||132|147|0|0|[]|13:52:41:180
21|2.1|636136517476795549|0|49965.5703125|17.876815779952|101.555879025469||||49965.5703125|310|33050||||7804b7|CES5078|X|X|0|0|7||||132|147|0|0|[]|13:52:45:570
21|2.1|636136517521099979|0|49970.0078125|17.8856992562014|101.558539776809||||49970.0078125|310|33050||||7804b7|CES5078|X|X|0|0|7||||132|147|0|0|[]|13:52:50:008
21|2.1|636136517564624331|0|49974.3359375|17.8947114784834|101.561221985822||||49974.3359375|310|33050||||7804b7|CES5078|X|X|0|0|7||||132|147|0|0|[]|13:52:54:336
21|2.1|636136517604868355|0|49978.3671875|17.9025006134557|101.563539414408||||49978.3671875|310|33050||||7804b7|CES5078|X|X|0|0|7||||132|147|0|0|[]|13:52:58:367
21|2.1|636136517648092677|0|49982.703125|17.9111695129841|101.566157250405||||49982.703125|310|33050||||7804b7|CES5078|X|X|0|0|7||||132|147|0|0|[]|13:53:02:703
21|2.1|636136517688646732|0|49986.765625|17.9193448860542|101.56856050968||||49986.765625|310|33050||||7804b7|CES5078|X|X|0|0|7||||132|147|0|0|[]|13:53:06:766
21|2.1|636136517731240991|0|49991.015625|17.9279708702384|101.571156888004||||49991.015625|309.75|33025||||7804b7|CES5078|X|X|0|0|7||||132|147|0|0|[]|13:53:11:016
21|2.1|636136517772425109|0|49995.1328125|17.9362320739969|101.573624520295||||49995.1328125|309.75|33025||||7804b7|CES5078|X|X|0|0|7||||132|147|0|0|[]|13:53:15:133
21|2.1|636136517817509617|0|49999.6171875|17.9450297195579|101.57622089862||||49999.6171875|309.75|33025||||7804b7|CES5078|X|X|0|0|7||||132|147|0|0|[]|13:53:19:617
21|2.1|636136517861033969|0|50004.0078125|17.9527544815139|101.578538327206||||50004.0078125|309.75|33025||||7804b7|CES5078|X|X|0|0|7||||132|147|0|0|[]|13:53:24:008
21|2.1|636136517906118477|0|50008.5078125|17.9627966720567|101.5815424013||||50008.5078125|309.75|33025||||7804b7|CES5078|X|X|0|0|7||||132|147|0|0|[]|13:53:28:508
21|2.1|636136517947152580|0|50012.6171875|17.9710793334873|101.583967118248||||50012.6171875|309.75|33025||||7804b7|CES5078|X|X|0|0|7||||132|147|0|0|[]|13:53:32:617
21|2.1|636136517991296994|0|50017.015625|17.9800057250809|101.58664932726||||50017.015625|309.75|33025||||7804b7|CES5078|X|X|0|0|7||||132|147|0|0|[]|13:53:37:016
21|2.1|636136518034361300|0|50021.3203125|17.9892968971002|101.589417366961||||50021.3203125|309.75|33025||||7804b7|CES5078|X|X|0|0|7||||132|147|0|0|[]|13:53:41:320
21|2.1|636136518074765340|0|50025.375|17.9966997939747|101.591627507187||||50025.375|309.75|33025||||7804b7|CES5078|X|X|0|0|7||||132|147|0|0|[]|13:53:45:375
21|2.1|636136518115789442|0|50029.4765625|18.0048751670448|101.594116597151||||50029.4765625|309.75|33025||||7804b7|CES5078|X|X|0|0|7||||132|147|0|0|[]|13:53:49:477
21|2.1|636136518156663529|0|50033.5625|18.0131363708033|101.596605687115||||50033.5625|309.75|33025||||7804b7|CES5078|X|X|0|0|7||||132|147|0|0|[]|13:53:53:563
21|2.1|636136518199567819|0|50037.8515625|18.0221485930853|101.599309353799||||50037.8515625|309.75|33025||||7804b7|CES5078|X|X|0|0|7||||132|147|0|0|[]|13:53:57:852
21|2.1|636136518242312093|0|50042.1328125|18.0303025084833|101.601755528419||||50042.1328125|309.75|33025||||7804b7|CES5078|X|X|0|0|7||||132|147|0|0|[]|13:54:02:133
21|2.1|636136518285526414|0|50046.4453125|18.0389499503396|101.604351906743||||50046.4453125|309.75|33025||||7804b7|CES5078|X|X|0|0|7||||132|147|0|0|[]|13:54:06:445
21|2.1|636136518329370798|0|50050.8203125|18.046760542984|101.606712250674||||50050.8203125|309.75|33025||||7804b7|CES5078|X|X|0|0|7||||132|147|0|0|[]|13:54:10:820
21|2.1|636136518371014962|0|50054.9765625|18.0559444266428|101.609458832702||||50054.9765625|309.75|33025||||7804b7|CES5078|X|X|0|0|7||||132|147|0|0|[]|13:54:14:977
21|2.1|636136518413299190|0|50059.2265625|18.0645918684991|101.612055211027||||50059.2265625|309.75|33025||||7804b7|CES5078|X|X|0|0|7||||132|147|0|0|[]|13:54:19:227
21|2.1|636136518457443604|0|50063.6328125|18.0733895140601|101.614715962367||||50063.6328125|309.75|33025||||7804b7|CES5078|X|X|0|0|7||||132|147|0|0|[]|13:54:23:633
21|2.1|636136518500027862|0|50067.890625|18.080663664902|101.616904644921||||50067.890625|309.75|33025||||7804b7|CES5078|X|X|0|0|7||||132|147|0|0|[]|13:54:27:891
21|2.1|636136518543402199|0|50072.2265625|18.090534194068|101.619865803671||||50072.2265625|309.75|33025||||7804b7|CES5078|X|X|0|0|7||||132|147|0|0|[]|13:54:32:227
21|2.1|636136518588036662|0|50076.6953125|18.0994176703174|101.622548012683||||50076.6953125|309.75|33025||||7804b7|CES5078|X|X|0|0|7||||132|147|0|0|[]|13:54:36:695
21|2.1|636136518631701028|0|50081.0625|18.1081724005342|101.625144391008||||50081.0625|309.75|33025||||7804b7|CES5078|X|X|0|0|7||||132|147|0|0|[]|13:54:41:063
21|2.1|636136518673035161|0|50085.203125|18.1167340117021|101.62771931166||||50085.203125|309.75|33025||||7804b7|CES5078|X|X|0|0|7||||132|147|0|0|[]|13:54:45:203
21|2.1|636136518713449202|0|50089.2421875|18.124651892707|101.630101113263||||50089.2421875|309.75|33025||||7804b7|CES5078|X|X|0|0|7||||132|147|0|0|[]|13:54:49:242
21|2.1|636136518758373694|0|50093.7265625|18.1336211996448|101.632783322275||||50093.7265625|309.75|33025||||7804b7|CES5078|X|X|0|0|7||||132|147|0|0|[]|13:54:53:727
21|2.1|636136518801748031|0|50098.0625|18.1423330145174|101.635401158271||||50098.0625|309.75|33025||||7804b7|CES5078|X|X|0|0|7||||132|147|0|0|[]|13:54:58:063
21|2.1|636136518846832539|0|50102.578125|18.1515168981762|101.638126282628||||50102.578125|309.75|33025||||7804b7|CES5078|X|X|0|0|7||||132|147|0|0|[]|13:55:02:578
21|2.1|636136518888016657|0|50106.703125|18.1595206098695|101.640550999575||||50106.703125|309.75|33025||||7804b7|CES5078|X|X|0|0|7||||132|147|0|0|[]|13:55:06:703
21|2.1|636136518929200775|0|50110.8125|18.1678247289722|101.642997174195||||50110.8125|309.75|33025||||7804b7|CES5078|X|X|0|0|7||||132|147|0|0|[]|13:55:10:813
21|2.1|636136518974135268|0|50115.3125|18.1754851179119|101.645314602782||||50115.3125|309.75|33025||||7804b7|CES5078|X|X|0|0|7||||132|147|0|0|[]|13:55:15:313
21|2.1|636136519016719526|0|50119.5625|18.1853556470779|101.648254303859||||50119.5625|309.75|33025||||7804b7|CES5078|X|X|0|0|7||||132|147|0|0|[]|13:55:19:563
21|2.1|636136519059313785|0|50123.8203125|18.1941103772947|101.650893597528||||50123.8203125|309.75|33025||||7804b7|CES5078|X|X|0|0|7||||132|147|0|0|[]|13:55:23:820
21|2.1|636136519101748028|0|50128.0625|18.2025217847579|101.653404145163||||50128.0625|309.75|33025||||7804b7|CES5078|X|X|0|0|7||||132|147|0|0|[]|13:55:28:063
21|2.1|636136519145422395|0|50132.4296875|18.2109975652374|101.655936150471||||50132.4296875|309.75|33025||||7804b7|CES5078|X|X|0|0|7||||132|147|0|0|[]|13:55:32:430
21|2.1|636136519187236576|0|50136.609375|18.2195377187332|101.658511071123||||50136.609375|309.75|33025||||7804b7|CES5078|X|X|0|0|7||||132|147|0|0|[]|13:55:36:609
21|2.1|636136519230760928|0|50140.9609375|18.2284641103268|101.661193280136||||50140.9609375|309.75|33025||||7804b7|CES5078|X|X|0|0|7||||132|147|0|0|[]|13:55:40:961
21|2.1|636136519274135265|0|50145.296875|18.2370257214947|101.66378965846||||50145.296875|310|33050||||7804b7|CES5078|X|X|0|0|7||||132|147|0|0|[]|13:55:45:297
21|2.1|636136519314689320|0|50149.3515625|18.2459091977441|101.6664504098||||50149.3515625|309.75|33025||||7804b7|CES5078|X|X|0|0|7||||132|147|0|0|[]|13:55:49:352
21|2.1|636136519358683719|0|50153.7578125|18.2541489438305|101.668896584419||||50153.7578125|309.75|33025||||7804b7|CES5078|X|X|0|0|7||||132|147|0|0|[]|13:55:53:758
21|2.1|636136519400027853|0|50157.890625|18.2623457745727|101.671385674383||||50157.890625|310|33050||||7804b7|CES5078|X|X|0|0|7||||132|147|0|0|[]|13:55:57:891
21|2.1|636136519443402190|0|50162.2265625|18.2712507084942|101.674024968051||||50162.2265625|310|33050||||7804b7|CES5078|X|X|0|0|7||||132|147|0|0|[]|13:56:02:227
21|2.1|636136519485516401|0|50166.4453125|18.2798552350063|101.676621346375||||50166.4453125|310|33050||||7804b7|CES5078|X|X|0|0|7||||132|147|0|0|[]|13:56:06:445
21|2.1|636136519528730722|0|50170.7578125|18.2882451847974|101.679153351683||||50170.7578125|310|33050||||7804b7|CES5078|X|X|0|0|7||||132|147|0|0|[]|13:56:10:758
21|2.1|636136519572095058|0|50175.1015625|18.2969355419979|101.681771187679||||50175.1015625|310|33050||||7804b7|CES5078|X|X|0|0|7||||132|147|0|0|[]|13:56:15:102
21|2.1|636136519613139162|0|50179.2109375|18.3039522007746|101.683852581873||||50179.2109375|310|33050||||7804b7|CES5078|X|X|0|0|7||||132|147|0|0|[]|13:56:19:211
21|2.1|636136519653373185|0|50183.2265625|18.3132862881381|101.686663536918||||50183.2265625|310|33050||||7804b7|CES5078|X|X|0|0|7||||132|147|0|0|[]|13:56:23:227
21|2.1|636136519694567304|0|50187.3359375|18.3216762379292|101.689216999898||||50187.3359375|310|33050||||7804b7|CES5078|X|X|0|0|7||||132|147|0|0|[]|13:56:27:336
21|2.1|636136519736221469|0|50191.5078125|18.3298516109993|101.691641716845||||50191.5078125|310|33050||||7804b7|CES5078|X|X|0|0|7||||132|147|0|0|[]|13:56:31:508
21|2.1|636136519777555602|0|50195.640625|18.3371686771854|101.693851857072||||50195.640625|310|33050||||7804b7|CES5078|X|X|0|0|7||||132|147|0|0|[]|13:56:35:641
21|2.1|636136519819839830|0|50199.875|18.3465671375652|101.696684269789||||50199.875|310|33075||||7804b7|CES5078|X|X|0|0|7||||132|147|0|0|[]|13:56:39:875
21|2.1|636136519863364182|0|50204.2265625|18.3556008175193|101.699387936474||||50204.2265625|310|33050||||7804b7|CES5078|X|X|0|0|7||||132|147|0|0|[]|13:56:44:227
21|2.1|636136519904388284|0|50208.3359375|18.3637761905894|101.701855568765||||50208.3359375|310|33050||||7804b7|CES5078|X|X|0|0|7||||132|147|0|0|[]|13:56:48:336
21|2.1|636136519947922637|0|50212.6796875|18.3723163440852|101.704430489417||||50212.6796875|310|33050||||7804b7|CES5078|X|X|0|0|7||||132|147|0|0|[]|13:56:52:680
21|2.1|636136519990036848|0|50216.90625|18.3808350399089|101.706983952397||||50216.90625|310|33050||||7804b7|CES5078|X|X|0|0|7||||132|147|0|0|[]|13:56:56:906
21|2.1|636136520034811325|0|50221.375|18.389868719863|101.709709076754||||50221.375|310|33075||||7804b7|CES5078|X|X|0|0|7||||132|147|0|0|[]|13:57:01:375
21|2.1|636136520078955739|0|50225.78125|18.3987521961124|101.712348370422||||50225.78125|310|33075||||7804b7|CES5078|X|X|0|0|7||||132|147|0|0|[]|13:57:05:781
21|2.1|636136520123110154|0|50230.1875|18.4078287914107|101.715094952451||||50230.1875|310|33050||||7804b7|CES5078|X|X|0|0|7||||132|147|0|0|[]|13:57:10:188
21|2.1|636136520163514194|0|50234.2421875|18.4157895877598|101.717519669398||||50234.2421875|310|33075||||7804b7|CES5078|X|X|0|0|7||||132|147|0|0|[]|13:57:14:242
21|2.1|636136520212659108|0|50239.1484375|18.4256386592537|101.720459370476||||50239.1484375|310|33075||||7804b7|CES5078|X|X||0|7||||132|147|0|0|[]|13:57:19:148
21|2.1|636136520255243366|0|50243.40625|18.4325051143257|101.722519306997||||50243.40625|310|33075||||7804b7|CES5078|X|X||0|7||||132|147|0|0|[]|13:57:23:406
21|2.1|636136520298147656|0|50247.6953125|18.4425902202127|101.72560921178||||50247.6953125|310|33075||||7804b7|CES5078|X|X||0|7||||132|147|0|0|[]|13:57:27:695
21|2.1|636136520341521993|0|50252.0390625|18.4515380694784|101.728312878464||||50252.0390625|310|33075||||7804b7|CES5078|X|X||0|7||||132|147|0|0|[]|13:57:32:039
21|2.1|636136520381606001|0|50256.046875|18.4595846965159|101.730694680067||||50256.046875|310|33075||||7804b7|CES5078|X|X|0|0|7||||132|147|0|0|[]|13:57:36:047
21|2.1|636136520426380478|0|50260.53125|18.4683394267327|101.733355431408||||50260.53125|310|33075||||7804b7|CES5078|X|X|0|0|7||||132|147|0|0|[]|13:57:40:531
21|2.1|636136520466634503|0|50264.5625|18.4765791728191|101.735844521371||||50264.5625|310|33075||||7804b7|CES5078|X|X|0|0|7||||132|147|0|0|[]|13:57:44:563
21|2.1|636136520510628902|0|50268.9609375|18.4854626490685|101.738548188056||||50268.9609375|310|33075||||7804b7|CES5078|X|X|0|0|7||||132|147|0|0|[]|13:57:48:961
21|2.1|636136520555403379|0|50273.4296875|18.4944534136784|101.741230397069||||50273.4296875|310|33075||||7804b7|CES5078|X|X|0|0|7||||132|147|0|0|[]|13:57:53:430
21|2.1|636136520599397778|0|50277.8203125|18.5037660433698|101.744041352114||||50277.8203125|310|33075||||7804b7|CES5078|X|X|0|0|7||||132|147|0|0|[]|13:57:57:820
21|2.1|636136520643082146|0|50282.1953125|18.511962874112|101.746487526733||||50282.1953125|310|33075||||7804b7|CES5078|X|X|0|0|7||||132|147|0|0|[]|13:58:02:195
21|2.1|636136520686926530|0|50286.5703125|18.5208463503614|101.749191193418||||50286.5703125|310|33075||||7804b7|CES5078|X|X|0|0|7||||132|147|0|0|[]|13:58:06:570
21|2.1|636136520730440881|0|50290.9375|18.5286354853337|101.751551537349||||50290.9375|310|33075||||7804b7|CES5078|X|X|0|0|7||||132|147|0|0|[]|13:58:10:938
21|2.1|636136520774275264|0|50295.3203125|18.5383772684671|101.754491238426||||50295.3203125|310|33075||||7804b7|CES5078|X|X|0|0|7||||132|147|0|0|[]|13:58:15:320
21|2.1|636136520818739710|0|50299.765625|18.5473465754049|101.757194905111||||50299.765625|310|33075||||7804b7|CES5078|X|X|0|0|7||||132|147|0|0|[]|13:58:19:766
21|2.1|636136520863044140|0|50304.1953125|18.5561871363101|101.759834198779||||50304.1953125|309.75|33050||||7804b7|CES5078|X|X|0|0|7||||132|147|0|0|[]|13:58:24:195
21|2.1|636136520905008336|0|50308.375|18.5641479326592|101.762237458054||||50308.375|310|33075||||7804b7|CES5078|X|X|0|0|7||||132|147|0|0|[]|13:58:28:375
21|2.1|636136520949152750|0|50312.8125|18.5733961893343|101.765026955427||||50312.8125|309.75|33050||||7804b7|CES5078|X|X|0|0|7||||132|147|0|0|[]|13:58:32:813
21|2.1|636136520992057040|0|50317.0859375|18.5820650888627|101.767666249096||||50317.0859375|309.75|33050||||7804b7|CES5078|X|X|0|0|7||||132|147|0|0|[]|13:58:37:086
21|2.1|636136521033871221|0|50321.2734375|18.5904550386538|101.770198254404||||50321.2734375|309.75|33050||||7804b7|CES5078|X|X|0|0|7||||132|147|0|0|[]|13:58:41:273
21|2.1|636136521077085542|0|50325.6015625|18.5995316339521|101.77292337876||||50325.6015625|309.75|33050||||7804b7|CES5078|X|X|0|0|7||||132|147|0|0|[]|13:58:45:602
21|2.1|636136521123730206|0|50330.25|18.6085653139062|101.775648503117||||50330.25|309.75|33050||||7804b7|CES5078|X|X||0|7||||132|147|0|0|[]|13:58:50:250
21|2.1|636136521168354668|0|50334.7265625|18.6176633668766|101.778416542818||||50334.7265625|309.75|33050||||7804b7|CES5078|X|X||0|7||||132|147|0|0|[]|13:58:54:727
21|2.1|636136521211719004|0|50339.046875|18.6252164674558|101.78069105606||||50339.046875|309.75|33050||||7804b7|CES5078|X|X||0|7||||132|147|0|0|[]|13:58:59:047
21|2.1|636136521256653497|0|50343.5390625|18.6352372003265|101.783673672482||||50343.5390625|309.75|33050||||7804b7|CES5078|X|X||0|7||||132|147|0|0|[]|13:59:03:539
21|2.1|636136521299387770|0|50347.8203125|18.6439919305433|101.786334423823||||50347.8203125|309.75|33050||||7804b7|CES5078|X|X||0|7||||132|147|0|0|[]|13:59:07:820
21|2.1|636136521341982029|0|50352.0859375|18.6524677110228|101.788887886803||||50352.0859375|309.75|33050||||7804b7|CES5078|X|X||0|7||||132|147|0|0|[]|13:59:12:086
21|2.1|636136521385816412|0|50356.4609375|18.6609220338302|101.79141989211||||50356.4609375|309.75|33050||||7804b7|CES5078|X|X||0|7||||132|147|0|0|[]|13:59:16:461
21|2.1|636136521426220452|0|50360.515625|18.6693119836213|101.79397335509||||50360.515625|309.75|33050||||7804b7|CES5078|X|X|0|0|7||||132|147|0|0|[]|13:59:20:516
21|2.1|636136521466314461|0|50364.515625|18.6776375603961|101.796462445054||||50364.515625|309.75|33050||||7804b7|CES5078|X|X|0|0|7||||132|147|0|0|[]|13:59:24:516
21|2.1|636136521507808610|0|50368.65625|18.6857914757941|101.79897299269||||50368.65625|309.75|33050||||7804b7|CES5078|X|X|0|0|7||||132|147|0|0|[]|13:59:28:656
21|2.1|636136521548852714|0|50372.78125|18.6941599679131|101.801483540325||||50372.78125|309.75|33050||||7804b7|CES5078|X|X|0|0|7||||132|147|0|0|[]|13:59:32:781
21|2.1|636136521590026831|0|50376.8828125|18.7023138833111|101.803908257273||||50376.8828125|309.75|33050||||7804b7|CES5078|X|X|0|0|7||||132|147|0|0|[]|13:59:36:883
21|2.1|636136521631050933|0|50380.9921875|18.7106394600859|101.806418804908||||50380.9921875|309.75|33050||||7804b7|CES5078|X|X|0|0|7||||132|147|0|0|[]|13:59:40:992
21|2.1|636136521674895317|0|50385.3671875|18.7194156479748|101.809079556249||||50385.3671875|309.75|33050||||7804b7|CES5078|X|X|0|0|7||||132|147|0|0|[]|13:59:45:367
21|2.1|636136521717169544|0|50389.609375|18.7283420395684|101.811783222933||||50389.609375|309.75|33050||||7804b7|CES5078|X|X|0|0|7||||132|147|0|0|[]|13:59:49:609
21|2.1|636136521758043631|0|50393.6875|18.7362599205733|101.814143566864||||50393.6875|309.75|33050||||7804b7|CES5078|X|X|0|0|7||||132|147|0|0|[]|13:59:53:688
21|2.1|636136521798137640|0|50397.703125|18.7442207169224|101.81654682614||||50397.703125|309.75|33050||||7804b7|CES5078|X|X|0|0|7||||132|147|0|0|[]|13:59:57:703
21|2.1|636136521838391665|0|50401.7265625|18.7525677513693|101.819078831447||||50401.7265625|309.75|33050||||7804b7|CES5078|X|X|0|0|7||||132|147|0|0|[]|14:00:01:727
21|2.1|636136521880205846|0|50405.90625|18.7612581085698|101.821739582788||||50405.90625|309.75|33050||||7804b7|CES5078|X|X|0|0|7||||132|147|0|0|[]|14:00:05:906
21|2.1|636136521920609886|0|50409.9453125|18.7690472435421|101.824078469047||||50409.9453125|309.75|33050||||7804b7|CES5078|X|X|0|0|7||||132|147|0|0|[]|14:00:09:945
21|2.1|636136521964124237|0|50414.296875|18.7776732277263|101.826674847371||||50414.296875|310|33075||||7804b7|CES5078|X|X|0|0|7||||132|147|0|0|[]|14:00:14:297
21|2.1|636136522005938418|0|50418.4765625|18.7862562965663|101.829228310351||||50418.4765625|310|33075||||7804b7|CES5078|X|X|0|0|7||||132|147|0|0|[]|14:00:18:477
21|2.1|636136522048212645|0|50422.6953125|18.7948608230784|101.831867604019||||50422.6953125|310|33075||||7804b7|CES5078|X|X|0|0|7||||132|147|0|0|[]|14:00:22:695
21|2.1|636136522088466670|0|50426.734375|18.8029074501159|101.834292320966||||50426.734375|310|33075||||7804b7|CES5078|X|X|0|0|7||||132|147|0|0|[]|14:00:26:734
21|2.1|636136522130900913|0|50430.9765625|18.8114690612838|101.83688869929||||50430.9765625|310|33075||||7804b7|CES5078|X|X|0|0|7||||132|147|0|0|[]|14:00:30:977
21|2.1|636136522172865109|0|50435.171875|18.8187002967815|101.839098839517||||50435.171875|310|33075||||7804b7|CES5078|X|X|0|0|7||||132|147|0|0|[]|14:00:35:172
21|2.1|636136522217639586|0|50439.6484375|18.828892691029|101.842167286627||||50439.6484375|310|33075||||7804b7|CES5078|X|X|0|0|7||||132|147|0|0|[]|14:00:39:648
21|2.1|636136522260383860|0|50443.921875|18.8376688789179|101.844828037967||||50443.921875|310|33075||||7804b7|CES5078|X|X|0|0|7||||132|147|0|0|[]|14:00:43:922
21|2.1|636136522301567978|0|50448.046875|18.8459729980206|101.847360043275||||50448.046875|310|33075||||7804b7|CES5078|X|X|0|0|7||||132|147|0|0|[]|14:00:48:047
21|2.1|636136522341812002|0|50452.0703125|18.8529681991252|101.849462895141||||50452.0703125|310|33075||||7804b7|CES5078|X|X|0|0|7||||132|147|0|0|[]|14:00:52:070
21|2.1|636136522385506371|0|50456.4296875|18.8628816436354|101.852509884579||||50456.4296875|310|33075||||7804b7|CES5078|X|X|0|0|7||||132|147|0|0|[]|14:00:56:430
21|2.1|636136522431210941|0|50461|18.8720440696221|101.85527792428||||50461|310|33075||||7804b7|CES5078|X|X|0|0|7||||132|147|0|0|[]|14:01:01:000
21|2.1|636136522475825402|0|50465.4765625|18.881034834232|101.858003048637||||50465.4765625|310|33075||||7804b7|CES5078|X|X|0|0|7||||132|147|0|0|[]|14:01:05:477
21|2.1|636136522521229942|0|50470|18.8906693290049|101.860921292042||||50470|310|33075||||7804b7|CES5078|X|X|0|0|7||||132|147|0|0|[]|14:01:10:000
21|2.1|636136522571764995|0|50475.0625|18.9004969428267|101.863882450792||||50475.0625|310|33075||||7804b7|CES5078|X|X||0|7||||132|147|0|0|[]|14:01:15:063
21|2.1|636136522612489067|0|50479.140625|18.9088439772736|101.8664144561||||50479.140625|310|33075||||7804b7|CES5078|X|X||0|7||||132|147|0|0|[]|14:01:19:141
21|2.1|636136522657413559|0|50483.6171875|18.9167833159506|101.868774800031||||50483.6171875|310|33075||||7804b7|CES5078|X|X||0|7||||132|147|0|0|[]|14:01:23:617
21|2.1|636136522700937911|0|50487.96875|18.9265680144282|101.871757416453||||50487.96875|310|33075||||7804b7|CES5078|X|X||0|7||||132|147|0|0|[]|14:01:27:969
21|2.1|636136522745092326|0|50492.390625|18.935537321366|101.874461083137||||50492.390625|310|33075||||7804b7|CES5078|X|X||0|7||||132|147|0|0|[]|14:01:32:391
21|2.1|636136522786116428|0|50496.5|18.9437770674524|101.876971630773||||50496.5|310|33075||||7804b7|CES5078|X|X||0|7||||132|147|0|0|[]|14:01:36:500
21|2.1|636136522829180734|0|50500.796875|18.9525961706855|101.879653839786||||50500.796875|310|33075||||7804b7|CES5078|X|X||0|7||||132|147|0|0|[]|14:01:40:797
21|2.1|636136522873015117|0|50505.1875|18.9613938162465|101.882293133454||||50505.1875|310|33075||||7804b7|CES5078|X|X||0|7||||132|147|0|0|[]|14:01:45:188
21|2.1|636136522918879703|0|50509.765625|18.97072790361|101.885147003843||||50509.765625|310|33075||||7804b7|CES5078|X|X||0|7||||132|147|0|0|[]|14:01:49:766
21|2.1|636136522959133728|0|50513.8046875|18.978881819008|101.887593178463||||50513.8046875|310|33075||||7804b7|CES5078|X|X|0|0|7||||132|147|0|0|[]|14:01:53:805
21|2.1|636136523001407955|0|50518.03125|18.9878296682737|101.890361218164||||50518.03125|310|33075||||7804b7|CES5078|X|X|0|0|7||||132|147|0|0|[]|14:01:58:031
21|2.1|636136523042282042|0|50522.1171875|18.9958119222949|101.892743019767||||50522.1171875|310|33075||||7804b7|CES5078|X|X||0|7||||132|147|0|0|[]|14:02:02:117
21|2.1|636136523083306144|0|50526.2109375|19.0039229223487|101.895210652058||||50526.2109375|310|33075||||7804b7|CES5078|X|X||0|7||||132|147|0|0|[]|14:02:06:211
21|2.1|636136523127620575|0|50530.65625|19.0130424329912|101.898000149431||||50530.65625|310|33075||||7804b7|CES5078|X|X||0|7||||132|147|0|0|[]|14:02:10:656
21|2.1|636136523172555068|0|50535.140625|19.0220975706174|101.90074673146||||50535.140625|310|33075||||7804b7|CES5078|X|X||0|7||||132|147|0|0|[]|14:02:15:141
21|2.1|636136523218879700|0|50539.78125|19.0315174886693|101.903579144177||||50539.78125|310.25|33100||||7804b7|CES5078|X|X||0|7||||132|147|0|0|[]|14:02:19:781
21|2.1|636136523268804692|0|50544.7578125|19.0414953061958|101.906626133615||||50544.7578125|310|33075||||7804b7|CES5078|X|X||0|7||||132|147|0|0|[]|14:02:24:758
21|2.1|636136523317789590|0|50549.671875|19.051837904148|101.90973749607||||50549.671875|310|33075||||7804b7|CES5078|X|X||0|7||||132|147|0|0|[]|14:02:29:672
21|2.1|636136523358353646|0|50553.7265625|19.059777242825|101.912119297673||||50553.7265625|310|33075||||7804b7|CES5078|X|X|0|0|7||||132|147|0|0|[]|14:02:33:727
21|2.1|636136523398597670|0|50557.7421875|19.0677809545183|101.914565472292||||50557.7421875|310.25|33100||||7804b7|CES5078|X|X||0|7||||132|147|0|0|[]|14:02:37:742
21|2.1|636136523440871897|0|50561.9765625|19.0763425656862|101.917183308289||||50561.9765625|310|33075||||7804b7|CES5078|X|X||0|7||||132|147|0|0|[]|14:02:41:977
21|2.1|636136523491886998|0|50567.0625|19.08659933295|101.920273213071||||50567.0625|310|33075||||7804b7|CES5078|X|X||0|7||||132|147|0|0|[]|14:02:47:063
21|2.1|636136523541651974|0|50572.046875|19.0967058965091|101.923363117853||||50572.046875|310|33075||||7804b7|CES5078|X|X||0|7||||132|147|0|0|[]|14:02:52:047
21|2.1|636136523585646373|0|50576.453125|19.1055464574143|101.926002411522||||50576.453125|310|33075||||7804b7|CES5078|X|X|0|0|7||||132|147|0|0|[]|14:02:56:453
21|2.1|636136523628080616|0|50580.6953125|19.1139364072054|101.928555874502||||50580.6953125|310|33075||||7804b7|CES5078|X|X|0|0|7||||132|147|0|0|[]|14:03:00:695
21|2.1|636136523668174625|0|50584.703125|19.1220259495871|101.931109337481||||50584.703125|310|33075||||7804b7|CES5078|X|X||0|7||||132|147|0|0|[]|14:03:04:703
21|2.1|636136523708428650|0|50588.7265625|19.1303944417061|101.933555512101||||50588.7265625|310|33075||||7804b7|CES5078|X|X|0|0|7||||132|147|0|0|[]|14:03:08:727
21|2.1|636136523754763283|0|50593.359375|19.139599783037|101.936345009474||||50593.359375|310|33075||||7804b7|CES5078|X|X|0|0|7||||132|147|0|0|[]|14:03:13:359
21|2.1|636136523794857292|0|50597.3671875|19.1482901402375|101.939005760814||||50597.3671875|310|33075||||7804b7|CES5078|X|X|0|0|7||||132|147|0|0|[]|14:03:17:367
21|2.1|636136523836191425|0|50601.5078125|19.1559719868493|101.941344647073||||50601.5078125|310|33075||||7804b7|CES5078|X|X|0|0|7||||132|147|0|0|[]|14:03:21:508
21|2.1|636136523880815887|0|50605.9609375|19.1649627514592|101.944048313758||||50605.9609375|310|33100||||7804b7|CES5078|X|X|0|0|7||||132|147|0|0|[]|14:03:25:961
21|2.1|636136523923550160|0|50610.2421875|19.1736531086597|101.946687607426||||50610.2421875|310|33075||||7804b7|CES5078|X|X|0|0|7||||132|147|0|0|[]|14:03:30:242
21|2.1|636136523966464451|0|50614.5234375|19.1824936695649|101.949391274111||||50614.5234375|310|33075||||7804b7|CES5078|X|X|0|0|7||||132|147|0|0|[]|14:03:34:523
21|2.1|636136524009508755|0|50618.8359375|19.1909265347002|101.951966194763||||50618.8359375|310|33100||||7804b7|CES5078|X|X|0|0|7||||132|147|0|0|[]|14:03:38:836
21|2.1|636136524060373841|0|50623.90625|19.2010330982593|101.955013184201||||50623.90625|310|33075||||7804b7|CES5078|X|X||0|7||||132|147|0|0|[]|14:03:43:906
21|2.1|636136524104678271|0|50628.3515625|19.2095947094272|101.957631020197||||50628.3515625|310|33075||||7804b7|CES5078|X|X|0|0|7||||132|147|0|0|[]|14:03:48:352
21|2.1|636136524144772280|0|50632.359375|19.2180275745625|101.960184483177||||50632.359375|310|33100||||7804b7|CES5078|X|X||0|7||||132|147|0|0|[]|14:03:52:359
21|2.1|636136524189866789|0|50636.8671875|19.227147085205|101.962909607534||||50636.8671875|310|33100||||7804b7|CES5078|X|X||0|7||||132|147|0|0|[]|14:03:56:867
21|2.1|636136524233851187|0|50641.2734375|19.2359018154218|101.965613274218||||50641.2734375|310|33100||||7804b7|CES5078|X|X||0|7||||132|147|0|0|[]|14:04:01:273
21|2.1|636136524278625664|0|50645.7421875|19.24538610649|101.968467144608||||50645.7421875|310|33075||||7804b7|CES5078|X|X|0|0|7||||132|147|0|0|[]|14:04:05:742
21|2.1|636136524319339735|0|50649.8125|19.2530464954297|101.970784573194||||50649.8125|310|33100||||7804b7|CES5078|X|X||0|7||||132|147|0|0|[]|14:04:09:813
21|2.1|636136524361303931|0|50654|19.2613720722045|101.973338036174||||50654|310|33075||||7804b7|CES5078|X|X|0|0|7||||132|147|0|0|[]|14:04:14:000
21|2.1|636136524402958096|0|50658.1796875|19.2699336833724|101.975934414498||||50658.1796875|310|33100||||7804b7|CES5078|X|X|0|0|7||||132|147|0|0|[]|14:04:18:180
21|2.1|636136524445082308|0|50662.3671875|19.2784952945403|101.978530792822||||50662.3671875|309.75|33075||||7804b7|CES5078|X|X|0|0|7||||132|147|0|0|[]|14:04:22:367
21|2.1|636136524486266426|0|50666.515625|19.2864560908894|101.980934052098||||50666.515625|309.75|33075||||7804b7|CES5078|X|X|0|0|7||||132|147|0|0|[]|14:04:26:516
21|2.1|636136524531040903|0|50670.9765625|19.2955541438598|101.983680634126||||50670.9765625|309.75|33075||||7804b7|CES5078|X|X|0|0|7||||132|147|0|0|[]|14:04:30:977
21|2.1|636136524575185317|0|50675.40625|19.3026995486691|101.985890774353||||50675.40625|309.75|33075||||7804b7|CES5078|X|X|0|0|7||||132|147|0|0|[]|14:04:35:406
21|2.1|636136524616529451|0|50679.53125|19.3126344508514|101.988873390775||||50679.53125|309.75|33050||||7804b7|CES5078|X|X|0|0|7||||132|147|0|0|[]|14:04:39:531
21|2.1|636136524659433741|0|50683.8203125|19.3213248080519|101.991534142115||||50683.8203125|309.75|33075||||7804b7|CES5078|X|X|0|0|7||||132|147|0|0|[]|14:04:43:820
21|2.1|636136524700767874|0|50687.9609375|19.3295645541383|101.994023232079||||50687.9609375|309.75|33075||||7804b7|CES5078|X|X|0|0|7||||132|147|0|0|[]|14:04:47:961
21|2.1|636136524743362133|0|50692.2109375|19.337439519799|101.996426491354||||50692.2109375|309.75|33050||||7804b7|CES5078|X|X|0|0|7||||132|147|0|0|[]|14:04:52:211
21|2.1|636136524783296126|0|50696.2109375|19.3459153002785|101.999022869678||||50696.2109375|309.75|33075||||7804b7|CES5078|X|X|0|0|7||||132|147|0|0|[]|14:04:56:211
21|2.1|636136524827610557|0|50700.640625|19.3549704379047|102.001812367051||||50700.640625|309.75|33050||||7804b7|CES5078|X|X|0|0|7||||132|147|0|0|[]|14:05:00:641
21|2.1|636136524867704566|0|50704.640625|19.3629312342538|102.004215626326||||50704.640625|309.75|33075||||7804b7|CES5078|X|X|0|0|7||||132|147|0|0|[]|14:05:04:641
21|2.1|636136524908568652|0|50708.7421875|19.3712782687007|102.006790546978||||50708.7421875|309.75|33050||||7804b7|CES5078|X|X|0|0|7||||132|147|0|0|[]|14:05:08:742
21|2.1|636136524952573052|0|50713.140625|19.3799686259012|102.009429840646||||50713.140625|309.75|33075||||7804b7|CES5078|X|X|0|0|7||||132|147|0|0|[]|14:05:13:141
21|2.1|636136524993907185|0|50717.2734375|19.3881654566434|102.011961845954||||50717.2734375|309.75|33050||||7804b7|CES5078|X|X|0|0|7||||132|147|0|0|[]|14:05:17:273
21|2.1|636136525034001194|0|50721.28125|19.3961691683367|102.014408020574||||50721.28125|309.75|33075||||7804b7|CES5078|X|X|0|0|7||||132|147|0|0|[]|14:05:21:281
21|2.1|636136525084386232|0|50726.328125|19.4067048853378|102.017626671389||||50726.328125|309.75|33050||||7804b7|CES5078|X|X|0|0|7||||132|147|0|0|[]|14:05:26:328
21|2.1|636136525129160709|0|50730.8046875|19.4152664965057|102.020223049713||||50730.8046875|309.75|33050||||7804b7|CES5078|X|X|0|0|7||||132|147|0|0|[]|14:05:30:805
21|2.1|636136525171914984|0|50735.0703125|19.423913938362|102.022883801053||||50735.0703125|309.75|33050||||7804b7|CES5078|X|X|0|0|7||||132|147|0|0|[]|14:05:35:070
21|2.1|636136525214809273|0|50739.3671875|19.4309305971387|102.025029568263||||50739.3671875|309.75|33050||||7804b7|CES5078|X|X|0|0|7||||132|147|0|0|[]|14:05:39:367
21|2.1|636136525255843376|0|50743.4765625|19.4406723802721|102.027990727013||||50743.4765625|309.75|33050||||7804b7|CES5078|X|X|0|0|7||||132|147|0|0|[]|14:05:43:477
21|2.1|636136525299837775|0|50747.8671875|19.4496202295378|102.030672936025||||50747.8671875|309.75|33050||||7804b7|CES5078|X|X|0|0|7||||132|147|0|0|[]|14:05:47:867
21|2.1|636136525341171908|0|50752.0078125|19.4578385179521|102.033162025989||||50752.0078125|309.75|33050||||7804b7|CES5078|X|X|0|0|7||||132|147|0|0|[]|14:05:52:008
21|2.1|636136525382826073|0|50756.171875|19.4657134836128|102.035629658281||||50756.171875|309.75|33075||||7804b7|CES5078|X|X|0|0|7||||132|147|0|0|[]|14:05:56:172
21|2.1|636136525424950285|0|50760.375|19.4746398752064|102.038311867293||||50760.375|309.75|33050||||7804b7|CES5078|X|X|0|0|7||||132|147|0|0|[]|14:06:00:375
21|2.1|636136525465514341|0|50764.4296875|19.4829439943091|102.040865330273||||50764.4296875|309.75|33075||||7804b7|CES5078|X|X|0|0|7||||132|147|0|0|[]|14:06:04:430
21|2.1|636136525505758365|0|50768.4453125|19.4909047906582|102.043268589548||||50768.4453125|309.75|33050||||7804b7|CES5078|X|X|0|0|7||||132|147|0|0|[]|14:06:08:445
21|2.1|636136525547572546|0|50772.640625|19.4992518251051|102.045864967872||||50772.640625|309.75|33075||||7804b7|CES5078|X|X|0|0|7||||132|147|0|0|[]|14:06:12:641
21|2.1|636136525588446633|0|50776.7265625|19.507598859552|102.048375515508||||50776.7265625|309.75|33050||||7804b7|CES5078|X|X|0|0|7||||132|147|0|0|[]|14:06:16:727
21|2.1|636136525631340922|0|50781.015625|19.5160746400315|102.050971893832||||50781.015625|309.75|33050||||7804b7|CES5078|X|X|0|0|7||||132|147|0|0|[]|14:06:21:016
21|2.1|636136525675965384|0|50785.4765625|19.5250868623135|102.053739933533||||50785.4765625|309.75|33050||||7804b7|CES5078|X|X|0|0|7||||132|147|0|0|[]|14:06:25:477
21|2.1|636136525718709658|0|50789.75|19.5341419999397|102.056507973234||||50789.75|309.75|33050||||7804b7|CES5078|X|X|0|0|7||||132|147|0|0|[]|14:06:29:750
21|2.1|636136525762544041|0|50794.1328125|19.5426177804192|102.059104351558||||50794.1328125|309.75|33050||||7804b7|CES5078|X|X|0|0|7||||132|147|0|0|[]|14:06:34:133
21|2.1|636136525805448331|0|50798.4296875|19.5512866799476|102.061743645226||||50798.4296875|309.75|33050||||7804b7|CES5078|X|X|0|0|7||||132|147|0|0|[]|14:06:38:430
21|2.1|636136525846162402|0|50802.5|19.5593333069851|102.064297108206||||50802.5|309.75|33050||||7804b7|CES5078|X|X|0|0|7||||132|147|0|0|[]|14:06:42:500
21|2.1|636136525891556941|0|50807.03125|19.5685601059881|102.067043690235||||50807.03125|309.75|33075||||7804b7|CES5078|X|X|0|0|7||||132|147|0|0|[]|14:06:47:031
21|2.1|636136525935711356|0|50811.4453125|19.5774435822375|102.069725899247||||50811.4453125|310|33100||||7804b7|CES5078|X|X|0|0|7||||132|147|0|0|[]|14:06:51:445
21|2.1|636136525976895474|0|50815.5703125|19.5856833283239|102.072257904555||||50815.5703125|309.75|33050||||7804b7|CES5078|X|X|0|0|7||||132|147|0|0|[]|14:06:55:570
21|2.1|636136526021199904|0|50820|19.593429547952|102.074618248486||||50820|310|33100||||7804b7|CES5078|X|X|0|0|7||||132|147|0|0|[]|14:07:00:000
21|2.1|636136526063794163|0|50824.265625|19.6031069580691|102.077579407236||||50824.265625|310|33075||||7804b7|CES5078|X|X|0|0|7||||132|147|0|0|[]|14:07:04:266
21|2.1|636136526104198203|0|50828.3046875|19.611239415795|102.0800684972||||50828.3046875|310|33100||||7804b7|CES5078|X|X|0|0|7||||132|147|0|0|[]|14:07:08:305
21|2.1|636136526145222305|0|50832.40625|19.6194791618814|102.082600502507||||50832.40625|310|33100||||7804b7|CES5078|X|X|0|0|7||||132|147|0|0|[]|14:07:12:406
21|2.1|636136526190306813|0|50836.90625|19.628834706917|102.085454372897||||50836.90625|310|33075||||7804b7|CES5078|X|X|0|0|7||||132|147|0|0|[]|14:07:16:906
21|2.1|636136526233371119|0|50841.2265625|19.637417775757|102.088115124237||||50841.2265625|310|33100||||7804b7|CES5078|X|X|0|0|7||||132|147|0|0|[]|14:07:21:227
21|2.1|636136526275955377|0|50845.4765625|19.6458291832202|102.090647129545||||50845.4765625|310|33100||||7804b7|CES5078|X|X|0|0|7||||132|147|0|0|[]|14:07:25:477
21|2.1|636136526316519433|0|50849.53125|19.6541762176671|102.093243507869||||50849.53125|310|33100||||7804b7|CES5078|X|X|0|0|7||||132|147|0|0|[]|14:07:29:531
21|2.1|636136526360353816|0|50853.9140625|19.6632098976212|102.095990089898||||50853.9140625|310|33100||||7804b7|CES5078|X|X|0|0|7||||132|147|0|0|[]|14:07:33:914
21|2.1|636136526403578138|0|50858.2421875|19.6716642204286|102.098586468222||||50858.2421875|310|33100||||7804b7|CES5078|X|X|0|0|7||||132|147|0|0|[]|14:07:38:242
21|2.1|636136526445692349|0|50862.4375|19.6800541702197|102.101139931202||||50862.4375|310|33100||||7804b7|CES5078|X|X|0|0|7||||132|147|0|0|[]|14:07:42:438
21|2.1|636136526485626342|0|50866.4453125|19.6882080856177|102.103629021165||||50866.4453125|310|33100||||7804b7|CES5078|X|X|0|0|7||||132|147|0|0|[]|14:07:46:445
21|2.1|636136526529470726|0|50870.8359375|19.6970915618671|102.10633268785||||50870.8359375|310|33100||||7804b7|CES5078|X|X|0|0|7||||132|147|0|0|[]|14:07:50:836
21|2.1|636136526573615140|0|50875.234375|19.7059321227723|102.109036354535||||50875.234375|310|33100||||7804b7|CES5078|X|X|0|0|7||||132|147|0|0|[]|14:07:55:234
21|2.1|636136526615589337|0|50879.4375|19.7144079032518|102.111632732859||||50879.4375|310|33100||||7804b7|CES5078|X|X|0|0|7||||132|147|0|0|[]|14:07:59:438
21|2.1|636136526657543532|0|50883.640625|19.7217249694379|102.113821415413||||50883.640625|310|33100||||7804b7|CES5078|X|X|0|0|7||||132|147|0|0|[]|14:08:03:641
21|2.1|636136526698267604|0|50887.7109375|19.7308015647362|102.116610912786||||50887.7109375|310|33100||||7804b7|CES5078|X|X|0|0|7||||132|147|0|0|[]|14:08:07:711
21|2.1|636136526743662143|0|50892.2421875|19.740200025116|102.119464783175||||50892.2421875|310|33075||||7804b7|CES5078|X|X|0|0|7||||132|147|0|0|[]|14:08:12:242
21|2.1|636136526783766153|0|50896.265625|19.7482466521535|102.121910957795||||50896.265625|310|33100||||7804b7|CES5078|X|X|0|0|7||||132|147|0|0|[]|14:08:16:266
21|2.1|636136526829310707|0|50900.8046875|19.7573447051239|102.124678997496||||50900.8046875|310|33100||||7804b7|CES5078|X|X|0|0|7||||132|147|0|0|[]|14:08:20:805
21|2.1|636136526871894965|0|50905.0703125|19.765949231636|102.127361206508||||50905.0703125|310|33100||||7804b7|CES5078|X|X|0|0|7||||132|147|0|0|[]|14:08:25:070
21|2.1|636136526915899365|0|50909.4765625|19.7745966734923|102.130000500176||||50909.4765625|310|33100||||7804b7|CES5078|X|X|0|0|7||||132|147|0|0|[]|14:08:29:477
21|2.1|636136526956303405|0|50913.5|19.7828364195787|102.132511047812||||50913.5|310|33075||||7804b7|CES5078|X|X|0|0|7||||132|147|0|0|[]|14:08:33:500
21|2.1|636136526999507725|0|50917.8203125|19.7921919646143|102.135407833546||||50917.8203125|310|33075||||7804b7|CES5078|X|X|0|0|7||||132|147|0|0|[]|14:08:37:820
21|2.1|636136527045222296|0|50922.390625|19.8007964911264|102.138025669542||||50922.390625|310|33075||||7804b7|CES5078|X|X||0|7||||132|147|0|0|[]|14:08:42:391
21|2.1|636136527085476321|0|50926.4375|19.8091435255733|102.140450386489||||50926.4375|309.75|33050||||7804b7|CES5078|X|X||0|7||||132|147|0|0|[]|14:08:46:438
21|2.1|636136527127750548|0|50930.65625|19.8175763907086|102.142681984387||||50930.65625|309.75|33050||||7804b7|CES5078|X|X|0|0|7||||132|147|0|0|[]|14:08:50:656
21|2.1|636136527172204993|0|50935.0859375|19.8266959013511|102.144892124614||||50935.0859375|309.75|33050||||7804b7|CES5078|X|X|0|0|7||||132|147|0|0|[]|14:08:55:086
21|2.1|636136527216359408|0|50939.53125|19.8358583273378|102.146801857431||||50939.53125|309.75|33050||||7804b7|CES5078|X|X|0|0|7||||132|147|0|0|[]|14:08:59:531
21|2.1|636136527257863558|0|50943.6640625|19.8444199385057|102.14832535215||||50943.6640625|309.75|33050||||7804b7|CES5078|X|X|0|0|7||||132|147|0|0|[]|14:09:03:664
21|2.1|636136527298417613|0|50947.71875|19.8518013777081|102.149462608771||||50947.71875|310|33075||||7804b7|CES5078|X|X|0|0|7||||132|147|0|0|[]|14:09:07:719
21|2.1|636136527339291700|0|50951.8046875|19.8611783804158|102.150642780737||||50951.8046875|310|33075||||7804b7|CES5078|X|X|0|0|7||||132|147|0|0|[]|14:09:11:805
21|2.1|636136527382816052|0|50956.171875|19.8705553831235|102.151458172276||||50956.171875|310|33075||||7804b7|CES5078|X|X|0|0|7||||132|147|0|0|[]|14:09:16:172
21|2.1|636136527424310201|0|50960.3046875|19.8791599096356|102.152080444767||||50960.3046875|310|33075||||7804b7|CES5078|X|X|0|0|7||||132|147|0|0|[]|14:09:20:305
21|2.1|636136527465494319|0|50964.4296875|19.8875284017546|102.152380852177||||50964.4296875|310|33075||||7804b7|CES5078|X|X|0|0|7||||132|147|0|0|[]|14:09:24:430
21|2.1|636136527506998469|0|50968.578125|19.8965620817087|102.152445225193||||50968.578125|310|33075||||7804b7|CES5078|X|X|0|0|7||||132|147|0|0|[]|14:09:28:578
21|2.1|636136527550522821|0|50972.9296875|19.9058103383838|102.1522091908||||50972.9296875|310|33075||||7804b7|CES5078|X|X|0|0|7||||132|147|0|0|[]|14:09:32:930
21|2.1|636136527592016970|0|50977.0859375|19.9143934072238|102.151780037358||||50977.0859375|310|33075||||7804b7|CES5078|X|X|0|0|7||||132|147|0|0|[]|14:09:37:086
21|2.1|636136527634301198|0|50981.3046875|19.9237060369152|102.151029018834||||50981.3046875|310|33075||||7804b7|CES5078|X|X|0|0|7||||132|147|0|0|[]|14:09:41:305
21|2.1|636136527677205488|0|50985.59375|19.9322676480831|102.150084881262||||50985.59375|310|33075||||7804b7|CES5078|X|X|0|0|7||||132|147|0|0|[]|14:09:45:594
21|2.1|636136527730080775|0|50990.8828125|19.9432110608541|102.148475555854||||50990.8828125|310|33075||||7804b7|CES5078|X|X|0|0|7||||132|147|0|0|[]|14:09:50:883
21|2.1|636136527778915658|0|50995.78125|19.9523091138245|102.146866230447||||50995.78125|310|33075||||7804b7|CES5078|X|X|0|0|7||||132|147|0|0|[]|14:09:55:781
21|2.1|636136527827280494|0|51000.609375|19.9633383572839|102.144505886516||||51000.609375|310|33075||||7804b7|CES5078|X|X|0|0|7||||132|147|0|0|[]|14:10:00:609
21|2.1|636136527870024768|0|51004.8671875|19.9722218335333|102.142338661634||||51004.8671875|310|33075||||7804b7|CES5078|X|X|0|0|7||||132|147|0|0|[]|14:10:04:867
21|2.1|636136527910118777|0|51008.8828125|19.980311375915|102.140085606063||||51008.8828125|310|33075||||7804b7|CES5078|X|X|0|0|7||||132|147|0|0|[]|14:10:08:883
21|2.1|636136527950992864|0|51012.9765625|19.9887442410503|102.137489227739||||51012.9765625|310|33075||||7804b7|CES5078|X|X|0|0|7||||132|147|0|0|[]|14:10:12:977
21|2.1|636136527995917356|0|51017.4765625|19.9976706326439|102.134442238301||||51017.4765625|310|33075||||7804b7|CES5078|X|X|0|0|7||||132|147|0|0|[]|14:10:17:477
21|2.1|636136528036631427|0|51021.546875|20.0057816326977|102.131416706535||||51021.546875|310|33075||||7804b7|CES5078|X|X|0|0|7||||132|147|0|0|[]|14:10:21:547
21|2.1|636136528097637527|0|51027.640625|20.0167250454687|102.126953510738||||51027.640625|310|33075||||7804b7|CES5078|X|X||0|7||||132|147|0|0|[]|14:10:27:641
21|2.1|636136528144272190|0|51032.3046875|20.0267672360115|102.122704891662||||51032.3046875|310|33075||||7804b7|CES5078|X|X||0|7||||132|147|0|0|[]|14:10:32:305
21|2.1|636136528186556418|0|51036.5390625|20.0352644741631|102.119142918094||||51036.5390625|310|33075||||7804b7|CES5078|X|X|0|0|7||||132|147|0|0|[]|14:10:36:539
21|2.1|636136528228830645|0|51040.765625|20.0434183895611|102.115709690558||||51040.765625|310|33100||||7804b7|CES5078|X|X||0|7||||132|147|0|0|[]|14:10:40:766
21|2.1|636136528272054967|0|51045.0703125|20.0519585430569|102.112083343973||||51045.0703125|310|33100||||7804b7|CES5078|X|X||0|7||||132|147|0|0|[]|14:10:45:070
21|2.1|636136528314319193|0|51049.3046875|20.0600051700944|102.108628658765||||51049.3046875|310|33075||||7804b7|CES5078|X|X||0|7||||132|147|0|0|[]|14:10:49:305
21|2.1|636136528359253686|0|51053.8046875|20.0688242733275|102.104916481491||||51053.8046875|310|33075||||7804b7|CES5078|X|X||0|7||||132|147|0|0|[]|14:10:53:805
21|2.1|636136528401527913|0|51058.03125|20.0773215114791|102.101333050251||||51058.03125|310|33100||||7804b7|CES5078|X|X||0|7||||132|147|0|0|[]|14:10:58:031
21|2.1|636136528447702530|0|51062.640625|20.0863981067774|102.097449211601||||51062.640625|310|33100||||7804b7|CES5078|X|X||0|7||||132|147|0|0|[]|14:11:02:641
