21|2.1|636136517223750247|0|49940.28125|13.6831927177443|100.75879087997||||49940.28125|1.75|-100||||80073a|AIC331|X|X|0|0|8||||132|5|0|0|[]|13:52:20:281
21|2.1|636136517274615333|0|49945.375|13.6804032203713|100.758082776791||||49945.375|1.75|-75||||80073a|AIC331|X|X||0|8||||132|5|0|0|[]|13:52:25:375
21|2.1|636136517317829654|0|49949.6953125|13.677549349982|100.757353215939||||49949.6953125|1.75|-75||||80073a|AIC331|6141|X||0|8||||132|5|0|0|[]|13:52:29:695
21|2.1|636136517364624333|0|49954.375|13.6743950721833|100.7565378244||||49954.375|2|-75||||80073a|AIC331|6141|X||0|8||||132|5|0|0|[]|13:52:34:375
21|2.1|636136517407988669|0|49958.703125|13.6712193367125|100.755700975188||||49958.703125|3.25|50||||80073a|AIC331|6141|X|0|0|8||||132|5|0|0|[]|13:52:38:703
21|2.1|636136517451363006|0|49963.046875|13.6681723472743|100.754864125976||||49963.046875|4.5|200||||80073a|AIC331|6141|X|0|0|8||||132|5|0|0|[]|13:52:43:047
21|2.1|636136517491457015|0|49967.046875|13.6652970192129|100.75409164978||||49967.046875|6|350||||80073a|AIC331|6141|X|0|0|8||||132|5|0|0|[]|13:52:47:047
21|2.1|636136517531861055|0|49971.0859375|13.6623787758073|100.753254800568||||49971.0859375|7.5|500||||80073a|AIC331|6141|X|0|0|8||||132|5|0|0|[]|13:52:51:086
21|2.1|636136517572265095|0|49975.125|13.6595034477459|100.752482324373||||49975.125|8.75|650||||80073a|AIC331|6141|X||0|8||||132|5|0|0|[]|13:52:55:125
21|2.1|636136517616109479|0|49979.515625|13.6563277122751|100.751559644472||||49979.515625|10.5|825||||80073a|AIC331|6141|X||0|8||||132|5|0|0|[]|13:52:59:516
21|2.1|636136517659323800|0|49983.8359375|13.6531734344764|100.750744252933||||49983.8359375|12|1000||||80073a|AIC331|6141|X||0|8||||132|5|0|0|[]|13:53:03:836
21|2.1|636136517702218089|0|49988.125|13.6500406143498|100.749843030704||||49988.125|13.75|1175||||80073a|AIC331|6141|X||0|8||||132|5|0|0|[]|13:53:08:125
21|2.1|636136517743722239|0|49992.28125|13.6469721672395|100.748963266148||||49992.28125|15.5|1350||||80073a|AIC331|6141|X||0|8||||132|5|0|0|[]|13:53:12:281
21|2.1|636136517793477214|0|49997.2578125|13.6433672783267|100.747997670904||||49997.2578125|17.25|1525||||80073a|AIC331|6141|X||0|8||||132|5|0|0|[]|13:53:17:258
21|2.1|636136517835911457|0|50001.4921875|13.6402344582001|100.74713936402||||50001.4921875|19|1725||||80073a|AIC331|6141|X|0|0|8||||132|5|0|0|[]|13:53:21:492
21|2.1|636136517877105576|0|50005.6171875|13.6371874687619|100.746281057136||||50005.6171875|20.5|1875||||80073a|AIC331|6141|X|0|0|8||||132|5|0|0|[]|13:53:25:617
21|2.1|636136517917969662|0|50009.6953125|13.6341833946679|100.745487123268||||50009.6953125|21.75|2000||||80073a|AIC331|6141|X||0|8||||132|5|0|0|[]|13:53:29:695
21|2.1|636136517960873952|0|50013.984375|13.6310076591971|100.744628816384||||50013.984375|23.25|2200||||80073a|AIC331|6141|X||0|8||||132|5|0|0|[]|13:53:33:984
21|2.1|636136518005648429|0|50018.4453125|13.6277246353658|100.7437705095||||50018.4453125|24.5|2300||||80073a|AIC331|6141|X||0|8||||132|5|0|0|[]|13:53:38:445
21|2.1|636136518045752439|0|50022.484375|13.6246776459276|100.742998033304||||50022.484375|25.75|2450||||80073a|AIC331|6141|X|0|0|8||||132|5|0|0|[]|13:53:42:484
21|2.1|636136518085836447|0|50026.484375|13.6216521141615|100.742225557109||||50026.484375|27|2575||||80073a|AIC331|6141|X|0|0|8||||132|5|0|0|[]|13:53:46:484
21|2.1|636136518130920955|0|50030.9921875|13.6182403442976|100.741367250225||||50030.9921875|28.25|2725||||80073a|AIC331|6141|X|0|0|8||||132|5|0|0|[]|13:53:50:992
21|2.1|636136518174445307|0|50035.3515625|13.6149573204663|100.740530401013||||50035.3515625|29.25|2825||||80073a|AIC331|6141|X|0|0|8||||132|5|0|0|[]|13:53:55:352
21|2.1|636136518219069769|0|50039.8046875|13.611459719914|100.739650636457||||50039.8046875|30.5|2950||||80073a|AIC331|6141|X|0|0|8||||132|5|0|0|[]|13:53:59:805
21|2.1|636136518259473809|0|50043.84375|13.6083483574595|100.738899617933||||50043.84375|31.75|3100||||80073a|AIC331|6141|X|0|0|8||||132|5|0|0|[]|13:54:03:844
21|2.1|636136518303618223|0|50048.265625|13.6048722145793|100.737998395705||||50048.265625|33|3225||||80073a|AIC331|6141|X|0|0|8||||132|5|0|0|[]|13:54:08:266
21|2.1|636136518348242685|0|50052.734375|13.6013102410107|100.737118631149||||50052.734375|34.25|3350||||80073a|AIC331|6141|X|0|0|8||||132|5|0|0|[]|13:54:12:734
21|2.1|636136518391136974|0|50057.015625|13.5978340981305|100.736238866593||||50057.015625|34.75|3400||||80073a|AIC331|6141|X|0|0|8||||132|5|0|0|[]|13:54:17:016
21|2.1|636136518432321092|0|50061.1328125|13.5943794129224|100.735380559709||||50061.1328125|35.25|3475||||80073a|AIC331|6141|X|0|0|8||||132|5|0|0|[]|13:54:21:133
21|2.1|636136518473975257|0|50065.296875|13.5907316086654|100.734414964464||||50065.296875|36|3550||||80073a|AIC331|6141|X|0|0|8||||132|5|0|0|[]|13:54:25:297
21|2.1|636136518514699329|0|50069.375|13.5872983811294|100.733106046466||||50069.375|36.25|3575||||80073a|AIC331|6141|X|0|0|8||||132|5|0|0|[]|13:54:29:375
21|2.1|636136518560093868|0|50073.90625|13.5834360001514|100.730981736928||||50073.90625|37|3625||||80073a|AIC331|6141|X|0|0|8||||132|5|0|0|[]|13:54:33:906
21|2.1|636136518601748033|0|50078.0859375|13.5800886033038|100.728492646965||||50078.0859375|37.5|3700||||80073a|AIC331|6141|X|0|0|8||||132|5|0|0|[]|13:54:38:086
21|2.1|636136518645742432|0|50082.4765625|13.576912867833|100.725488572871||||50082.4765625|37.75|3725||||80073a|AIC331|6141|X|0|0|8||||132|5|0|0|[]|13:54:42:477
21|2.1|636136518744652322|0|50092.375|13.5695528863027|100.717785268587||||50092.375|39.25|3875||||80073a|AIC331|6141|X|0|0|8||||132|5|0|0|[]|13:54:52:375
21|2.1|636136518789576814|0|50096.8515625|13.5660552857504|100.714180379674||||50096.8515625|40|3950||||80073a|AIC331|6141|X|0|0|8||||132|5|0|0|[]|13:54:56:852
21|2.1|636136518831080964|0|50101.015625|13.562750804247|100.710682779122||||50101.015625|40.75|4050||||80073a|AIC331|6141|X|0|0|8||||132|5|0|0|[]|13:55:01:016
21|2.1|636136518873205176|0|50105.2265625|13.5596394417925|100.706841855816||||50105.2265625|41.5|4125||||80073a|AIC331|6141|X|0|0|8||||132|5|0|0|[]|13:55:05:227
21|2.1|636136518917339589|0|50109.6484375|13.5569357751079|100.702249913987||||50109.6484375|42.25|4200||||80073a|AIC331|6141|X|0|0|8||||132|5|0|0|[]|13:55:09:648
21|2.1|636136518958373692|0|50113.7265625|13.5551762459957|100.697464853108||||50113.7265625|43|4275||||80073a|AIC331|6141|X|0|0|8||||132|5|0|0|[]|13:55:13:727
21|2.1|636136519001748029|0|50118.078125|13.5541033623907|100.692057519739||||50118.078125|43.75|4375||||80073a|AIC331|6141|X|0|0|8||||132|5|0|0|[]|13:55:18:078
21|2.1|636136519045742428|0|50122.4765625|13.5539746163581|100.686392694305||||50122.4765625|45|4500||||80073a|AIC331|6141|X|0|0|8||||132|5|0|0|[]|13:55:22:477
21|2.1|636136519086146468|0|50126.515625|13.5546612618653|100.681071191624||||50126.515625|46.25|4625||||80073a|AIC331|6141|X|0|0|8||||132|5|0|0|[]|13:55:26:516
21|2.1|636136519130290882|0|50130.921875|13.5563349602891|100.675492196878||||50130.921875|47.75|4800||||80073a|AIC331|6141|X|0|0|8||||132|5|0|0|[]|13:55:30:922
21|2.1|636136519171785031|0|50135.0859375|13.5587596772364|100.670471101606||||50135.0859375|49.5|4975||||80073a|AIC331|6141|X|0|0|8||||132|5|0|0|[]|13:55:35:086
21|2.1|636136519214219274|0|50139.3046875|13.5619139550351|100.665836244433||||50139.3046875|51|5125||||80073a|AIC331|6141|X|0|0|8||||132|5|0|0|[]|13:55:39:305
21|2.1|636136519255253377|0|50143.421875|13.5657334206689|100.661952405783||||50143.421875|52.5|5275||||80073a|AIC331|6141|X|0|0|8||||132|5|0|0|[]|13:55:43:422
21|2.1|636136519295187370|0|50147.421875|13.5698532937121|100.658540635919||||50147.421875|54.25|5450||||80073a|AIC331|6141|X|0|0|8||||132|5|0|0|[]|13:55:47:422
21|2.1|636136519338711722|0|50151.7734375|13.5744452355415|100.655150323727||||50151.7734375|56.25|5650||||80073a|AIC331|6141|X|0|0|8||||132|5|0|0|[]|13:55:51:773
21|2.1|636136519381465997|0|50156.0546875|13.5791444657314|100.651867299896||||50156.0546875|58|5875||||80073a|AIC331|6141|X|0|0|8||||132|5|0|0|[]|13:55:56:055
21|2.1|636136519423120162|0|50160.21875|13.583779322905|100.648648649081||||50160.21875|60|6075||||80073a|AIC331|6141|X|0|0|8||||132|5|0|0|[]|13:56:00:219
21|2.1|636136519468514701|0|50164.7421875|13.5887789605043|100.645279794561||||50164.7421875|62|6275||||80073a|AIC331|6141|X|0|0|8||||132|5|0|0|[]|13:56:04:742
21|2.1|636136519512969146|0|50169.203125|13.5938000557757|100.641953855386||||50169.203125|64|6500||||80073a|AIC331|6141|X|0|0|8||||132|5|0|0|[]|13:56:09:203
21|2.1|636136519554943343|0|50173.3984375|13.5985207436377|100.638842492931||||50173.3984375|66|6700||||80073a|AIC331|6141|X|0|0|8||||132|5|0|0|[]|13:56:13:398
21|2.1|636136519594877336|0|50177.3984375|13.6029410240903|100.635859876509||||50177.3984375|67.75|6900||||80073a|AIC331|6141|X|0|0|8||||132|5|0|0|[]|13:56:17:398
21|2.1|636136519639341782|0|50181.8359375|13.6078977463454|100.632576852678||||50181.8359375|69.75|7075||||80073a|AIC331|6141|X|0|0|8||||132|5|0|0|[]|13:56:21:836
21|2.1|636136519680995947|0|50186.0078125|13.6126184342074|100.629508405568||||50186.0078125|71.75|7325||||80073a|AIC331|6141|X|0|0|8||||132|5|0|0|[]|13:56:26:008
21|2.1|636136519725300377|0|50190.4296875|13.6175966141346|100.626289754753||||50190.4296875|73.75|7525||||80073a|AIC331|6141|X|0|0|8||||132|5|0|0|[]|13:56:30:430
21|2.1|636136519769604807|0|50194.859375|13.6225533363897|100.623071103938||||50194.859375|75.75|7775||||80073a|AIC331|6141|X|0|0|8||||132|5|0|0|[]|13:56:34:859
21|2.1|636136519811569003|0|50199.0546875|13.6272954819238|100.619981199155||||50199.0546875|77.5|7950||||80073a|AIC331|6141|X|0|0|8||||132|5|0|0|[]|13:56:39:055
21|2.1|636136519852753121|0|50203.1796875|13.6319303390974|100.616934209717||||50203.1796875|79.25|8125||||80073a|AIC331|6141|X|0|0|8||||132|5|0|0|[]|13:56:43:180
21|2.1|636136519896907536|0|50207.5859375|13.6370587227293|100.613608270541||||50207.5859375|81.25|8325||||80073a|AIC331|6141|X|0|0|8||||132|5|0|0|[]|13:56:47:586
21|2.1|636136519941361981|0|50212.046875|13.6419939873123|100.61032524671||||50212.046875|83|8525||||80073a|AIC331|6141|X|0|0|8||||132|5|0|0|[]|13:56:52:047
21|2.1|636136519984106255|0|50216.3125|13.6468863365511|100.607106595895||||50216.3125|85|8725||||80073a|AIC331|6141|X|0|0|8||||132|5|0|0|[]|13:56:56:313
21|2.1|636136520025290373|0|50220.4375|13.6515211937247|100.604038148785||||50220.4375|86.5|8875||||80073a|AIC331|6141|X|0|0|8||||132|5|0|0|[]|13:57:00:438
21|2.1|636136520069284772|0|50224.8359375|13.6564993736519|100.600669294265||||50224.8359375|88.25|9050||||80073a|AIC331|6141|X|0|0|8||||132|5|0|0|[]|13:57:04:836
21|2.1|636136520114219265|0|50229.3125|13.6616492149559|100.597278982073||||50229.3125|90.25|9275||||80073a|AIC331|6141|X|0|0|8||||132|5|0|0|[]|13:57:09:313
21|2.1|636136520155723415|0|50233.4765625|13.6663055298016|100.594124704275||||50233.4765625|92|9475||||80073a|AIC331|6141|X|0|0|8||||132|5|0|0|[]|13:57:13:477
21|2.1|636136520196907533|0|50237.59375|13.671112048352|100.590863138115||||50237.59375|94|9675||||80073a|AIC331|6141|X|0|0|8||||132|5|0|0|[]|13:57:17:594
21|2.1|636136520247132555|0|50242.6171875|13.6768412468027|100.58702221481||||50242.6171875|96.5|9925||||80073a|AIC331|6141|X|0|0|8||||132|5|0|0|[]|13:57:22:617
21|2.1|636136520320459887|0|50249.9296875|13.6856174346916|100.582108407899||||50249.9296875|100|10350||||80073a|AIC331|6141|X||0|8||||132|5|0|0|[]|13:57:29:930
21|2.1|636136520365694410|0|50254.46875|13.6914324638307|100.579748063968||||50254.46875|102|10525||||80073a|AIC331|6141|X|0|0|8||||132|5|0|0|[]|13:57:34:469
21|2.1|636136520410168857|0|50258.8984375|13.6974406120187|100.577945619511||||50258.8984375|104|10750||||80073a|AIC331|6141|X||0|8||||132|5|0|0|[]|13:57:38:898
21|2.1|636136520456803520|0|50263.5859375|13.7038349983045|100.576701074529||||50263.5859375|106|10975||||80073a|AIC331|6141|X||0|8||||132|5|0|0|[]|13:57:43:586
21|2.1|636136520505008340|0|50268.40625|13.7105727073439|100.576035886694||||50268.40625|108.25|11200||||80073a|AIC331|6141|X|0|0|8||||132|5|0|0|[]|13:57:48:406
21|2.1|636136520551032942|0|50273|13.717031466646|100.576035886694||||50273|110.5|11450||||80073a|AIC331|6141|X|0|0|8||||132|5|0|0|[]|13:57:53:000
21|2.1|636136520594877326|0|50277.3984375|13.7232112762108|100.576379209448||||50277.3984375|112.5|11650||||80073a|AIC331|6141|X|0|0|8||||132|5|0|0|[]|13:57:57:398
21|2.1|636136520635291367|0|50281.4375|13.7288761016452|100.576615243841||||50281.4375|114.25|11825||||80073a|AIC331|6141|X|0|0|8||||132|5|0|0|[]|13:58:01:438
21|2.1|636136520677405578|0|50285.6484375|13.734841334489|100.576851278234||||50285.6484375|116.25|12025||||80073a|AIC331|6141|X|0|0|8||||132|5|0|0|[]|13:58:05:648
21|2.1|636136520717489586|0|50289.6484375|13.7405490752676|100.577001481939||||50289.6484375|118|12225||||80073a|AIC331|6141|X|0|0|8||||132|5|0|0|[]|13:58:09:648
21|2.1|636136520760393876|0|50293.9453125|13.7467288848324|100.577130227971||||50293.9453125|119.25|12400||||80073a|AIC331|6141|X|0|0|8||||132|5|0|0|[]|13:58:13:945
21|2.1|636136520803608197|0|50298.2578125|13.7530159827577|100.577280431676||||50298.2578125|120.25|12500||||80073a|AIC331|6141|X|0|0|8||||132|5|0|0|[]|13:58:18:258
21|2.1|636136520845102346|0|50302.4140625|13.7592387076667|100.577366262365||||50302.4140625|121|12575||||80073a|AIC331|6141|X|0|0|8||||132|5|0|0|[]|13:58:22:414
21|2.1|636136520887226558|0|50306.6171875|13.7655901786083|100.577516466069||||50306.6171875|122|12675||||80073a|AIC331|6141|X|0|0|8||||132|5|0|0|[]|13:58:26:617
21|2.1|636136520927950630|0|50310.6953125|13.7718343611894|100.577666669774||||50310.6953125|122.75|12775||||80073a|AIC331|6141|X|0|0|8||||132|5|0|0|[]|13:58:30:695
21|2.1|636136520971624997|0|50315.0546875|13.7785076972125|100.577645212102||||50315.0546875|123.75|12875||||80073a|AIC331|6141|X|0|0|8||||132|5|0|0|[]|13:58:35:055
21|2.1|636136521016089443|0|50319.5078125|13.7855243559892|100.577130227971||||50319.5078125|124.75|13000||||80073a|AIC331|6141|X||0|8||||132|5|0|0|[]|13:58:39:508
21|2.1|636136521059923826|0|50323.890625|13.7924122687333|100.575928598334||||50323.890625|125.75|13075||||80073a|AIC331|6141|X|0|0|8||||132|5|0|0|[]|13:58:43:891
21|2.1|636136521105788412|0|50328.4765625|13.7993860121658|100.573954492501||||50328.4765625|126.75|13200||||80073a|AIC331|6141|X|0|0|8||||132|5|0|0|[]|13:58:48:477
21|2.1|636136521149002733|0|50332.796875|13.8060593481889|100.571315198832||||50332.796875|127.5|13275||||80073a|AIC331|6141|X|0|0|8||||132|5|0|0|[]|13:58:52:797
21|2.1|636136521189096742|0|50336.796875|13.8119602080164|100.568375497755||||50336.796875|128.5|13400||||80073a|AIC331|6141|X|0|0|8||||132|5|0|0|[]|13:58:56:797
21|2.1|636136521229350767|0|50340.8359375|13.8176035757787|100.564813524186||||50340.8359375|129.75|13500||||80073a|AIC331|6141|X|0|0|8||||132|5|0|0|[]|13:59:00:836
21|2.1|636136521272555087|0|50345.15625|13.8233542319015|100.560521989766||||50345.15625|131.25|13675||||80073a|AIC331|6141|X|0|0|8||||132|5|0|0|[]|13:59:05:156
21|2.1|636136521321700001|0|50350.0703125|13.8294052954337|100.554878622004||||50350.0703125|133.25|13875||||80073a|AIC331|6141|X|0|0|8||||132|5|0|0|[]|13:59:10:070
21|2.1|636136521363354166|0|50354.2265625|13.8341259832957|100.549578576995||||50354.2265625|135|14075||||80073a|AIC331|6141|X|0|0|8||||132|5|0|0|[]|13:59:14:227
21|2.1|636136521405318362|0|50358.4296875|13.8383746023715|100.5438064632||||50358.4296875|136.75|14250||||80073a|AIC331|6141|X|0|0|8||||132|5|0|0|[]|13:59:18:430
21|2.1|636136521449942824|0|50362.8984375|13.8424086447263|100.537283330882||||50362.8984375|138.75|14500||||80073a|AIC331|6141|X|0|0|8||||132|5|0|0|[]|13:59:22:898
21|2.1|636136521490336863|0|50366.9375|13.845562922525|100.531167894333||||50366.9375|140.5|14675||||80073a|AIC331|6141|X|0|0|8||||132|5|0|0|[]|13:59:26:938
21|2.1|636136521534331262|0|50371.3359375|13.84878157334|100.524322896933||||50371.3359375|142.5|14875||||80073a|AIC331|6141|X|0|0|8||||132|5|0|0|[]|13:59:31:336
21|2.1|636136521575675396|0|50375.46875|13.851785647434|100.517885595303||||50375.46875|144.5|15075||||80073a|AIC331|6141|X|0|0|8||||132|5|0|0|[]|13:59:35:469
21|2.1|636136521616549483|0|50379.546875|13.8546824331675|100.511405378329||||50379.546875|146.25|15275||||80073a|AIC331|6141|X|0|0|8||||132|5|0|0|[]|13:59:39:547
21|2.1|636136521658823710|0|50383.7890625|13.8574719305405|100.504496007913||||50383.7890625|148.25|15475||||80073a|AIC331|6141|X|0|0|8||||132|5|0|0|[]|13:59:43:789
21|2.1|636136521700167844|0|50387.90625|13.8598966474878|100.497715383529||||50387.90625|150|15650||||80073a|AIC331|6141|X|0|0|8||||132|5|0|0|[]|13:59:47:906
21|2.1|636136521749312758|0|50392.8359375|13.8624501104677|100.489582925803||||50392.8359375|152|15875||||80073a|AIC331|6141|X|0|0|8||||132|5|0|0|[]|13:59:52:836
21|2.1|636136521792207047|0|50397.1171875|13.8644671316451|100.482265859617||||50397.1171875|153.75|16100||||80073a|AIC331|6141|X|0|0|8||||132|5|0|0|[]|13:59:57:117
21|2.1|636136521837451571|0|50401.6484375|13.8662481184294|100.474476724645||||50401.6484375|155|16225||||80073a|AIC331|6141|X|0|0|8||||132|5|0|0|[]|14:00:01:648
21|2.1|636136521877855611|0|50405.6875|13.8676857824601|100.467266946819||||50405.6875|155.75|16325||||80073a|AIC331|6141|X|0|0|8||||132|5|0|0|[]|14:00:05:688
21|2.1|636136521919049730|0|50409.8046875|13.8688230390814|100.459928422961||||50409.8046875|156.25|16375||||80073a|AIC331|6141|X|0|0|8||||132|5|0|0|[]|14:00:09:805
21|2.1|636136521960543879|0|50413.9453125|13.8697242613096|100.452439695398||||50413.9453125|156.75|16425||||80073a|AIC331|6141|X|0|0|8||||132|5|0|0|[]|14:00:13:945
21|2.1|636136522005628387|0|50418.4609375|13.8707327718983|100.444114118624||||50418.4609375|157.5|16525||||80073a|AIC331|6141|X||0|8||||132|5|0|0|[]|14:00:18:461
21|2.1|636136522046812505|0|50422.578125|13.8716339941265|100.436475187356||||50422.578125|158.25|16600||||80073a|AIC331|6141|X|0|0|8||||132|5|0|0|[]|14:00:22:578
21|2.1|636136522087216545|0|50426.6171875|13.8725781316989|100.428728967728||||50426.6171875|158.75|16650||||80073a|AIC331|6141|X||0|8||||132|5|0|0|[]|14:00:26:617
21|2.1|636136522127630586|0|50430.65625|13.8734793539271|100.42109003646||||50430.65625|159.5|16725||||80073a|AIC331|6141|X||0|8||||132|5|0|0|[]|14:00:30:656
21|2.1|636136522172085031|0|50435.109375|13.8745736952042|100.412442594604||||50435.109375|160.25|16825||||80073a|AIC331|6141|X|0|0|8||||132|5|0|0|[]|14:00:35:109
21|2.1|636136522216699492|0|50439.5703125|13.8756465788092|100.403859525764||||50439.5703125|161.25|16925||||80073a|AIC331|6141|X|0|0|8||||132|5|0|0|[]|14:00:39:570
21|2.1|636136522258663688|0|50443.765625|13.8766121740537|100.395619779678||||50443.765625|162|17000||||80073a|AIC331|6141|X||0|8||||132|5|0|0|[]|14:00:43:766
21|2.1|636136522298757697|0|50447.765625|13.8775992269703|100.387723356345||||50447.765625|163|17125||||80073a|AIC331|6141|X|0|0|8||||132|5|0|0|[]|14:00:47:766
21|2.1|636136522350242845|0|50452.9296875|13.8788437719521|100.377402216065||||50452.9296875|164.5|17300||||80073a|AIC331|6141|X|0|0|8||||132|5|0|0|[]|14:00:52:930
21|2.1|636136522390646885|0|50456.96875|13.8798308248687|100.369398504371||||50456.96875|165.75|17400||||80073a|AIC331|6141|X|0|0|8||||132|5|0|0|[]|14:00:56:969
21|2.1|636136522434481268|0|50461.3046875|13.8809466238179|100.360579401138||||50461.3046875|167.5|17600||||80073a|AIC331|6141|X|0|0|8||||132|5|0|0|[]|14:01:01:305
21|2.1|636136522475365356|0|50465.4296875|13.8819551344066|100.352339655052||||50465.4296875|169|17750||||80073a|AIC331|6141|X|0|0|8||||132|5|0|0|[]|14:01:05:430
21|2.1|636136522516859505|0|50469.578125|13.8829851026674|100.344056993621||||50469.578125|170.5|17925||||80073a|AIC331|6141|X|0|0|8||||132|5|0|0|[]|14:01:09:578
21|2.1|636136522557263545|0|50473.6171875|13.8840579862724|100.335817247535||||50473.6171875|172.25|18125||||80073a|AIC331|6141|X|0|0|8||||132|5|0|0|[]|14:01:13:617
21|2.1|636136522600327851|0|50477.9375|13.8851308698774|100.327105432662||||50477.9375|174|18325||||80073a|AIC331|6141|X|0|0|8||||132|5|0|0|[]|14:01:17:938
21|2.1|636136522641661984|0|50482.0546875|13.8861608381382|100.318822771232||||50482.0546875|175.5|18475||||80073a|AIC331|6141|X|0|0|8||||132|5|0|0|[]|14:01:22:055
21|2.1|636136522681595977|0|50486.0625|13.8871693487269|100.310711771178||||50486.0625|177.25|18675||||80073a|AIC331|6141|X|0|0|8||||132|5|0|0|[]|14:01:26:063
21|2.1|636136522725280345|0|50490.4296875|13.8882851476761|100.301763921912||||50490.4296875|179.25|18850||||80073a|AIC331|6141|X|0|0|8||||132|5|0|0|[]|14:01:30:430
21|2.1|636136522768334650|0|50494.7265625|13.8893151159369|100.293030649367||||50494.7265625|180.75|19000||||80073a|AIC331|6141|X|0|0|8||||132|5|0|0|[]|14:01:34:727
21|2.1|636136522811408957|0|50499.0390625|13.8904309148861|100.284254461479||||50499.0390625|182.25|19200||||80073a|AIC331|6141|X|0|0|8||||132|5|0|0|[]|14:01:39:039
21|2.1|636136522855393355|0|50503.4375|13.8915252561632|100.275242239197||||50503.4375|183.5|19325||||80073a|AIC331|6141|X|0|0|8||||132|5|0|0|[]|14:01:43:438
21|2.1|636136522897507566|0|50507.6484375|13.8926195974403|100.266573339668||||50507.6484375|185|19475||||80073a|AIC331|6141|X|0|0|8||||132|5|0|0|[]|14:01:47:648
21|2.1|636136522942442059|0|50512.1484375|13.8937997694058|100.257282167649||||50512.1484375|186.5|19675||||80073a|AIC331|6141|X|0|0|8||||132|5|0|0|[]|14:01:52:148
21|2.1|636136522982846099|0|50516.1875|13.8948726530108|100.248827844841||||50516.1875|187.75|19775||||80073a|AIC331|6141|X|0|0|8||||132|5|0|0|[]|14:01:56:188
21|2.1|636136523022940108|0|50520.1875|13.8958811635995|100.240480810395||||50520.1875|189.25|19950||||80073a|AIC331|6141|X|0|0|8||||132|5|0|0|[]|14:02:00:188
21|2.1|636136523067244538|0|50524.6171875|13.897061335565|100.23133984208||||50524.6171875|190.75|20100||||80073a|AIC331|6141|X|0|0|8||||132|5|0|0|[]|14:02:04:617
21|2.1|636136523112479061|0|50529.140625|13.8982200498584|100.221962839372||||50529.140625|192.5|20300||||80073a|AIC331|6141|X|0|0|8||||132|5|0|0|[]|14:02:09:141
21|2.1|636136523152583071|0|50533.1484375|13.8992929334634|100.213572889581||||50533.1484375|194|20450||||80073a|AIC331|6141|X|0|0|8||||132|5|0|0|[]|14:02:13:148
21|2.1|636136523196727485|0|50537.5703125|13.9004516477568|100.20436754825||||50537.5703125|195.5|20600||||80073a|AIC331|6141|X|0|0|8||||132|5|0|0|[]|14:02:17:570
21|2.1|636136523239941806|0|50541.8515625|13.9015889043781|100.195312410624||||50541.8515625|196.75|20750||||80073a|AIC331|6141|X|0|0|8||||132|5|0|0|[]|14:02:21:852
21|2.1|636136523283776189|0|50546.28125|13.9027905340157|100.186021238605||||50546.28125|198|20900||||80073a|AIC331|6141|X|0|0|8||||132|5|0|0|[]|14:02:26:281
21|2.1|636136523326370448|0|50550.515625|13.9039063329649|100.176901727962||||50550.515625|199.25|21025||||80073a|AIC331|6141|X|0|0|8||||132|5|0|0|[]|14:02:30:516
21|2.1|636136523380035814|0|50555.8984375|13.9053439969956|100.165378958045||||50555.8984375|201|21225||||80073a|AIC331|6141|X|0|0|8||||132|5|0|0|[]|14:02:35:898
21|2.1|636136523426060416|0|50560.5|13.9065456266332|100.155551344223||||50560.5|202.5|21375||||80073a|AIC331|6141|X|0|0|8||||132|5|0|0|[]|14:02:40:500
21|2.1|636136523467234533|0|50564.6171875|13.9076399679103|100.146818071678||||50564.6171875|203.75|21500||||80073a|AIC331|6141|X|0|0|8||||132|5|0|0|[]|14:02:44:617
21|2.1|636136523513889198|0|50569.2890625|13.9089274282363|100.136711508119||||50569.2890625|205.5|21700||||80073a|AIC331|6141|X|0|0|8||||132|5|0|0|[]|14:02:49:289
21|2.1|636136523554753284|0|50573.3671875|13.9100003118413|100.128085523935||||50573.3671875|206.75|21825||||80073a|AIC331|6141|X|0|0|8||||132|5|0|0|[]|14:02:53:367
21|2.1|636136523599377746|0|50577.8359375|13.9112448568231|100.118408113818||||50577.8359375|208.25|22000||||80073a|AIC331|6141|X|0|0|8||||132|5|0|0|[]|14:02:57:836
21|2.1|636136523640561864|0|50581.9609375|13.9123606557723|100.10954609524||||50581.9609375|209.5|22150||||80073a|AIC331|6141|X|0|0|8||||132|5|0|0|[]|14:03:01:961
21|2.1|636136523681435951|0|50586.0390625|13.9134979123936|100.100641161319||||50586.0390625|210.5|22250||||80073a|AIC331|6141|X|0|0|8||||132|5|0|0|[]|14:03:06:039
21|2.1|636136523725590366|0|50590.453125|13.9147424573754|100.091092497234||||50590.453125|211.5|22350||||80073a|AIC331|6141|X|0|0|8||||132|5|0|0|[]|14:03:10:453
21|2.1|636136523770204827|0|50594.90625|13.915944087013|100.081264883413||||50594.90625|213|22525||||80073a|AIC331|6141|X|0|0|8||||132|5|0|0|[]|14:03:14:906
21|2.1|636136523814509257|0|50599.3359375|13.9171242589785|100.07163038864||||50599.3359375|214.5|22675||||80073a|AIC331|6141|X|0|0|8||||132|5|0|0|[]|14:03:19:336
21|2.1|636136523855223328|0|50603.421875|13.9182615155998|100.062618166358||||50603.421875|215.75|22800||||80073a|AIC331|6141|X|0|0|8||||132|5|0|0|[]|14:03:23:422
21|2.1|636136523895167322|0|50607.421875|13.9193129415327|100.053863436141||||50607.421875|217.25|22950||||80073a|AIC331|6141|X|0|0|8||||132|5|0|0|[]|14:03:27:422
21|2.1|636136523937281533|0|50611.6171875|13.920450198154|100.044636637138||||50611.6171875|218.5|23075||||80073a|AIC331|6141|X|0|0|8||||132|5|0|0|[]|14:03:31:617
21|2.1|636136523981745979|0|50616.0703125|13.9216518277916|100.034959227021||||50616.0703125|220|23275||||80073a|AIC331|6141|X|0|0|8||||132|5|0|0|[]|14:03:36:070
21|2.1|636136524024180222|0|50620.3125|13.9227890844129|100.025496393625||||50620.3125|221.5|23425||||80073a|AIC331|6141|X|0|0|8||||132|5|0|0|[]|14:03:40:313
21|2.1|636136524064894293|0|50624.390625|13.92388342569|100.016462713671||||50624.390625|222.75|23550||||80073a|AIC331|6141|X|0|0|8||||132|5|0|0|[]|14:03:44:391
21|2.1|636136524109058709|0|50628.8125|13.9250850553276|100.006699472865||||50628.8125|224.25|23725||||80073a|AIC331|6141|X|0|0|8||||132|5|0|0|[]|14:03:48:813
21|2.1|636136524158193622|0|50633.71875|13.9264368886699|99.9958633484545||||50633.71875|226|23900||||80073a|AIC331|6141|X|0|0|8||||132|5|0|0|[]|14:03:53:719
21|2.1|636136524201867989|0|50638.09375|13.9276385183075|99.986100107649||||50638.09375|227.25|24050||||80073a|AIC331|6141|X|0|0|8||||132|5|0|0|[]|14:03:58:094
21|2.1|636136524242432045|0|50642.1328125|13.9287543172567|99.9772166313996||||50642.1328125|228.75|24200||||80073a|AIC331|6141|X|0|0|8||||132|5|0|0|[]|14:04:02:133
21|2.1|636136524286576459|0|50646.546875|13.9299559468943|99.967431932922||||50646.546875|230|24325||||80073a|AIC331|6141|X|0|0|8||||132|5|0|0|[]|14:04:06:547
21|2.1|636136524328700671|0|50650.75|13.9311361188598|99.9580549302143||||50650.75|231.25|24450||||80073a|AIC331|6141|X|0|0|8||||132|5|0|0|[]|14:04:10:750
21|2.1|636136524370664867|0|50654.953125|13.9322948331532|99.9486993851787||||50654.953125|232.5|24625||||80073a|AIC331|6141|X|0|0|8||||132|5|0|0|[]|14:04:14:953
21|2.1|636136524414499250|0|50659.34375|13.9334964627908|99.9388717713569||||50659.34375|234|24775||||80073a|AIC331|6141|X|0|0|8||||132|5|0|0|[]|14:04:19:344
21|2.1|636136524459743774|0|50663.859375|13.9347839231168|99.928808123142||||50663.859375|235.5|24925||||80073a|AIC331|6141|X|0|0|8||||132|5|0|0|[]|14:04:23:859
21|2.1|636136524509198719|0|50668.8125|13.9362001294754|99.9175857606337||||50668.8125|237.25|25100||||80073a|AIC331|6141|X|0|0|8||||132|5|0|0|[]|14:04:28:813
21|2.1|636136524553193118|0|50673.203125|13.9374875898014|99.9077366891398||||50673.203125|238.75|25275||||80073a|AIC331|6141|X|0|0|8||||132|5|0|0|[]|14:04:33:203
21|2.1|636136524601867985|0|50678.09375|13.9388608808158|99.8967074456804||||50678.09375|240.25|25450||||80073a|AIC331|6141|X|0|0|8||||132|5|0|0|[]|14:04:38:094
21|2.1|636136524642902088|0|50682.171875|13.9400195951092|99.8876952233984||||50682.171875|241.75|25575||||80073a|AIC331|6141|X|0|0|8||||132|5|0|0|[]|14:04:42:172
21|2.1|636136524682836081|0|50686.171875|13.9411353940584|99.8786830011164||||50686.171875|242.75|25700||||80073a|AIC331|6141|X|0|0|8||||132|5|0|0|[]|14:04:46:172
21|2.1|636136524724640261|0|50690.3515625|13.9423584813681|99.8692416253924||||50690.3515625|244|25825||||80073a|AIC331|6141|X|0|0|8||||132|5|0|0|[]|14:04:50:352
21|2.1|636136524768474644|0|50694.7421875|13.9436030263499|99.8593067232101||||50694.7421875|245.25|25950||||80073a|AIC331|6141|X|0|0|8||||132|5|0|0|[]|14:04:54:742
21|2.1|636136524812479044|0|50699.140625|13.9448261136596|99.8493289056836||||50699.140625|246.25|26100||||80073a|AIC331|6141|X|0|0|8||||132|5|0|0|[]|14:04:59:141
21|2.1|636136524856153411|0|50703.5078125|13.9460706586414|99.8393725458292||||50703.5078125|247|26175||||80073a|AIC331|6141|X|0|0|8||||132|5|0|0|[]|14:05:03:508
21|2.1|636136524896557451|0|50707.546875|13.9471864575906|99.8302101198425||||50707.546875|247.75|26250||||80073a|AIC331|6141|X|0|0|8||||132|5|0|0|[]|14:05:07:547
21|2.1|636136524938371632|0|50711.734375|13.948345171884|99.8206185404138||||50711.734375|248.5|26325||||80073a|AIC331|6141|X|0|0|8||||132|5|0|0|[]|14:05:11:734
21|2.1|636136524980495844|0|50715.9296875|13.9495253438495|99.8110269609851||||50715.9296875|249.75|26450||||80073a|AIC331|6141|X||0|8||||132|5|0|0|[]|14:05:15:930
21|2.1|636136525029950789|0|50720.8828125|13.9508986348639|99.7998045984768||||50720.8828125|251.25|26625||||80073a|AIC331|6141|X|0|0|8||||132|5|0|0|[]|14:05:20:883
21|2.1|636136525073475141|0|50725.25|13.9521431798457|99.7897194925898||||50725.25|252.5|26775||||80073a|AIC331|6141|X|0|0|8||||132|5|0|0|[]|14:05:25:250
21|2.1|636136525117469540|0|50729.6328125|13.9534091824996|99.7796343867028||||50729.6328125|253.5|26850||||80073a|AIC331|6141|X|0|0|8||||132|5|0|0|[]|14:05:29:633
21|2.1|636136525158643657|0|50733.75|13.9545464391209|99.7701715533067||||50733.75|254.75|27000||||80073a|AIC331|6141|X|0|0|8||||132|5|0|0|[]|14:05:33:750
21|2.1|636136525201707963|0|50738.0625|13.9557909841027|99.7602581087965||||50738.0625|255.75|27125||||80073a|AIC331|6141|X|0|0|8||||132|5|0|0|[]|14:05:38:063
21|2.1|636136525245232315|0|50742.421875|13.9570355290845|99.7501300875653||||50742.421875|256.75|27225||||80073a|AIC331|6141|X|0|0|8||||132|5|0|0|[]|14:05:42:422
21|2.1|636136525289376729|0|50746.828125|13.9582586163942|99.7399376933178||||50746.828125|258|27375||||80073a|AIC331|6141|X|0|0|8||||132|5|0|0|[]|14:05:46:828
21|2.1|636136525331970988|0|50751.09375|13.9594817037039|99.7299813334634||||50751.09375|259|27475||||80073a|AIC331|6141|X|0|0|8||||132|5|0|0|[]|14:05:51:094
21|2.1|636136525373005091|0|50755.203125|13.9605975026531|99.7204755847231||||50755.203125|260|27575||||80073a|AIC331|6141|X|0|0|8||||132|5|0|0|[]|14:05:55:203
21|2.1|636136525414339224|0|50759.3203125|13.9617562169465|99.7109483783107||||50759.3203125|260.75|27650||||80073a|AIC331|6141|X|0|0|8||||132|5|0|0|[]|14:05:59:320
21|2.1|636136525460833873|0|50763.96875|13.9630651349446|99.7001980845886||||50763.96875|261.75|27775||||80073a|AIC331|6141|X|0|0|8||||132|5|0|0|[]|14:06:03:969
21|2.1|636136525502017991|0|50768.09375|13.9642667645822|99.690413386111||||50768.09375|263|27900||||80073a|AIC331|6141|X|0|0|8||||132|5|0|0|[]|14:06:08:094
21|2.1|636136525546172406|0|50772.5078125|13.9655327672361|99.6801566188472||||50772.5078125|264|28000||||80073a|AIC331|6141|X|0|0|8||||132|5|0|0|[]|14:06:12:508
21|2.1|636136525590006789|0|50776.8984375|13.9668416852342|99.6698569362392||||50776.8984375|265.25|28150||||80073a|AIC331|6141|X|0|0|8||||132|5|0|0|[]|14:06:16:898
21|2.1|636136525633371125|0|50781.21875|13.9680647725439|99.6597718303522||||50781.21875|266.25|28250||||80073a|AIC331|6141|X|0|0|8||||132|5|0|0|[]|14:06:21:219
21|2.1|636136525677055493|0|50785.59375|13.9693522328699|99.6494506900721||||50785.59375|267.25|28350||||80073a|AIC331|6141|X|0|0|8||||132|5|0|0|[]|14:06:25:594
21|2.1|636136525719639751|0|50789.8515625|13.9705753201796|99.6396016185782||||50789.8515625|268.25|28475||||80073a|AIC331|6141|X|0|0|8||||132|5|0|0|[]|14:06:29:852
21|2.1|636136525760363823|0|50793.9296875|13.9717769498172|99.6299456661332||||50793.9296875|269.25|28600||||80073a|AIC331|6141|X|0|0|8||||132|5|0|0|[]|14:06:33:930
21|2.1|636136525802478034|0|50798.1328125|13.9729785794548|99.620032221623||||50798.1328125|270.25|28675||||80073a|AIC331|6141|X|0|0|8||||132|5|0|0|[]|14:06:38:133
21|2.1|636136525844292215|0|50802.328125|13.9742445821087|99.6100973194407||||50802.328125|271|28750||||80073a|AIC331|6141|X|0|0|8||||132|5|0|0|[]|14:06:42:328
21|2.1|636136525887976583|0|50806.6796875|13.9754891270905|99.5999263828653||||50806.6796875|272.25|28900||||80073a|AIC331|6141|X|0|0|8||||132|5|0|0|[]|14:06:46:680
21|2.1|636136525928690654|0|50810.7578125|13.9766478413839|99.590206057404||||50810.7578125|273.25|29025||||80073a|AIC331|6141|X|0|0|8||||132|5|0|0|[]|14:06:50:758
21|2.1|636136525973465131|0|50815.2421875|13.9779996747262|99.5795201366982||||50815.2421875|274.25|29125||||80073a|AIC331|6141|X|0|0|8||||132|5|0|0|[]|14:06:55:242
21|2.1|636136526013869171|0|50819.28125|13.9791369313475|99.57003584563||||50819.28125|275|29200||||80073a|AIC331|6141|X|0|0|8||||132|5|0|0|[]|14:06:59:281
21|2.1|636136526055523336|0|50823.4453125|13.9803814763293|99.5599936550872||||50823.4453125|276.25|29325||||80073a|AIC331|6141|X|0|0|8||||132|5|0|0|[]|14:07:03:445
21|2.1|636136526097177501|0|50827.609375|13.9817118519995|99.5500158375607||||50827.609375|277.25|29450||||80073a|AIC331|6141|X|0|0|8||||132|5|0|0|[]|14:07:07:609
21|2.1|636136526140081791|0|50831.9140625|13.983321177407|99.5398449009853||||50831.9140625|278.25|29550||||80073a|AIC331|6141|X|0|0|8||||132|5|0|0|[]|14:07:11:914
21|2.1|636136526183296112|0|50836.21875|13.9852738255681|99.529695422082||||50836.21875|279.25|29650||||80073a|AIC331|6141|X|0|0|8||||132|5|0|0|[]|14:07:16:219
21|2.1|636136526224940276|0|50840.3828125|13.9874625081223|99.520039469637||||50840.3828125|280|29750||||80073a|AIC331|6141|X|0|0|8||||132|5|0|0|[]|14:07:20:383
21|2.1|636136526264884270|0|50844.3828125|13.9899301404138|99.5107482976177||||50844.3828125|280.75|29825||||80073a|AIC331|6141|X||0|8||||132|5|0|0|[]|14:07:24:383
21|2.1|636136526307008482|0|50848.578125|13.9926767224426|99.5010065144843||||50848.578125|281.75|29925||||80073a|AIC331|6141|X||0|8||||132|5|0|0|[]|14:07:28:578
21|2.1|636136526350682849|0|50852.953125|13.9957880848971|99.4908784932531||||50852.953125|282.5|30000||||80073a|AIC331|6141|X||0|8||||132|5|0|0|[]|14:07:32:953
21|2.1|636136526396077388|0|50857.4921875|13.9990925664005|99.4802784032357||||50857.4921875|283.75|30150||||80073a|AIC331|6141|X|0|0|8||||132|5|0|0|[]|14:07:37:492
21|2.1|636136526436341414|0|50861.53125|14.0020751828224|99.4710730619048||||50861.53125|284.75|30250||||80073a|AIC331|6141|X|0|0|8||||132|5|0|0|[]|14:07:41:531
21|2.1|636136526477675547|0|50865.6484375|14.0051436299327|99.4616531438529||||50865.6484375|285.5|30325||||80073a|AIC331|6141|X|0|0|8||||132|5|0|0|[]|14:07:45:648
21|2.1|636136526519479727|0|50869.84375|14.0083408230756|99.4519757337358||||50869.84375|286.5|30425||||80073a|AIC331|6141|X|0|0|8||||132|5|0|0|[]|14:07:49:844
21|2.1|636136526562384017|0|50874.125|14.0116238469069|99.4421266622419||||50874.125|287.5|30575||||80073a|AIC331|6141|X|0|0|8||||132|5|0|0|[]|14:07:54:125
21|2.1|636136526607318510|0|50878.609375|14.015078532115|99.4317626066176||||50878.609375|288.75|30675||||80073a|AIC331|6141|X|0|0|8||||132|5|0|0|[]|14:07:58:609
21|2.1|636136526650992877|0|50882.9921875|14.0184688443068|99.4216775007306||||50882.9921875|290|30825||||80073a|AIC331|6141|X|0|0|8||||132|5|0|0|[]|14:08:02:992
21|2.1|636136526694987276|0|50887.3828125|14.0218162411544|99.4118069715646||||50887.3828125|291.25|30950||||80073a|AIC331|6141|X|0|0|8||||132|5|0|0|[]|14:08:07:383
21|2.1|636136526738511628|0|50891.7421875|14.0252065533462|99.4017004080055||||50891.7421875|292.25|31050||||80073a|AIC331|6141|X|0|0|8||||132|5|0|0|[]|14:08:11:742
21|2.1|636136526778915668|0|50895.78125|14.0283393734728|99.3925379820188||||50895.78125|293|31150||||80073a|AIC331|6141|X|0|0|8||||132|5|0|0|[]|14:08:15:781
21|2.1|636136526822600036|0|50900.15625|14.0317296856646|99.3824099607876||||50900.15625|293.75|31225||||80073a|AIC331|6141|X|0|0|8||||132|5|0|0|[]|14:08:20:156
21|2.1|636136526866444420|0|50904.53125|14.0351843708727|99.3722604818843||||50904.53125|294.75|31325||||80073a|AIC331|6141|X|0|0|8||||132|5|0|0|[]|14:08:24:531
21|2.1|636136526907628538|0|50908.640625|14.0383815640156|99.3628191061603||||50908.640625|295.5|31425||||80073a|AIC331|6141|X|0|0|8||||132|5|0|0|[]|14:08:28:641
21|2.1|636136526949122687|0|50912.8046875|14.0416216725027|99.353098780699||||50912.8046875|296.25|31500||||80073a|AIC331|6141|X|0|0|8||||132|5|0|0|[]|14:08:32:805
21|2.1|636136526992807055|0|50917.171875|14.0449476116782|99.3431424208446||||50917.171875|297.5|31650||||80073a|AIC331|6141|X|0|0|8||||132|5|0|0|[]|14:08:37:172
21|2.1|636136527041011875|0|50921.984375|14.0486812466236|99.332070262041||||50921.984375|298.75|31775||||80073a|AIC331|6141|X|0|0|8||||132|5|0|0|[]|14:08:41:984
21|2.1|636136527084536227|0|50926.34375|14.0520715588154|99.3219422408098||||50926.34375|300|31900||||80073a|AIC331|6141|X|0|0|8||||132|5|0|0|[]|14:08:46:344
21|2.1|636136527126190392|0|50930.5|14.0552472942862|99.3122219153485||||50930.5|301|32025||||80073a|AIC331|6141|X|0|0|8||||132|5|0|0|[]|14:08:50:500
21|2.1|636136527171124885|0|50934.9921875|14.0585088604454|99.3017720290358||||50934.9921875|302.25|32150||||80073a|AIC331|6141|X|0|0|8||||132|5|0|0|[]|14:08:54:992
21|2.1|636136527211058878|0|50938.9921875|14.0613627308347|99.2925023146886||||50938.9921875|303.5|32300||||80073a|AIC331|6141|X|0|0|8||||132|5|0|0|[]|14:08:58:992
21|2.1|636136527255203292|0|50943.4140625|14.0643668049287|99.2822240897527||||50943.4140625|305|32450||||80073a|AIC331|6141|X|0|0|8||||132|5|0|0|[]|14:09:03:414
21|2.1|636136527296547426|0|50947.53125|14.0671133869575|99.2726539679961||||50947.53125|306.25|32575||||80073a|AIC331|6141|X|0|0|8||||132|5|0|0|[]|14:09:07:531
21|2.1|636136527341941965|0|50952.0859375|14.0700530880352|99.2621397086671||||50952.0859375|307.5|32725||||80073a|AIC331|6141|X|0|0|8||||132|5|0|0|[]|14:09:12:086
21|2.1|636136527391236894|0|50957.015625|14.0731644504897|99.2504881927168||||50957.015625|309|32875||||80073a|AIC331|6141|X|0|0|8||||132|5|0|0|[]|14:09:17:016
21|2.1|636136527431340904|0|50961.015625|14.075589167437|99.2411111900091||||50961.015625|310|33000||||80073a|AIC331|6141|X|0|0|8||||132|5|0|0|[]|14:09:21:016
21|2.1|636136527471274897|0|50965.015625|14.0779280536959|99.2317341873014||||50965.015625|311.25|33125||||80073a|AIC331|6141|X|0|0|8||||132|5|0|0|[]|14:09:25:016
21|2.1|636136527515429312|0|50969.4296875|14.0804386013316|99.2213701316771||||50969.4296875|312.5|33250||||80073a|AIC331|6141|X|0|0|8||||132|5|0|0|[]|14:09:29:430
21|2.1|636136527556293398|0|50973.515625|14.0826487415579|99.2117570945763||||50973.515625|313.75|33375||||80073a|AIC331|6141|X|0|0|8||||132|5|0|0|[]|14:09:33:516
21|2.1|636136527601847953|0|50978.0625|14.085030543161|99.2011355468868||||50978.0625|315|33525||||80073a|AIC331|6141|X|0|0|8||||132|5|0|0|[]|14:09:38:063
21|2.1|636136527644132181|0|50982.3046875|14.0872192257152|99.1909860679835||||50982.3046875|315.75|33600||||80073a|AIC331|6141|X|0|0|8||||132|5|0|0|[]|14:09:42:305
21|2.1|636136527685786346|0|50986.4609375|14.089322077581|99.1813086578664||||50986.4609375|316.5|33675||||80073a|AIC331|6141|X|0|0|8||||132|5|0|0|[]|14:09:46:461
21|2.1|636136527727430510|0|50990.6328125|14.0915322178073|99.1713093826678||||50990.6328125|317.25|33775||||80073a|AIC331|6141|X|0|0|8||||132|5|0|0|[]|14:09:50:633
21|2.1|636136527768934660|0|50994.7734375|14.0936350696731|99.1615890572065||||50994.7734375|317.75|33825||||80073a|AIC331|6141|X|0|0|8||||132|5|0|0|[]|14:09:54:773
21|2.1|636136527810908857|0|50998.9765625|14.0958237522273|99.15161123968||||50998.9765625|318.5|33900||||80073a|AIC331|6141|X|0|0|8||||132|5|0|0|[]|14:09:58:977
21|2.1|636136527850842850|0|51002.9765625|14.0978836887489|99.1421269486118||||51002.9765625|319.25|34000||||80073a|AIC331|6141|X|0|0|8||||132|5|0|0|[]|14:10:02:977
21|2.1|636136527893107076|0|51007.203125|14.1001367443194|99.131870181348||||51007.203125|319.75|34050||||80073a|AIC331|6141|X|0|0|8||||132|5|0|0|[]|14:10:07:203
21|2.1|636136527940541819|0|51011.9296875|14.1025829189388|99.1206263611676||||51011.9296875|320|34075||||80073a|AIC331|6141|X|0|0|8||||132|5|0|0|[]|14:10:11:930
21|2.1|636136527984366201|0|51016.3125|14.1049003475256|99.1100691864944||||51016.3125|320|34075||||80073a|AIC331|6141|X|0|0|8||||132|5|0|0|[]|14:10:16:313
21|2.1|636136528040221786|0|51021.9140625|14.1078400486033|99.096679599104||||51021.9140625|320|34100||||80073a|AIC331|6141|X|0|0|8||||132|5|0|0|[]|14:10:21:914
21|2.1|636136528089516715|0|51026.84375|14.1104364269274|99.0849422524653||||51026.84375|320|34075||||80073a|AIC331|6141|X|0|0|8||||132|5|0|0|[]|14:10:26:844
21|2.1|636136528130400803|0|51030.921875|14.1125392787932|99.0751360963156||||51030.921875|320|34075||||80073a|AIC331|6141|X|0|0|8||||132|5|0|0|[]|14:10:30:922
21|2.1|636136528178445607|0|51035.734375|14.1150498264289|99.0637206147584||||51035.734375|320|34100||||80073a|AIC331|6141|X|0|0|8||||132|5|0|0|[]|14:10:35:734
21|2.1|636136528228210583|0|51040.703125|14.1176676624251|99.0518116067429||||51040.703125|320|34075||||80073a|AIC331|6141|X|0|0|8||||132|5|0|0|[]|14:10:40:703
21|2.1|636136528268924654|0|51044.78125|14.1197490566188|99.0423273156747||||51044.78125|320|34100||||80073a|AIC331|6141|X||0|8||||132|5|0|0|[]|14:10:44:781
21|2.1|636136528309798741|0|51048.8671875|14.1218733661567|99.0326069902134||||51048.8671875|320|34075||||80073a|AIC331|6141|X|0|0|8||||132|5|0|0|[]|14:10:48:867
21|2.1|636136528357063467|0|51053.59375|14.1243409984482|99.0212344240004||||51053.59375|320|34100||||80073a|AIC331|6141|X||0|8||||132|5|0|0|[]|14:10:53:594
21|2.1|636136528420249785|0|51059.8515625|14.1275381915911|99.0066002916282||||51059.8515625|320|34075||||80073a|AIC331|6141|X||0|8||||132|5|0|0|[]|14:10:59:852
21|2.1|636136528460963856|0|51063.9765625|14.1296839588011|98.9969443391832||||51063.9765625|320|34075||||80073a|AIC331|6141|X||0|8||||132|5|0|0|[]|14:11:03:977
21|2.1|636136528508548614|0|51068.7421875|14.1321515910926|98.9856146883144||||51068.7421875|319.75|34075||||80073a|AIC331|6141|X||0|8||||132|5|0|0|[]|14:11:08:742
