21|2.1|636136510329880929|0|49250.875|8.5835194511141|102.045242695381||||49250.875|350|37350||||88003f|THA401|X|X|0|0|6||||132|83|0|0|[]|13:40:50:875
21|2.1|636136510335331474|0|49251.4375|8.5821461600997|102.045221237709||||49251.4375|350|37350||||88003f|THA401|X|X|0|0|6||||132|51|0|0|[]|13:40:51:438
21|2.1|636136510370605001|0|49254.9375|8.5737991256528|102.045285610726||||49254.9375|350|37375||||88003f|THA401|X|X|0|0|6||||132|83|0|0|[]|13:40:54:938
21|2.1|636136510376055546|0|49255.5|8.5728764457525|102.045285610726||||49255.5|350|37375||||88003f|THA401|X|X|0|0|6||||132|51|0|0|[]|13:40:55:500
21|2.1|636136510416469587|0|49259.5625|8.5631990356354|102.045307068398||||49259.5625|350|37350||||88003f|THA401|X|X|0|0|6||||132|51|0|0|[]|13:40:59:563
21|2.1|636136510416619602|0|49259.5625|8.5631990356354|102.045307068398||||49259.5625|350|37350||||88003f|THA401|X|X|0|0|6||||132|83|0|0|[]|13:40:59:563
21|2.1|636136510459203860|0|49263.828125|8.5535001678462|102.045371441414||||49263.828125|350|37350||||88003f|THA401|X|X|0|0|6||||132|51|0|0|[]|13:41:03:828
21|2.1|636136510459363876|0|49263.828125|8.5535001678462|102.045371441414||||49263.828125|350|37350||||88003f|THA401|X|X|0|0|6||||132|83|0|0|[]|13:41:03:828
21|2.1|636136510502738213|0|49268.171875|8.5433077735987|102.045414356758||||49268.171875|350|37375||||88003f|THA401|X|X|0|0|6||||132|51|0|0|[]|13:41:08:172
21|2.1|636136510502738213|0|49268.171875|8.5433077735987|102.045414356758||||49268.171875|350|37375||||88003f|THA401|X|X|0|0|6||||132|83|0|0|[]|13:41:08:172
21|2.1|636136510550472986|0|49272.9453125|8.5322785301393|102.045521645119||||49272.9453125|350|37350||||88003f|THA401|X|X|0|0|6||||132|51|0|0|[]|13:41:12:945
21|2.1|636136510550623001|0|49272.9453125|8.5322785301393|102.045521645119||||49272.9453125|350|37350||||88003f|THA401|X|X|0|0|6||||132|83|0|0|[]|13:41:12:945
21|2.1|636136510595087447|0|49277.3984375|8.522129051236|102.045650391151||||49277.3984375|350|37350||||88003f|THA401|X|X|0|0|6||||132|51|0|0|[]|13:41:17:398
21|2.1|636136510600237962|0|49277.90625|8.5207128448774|102.045714764168||||49277.90625|350|37350||||88003f|THA401|X|X|0|0|6||||132|83|0|0|[]|13:41:17:906
21|2.1|636136510638301768|0|49281.7265625|8.5119795723327|102.045950798561||||49281.7265625|350|37350||||88003f|THA401|X|X|0|0|6||||132|51|0|0|[]|13:41:21:727
21|2.1|636136510644072345|0|49282.296875|8.5110568924324|102.045993713905||||49282.296875|350|37350||||88003f|THA401|X|X|0|0|6||||132|83|0|0|[]|13:41:22:297
21|2.1|636136510681046042|0|49286|8.5022807045435|102.046272663642||||49286|350|37350||||88003f|THA401|X|X|0|0|6||||132|51|0|0|[]|13:41:26:000
21|2.1|636136510690566994|0|49286.9609375|8.4999632759567|102.046358494331||||49286.9609375|350|37350||||88003f|THA401|X|X|0|0|6||||132|83|0|0|[]|13:41:26:961
21|2.1|636136510725660503|0|49290.4609375|8.4921526833123|102.04665890174||||49290.4609375|350|37350||||88003f|THA401|X|X|0|0|6||||132|51|0|0|[]|13:41:30:461
21|2.1|636136510734551392|0|49291.3515625|8.4898781700697|102.046744732428||||49291.3515625|350|37350||||88003f|THA401|X|X|0|0|6||||132|83|0|0|[]|13:41:31:352
21|2.1|636136510770124949|0|49294.921875|8.4815311356228|102.047216801215||||49294.921875|350|37350||||88003f|THA401|X|X|0|0|6||||132|51|0|0|[]|13:41:34:922
21|2.1|636136510779955932|0|49295.8984375|8.4797286911664|102.047324089575||||49295.8984375|350|37350||||88003f|THA401|X|X|0|0|6||||132|83|0|0|[]|13:41:35:898
21|2.1|636136510813179254|0|49299.21875|8.471918098522|102.047946362066||||49299.21875|350|37350||||88003f|THA401|X|X|0|0|6||||132|51|0|0|[]|13:41:39:219
21|2.1|636136510822700206|0|49300.15625|8.4696221276073|102.048203854131||||49300.15625|350|37350||||88003f|THA401|X|X|0|0|6||||132|83|0|0|[]|13:41:40:156
21|2.1|636136510857183654|0|49303.625|8.4618544503071|102.04921236472||||49303.625|350|37350||||88003f|THA401|X|X|0|0|6||||132|51|0|0|[]|13:41:43:625
21|2.1|636136510872155151|0|49305.1015625|8.4586787148363|102.049641518162||||49305.1015625|350|37350||||88003f|THA401|X|X|0|0|6||||132|83|0|0|[]|13:41:45:102
21|2.1|636136510899917927|0|49307.8984375|8.4523057862226|102.050714401767||||49307.8984375|350|37350||||88003f|THA401|X|X|0|0|6||||132|51|0|0|[]|13:41:47:898
21|2.1|636136510929110846|0|49310.8125|8.4455466195111|102.052087692781||||49310.8125|350|37350||||88003f|THA401|X|X|0|0|6||||132|83|0|0|[]|13:41:50:813
21|2.1|636136510952183153|0|49313.1171875|8.440160743814|102.053310780091||||49313.1171875|350|37350||||88003f|THA401|X|X|0|0|6||||132|51|0|0|[]|13:41:53:117
21|2.1|636136510972305165|0|49315.1171875|8.4357190056893|102.05442657904||||49315.1171875|350|37350||||88003f|THA401|X|X|0|0|6||||132|83|0|0|[]|13:41:55:117
21|2.1|636136510997107645|0|49317.609375|8.4303975030085|102.055907158415||||49317.609375|350|37350||||88003f|THA401|X|X|0|0|6||||132|51|0|0|[]|13:41:57:609
21|2.1|636136511021290063|0|49320.0078125|8.4250974579998|102.05749502615||||49320.0078125|350|37350||||88003f|THA401|X|X|0|0|6||||132|83|0|0|[]|13:42:00:008
21|2.1|636136511040792013|0|49321.9765625|8.4207415505635|102.058889774837||||49321.9765625|350|37350||||88003f|THA401|X|X|0|0|6||||132|51|0|0|[]|13:42:01:977
21|2.1|636136511064974431|0|49324.3828125|8.4155702515874|102.060713676965||||49324.3828125|350|37350||||88003f|THA401|X|X|0|0|6||||132|83|0|0|[]|13:42:04:383
21|2.1|636136511085886522|0|49326.4921875|8.4112787171674|102.062344460045||||49326.4921875|350|37350||||88003f|THA401|X|X|0|0|6||||132|51|0|0|[]|13:42:06:492
21|2.1|636136511106158549|0|49328.5078125|8.4065365716333|102.064211277518||||49328.5078125|350|37350||||88003f|THA401|X|X|0|0|6||||132|83|0|0|[]|13:42:08:508
21|2.1|636136511127840717|0|49330.6875|8.4023094102296|102.06597080663||||49330.6875|350|37350||||88003f|THA401|X|X|0|0|6||||132|51|0|0|[]|13:42:10:688
21|2.1|636136511156393572|0|49333.5390625|8.3960223123043|102.068717388659||||49333.5390625|350|37350||||88003f|THA401|X|X||0|6||||132|83|0|0|[]|13:42:13:539
21|2.1|636136511170905023|0|49335|8.3930826112266|102.070004848985||||49335|350|37350||||88003f|THA401|X|X|0|0|6||||132|51|0|0|[]|13:42:15:000
21|2.1|636136511212089141|0|49339.1015625|8.3847141191076|102.073824314619||||49339.1015625|350|37350||||88003f|THA401|X|X|0|0|6||||132|51|0|0|[]|13:42:19:102
21|2.1|636136511217089641|0|49339.609375|8.3834910317979|102.074403671765||||49339.609375|350|37350||||88003f|THA401|X|X||0|6||||132|83|0|0|[]|13:42:19:609
21|2.1|636136511255923524|0|49343.4921875|8.3755946084651|102.078094391366||||49343.4921875|350|37350||||88003f|THA401|X|X|0|0|6||||132|51|0|0|[]|13:42:23:492
21|2.1|636136511261704102|0|49344.0625|8.3743286058112|102.078673748513||||49344.0625|350|37350||||88003f|THA401|X|X|0|0|6||||132|83|0|0|[]|13:42:24:063
21|2.1|636136511297417673|0|49347.640625|8.3668613359204|102.08221426441||||49347.640625|350|37350||||88003f|THA401|X|X|0|0|6||||132|51|0|0|[]|13:42:27:641
21|2.1|636136511340011932|0|49351.90625|8.35776328295|102.086591629518||||49351.90625|350|37350||||88003f|THA401|X|X|0|0|6||||132|51|0|0|[]|13:42:31:906
21|2.1|636136511350152946|0|49352.8984375|8.3561110421983|102.08742847873||||49352.8984375|350|37350||||88003f|THA401|X|X|0|0|6||||132|83|0|0|[]|13:42:32:898
21|2.1|636136511380265957|0|49355.9296875|8.3494806215194|102.090647129545||||49355.9296875|350|37350||||88003f|THA401|X|X|0|0|6||||132|51|0|0|[]|13:42:35:930
21|2.1|636136511395547485|0|49357.4375|8.3465838357859|102.092063335904||||49357.4375|350|37350||||88003f|THA401|X|X||0|6||||132|83|0|0|[]|13:42:37:438
21|2.1|636136511424880418|0|49360.390625|8.3404040262211|102.095110325342||||49360.390625|350|37375||||88003f|THA401|X|X|0|0|6||||132|51|0|0|[]|13:42:40:391
21|2.1|636136511451403070|0|49363.015625|8.3350825235403|102.09774961901||||49363.015625|350|37350||||88003f|THA401|X|X||0|6||||132|83|0|0|[]|13:42:43:016
21|2.1|636136511465444474|0|49364.4375|8.3321642801347|102.099208740713||||49364.4375|350|37350||||88003f|THA401|X|X|0|0|6||||132|51|0|0|[]|13:42:44:438
21|2.1|636136511506318561|0|49368.53125|8.3235382959505|102.103478817461||||49368.53125|350|37350||||88003f|THA401|X|X|0|0|6||||132|51|0|0|[]|13:42:48:531
21|2.1|636136511510688998|0|49368.9609375|8.3227443620828|102.103907970903||||49368.9609375|350|37350||||88003f|THA401|X|X|0|0|6||||132|83|0|0|[]|13:42:48:961
21|2.1|636136511549212850|0|49372.8203125|8.3149123117663|102.107770351881||||49372.8203125|350|37350||||88003f|THA401|X|X|0|0|6||||132|51|0|0|[]|13:42:52:820
21|2.1|636136511559203849|0|49373.8203125|8.3128738329168|102.108778862469||||49373.8203125|350|37350||||88003f|THA401|X|X|0|0|6||||132|83|0|0|[]|13:42:53:820
21|2.1|636136511593687297|0|49377.265625|8.3059000894843|102.112233547678||||49377.265625|350|37350||||88003f|THA401|X|X|0|0|6||||132|51|0|0|[]|13:42:57:266
21|2.1|636136511618329761|0|49379.71875|8.3005356714593|102.114894299018||||49379.71875|350|37350||||88003f|THA401|X|X|0|0|6||||132|83|0|0|[]|13:42:59:719
21|2.1|636136511637041632|0|49381.6015625|8.296823494186|102.116761116491||||49381.6015625|350|37350||||88003f|THA401|X|X|0|0|6||||132|51|0|0|[]|13:43:01:602
21|2.1|636136511678235751|0|49385.7265625|8.2881975100018|102.121052650911||||49385.7265625|350|37350||||88003f|THA401|X|X|0|0|6||||132|51|0|0|[]|13:43:05:727
21|2.1|636136511720509978|0|49389.953125|8.2796144411618|102.125322727659||||49389.953125|350|37350||||88003f|THA401|X|X|0|0|6||||132|51|0|0|[]|13:43:09:953
21|2.1|636136511725190446|0|49390.40625|8.278799049622|102.125687508084||||49390.40625|350|37350||||88003f|THA401|X|X||0|6||||132|83|0|0|[]|13:43:10:406
21|2.1|636136511765284455|0|49394.4375|8.2705593035356|102.129785923455||||49394.4375|350|37350||||88003f|THA401|X|X|0|0|6||||132|51|0|0|[]|13:43:14:438
21|2.1|636136511810518978|0|49398.9375|8.2611179278116|102.134442238301||||49398.9375|350|37350||||88003f|THA401|X|X|0|0|6||||132|51|0|0|[]|13:43:18:938
21|2.1|636136511850312957|0|49402.9375|8.2529210970694|102.138519196||||49402.9375|350|37350||||88003f|THA401|X|X|0|0|6||||132|51|0|0|[]|13:43:22:938
21|2.1|636136511896017527|0|49407.5|8.2438445017711|102.143025307141||||49407.5|350|37350||||88003f|THA401|X|X|0|0|6||||132|51|0|0|[]|13:43:27:500
21|2.1|636136511939861911|0|49411.8828125|8.234810821817|102.14750996061||||49411.8828125|350|37350||||88003f|THA401|X|X|0|0|6||||132|51|0|0|[]|13:43:31:883
21|2.1|636136511980725997|0|49415.96875|8.2262062953049|102.151758579686||||49415.96875|350|37350||||88003f|THA401|X|X|0|0|6||||132|51|0|0|[]|13:43:35:969
21|2.1|636136512020820006|0|49419.9921875|8.2179665492185|102.155856995057||||49419.9921875|350|37350||||88003f|THA401|X|X|0|0|6||||132|51|0|0|[]|13:43:39:992
21|2.1|636136512065754499|0|49424.46875|8.2089328692644|102.160320190854||||49424.46875|350|37350||||88003f|THA401|X|X|0|0|6||||132|51|0|0|[]|13:43:44:469
21|2.1|636136512106938617|0|49428.6015625|8.200263969736|102.164611725274||||49428.6015625|350|37350||||88003f|THA401|X|X|0|0|6||||132|51|0|0|[]|13:43:48:602
21|2.1|636136512143442267|0|49432.21875|8.1928610728615|102.168259529531||||49432.21875|350|37350||||88003f|THA401|X|X||0|6||||132|83|0|0|[]|13:43:52:219
21|2.1|636136512147502673|0|49432.640625|8.1920242236496|102.168688682973||||49432.640625|350|37350||||88003f|THA401|X|X|0|0|6||||132|51|0|0|[]|13:43:52:641
21|2.1|636136512188676790|0|49436.7734375|8.1833982394654|102.172937302048||||49436.7734375|350|37350||||88003f|THA401|X|X|0|0|6||||132|51|0|0|[]|13:43:56:773
21|2.1|636136512230180940|0|49440.90625|8.1747507976091|102.177207378796||||49440.90625|350|37350||||88003f|THA401|X|X|0|0|6||||132|51|0|0|[]|13:44:00:906
21|2.1|636136512277295651|0|49445.640625|8.1653094218851|102.181885151314||||49445.640625|350|37375||||88003f|THA401|X|X|0|0|6||||132|51|0|0|[]|13:44:05:641
21|2.1|636136512327370658|0|49450.640625|8.1550311969492|102.186970619602||||49450.640625|350|37375||||88003f|THA401|X|X|0|0|6||||132|51|0|0|[]|13:44:10:641
21|2.1|636136512357013622|0|49453.6015625|8.1488728450565|102.190039066712||||49453.6015625|350|37375||||88003f|THA401|X|X||0|6||||132|83|0|0|[]|13:44:13:602
21|2.1|636136512371985119|0|49455.0703125|8.1459975169951|102.191455273071||||49455.0703125|350|37375||||88003f|THA401|X|X|0|0|6||||132|51|0|0|[]|13:44:15:070
21|2.1|636136512416139534|0|49459.5234375|8.1365132259269|102.196133045589||||49459.5234375|350|37375||||88003f|THA401|X|X|0|0|6||||132|51|0|0|[]|13:44:19:523
21|2.1|636136512459503870|0|49463.828125|8.1279301570869|102.200403122336||||49463.828125|350|37375||||88003f|THA401|X|X|0|0|6||||132|51|0|0|[]|13:44:23:828
21|2.1|636136512502728192|0|49468.1796875|8.1188964771328|102.204866318133||||49468.1796875|350|37375||||88003f|THA401|X|X|0|0|6||||132|51|0|0|[]|13:44:28:180
21|2.1|636136512527520671|0|49470.640625|8.1139612125498|102.207333950425||||49470.640625|350|37375||||88003f|THA401|X|X||0|6||||132|83|0|0|[]|13:44:30:641
21|2.1|636136512547802699|0|49472.671875|8.1098198818345|102.209372429274||||49472.671875|350|37375||||88003f|THA401|X|X|0|0|6||||132|51|0|0|[]|13:44:32:672
21|2.1|636136512575575476|0|49475.453125|8.1040906833838|102.212204841991||||49475.453125|350|37375||||88003f|THA401|X|X|0|0|6||||132|83|0|0|[]|13:44:35:453
21|2.1|636136512591177036|0|49477.0234375|8.1007862018804|102.213814167399||||49477.0234375|350|37375||||88003f|THA401|X|X|0|0|6||||132|51|0|0|[]|13:44:37:023
21|2.1|636136512627830701|0|49480.671875|8.0934262203501|102.217461971656||||49480.671875|350|37375||||88003f|THA401|X|X||0|6||||132|83|0|0|[]|13:44:40:672
21|2.1|636136512632981216|0|49481.1875|8.0922031330404|102.218062786475||||49481.1875|350|37375||||88003f|THA401|X|X|0|0|6||||132|51|0|0|[]|13:44:41:188
21|2.1|636136512675895507|0|49485.4921875|8.0835556911841|102.222332863223||||49485.4921875|350|37375||||88003f|THA401|X|X|0|0|6||||132|51|0|0|[]|13:44:45:492
21|2.1|636136512720349952|0|49489.9375|8.0741357731322|102.226989178068||||49489.9375|350|37375||||88003f|THA401|X|X|0|0|6||||132|51|0|0|[]|13:44:49:938
21|2.1|636136512730640981|0|49490.9609375|8.0721187519548|102.228019146329||||49490.9609375|350|37375||||88003f|THA401|X|X|0|0|6||||132|83|0|0|[]|13:44:50:961
21|2.1|636136512761064023|0|49494|8.06593894239|102.231044678095||||49494|350|37375||||88003f|THA401|X|X|0|0|6||||132|51|0|0|[]|13:44:54:000
21|2.1|636136512782936210|0|49496.1875|8.0614542889211|102.233276275994||||49496.1875|350|37375||||88003f|THA401|X|X||0|6||||132|83|0|0|[]|13:44:56:188
21|2.1|636136512802408157|0|49498.140625|8.05735587355|102.235314754843||||49498.140625|350|37375||||88003f|THA401|X|X|0|0|6||||132|51|0|0|[]|13:44:58:141
21|2.1|636136512831891105|0|49501.0859375|8.0515837597551|102.23814716756||||49501.0859375|350|37375||||88003f|THA401|X|X|0|0|6||||132|83|0|0|[]|13:45:01:086
21|2.1|636136512845622478|0|49502.46875|8.0487298893658|102.239563373919||||49502.46875|350|37375||||88003f|THA401|X|X|0|0|6||||132|51|0|0|[]|13:45:02:469
21|2.1|636136512879005816|0|49505.796875|8.0417561459333|102.242975143783||||49505.796875|350|37375||||88003f|THA401|X|X||0|6||||132|83|0|0|[]|13:45:05:797
21|2.1|636136512889456861|0|49506.8359375|8.0396962094117|102.244026569716||||49506.8359375|350|37375||||88003f|THA401|X|X|0|0|6||||132|51|0|0|[]|13:45:06:836
21|2.1|636136512919719887|0|49509.859375|8.0335593151911|102.247052101482||||49509.859375|350|37375||||88003f|THA401|X|X|0|0|6||||132|83|0|0|[]|13:45:09:859
21|2.1|636136512929550870|0|49510.859375|8.0314993786695|102.248082069743||||49510.859375|350|37350||||88003f|THA401|X|X|0|0|6||||132|51|0|0|[]|13:45:10:859
21|2.1|636136512967614676|0|49514.6484375|8.0237531590414|102.251880077704||||49514.6484375|350|37375||||88003f|THA401|X|X|0|0|6||||132|83|0|0|[]|13:45:14:648
21|2.1|636136512973235238|0|49515.21875|8.0225300717317|102.252502350195||||49515.21875|350|37375||||88003f|THA401|X|X||0|6||||132|51|0|0|[]|13:45:15:219
21|2.1|636136513008178732|0|49518.7109375|8.0151700902014|102.25612869678||||49518.7109375|350|37375||||88003f|THA401|X|X|0|0|6||||132|83|0|0|[]|13:45:18:711
21|2.1|636136513017849699|0|49519.6796875|8.0135178494497|102.256965545992||||49519.6796875|350|37375||||88003f|THA401|X|X||0|6||||132|51|0|0|[]|13:45:19:680
21|2.1|636136513058723786|0|49523.7734375|8.0049347806097|102.261214165068||||49523.7734375|350|37375||||88003f|THA401|X|X||0|6||||132|51|0|0|[]|13:45:23:773
21|2.1|636136513058723786|0|49523.7734375|8.0049347806097|102.261214165068||||49523.7734375|350|37375||||88003f|THA401|X|X|0|0|6||||132|83|0|0|[]|13:45:23:773
21|2.1|636136513102408154|0|49528.140625|7.9959440159998|102.265677360865||||49528.140625|350|37350||||88003f|THA401|X|X||0|6||||132|51|0|0|[]|13:45:28:141
21|2.1|636136513108338747|0|49528.71875|7.994699471018|102.266278175683||||49528.71875|350|37350||||88003f|THA401|X|X|0|0|6||||132|83|0|0|[]|13:45:28:719
21|2.1|636136513144212334|0|49532.3203125|7.9873394894877|102.269904522268||||49532.3203125|350|37350||||88003f|THA401|X|X||0|6||||132|51|0|0|[]|13:45:32:320
21|2.1|636136513149062819|0|49532.796875|7.9865026402758|102.270290760366||||49532.796875|350|37350||||88003f|THA401|X|X||0|6||||132|83|0|0|[]|13:45:32:797
21|2.1|636136513187286641|0|49536.6328125|7.9787778783198|102.274153141344||||49536.6328125|350|37350||||88003f|THA401|X|X|0|0|6||||132|51|0|0|[]|13:45:36:633
21|2.1|636136513197257638|0|49537.6015625|7.9767179417982|102.275118736589||||49537.6015625|350|37375||||88003f|THA401|X|X|0|0|6||||132|83|0|0|[]|13:45:37:602
21|2.1|636136513233141226|0|49541.2109375|7.9693365025958|102.278766540846||||49541.2109375|350|37375||||88003f|THA401|X|X|0|0|6||||132|51|0|0|[]|13:45:41:211
21|2.1|636136513237821694|0|49541.671875|7.968521111056|102.279174236616||||49541.671875|350|37375||||88003f|THA401|X|X|0|0|6||||132|83|0|0|[]|13:45:41:672
21|2.1|636136513275115423|0|49545.3984375|7.9607963491|102.282993702249||||49545.3984375|350|37350||||88003f|THA401|X|X||0|6||||132|51|0|0|[]|13:45:45:398
21|2.1|636136513279315843|0|49545.828125|7.9599594998881|102.283422855691||||49545.828125|350|37350||||88003f|THA401|X|X||0|6||||132|83|0|0|[]|13:45:45:828
21|2.1|636136513319559867|0|49549.859375|7.951784126818|102.287456898046||||49549.859375|350|37350||||88003f|THA401|X|X|0|0|6||||132|51|0|0|[]|13:45:49:859
21|2.1|636136513319729884|0|49549.859375|7.951784126818|102.287456898046||||49549.859375|350|37375||||88003f|THA401|X|X|0|0|6||||132|83|0|0|[]|13:45:49:859
21|2.1|636136513362934204|0|49554.1875|7.9428362775523|102.291898636171||||49554.1875|350|37350||||88003f|THA401|X|X|0|0|6||||132|51|0|0|[]|13:45:54:188
21|2.1|636136513388206731|0|49556.703125|7.9379010129693|102.294323353118||||49556.703125|350|37350||||88003f|THA401|X|X||0|6||||132|83|0|0|[]|13:45:56:703
21|2.1|636136513406938604|0|49558.5859375|7.9338455129424|102.296297458951||||49558.5859375|350|37350||||88003f|THA401|X|X|0|0|6||||132|51|0|0|[]|13:45:58:586
21|2.1|636136513447482658|0|49562.6484375|7.9256486822002|102.30037441665||||49562.6484375|350|37350||||88003f|THA401|X|X|0|0|6||||132|51|0|0|[]|13:46:02:648
21|2.1|636136513447642674|0|49562.6484375|7.9256486822002|102.30037441665||||49562.6484375|350|37350||||88003f|THA401|X|X|0|0|6||||132|83|0|0|[]|13:46:02:648
21|2.1|636136513488986808|0|49566.7890625|7.9171085287044|102.304601578054||||49566.7890625|350|37350||||88003f|THA401|X|X|0|0|6||||132|51|0|0|[]|13:46:06:789
21|2.1|636136513494137323|0|49567.296875|7.9162931371646|102.305009273824||||49567.296875|350|37350||||88003f|THA401|X|X|0|0|6||||132|83|0|0|[]|13:46:07:297
21|2.1|636136513530330942|0|49570.9296875|7.9085683752086|102.308807281786||||49570.9296875|350|37350||||88003f|THA401|X|X|0|0|6||||132|51|0|0|[]|13:46:10:930
21|2.1|636136513534541363|0|49571.34375|7.9077315259967|102.309236435228||||49571.34375|350|37350||||88003f|THA401|X|X|0|0|6||||132|83|0|0|[]|13:46:11:344
21|2.1|636136513574485357|0|49575.3515625|7.8995990682708|102.31324901991||||49575.3515625|350|37350||||88003f|THA401|X|X|0|0|6||||132|51|0|0|[]|13:46:15:352
21|2.1|636136513574635372|0|49575.3515625|7.8995990682708|102.31324901991||||49575.3515625|350|37350||||88003f|THA401|X|X|0|0|6||||132|83|0|0|[]|13:46:15:352
21|2.1|636136513616129521|0|49579.5078125|7.8910159994308|102.317497638986||||49579.5078125|350|37350||||88003f|THA401|X|X|0|0|6||||132|51|0|0|[]|13:46:19:508
21|2.1|636136513622060114|0|49580.09375|7.890200607891|102.317862419412||||49580.09375|350|37350||||88003f|THA401|X|X|0|0|6||||132|83|0|0|[]|13:46:20:094
21|2.1|636136513660283936|0|49583.9296875|7.882046692493|102.321917919439||||49583.9296875|350|37350||||88003f|THA401|X|X|0|0|6||||132|51|0|0|[]|13:46:23:930
21|2.1|636136513670894997|0|49584.9765625|7.8800296713156|102.322926430027||||49584.9765625|350|37350||||88003f|THA401|X|X||0|6||||132|83|0|0|[]|13:46:24:977
21|2.1|636136513700687976|0|49587.96875|7.873892777095|102.325909046449||||49587.96875|350|37350||||88003f|THA401|X|X|0|0|6||||132|51|0|0|[]|13:46:27:969
21|2.1|636136513720809988|0|49589.96875|7.8698372770681|102.32786169461||||49589.96875|350|37350||||88003f|THA401|X|X||0|6||||132|83|0|0|[]|13:46:29:969
21|2.1|636136513741092016|0|49592.0078125|7.8657174040249|102.329835800444||||49592.0078125|350|37350||||88003f|THA401|X|X||0|6||||132|51|0|0|[]|13:46:32:008
21|2.1|636136513770264933|0|49594.90625|7.859516136788|102.332668213161||||49594.90625|350|37350||||88003f|THA401|X|X|0|0|6||||132|83|0|0|[]|13:46:34:906
21|2.1|636136513785866493|0|49596.4921875|7.8565978933824|102.334020046503||||49596.4921875|350|37350||||88003f|THA401|X|X||0|6||||132|51|0|0|[]|13:46:36:492
21|2.1|636136513818779784|0|49599.7734375|7.8495383192615|102.337174324302||||49599.7734375|350|37350||||88003f|THA401|X|X|0|0|6||||132|83|0|0|[]|13:46:39:773
21|2.1|636136513828140720|0|49600.7109375|7.8474354673957|102.33807554653||||49600.7109375|350|37350||||88003f|THA401|X|X||0|6||||132|51|0|0|[]|13:46:40:711
21|2.1|636136513868544760|0|49604.7578125|7.8391098906209|102.341701893115||||49604.7578125|350|37350||||88003f|THA401|X|X||0|6||||132|51|0|0|[]|13:46:44:758
21|2.1|636136513868704776|0|49604.7578125|7.8391098906209|102.341701893115||||49604.7578125|350|37350||||88003f|THA401|X|X|0|0|6||||132|83|0|0|[]|13:46:44:758
21|2.1|636136513908638769|0|49608.7578125|7.8307843138461|102.3453282397||||49608.7578125|350|37350||||88003f|THA401|X|X|0|0|6||||132|51|0|0|[]|13:46:48:758
21|2.1|636136513908638769|0|49608.7578125|7.8307843138461|102.3453282397||||49608.7578125|350|37350||||88003f|THA401|X|X||0|6||||132|83|0|0|[]|13:46:48:758
21|2.1|636136513951543059|0|49613.0390625|7.8219866682851|102.349104789989||||49613.0390625|350|37350||||88003f|THA401|X|X|0|0|6||||132|51|0|0|[]|13:46:53:039
21|2.1|636136513966514556|0|49614.53125|7.8186392714375|102.350520996348||||49614.53125|350|37350||||88003f|THA401|X|X||0|6||||132|83|0|0|[]|13:46:54:531
21|2.1|636136513994907395|0|49617.3828125|7.8128242422984|102.353031543984||||49617.3828125|350|37350||||88003f|THA401|X|X|0|0|6||||132|51|0|0|[]|13:46:57:383
21|2.1|636136514036561560|0|49621.5625|7.8040480544095|102.356829551945||||49621.5625|350|37350||||88003f|THA401|X|X|0|0|6||||132|51|0|0|[]|13:47:01:563
21|2.1|636136514046862590|0|49622.578125|7.8019237448716|102.357730774174||||49622.578125|350|37350||||88003f|THA401|X|X||0|6||||132|83|0|0|[]|13:47:02:578
21|2.1|636136514076655569|0|49625.5703125|7.7956795622905|102.360412983186||||49625.5703125|350|37350||||88003f|THA401|X|X|0|0|6||||132|51|0|0|[]|13:47:05:570
21|2.1|636136514104268330|0|49628.3125|7.7902293135771|102.362751869445||||49628.3125|350|37350||||88003f|THA401|X|X|0|0|6||||132|83|0|0|[]|13:47:08:313
21|2.1|636136514117849688|0|49629.6796875|7.7872896124994|102.363996414427||||49629.6796875|350|37350||||88003f|THA401|X|X|0|0|6||||132|51|0|0|[]|13:47:09:680
21|2.1|636136514162774180|0|49634.1796875|7.7776765753986|102.368051914454||||49634.1796875|350|37350||||88003f|THA401|X|X|0|0|6||||132|51|0|0|[]|13:47:14:180
21|2.1|636136514172595162|0|49635.1484375|7.7755737235328|102.36893167901||||49635.1484375|350|37350||||88003f|THA401|X|X|0|0|6||||132|83|0|0|[]|13:47:15:148
21|2.1|636136514205368439|0|49638.4296875|7.7688360144934|102.371635345694||||49638.4296875|350|37350||||88003f|THA401|X|X|0|0|6||||132|51|0|0|[]|13:47:18:430
21|2.1|636136514219409843|0|49639.828125|7.7658963134157|102.372794059988||||49639.828125|350|37350||||88003f|THA401|X|X|0|0|6||||132|83|0|0|[]|13:47:19:828
21|2.1|636136514249822884|0|49642.8671875|7.7595019271299|102.375261692279||||49642.8671875|350|37350||||88003f|THA401|X|X|0|0|6||||132|51|0|0|[]|13:47:22:867
21|2.1|636136514259653867|0|49643.859375|7.757377617592|102.376098541491||||49643.859375|350|37350||||88003f|THA401|X|X|0|0|6||||132|83|0|0|[]|13:47:23:859
21|2.1|636136514291317033|0|49647.03125|7.7505755355363|102.378652004471||||49647.03125|350|37350||||88003f|THA401|X|X|0|0|6||||132|51|0|0|[]|13:47:27:031
21|2.1|636136514332661167|0|49651.1640625|7.7416062285985|102.382020858991||||49651.1640625|350|37350||||88003f|THA401|X|X|0|0|6||||132|51|0|0|[]|13:47:31:164
21|2.1|636136514332821183|0|49651.1640625|7.7416062285985|102.382020858991||||49651.1640625|350|37350||||88003f|THA401|X|X||0|6||||132|83|0|0|[]|13:47:31:164
21|2.1|636136514374475348|0|49655.3515625|7.7326583793328|102.385325340494||||49655.3515625|350|37350||||88003f|THA401|X|X|0|0|6||||132|51|0|0|[]|13:47:35:352
21|2.1|636136514405358436|0|49658.421875|7.7262210777028|102.387685684425||||49658.421875|350|37350||||88003f|THA401|X|X|0|0|6||||132|83|0|0|[]|13:47:38:422
21|2.1|636136514418779778|0|49659.78125|7.7232384612809|102.388780025702||||49659.78125|350|37350||||88003f|THA401|X|X||0|6||||132|51|0|0|[]|13:47:39:781
21|2.1|636136514463394239|0|49664.2265625|7.7137970855569|102.392299083927||||49664.2265625|350|37350||||88003f|THA401|X|X|0|0|6||||132|51|0|0|[]|13:47:44:227
21|2.1|636136514505358435|0|49668.421875|7.7048492362912|102.395560650086||||49668.421875|350|37350||||88003f|THA401|X|X|0|0|6||||132|51|0|0|[]|13:47:48:422
21|2.1|636136514549972896|0|49672.890625|7.695364945223|102.399058250638||||49672.890625|350|37350||||88003f|THA401|X|X|0|0|6||||132|51|0|0|[]|13:47:52:891
21|2.1|636136514563084207|0|49674.1875|7.6923823288011|102.400152591915||||49674.1875|350|37350||||88003f|THA401|X|X||0|6||||132|83|0|0|[]|13:47:54:188
21|2.1|636136514595067405|0|49677.390625|7.6855373314012|102.402663139551||||49677.390625|350|37350||||88003f|THA401|X|X|0|0|6||||132|51|0|0|[]|13:47:57:391
21|2.1|636136514638751773|0|49681.78125|7.6760959556772|102.406160740103||||49681.78125|350|37350||||88003f|THA401|X|X|0|0|6||||132|51|0|0|[]|13:48:01:781
21|2.1|636136514679455843|0|49685.8515625|7.6675343445093|102.40929356023||||49685.8515625|350|37350||||88003f|THA401|X|X||0|6||||132|51|0|0|[]|13:48:05:852
21|2.1|636136514722210118|0|49690.1015625|7.6585221222273|102.412640957078||||49690.1015625|350|37350||||88003f|THA401|X|X||0|6||||132|51|0|0|[]|13:48:10:102
21|2.1|636136514755743471|0|49693.4609375|7.6512265137133|102.415301708418||||49693.4609375|350|37350||||88003f|THA401|X|X||0|6||||132|83|0|0|[]|13:48:13:461
21|2.1|636136514764954392|0|49694.3984375|7.6491022041754|102.416095642286||||49694.3984375|350|37350||||88003f|THA401|X|X||0|6||||132|51|0|0|[]|13:48:14:398
21|2.1|636136514806918588|0|49698.59375|7.6400685242213|102.419421581461||||49698.59375|350|37350||||88003f|THA401|X|X||0|6||||132|51|0|0|[]|13:48:18:594
21|2.1|636136514833131209|0|49701.203125|7.6344895294753|102.421481517983||||49701.203125|350|37350||||88003f|THA401|X|X||0|6||||132|83|0|0|[]|13:48:21:203
21|2.1|636136514851693065|0|49703.0703125|7.6306486061694|102.422876266669||||49703.0703125|350|37350||||88003f|THA401|X|X|0|0|6||||132|51|0|0|[]|13:48:23:070
21|2.1|636136514893347230|0|49707.2265625|7.6216363838874|102.426245121189||||49707.2265625|350|37350||||88003f|THA401|X|X|0|0|6||||132|51|0|0|[]|13:48:27:227
21|2.1|636136514897557651|0|49707.640625|7.6207566193313|102.42656698627||||49707.640625|350|37350||||88003f|THA401|X|X|0|0|6||||132|83|0|0|[]|13:48:27:641
21|2.1|636136514935151410|0|49711.4140625|7.6126027039333|102.429506687348||||49711.4140625|350|37350||||88003f|THA401|X|X|0|0|6||||132|51|0|0|[]|13:48:31:414
21|2.1|636136514940301925|0|49711.921875|7.6113367012794|102.430000213806||||49711.921875|350|37350||||88003f|THA401|X|X|0|0|6||||132|83|0|0|[]|13:48:31:922
21|2.1|636136514976025497|0|49715.5|7.6039767197491|102.432596592131||||49715.5|350|37350||||88003f|THA401|X|X|0|0|6||||132|51|0|0|[]|13:48:35:500
21|2.1|636136514980395934|0|49715.9296875|7.602667801751|102.433025745573||||49715.9296875|350|37350||||88003f|THA401|X|X|0|0|6||||132|83|0|0|[]|13:48:35:930
21|2.1|636136515017839678|0|49719.6796875|7.5948572091066|102.435600666225||||49719.6796875|350|37350||||88003f|THA401|X|X|0|0|6||||132|51|0|0|[]|13:48:39:680
21|2.1|636136515028290723|0|49720.71875|7.5922393731104|102.436437515436||||49720.71875|350|37350||||88003f|THA401|X|X||0|6||||132|83|0|0|[]|13:48:40:719
21|2.1|636136515065734467|0|49724.46875|7.5843644074497|102.438905147728||||49724.46875|350|37350||||88003f|THA401|X|X|0|0|6||||132|51|0|0|[]|13:48:44:469
21|2.1|636136515105818475|0|49728.4765625|7.575631134905|102.441544441396||||49728.4765625|350|37350||||88003f|THA401|X|X|0|0|6||||132|51|0|0|[]|13:48:48:477
21|2.1|636136515116279521|0|49729.5078125|7.5729703835646|102.442338375264||||49729.5078125|350|37350||||88003f|THA401|X|X||0|6||||132|83|0|0|[]|13:48:49:508
21|2.1|636136515148572750|0|49732.75|7.5659108094437|102.44444122713||||49732.75|350|37350||||88003f|THA401|X|X|0|0|6||||132|51|0|0|[]|13:48:52:750
21|2.1|636136515174015294|0|49735.2890625|7.5606536797792|102.445964721849||||49735.2890625|350|37350||||88003f|THA401|X|X|0|0|6||||132|83|0|0|[]|13:48:55:289
21|2.1|636136515189286821|0|49736.828125|7.5571346215548|102.447037605454||||49736.828125|350|37350||||88003f|THA401|X|X|0|0|6||||132|51|0|0|[]|13:48:56:828
21|2.1|636136515214869379|0|49739.375|7.5514268807762|102.448689846206||||49739.375|350|37350||||88003f|THA401|X|X|0|0|6||||132|83|0|0|[]|13:48:59:375
21|2.1|636136515233281220|0|49741.21875|7.5474142960935|102.449827102827||||49741.21875|350|37350||||88003f|THA401|X|X|0|0|6||||132|51|0|0|[]|13:49:01:219
21|2.1|636136515272285120|0|49745.1171875|7.5385951928604|102.452294735118||||49745.1171875|350|37350||||88003f|THA401|X|X|0|0|6||||132|83|0|0|[]|13:49:05:117
21|2.1|636136515277585650|0|49745.640625|7.5376725129601|102.452530769511||||49745.640625|350|37350||||88003f|THA401|X|X|0|0|6||||132|51|0|0|[]|13:49:05:641
21|2.1|636136515321890080|0|49750.09375|7.5279736451709|102.455234436196||||49750.09375|350|37350||||88003f|THA401|X|X|0|0|6||||132|51|0|0|[]|13:49:10:094
21|2.1|636136515364794370|0|49754.3828125|7.5182104043654|102.457938102881||||49754.3828125|350|37350||||88003f|THA401|X|X|0|0|6||||132|51|0|0|[]|13:49:14:383
21|2.1|636136515381486039|0|49756.03125|7.5146484307968|102.458860782781||||49756.03125|350|37350||||88003f|THA401|X|X|0|0|6||||132|83|0|0|[]|13:49:16:031
21|2.1|636136515406768567|0|49758.5703125|7.5088763170019|102.460427192844||||49758.5703125|350|37350||||88003f|THA401|X|X|0|0|6||||132|51|0|0|[]|13:49:18:570
21|2.1|636136515442322122|0|49762.125|7.5009155206528|102.462615875398||||49762.125|350|37350||||88003f|THA401|X|X||0|6||||132|83|0|0|[]|13:49:22:125
21|2.1|636136515450912981|0|49762.9765625|7.4991559915406|102.463087944185||||49762.9765625|350|37350||||88003f|THA401|X|X|0|0|6||||132|51|0|0|[]|13:49:22:977
21|2.1|636136515493967286|0|49767.296875|7.4898433618492|102.465619949492||||49767.296875|350|37350||||88003f|THA401|X|X||0|6||||132|51|0|0|[]|13:49:27:297
21|2.1|636136515509878877|0|49768.859375|7.4862599306085|102.466585544737||||49768.859375|350|37350||||88003f|THA401|X|X|0|0|6||||132|83|0|0|[]|13:49:28:859
21|2.1|636136515536401529|0|49771.5390625|7.4800372056995|102.468280700833||||49771.5390625|350|37350||||88003f|THA401|X|X||0|6||||132|51|0|0|[]|13:49:31:539
21|2.1|636136515580395928|0|49775.9296875|7.4702954225661|102.470919994501||||49775.9296875|350|37350||||88003f|THA401|X|X||0|6||||132|51|0|0|[]|13:49:35:930
21|2.1|636136515590226911|0|49776.9140625|7.4680423669956|102.47152080932||||49776.9140625|350|37350||||88003f|THA401|X|X|0|0|6||||132|83|0|0|[]|13:49:36:914
21|2.1|636136515621580046|0|49780.046875|7.4614119463167|102.473344711448||||49780.046875|350|37350||||88003f|THA401|X|X|0|0|6||||132|51|0|0|[]|13:49:40:047
21|2.1|636136515658083696|0|49783.6875|7.4534082346234|102.475533394003||||49783.6875|350|37350||||88003f|THA401|X|X||0|6||||132|83|0|0|[]|13:49:43:688
21|2.1|636136515662924180|0|49784.1875|7.4520778589532|102.475876716756||||49784.1875|350|37350||||88003f|THA401|X|X|0|0|6||||132|51|0|0|[]|13:49:44:188
21|2.1|636136515706288516|0|49788.5234375|7.4423146181477|102.478537468097||||49788.5234375|350|37350||||88003f|THA401|X|X|0|0|6||||132|51|0|0|[]|13:49:48:523
21|2.1|636136515743572244|0|49792.2421875|7.4343538217986|102.480704692979||||49792.2421875|350|37350||||88003f|THA401|X|X|0|0|6||||132|83|0|0|[]|13:49:52:242
21|2.1|636136515748572744|0|49792.75|7.4330234461284|102.481069473404||||49792.75|350|37350||||88003f|THA401|X|X|0|0|6||||132|51|0|0|[]|13:49:52:750
21|2.1|636136515784136300|0|49796.3046875|7.4254488878771|102.483129409926||||49796.3046875|350|37350||||88003f|THA401|X|X|0|0|6||||132|83|0|0|[]|13:49:56:305
21|2.1|636136515789126799|0|49796.8125|7.424139969879|102.483494190352||||49796.8125|350|37350||||88003f|THA401|X|X|0|0|6||||132|51|0|0|[]|13:49:56:813
21|2.1|636136515824230309|0|49800.3046875|7.4166083269719|102.485489753857||||49800.3046875|350|37350||||88003f|THA401|X|X||0|6||||132|83|0|0|[]|13:50:00:305
21|2.1|636136515829070793|0|49800.8125|7.4152779513017|102.485875991955||||49800.8125|350|37350||||88003f|THA401|X|X|0|0|6||||132|51|0|0|[]|13:50:00:813
21|2.1|636136515871965082|0|49805.078125|7.405900948594|102.488322166574||||49805.078125|350|37350||||88003f|THA401|X|X|0|0|6||||132|51|0|0|[]|13:50:05:078
21|2.1|636136515912379123|0|49809.1328125|7.3965454035584|102.490746883522||||49809.1328125|350|37350||||88003f|THA401|X|X|0|0|6||||132|51|0|0|[]|13:50:09:133
21|2.1|636136515912529138|0|49809.1328125|7.3965454035584|102.490746883522||||49809.1328125|350|37350||||88003f|THA401|X|X||0|6||||132|83|0|0|[]|13:50:09:133
21|2.1|636136515953873272|0|49813.28125|7.387661927309|102.492999939092||||49813.28125|350|37350||||88003f|THA401|X|X|0|0|6||||132|51|0|0|[]|13:50:13:281
21|2.1|636136515996927577|0|49817.59375|7.3778128558151|102.495510486728||||49817.59375|350|37350||||88003f|THA401|X|X|0|0|6||||132|51|0|0|[]|13:50:17:594
21|2.1|636136515997087593|0|49817.59375|7.3778128558151|102.495510486728||||49817.59375|350|37350||||88003f|THA401|X|X|0|0|6||||132|83|0|0|[]|13:50:17:594
21|2.1|636136516039981882|0|49821.8984375|7.3684358531074|102.497892288331||||49821.8984375|350|37350||||88003f|THA401|X|X|0|0|6||||132|51|0|0|[]|13:50:21:898
21|2.1|636136516085376421|0|49826.4296875|7.3581790858436|102.500488666655||||49826.4296875|350|37350||||88003f|THA401|X|X|0|0|6||||132|51|0|0|[]|13:50:26:430
21|2.1|636136516105188402|0|49828.390625|7.3536944323747|102.501604465604||||49828.390625|350|37350||||88003f|THA401|X|X||0|6||||132|83|0|0|[]|13:50:28:391
21|2.1|636136516129070790|0|49830.7890625|7.3483514720218|102.502956298946||||49830.7890625|350|37350||||88003f|THA401|X|X|0|0|6||||132|51|0|0|[]|13:50:30:789
21|2.1|636136516173055188|0|49835.203125|7.3385024005279|102.505423931238||||49835.203125|350|37350||||88003f|THA401|X|X|0|0|6||||132|51|0|0|[]|13:50:35:203
21|2.1|636136516214709353|0|49839.375|7.3291468554923|102.507784275169||||49839.375|350|37350||||88003f|THA401|X|X|0|0|6||||132|51|0|0|[]|13:50:39:375
21|2.1|636136516224220304|0|49840.3046875|7.3273229533638|102.508256343955||||49840.3046875|350|37350||||88003f|THA401|X|X|0|0|6||||132|83|0|0|[]|13:50:40:305
21|2.1|636136516258863768|0|49843.78125|7.3192763263263|102.510294822805||||49843.78125|350|37350||||88003f|THA401|X|X|0|0|6||||132|51|0|0|[]|13:50:43:781
21|2.1|636136516300977979|0|49847.9921875|7.3098993236186|102.512676624408||||49847.9921875|350|37350||||88003f|THA401|X|X|0|0|6||||132|51|0|0|[]|13:50:47:992
21|2.1|636136516306598541|0|49848.5390625|7.3085689479484|102.512998489489||||49848.5390625|350|37350||||88003f|THA401|X|X||0|6||||132|83|0|0|[]|13:50:48:539
21|2.1|636136516341702051|0|49852.0703125|7.300972932025|102.514908222306||||49852.0703125|350|37350||||88003f|THA401|X|X|0|0|6||||132|51|0|0|[]|13:50:52:070
21|2.1|636136516388816762|0|49856.78125|7.2902011806308|102.517654804335||||49856.78125|350|37350||||88003f|THA401|X|X|0|0|6||||132|51|0|0|[]|13:50:56:781
21|2.1|636136516400037884|0|49857.890625|7.2879910404045|102.51821270381||||49857.890625|350|37350||||88003f|THA401|X|X||0|6||||132|83|0|0|[]|13:50:57:891
21|2.1|636136516430000880|0|49860.8984375|7.2812747890372|102.519907859905||||49860.8984375|350|37350||||88003f|THA401|X|X|0|0|6||||132|51|0|0|[]|13:51:00:898
21|2.1|636136516474775357|0|49865.2421875|7.2714471752154|102.522418407541||||49865.2421875|350|37350||||88003f|THA401|X|X|0|0|6||||132|51|0|0|[]|13:51:05:242
21|2.1|636136516498797759|0|49867.7578125|7.2655892307321|102.523856071572||||49867.7578125|350|37350||||88003f|THA401|X|X|0|0|6||||132|83|0|0|[]|13:51:07:758
21|2.1|636136516513619241|0|49869.2578125|7.2624564106055|102.52465000544||||49869.2578125|350|37350||||88003f|THA401|X|X|0|0|6||||132|51|0|0|[]|13:51:09:258
21|2.1|636136516557143593|0|49873.609375|7.2526287967837|102.527160553075||||49873.609375|350|37350||||88003f|THA401|X|X|0|0|6||||132|51|0|0|[]|13:51:13:609
21|2.1|636136516601448023|0|49878.0390625|7.2427797252898|102.529628185367||||49878.0390625|350|37350||||88003f|THA401|X|X|0|0|6||||132|51|0|0|[]|13:51:18:039
21|2.1|636136516645442422|0|49882.4296875|7.2329306537959|102.532138733002||||49882.4296875|350|37350||||88003f|THA401|X|X|0|0|6||||132|51|0|0|[]|13:51:22:430
21|2.1|636136516656203498|0|49883.5|7.2306775982254|102.532696632477||||49883.5|350|37350||||88003f|THA401|X|X||0|6||||132|83|0|0|[]|13:51:23:500
21|2.1|636136516688026680|0|49886.6875|7.223510735744|102.534499076933||||49886.6875|350|37350||||88003f|THA401|X|X|0|0|6||||132|51|0|0|[]|13:51:26:688
21|2.1|636136516732491126|0|49891.1484375|7.213211053136|102.53711691293||||49891.1484375|350|37350||||88003f|THA401|X|X|0|0|6||||132|51|0|0|[]|13:51:31:148
21|2.1|636136516732651142|0|49891.1484375|7.213211053136|102.53711691293||||49891.1484375|350|37350||||88003f|THA401|X|X||0|6||||132|83|0|0|[]|13:51:31:148
21|2.1|636136516776485525|0|49895.53125|7.2033619816421|102.539627460565||||49895.53125|350|37350||||88003f|THA401|X|X|0|0|6||||132|51|0|0|[]|13:51:35:531
21|2.1|636136516819079784|0|49899.7890625|7.1939420635902|102.541987804496||||49899.7890625|350|37350||||88003f|THA401|X|X|0|0|6||||132|51|0|0|[]|13:51:39:789
21|2.1|636136516859793855|0|49903.8671875|7.1850156719966|102.544262317739||||49903.8671875|350|37350||||88003f|THA401|X|X|0|0|6||||132|51|0|0|[]|13:51:43:867
21|2.1|636136516901918067|0|49908.09375|7.1756386692889|102.54662266167||||49908.09375|350|37350||||88003f|THA401|X|X|0|0|6||||132|51|0|0|[]|13:51:48:094
21|2.1|636136516946382513|0|49912.53125|7.1653175290088|102.549219039994||||49912.53125|350|37350||||88003f|THA401|X|X|0|0|6||||132|51|0|0|[]|13:51:52:531
21|2.1|636136516988496724|0|49916.75|7.1558976109569|102.551643756941||||49916.75|350|37350||||88003f|THA401|X|X|0|0|6||||132|51|0|0|[]|13:51:56:750
21|2.1|636136517010968971|0|49918.984375|7.150983804046|102.552866844251||||49918.984375|350|37350||||88003f|THA401|X|X||0|6||||132|83|0|0|[]|13:51:58:984
21|2.1|636136517031551029|0|49921.0546875|7.1465206082492|102.554004100872||||49921.0546875|350|37350||||88003f|THA401|X|X|0|0|6||||132|51|0|0|[]|13:52:01:055
21|2.1|636136517074615335|0|49925.3515625|7.1366929944274|102.556514648508||||49925.3515625|350|37350||||88003f|THA401|X|X|0|0|6||||132|51|0|0|[]|13:52:05:352
21|2.1|636136517121880061|0|49930.078125|7.1263718541473|102.55908956916||||49930.078125|350|37350||||88003f|THA401|X|X|0|0|6||||132|51|0|0|[]|13:52:10:078
21|2.1|636136517165094382|0|49934.3984375|7.1165227826534|102.561600116796||||49934.3984375|350|37350||||88003f|THA401|X|X|0|0|6||||132|51|0|0|[]|13:52:14:398
21|2.1|636136517208618734|0|49938.75|7.1066522534874|102.564067749087||||49938.75|350|37350||||88003f|THA401|X|X|0|0|6||||132|51|0|0|[]|13:52:18:750
21|2.1|636136517252453117|0|49943.140625|7.0968031819935|102.566599754395||||49943.140625|350|37350||||88003f|THA401|X|X|0|0|6||||132|51|0|0|[]|13:52:23:141
21|2.1|636136517295517423|0|49947.4375|7.0874476369579|102.568981555998||||49947.4375|350|37350||||88003f|THA401|X|X|0|0|6||||132|51|0|0|[]|13:52:27:438
21|2.1|636136517341221993|0|49952.0078125|7.0771264966778|102.571577934322||||49952.0078125|350|37350||||88003f|THA401|X|X|0|0|6||||132|51|0|0|[]|13:52:32:008
21|2.1|636136517383196190|0|49956.21875|7.0677065786259|102.573938278253||||49956.21875|350|37350||||88003f|THA401|X|X|0|0|6||||132|51|0|0|[]|13:52:36:219
21|2.1|636136517409398810|0|49958.8203125|7.0618700918147|102.5754403153||||49958.8203125|350|37350||||88003f|THA401|X|X||0|6||||132|83|0|0|[]|13:52:38:820
21|2.1|636136517424370307|0|49960.328125|7.0583081182461|102.576320079856||||49960.328125|350|37350||||88003f|THA401|X|X|0|0|6||||132|51|0|0|[]|13:52:40:328
21|2.1|636136517449962866|0|49962.875|7.0529437002211|102.577671913199||||49962.875|350|37350||||88003f|THA401|X|X|0|0|6||||132|83|0|0|[]|13:52:42:875
21|2.1|636136517464934363|0|49964.390625|7.0493817266525|102.578594593099||||49964.390625|350|37350||||88003f|THA401|X|X|0|0|6||||132|51|0|0|[]|13:52:44:391
21|2.1|636136517507058575|0|49968.59375|7.0399618086006|102.58095493703||||49968.59375|350|37350||||88003f|THA401|X|X|0|0|6||||132|51|0|0|[]|13:52:48:594
21|2.1|636136517552453114|0|49973.140625|7.0296835836647|102.583572773026||||49973.140625|350|37350||||88003f|THA401|X|X|0|0|6||||132|51|0|0|[]|13:52:53:141
21|2.1|636136517594107279|0|49977.3046875|7.0207142767269|102.585825828597||||49977.3046875|350|37350||||88003f|THA401|X|X|0|0|6||||132|51|0|0|[]|13:52:57:305
21|2.1|636136517627040572|0|49980.59375|7.0131397184756|102.587778476758||||49980.59375|350|37350||||88003f|THA401|X|X||0|6||||132|83|0|0|[]|13:53:00:594
21|2.1|636136517635921460|0|49981.484375|7.0113801893634|102.5882076302||||49981.484375|350|37350||||88003f|THA401|X|X|0|0|6||||132|51|0|0|[]|13:53:01:484
21|2.1|636136517680695937|0|49985.96875|7.0010805067554|102.590804008524||||49985.96875|350|37350||||88003f|THA401|X|X|0|0|6||||132|51|0|0|[]|13:53:05:969
21|2.1|636136517686466514|0|49986.53125|6.9997286734131|102.591147331277||||49986.53125|350|37350||||88003f|THA401|X|X|0|0|6||||132|83|0|0|[]|13:53:06:531
21|2.1|636136517723130180|0|49990.109375|6.9917249617198|102.593164352455||||49990.109375|350|37350||||88003f|THA401|X|X|0|0|6||||132|51|0|0|[]|13:53:10:109
21|2.1|636136517764934360|0|49994.390625|6.9823050436679|102.595546154058||||49994.390625|350|37350||||88003f|THA401|X|X|0|0|6||||132|51|0|0|[]|13:53:14:391
21|2.1|636136517807518618|0|49998.640625|6.9729280409602|102.597863582645||||49998.640625|350|37350||||88003f|THA401|X|X|0|0|6||||132|51|0|0|[]|13:53:18:641
21|2.1|636136517852453111|0|50003.140625|6.9626283583522|102.600395587953||||50003.140625|350|37350||||88003f|THA401|X|X|0|0|6||||132|51|0|0|[]|13:53:23:141
21|2.1|636136517895357401|0|50007.421875|6.9532298979724|102.602605728179||||50007.421875|350|37350||||88003f|THA401|X|X|0|0|6||||132|51|0|0|[]|13:53:27:422
21|2.1|636136517937171582|0|50011.609375|6.9438099799205|102.604815868405||||50011.609375|350|37350||||88003f|THA401|X|X|0|0|6||||132|51|0|0|[]|13:53:31:609
21|2.1|636136517978345699|0|50015.734375|6.9344115195407|102.607047466304||||50015.734375|350|37350||||88003f|THA401|X|X|0|0|6||||132|51|0|0|[]|13:53:35:734
21|2.1|636136518022350099|0|50020.125|6.9245624480468|102.609321979546||||50020.125|350|37350||||88003f|THA401|X|X|0|0|6||||132|51|0|0|[]|13:53:40:125
21|2.1|636136518067124576|0|50024.59375|6.9146919188808|102.611639408133||||50024.59375|350|37350||||88003f|THA401|X|X|0|0|6||||132|51|0|0|[]|13:53:44:594
21|2.1|636136518107988662|0|50028.6953125|6.9057011542709|102.613720802327||||50028.6953125|350|37350||||88003f|THA401|X|X|0|0|6||||132|51|0|0|[]|13:53:48:695
21|2.1|636136518123280191|0|50030.2109375|6.9021177230302|102.614579109211||||50030.2109375|350|37350||||88003f|X|X|X||0|6||||132|83|0|0|[]|13:53:50:211
21|2.1|636136518151983061|0|50033.09375|6.8958735404491|102.616038230913||||50033.09375|350|37350||||88003f|THA401|X|X||0|6||||132|51|0|0|[]|13:53:53:094
21|2.1|636136518193327195|0|50037.234375|6.8864536223972|102.618226913468||||50037.234375|350|37350||||88003f|THA401|X|X||0|6||||132|51|0|0|[]|13:53:57:234
21|2.1|636136518235601422|0|50041.4453125|6.8770122466732|102.62039413835||||50041.4453125|350|37350||||88003f|THA401|X|X||0|6||||132|51|0|0|[]|13:54:01:445
21|2.1|636136518278975759|0|50045.6484375|6.8676352439655|102.62264719392||||50045.6484375|350|37350||||88003f|THA401|X|X||0|6||||132|51|0|0|[]|13:54:05:648
21|2.1|636136518319839845|0|50049.8828125|6.8582153259136|102.624814418802||||50049.8828125|350|37350||||88003f|THA401|X|X|0|0|6||||132|51|0|0|[]|13:54:09:883
21|2.1|636136518359943855|0|50053.8828125|6.8492674766479|102.626895812996||||50053.8828125|350|37350||||88003f|THA401|X|X|0|0|6||||132|51|0|0|[]|13:54:13:883
21|2.1|636136518400657926|0|50057.953125|6.8398690162681|102.629105953222||||50057.953125|350|37350||||88003f|THA401|X|X|0|0|6||||132|51|0|0|[]|13:54:17:953
21|2.1|636136518412039064|0|50059.0859375|6.8376374183697|102.629642395025||||50059.0859375|350|||||88003f|X|X|X||0|6||||132|83|0|0|[]|13:54:19:086
21|2.1|636136518445272387|0|50062.421875|6.8300628601184|102.631380466465||||50062.421875|350|37350||||88003f|THA401|X|X|0|0|6||||132|51|0|0|[]|13:54:22:422
21|2.1|636136518487716631|0|50066.6640625|6.8206429420665|102.633612064363||||50066.6640625|350|37350||||88003f|THA401|X|X|0|0|6||||132|51|0|0|[]|13:54:26:664
21|2.1|636136518531701029|0|50071.0625|6.8107724129005|102.63592949295||||50071.0625|350|37350||||88003f|THA401|X|X|0|0|6||||132|51|0|0|[]|13:54:31:063
21|2.1|636136518573355194|0|50075.234375|6.8013524948486|102.638096717832||||50075.234375|350|37350||||88003f|THA401|X|X|0|0|6||||132|51|0|0|[]|13:54:35:234
21|2.1|636136518614229281|0|50079.3125|6.7919754921409|102.640285400386||||50079.3125|350|37350||||88003f|THA401|X|X|0|0|6||||132|51|0|0|[]|13:54:39:313
21|2.1|636136518657123570|0|50083.609375|6.782555574089|102.642516998285||||50083.609375|350|37350||||88003f|THA401|X|X|0|0|7||||132|51|0|0|[]|13:54:43:609
21|2.1|636136518698627720|0|50087.75|6.773114198365|102.644748596183||||50087.75|350|37350||||88003f|THA401|X|X|0|0|7||||132|51|0|0|[]|13:54:47:750
21|2.1|636136518727960653|0|50090.671875|6.7668271004397|102.646207717886||||50090.671875|350|37350||||88003f|X|X|X||0|7||||132|83|0|0|[]|13:54:50:672
21|2.1|636136518742622119|0|50092.1484375|6.763243669199|102.647023109426||||50092.1484375|350|37350||||88003f|THA401|X|X|0|0|7||||132|51|0|0|[]|13:54:52:148
21|2.1|636136518784586315|0|50096.34375|6.753802293475|102.64921179198||||50096.34375|350|37350||||88003f|THA401|X|X|0|0|7||||132|51|0|0|[]|13:54:56:344
21|2.1|636136518828730729|0|50100.7734375|6.7439103066369|102.651550678239||||50100.7734375|350|37350||||88003f|THA401|X|X|0|0|7||||132|51|0|0|[]|13:55:00:773
21|2.1|636136518833731229|0|50101.25|6.7430519997529|102.651743797288||||50101.25|350|37350||||88003f|X|X|X||0|7||||132|83|0|0|[]|13:55:01:250
21|2.1|636136518872575113|0|50105.1484375|6.734061235143|102.653825191482||||50105.1484375|350|37350||||88003f|THA401|X|X|0|0|7||||132|51|0|0|[]|13:55:05:148
21|2.1|636136518912979153|0|50109.1953125|6.725049012861|102.655928043347||||50109.1953125|350|37350||||88003f|THA401|X|X|0|0|7||||132|51|0|0|[]|13:55:09:195
21|2.1|636136518960253880|0|50113.921875|6.7142987191389|102.658438590983||||50113.921875|350|37350||||88003f|THA401|X|X|0|0|7||||132|51|0|0|[]|13:55:13:922
21|2.1|636136519003158170|0|50118.2109375|6.704878801087|102.660648731209||||50118.2109375|350|37350||||88003f|THA401|X|X|0|0|7||||132|51|0|0|[]|13:55:18:211
21|2.1|636136519043242178|0|50122.2109375|6.6958880364771|102.662730125403||||50122.2109375|350|37350||||88003f|THA401|X|X|0|0|7||||132|51|0|0|[]|13:55:22:211
21|2.1|636136519053223176|0|50123.203125|6.6936135232345|102.663288024878||||50123.203125|350|37350||||88003f|THA401|X|X||0|7||||132|83|0|0|[]|13:55:23:203
21|2.1|636136519084266280|0|50126.3125|6.686425203081|102.664961723301||||50126.3125|350|37350||||88003f|THA401|X|X|0|0|7||||132|51|0|0|[]|13:55:26:313
21|2.1|636136519128270680|0|50130.7109375|6.6765332162429|102.667279151888||||50130.7109375|350|37350||||88003f|THA401|X|X|0|0|7||||132|51|0|0|[]|13:55:30:711
21|2.1|636136519171004953|0|50134.9921875|6.667113298191|102.669467834442||||50134.9921875|350|37350||||88003f|THA401|X|X|0|0|7||||132|51|0|0|[]|13:55:34:992
21|2.1|636136519171164969|0|50134.9921875|6.667113298191|102.669467834442||||50134.9921875|350|37350||||88003f|THA401|X|X|0|0|7||||132|83|0|0|[]|13:55:34:992
21|2.1|636136519214069259|0|50139.3046875|6.657671922467|102.671656516997||||50139.3046875|350|37350||||88003f|THA401|X|X|0|0|7||||132|51|0|0|[]|13:55:39:305
21|2.1|636136519258063658|0|50143.6953125|6.6477799356289|102.673995403256||||50143.6953125|350|37350||||88003f|THA401|X|X|0|0|7||||132|51|0|0|[]|13:55:43:695
21|2.1|636136519299717823|0|50147.859375|6.6383385599049|102.67618408581||||50147.859375|350|37350||||88003f|THA401|X|X|0|0|7||||132|51|0|0|[]|13:55:47:859
21|2.1|636136519299867838|0|50147.859375|6.6383385599049|102.67618408581||||50147.859375|350|37350||||88003f|THA401|X|X||0|7||||132|83|0|0|[]|13:55:47:859
21|2.1|636136519343862237|0|50152.28125|6.6284251153947|102.678501514397||||50152.28125|350|37350||||88003f|THA401|X|X|0|0|7||||132|51|0|0|[]|13:55:52:281
21|2.1|636136519386456496|0|50156.5390625|6.6185116708845|102.680818942983||||50156.5390625|350|37350||||88003f|THA401|X|X|0|0|7||||132|51|0|0|[]|13:55:56:539
21|2.1|636136519386616512|0|50156.5390625|6.6185116708845|102.680818942983||||50156.5390625|350|37350||||88003f|THA401|X|X||0|7||||132|83|0|0|[]|13:55:56:539
21|2.1|636136519427020552|0|50160.59375|6.6095423639467|102.682900337177||||50160.59375|350|37350||||88003f|THA401|X|X|0|0|7||||132|51|0|0|[]|13:56:00:594
21|2.1|636136519470234873|0|50164.9140625|6.5996074617644|102.685239223436||||50164.9140625|350|37350||||88003f|THA401|X|X|0|0|7||||132|51|0|0|[]|13:56:04:914
21|2.1|636136519512039053|0|50169.1015625|6.5906381548266|102.68732061763||||50169.1015625|350|37350||||88003f|THA401|X|X|0|0|7||||132|51|0|0|[]|13:56:09:102
21|2.1|636136519512199069|0|50169.1015625|6.5906381548266|102.68732061763||||50169.1015625|350|37350||||88003f|THA401|X|X||0|7||||132|83|0|0|[]|13:56:09:102
21|2.1|636136519554473296|0|50173.3359375|6.5807247103164|102.689638046216||||50173.3359375|350|37350||||88003f|THA401|X|X|0|0|7||||132|51|0|0|[]|13:56:13:336
21|2.1|636136519554473296|0|50173.3359375|6.5807247103164|102.689638046216||||50173.3359375|350|37350||||88003f|THA401|X|X||0|7||||132|83|0|0|[]|13:56:13:336
21|2.1|636136519595187367|0|50177.40625|6.5717339457065|102.69171944041||||50177.40625|350|37350||||88003f|THA401|X|X|0|0|7||||132|51|0|0|[]|13:56:17:406
21|2.1|636136519622960144|0|50180.171875|6.565403932437|102.693178562113||||50180.171875|350|37350||||88003f|THA401|X|X||0|7||||132|83|0|0|[]|13:56:20:172
21|2.1|636136519637311579|0|50181.625|6.5622711123104|102.693951038309||||50181.625|350|37350||||88003f|THA401|X|X|0|0|7||||132|51|0|0|[]|13:56:21:625
21|2.1|636136519672885136|0|50185.1640625|6.5541601122566|102.695817855781||||50185.1640625|350|37350||||88003f|THA401|X|X|0|0|7||||132|83|0|0|[]|13:56:25:164
21|2.1|636136519682086056|0|50186.09375|6.5523362101281|102.696247009223||||50186.09375|350|37350||||88003f|THA401|X|X|0|0|7||||132|51|0|0|[]|13:56:26:094
21|2.1|636136519725140361|0|50190.40625|6.54244422329|102.69856443781||||50190.40625|350|37350||||88003f|THA401|X|X|0|0|7||||132|51|0|0|[]|13:56:30:406
21|2.1|636136519749482795|0|50192.8359375|6.5370583475929|102.699830440464||||50192.8359375|350|37350||||88003f|THA401|X|X|0|0|7||||132|83|0|0|[]|13:56:32:836
21|2.1|636136519767594606|0|50194.6484375|6.533002847566|102.700753120364||||50194.6484375|350|37350||||88003f|THA401|X|X|0|0|7||||132|51|0|0|[]|13:56:34:648
21|2.1|636136519797057552|0|50197.59375|6.5262436808545|102.7023409881||||50197.59375|350|37350||||88003f|THA401|X|X|0|0|7||||132|83|0|0|[]|13:56:37:594
21|2.1|636136519812349081|0|50199.1328125|6.5226817072859|102.703177837312||||50199.1328125|350|37350||||88003f|THA401|X|X|0|0|7||||132|51|0|0|[]|13:56:39:133
21|2.1|636136519856033449|0|50203.4921875|6.5132188738898|102.70540943521||||50203.4921875|350|37350||||88003f|THA401|X|X|0|0|7||||132|51|0|0|[]|13:56:43:492
21|2.1|636136519888786724|0|50206.765625|6.5055155696059|102.707168964322||||50206.765625|350|37350||||88003f|THA401|X|X||0|7||||132|83|0|0|[]|13:56:46:766
21|2.1|636136519897837629|0|50207.671875|6.5037131251495|102.707598117764||||50207.671875|350|37350||||88003f|THA401|X|X|0|0|7||||132|51|0|0|[]|13:56:47:672
21|2.1|636136519930440889|0|50210.921875|6.496095651554|102.709379104548||||50210.921875|350|37350||||88003f|THA401|X|X|0|0|7||||132|83|0|0|[]|13:56:50:922
21|2.1|636136519939801825|0|50211.875|6.4942717494255|102.70980825799||||50211.875|350|37350||||88003f|THA401|X|X|0|0|7||||132|51|0|0|[]|13:56:51:875
21|2.1|636136519983956240|0|50216.28125|6.4843583049153|102.712125686577||||50216.28125|350|37350||||88003f|THA401|X|X|0|0|7||||132|51|0|0|[]|13:56:56:281
21|2.1|636136520024200264|0|50220.3046875|6.4753675403054|102.714207080771||||50220.3046875|350|37350||||88003f|THA401|X|X|0|0|7||||132|51|0|0|[]|13:57:00:305
21|2.1|636136520068504694|0|50224.7421875|6.4650034846811|102.716674713062||||50224.7421875|350|37350||||88003f|THA401|X|X|0|0|7||||132|51|0|0|[]|13:57:04:742
21|2.1|636136520068664710|0|50224.7421875|6.4650034846811|102.716674713062||||50224.7421875|350|37350||||88003f|THA401|X|X|0|0|7||||132|83|0|0|[]|13:57:04:742
21|2.1|636136520111719015|0|50229.0546875|6.4554977359408|102.718863395617||||50229.0546875|350|37350||||88003f|THA401|X|X|0|0|7||||132|51|0|0|[]|13:57:09:055
21|2.1|636136520111729016|0|50229.0546875|6.4554977359408|102.718863395617||||50229.0546875|350|37350||||88003f|THA401|X|X|0|0|7||||132|83|0|0|[]|13:57:09:055
21|2.1|636136520155873430|0|50233.4765625|6.4456272067748|102.721180824203||||50233.4765625|350|37350||||88003f|THA401|X|X|0|0|7||||132|51|0|0|[]|13:57:13:477
21|2.1|636136520180675910|0|50235.9453125|6.4397263469473|102.722532657546||||50235.9453125|350|37350||||88003f|THA401|X|X|0|0|7||||132|83|0|0|[]|13:57:15:945
21|2.1|636136520200327875|0|50237.9140625|6.4352416934784|102.723605541151||||50237.9140625|350|37350||||88003f|THA401|X|X|0|0|7||||132|51|0|0|[]|13:57:17:914
21|2.1|636136520230290871|0|50240.90625|6.428933137881|102.725064662854||||50240.90625|350|37350||||88003f|THA401|X|X|0|0|7||||132|83|0|0|[]|13:57:20:906
21|2.1|636136520241201962|0|50242|6.4262294711964|102.725708393017||||50242|350|37350||||88003f|THA401|X|X|0|0|7||||132|51|0|0|[]|13:57:22:000
21|2.1|636136520270224864|0|50244.90625|6.4198994579269|102.727146057047||||50244.90625|350|37350||||88003f|THA401|X|X|0|0|7||||132|83|0|0|[]|13:57:24:906
21|2.1|636136520284276269|0|50246.3125|6.4163374843583|102.727982906259||||50246.3125|350|37350||||88003f|THA401|X|X|0|0|7||||132|51|0|0|[]|13:57:26:313
21|2.1|636136520311098951|0|50248.984375|6.4104366245308|102.729356197274||||50248.984375|350|37350||||88003f|THA401|X|X|0|0|7||||132|83|0|0|[]|13:57:28:984
21|2.1|636136520326230464|0|50250.515625|6.4068531932901|102.730214504158||||50250.515625|350|37350||||88003f|THA401|X|X|0|0|7||||132|51|0|0|[]|13:57:30:516
21|2.1|636136520351973038|0|50253.0859375|6.4014458599209|102.731501964484||||50253.0859375|350|37350||||88003f|THA401|X|X||0|7||||132|83|0|0|[]|13:57:33:086
21|2.1|636136520368194660|0|50254.703125|6.397819513336|102.732295898351||||50254.703125|350|37350||||88003f|THA401|X|X|0|0|7||||132|51|0|0|[]|13:57:34:703
21|2.1|636136520408598700|0|50258.75|6.3883566799399|102.734548953922||||50258.75|350|37350||||88003f|THA401|X|X|0|0|7||||132|51|0|0|[]|13:57:38:750
21|2.1|636136520433101150|0|50261.1953125|6.3829708042428|102.735814956576||||50261.1953125|350|37350||||88003f|THA401|X|X||0|7||||132|83|0|0|[]|13:57:41:195
21|2.1|636136520452443084|0|50263.1328125|6.3784432354297|102.736823467164||||50263.1328125|350|37350||||88003f|THA401|X|X|0|0|7||||132|51|0|0|[]|13:57:43:133
21|2.1|636136520500177857|0|50267.90625|6.3680577221333|102.739269641784||||50267.90625|350|37350||||88003f|THA401|X|X|0|0|7||||132|51|0|0|[]|13:57:47:906
21|2.1|636136520555093348|0|50273.40625|6.3555049839548|102.742209342861||||50273.40625|350|37350||||88003f|THA401|X|X|0|0|7||||132|51|0|0|[]|13:57:53:406
21|2.1|636136520619999838|0|50279.8828125|6.3410639706315|102.745706943414||||50279.8828125|350|37350||||88003f|THA401|X|X|0|0|7||||132|51|0|0|[]|13:57:59:883
21|2.1|636136520684896327|0|50286.1796875|6.3267731610129|102.749440578359||||50286.1796875|350|37350||||88003f|THA401|X|X|0|0|7||||132|51|0|0|[]|13:58:06:180
21|2.1|636136520729340771|0|50290.8203125|6.316494936077|102.752294448748||||50290.8203125|350|37350||||88003f|THA401|X|X|0|0|7||||132|51|0|0|[]|13:58:10:820
21|2.1|636136520773495186|0|50295.2421875|6.3067531529436|102.755083946121||||50295.2421875|350|37350||||88003f|THA401|X|X|0|0|7||||132|51|0|0|[]|13:58:15:242
21|2.1|636136520814369273|0|50299.3125|6.297397607908|102.757787612806||||50299.3125|350|37350||||88003f|THA401|X|X|0|0|7||||132|51|0|0|[]|13:58:19:313
21|2.1|636136520857113547|0|50303.6015625|6.2880635205445|102.760469821819||||50303.6015625|350|37350||||88003f|THA401|X|X|0|0|7||||132|51|0|0|[]|13:58:23:602
21|2.1|636136520901267962|0|50308.015625|6.2783217374111|102.763323692208||||50308.015625|350|37350||||88003f|THA401|X|X|0|0|7||||132|51|0|0|[]|13:58:28:016
21|2.1|636136520945572392|0|50312.4453125|6.2685799542777|102.766113189581||||50312.4453125|350|37350||||88003f|THA401|X|X|0|0|7||||132|51|0|0|[]|13:58:32:445
21|2.1|636136520991276962|0|50317.015625|6.258344644686|102.769095806003||||50317.015625|350|37350||||88003f|THA401|X|X|0|0|7||||132|51|0|0|[]|13:58:37:016
21|2.1|636136521032621096|0|50321.15625|6.2490320149946|102.771799472687||||50321.15625|350|37375||||88003f|THA401|X|X|0|0|7||||132|51|0|0|[]|13:58:41:156
21|2.1|636136521046662500|0|50322.5546875|6.2459206525401|102.772700694916||||50322.5546875|350|37375||||88003f|THA401|X|X|0|0|7||||132|83|0|0|[]|13:58:42:555
21|2.1|636136521076775511|0|50325.5625|6.2392687741891|102.774631885405||||50325.5625|350|37375||||88003f|THA401|X|X|0|0|7||||132|51|0|0|[]|13:58:45:563
21|2.1|636136521086916525|0|50326.5703125|6.2370586339628|102.775254157895||||50326.5703125|350|37375||||88003f|THA401|X|X|0|0|7||||132|83|0|0|[]|13:58:46:570
21|2.1|636136521120449878|0|50329.921875|6.2295269910557|102.777421382778||||50329.921875|350|37350||||88003f|THA401|X|X|0|0|7||||132|51|0|0|[]|13:58:49:922
21|2.1|636136521133251158|0|50331.203125|6.2268662397153|102.778215316645||||50331.203125|350|37350||||88003f|THA401|X|X||0|7||||132|83|0|0|[]|13:58:51:203
21|2.1|636136521165694402|0|50334.4609375|6.2197637502502|102.780275253167||||50334.4609375|350|37375||||88003f|THA401|X|X|0|0|7||||132|51|0|0|[]|13:58:54:461
21|2.1|636136521207658598|0|50338.65625|6.210494035903|102.782978919851||||50338.65625|350|37375||||88003f|THA401|X|X|0|0|7||||132|51|0|0|[]|13:58:58:656
21|2.1|636136521248682700|0|50342.765625|6.2011814062116|102.785661128864||||50342.765625|350|37350||||88003f|THA401|X|X|0|0|7||||132|51|0|0|[]|13:59:02:766
21|2.1|636136521291747006|0|50347.0625|6.1918687765202|102.788364795549||||50347.0625|350|37350||||88003f|THA401|X|X|0|0|7||||132|51|0|0|[]|13:59:07:063
21|2.1|636136521332621093|0|50351.140625|6.182599062173|102.791068462233||||50351.140625|350|37350||||88003f|THA401|X|X|0|0|7||||132|51|0|0|[]|13:59:11:141
21|2.1|636136521376295460|0|50355.515625|6.1728572790396|102.793857959606||||50355.515625|350|37350||||88003f|THA401|X|X|0|0|7||||132|51|0|0|[]|13:59:15:516
21|2.1|636136521418889719|0|50359.7734375|6.1635661070203|102.796561626291||||50359.7734375|350|37375||||88003f|THA401|X|X|0|0|7||||132|51|0|0|[]|13:59:19:773
21|2.1|636136521461633993|0|50364.046875|6.154274935001|102.799265292975||||50364.046875|350|37350||||88003f|THA401|X|X|0|0|7||||132|51|0|0|[]|13:59:24:047
21|2.1|636136521508908720|0|50368.78125|6.1436533873115|102.802333740086||||50368.78125|350|37350||||88003f|THA401|X|X|0|0|7||||132|51|0|0|[]|13:59:28:781
21|2.1|636136521558203649|0|50373.7109375|6.1325597708358|102.805509475556||||50373.7109375|350|37350||||88003f|THA401|X|X|0|0|7||||132|51|0|0|[]|13:59:33:711
21|2.1|636136521602348063|0|50378.125|6.1228394453745|102.808363345946||||50378.125|350|37350||||88003f|THA401|X|X|0|0|7||||132|51|0|0|[]|13:59:38:125
21|2.1|636136521642602088|0|50382.140625|6.1139774267972|102.810916808926||||50382.140625|350|37350||||88003f|THA401|X|X|0|0|7||||132|51|0|0|[]|13:59:42:141
21|2.1|636136521683646192|0|50386.25|6.1050939505478|102.813470271906||||50386.25|350|37350||||88003f|THA401|X|X|0|0|7||||132|51|0|0|[]|13:59:46:250
21|2.1|636136521726690496|0|50390.5546875|6.0953736250865|102.816259769279||||50390.5546875|350|37350||||88003f|THA401|X|X|0|0|7||||132|51|0|0|[]|13:59:50:555
21|2.1|636136521776295456|0|50395.515625|6.0842800086108|102.819499877766||||50395.515625|350|37350||||88003f|THA401|X|X|0|0|7||||132|51|0|0|[]|13:59:55:516
21|2.1|636136521826840510|0|50400.5703125|6.0732078498072|102.822697070909||||50400.5703125|350|37350||||88003f|THA401|X|X||0|7||||132|51|0|0|[]|14:00:00:570
21|2.1|636136521870214847|0|50404.9140625|6.0634660666738|102.825486568282||||50404.9140625|350|37350||||88003f|THA401|X|X|0|0|7||||132|51|0|0|[]|14:00:04:914
21|2.1|636136521912499075|0|50409.125|6.0541534369824|102.828211692638||||50409.125|350|37350||||88003f|THA401|X|X|0|0|7||||132|51|0|0|[]|14:00:09:125
21|2.1|636136521962884113|0|50414.1796875|6.0430812781788|102.831408885781||||50414.1796875|350|37350||||88003f|THA401|X|X|0|0|7||||132|51|0|0|[]|14:00:14:180
21|2.1|636136522008118636|0|50418.6953125|6.0333180373733|102.834219840826||||50418.6953125|350|37350||||88003f|THA401|X|X|0|0|7||||132|51|0|0|[]|14:00:18:695
21|2.1|636136522402658086|0|50458.15625|5.9455561584843|102.859582809248||||50458.15625|350|37350||||88003f|THA401|X|X||0|7||||132|51|0|0|[]|14:00:58:156
21|2.1|636136522446652485|0|50462.5546875|5.935835833023|102.862393764294||||50462.5546875|350|37350||||88003f|THA401|X|X|0|0|7||||132|51|0|0|[]|14:01:02:555
21|2.1|636136522490806900|0|50466.9765625|5.9260940498896|102.865183261667||||50466.9765625|350|37350||||88003f|THA401|X|X|0|0|7||||132|51|0|0|[]|14:01:06:977
21|2.1|636136522531210940|0|50471.0078125|5.9172105736402|102.867736724646||||50471.0078125|350|37350||||88003f|THA401|X|X|0|0|7||||132|51|0|0|[]|14:01:11:008
21|2.1|636136522798607677|0|50497.7421875|5.8578157372674|102.884924319999||||50497.7421875|350|37350||||88003f|THA401|X|X|0|0|7||||132|51|0|0|[]|14:01:37:742
21|2.1|636136522843222138|0|50502.203125|5.8480310387898|102.887713817372||||50502.203125|350|37350||||88003f|THA401|X|X|0|0|7||||132|51|0|0|[]|14:01:42:203
21|2.1|636136522886426458|0|50506.5234375|5.8382463403122|102.890567687761||||50506.5234375|350|37350||||88003f|THA401|X|X|0|0|7||||132|51|0|0|[]|14:01:46:523
21|2.1|636136523737601567|0|50591.640625|5.6495261141927|102.945005801879||||50591.640625|350|37350||||88003f|THA401|X|X||0|7||||132|51|0|0|[]|14:03:11:641
21|2.1|636136523786266433|0|50596.515625|5.6384110400449|102.948202995021||||50596.515625|350|37350||||88003f|THA401|X|X|0|0|7||||132|51|0|0|[]|14:03:16:516
21|2.1|636136523826830489|0|50600.578125|5.6295704791397|102.950799373346||||50600.578125|350|37350||||88003f|THA401|X|X||0|7||||132|51|0|0|[]|14:03:20:578
21|2.1|636136523867544560|0|50604.6328125|5.6206655452182|102.953352836325||||50604.6328125|350|37350||||88003f|THA401|X|X|0|0|7||||132|51|0|0|[]|14:03:24:633
21|2.1|636136523909518757|0|50608.8359375|5.611395830871|102.95605650301||||50608.8359375|350|37350||||88003f|THA401|X|X||0|7||||132|51|0|0|[]|14:03:28:836
21|2.1|636136523950382843|0|50612.921875|5.6021046588517|102.958760169695||||50612.921875|350|37350||||88003f|THA401|X|X|0|0|7||||132|51|0|0|[]|14:03:32:922
21|2.1|636136523991886993|0|50617.078125|5.5931997249302|102.961313632675||||50617.078125|350|37350||||88003f|THA401|X|X|0|0|7||||132|51|0|0|[]|14:03:37:078
21|2.1|636136524039161720|0|50621.796875|5.5825996349128|102.964339164441||||50621.796875|350|37350||||88003f|THA401|X|X||0|7||||132|51|0|0|[]|14:03:41:797
21|2.1|636136524082996103|0|50626.1875|5.5728149364352|102.967171577158||||50626.1875|350|37350||||88003f|THA401|X|X|0|0|7||||132|51|0|0|[]|14:03:46:188
21|2.1|636136524136971500|0|50631.5859375|5.5608200977313|102.97066917771||||50631.5859375|349.75|37325||||88003f|THA401|X|X|0|0|7||||132|51|0|0|[]|14:03:51:586
21|2.1|636136524186426445|0|50636.5234375|5.5497693965998|102.973801997837||||50636.5234375|349.75|37325||||88003f|THA401|X|X|0|0|7||||132|51|0|0|[]|14:03:56:523
21|2.1|636136524236191421|0|50641.5078125|5.5391478489103|102.976891902619||||50641.5078125|350|37350||||88003f|THA401|X|X|0|0|7||||132|51|0|0|[]|14:04:01:508
21|2.1|636136524281275929|0|50646.0078125|5.5289554546628|102.979788688353||||50646.0078125|350|37350||||88003f|THA401|X|X|0|0|7||||132|51|0|0|[]|14:04:06:008
21|2.1|636136524322150016|0|50650.09375|5.5201363514297|102.982342151333||||50650.09375|350|37350||||88003f|THA401|X|X|0|0|7||||132|51|0|0|[]|14:04:10:094
21|2.1|636136524362404041|0|50654.125|5.5108451794104|102.985024360345||||50654.125|350|37350||||88003f|THA401|X|X|0|0|7||||132|51|0|0|[]|14:04:14:125
21|2.1|636136524404518252|0|50658.34375|5.5016398380795|102.987663654013||||50658.34375|350|37350||||88003f|THA401|X|X|0|0|7||||132|51|0|0|[]|14:04:18:344
21|2.1|636136524445862386|0|50662.453125|5.4927992771743|102.990217116993||||50662.453125|350|37350||||88003f|THA401|X|X|0|0|7||||132|51|0|0|[]|14:04:22:453
21|2.1|636136524516379437|0|50669.515625|5.4769205998203|102.994787601151||||50669.515625|350|37350||||88003f|THA401|X|X|0|0|7||||132|51|0|0|[]|14:04:29:516
21|2.1|636136524559283727|0|50673.8046875|5.4676938008173|102.997448352491||||50673.8046875|350|37350||||88003f|THA401|X|X|0|0|7||||132|51|0|0|[]|14:04:33:805
21|2.1|636136524603428141|0|50678.2265625|5.4580163907002|103.000237849864||||50678.2265625|350|37350||||88003f|THA401|X|X|0|0|7||||132|51|0|0|[]|14:04:38:227
21|2.1|636136524646482446|0|50682.53125|5.4482960652389|103.003027347237||||50682.53125|350|37350||||88003f|THA401|X|X|0|0|7||||132|51|0|0|[]|14:04:42:531
21|2.1|636136524687206518|0|50686.6015625|5.4394984196779|103.005537894873||||50686.6015625|350|37350||||88003f|THA401|X|X|0|0|7||||132|51|0|0|[]|14:04:46:602
21|2.1|636136524728850682|0|50690.765625|5.4302287053307|103.008241561557||||50690.765625|350|37350||||88003f|THA401|X|X|0|0|7||||132|51|0|0|[]|14:04:50:766
21|2.1|636136524779245721|0|50695.8125|5.4192423772155|103.011417297028||||50695.8125|350|37350||||88003f|THA401|X|X|0|0|7||||132|51|0|0|[]|14:04:55:813
21|2.1|636136524823390135|0|50700.2265625|5.4095649670984|103.014163879057||||50700.2265625|350|37350||||88003f|THA401|X|X|0|0|7||||132|51|0|0|[]|14:05:00:227
21|2.1|636136524864114207|0|50704.296875|5.4007673215374|103.016717342037||||50704.296875|350|37350||||88003f|THA401|X|X|0|0|7||||132|51|0|0|[]|14:05:04:297
21|2.1|636136524907478543|0|50708.625|5.391025538404|103.01950683941||||50708.625|350|37350||||88003f|THA401|X|X|0|0|7||||132|51|0|0|[]|14:05:08:625
21|2.1|636136524947412536|0|50712.625|5.382227892843|103.02206030239||||50712.625|350|37350||||88003f|THA401|X|X|0|0|7||||132|51|0|0|[]|14:05:12:625
21|2.1|636136524987976592|0|50716.6875|5.373430247282|103.02461376537||||50716.6875|350|37350||||88003f|THA401|X|X|0|0|7||||132|51|0|0|[]|14:05:16:688
21|2.1|636136525032911085|0|50721.171875|5.3633022260508|103.027510551103||||50721.171875|350|37350||||88003f|THA401|X|X|0|0|7||||132|51|0|0|[]|14:05:21:172
21|2.1|636136525073465140|0|50725.2265625|5.3544616651456|103.030021098739||||50725.2265625|349.75|37325||||88003f|THA401|X|X|0|0|7||||132|51|0|0|[]|14:05:25:227
21|2.1|636136525113879181|0|50729.265625|5.3456211042404|103.032531646374||||50729.265625|349.75|37350||||88003f|THA401|X|X|0|0|7||||132|51|0|0|[]|14:05:29:266
21|2.1|636136525158963689|0|50733.7734375|5.3354930830092|103.035428432108||||50733.7734375|350|37350||||88003f|THA401|X|X|0|0|7||||132|51|0|0|[]|14:05:33:773
21|2.1|636136525201867979|0|50738.078125|5.3262662840062|103.03811064112||||50738.078125|350|37350||||88003f|THA401|X|X|0|0|7||||132|51|0|0|[]|14:05:38:078
21|2.1|636136525243982190|0|50742.265625|5.3170609426753|103.040771392461||||50742.265625|350|37350||||88003f|THA401|X|X|0|0|7||||132|51|0|0|[]|14:05:42:266
21|2.1|636136525285486340|0|50746.4296875|5.3078126860002|103.043432143801||||50746.4296875|350.25|37375||||88003f|THA401|X|X|0|0|7||||132|51|0|0|[]|14:05:46:430
21|2.1|636136525334151206|0|50751.3046875|5.2972769689991|103.046500590912||||50751.3046875|350|37350||||88003f|THA401|X|X|0|0|7||||132|51|0|0|[]|14:05:51:305
21|2.1|636136525378155606|0|50755.6953125|5.2876210165541|103.049290088285||||50755.6953125|350|37350||||88003f|THA401|X|X|0|0|7||||132|51|0|0|[]|14:05:55:695
21|2.1|636136525427140504|0|50760.59375|5.276656146111|103.052422908411||||50760.59375|350|37350||||88003f|THA401|X|X|0|0|7||||132|51|0|0|[]|14:06:00:594
21|2.1|636136525468474637|0|50764.734375|5.2674508047801|103.055105117424||||50764.734375|350|37350||||88003f|THA401|X|X|0|0|7||||132|51|0|0|[]|14:06:04:734
21|2.1|636136525512779067|0|50769.1640625|5.2578377676793|103.057851699452||||50769.1640625|350|37350||||88003f|THA401|X|X||0|7||||132|51|0|0|[]|14:06:09:164
21|2.1|636136525558343623|0|50773.71875|5.2477955771365|103.060855773546||||50773.71875|350|37350||||88003f|THA401|X|X|0|0|7||||132|51|0|0|[]|14:06:13:719
21|2.1|636136525604358224|0|50778.3125|5.23781775961|103.064052966689||||50778.3125|350|37350||||88003f|THA401|X|X|0|0|7||||132|51|0|0|[]|14:06:18:313
21|2.1|636136525656783466|0|50783.5625|5.2266168547738|103.067915347667||||50783.5625|350|37350||||88003f|THA401|X|X|0|0|7||||132|51|0|0|[]|14:06:23:563
21|2.1|636136525703728160|0|50788.2578125|5.216789240952|103.07141294822||||50788.2578125|350|37350||||88003f|THA401|X|X||0|7||||132|51|0|0|[]|14:06:28:258
21|2.1|636136525754743261|0|50793.34375|5.2056527091321|103.075382617558||||50793.34375|350|37350||||88003f|THA401|X|X|0|0|7||||132|51|0|0|[]|14:06:33:344
21|2.1|636136525794997286|0|50797.3828125|5.1970910979642|103.078515437685||||50797.3828125|350|37350||||88003f|THA401|X|X||0|7||||132|51|0|0|[]|14:06:37:383
21|2.1|636136525852723058|0|50803.15625|5.1847314788346|103.083043006498||||50803.15625|350|37350||||88003f|THA401|X|X|0|0|7||||132|51|0|0|[]|14:06:43:156
21|2.1|636136525893117097|0|50807.1953125|5.1762127830109|103.086154368952||||50807.1953125|350|37350||||88003f|THA401|X|X||0|7||||132|51|0|0|[]|14:06:47:195
21|2.1|636136525934931278|0|50811.375|5.1672434760731|103.089458850456||||50811.375|350|37350||||88003f|THA401|X|X||0|7||||132|51|0|0|[]|14:06:51:375
21|2.1|636136525983606145|0|50816.234375|5.1570081664814|103.093192485401||||50816.234375|350|37350||||88003f|THA401|X|X||0|7||||132|51|0|0|[]|14:06:56:234
