21|2.1|636136510552033142|0|49273.109375|11.7739963426468|103.84215107238||||49273.109375|350|37350||||88044a|AIQ658|X|X||0|6||||132|5|0|0|[]|13:41:13:109
21|2.1|636136510594947433|0|49277.40625|11.7712068452738|103.851056006301||||49277.40625|350|37350||||88044a|AIQ658|X|X||0|6||||132|5|0|0|[]|13:41:17:406
21|2.1|636136510637211659|0|49281.6328125|11.7683958902287|103.85983219419||||49281.6328125|350|37350||||88044a|AIQ658|X|X||0|6||||132|5|0|0|[]|13:41:21:633
21|2.1|636136510678235761|0|49285.7265625|11.7657136812162|103.868307974669||||49285.7265625|350|37350||||88044a|AIQ658|X|X||0|6||||132|5|0|0|[]|13:41:25:727
21|2.1|636136510718329770|0|49289.734375|11.7630529298758|103.876633551444||||49289.734375|350|37350||||88044a|AIQ658|X|X|0|0|6||||132|5|0|0|[]|13:41:29:734
21|2.1|636136510765604497|0|49294.46875|11.7599415674213|103.886482622938||||49294.46875|350|37350||||88044a|AIQ658|X|X|0|0|6||||132|5|0|0|[]|13:41:34:469
21|2.1|636136510834411377|0|49301.359375|11.7554569139524|103.900794890229||||49301.359375|350|37350||||88044a|AIQ658|X|X||0|6||||132|5|0|0|[]|13:41:41:359
21|2.1|636136511041732107|0|49322.078125|11.7418742075131|103.943774607445||||49322.078125|350.25|37375||||88044a|AIQ658|X|X||0|6||||132|5|0|0|[]|13:42:02:078
21|2.1|636136511092117145|0|49327.125|11.7385697260097|103.954224493758||||49327.125|350.25|||||88044a|AIQ658|X|X||0|6||||132|5|0|0|[]|13:42:07:125
21|2.1|636136511140491982|0|49331.953125|11.735415448211|103.964245226629||||49331.953125|350.25|37400||||88044a|AIQ658|X|X|0|0|6||||132|5|0|0|[]|13:42:11:953
21|2.1|636136511181046037|0|49336.0078125|11.7327546968706|103.972613718748||||49336.0078125|350.25|37375||||88044a|AIQ658|X|X|0|0|6||||132|5|0|0|[]|13:42:16:008
21|2.1|636136511221290061|0|49340.0390625|11.7300939455302|103.980960753194||||49340.0390625|350.25|37375||||88044a|AIQ658|X|X|0|0|6||||132|5|0|0|[]|13:42:20:039
21|2.1|636136511261224054|0|49344.0390625|11.7274975672061|103.989243414625||||49344.0390625|350.25|37375||||88044a|AIQ658|X|X|0|0|6||||132|5|0|0|[]|13:42:24:039
21|2.1|636136511301478079|0|49348.0625|11.7248797312099|103.9975689914||||49348.0625|350.25|37375||||88044a|AIQ658|X|X|0|0|6||||132|5|0|0|[]|13:42:28:063
21|2.1|636136511341422073|0|49352.0625|11.7223691835742|104.005873110503||||49352.0625|350.25|37375||||88044a|AIQ658|X|X||0|6||||132|5|0|0|[]|13:42:32:063
21|2.1|636136511590556984|0|49376.9609375|11.7093229189374|104.058208372754||||49376.9609375|350.25|37375||||88044a|AIQ658|X|X||0|6||||132|5|0|0|[]|13:42:56:961
21|2.1|636136512515979517|0|49469.515625|11.6682314768659|104.253945257651||||49469.515625|349.75|37325||||88044a|X|X|X||0|6||||132|5|0|0|[]|13:44:29:516
21|2.1|636136512561064025|0|49474.0078125|11.6662359133606|104.263472464063||||49474.0078125|349.75|37325||||88044a|X|X|X|0|0|6||||132|5|0|0|[]|13:44:34:008
21|2.1|636136512585716490|0|49476.46875|11.6651415720835|104.268686678383||||49476.46875|349.75|37325||||88044a|X|X|X|0|0|6||||132|163|0|0|[]|13:44:36:469
21|2.1|636136512601778096|0|49478.078125|11.6644120112321|104.272098448247||||49478.078125|349.75|37325||||88044a|AIQ658|X|X|0|0|6||||132|5|0|0|[]|13:44:38:078
21|2.1|636136512625650483|0|49480.46875|11.6633605852992|104.277162458863||||49480.46875|349.75|37325||||88044a|AIQ658|X|X|0|0|6||||132|163|0|0|[]|13:44:40:469
21|2.1|636136512654823400|0|49483.390625|11.6620731249732|104.283342268428||||49483.390625|349.75|37325||||88044a|AIQ658|X|X|0|0|6||||132|5|0|0|[]|13:44:43:391
21|2.1|636136512685086426|0|49486.40625|11.660742749303|104.289758112386||||49486.40625|349.75|37325||||88044a|AIQ658|X|X|0|0|6||||132|163|0|0|[]|13:44:46:406
21|2.1|636136512696167534|0|49487.5234375|11.6602277651726|104.292096998644||||49487.5234375|349.75|37325||||88044a|AIQ658|X|X|0|0|6||||132|5|0|0|[]|13:44:47:523
21|2.1|636136512728770794|0|49490.78125|11.6587901011419|104.299027826733||||49490.78125|349.75|37325||||88044a|AIQ658|X|X||0|6||||132|163|0|0|[]|13:44:50:781
21|2.1|636136512737991716|0|49491.7109375|11.6583609476999|104.300980474894||||49491.7109375|349.75|37325||||88044a|AIQ658|X|X|0|0|6||||132|5|0|0|[]|13:44:51:711
21|2.1|636136512789926909|0|49496.8828125|11.6560649767852|104.311966803009||||49496.8828125|350|37350||||88044a|AIQ658|X|X|0|0|6||||132|163|0|0|[]|13:44:56:883
21|2.1|636136512930330948|0|49510.9296875|11.6498422518762|104.341792967228||||49510.9296875|349.75|37325||||88044a|AIQ658|X|X|0|0|6||||132|163|0|0|[]|13:45:10:930
21|2.1|636136512971675082|0|49515.0703125|11.6479754344035|104.350547697445||||49515.0703125|349.75|37325||||88044a|AIQ658|X|X|0|0|6||||132|163|0|0|[]|13:45:15:070
21|2.1|636136512991327047|0|49517.0390625|11.6470956698474|104.354753401176||||49517.0390625|349.75|37325||||88044a|AIQ658|X|X||0|6||||132|5|0|0|[]|13:45:17:039
21|2.1|636136513017379652|0|49519.640625|11.6459154978819|104.360268022906||||49519.640625|349.75|37325||||88044a|AIQ658|X|X|0|0|6||||132|163|0|0|[]|13:45:19:641
21|2.1|636136513033301244|0|49521.234375|11.6452288523747|104.363658335098||||49521.234375|349.75|37325||||88044a|AIQ658|X|X||0|6||||132|5|0|0|[]|13:45:21:234
21|2.1|636136513057483662|0|49523.65625|11.6441130534255|104.368808176402||||49523.65625|349.75|37325||||88044a|AIQ658|X|X|0|0|6||||132|163|0|0|[]|13:45:23:656
21|2.1|636136513100687982|0|49527.9765625|11.6422033206086|104.377970602389||||49527.9765625|349.75|37325||||88044a|AIQ658|X|X|0|0|6||||132|163|0|0|[]|13:45:27:977
21|2.1|636136513142032116|0|49532.1015625|11.6403365031359|104.386746790278||||49532.1015625|349.75|37325||||88044a|AIQ658|X|X|0|0|6||||132|163|0|0|[]|13:45:32:102
21|2.1|636136513182126125|0|49536.109375|11.6385555163516|104.395265486101||||49536.109375|350|37350||||88044a|AIQ658|X|X|0|0|6||||132|163|0|0|[]|13:45:36:109
21|2.1|636136513230790991|0|49540.984375|11.6363882914695|104.405629541726||||49540.984375|350|37350||||88044a|AIQ658|X|X|0|0|6||||132|163|0|0|[]|13:45:40:984
21|2.1|636136513273385250|0|49545.234375|11.6344785586526|104.414684679352||||49545.234375|350|37350||||88044a|AIQ658|X|X|0|0|6||||132|163|0|0|[]|13:45:45:234
21|2.1|636136513317849696|0|49549.6875|11.6324829951473|104.424190428092||||49549.6875|350|37350||||88044a|AIQ658|X|X|0|0|6||||132|163|0|0|[]|13:45:49:688
21|2.1|636136514052633167|0|49623.15625|11.5994596377854|104.580788519078||||49623.15625|350|37350||||88044a|AIQ658|X|X||0|6||||132|163|0|0|[]|13:47:03:156
21|2.1|636136514096007504|0|49627.5|11.5975069896243|104.590036775753||||49627.5|350|37350||||88044a|AIQ658|X|X|0|0|6||||132|163|0|0|[]|13:47:07:500
21|2.1|636136514158713774|0|49633.7734375|11.5947174922513|104.603426363143||||49633.7734375|350|37350||||88044a|AIQ658|X|X||0|6||||132|163|0|0|[]|13:47:13:773
21|2.1|636136514218469749|0|49639.7421875|11.5919923678946|104.616129305027||||49639.7421875|350|37350||||88044a|AIQ658|X|X||0|6||||132|163|0|0|[]|13:47:19:742
21|2.1|636136514275565458|0|49645.4453125|11.5894603625868|104.628295805107||||49645.4453125|350|37350||||88044a|AIQ658|X|X||0|6||||132|163|0|0|[]|13:47:25:445
21|2.1|636136514326740575|0|49650.5703125|11.587142934|104.639239217878||||49650.5703125|350.25|37375||||88044a|AIQ658|X|X|0|0|6||||132|163|0|0|[]|13:47:30:570
21|2.1|636136514374625363|0|49655.359375|11.58499716679|104.649453069798||||49655.359375|350.25|37375||||88044a|AIQ658|X|X|0|0|6||||132|163|0|0|[]|13:47:35:359
21|2.1|636136514535311430|0|49671.4375|11.5777659312923|104.683699514469||||49671.4375|350.25|37375||||88044a|AIQ658|X|X||0|6||||132|163|0|0|[]|13:47:51:438
21|2.1|636136514576345533|0|49675.5390625|11.5759634868359|104.692475702358||||49675.5390625|350.25|37375||||88044a|AIQ658|X|X|0|0|6||||132|163|0|0|[]|13:47:55:539
21|2.1|636136514686796577|0|49686.5703125|11.5709853069087|104.71599331098||||49686.5703125|350|37350||||88044a|AIQ658|X|X||0|6||||132|163|0|0|[]|13:48:06:570
21|2.1|636136514736721569|0|49691.5703125|11.5687537090103|104.726636316342||||49691.5703125|350|37350||||88044a|AIQ658|X|X|0|0|6||||132|163|0|0|[]|13:48:11:570
21|2.1|636136514777115608|0|49695.609375|11.5669298068818|104.735262300526||||49695.609375|350|37350||||88044a|AIQ658|X|X|0|0|6||||132|163|0|0|[]|13:48:15:609
21|2.1|636136514819869883|0|49699.875|11.5649771587207|104.744360353496||||49699.875|350|37350||||88044a|AIQ658|X|X|0|0|6||||132|163|0|0|[]|13:48:19:875
21|2.1|636136514863544250|0|49704.25|11.5630245105596|104.75369444086||||49704.25|350|37350||||88044a|AIQ658|X|X|0|0|6||||132|163|0|0|[]|13:48:24:250
21|2.1|636136514904428338|0|49708.34375|11.5611362354148|104.762406255732||||49708.34375|350|37350||||88044a|AIQ658|X|X|0|0|6||||132|163|0|0|[]|13:48:28:344
21|2.1|636136514949042799|0|49712.8046875|11.5590977565653|104.771933462145||||49712.8046875|350|37350||||88044a|AIQ658|X|X|0|0|6||||132|163|0|0|[]|13:48:32:805
21|2.1|636136514992727167|0|49717.1640625|11.5571451084042|104.781246091836||||49717.1640625|350|37350||||88044a|AIQ658|X|X|0|0|6||||132|163|0|0|[]|13:48:37:164
21|2.1|636136515033131207|0|49721.21875|11.5553426639478|104.78987207602||||49721.21875|350|37350||||88044a|AIQ658|X|X|0|0|6||||132|163|0|0|[]|13:48:41:219
21|2.1|636136515073525246|0|49725.25|11.5534329311309|104.798498060204||||49725.25|350|37350||||88044a|AIQ658|X|X|0|0|6||||132|163|0|0|[]|13:48:45:250
21|2.1|636136515113619255|0|49729.25|11.5514802829698|104.806973840684||||49729.25|350|37350||||88044a|AIQ658|X|X||0|6||||132|163|0|0|[]|13:48:49:250
21|2.1|636136515158393732|0|49733.734375|11.5490984813667|104.81643667408||||49733.734375|350|37350||||88044a|AIQ658|X|X|0|0|6||||132|163|0|0|[]|13:48:53:734
21|2.1|636136515222980190|0|49740.1953125|11.5454935924539|104.830083753536||||49740.1953125|350|37350||||88044a|AIQ658|X|X|0|0|6||||132|163|0|0|[]|13:49:00:195
21|2.1|636136515269944886|0|49744.8984375|11.5426182643925|104.83993282503||||49744.8984375|350|37350||||88044a|AIQ658|X|X|0|0|6||||132|163|0|0|[]|13:49:04:898
21|2.1|636136515311279019|0|49749.015625|11.5399789707242|104.848558809214||||49749.015625|350|37350||||88044a|AIQ658|X|X|0|0|6||||132|163|0|0|[]|13:49:09:016
21|2.1|636136515353563247|0|49753.25|11.5371894733512|104.857313539431||||49753.25|350|37350||||88044a|AIQ658|X|X|0|0|6||||132|163|0|0|[]|13:49:13:250
21|2.1|636136515769154802|0|49794.8203125|11.5045952694313|104.941878225177||||49794.8203125|350.25|37375||||88044a|AIQ658|X|X||0|6||||132|163|0|0|[]|13:49:54:820
21|2.1|636136515970714956|0|49814.9765625|11.4883947269958|104.982604886822||||49814.9765625|350.25|37375||||88044a|AIQ658|X|X||0|6||||132|163|0|0|[]|13:50:14:977
21|2.1|636136516243722254|0|49842.265625|11.4665293591259|105.037536527398||||49842.265625|350|37350||||88044a|AIQ658|X|X|0|0|6||||132|163|0|0|[]|13:50:42:266
21|2.1|636136516293027184|0|49847.1953125|11.4625596897874|105.047471429581||||49847.1953125|350|37350||||88044a|AIQ658|X|X|0|0|6||||132|163|0|0|[]|13:50:47:195
21|2.1|636136516401918072|0|49858.0859375|11.4538478749148|105.069315339779||||49858.0859375|350|37350||||88044a|AIQ658|X|X||0|6||||132|163|0|0|[]|13:50:58:086
21|2.1|636136516448252705|0|49862.7109375|11.4500927822973|105.078649427142||||49862.7109375|350|37350||||88044a|AIQ658|X|X|0|0|6||||132|163|0|0|[]|13:51:02:711
21|2.1|636136516492087088|0|49867.109375|11.446595181745|105.087447072703||||49867.109375|350|37350||||88044a|AIQ658|X|X|0|0|6||||132|163|0|0|[]|13:51:07:109
21|2.1|636136516537171596|0|49871.6171875|11.4429044621438|105.096523668001||||49871.6171875|349.75|37325||||88044a|AIQ658|X|X||0|6||||132|163|0|0|[]|13:51:11:617
21|2.1|636136516580855964|0|49875.9921875|11.4393210309031|105.105256940546||||49875.9921875|349.75|37325||||88044a|AIQ658|X|X|0|0|6||||132|163|0|0|[]|13:51:15:992
21|2.1|636136516685066384|0|49886.390625|11.4299869435396|105.125749017402||||49886.390625|349.75|37325||||88044a|AIQ658|X|X||0|6||||132|163|0|0|[]|13:51:26:391
21|2.1|636136516972275102|0|49915.125|11.4001393216485|105.180315877552||||49915.125|349.75|37325||||88044a|AIQ658|X|X||0|6||||132|163|0|0|[]|13:51:55:125
21|2.1|636136517015169391|0|49919.4140625|11.3954830068028|105.188405419934||||49919.4140625|349.75|37325||||88044a|AIQ658|X|X||0|6||||132|163|0|0|[]|13:51:59:414
21|2.1|636136517062444118|0|49924.1328125|11.390161504122|105.197117234806||||49924.1328125|349.75|37325||||88044a|AIQ658|X|X|0|0|6||||132|163|0|0|[]|13:52:04:133
21|2.1|636136517103468220|0|49928.2421875|11.3853979009158|105.204648877713||||49928.2421875|349.75|37325||||88044a|AIQ658|X|X|0|0|6||||132|163|0|0|[]|13:52:08:242
21|2.1|636136517144502323|0|49932.34375|11.380505551677|105.212094689932||||49932.34375|349.75|37325||||88044a|AIQ658|X|X|0|0|6||||132|163|0|0|[]|13:52:12:344
