21|2.1|636136510310999041|0|49249.0078125|14.1292977207033|100.698902517139||||49249.0078125|40.25|4150||||880459|AIQ573|X|X|0|0|6||||132|5|0|0|[]|13:40:49:008
21|2.1|636136510351253066|0|49253.03125|14.1250276439554|100.698859601795||||49253.03125|39.75|4075||||880459|AIQ573|X|X|0|0|6||||132|5|0|0|[]|13:40:53:031
21|2.1|636136510392597200|0|49257.171875|14.120650278847|100.698795228778||||49257.171875|39|4025||||880459|AIQ573|X|X|0|0|6||||132|5|0|0|[]|13:40:57:172
21|2.1|636136510435331473|0|49261.4375|14.116144167706|100.698752313434||||49261.4375|38|3900||||880459|AIQ573|X|X|0|0|6||||132|5|0|0|[]|13:41:01:438
21|2.1|636136510476055545|0|49265.515625|14.1118955486302|100.69870939809||||49265.515625|37.25|3825||||880459|AIQ573|X|X|0|0|6||||132|5|0|0|[]|13:41:05:516
21|2.1|636136510520209960|0|49269.9296875|14.1072177761124|100.698645025074||||49269.9296875|36.25|3700||||880459|AIQ573|X|X|0|0|6||||132|5|0|0|[]|13:41:09:930
21|2.1|636136510562644203|0|49274.171875|14.1027760379877|100.69860210973||||49274.171875|35.5|3625||||880459|AIQ573|X|X|0|0|6||||132|5|0|0|[]|13:41:14:172
21|2.1|636136510603828321|0|49278.296875|14.0984415882235|100.698559194385||||49278.296875|35|3575||||880459|AIQ573|X|X|0|0|6||||132|5|0|0|[]|13:41:18:297
21|2.1|636136510646112549|0|49282.5234375|14.0940856807872|100.698451906025||||49282.5234375|34.75|3550||||880459|AIQ573|X|X|0|0|6||||132|5|0|0|[]|13:41:22:523
21|2.1|636136510693527290|0|49287.265625|14.0892577045647|100.698172956288||||49287.265625|34|3475||||880459|AIQ573|X|X|0|0|6||||132|5|0|0|[]|13:41:27:266
21|2.1|636136510735341471|0|49291.4453125|14.0850734585052|100.697550683797||||49291.4453125|33.5|3425||||880459|AIQ573|X|X||0|6||||132|5|0|0|[]|13:41:31:445
21|2.1|636136510780736010|0|49295.9921875|14.0806746357247|100.696413427175||||49295.9921875|33|3350||||880459|AIQ573|X|X|0|0|6||||132|5|0|0|[]|13:41:35:992
21|2.1|636136510823160252|0|49300.234375|14.0766835087141|100.695104509177||||49300.234375|32.5|3300||||880459|AIQ573|X|X|0|0|6||||132|5|0|0|[]|13:41:40:234
21|2.1|636136510866694605|0|49304.578125|14.0727138393756|100.693538099114||||49304.578125|31.75|3250||||880459|AIQ573|X|X||0|6||||132|5|0|0|[]|13:41:44:578
21|2.1|636136510908658801|0|49308.7734375|14.0689802044302|100.691778570002||||49308.7734375|31|3175||||880459|AIQ573|X|X||0|6||||132|5|0|0|[]|13:41:48:773
21|2.1|636136510951243059|0|49313.0390625|14.0652465694848|100.689933210201||||49313.0390625|30.25|3075||||880459|AIQ573|X|X||0|6||||132|5|0|0|[]|13:41:53:039
21|2.1|636136510992277162|0|49317.140625|14.0617060535883|100.688109308073||||49317.140625|29.75|3025||||880459|AIQ573|X|X|0|0|6||||132|5|0|0|[]|13:41:57:141
21|2.1|636136511061704104|0|49324.09375|14.0557622784166|100.68491211493||||49324.09375|28.75|2925||||880459|AIQ573|X|X|0|0|6||||132|5|0|0|[]|13:42:04:094
21|2.1|636136511107098643|0|49328.6171875|14.0519642704549|100.682830720736||||49328.6171875|28|2825||||880459|AIQ573|X|X|0|0|6||||132|5|0|0|[]|13:42:08:617
21|2.1|636136511147192652|0|49332.625|14.0486383312794|100.680985360935||||49332.625|27.5|2775||||880459|AIQ573|X|X|0|0|6||||132|5|0|0|[]|13:42:12:625
21|2.1|636136511194467379|0|49337.359375|14.0447115772851|100.678753763037||||49337.359375|26.5|2675||||880459|AIQ573|X|X|0|0|6||||132|5|0|0|[]|13:42:17:359
21|2.1|636136511235331465|0|49341.4375|14.0413212650933|100.676886945564||||49341.4375|26|2600||||880459|AIQ573|X|X|0|0|6||||132|5|0|0|[]|13:42:21:438
21|2.1|636136511277135645|0|49345.625|14.0378665798852|100.674955755075||||49345.625|25|2525||||880459|AIQ573|X|X|0|0|6||||132|5|0|0|[]|13:42:25:625
21|2.1|636136511323320263|0|49350.234375|14.0340685719235|100.672831445537||||49350.234375|24.25|2425||||880459|AIQ573|X|X|0|0|6||||132|5|0|0|[]|13:42:30:234
21|2.1|636136511364504381|0|49354.3515625|14.0306782597317|100.670943170393||||49354.3515625|23.25|2325||||880459|AIQ573|X|X|0|0|6||||132|5|0|0|[]|13:42:34:352
21|2.1|636136511405848515|0|49358.5|14.0272879475399|100.669011979904||||49358.5|22.5|2250||||880459|AIQ573|X|X|0|0|6||||132|5|0|0|[]|13:42:38:500
21|2.1|636136511449842914|0|49362.890625|14.0236830586271|100.666952043382||||49362.890625|21.75|2175||||880459|AIQ573|X|X|0|0|6||||132|5|0|0|[]|13:42:42:891
21|2.1|636136511491497079|0|49367.0625|14.0202712887632|100.665020852893||||49367.0625|21.25|2100||||880459|AIQ573|X|X|0|0|6||||132|5|0|0|[]|13:42:47:063
21|2.1|636136511536271556|0|49371.5390625|14.0166878575225|100.663003831716||||49371.5390625|20.75|2050||||880459|AIQ573|X|X|0|0|6||||132|5|0|0|[]|13:42:51:539
21|2.1|636136511579945923|0|49375.9140625|14.0132975453307|100.661137014243||||49375.9140625|20.25|2000||||880459|AIQ573|X|X|0|0|6||||132|5|0|0|[]|13:42:55:914
21|2.1|636136511624720400|0|49380.3828125|14.0099501484831|100.659248739098||||49380.3828125|19.5|1900||||880459|AIQ573|X|X|0|0|6||||132|5|0|0|[]|13:43:00:383
21|2.1|636136511665444472|0|49384.4609375|14.006924616717|100.657639413691||||49384.4609375|19|1850||||880459|AIQ573|X|X|0|0|6||||132|5|0|0|[]|13:43:04:461
21|2.1|636136511705848512|0|49388.4921875|14.0040922039998|100.656030088283||||49388.4921875|18.25|1775||||880459|AIQ573|X|X|0|0|6||||132|5|0|0|[]|13:43:08:492
21|2.1|636136511746402567|0|49392.5625|14.0013027066268|100.65446367822||||49392.5625|17.75|1725||||880459|AIQ573|X|X|0|0|6||||132|5|0|0|[]|13:43:12:563
21|2.1|636136511789616888|0|49396.875|13.9984488362375|100.65283289514||||49396.875|17|1625||||880459|AIQ573|X|X|0|0|6||||132|5|0|0|[]|13:43:16:875
21|2.1|636136511829870913|0|49400.890625|13.9959382886018|100.65139523111||||49400.890625|16.5|1575||||880459|AIQ573|X|X|0|0|6||||132|5|0|0|[]|13:43:20:891
21|2.1|636136511873555281|0|49405.265625|13.9932346219172|100.649893194063||||49405.265625|16|1525||||880459|AIQ573|X|X|0|0|6||||132|5|0|0|[]|13:43:25:266
21|2.1|636136511919259851|0|49409.828125|13.9905309552326|100.648348241671||||49409.828125|15.5|1475||||880459|AIQ573|X|X|0|0|6||||132|5|0|0|[]|13:43:29:828
21|2.1|636136511962164141|0|49414.1171875|13.9880204075969|100.646974950657||||49414.1171875|14.75|1400||||880459|AIQ573|X|X|0|0|6||||132|5|0|0|[]|13:43:34:117
21|2.1|636136512003818306|0|49418.2890625|13.9856386059938|100.645666032659||||49418.2890625|14.25|1325||||880459|AIQ573|X|X||0|6||||132|5|0|0|[]|13:43:38:289
21|2.1|636136512043752299|0|49422.296875|13.9834070080954|100.644378572333||||49422.296875|13.75|1275||||880459|AIQ573|X|X|0|0|6||||132|5|0|0|[]|13:43:42:297
21|2.1|636136512088056729|0|49426.703125|13.9809393758039|100.643005281318||||49426.703125|13.25|1225||||880459|AIQ573|X|X||0|6||||132|5|0|0|[]|13:43:46:703
21|2.1|636136512131741097|0|49431.078125|13.9785146588566|100.64169636332||||49431.078125|13|1200||||880459|AIQ573|X|X||0|6||||132|5|0|0|[]|13:43:51:078
21|2.1|636136512173075230|0|49435.21875|13.9762830609582|100.640408902994||||49435.21875|12.5|1150||||880459|AIQ573|X|X||0|6||||132|5|0|0|[]|13:43:55:219
21|2.1|636136512217389661|0|49439.6171875|13.9739227170272|100.639078527324||||49439.6171875|12|1100||||880459|AIQ573|X|X||0|6||||132|5|0|0|[]|13:43:59:617
21|2.1|636136512260603982|0|49443.96875|13.9715838307683|100.637748151654||||49443.96875|11.5|1025||||880459|AIQ573|X|X||0|6||||132|5|0|0|[]|13:44:03:969
21|2.1|636136512302258147|0|49448.140625|13.9693522328699|100.636525064344||||49448.140625|11.25|1000||||880459|AIQ573|X|X||0|6||||132|5|0|0|[]|13:44:08:141
21|2.1|636136512345932514|0|49452.4921875|13.967013346611|100.635194688674||||49452.4921875|10.75|950||||880459|AIQ573|X|X|0|0|6||||132|5|0|0|[]|13:44:12:492
21|2.1|636136512386026523|0|49456.5078125|13.964867579401|100.634014516709||||49456.5078125|10.25|900||||880459|AIQ573|X|X||0|6||||132|5|0|0|[]|13:44:16:508
21|2.1|636136512427220642|0|49460.6328125|13.9626574391747|100.632769971727||||49460.6328125|9.75|850||||880459|AIQ573|X|X||0|6||||132|5|0|0|[]|13:44:20:633
21|2.1|636136512467464666|0|49464.6484375|13.9605116719647|100.631589799761||||49464.6484375|9.25|800||||880459|AIQ573|X|X|0|0|6||||132|5|0|0|[]|13:44:24:648
21|2.1|636136512509898909|0|49468.90625|13.95821570105|100.630280881763||||49468.90625|8.75|750||||880459|AIQ573|X|X|0|0|6||||132|5|0|0|[]|13:44:28:906
21|2.1|636136512552173136|0|49473.125|13.9559841031516|100.629036336781||||49473.125|8.5|725||||880459|AIQ573|X|X|0|0|6||||132|5|0|0|[]|13:44:33:125
21|2.1|636136512601788097|0|49478.078125|13.9533662671554|100.627577215079||||49478.078125|7.75|650||||880459|AIQ573|X|X|0|0|6||||132|5|0|0|[]|13:44:38:078
21|2.1|636136512642662184|0|49482.1640625|13.9511775846012|100.626332670097||||49482.1640625|7.5|600||||880459|AIQ573|X|X|0|0|6||||132|5|0|0|[]|13:44:42:164
21|2.1|636136512685246442|0|49486.4296875|13.9489245290307|100.625066667443||||49486.4296875|7|575||||880459|AIQ573|X|X|0|0|6||||132|5|0|0|[]|13:44:46:430
21|2.1|636136512775575474|0|49495.4609375|13.9441180104803|100.62238445843||||49495.4609375|6|450||||880459|AIQ573|X|X||0|6||||132|5|0|0|[]|13:44:55:461
21|2.1|636136512820349951|0|49499.9453125|13.9417362088772|100.621032625088||||49499.9453125|5.5|400||||880459|AIQ573|X|X||0|6||||132|5|0|0|[]|13:44:59:945
21|2.1|636136512864184334|0|49504.3203125|13.9393973226183|100.619702249418||||49504.3203125|5|350||||880459|AIQ573|X|X||0|6||||132|5|0|0|[]|13:45:04:320
21|2.1|636136512908808796|0|49508.7890625|13.9370369786873|100.618371873748||||49508.7890625|4.5|300||||880459|AIQ573|X|X|0|0|6||||132|5|0|0|[]|13:45:08:789
21|2.1|636136512949522867|0|49512.859375|13.9348482961331|100.617127328766||||49512.859375|4|225||||880459|AIQ573|X|X|0|0|6||||132|5|0|0|[]|13:45:12:859
21|2.1|636136513054513365|0|49523.3515625|13.9291190976824|100.613994508639||||49523.3515625|3|125||||880459|AIQ573|X|X|0|0|6||||132|5|0|0|[]|13:45:23:352
21|2.1|636136513108018715|0|49528.7109375|13.9261793966047|100.612320810215||||49528.7109375|2.25|50||||880459|AIQ573|X|X|0|0|6||||132|5|0|0|[]|13:45:28:711
21|2.1|636136513171985111|0|49535.1015625|13.9226603383803|100.61032524671||||49535.1015625|1.5|0||||880459|AIQ573|X|X|0|0|6||||132|5|0|0|[]|13:45:35:102
