21|2.1|636136512049212845|0|49422.828125|13.9051508779467|100.60470333662||||49422.828125|3.75|125||||88084c|AIQ3013|X|X|0|0|8||||132|5|0|0|[]|13:43:42:828
21|2.1|636136512092577181|0|49427.171875|13.9024042959179|100.603115468885||||49427.171875|5.5|275||||88084c|AIQ3013|X|X|0|0|8||||132|5|0|0|[]|13:43:47:172
21|2.1|636136512137671690|0|49431.6640625|13.8995289678565|100.601527601149||||49431.6640625|7.25|525||||88084c|AIQ3013|X|X||0|8||||132|5|0|0|[]|13:43:51:664
21|2.1|636136512178075730|0|49435.7265625|13.8969969625487|100.600111394791||||49435.7265625|9.25|725||||88084c|AIQ3013|3325|X||0|8||||132|5|0|0|[]|13:43:55:727
21|2.1|636136512226440566|0|49440.5625|13.8939714307826|100.598480611711||||49440.5625|11.75|950||||88084c|AIQ3013|3325|X||0|8||||132|5|0|0|[]|13:44:00:563
21|2.1|636136512267634685|0|49444.671875|13.8915037984911|100.597085863024||||49444.671875|13.75|1150||||88084c|AIQ3013|3325|X|0|0|8||||132|5|0|0|[]|13:44:04:672
21|2.1|636136512309898911|0|49448.8984375|13.8889717931833|100.595691114338||||49448.8984375|16|1450||||88084c|AIQ3013|3325|X||0|8||||132|5|0|0|[]|13:44:08:898
21|2.1|636136512353733294|0|49453.2734375|13.8863968725313|100.594103246603||||49453.2734375|17.5|1600||||88084c|AIQ3013|3325|X|0|0|8||||132|5|0|0|[]|13:44:13:273
21|2.1|636136512395237444|0|49457.4296875|13.8841223592887|100.592322259818||||49457.4296875|19|1750||||88084c|AIQ3013|3325|X|0|0|8||||132|5|0|0|[]|13:44:17:430
21|2.1|636136512435641484|0|49461.46875|13.8821053381113|100.590348153985||||49461.46875|20.5|1875||||88084c|AIQ3013|3325|X|0|0|8||||132|5|0|0|[]|13:44:21:469
21|2.1|636136512479945914|0|49465.8984375|13.8801312322781|100.587880521694||||49465.8984375|22|2025||||88084c|AIQ3013|3325|X|0|0|8||||132|5|0|0|[]|13:44:25:898
21|2.1|636136512634231341|0|49481.328125|13.8748526449415|100.577816873479||||49481.328125|27|2600||||88084c|AIQ3013|3325|X|0|0|8||||132|5|0|0|[]|13:44:41:328
21|2.1|636136512674795397|0|49485.390625|13.8735437269434|100.575005918434||||49485.390625|28.25|2700||||88084c|AIQ3013|3325|X||0|8||||132|5|0|0|[]|13:44:45:391
21|2.1|636136512715989516|0|49489.5078125|13.8722562666174|100.572152048044||||49489.5078125|29.5|2825||||88084c|AIQ3013|3325|X|0|0|8||||132|5|0|0|[]|13:44:49:508
21|2.1|636136512759973914|0|49493.90625|13.870882975603|100.569083600934||||49493.90625|31.25|3050||||88084c|AIQ3013|3325|X|0|0|8||||132|5|0|0|[]|13:44:53:906
21|2.1|636136512803338250|0|49498.25|13.8695096845886|100.565950780807||||49498.25|32.5|3200||||88084c|AIQ3013|3325|X|0|0|8||||132|5|0|0|[]|13:44:58:250
21|2.1|636136512851863102|0|49503.0859375|13.8679432745253|100.562496095599||||49503.0859375|34|3325||||88084c|AIQ3013|3325|X|0|0|8||||132|5|0|0|[]|13:45:03:086
21|2.1|636136512892737189|0|49507.1796875|13.8666128988551|100.559492021505||||49507.1796875|35|3450||||88084c|AIQ3013|3325|X|0|0|8||||132|5|0|0|[]|13:45:07:180
21|2.1|636136512936261541|0|49511.5390625|13.8651108618081|100.556101709313||||49511.5390625|35.75|3525||||88084c|AIQ3013|3325|X|0|0|8||||132|5|0|0|[]|13:45:11:539
21|2.1|636136512977285643|0|49515.640625|13.8636517401053|100.552883058498||||49515.640625|36.5|3600||||88084c|AIQ3013|3325|X|0|0|8||||132|5|0|0|[]|13:45:15:641
21|2.1|636136513021290043|0|49520.046875|13.862085330042|100.549299627258||||49520.046875|37.5|3700||||88084c|AIQ3013|3325|X|0|0|8||||132|5|0|0|[]|13:45:20:047
21|2.1|636136513061534067|0|49524.0625|13.8605618353229|100.54595223041||||49524.0625|38.25|3775||||88084c|AIQ3013|3325|X|0|0|8||||132|5|0|0|[]|13:45:24:063
21|2.1|636136513104278341|0|49528.3359375|13.8588881368991|100.542240053137||||49528.3359375|39|3850||||88084c|AIQ3013|3325|X|0|0|8||||132|5|0|0|[]|13:45:28:336
21|2.1|636136513144372350|0|49532.3515625|13.8572788114916|100.538720994912||||49532.3515625|39.75|3950||||88084c|AIQ3013|3325|X|0|0|8||||132|5|0|0|[]|13:45:32:352
21|2.1|636136513185086421|0|49536.40625|13.8556265707399|100.534965902295||||49536.40625|40.25|4000||||88084c|AIQ3013|3325|X|0|0|8||||132|5|0|0|[]|13:45:36:406
21|2.1|636136513244062318|0|49542.3046875|13.85307310776|100.529343992205||||49542.3046875|40.75|4050||||88084c|AIQ3013|3325|X|0|0|8||||132|5|0|0|[]|13:45:42:305
21|2.1|636136513292887200|0|49547.1875|13.8508200521895|100.524430185294||||49547.1875|41.5|4125||||88084c|AIQ3013|3325|X|0|0|8||||132|5|0|0|[]|13:45:47:188
21|2.1|636136513336411552|0|49551.546875|13.8488244886842|100.519924074153||||49551.546875|42.5|4225||||88084c|AIQ3013|3325|X|0|0|8||||132|5|0|0|[]|13:45:51:547
21|2.1|636136513380565967|0|49555.96875|13.8467216368184|100.515224843963||||49555.96875|43.5|4350||||88084c|AIQ3013|3325|X|0|0|8||||132|5|0|0|[]|13:45:55:969
21|2.1|636136513436251535|0|49561.5390625|13.8439535971175|100.509045034398||||49561.5390625|44.75|4500||||88084c|AIQ3013|3325|X|0|0|8||||132|5|0|0|[]|13:46:01:539
21|2.1|636136513479315841|0|49565.84375|13.8418078299075|100.504152685159||||49565.84375|45.75|4600||||88084c|AIQ3013|3325|X|0|0|8||||132|5|0|0|[]|13:46:05:844
21|2.1|636136513521280037|0|49570.03125|13.8396620626975|100.499324708937||||49570.03125|46.75|4700||||88084c|AIQ3013|3325|X|0|0|8||||132|5|0|0|[]|13:46:10:031
21|2.1|636136513561694078|0|49574.078125|13.8375162954875|100.494496732714||||49574.078125|48|4825||||88084c|AIQ3013|3325|X|0|0|8||||132|5|0|0|[]|13:46:14:078
21|2.1|636136513601938102|0|49578.1015625|13.8353061552612|100.489668756492||||49578.1015625|49.25|5000||||88084c|AIQ3013|3325|X|0|0|8||||132|5|0|0|[]|13:46:18:102
21|2.1|636136513642022110|0|49582.109375|13.8330960150349|100.484712034237||||49582.109375|51|5175||||88084c|AIQ3013|3325|X|0|0|8||||132|5|0|0|[]|13:46:22:109
21|2.1|636136513683836291|0|49586.296875|13.8308215017923|100.479626565949||||49586.296875|52.75|5325||||88084c|AIQ3013|3325|X|0|0|8||||132|5|0|0|[]|13:46:26:297
21|2.1|636136513724090316|0|49590.3125|13.8285899038939|100.474712759038||||49590.3125|55|5550||||88084c|AIQ3013|3325|X|0|0|8||||132|5|0|0|[]|13:46:30:313
21|2.1|636136513767144621|0|49594.6171875|13.8262081022908|100.469391256357||||49594.6171875|57.25|5800||||88084c|AIQ3013|3325|X|0|0|8||||132|5|0|0|[]|13:46:34:617
21|2.1|636136513812079114|0|49599.125|13.8236975546551|100.463855176956||||49599.125|59.5|6100||||88084c|AIQ3013|3325|X|0|0|8||||132|5|0|0|[]|13:46:39:125
21|2.1|636136513853413247|0|49603.25|13.8212942953799|100.458662420307||||49603.25|61|6250||||88084c|AIQ3013|3325|X|0|0|8||||132|5|0|0|[]|13:46:43:250
21|2.1|636136513896787584|0|49607.5859375|13.8187837477442|100.453061967889||||49607.5859375|62.25|6375||||88084c|AIQ3013|3325|X|0|0|8||||132|5|0|0|[]|13:46:47:586
21|2.1|636136513937811686|0|49611.6875|13.8163590307969|100.447761922881||||49611.6875|63|6450||||88084c|AIQ3013|3325|X|0|0|8||||132|5|0|0|[]|13:46:51:688
21|2.1|636136513980555960|0|49615.953125|13.813805567817|100.442118555118||||49615.953125|64|6575||||88084c|AIQ3013|3325|X|0|0|8||||132|5|0|0|[]|13:46:55:953
21|2.1|636136514023610265|0|49620.2734375|13.8111662741487|100.436239152963||||49620.2734375|65|6650||||88084c|AIQ3013|3325|X|0|0|8||||132|5|0|0|[]|13:47:00:273
21|2.1|636136514066674571|0|49624.5703125|13.8084626074641|100.430316835463||||49624.5703125|65.5|6725||||88084c|AIQ3013|3325|X|0|0|8||||132|5|0|0|[]|13:47:04:570
21|2.1|636136514110508954|0|49628.9609375|13.8056945677632|100.424137025898||||49628.9609375|66.5|6825||||88084c|AIQ3013|3325|X|0|0|8||||132|5|0|0|[]|13:47:08:961
21|2.1|636136514159963899|0|49633.90625|13.8024973746203|100.417034536433||||49633.90625|67.5|6950||||88084c|AIQ3013|3325|X|0|0|8||||132|5|0|0|[]|13:47:13:906
21|2.1|636136514204578360|0|49638.3515625|13.7995576735426|100.410489946443||||49638.3515625|68.5|7025||||88084c|AIQ3013|3325|X|0|0|8||||132|5|0|0|[]|13:47:18:352
21|2.1|636136514250602962|0|49642.96875|13.7965106841044|100.403666406715||||49642.96875|70|7175||||88084c|AIQ3013|3325|X|0|0|8||||132|5|0|0|[]|13:47:22:969
21|2.1|636136514294597361|0|49647.3515625|13.7935709830267|100.397143274397||||49647.3515625|71.5|7375||||88084c|AIQ3013|3325|X|0|0|8||||132|5|0|0|[]|13:47:27:352
21|2.1|636136514339991900|0|49651.8984375|13.7904596205722|100.390319734669||||49651.8984375|73.75|7625||||88084c|AIQ3013|3325|X||0|8||||132|5|0|0|[]|13:47:31:898
21|2.1|636136514386946595|0|49656.6015625|13.7872838851014|100.383217245204||||49656.6015625|75.75|7775||||88084c|AIQ3013|3325|X||0|8||||132|5|0|0|[]|13:47:36:602
21|2.1|636136514427980698|0|49660.703125|13.7844943877284|100.377058893311||||49660.703125|77.75|8050||||88084c|AIQ3013|3325|X||0|8||||132|5|0|0|[]|13:47:40:703
21|2.1|636136514468074707|0|49664.71875|13.7817478056996|100.371007829779||||49664.71875|79.75|8250||||88084c|AIQ3013|3325|X||0|8||||132|5|0|0|[]|13:47:44:719
21|2.1|636136514509098809|0|49668.8125|13.7789583083266|100.36478510487||||49668.8125|82.25|8525||||88084c|AIQ3013|3325|X|0|0|8||||132|5|0|0|[]|13:47:48:813
21|2.1|636136514549982897|0|49672.90625|13.7761473532815|100.358562379961||||49672.90625|84.25|8675||||88084c|AIQ3013|3325|X|0|0|8||||132|5|0|0|[]|13:47:52:906
21|2.1|636136514590846983|0|49676.9921875|13.7733578559085|100.352446943412||||49676.9921875|86.25|8900||||88084c|AIQ3013|3325|X|0|0|8||||132|5|0|0|[]|13:47:56:992
21|2.1|636136514633911289|0|49681.296875|13.7704396125029|100.345945268766||||49681.296875|88.5|9125||||88084c|AIQ3013|3325|X|0|0|8||||132|5|0|0|[]|13:48:01:297
21|2.1|636136514677905688|0|49685.6875|13.7674355384089|100.339271932743||||49685.6875|90.5|9400||||88084c|AIQ3013|3325|X|0|0|8||||132|5|0|0|[]|13:48:05:688
21|2.1|636136514719709868|0|49689.875|13.7646031256917|100.332984834818||||49689.875|93|9675||||88084c|AIQ3013|3325|X|0|0|8||||132|5|0|0|[]|13:48:09:875
21|2.1|636136514763544251|0|49694.2578125|13.7616205092698|100.326332956467||||49694.2578125|94.75|9800||||88084c|AIQ3013|3325|X|0|0|8||||132|5|0|0|[]|13:48:14:258
21|2.1|636136514803648261|0|49698.265625|13.7587880965526|100.320217519918||||49698.265625|96.75|10025||||88084c|AIQ3013|3325|X|0|0|8||||132|5|0|0|[]|13:48:18:266
21|2.1|636136514846072503|0|49702.5078125|13.7558913108191|100.31380167596||||49702.5078125|98.5|10250||||88084c|AIQ3013|3325|X|0|0|8||||132|5|0|0|[]|13:48:22:508
21|2.1|636136514891006996|0|49707|13.7527799483646|100.306935220888||||49707|101|10525||||88084c|AIQ3013|3325|X|0|0|8||||132|5|0|0|[]|13:48:27:000
21|2.1|636136514931721067|0|49711.0546875|13.7499904509916|100.300776868996||||49711.0546875|103|10675||||88084c|AIQ3013|3325|X|0|0|8||||132|5|0|0|[]|13:48:31:055
21|2.1|636136514971985093|0|49715.109375|13.7471580382744|100.294468313398||||49715.109375|104.75|10875||||88084c|AIQ3013|3325|X|0|0|8||||132|5|0|0|[]|13:48:35:109
21|2.1|636136515016749569|0|49719.578125|13.7440466758199|100.287687689015||||49719.578125|106.25|11025||||88084c|AIQ3013|3325|X|0|0|8||||132|5|0|0|[]|13:48:39:578
21|2.1|636136515060583952|0|49723.96875|13.7409567710375|100.280885606959||||49723.96875|108|11250||||88084c|AIQ3013|3325|X|0|0|8||||132|5|0|0|[]|13:48:43:969
21|2.1|636136515101148008|0|49728.0234375|13.7381243583203|100.274577051361||||49728.0234375|109.5|11425||||88084c|AIQ3013|3325|X|0|0|8||||132|5|0|0|[]|13:48:48:023
21|2.1|636136515146232516|0|49732.5234375|13.7349057075053|100.267581850257||||49732.5234375|111|11525||||88084c|AIQ3013|3325|X|0|0|8||||132|5|0|0|[]|13:48:52:523
21|2.1|636136515190996992|0|49737|13.7317728873787|100.26056519148||||49737|113.25|11825||||88084c|AIQ3013|3325|X|0|0|8||||132|5|0|0|[]|13:48:57:000
21|2.1|636136515231411033|0|49741.0546875|13.7288761016452|100.254213720539||||49741.0546875|115|12000||||88084c|AIQ3013|3325|X|0|0|8||||132|5|0|0|[]|13:49:01:055
21|2.1|636136515272595151|0|49745.1640625|13.7259793159117|100.247776418909||||49745.1640625|116.75|12150||||88084c|AIQ3013|3325|X|0|0|8||||132|5|0|0|[]|13:49:05:164
21|2.1|636136515316589550|0|49749.5625|13.7228464957851|100.24084559082||||49749.5625|118.5|12375||||88084c|AIQ3013|3325|X|0|0|8||||132|5|0|0|[]|13:49:09:563
21|2.1|636136515360113902|0|49753.9140625|13.7197780486748|100.234043508765||||49753.9140625|120.75|12575||||88084c|AIQ3013|3325|X|0|0|8||||132|5|0|0|[]|13:49:13:914
21|2.1|636136515402548145|0|49758.1640625|13.7167525169087|100.227370172741||||49758.1640625|122.5|12775||||88084c|AIQ3013|3325|X|0|0|8||||132|5|0|0|[]|13:49:18:164
21|2.1|636136515443572247|0|49762.2578125|13.71359823911|100.220954328784||||49762.2578125|124.25|12950||||88084c|AIQ3013|3325|X|0|0|8||||132|5|0|0|[]|13:49:22:258
21|2.1|636136515487256615|0|49766.6328125|13.7098860618367|100.214495569481||||49766.6328125|126|13125||||88084c|AIQ3013|3325|X|0|0|8||||132|5|0|0|[]|13:49:26:633
21|2.1|636136515533901279|0|49771.3046875|13.7052082893189|100.207822233458||||49771.3046875|127.75|13325||||88084c|AIQ3013|3325|X|0|0|8||||132|5|0|0|[]|13:49:31:305
21|2.1|636136515578055694|0|49775.703125|13.7003588554243|100.201942831303||||49775.703125|129.25|13500||||88084c|AIQ3013|3325|X|0|0|8||||132|5|0|0|[]|13:49:35:703
21|2.1|636136515618149703|0|49779.7265625|13.6954450485134|100.19700756672||||49779.7265625|130.75|13700||||88084c|AIQ3013|3325|X|0|0|8||||132|5|0|0|[]|13:49:39:727
21|2.1|636136515660893977|0|49784|13.6897373077348|100.192243963514||||49784|132.75|13900||||88084c|AIQ3013|3325|X|0|0|8||||132|5|0|0|[]|13:49:44:000
21|2.1|636136515700987986|0|49788.015625|13.6839651939399|100.188360124864||||49788.015625|134.25|14025||||88084c|AIQ3013|3325|X|0|0|8||||132|5|0|0|[]|13:49:48:016
21|2.1|636136515741702057|0|49792.0703125|13.6777424690309|100.184948355||||49792.0703125|135.75|14175||||88084c|AIQ3013|3325|X|0|0|8||||132|5|0|0|[]|13:49:52:070
21|2.1|636136515787406627|0|49796.6484375|13.670468318189|100.181815534873||||49796.6484375|137.25|14375||||88084c|AIQ3013|3325|X|0|0|8||||132|5|0|0|[]|13:49:56:648
21|2.1|636136515828440730|0|49800.75|13.6638378975101|100.179068952844||||49800.75|138.75|14550||||88084c|AIQ3013|3325|X|0|0|8||||132|5|0|0|[]|13:50:00:750
21|2.1|636136515869004786|0|49804.796875|13.6572933075196|100.17647257452||||49804.796875|140.5|14700||||88084c|AIQ3013|3325|X|0|0|8||||132|5|0|0|[]|13:50:04:797
21|2.1|636136515912379123|0|49809.1328125|13.6502337333987|100.173725992491||||49809.1328125|142|14850||||88084c|AIQ3013|3325|X|0|0|8||||132|5|0|0|[]|13:50:09:133
21|2.1|636136515956213506|0|49813.515625|13.6430239555731|100.170936495118||||49813.515625|143.75|15075||||88084c|AIQ3013|3325|X|0|0|8||||132|5|0|0|[]|13:50:13:516
21|2.1|636136515998017686|0|49817.7109375|13.6361789581732|100.168275743778||||49817.7109375|145.25|15250||||88084c|AIQ3013|3325|X|0|0|8||||132|5|0|0|[]|13:50:17:711
21|2.1|636136516041852069|0|49822.09375|13.6289048073313|100.165486246405||||49822.09375|147|15425||||88084c|AIQ3013|3325|X|0|0|8||||132|5|0|0|[]|13:50:22:094
21|2.1|636136516086936577|0|49826.59375|13.621544825801|100.162632376016||||49826.59375|148.25|15550||||88084c|AIQ3013|3325|X|0|0|8||||132|5|0|0|[]|13:50:26:594
21|2.1|636136516129550838|0|49830.8515625|13.6144852516801|100.159885793987||||49830.8515625|150|15750||||88084c|AIQ3013|3325|X|0|0|8||||132|5|0|0|[]|13:50:30:852
21|2.1|636136516179605843|0|49835.84375|13.6062025902495|100.156667143172||||49835.84375|151.75|15925||||88084c|AIQ3013|3325|X||0|8||||132|5|0|0|[]|13:50:35:844
21|2.1|636136516219699852|0|49839.8671875|13.5995292542264|100.154070764848||||49839.8671875|153.5|16075||||88084c|AIQ3013|3325|X||0|8||||132|5|0|0|[]|13:50:39:867
21|2.1|636136516265254407|0|49844.4296875|13.5920405266635|100.15113106377||||49844.4296875|155.25|16275||||88084c|AIQ3013|3325|X||0|8||||132|5|0|0|[]|13:50:44:430
21|2.1|636136516309558837|0|49848.859375|13.5847234604774|100.148234278037||||49848.859375|157.25|16525||||88084c|AIQ3013|3325|X||0|8||||132|5|0|0|[]|13:50:48:859
21|2.1|636136516353553236|0|49853.2578125|13.5774063942913|100.145401865319||||49853.2578125|158.75|16650||||88084c|AIQ3013|3325|X||0|8||||132|5|0|0|[]|13:50:53:258
21|2.1|636136516394117292|0|49857.3046875|13.5706686852519|100.142805486995||||49857.3046875|160|16775||||88084c|AIQ3013|3325|X|0|0|8||||132|5|0|0|[]|13:50:57:305
21|2.1|636136516434531333|0|49861.3515625|13.5639524338846|100.140144735655||||49861.3515625|161|16900||||88084c|AIQ3013|3325|X|0|0|8||||132|5|0|0|[]|13:51:01:352
21|2.1|636136516479145794|0|49865.8125|13.5563778756333|100.137162119233||||49865.8125|162|17025||||88084c|AIQ3013|3325|X|0|0|8||||132|5|0|0|[]|13:51:05:813
21|2.1|636136516526250504|0|49870.53125|13.5484599946284|100.134072214451||||49870.53125|163|17100||||88084c|AIQ3013|3325|X||0|8||||132|5|0|0|[]|13:51:10:531
21|2.1|636136516570404919|0|49874.953125|13.5409283517213|100.131089598029||||49874.953125|164.25|17250||||88084c|AIQ3013|3325|X|0|0|8||||132|5|0|0|[]|13:51:14:953
21|2.1|636136516619079786|0|49879.8046875|13.5326886056349|100.127870947214||||49879.8046875|165.5|17400||||88084c|AIQ3013|3325|X||0|8||||132|5|0|0|[]|13:51:19:805
21|2.1|636136516662604138|0|49884.171875|13.5252213357441|100.124952703808||||49884.171875|166.5|17525||||88084c|AIQ3013|3325|X||0|8||||132|5|0|0|[]|13:51:24:172
21|2.1|636136516707058583|0|49888.609375|13.5175824044765|100.121970087386||||49888.609375|167.5|17625||||88084c|AIQ3013|3325|X|0|0|8||||132|5|0|0|[]|13:51:28:609
21|2.1|636136516751523029|0|49893.046875|13.5098361848484|100.118923097948||||49893.046875|169|17750||||88084c|AIQ3013|3325|X|0|0|8||||132|5|0|0|[]|13:51:33:047
21|2.1|636136516792397116|0|49897.140625|13.5028409837438|100.116197973591||||49897.140625|170.25|17925||||88084c|AIQ3013|3325|X|0|0|8||||132|5|0|0|[]|13:51:37:141
21|2.1|636136516835761452|0|49901.484375|13.4953093408367|100.113301187858||||49901.484375|171.75|18075||||88084c|AIQ3013|3325|X|0|0|8||||132|5|0|0|[]|13:51:41:484
21|2.1|636136516881165992|0|49906.015625|13.4873914598318|100.110211283075||||49906.015625|173.5|18275||||88084c|AIQ3013|3325|X|0|0|8||||132|5|0|0|[]|13:51:46:016
21|2.1|636136516925630438|0|49910.46875|13.4796666978758|100.107228666654||||49910.46875|174.75|18375||||88084c|AIQ3013|3325|X|0|0|8||||132|5|0|0|[]|13:51:50:469
21|2.1|636136516969314806|0|49914.84375|13.4720706819524|100.104288965576||||49914.84375|176.5|18600||||88084c|AIQ3013|3325|X||0|8||||132|5|0|0|[]|13:51:54:844
21|2.1|636136517010028877|0|49918.8984375|13.4650325655036|100.101542383547||||49918.8984375|178|18750||||88084c|AIQ3013|3325|X||0|8||||132|5|0|0|[]|13:51:58:898
21|2.1|636136517050432917|0|49922.953125|13.4579729913827|100.098795801518||||49922.953125|179.5|18925||||88084c|AIQ3013|3325|X||0|8||||132|5|0|0|[]|13:52:02:953
21|2.1|636136517095517425|0|49927.453125|13.4501409410662|100.095770269752||||49927.453125|181|19075||||88084c|AIQ3013|3325|X|0|0|8||||132|5|0|0|[]|13:52:07:453
21|2.1|636136517141692042|0|49932.0703125|13.4420943140287|100.092637449626||||49932.0703125|182.75|19250||||88084c|AIQ3013|3325|X||0|8||||132|5|0|0|[]|13:52:12:070
21|2.1|636136517184756348|0|49936.375|13.4346055864658|100.089740663892||||49936.375|183.75|19375||||88084c|AIQ3013|3325|X||0|8||||132|5|0|0|[]|13:52:16:375
21|2.1|636136517230150887|0|49940.9140625|13.4266018747725|100.086607843765||||49940.9140625|185.25|19500||||88084c|AIQ3013|3325|X||0|8||||132|5|0|0|[]|13:52:20:914
21|2.1|636136517271335005|0|49945.03125|13.4194779276353|100.083861261737||||49945.03125|186|19575||||88084c|AIQ3013|3325|X|0|0|8||||132|5|0|0|[]|13:52:25:031
21|2.1|636136517314239295|0|49949.3359375|13.4118819117119|100.080878645315||||49949.3359375|187|19700||||88084c|AIQ3013|3325|X|0|0|8||||132|5|0|0|[]|13:52:29:336
21|2.1|636136517356053476|0|49953.515625|13.4044575571653|100.078024774925||||49953.515625|187.75|19775||||88084c|AIQ3013|3325|X||0|8||||132|5|0|0|[]|13:52:33:516
21|2.1|636136517396767547|0|49957.5703125|13.3972692370118|100.075192362208||||49957.5703125|188.75|19900||||88084c|AIQ3013|3325|X||0|8||||132|5|0|0|[]|13:52:37:570
21|2.1|636136517437011571|0|49961.6015625|13.3900809168583|100.072424322507||||49961.6015625|190|20000||||88084c|AIQ3013|3325|X|0|0|8||||132|5|0|0|[]|13:52:41:602
21|2.1|636136517477105580|0|49965.609375|13.3829569697211|100.069634825134||||49965.609375|191|20125||||88084c|AIQ3013|3325|X|0|0|8||||132|5|0|0|[]|13:52:45:609
21|2.1|636136517518759745|0|49969.78125|13.3754896998303|100.066695124057||||49969.78125|192|20250||||88084c|AIQ3013|3325|X|0|0|8||||132|5|0|0|[]|13:52:49:781
21|2.1|636136517563534222|0|49974.25|13.367485988137|100.06356230393||||49974.25|193|20325||||88084c|AIQ3013|3325|X|0|0|8||||132|5|0|0|[]|13:52:54:250
21|2.1|636136517606748543|0|49978.5703125|13.3596539378205|100.060536772164||||49978.5703125|194|20475||||88084c|AIQ3013|3325|X|0|0|8||||132|5|0|0|[]|13:52:58:570
21|2.1|636136517606908559|0|49978.578125|13.3596539378205|100.060536772164||||49978.578125|194|20475||||88084c|X|X|X|0|0|8||||132|83|0|0|[]|13:52:58:578
21|2.1|636136517647152583|0|49982.6171875|13.3524012446507|100.057704359447||||49982.6171875|195.25|20600||||88084c|AIQ3013|3325|X|0|0|8||||132|5|0|0|[]|13:53:02:617
21|2.1|636136517688336701|0|49986.734375|13.3449983477762|100.054807573713||||49986.734375|196.25|20725||||88084c|AIQ3013|3325|X|0|0|8||||132|5|0|0|[]|13:53:06:734
21|2.1|636136517731861053|0|49991.0859375|13.3370804667713|100.051760584275||||49991.0859375|197.5|20825||||88084c|AIQ3013|3325|X|0|0|8||||132|5|0|0|[]|13:53:11:086
21|2.1|636136517767424609|0|49994.6171875|13.3306002497971|100.049207121295||||49994.6171875|198.5|||||88084c|X|X|X||0|8||||132|83|0|0|[]|13:53:14:617
21|2.1|636136517772735140|0|49995.1796875|13.3296775698968|100.048885256214||||49995.1796875|198.75|20975||||88084c|AIQ3013|3325|X|0|0|8||||132|5|0|0|[]|13:53:15:180
21|2.1|636136517809708837|0|49998.859375|13.3229827762016|100.046245962545||||49998.859375|199.75|21050||||88084c|X|3325|X|0|0|8||||132|83|0|0|[]|13:53:18:859
21|2.1|636136517819999866|0|49999.90625|13.3210515857126|100.045537859366||||49999.90625|200|21125||||88084c|AIQ3013|3325|X|0|0|8||||132|5|0|0|[]|13:53:19:906
21|2.1|636136517859163782|0|50003.7734375|13.3139920115917|100.042748361993||||50003.7734375|200.75|21175||||88084c|AIQ3013|3325|X|0|0|8||||132|83|0|0|[]|13:53:23:773
21|2.1|636136517864464312|0|50004.34375|13.3130478740193|100.042405039239||||50004.34375|201|21200||||88084c|AIQ3013|3325|X|0|0|8||||132|5|0|0|[]|13:53:24:344
21|2.1|636136517906118477|0|50008.515625|13.3052801967191|100.039379507473||||50008.515625|202|21300||||88084c|AIQ3013|3325|X|0|0|8||||132|5|0|0|[]|13:53:28:516
21|2.1|636136517906428508|0|50008.515625|13.3052801967191|100.039379507473||||50008.515625|202|21300||||88084c|AIQ3013|3325|X||0|8||||132|83|0|0|[]|13:53:28:516
21|2.1|636136517950582923|0|50012.9609375|13.2971262813211|100.036203772003||||50012.9609375|203|21425||||88084c|AIQ3013|3325|X||0|8||||132|5|0|0|[]|13:53:32:961
21|2.1|636136517955413406|0|50013.4140625|13.2963967204697|100.035924822265||||50013.4140625|203|21425||||88084c|AIQ3013|3325|X|0|0|8||||132|83|0|0|[]|13:53:33:414
21|2.1|636136517995047369|0|50017.40625|13.2890152812673|100.033028036532||||50017.40625|203.75|21500||||88084c|AIQ3013|3325|X|0|0|8||||132|5|0|0|[]|13:53:37:406
21|2.1|636136518006268491|0|50018.5078125|13.2869553447457|100.032277018008||||50018.5078125|204|21525||||88084c|AIQ3013|3325|X|0|0|8||||132|83|0|0|[]|13:53:38:508
21|2.1|636136518034981362|0|50021.40625|13.2816767574091|100.030174166142||||50021.40625|204.75|21625||||88084c|AIQ3013|3325|X|0|0|8||||132|5|0|0|[]|13:53:41:406
21|2.1|636136518055413405|0|50023.4140625|13.2779431224637|100.02871504444||||50023.4140625|205.5|21700||||88084c|AIQ3013|3325|X|0|0|8||||132|83|0|0|[]|13:53:43:414
21|2.1|636136518076165480|0|50025.515625|13.2740378261415|100.027213007393||||50025.515625|206|21775||||88084c|AIQ3013|3325|X|0|0|8||||132|5|0|0|[]|13:53:45:516
21|2.1|636136518096127476|0|50027.5|13.2703900218845|100.025775343362||||50027.5|206.75|21800||||88084c|AIQ3013|3325|X|0|0|8||||132|83|0|0|[]|13:53:47:500
21|2.1|636136518118759739|0|50029.78125|13.2661843181529|100.024166017954||||50029.78125|207.25|21900||||88084c|AIQ3013|3325|X||0|8||||132|5|0|0|[]|13:53:49:781
21|2.1|636136518144032266|0|50032.2734375|13.2615709186514|100.022363573498||||50032.2734375|208.5|22000||||88084c|AIQ3013|3325|X|0|0|8||||132|83|0|0|[]|13:53:52:273
21|2.1|636136518159473810|0|50033.8515625|13.2586741329179|100.021226316877||||50033.8515625|209.25|22125||||88084c|AIQ3013|3325|X|0|0|8||||132|5|0|0|[]|13:53:53:852
21|2.1|636136518185526415|0|50036.4296875|13.2539319873838|100.019380957076||||50036.4296875|210|22150||||88084c|AIQ3013|3325|X|0|0|8||||132|83|0|0|[]|13:53:56:430
21|2.1|636136518204088271|0|50038.3046875|13.2505202175199|100.018072039078||||50038.3046875|210.75|22250||||88084c|AIQ3013|3325|X|0|0|8||||132|5|0|0|[]|13:53:58:305
21|2.1|636136518232331095|0|50041.1015625|13.2454132915601|100.016055017901||||50041.1015625|212|22375||||88084c|AIQ3013|3325|X|0|0|8||||132|83|0|0|[]|13:54:01:102
21|2.1|636136518247462608|0|50042.6484375|13.2425165058266|100.014982134296||||50042.6484375|212.25|22400||||88084c|AIQ3013|3325|X|0|0|8||||132|5|0|0|[]|13:54:02:648
21|2.1|636136518274135275|0|50045.2890625|13.2376885296041|100.013072401479||||50045.2890625|213.25|22500||||88084c|AIQ3013|3325|X|0|0|8||||132|83|0|0|[]|13:54:05:289
21|2.1|636136518288176679|0|50046.7265625|13.2350706936079|100.01206389089||||50046.7265625|213.75|22600||||88084c|AIQ3013|3325|X|0|0|8||||132|5|0|0|[]|13:54:06:727
21|2.1|636136518314389300|0|50049.3125|13.2302427173854|100.010239988762||||50049.3125|214.75|22700||||88084c|AIQ3013|3325|X|0|0|8||||132|83|0|0|[]|13:54:09:313
21|2.1|636136518333881249|0|50051.2890625|13.2267451168331|100.008823782403||||50051.2890625|215.25|22725||||88084c|AIQ3013|3325|X|0|0|8||||132|5|0|0|[]|13:54:11:289
21|2.1|636136518379125773|0|50055.8203125|13.2184195400583|100.005605131588||||50055.8203125|216.5|22875||||88084c|AIQ3013|3325|X|0|0|8||||132|5|0|0|[]|13:54:15:820
21|2.1|636136518395977458|0|50057.4765625|13.215351092948|100.00440350195||||50057.4765625|216.75|22925||||88084c|AIQ3013|3325|X||0|8||||132|83|0|0|[]|13:54:17:477
21|2.1|636136518419999860|0|50059.90625|13.2108664394791|100.00266543051||||50059.90625|217.5|23000||||88084c|AIQ3013|3325|X||0|8||||132|5|0|0|[]|13:54:19:906
21|2.1|636136518436691529|0|50061.546875|13.2078194500409|100.001485258545||||50061.546875|217.75|23025||||88084c|AIQ3013|3325|X||0|8||||132|83|0|0|[]|13:54:21:547
21|2.1|636136518463064166|0|50064.2109375|13.2029485584742|99.9995969833999||||50064.2109375|218.25|23050||||88084c|AIQ3013|3325|X||0|8||||132|5|0|0|[]|13:54:24:211
21|2.1|636136518494257285|0|50067.3046875|13.1972408176956|99.9973653855015||||50067.3046875|218.75|23125||||88084c|AIQ3013|3325|X|0|0|8||||132|83|0|0|[]|13:54:27:305
21|2.1|636136518508458705|0|50068.75|13.194537151011|99.9963354172407||||50068.75|219|23175||||88084c|AIQ3013|3325|X||0|8||||132|5|0|0|[]|13:54:28:750
21|2.1|636136518544342293|0|50072.3203125|13.18788527266|99.9937604965887||||50072.3203125|219.75|23225||||88084c|AIQ3013|3325|X|0|0|8||||132|83|0|0|[]|13:54:32:320
21|2.1|636136518549642823|0|50072.8671875|13.1869840504318|99.993395716163||||50072.8671875|220|23250||||88084c|AIQ3013|3325|X||0|8||||132|5|0|0|[]|13:54:32:867
21|2.1|636136518592697128|0|50077.1640625|13.1788945080501|99.9902414383643||||50077.1640625|221|23350||||88084c|AIQ3013|3325|X||0|8||||132|5|0|0|[]|13:54:37:164
21|2.1|636136518634511309|0|50081.359375|13.1711053730778|99.9871944489261||||50081.359375|221.5|23425||||88084c|AIQ3013|3325|X||0|8||||132|5|0|0|[]|13:54:41:359
21|2.1|636136518634821340|0|50081.359375|13.1711053730778|99.9871944489261||||50081.359375|221.5|23425||||88084c|AIQ3013|3325|X|0|0|8||||132|83|0|0|[]|13:54:41:359
21|2.1|636136518675075365|0|50085.4140625|13.1635951878428|99.9842547478484||||50085.4140625|222.25|23525||||88084c|AIQ3013|3325|X||0|8||||132|5|0|0|[]|13:54:45:414
21|2.1|636136518675225380|0|50085.4140625|13.1635951878428|99.9842547478484||||50085.4140625|222.25|23525||||88084c|AIQ3013|3325|X|0|0|8||||132|83|0|0|[]|13:54:45:414
21|2.1|636136518715159373|0|50089.421875|13.1560420872636|99.9813150467707||||50089.421875|222.75|23550||||88084c|AIQ3013|3325|X|0|0|8||||132|5|0|0|[]|13:54:49:422
21|2.1|636136518715629420|0|50089.4296875|13.1560420872636|99.9813150467707||||50089.4296875|222.75|23575||||88084c|AIQ3013|3325|X|0|0|8||||132|83|0|0|[]|13:54:49:430
21|2.1|636136518755263383|0|50093.4375|13.1484889866844|99.9784182610372||||50093.4375|223.5|23625||||88084c|AIQ3013|3325|X|0|0|8||||132|5|0|0|[]|13:54:53:438
21|2.1|636136518755563413|0|50093.4375|13.1484889866844|99.9784182610372||||50093.4375|223.5|23650||||88084c|AIQ3013|3325|X|0|0|8||||132|83|0|0|[]|13:54:53:438
21|2.1|636136518797067563|0|50097.6171875|13.1404852749911|99.9753068985827||||50097.6171875|224.25|23725||||88084c|AIQ3013|3325|X|0|0|8||||132|5|0|0|[]|13:54:57:617
21|2.1|636136518797377594|0|50097.6171875|13.1404852749911|99.9753068985827||||50097.6171875|224.25|23725||||88084c|AIQ3013|3325|X|0|0|8||||132|83|0|0|[]|13:54:57:617
21|2.1|636136518837321588|0|50101.6328125|13.1329965474282|99.9724101128492||||50101.6328125|225|23825||||88084c|AIQ3013|3325|X|0|0|8||||132|5|0|0|[]|13:55:01:633
21|2.1|636136518837471603|0|50101.6328125|13.1329965474282|99.9724101128492||||50101.6328125|225|23825||||88084c|AIQ3013|3325|X||0|8||||132|83|0|0|[]|13:55:01:633
21|2.1|636136518880525908|0|50105.953125|13.1247782590139|99.9692343773784||||50105.953125|226.25|23950||||88084c|AIQ3013|3325|X|0|0|8||||132|5|0|0|[]|13:55:05:953
21|2.1|636136518885366392|0|50106.4140625|13.123941409802|99.9689125122969||||50106.4140625|226.25|23925||||88084c|AIQ3013|3325|X|0|0|8||||132|83|0|0|[]|13:55:06:414
21|2.1|636136518925460401|0|50110.453125|13.1162595631902|99.965929895875||||50110.453125|227.25|24025||||88084c|AIQ3013|3325|X|0|0|8||||132|5|0|0|[]|13:55:10:453
21|2.1|636136518925770432|0|50110.4609375|13.1162595631902|99.965929895875||||50110.4609375|227.25|24025||||88084c|AIQ3013|3325|X||0|8||||132|83|0|0|[]|13:55:10:461
21|2.1|636136518966954550|0|50114.5703125|13.1083631398574|99.9628614487647||||50114.5703125|228.25|24125||||88084c|AIQ3013|3325|X|0|0|8||||132|83|0|0|[]|13:55:14:570
21|2.1|636136518970694924|0|50114.9765625|13.1076764943502|99.9625824990274||||50114.9765625|228.5|24175||||88084c|AIQ3013|3325|X|0|0|8||||132|5|0|0|[]|13:55:14:977
21|2.1|636136519014849339|0|50119.3671875|13.0993723752475|99.9593423905403||||50119.3671875|229.75|24300||||88084c|AIQ3013|3325|X|0|0|8||||132|83|0|0|[]|13:55:19:367
21|2.1|636136519020459900|0|50119.953125|13.0982136609541|99.9589132370983||||50119.953125|230|24350||||88084c|AIQ3013|3325|X|0|0|8||||132|5|0|0|[]|13:55:19:953
21|2.1|636136519066484502|0|50124.546875|13.0894803884094|99.9555014672344||||50124.546875|231|24425||||88084c|AIQ3013|3325|X|0|0|8||||132|5|0|0|[]|13:55:24:547
21|2.1|636136519066644518|0|50124.546875|13.0894803884094|99.9555014672344||||50124.546875|231|24425||||88084c|AIQ3013|3325|X|0|0|8||||132|83|0|0|[]|13:55:24:547
21|2.1|636136519107668620|0|50128.6640625|13.0816912534371|99.9525188508125||||50128.6640625|232|24550||||88084c|AIQ3013|3325|X|0|0|8||||132|5|0|0|[]|13:55:28:664
21|2.1|636136519107828636|0|50128.6640625|13.0816912534371|99.9525188508125||||50128.6640625|232|24550||||88084c|AIQ3013|3325|X|0|0|8||||132|83|0|0|[]|13:55:28:664
21|2.1|636136519151673020|0|50133.0625|13.0733656766623|99.9492572846533||||50133.0625|233|24650||||88084c|AIQ3013|3325|X|0|0|8||||132|5|0|0|[]|13:55:33:063
21|2.1|636136519184736326|0|50136.3515625|13.0670571210649|99.9467896523618||||50136.3515625|233.5|24700||||88084c|AIQ3013|3325|X|0|0|8||||132|83|0|0|[]|13:55:36:352
21|2.1|636136519195037356|0|50137.40625|13.0650400998875|99.9459957184941||||50137.40625|233.75|24750||||88084c|AIQ3013|3325|X|0|0|8||||132|5|0|0|[]|13:55:37:406
21|2.1|636136519237471599|0|50141.65625|13.0569290998337|99.9428628983675||||50141.65625|234.5|24825||||88084c|AIQ3013|3325|X|0|0|8||||132|5|0|0|[]|13:55:41:656
21|2.1|636136519273665218|0|50145.234375|13.0500841024338|99.9401592316829||||50145.234375|235|24875||||88084c|AIQ3013|3325|X||0|8||||132|83|0|0|[]|13:55:45:234
21|2.1|636136519278655717|0|50145.7578125|13.049054134173|99.9397944512572||||50145.7578125|235|24900||||88084c|AIQ3013|3325|X|0|0|8||||132|5|0|0|[]|13:55:45:758
21|2.1|636136519322020053|0|50150.109375|13.0407285573982|99.9365114274259||||50150.109375|235.75|24975||||88084c|AIQ3013|3325|X|0|0|8||||132|5|0|0|[]|13:55:50:109
21|2.1|636136519322340085|0|50150.109375|13.0407285573982|99.9365114274259||||50150.109375|235.75|24950||||88084c|AIQ3013|3325|X||0|8||||132|83|0|0|[]|13:55:50:109
21|2.1|636136519363984249|0|50154.296875|13.0325746420002|99.9334000649714||||50154.296875|236.5|25025||||88084c|AIQ3013|3325|X|0|0|8||||132|5|0|0|[]|13:55:54:297
21|2.1|636136519407668617|0|50158.6796875|13.0241417768649|99.930095583468||||50158.6796875|237.25|25125||||88084c|AIQ3013|3325|X|0|0|8||||132|5|0|0|[]|13:55:58:680
21|2.1|636136519413289179|0|50159.203125|13.0231547239483|99.9297093453702||||50159.203125|237.5|25150||||88084c|AIQ3013|3325|X||0|8||||132|83|0|0|[]|13:55:59:203
21|2.1|636136519453223172|0|50163.21875|13.0153012159597|99.9266838136041||||50163.21875|238.25|25225||||88084c|AIQ3013|3325|X|0|0|8||||132|5|0|0|[]|13:56:03:219
21|2.1|636136519492067056|0|50167.0859375|13.007855403741|99.9237870278706||||50167.0859375|239|25300||||88084c|AIQ3013|3325|X|0|0|8||||132|83|0|0|[]|13:56:07:086
21|2.1|636136519495977447|0|50167.5|13.006997096857|99.9234866204612||||50167.5|239|25300||||88084c|AIQ3013|3325|X|0|0|8||||132|5|0|0|[]|13:56:07:500
21|2.1|636136519536071456|0|50171.5078125|12.9992508772289|99.9205040040393||||50171.5078125|240|25425||||88084c|AIQ3013|3325|X|0|0|8||||132|5|0|0|[]|13:56:11:508
21|2.1|636136519562114060|0|50174.078125|12.9942297819575|99.9185298982061||||50174.078125|240.75|25475||||88084c|AIQ3013|3325|X||0|8||||132|83|0|0|[]|13:56:14:078
21|2.1|636136519576625511|0|50175.5625|12.9912471655356|99.917435556929||||50175.5625|240.75|25500||||88084c|AIQ3013|3325|X|0|0|8||||132|5|0|0|[]|13:56:15:563
21|2.1|636136519603298178|0|50178.2109375|12.9861616972479|99.9154399934237||||50178.2109375|241.5|25575||||88084c|AIQ3013|3325|X|0|0|8||||132|83|0|0|[]|13:56:18:211
21|2.1|636136519617189567|0|50179.6171875|12.9834580305633|99.9144100251629||||50179.6171875|241.75|25600||||88084c|AIQ3013|3325|X|0|0|8||||132|5|0|0|[]|13:56:19:617
21|2.1|636136519652443092|0|50183.1171875|12.9766344908355|99.9117492738225||||50183.1171875|242.75|25700||||88084c|AIQ3013|3325|X|0|0|8||||132|83|0|0|[]|13:56:23:117
21|2.1|636136519657593607|0|50183.6484375|12.9754972342142|99.9113201203805||||50183.6484375|242.75|25725||||88084c|AIQ3013|3325|X|0|0|8||||132|5|0|0|[]|13:56:23:648
21|2.1|636136519694247272|0|50187.3125|12.9683947447491|99.9085735383517||||50187.3125|243.5|25800||||88084c|AIQ3013|3325|X|0|0|8||||132|83|0|0|[]|13:56:27:313
21|2.1|636136519698307678|0|50187.734375|12.9676008108814|99.9082731309423||||50187.734375|243.5|25775||||88084c|AIQ3013|3325|X|0|0|8||||132|5|0|0|[]|13:56:27:734
21|2.1|636136519747302577|0|50192.625|12.9580092314527|99.9045180383248||||50192.625|244.75|25950||||88084c|AIQ3013|3325|X|0|0|8||||132|5|0|0|[]|13:56:32:625
21|2.1|636136519762894136|0|50194.171875|12.9550266150308|99.9033593240314||||50194.171875|245.25|26000||||88084c|AIQ3013|3325|X||0|8||||132|83|0|0|[]|13:56:34:172
21|2.1|636136519791286975|0|50197.015625|12.9494476202848|99.9011920991493||||50197.015625|246|26075||||88084c|AIQ3013|3325|X|0|0|8||||132|5|0|0|[]|13:56:37:016
21|2.1|636136519813279174|0|50199.2109375|12.945199001209|99.8995398583976||||50199.2109375|246.5|26100||||88084c|AIQ3013|3325|X|0|0|8||||132|83|0|0|[]|13:56:39:211
21|2.1|636136519838871733|0|50201.78125|12.9401349905934|99.8975657525644||||50201.78125|247|26200||||88084c|AIQ3013|3325|X|0|0|8||||132|5|0|0|[]|13:56:41:781
21|2.1|636136519862584104|0|50204.140625|12.9355215910919|99.8957847657801||||50204.140625|247.5|26225||||88084c|AIQ3013|3325|X||0|8||||132|83|0|0|[]|13:56:44:141
21|2.1|636136519881616007|0|50206.0703125|12.9317879561465|99.8943256440773||||50206.0703125|248|26275||||88084c|AIQ3013|3325|X|0|0|8||||132|5|0|0|[]|13:56:46:070
21|2.1|636136519912969142|0|50209.1796875|12.9256510619259|99.8919438424742||||50209.1796875|248.5|26325||||88084c|AIQ3013|3325|X||0|8||||132|83|0|0|[]|13:56:49:180
21|2.1|636136519921860031|0|50210.0859375|12.9238700751416|99.891257196967||||50210.0859375|248.75|26375||||88084c|AIQ3013|3325|X|0|0|8||||132|5|0|0|[]|13:56:50:086
21|2.1|636136519964764321|0|50214.3515625|12.9154372100063|99.8879741731357||||50214.3515625|249.5|26425||||88084c|AIQ3013|3325|X||0|8||||132|83|0|0|[]|13:56:54:352
21|2.1|636136519974285273|0|50215.3203125|12.9136133078778|99.8872660699564||||50215.3203125|249.75|26475||||88084c|AIQ3013|3325|X|0|0|8||||132|5|0|0|[]|13:56:55:320
21|2.1|636136520014369281|0|50219.3359375|12.9056739692008|99.8842190805182||||50219.3359375|250.5|26550||||88084c|AIQ3013|3325|X|0|0|8||||132|5|0|0|[]|13:56:59:336
21|2.1|636136520023890233|0|50220.265625|12.9037642363839|99.8835109773389||||50220.265625|250.75|26575||||88084c|AIQ3013|3325|X|0|0|8||||132|83|0|0|[]|13:57:00:266
21|2.1|636136520054623306|0|50223.3671875|12.8977131728517|99.8811506334079||||50223.3671875|251.25|26650||||88084c|AIQ3013|3325|X|0|0|8||||132|5|0|0|[]|13:57:03:367
21|2.1|636136520065394383|0|50224.421875|12.8956532363301|99.8803566995402||||50224.421875|251.5|26675||||88084c|AIQ3013|3325|X|0|0|8||||132|83|0|0|[]|13:57:04:422
21|2.1|636136520100647908|0|50227.9609375|12.8887224082418|99.8776744905277||||50227.9609375|252.25|26750||||88084c|AIQ3013|3325|X|0|0|8||||132|5|0|0|[]|13:57:07:961
21|2.1|636136520105788422|0|50228.4609375|12.887692439981|99.8772667947578||||50228.4609375|252.25|26725||||88084c|AIQ3013|3325|X||0|8||||132|83|0|0|[]|13:57:08:461
21|2.1|636136520144482291|0|50232.3515625|12.879967678025|99.8742841783359||||50232.3515625|253|26800||||88084c|AIQ3013|3325|X|0|0|8||||132|5|0|0|[]|13:57:12:352
21|2.1|636136520188796722|0|50236.78125|12.8712987784966|99.8709367814883||||50236.78125|254|26925||||88084c|AIQ3013|3325|X|0|0|8||||132|5|0|0|[]|13:57:16:781
21|2.1|636136520204078250|0|50238.28125|12.8682947044026|99.8697780671949||||50238.28125|254.5|26975||||88084c|AIQ3013|3325|X||0|8||||132|83|0|0|[]|13:57:18:281
21|2.1|636136520229040746|0|50240.8046875|12.8632950668033|99.8678039613617||||50240.8046875|255|27025||||88084c|AIQ3013|3325|X|0|0|8||||132|5|0|0|[]|13:57:20:805
21|2.1|636136520245262368|0|50242.40625|12.8601407890046|99.866580874052||||50242.40625|255.25|27050||||88084c|AIQ3013|3325|X|0|0|8||||132|83|0|0|[]|13:57:22:406
21|2.1|636136520274285270|0|50245.328125|12.8543257598655|99.8643278184815||||50245.328125|255.75|27100||||88084c|AIQ3013|3325|X|0|0|8||||132|5|0|0|[]|13:57:25:328
21|2.1|636136520293157157|0|50247.1953125|12.850570667248|99.8628901544508||||50247.1953125|256|27125||||88084c|AIQ3013|3325|X||0|8||||132|83|0|0|[]|13:57:27:195
21|2.1|636136520318579699|0|50249.75|12.8455281143045|99.8609375062897||||50249.75|256.25|27175||||88084c|AIQ3013|3325|X|0|0|8||||132|5|0|0|[]|13:57:29:750
21|2.1|636136520334971338|0|50251.375|12.8423094634895|99.8596929613079||||50251.375|256.5|27200||||88084c|AIQ3013|3325|X|0|0|8||||132|83|0|0|[]|13:57:31:375
21|2.1|636136520361183959|0|50254.0234375|12.837052333825|99.8576330247863||||50254.0234375|257|27250||||88084c|AIQ3013|3325|X|0|0|8||||132|5|0|0|[]|13:57:34:023
21|2.1|636136520376935534|0|50255.5703125|12.8340053443868|99.8564313951487||||50255.5703125|257|27250||||88084c|AIQ3013|3325|X|0|0|8||||132|83|0|0|[]|13:57:35:570
21|2.1|636136520405318372|0|50258.4296875|12.828254688264|99.8541997972503||||50258.4296875|257.5|27300||||88084c|AIQ3013|3325|X|0|0|8||||132|5|0|0|[]|13:57:38:430
21|2.1|636136520425290369|0|50260.40625|12.8242850189255|99.8526977602033||||50260.40625|257.75|27350||||88084c|AIQ3013|3325|X|0|0|8||||132|83|0|0|[]|13:57:40:406
21|2.1|636136520454003240|0|50263.3046875|12.8184914474585|99.8504232469607||||50263.3046875|258.25|27375||||88084c|AIQ3013|3325|X|0|0|8||||132|5|0|0|[]|13:57:43:305
21|2.1|636136520493467186|0|50267.234375|12.8106164817978|99.8474191728667||||50267.234375|258.75|27450||||88084c|AIQ3013|3325|X||0|8||||132|83|0|0|[]|13:57:47:234
21|2.1|636136520502198059|0|50268.1171875|12.8088784103577|99.8467325273595||||50268.1171875|258.75|27450||||88084c|AIQ3013|3325|X||0|8||||132|5|0|0|[]|13:57:48:117
21|2.1|636136520542292068|0|50272.1015625|12.8008103256481|99.8435997072329||||50272.1015625|259.25|27500||||88084c|AIQ3013|3325|X||0|8||||132|83|0|0|[]|13:57:52:102
21|2.1|636136520547132552|0|50272.6171875|12.7998018150594|99.8432349268072||||50272.6171875|259.25|27500||||88084c|AIQ3013|3325|X|0|0|8||||132|5|0|0|[]|13:57:52:617
21|2.1|636136520586596498|0|50276.53125|12.7918624763824|99.8401450220248||||50276.53125|259.75|27550||||88084c|AIQ3013|3325|X||0|8||||132|83|0|0|[]|13:57:56:531
21|2.1|636136520596117450|0|50277.515625|12.7899098282213|99.8393940035013||||50277.515625|260|27575||||88084c|AIQ3013|3325|X||0|8||||132|5|0|0|[]|13:57:57:516
21|2.1|636136520642292067|0|50282.125|12.7805542831857|99.8357461992443||||50282.125|261|27675||||88084c|AIQ3013|3325|X|0|0|8||||132|5|0|0|[]|13:58:02:125
21|2.1|636136520642452083|0|50282.125|12.7805542831857|99.8357461992443||||50282.125|261|27675||||88084c|AIQ3013|3325|X|0|0|8||||132|83|0|0|[]|13:58:02:125
21|2.1|636136520691747012|0|50287.046875|12.7706837540197|99.8319052759384||||50287.046875|262.25|27800||||88084c|AIQ3013|3325|X|0|0|8||||132|83|0|0|[]|13:58:07:047
21|2.1|636136520695807418|0|50287.46875|12.7698254471357|99.8315834108569||||50287.46875|262.25|27825||||88084c|AIQ3013|3325|X|0|0|8||||132|5|0|0|[]|13:58:07:469
21|2.1|636136520731841021|0|50291.0625|12.7625512962938|99.8287939134839||||50291.0625|263|27900||||88084c|AIQ3013|3325|X||0|8||||132|83|0|0|[]|13:58:11:063
21|2.1|636136520742142051|0|50292.1015625|12.7603411560675|99.8279356065999||||50292.1015625|263|27900||||88084c|AIQ3013|3325|X|0|0|8||||132|5|0|0|[]|13:58:12:102
21|2.1|636136520784586295|0|50296.3515625|12.751865375588|99.8246740404407||||50296.3515625|263.75|28000||||88084c|AIQ3013|3325|X|0|0|8||||132|5|0|0|[]|13:58:16:352
21|2.1|636136520799547791|0|50297.8359375|12.7487969284777|99.8234724108031||||50297.8359375|264.25|28050||||88084c|AIQ3013|3325|X||0|8||||132|83|0|0|[]|13:58:17:836
21|2.1|636136520824660302|0|50300.3671875|12.7436900025179|99.8214983049699||||50300.3671875|264.5|28075||||88084c|AIQ3013|3325|X|0|0|8||||132|5|0|0|[]|13:58:20:367
21|2.1|636136520860073843|0|50303.875|12.7365445977086|99.8187517229411||||50303.875|265|28125||||88084c|AIQ3013|3325|X||0|8||||132|83|0|0|[]|13:58:23:875
21|2.1|636136520865074343|0|50304.3984375|12.7354073410873|99.8182796541549||||50304.3984375|265|28125||||88084c|AIQ3013|3325|X|0|0|8||||132|5|0|0|[]|13:58:24:398
21|2.1|636136520905168352|0|50308.4140625|12.7273392563777|99.8151468340283||||50308.4140625|265.75|28175||||88084c|AIQ3013|3325|X|0|0|8||||132|5|0|0|[]|13:58:28:414
21|2.1|636136520919519787|0|50309.828125|12.7243995553|99.814009577407||||50309.828125|266|28225||||88084c|AIQ3013|3325|X|0|0|8||||132|83|0|0|[]|13:58:29:828
21|2.1|636136520952433078|0|50313.140625|12.7177047616048|99.8114131990829||||50313.140625|266.5|28275||||88084c|AIQ3013|3325|X|0|0|8||||132|5|0|0|[]|13:58:33:141
21|2.1|636136520962884123|0|50314.171875|12.7155589943948|99.8105978075431||||50314.171875|266.75|28300||||88084c|AIQ3013|3325|X||0|8||||132|83|0|0|[]|13:58:34:172
21|2.1|636136520993147149|0|50317.2109375|12.7094006425021|99.8082374636121||||50317.2109375|267.25|28350||||88084c|AIQ3013|3325|X||0|8||||132|5|0|0|[]|13:58:37:211
21|2.1|636136521011408975|0|50319.0234375|12.7056026345404|99.8067354265651||||50319.0234375|267.5|28375||||88084c|AIQ3013|3325|X||0|8||||132|83|0|0|[]|13:58:39:023
21|2.1|636136521041041938|0|50322|12.6995515710082|99.8043965403062||||50322|268|28425||||88084c|AIQ3013|3325|X|0|0|8||||132|5|0|0|[]|13:58:42:000
21|2.1|636136521059763810|0|50323.8515625|12.6957964783907|99.8029803339476||||50323.8515625|268.5|28475||||88084c|AIQ3013|3325|X||0|8||||132|83|0|0|[]|13:58:43:852
21|2.1|636136521091586992|0|50327.046875|12.6892948037444|99.8004268709677||||50327.046875|269.25|28575||||88084c|AIQ3013|3325|X|0|0|8||||132|5|0|0|[]|13:58:47:047
21|2.1|636136521111558989|0|50329.03125|12.6851963883733|99.7988390032323||||50329.03125|269.75|28600||||88084c|AIQ3013|3325|X|0|0|8||||132|83|0|0|[]|13:58:49:031
21|2.1|636136521149632796|0|50332.859375|12.6774716264173|99.7958563868104||||50332.859375|270.75|28750||||88084c|AIQ3013|3325|X|0|0|8||||132|5|0|0|[]|13:58:52:859
21|2.1|636136521170994932|0|50334.9765625|12.6730942613089|99.7941612307145||||50334.9765625|271.25|28775||||88084c|AIQ3013|3325|X||0|8||||132|83|0|0|[]|13:58:54:977
21|2.1|636136521191436976|0|50337.03125|12.6689743882657|99.792551905307||||50337.03125|271.75|28850||||88084c|AIQ3013|3325|X|0|0|8||||132|5|0|0|[]|13:58:57:031
21|2.1|636136521231841016|0|50341.0703125|12.6606273538188|99.7892903391478||||50341.0703125|272.5|28925||||88084c|AIQ3013|3325|X|0|0|8||||132|5|0|0|[]|13:59:01:070
21|2.1|636136521231991031|0|50341.0703125|12.6606273538188|99.7892903391478||||50341.0703125|272.5|28925||||88084c|AIQ3013|3325|X|0|0|8||||132|83|0|0|[]|13:59:01:070
21|2.1|636136521271935025|0|50345.09375|12.6524734384208|99.7861575190212||||50345.09375|273.25|29025||||88084c|AIQ3013|3325|X|0|0|8||||132|5|0|0|[]|13:59:05:094
21|2.1|636136521272095041|0|50345.09375|12.6524734384208|99.7861575190212||||50345.09375|273.25|29000||||88084c|AIQ3013|3325|X|0|0|8||||132|83|0|0|[]|13:59:05:094
21|2.1|636136521312029034|0|50349.1015625|12.6442122346623|99.7831319872551||||50349.1015625|273.75|29050||||88084c|AIQ3013|3325|X|0|0|8||||132|5|0|0|[]|13:59:09:102
21|2.1|636136521312339065|0|50349.1015625|12.6442122346623|99.7831319872551||||50349.1015625|273.75|29075||||88084c|AIQ3013|3325|X|0|0|8||||132|83|0|0|[]|13:59:09:102
21|2.1|636136521353833214|0|50353.28125|12.6355433351339|99.7802352015216||||50353.28125|274.5|29125||||88084c|AIQ3013|3325|X|0|0|8||||132|5|0|0|[]|13:59:13:281
21|2.1|636136521353993230|0|50353.28125|12.6355433351339|99.7802352015216||||50353.28125|274.5|29125||||88084c|AIQ3013|3325|X||0|8||||132|83|0|0|[]|13:59:13:281
21|2.1|636136521394087239|0|50357.296875|12.6270890123265|99.7775529925091||||50357.296875|275.25|29225||||88084c|AIQ3013|3325|X|0|0|8||||132|5|0|0|[]|13:59:17:297
21|2.1|636136521394247255|0|50357.296875|12.6270890123265|99.7775529925091||||50357.296875|275.25|29225||||88084c|AIQ3013|3325|X|0|0|8||||132|83|0|0|[]|13:59:17:297
21|2.1|636136521437141544|0|50361.6171875|12.6181197053887|99.7748922411687||||50361.6171875|276|29300||||88084c|AIQ3013|3325|X|0|0|8||||132|5|0|0|[]|13:59:21:617
21|2.1|636136521437301560|0|50361.6171875|12.6181197053887|99.7748922411687||||50361.6171875|276|29300||||88084c|AIQ3013|3325|X|0|0|8||||132|83|0|0|[]|13:59:21:617
21|2.1|636136521482236053|0|50366.1171875|12.6085924989763|99.7723387781888||||50366.1171875|276.75|29375||||88084c|AIQ3013|3325|X|0|0|8||||132|5|0|0|[]|13:59:26:117
21|2.1|636136521482386068|0|50366.1171875|12.6085924989763|99.7723387781888||||50366.1171875|276.75|29375||||88084c|AIQ3013|3325|X|0|0|8||||132|83|0|0|[]|13:59:26:117
21|2.1|636136521523410170|0|50370.234375|12.5998377687595|99.7702144686509||||50370.234375|277.5|29450||||88084c|AIQ3013|3325|X|0|0|8||||132|5|0|0|[]|13:59:30:234
21|2.1|636136521523570186|0|50370.234375|12.5998377687595|99.7702144686509||||50370.234375|277.5|29475||||88084c|AIQ3013|3325|X|0|0|8||||132|83|0|0|[]|13:59:30:234
21|2.1|636136521571304959|0|50375.0234375|12.5894951708073|99.7680472437688||||50375.0234375|278.25|29550||||88084c|AIQ3013|3325|X|0|0|8||||132|5|0|0|[]|13:59:35:023
21|2.1|636136521571464975|0|50375.0234375|12.5894951708073|99.7680472437688||||50375.0234375|278.25|29550||||88084c|AIQ3013|3325|X||0|8||||132|83|0|0|[]|13:59:35:023
21|2.1|636136521613119140|0|50379.21875|12.5804829485253|99.7663306300008||||50379.21875|279|29625||||88084c|AIQ3013|3325|X|0|0|8||||132|5|0|0|[]|13:59:39:219
21|2.1|636136521623410169|0|50380.2109375|12.5783371813153|99.765944391903||||50380.2109375|279|29625||||88084c|AIQ3013|3325|X||0|8||||132|83|0|0|[]|13:59:40:211
21|2.1|636136521655083336|0|50383.3984375|12.5713419802107|99.7648500506259||||50383.3984375|279.5|29675||||88084c|AIQ3013|3325|X|0|0|8||||132|5|0|0|[]|13:59:43:398
21|2.1|636136521664594287|0|50384.328125|12.5693464167054|99.7645711008886||||50384.328125|279.5|29675||||88084c|AIQ3013|3325|X||0|8||||132|83|0|0|[]|13:59:44:328
21|2.1|636136521703448172|0|50388.2265625|12.5608277208817|99.7634338442673||||50388.2265625|280|29725||||88084c|AIQ3013|3325|X|0|0|8||||132|5|0|0|[]|13:59:48:227
21|2.1|636136521713899217|0|50389.2734375|12.5584888346228|99.7631763522021||||50389.2734375|280|29750||||88084c|AIQ3013|3325|X||0|8||||132|83|0|0|[]|13:59:49:273
21|2.1|636136521751803007|0|50393.0703125|12.5502705462085|99.7622107569576||||50393.0703125|280.75|29825||||88084c|AIQ3013|3325|X|0|0|8||||132|5|0|0|[]|13:59:53:070
21|2.1|636136521761473974|0|50394.03125|12.5481033213264|99.7619747225645||||50394.03125|280.75|29825||||88084c|AIQ3013|3325|X|0|0|8||||132|83|0|0|[]|13:59:54:031
21|2.1|636136521800167843|0|50397.9140625|12.539648998519|99.7608803812874||||50397.9140625|281.25|29875||||88084c|AIQ3013|3325|X||0|8||||132|5|0|0|[]|13:59:57:914
21|2.1|636136521809368763|0|50398.828125|12.5375890619974|99.760579973878||||50398.828125|281.5|29900||||88084c|AIQ3013|3325|X|0|0|8||||132|83|0|0|[]|13:59:58:828
21|2.1|636136521841041930|0|50402.0078125|12.5306796915812|99.7595929209614||||50402.0078125|282|29975||||88084c|AIQ3013|3325|X|0|0|8||||132|5|0|0|[]|14:00:02:008
21|2.1|636136521851022928|0|50402.96875|12.5285768397154|99.7592710558799||||50402.96875|282.25|30000||||88084c|AIQ3013|3325|X|0|0|8||||132|83|0|0|[]|14:00:02:969
21|2.1|636136521890176843|0|50406.9140625|12.5199723132033|99.7578548495213||||50406.9140625|283|30050||||88084c|AIQ3013|3325|X|0|0|8||||132|5|0|0|[]|14:00:06:914
21|2.1|636136521900947920|0|50407.96875|12.5176763422886|99.7574686114235||||50407.96875|283.25|30075||||88084c|AIQ3013|3325|X|0|0|8||||132|83|0|0|[]|14:00:07:969
21|2.1|636136521930900915|0|50410.9921875|12.511110294626|99.756288439458||||50410.9921875|283.75|30150||||88084c|AIQ3013|3325|X|0|0|8||||132|5|0|0|[]|14:00:10:992
21|2.1|636136521941511976|0|50411.9921875|12.5089216120718|99.755859286016||||50411.9921875|284|30175||||88084c|AIQ3013|3325|X|0|0|8||||132|83|0|0|[]|14:00:11:992
21|2.1|636136521978795704|0|50415.7734375|12.5006174929691|99.7543143336248||||50415.7734375|284.75|30275||||88084c|AIQ3013|3325|X|0|0|8||||132|5|0|0|[]|14:00:15:773
21|2.1|636136521988776702|0|50416.7578125|12.4985575564475|99.753928095527||||50416.7578125|285|30300||||88084c|AIQ3013|3325|X|0|0|8||||132|83|0|0|[]|14:00:16:758
21|2.1|636136522020289853|0|50419.921875|12.4916911013755|99.752640635201||||50419.921875|285.75|30375||||88084c|AIQ3013|3325|X|0|0|8||||132|5|0|0|[]|14:00:19:922
21|2.1|636136522029490773|0|50420.8359375|12.4897384532144|99.7522543971032||||50420.8359375|286|30400||||88084c|AIQ3013|3325|X|0|0|8||||132|83|0|0|[]|14:00:20:836
21|2.1|636136522062724096|0|50424.171875|12.4824213870283|99.7509025637609||||50424.171875|286.5|30425||||88084c|AIQ3013|3325|X|0|0|8||||132|5|0|0|[]|14:00:24:172
21|2.1|636136522078015625|0|50425.671875|12.4792885669017|99.7503232066142||||50425.671875|286.75|30475||||88084c|AIQ3013|3325|X|0|0|8||||132|83|0|0|[]|14:00:25:672
21|2.1|636136522103128136|0|50428.203125|12.4738168605162|99.7492503230092||||50428.203125|287.25|30525||||88084c|AIQ3013|3325|X|0|0|8||||132|5|0|0|[]|14:00:28:203
21|2.1|636136522129030726|0|50430.78125|12.4681305774097|99.7481988970763||||50430.78125|287.5|30550||||88084c|AIQ3013|3325|X|0|0|8||||132|83|0|0|[]|14:00:30:781
21|2.1|636136522163814204|0|50434.2734375|12.4605345614863|99.7468041483898||||50434.2734375|287.75|30575||||88084c|AIQ3013|3325|X|0|0|8||||132|5|0|0|[]|14:00:34:273
21|2.1|636136522169114734|0|50434.78125|12.4594187625371|99.7466110293409||||50434.78125|287.75|30575||||88084c|AIQ3013|3325|X|0|0|8||||132|83|0|0|[]|14:00:34:781
21|2.1|636136522220129835|0|50439.90625|12.4482822307172|99.7445510928193||||50439.90625|288.5|30650||||88084c|AIQ3013|3325|X|0|0|8||||132|5|0|0|[]|14:00:39:906
21|2.1|636136522220449867|0|50439.90625|12.4482822307172|99.7445510928193||||50439.90625|288.5|30650||||88084c|AIQ3013|3325|X|0|0|8||||132|83|0|0|[]|14:00:39:906
21|2.1|636136522261003922|0|50443.96875|12.4394631274841|99.7428773943955||||50443.96875|289|30700||||88084c|AIQ3013|3325|X|0|0|8||||132|83|0|0|[]|14:00:43:969
21|2.1|636136522271304952|0|50445.0390625|12.437081325881|99.7424696986256||||50445.0390625|289|30725||||88084c|AIQ3013|3325|X|0|0|8||||132|5|0|0|[]|14:00:45:039
21|2.1|636136522309988820|0|50448.875|12.4286913760899|99.7409032885623||||50448.875|289.25|30750||||88084c|AIQ3013|3325|X|0|0|8||||132|83|0|0|[]|14:00:48:875
21|2.1|636136522319349756|0|50449.828125|12.426567066552|99.7404955927924||||50449.828125|289.25|30750||||88084c|AIQ3013|3325|X|0|0|8||||132|5|0|0|[]|14:00:49:828
21|2.1|636136522359293750|0|50453.7890625|12.4178552516794|99.738907725057||||50453.7890625|289.5|30775||||88084c|AIQ3013|3325|X|0|0|8||||132|83|0|0|[]|14:00:53:789
21|2.1|636136522369744795|0|50454.8671875|12.4153876193879|99.7384141985987||||50454.8671875|289.75|30800||||88084c|AIQ3013|3325|X|0|0|8||||132|5|0|0|[]|14:00:54:867
21|2.1|636136522400937914|0|50457.96875|12.4086928256927|99.7371481959448||||50457.96875|290.25|30850||||88084c|AIQ3013|3325|X|0|0|8||||132|83|0|0|[]|14:00:57:969
21|2.1|636136522414359256|0|50459.3203125|12.4057102092708|99.7366332118144||||50459.3203125|290.25|30850||||88084c|AIQ3013|3325|X|0|0|8||||132|5|0|0|[]|14:00:59:320
21|2.1|636136522449612781|0|50462.828125|12.398028362659|99.7352170054558||||50462.828125|291|30925||||88084c|AIQ3013|3325|X|0|0|8||||132|83|0|0|[]|14:01:02:828
21|2.1|636136522458353655|0|50463.71875|12.3959255107932|99.7348093096859||||50463.71875|291|30925||||88084c|AIQ3013|3325|X|0|0|8||||132|5|0|0|[]|14:01:03:719
21|2.1|636136522498757695|0|50467.7578125|12.3871278652322|99.7331785266063||||50467.7578125|292|31050||||88084c|AIQ3013|3325|X|0|0|8||||132|5|0|0|[]|14:01:07:758
21|2.1|636136522510308850|0|50468.90625|12.3846173175965|99.7327064578201||||50468.90625|292.5|31075||||88084c|AIQ3013|3325|X|0|0|8||||132|83|0|0|[]|14:01:08:906
21|2.1|636136522541661985|0|50472.0546875|12.3777079471803|99.7314189974941||||50472.0546875|293|31150||||88084c|AIQ3013|3325|X|0|0|8||||132|5|0|0|[]|14:01:12:055
21|2.1|636136522550402859|0|50472.921875|12.3757338413471|99.7310542170684||||50472.921875|293.25|31175||||88084c|AIQ3013|3325|X|0|0|8||||132|83|0|0|[]|14:01:12:922
21|2.1|636136522590336852|0|50476.9296875|12.3670220264745|99.7294448916609||||50476.9296875|294|31250||||88084c|AIQ3013|3325|X|0|0|8||||132|5|0|0|[]|14:01:16:930
21|2.1|636136522590646883|0|50476.9296875|12.3670220264745|99.7294448916609||||50476.9296875|294|31250||||88084c|AIQ3013|3325|X|0|0|8||||132|83|0|0|[]|14:01:16:930
21|2.1|636136522632141032|0|50481.1171875|12.3578381428157|99.7277711932371||||50481.1171875|294.5|31300||||88084c|AIQ3013|3325|X|0|0|8||||132|5|0|0|[]|14:01:21:117
21|2.1|636136522632301048|0|50481.1171875|12.3578381428157|99.7277711932371||||50481.1171875|294.5|31300||||88084c|AIQ3013|3325|X|0|0|8||||132|83|0|0|[]|14:01:21:117
21|2.1|636136522672545072|0|50485.125|12.3489546665663|99.7261189524854||||50485.125|295|31375||||88084c|AIQ3013|3325|X||0|8||||132|83|0|0|[]|14:01:25:125
21|2.1|636136522681295947|0|50486.0234375|12.3470020184052|99.7257327143876||||50486.0234375|295|31375||||88084c|AIQ3013|3325|X|0|0|8||||132|5|0|0|[]|14:01:26:023
21|2.1|636136522720289846|0|50489.90625|12.3384618649094|99.7241877619964||||50489.90625|295.5|31425||||88084c|AIQ3013|3325|X||0|8||||132|83|0|0|[]|14:01:29:906
21|2.1|636136522730740891|0|50490.9609375|12.3361444363226|99.7237586085544||||50490.9609375|295.75|31450||||88084c|AIQ3013|3325|X|0|0|8||||132|5|0|0|[]|14:01:30:961
21|2.1|636136522760693886|0|50493.953125|12.3294925579716|99.7224711482284||||50493.953125|296.25|31500||||88084c|AIQ3013|3325|X||0|8||||132|83|0|0|[]|14:01:33:953
21|2.1|636136522771144931|0|50495.015625|12.327218044729|99.7220849101306||||50495.015625|296.5|31525||||88084c|AIQ3013|3325|X|0|0|8||||132|5|0|0|[]|14:01:35:016
21|2.1|636136522805938410|0|50498.46875|12.3196649441498|99.720668703772||||50498.46875|297|31600||||88084c|AIQ3013|3325|X|0|0|8||||132|83|0|0|[]|14:01:38:469
21|2.1|636136522820749891|0|50499.9765625|12.316274631958|99.7200678889532||||50499.9765625|297.5|31625||||88084c|AIQ3013|3325|X|0|0|8||||132|5|0|0|[]|14:01:39:977
21|2.1|636136522849932809|0|50502.859375|12.3099446186885|99.7188662593156||||50502.859375|298|31700||||88084c|AIQ3013|3325|X|0|0|8||||132|83|0|0|[]|14:01:42:859
21|2.1|636136522860853901|0|50503.984375|12.307476986397|99.7184156482015||||50503.984375|298.25|31725||||88084c|AIQ3013|3325|X|0|0|8||||132|5|0|0|[]|14:01:43:984
21|2.1|636136522891736989|0|50507.0546875|12.3007821927018|99.7171711032197||||50507.0546875|298.75|31775||||88084c|AIQ3013|3325|X|0|0|8||||132|83|0|0|[]|14:01:47:055
21|2.1|636136522901477963|0|50508.0390625|12.2985935101476|99.7167419497777||||50508.0390625|299|31800||||88084c|AIQ3013|3325|X|0|0|8||||132|5|0|0|[]|14:01:48:039
21|2.1|636136522933541169|0|50511.2265625|12.2915553936988|99.7154330317796||||50511.2265625|299.25|31825||||88084c|AIQ3013|3325|X|0|0|8||||132|83|0|0|[]|14:01:51:227
21|2.1|636136522942752090|0|50512.1640625|12.2895383725214|99.715089709026||||50512.1640625|299.5|31850||||88084c|AIQ3013|3325|X|0|0|8||||132|5|0|0|[]|14:01:52:164
21|2.1|636136522981906005|0|50516.0703125|12.2809338460093|99.7134803836185||||50516.0703125|300|31925||||88084c|AIQ3013|3325|X|0|0|8||||132|83|0|0|[]|14:01:56:070
21|2.1|636136522986736488|0|50516.5625|12.2798395047322|99.7132872645696||||50516.5625|300|31925||||88084c|AIQ3013|3325|X|0|0|8||||132|5|0|0|[]|14:01:56:563
21|2.1|636136523030270841|0|50520.9140625|12.2702264676314|99.7114848201132||||50520.9140625|300.75|32000||||88084c|AIQ3013|3325|X||0|8||||132|5|0|0|[]|14:02:00:914
21|2.1|636136523030420856|0|50520.9140625|12.2702264676314|99.7114848201132||||50520.9140625|300.75|32000||||88084c|AIQ3013|3325|X|0|0|8||||132|83|0|0|[]|14:02:00:914
21|2.1|636136523072705084|0|50525.1484375|12.2608280072516|99.709725291001||||50525.1484375|301.25|32050||||88084c|AIQ3013|3325|X|0|0|8||||132|83|0|0|[]|14:02:05:148
21|2.1|636136523078315645|0|50525.734375|12.259626377614|99.7095536296242||||50525.734375|301.25|32050||||88084c|AIQ3013|3325|X||0|8||||132|5|0|0|[]|14:02:05:734
21|2.1|636136523129330746|0|50530.7890625|12.2484898457941|99.7074722354305||||50530.7890625|302|32125||||88084c|AIQ3013|3325|X||0|8||||132|83|0|0|[]|14:02:10:789
21|2.1|636136523137751588|0|50531.6640625|12.2466444859935|99.707150370349||||50531.6640625|302|32125||||88084c|AIQ3013|3325|X|0|0|8||||132|5|0|0|[]|14:02:11:664
21|2.1|636136523173325145|0|50535.2109375|12.2387266049886|99.7056697909741||||50535.2109375|302.5|32175||||88084c|AIQ3013|3325|X|0|0|8||||132|83|0|0|[]|14:02:15:211
21|2.1|636136523189706783|0|50536.8359375|12.2351431737479|99.7050260608111||||50536.8359375|302.75|32200||||88084c|AIQ3013|3325|X|0|0|8||||132|5|0|0|[]|14:02:16:836
21|2.1|636136523214509263|0|50539.3203125|12.2295427213298|99.7039531772061||||50539.3203125|303|32225||||88084c|AIQ3013|3325|X||0|8||||132|83|0|0|[]|14:02:19:320
21|2.1|636136523237131525|0|50541.6015625|12.2245430837305|99.7030519549779||||50541.6015625|303.5|32300||||88084c|AIQ3013|3325|X|0|0|8||||132|5|0|0|[]|14:02:21:602
21|2.1|636136523257263538|0|50543.609375|12.2201871762942|99.7022580211102||||50543.609375|303.75|32325||||88084c|AIQ3013|3325|X||0|8||||132|83|0|0|[]|14:02:23:609
21|2.1|636136523277225534|0|50545.625|12.2156810651532|99.7013997142262||||50545.625|304.25|32375||||88084c|AIQ3013|3325|X|0|0|8||||132|5|0|0|[]|14:02:25:625
21|2.1|636136523298907702|0|50547.765625|12.2109818349633|99.7005414073422||||50547.765625|304.5|32400||||88084c|AIQ3013|3325|X||0|8||||132|83|0|0|[]|14:02:27:766
21|2.1|636136523317319543|0|50549.625|12.2068834195922|99.6997689311466||||50549.625|305|32450||||88084c|AIQ3013|3325|X||0|8||||132|5|0|0|[]|14:02:29:625
21|2.1|636136523345552366|0|50552.4140625|12.2007250676995|99.6986102168532||||50552.4140625|305.5|32500||||88084c|AIQ3013|3325|X|0|0|8||||132|83|0|0|[]|14:02:32:414
21|2.1|636136523365834394|0|50554.46875|12.1962404142306|99.6977948253134||||50554.46875|306|32550||||88084c|AIQ3013|3325|X||0|8||||132|5|0|0|[]|14:02:34:469
21|2.1|636136523397047515|0|50557.5703125|12.1892881284702|99.6964859073153||||50557.5703125|306.5|32625||||88084c|AIQ3013|3325|X|0|0|8||||132|83|0|0|[]|14:02:37:570
21|2.1|636136523407178528|0|50558.6171875|12.1870779882439|99.6960996692175||||50558.6171875|306.75|32650||||88084c|AIQ3013|3325|X||0|8||||132|5|0|0|[]|14:02:38:617
21|2.1|636136523438221632|0|50561.7109375|12.1802115331719|99.6948122088915||||50561.7109375|307.25|32700||||88084c|AIQ3013|3325|X||0|8||||132|83|0|0|[]|14:02:41:711
21|2.1|636136523457413551|0|50563.6328125|12.1760272871124|99.6940397326959||||50563.6328125|307.5|32725||||88084c|AIQ3013|3325|X|0|0|8||||132|5|0|0|[]|14:02:43:633
21|2.1|636136523487366546|0|50566.609375|12.1694183241056|99.692773730042||||50566.609375|308|32775||||88084c|AIQ3013|3325|X||0|8||||132|83|0|0|[]|14:02:46:609
21|2.1|636136523498437653|0|50567.734375|12.166929234142|99.6923445766||||50567.734375|308.25|32800||||88084c|AIQ3013|3325|X|0|0|8||||132|5|0|0|[]|14:02:47:734
21|2.1|636136523529330742|0|50570.8046875|12.1601700674305|99.6910785739461||||50570.8046875|308.75|32850||||88084c|AIQ3013|3325|X|0|0|8||||132|83|0|0|[]|14:02:50:805
21|2.1|636136523538851694|0|50571.78125|12.1580457578926|99.6906708781762||||50571.78125|308.75|32875||||88084c|AIQ3013|3325|X|0|0|8||||132|5|0|0|[]|14:02:51:781
21|2.1|636136523582526061|0|50576.1328125|12.1484970938081|99.6888898913919||||50576.1328125|309.75|32950||||88084c|AIQ3013|3325|X|0|0|8||||132|83|0|0|[]|14:02:56:133
21|2.1|636136523588146623|0|50576.703125|12.1471238027937|99.6886538569988||||50576.703125|309.75|32950||||88084c|AIQ3013|3325|X||0|8||||132|5|0|0|[]|14:02:56:703
21|2.1|636136523626370445|0|50580.515625|12.1387553106747|99.6871089046076||||50580.515625|310.25|33025||||88084c|AIQ3013|3325|X||0|8||||132|83|0|0|[]|14:03:00:516
21|2.1|636136523652413049|0|50583.1328125|12.1329617392077|99.6860360210026||||50583.1328125|310.75|33075||||88084c|AIQ3013|3325|X|0|0|8||||132|5|0|0|[]|14:03:03:133
21|2.1|636136523668334641|0|50584.703125|12.1294641386554|99.6853922908396||||50584.703125|310.75|33075||||88084c|AIQ3013|3325|X||0|8||||132|83|0|0|[]|14:03:04:703
21|2.1|636136523692667074|0|50587.15625|12.1240568052862|99.6843623225788||||50587.15625|311.5|33150||||88084c|AIQ3013|3325|X|0|0|8||||132|5|0|0|[]|14:03:07:156
21|2.1|636136523716849492|0|50589.5625|12.1187996756217|99.6833967273343||||50589.5625|311.75|33175||||88084c|AIQ3013|3325|X||0|8||||132|83|0|0|[]|14:03:09:563
21|2.1|636136523736661473|0|50591.5546875|12.1144008528412|99.6825598781224||||50591.5546875|312.25|33225||||88084c|AIQ3013|3325|X|0|0|8||||132|5|0|0|[]|14:03:11:555
21|2.1|636136523757103517|0|50593.578125|12.1099161993723|99.6817444865826||||50593.578125|312.5|33275||||88084c|AIQ3013|3325|X|0|0|8||||132|83|0|0|[]|14:03:13:578
21|2.1|636136523776905497|0|50595.5859375|12.1054959189197|99.6809290950428||||50595.5859375|313|33325||||88084c|AIQ3013|3325|X|0|0|8||||132|5|0|0|[]|14:03:15:586
21|2.1|636136523799527759|0|50597.8359375|12.1005606543367|99.6800064151425||||50597.8359375|313.75|33400||||88084c|AIQ3013|3325|X|0|0|8||||132|83|0|0|[]|14:03:17:836
21|2.1|636136523819969803|0|50599.8828125|12.0960330855236|99.6791481082585||||50599.8828125|314.25|33450||||88084c|AIQ3013|3325|X|0|0|8||||132|5|0|0|[]|14:03:19:883
21|2.1|636136523849612767|0|50602.84375|12.0895743262215|99.6779464786209||||50602.84375|314.75|33500||||88084c|AIQ3013|3325|X|0|0|8||||132|83|0|0|[]|14:03:22:844
21|2.1|636136523868644670|0|50604.765625|12.0853257071457|99.6771525447532||||50604.765625|315|33500||||88084c|AIQ3013|3325|X|0|0|8||||132|5|0|0|[]|14:03:24:766
21|2.1|636136523889856791|0|50606.859375|12.0807123076442|99.6762942378692||||50606.859375|315.5|33575||||88084c|AIQ3013|3325|X|0|0|8||||132|83|0|0|[]|14:03:26:859
21|2.1|636136523910448850|0|50608.9453125|12.076163281159|99.6754359309852||||50608.9453125|316|33625||||88084c|AIQ3013|3325|X|0|0|8||||132|5|0|0|[]|14:03:28:945
21|2.1|636136523930730878|0|50610.9453125|12.0717430007064|99.6746205394454||||50610.9453125|316.25|33650||||88084c|AIQ3013|3325|X|0|0|8||||132|83|0|0|[]|14:03:30:945
21|2.1|636136523959753780|0|50613.859375|12.0653271567485|99.6734189098078||||50613.859375|317|33750||||88084c|AIQ3013|3325|X|0|0|8||||132|5|0|0|[]|14:03:33:859
21|2.1|636136523989856790|0|50616.859375|12.058782566758|99.672174364826||||50616.859375|317.5|33800||||88084c|AIQ3013|3325|X|0|0|8||||132|83|0|0|[]|14:03:36:859
21|2.1|636136524008888693|0|50618.7890625|12.0545124900101|99.6713804309583||||50618.7890625|317.75|33825||||88084c|AIQ3013|3325|X|0|0|8||||132|5|0|0|[]|14:03:38:789
21|2.1|636136524039001704|0|50621.78125|12.0479464423475|99.6701788013207||||50621.78125|318.25|33875||||88084c|AIQ3013|3325|X|0|0|8||||132|83|0|0|[]|14:03:41:781
21|2.1|636136524049452749|0|50622.84375|12.0456719291049|99.6697496478787||||50622.84375|318.75|33925||||88084c|AIQ3013|3325|X|0|0|8||||132|5|0|0|[]|14:03:42:844
21|2.1|636136524080185822|0|50625.8984375|12.0389771354097|99.6685480182411||||50625.8984375|319.25|33975||||88084c|AIQ3013|3325|X|0|0|8||||132|83|0|0|[]|14:03:45:898
21|2.1|636136524099217725|0|50627.8125|12.0347928893502|99.6677326267013||||50627.8125|319.75|34050||||88084c|AIQ3013|3325|X|0|0|8||||132|5|0|0|[]|14:03:47:813
21|2.1|636136524128080611|0|50630.6875|12.0284843337528|99.6666168277521||||50630.6875|320.25|34100||||88084c|AIQ3013|3325|X|0|0|8||||132|83|0|0|[]|14:03:50:688
21|2.1|636136524139151718|0|50631.8203125|12.0259952437892|99.666166216638||||50631.8203125|320.5|34125||||88084c|AIQ3013|3325|X|0|0|8||||132|5|0|0|[]|14:03:51:820
21|2.1|636136524170044807|0|50634.875|12.0192360770777|99.664878756312||||50634.875|321|34175||||88084c|AIQ3013|3325|X|0|0|8||||132|83|0|0|[]|14:03:54:875
21|2.1|636136524179875790|0|50635.875|12.0171761405561|99.6645139758863||||50635.875|321.25|34200||||88084c|AIQ3013|3325|X|0|0|8||||132|5|0|0|[]|14:03:55:875
21|2.1|636136524211848987|0|50639.0625|12.0101594817794|99.6632265155603||||50639.0625|321.75|34250||||88084c|AIQ3013|3325|X|0|0|8||||132|83|0|0|[]|14:03:59:063
21|2.1|636136524221059908|0|50639.9921875|12.008142460602|99.6628617351346||||50639.9921875|322|34275||||88084c|AIQ3013|3325|X||0|8||||132|5|0|0|[]|14:03:59:992
21|2.1|636136524260213823|0|50643.890625|11.9995808494341|99.6613167827434||||50643.890625|322.75|34350||||88084c|AIQ3013|3325|X|0|0|8||||132|83|0|0|[]|14:04:03:891
21|2.1|636136524278935695|0|50645.7890625|11.9954395187188|99.6605443065478||||50645.7890625|322.75|34350||||88084c|AIQ3013|3325|X|0|0|8||||132|5|0|0|[]|14:04:05:789
21|2.1|636136524308888690|0|50648.7578125|11.9890236747609|99.6593426769102||||50648.7578125|323.5|34450||||88084c|AIQ3013|3325|X|0|0|8||||132|83|0|0|[]|14:04:08:758
21|2.1|636136524328390640|0|50650.7265625|11.9846463096525|99.6585702007146||||50650.7265625|323.75|34475||||88084c|AIQ3013|3325|X|0|0|8||||132|5|0|0|[]|14:04:10:727
21|2.1|636136524356943495|0|50653.5703125|11.9784879577598|99.6574114864212||||50653.5703125|324.5|34550||||88084c|AIQ3013|3325|X|0|0|8||||132|83|0|0|[]|14:04:13:570
21|2.1|636136524377065507|0|50655.59375|11.974024761963|99.6565960948814||||50655.59375|324.75|34575||||88084c|AIQ3013|3325|X|0|0|8||||132|5|0|0|[]|14:04:15:594
21|2.1|636136524397967597|0|50657.671875|11.969518650822|99.6557592456695||||50657.671875|325.25|34625||||88084c|AIQ3013|3325|X|0|0|8||||132|83|0|0|[]|14:04:17:672
21|2.1|636136524426670467|0|50660.5625|11.9632744682409|99.654579073704||||50660.5625|325.75|34675||||88084c|AIQ3013|3325|X|0|0|8||||132|5|0|0|[]|14:04:20:563
21|2.1|636136524447122512|0|50662.5703125|11.9588541877883|99.6537636821642||||50662.5703125|326.25|34750||||88084c|AIQ3013|3325|X|0|0|8||||132|83|0|0|[]|14:04:22:570
21|2.1|636136524467854585|0|50664.671875|11.9542622459589|99.6529053752802||||50664.671875|326.5|34775||||88084c|AIQ3013|3325|X||0|8||||132|5|0|0|[]|14:04:24:672
21|2.1|636136524487826582|0|50666.65625|11.9499277961947|99.6521114414125||||50666.65625|326.75|34800||||88084c|AIQ3013|3325|X|0|0|8||||132|83|0|0|[]|14:04:26:656
21|2.1|636136524515289328|0|50669.4296875|11.9438552749904|99.6509527271191||||50669.4296875|327.5|34875||||88084c|AIQ3013|3325|X|0|0|8||||132|5|0|0|[]|14:04:29:430
21|2.1|636136524535721371|0|50671.4453125|11.939477909882|99.6501802509235||||50671.4453125|327.75|34875||||88084c|AIQ3013|3325|X|0|0|8||||132|83|0|0|[]|14:04:31:445
21|2.1|636136524555693368|0|50673.4609375|11.9350790871015|99.6493648593837||||50673.4609375|328.25|34950||||88084c|AIQ3013|3325|X|0|0|8||||132|5|0|0|[]|14:04:33:461
21|2.1|636136524577225521|0|50675.5859375|11.9304442299279|99.6485065524997||||50675.5859375|328.5|34975||||88084c|AIQ3013|3325|X|0|0|8||||132|83|0|0|[]|14:04:35:586
21|2.1|636136524595777376|0|50677.4609375|11.9263458145568|99.6477555339762||||50677.4609375|328.75|35000||||88084c|AIQ3013|3325|X||0|8||||132|5|0|0|[]|14:04:37:461
21|2.1|636136524623860184|0|50680.265625|11.9203162086967|99.6466182773549||||50680.265625|329.25|35050||||88084c|AIQ3013|3325|X|0|0|8||||132|83|0|0|[]|14:04:40:266
21|2.1|636136524644142212|0|50682.3046875|11.9157242668673|99.6457599704709||||50682.3046875|329.75|35100||||88084c|AIQ3013|3325|X||0|8||||132|5|0|0|[]|14:04:42:305
21|2.1|636136524665514349|0|50684.421875|11.9110894096937|99.6448802059148||||50684.421875|330|35150||||88084c|AIQ3013|3325|X|0|0|8||||132|83|0|0|[]|14:04:44:422
21|2.1|636136524685646362|0|50686.453125|11.9067978752737|99.6441077297192||||50686.453125|330.25|35175||||88084c|AIQ3013|3325|X|0|0|8||||132|5|0|0|[]|14:04:46:453
21|2.1|636136524706078405|0|50688.4765625|11.9022917641327|99.6432494228352||||50688.4765625|330.75|35225||||88084c|AIQ3013|3325|X|0|0|8||||132|83|0|0|[]|14:04:48:477
21|2.1|636136524744302227|0|50692.3203125|11.89398764503|99.6417259281161||||50692.3203125|331.25|35275||||88084c|AIQ3013|3325|X||0|8||||132|5|0|0|[]|14:04:52:320
21|2.1|636136524754453242|0|50693.3203125|11.8917131317874|99.6413182323462||||50693.3203125|331.5|35300||||88084c|AIQ3013|3325|X|0|0|8||||132|83|0|0|[]|14:04:53:320
21|2.1|636136524787356532|0|50696.6328125|11.884546269306|99.6399663990039||||50696.6328125|331.75|35325||||88084c|AIQ3013|3325|X||0|8||||132|5|0|0|[]|14:04:56:633
21|2.1|636136524807638560|0|50698.6328125|11.8801689041976|99.6391939228083||||50698.6328125|332|35350||||88084c|AIQ3013|3325|X||0|8||||132|83|0|0|[]|14:04:58:633
21|2.1|636136524828090605|0|50700.703125|11.8756198777124|99.6383141582522||||50700.703125|332.5|35425||||88084c|AIQ3013|3325|X||0|8||||132|5|0|0|[]|14:05:00:703
21|2.1|636136524855063302|0|50703.3671875|11.8698477639175|99.6372841899914||||50703.3671875|333|35450||||88084c|AIQ3013|3325|X||0|8||||132|83|0|0|[]|14:05:03:367
21|2.1|636136524890476843|0|50706.9453125|11.8620586289452|99.6358250682886||||50706.9453125|333.25|35500||||88084c|AIQ3013|3325|X|0|0|8||||132|5|0|0|[]|14:05:06:945
21|2.1|636136524904668262|0|50708.3359375|11.8589901818349|99.6352457111419||||50708.3359375|333.5|35525||||88084c|AIQ3013|3325|X||0|8||||132|83|0|0|[]|14:05:08:336
21|2.1|636136524935871382|0|50711.4765625|11.8520593537466|99.6340011661601||||50711.4765625|333.75|35550||||88084c|AIQ3013|3325|X|0|0|8||||132|5|0|0|[]|14:05:11:477
21|2.1|636136524946642459|0|50712.53125|11.8498277558482|99.6335720127181||||50712.53125|334|35575||||88084c|AIQ3013|3325|X|0|0|8||||132|83|0|0|[]|14:05:12:531
21|2.1|636136524984396234|0|50716.3203125|11.8414378060571|99.6320270603269||||50716.3203125|334.5|35625||||88084c|AIQ3013|3325|X|0|0|8||||132|5|0|0|[]|14:05:16:320
21|2.1|636136524995157310|0|50717.390625|11.8392062081587|99.6315979068849||||50717.390625|334.75|35650||||88084c|AIQ3013|3325|X||0|8||||132|83|0|0|[]|14:05:17:391
21|2.1|636136525026200414|0|50720.5078125|11.8323182954146|99.630331904231||||50720.5078125|335.25|35700||||88084c|AIQ3013|3325|X||0|8||||132|5|0|0|[]|14:05:20:508
21|2.1|636136525035561350|0|50721.421875|11.8304085625977|99.6299885814774||||50721.421875|335.25|35700||||88084c|AIQ3013|3325|X|0|0|8||||132|83|0|0|[]|14:05:21:422
21|2.1|636136525066764470|0|50724.5703125|11.8234777345094|99.6287011211514||||50724.5703125|335.75|35750||||88084c|AIQ3013|3325|X|0|0|8||||132|5|0|0|[]|14:05:24:570
21|2.1|636136525077995593|0|50725.671875|11.8210530175621|99.6282290523652||||50725.671875|336|35775||||88084c|AIQ3013|3325|X|0|0|8||||132|83|0|0|[]|14:05:25:672
21|2.1|636136525107018495|0|50728.5859375|11.8146800889484|99.6270488803997||||50728.5859375|336.5|35850||||88084c|AIQ3013|3325|X||0|8||||132|5|0|0|[]|14:05:28:586
21|2.1|636136525122460039|0|50730.1171875|11.8114185227892|99.6264266079088||||50730.1171875|337|35900||||88084c|AIQ3013|3325|X|0|0|8||||132|83|0|0|[]|14:05:30:117
21|2.1|636136525147112504|0|50732.59375|11.8059253587316|99.6254180973201||||50732.59375|337.5|35950||||88084c|AIQ3013|3325|X||0|8||||132|5|0|0|[]|14:05:32:594
21|2.1|636136525168174610|0|50734.6875|11.8013548745743|99.6246027057803||||50734.6875|337.75|35975||||88084c|AIQ3013|3325|X|0|0|8||||132|83|0|0|[]|14:05:34:688
21|2.1|636136525188916684|0|50736.7734375|11.7967200174007|99.6237443988963||||50736.7734375|338.25|36025||||88084c|AIQ3013|3325|X|0|0|8||||132|5|0|0|[]|14:05:36:773
21|2.1|636136525209038696|0|50738.7734375|11.7923855676365|99.6229075496844||||50738.7734375|338.75|36075||||88084c|AIQ3013|3325|X|0|0|8||||132|83|0|0|[]|14:05:38:773
21|2.1|636136525229010693|0|50740.7890625|11.7880511178723|99.6221350734888||||50740.7890625|339|36100||||88084c|AIQ3013|3325|X||0|8||||132|5|0|0|[]|14:05:40:789
21|2.1|636136525258023594|0|50743.671875|11.7816781892586|99.6209334438512||||50743.671875|339.75|36175||||88084c|AIQ3013|3325|X|0|0|8||||132|83|0|0|[]|14:05:43:672
21|2.1|636136525276745466|0|50745.5703125|11.7776226892317|99.6201824253277||||50745.5703125|340|36200||||88084c|AIQ3013|3325|X||0|8||||132|5|0|0|[]|14:05:45:570
21|2.1|636136525306698461|0|50748.53125|11.7711424722575|99.6190022533622||||50748.53125|340.5|36275||||88084c|AIQ3013|3325|X|0|0|8||||132|83|0|0|[]|14:05:48:531
21|2.1|636136525317309522|0|50749.6171875|11.7687821283265|99.6185730999202||||50749.6171875|340.75|36300||||88084c|AIQ3013|3325|X||0|8||||132|5|0|0|[]|14:05:49:617
21|2.1|636136525348352626|0|50752.71875|11.7620015039429|99.6173070972663||||50752.71875|341.25|36325||||88084c|AIQ3013|3325|X|0|0|8||||132|83|0|0|[]|14:05:52:719
21|2.1|636136525358333624|0|50753.7265625|11.7597484483724|99.6168994014964||||50753.7265625|341.5|36350||||88084c|AIQ3013|3325|X|0|0|8||||132|5|0|0|[]|14:05:53:727
21|2.1|636136525397807571|0|50757.65625|11.7512082948766|99.615311533761||||50757.65625|342.25|36450||||88084c|AIQ3013|3325|X|0|0|8||||132|83|0|0|[]|14:05:57:656
21|2.1|636136525406388429|0|50758.5234375|11.7493843927481|99.6149682110074||||50758.5234375|342.5|36475||||88084c|AIQ3013|3325|X|0|0|8||||132|5|0|0|[]|14:05:58:523
21|2.1|636136525448352625|0|50762.7109375|11.7402648821056|99.6132730549115||||50762.7109375|343.25|36550||||88084c|AIQ3013|3325|X|0|0|8||||132|83|0|0|[]|14:06:02:711
21|2.1|636136525458173607|0|50763.703125|11.7380118265351|99.6128868168137||||50763.703125|343.25|36550||||88084c|AIQ3013|3325|X|0|0|8||||132|5|0|0|[]|14:06:03:703
21|2.1|636136525490166806|0|50766.890625|11.7311668291352|99.6115993564877||||50766.890625|344|36650||||88084c|AIQ3013|3325|X|0|0|8||||132|83|0|0|[]|14:06:06:891
21|2.1|636136525499367726|0|50767.828125|11.7291498079578|99.611234576062||||50767.828125|344.25|36650||||88084c|AIQ3013|3325|X|0|0|8||||132|5|0|0|[]|14:06:07:828
21|2.1|636136525538521641|0|50771.7265625|11.7205452814457|99.6096681659987||||50771.7265625|344.75|36700||||88084c|AIQ3013|3325|X|0|0|8||||132|83|0|0|[]|14:06:11:727
21|2.1|636136525586886477|0|50776.5625|11.7101383104772|99.6077369755097||||50776.5625|345.75|36800||||88084c|AIQ3013|3325|X||0|8||||132|83|0|0|[]|14:06:16:563
21|2.1|636136525635251313|0|50781.40625|11.6995596781319|99.6057414120044||||50781.40625|347|36950||||88084c|AIQ3013|3325|X|0|0|8||||132|83|0|0|[]|14:06:21:406
21|2.1|636136525676275415|0|50785.4921875|11.6908049479151|99.6041320865969||||50785.4921875|347.75|37025||||88084c|AIQ3013|3325|X||0|8||||132|83|0|0|[]|14:06:25:492
21|2.1|636136525719799767|0|50789.859375|11.6812562838306|99.6023725574847||||50789.859375|349|37175||||88084c|AIQ3013|3325|X||0|8||||132|83|0|0|[]|14:06:29:859
21|2.1|636136525766284415|0|50794.5078125|11.6713428393204|99.6005486553562||||50794.5078125|350|37250||||88084c|AIQ3013|3325|X||0|8||||132|83|0|0|[]|14:06:34:508
21|2.1|636136525814039190|0|50799.2734375|11.6610216990403|99.5986389225393||||50799.2734375|351|37375||||88084c|AIQ3013|3325|X||0|8||||132|83|0|0|[]|14:06:39:273
21|2.1|636136525855683354|0|50803.421875|11.6520953074467|99.5969866817876||||50803.421875|351.75|37450||||88084c|AIQ3013|3325|X||0|8||||132|83|0|0|[]|14:06:43:422
21|2.1|636136525902017987|0|50808.078125|11.6420102015597|99.5951627796591||||50808.078125|352.75|37550||||88084c|AIQ3013|3325|X||0|8||||132|83|0|0|[]|14:06:48:078
21|2.1|636136525944292214|0|50812.2890625|11.633062352294|99.5934890812353||||50812.2890625|353.5|37625||||88084c|AIQ3013|3325|X||0|8||||132|83|0|0|[]|14:06:52:289
21|2.1|636136525984386223|0|50816.3125|11.6243505374214|99.5918797558278||||50816.3125|354.25|37725||||88084c|AIQ3013|3325|X||0|8||||132|83|0|0|[]|14:06:56:313
21|2.1|636136526027600544|0|50820.6171875|11.6151022807463|99.5901631420598||||50820.6171875|355|37825||||88084c|AIQ3013|3325|X||0|8||||132|83|0|0|[]|14:07:00:617
21|2.1|636136526071594943|0|50825.0234375|11.6056823626944|99.5884036129476||||50825.0234375|355.75|37900||||88084c|AIQ3013|3325|X||0|8||||132|83|0|0|[]|14:07:05:023
21|2.1|636136526115279311|0|50829.3984375|11.5962624446425|99.5866869991796||||50829.3984375|356.25|37925||||88084c|AIQ3013|3325|X|0|0|8||||132|83|0|0|[]|14:07:09:398
21|2.1|636136526164104193|0|50834.2890625|11.5857267276414|99.5847558086906||||50834.2890625|357.25|38050||||88084c|AIQ3013|3325|X||0|8||||132|83|0|0|[]|14:07:14:289
21|2.1|636136526204978280|0|50838.375|11.5769719974246|99.5831035679389||||50838.375|357.75|38100||||88084c|AIQ3013|3325|X|0|0|8||||132|83|0|0|[]|14:07:18:375
21|2.1|636136526254283210|0|50843.296875|11.5664148227514|99.5811294621057||||50843.296875|358.75|38225||||88084c|AIQ3013|3325|X|0|0|8||||132|83|0|0|[]|14:07:23:297
21|2.1|636136526304818263|0|50848.3515625|11.5555786983409|99.5791124409283||||50848.3515625|359.5|38275||||88084c|AIQ3013|3325|X|0|0|8||||132|83|0|0|[]|14:07:28:352
21|2.1|636136526345232304|0|50852.3984375|11.5468668834683|99.5775245731929||||50852.3984375|359.75|38325||||88084c|AIQ3013|3325|X|0|0|8||||132|83|0|0|[]|14:07:32:398
21|2.1|636136526385476328|0|50856.421875|11.5381979839399|99.5759581631296||||50856.421875|360|38350||||88084c|AIQ3013|3325|X|0|0|8||||132|83|0|0|[]|14:07:36:422
21|2.1|636136526425570337|0|50860.4296875|11.5294003383789|99.5743059223779||||50860.4296875|360|38350||||88084c|AIQ3013|3325|X|0|0|8||||132|83|0|0|[]|14:07:40:430
21|2.1|636136526467534533|0|50864.609375|11.5205812351458|99.5726965969704||||50864.609375|360|38350||||88084c|AIQ3013|3325|X|0|0|8||||132|83|0|0|[]|14:07:44:609
21|2.1|636136526507478527|0|50868.625|11.5118908779453|99.5710872715629||||50868.625|360|38350||||88084c|AIQ3013|3325|X|0|0|8||||132|83|0|0|[]|14:07:48:625
21|2.1|636136526550682847|0|50872.9375|11.502599705926|99.5693706577949||||50872.9375|360.25|38375||||88084c|AIQ3013|3325|X|0|0|8||||132|83|0|0|[]|14:07:52:938
21|2.1|636136526595767355|0|50877.4375|11.4929652111531|99.5675896710106||||50877.4375|360.25|38375||||88084c|AIQ3013|3325|X|0|0|8||||132|83|0|0|[]|14:07:57:438
21|2.1|636136526636961474|0|50881.5625|11.4841031925758|99.565958887931||||50881.5625|360|38350||||88084c|AIQ3013|3325|X|0|0|8||||132|83|0|0|[]|14:08:01:563
21|2.1|636136526684846262|0|50886.359375|11.4737605946236|99.5640706127862||||50886.359375|360|38350||||88084c|AIQ3013|3325|X|0|0|8||||132|83|0|0|[]|14:08:06:359
21|2.1|636136526731490926|0|50891.015625|11.4638256924413|99.5622252529856||||50891.015625|360|38350||||88084c|AIQ3013|3325|X|0|0|8||||132|83|0|0|[]|14:08:11:016
21|2.1|636136526773625139|0|50895.2265625|11.4547276394709|99.5605086392176||||50895.2265625|360|38350||||88084c|AIQ3013|3325|X|0|0|8||||132|83|0|0|[]|14:08:15:227
21|2.1|636136526816979474|0|50899.5625|11.4454579251237|99.5588134831217||||50899.5625|360|38350||||88084c|AIQ3013|3325|X|0|0|8||||132|83|0|0|[]|14:08:19:563
21|2.1|636136526860203796|0|50903.8984375|11.4362096684486|99.5571397846979||||50903.8984375|360|38350||||88084c|AIQ3013|3325|X|0|0|8||||132|83|0|0|[]|14:08:23:898
21|2.1|636136526903728148|0|50908.234375|11.426854123413|99.5554017132578||||50908.234375|360|38350||||88084c|AIQ3013|3325|X|0|0|8||||132|83|0|0|[]|14:08:28:234
21|2.1|636136526948812656|0|50912.7421875|11.4171767132959|99.5536207264735||||50912.7421875|360|38350||||88084c|AIQ3013|3325|X|0|0|8||||132|83|0|0|[]|14:08:32:742
21|2.1|636136526992176992|0|50917.09375|11.4078211682603|99.5518826550334||||50917.09375|360|38350||||88084c|AIQ3013|3325|X|0|0|8||||132|83|0|0|[]|14:08:37:094
21|2.1|636136527039291703|0|50921.78125|11.3977146047012|99.5500587529049||||50921.78125|360|38350||||88084c|AIQ3013|3325|X|0|0|8||||132|83|0|0|[]|14:08:41:781
21|2.1|636136527083136087|0|50926.1875|11.3882517713051|99.5482777661206||||50926.1875|360|38350||||88084c|AIQ3013|3325|X|0|0|8||||132|83|0|0|[]|14:08:46:188
21|2.1|636136527123390112|0|50930.21875|11.3795399564325|99.5466898983852||||50930.21875|360|38350||||88084c|AIQ3013|3325|X|0|0|8||||132|83|0|0|[]|14:08:50:219
21|2.1|636136527170494822|0|50934.921875|11.3694333928734|99.5448445385846||||50934.921875|360|38350||||88084c|AIQ3013|3325|X||0|8||||132|83|0|0|[]|14:08:54:922
21|2.1|636136527211518924|0|50939.0234375|11.3605928319682|99.5431922978329||||50939.0234375|359.75|38325||||88084c|AIQ3013|3325|X||0|8||||132|83|0|0|[]|14:08:59:023
21|2.1|636136527251612933|0|50943.0390625|11.3519024747677|99.5416258877696||||50943.0390625|360|38350||||88084c|AIQ3013|3325|X||0|8||||132|83|0|0|[]|14:09:03:039
21|2.1|636136527282346006|0|50946.109375|11.345314969433|99.5404028004599||||50946.109375|360|38350||||88084c|X|X|X|0|0|8||||132|5|0|0|[]|14:09:06:109
21|2.1|636136527292487020|0|50947.125|11.3430189985183|99.53999510469||||50947.125|360|38350||||88084c|AIQ3013|3325|X|0|0|8||||132|83|0|0|[]|14:09:07:125
21|2.1|636136527333521123|0|50951.2265625|11.3342213529573|99.5383428639383||||50951.2265625|360|38350||||88084c|AIQ3013|3325|X|0|0|8||||132|83|0|0|[]|14:09:11:227
21|2.1|636136527344132184|0|50952.296875|11.3319682973868|99.5379566258405||||50952.296875|360|38350||||88084c|AIQ3013|X|X|0|0|8||||132|5|0|0|[]|14:09:12:297
21|2.1|636136527374395210|0|50955.3046875|11.3254666227405|99.5367549962029||||50955.3046875|360|38350||||88084c|AIQ3013|3325|X|0|0|8||||132|83|0|0|[]|14:09:15:305
21|2.1|636136527384846255|0|50956.3671875|11.3231921094979|99.5363258427609||||50956.3671875|360|38350||||88084c|AIQ3013|X|X||0|8||||132|5|0|0|[]|14:09:16:367
21|2.1|636136527417449515|0|50959.6171875|11.3161969083933|99.5350383824349||||50959.6171875|360|38350||||88084c|AIQ3013|3325|X|0|0|8||||132|83|0|0|[]|14:09:19:617
21|2.1|636136527461443914|0|50964.0078125|11.3066697019809|99.5332359379785||||50964.0078125|360|38350||||88084c|AIQ3013|3325|X|0|0|8||||132|83|0|0|[]|14:09:24:008
21|2.1|636136527503248094|0|50968.1953125|11.2977218527152|99.5316051548989||||50968.1953125|360|38350||||88084c|AIQ3013|3325|X|0|0|8||||132|83|0|0|[]|14:09:28:195
21|2.1|636136527547102479|0|50972.578125|11.2883233923354|99.5298885411309||||50972.578125|360|38350||||88084c|AIQ3013|3325|X|0|0|8||||132|83|0|0|[]|14:09:32:578
21|2.1|636136527587186487|0|50976.5859375|11.279654492807|99.5282792157234||||50976.5859375|360|38350||||88084c|AIQ3013|3325|X|0|0|8||||132|83|0|0|[]|14:09:36:586
21|2.1|636136527629620730|0|50980.828125|11.2705564398366|99.5265626019554||||50980.828125|360|38350||||88084c|AIQ3013|3325|X|0|0|8||||132|83|0|0|[]|14:09:40:828
21|2.1|636136527674395207|0|50985.3203125|11.2609004873916|99.5248245305153||||50985.3203125|360|38350||||88084c|AIQ3013|3325|X|0|0|8||||132|83|0|0|[]|14:09:45:320
21|2.1|636136527715109278|0|50989.375|11.252188672519|99.5232152051078||||50989.375|360|38350||||88084c|AIQ3013|3325|X|0|0|8||||132|83|0|0|[]|14:09:49:375
21|2.1|636136527755513318|0|50993.4296875|11.243391026958|99.5215844220282||||50993.4296875|360|38350||||88084c|AIQ3013|3325|X|0|0|8||||132|83|0|0|[]|14:09:53:430
21|2.1|636136527800287795|0|50997.8984375|11.2338852782177|99.5198463505881||||50997.8984375|360|38350||||88084c|AIQ3013|3325|X|0|0|8||||132|83|0|0|[]|14:09:57:898
21|2.1|636136527833371103|0|51001.2265625|11.2266755003921|99.51853743259||||51001.2265625|360|||||88084c|AIQ3013|X|X||0|8||||132|5|0|0|[]|14:10:01:227
21|2.1|636136527844122178|0|51002.28125|11.2244439024937|99.518108279148||||51002.28125|360|38350||||88084c|AIQ3013|3325|X|0|0|8||||132|83|0|0|[]|14:10:02:281
21|2.1|636136527873925158|0|51005.28125|11.2180924315521|99.5169495648546||||51005.28125|360|38350||||88084c|AIQ3013|3325|X|0|0|8||||132|5|0|0|[]|14:10:05:281
21|2.1|636136527884846250|0|51006.359375|11.2157750029653|99.5165633267568||||51006.359375|360|38350||||88084c|AIQ3013|3325|X|0|0|8||||132|83|0|0|[]|14:10:06:359
21|2.1|636136527915269292|0|51009.4140625|11.2092304129748|99.5153616971192||||51009.4140625|360|38350||||88084c|AIQ3013|3325|X|0|0|8||||132|5|0|0|[]|14:10:09:414
21|2.1|636136527929770742|0|51010.84375|11.2061405081924|99.5147823399725||||51010.84375|360|38350||||88084c|AIQ3013|3325|X|0|0|8||||132|83|0|0|[]|14:10:10:844
21|2.1|636136527974385203|0|51015.3125|11.1965274710916|99.5130228108603||||51015.3125|360|38350||||88084c|AIQ3013|3325|X|0|0|8||||132|83|0|0|[]|14:10:15:313
21|2.1|636136527984066171|0|51016.296875|11.19446753457|99.5126151150904||||51016.296875|360|38350||||88084c|AIQ3013|3325|X|0|0|8||||132|5|0|0|[]|14:10:16:297
21|2.1|636136528014949259|0|51019.3671875|11.1878800292353|99.5114134854528||||51019.3671875|360|38350||||88084c|AIQ3013|3325|X|0|0|8||||132|83|0|0|[]|14:10:19:367
21|2.1|636136528056143378|0|51023.484375|11.1790609260022|99.5098256177174||||51023.484375|360|38350||||88084c|AIQ3013|3325|X|0|0|8||||132|83|0|0|[]|14:10:23:484
21|2.1|636136528100127776|0|51027.8828125|11.1695980926061|99.5080875462773||||51027.8828125|360|38350||||88084c|AIQ3013|3325|X|0|0|8||||132|83|0|0|[]|14:10:27:883
21|2.1|636136528143512114|0|51032.2265625|11.1603712936031|99.5063494748372||||51032.2265625|360|38350||||88084c|AIQ3013|3325|X|0|0|8||||132|83|0|0|[]|14:10:32:227
21|2.1|636136528186096372|0|51036.4765625|11.1512517829606|99.5046972340855||||51036.4765625|359.75|38325||||88084c|AIQ3013|3325|X|0|0|8||||132|83|0|0|[]|14:10:36:477
21|2.1|636136528227120474|0|51040.578125|11.1424112220554|99.503087908678||||51040.578125|360|38350||||88084c|AIQ3013|3325|X|0|0|8||||132|83|0|0|[]|14:10:40:578
21|2.1|636136528270804842|0|51044.9453125|11.1332273383966|99.50137129491||||51044.9453125|359.75|38325||||88084c|AIQ3013|3325|X|0|0|8||||132|83|0|0|[]|14:10:44:945
21|2.1|636136528312449006|0|51049.1171875|11.1242151161146|99.4997190541583||||51049.1171875|359.75|38325||||88084c|AIQ3013|3325|X|0|0|8||||132|83|0|0|[]|14:10:49:117
21|2.1|636136528356293390|0|51053.5|11.114859571079|99.4979595250461||||51053.5|359.75|38325||||88084c|AIQ3013|3325|X|0|0|8||||132|83|0|0|[]|14:10:53:500
21|2.1|636136528401837944|0|51058.046875|11.1051821609619|99.4961785382618||||51058.046875|359.75|38325||||88084c|AIQ3013|3325|X|0|0|8||||132|83|0|0|[]|14:10:58:047
21|2.1|636136528444432203|0|51062.3203125|11.0959982773031|99.494504839838||||51062.3203125|360|38350||||88084c|AIQ3013|3325|X|0|0|8||||132|83|0|0|[]|14:11:02:320
21|2.1|636136528484526212|0|51066.328125|11.0875010391515|99.4928955144305||||51066.328125|360|38350||||88084c|AIQ3013|3325|X|0|0|8||||132|83|0|0|[]|14:11:06:328
21|2.1|636136528489676727|0|51066.859375|11.0863637825302|99.4927238530537||||51066.859375|360|38350||||88084c|AIQ3013|3325|X||0|8||||132|5|0|0|[]|14:11:06:859
