21|2.1|636136510310218963|0|49248.9140625|10.0716304689212|99.3038105078853||||49248.9140625|359.75|38350||||884208|BKP279|X|X|0|0|7||||132|83|0|0|[]|13:40:48:914
21|2.1|636136510345322473|0|49252.4296875|10.0640344529978|99.3024372168709||||49252.4296875|359.75|38350||||884208|BKP279|X|X||0|7||||132|51|0|0|[]|13:40:52:430
21|2.1|636136510356083549|0|49253.4921875|10.0618243127715|99.302029521101||||49253.4921875|359.75|38350||||884208|BKP279|X|X|0|0|7||||132|83|0|0|[]|13:40:53:492
21|2.1|636136510396027543|0|49257.4921875|10.0543141275365|99.3006776877587||||49257.4921875|359.75|38350||||884208|BKP279|X|X||0|7||||132|83|0|0|[]|13:40:57:492
21|2.1|636136510405698510|0|49258.484375|10.0521254449823|99.3002914496609||||49258.484375|359.75|38350||||884208|BKP279|X|X||0|7||||132|5|0|0|[]|13:40:58:484
21|2.1|636136510439081848|0|49261.796875|10.0439715295843|99.2987894126139||||49261.796875|359.75|38350||||884208|BKP279|X|X|0|0|7||||132|83|0|0|[]|13:41:01:797
21|2.1|636136510449062846|0|49262.8125|10.0415897279812|99.298381716844||||49262.8125|359.75|38350||||884208|BKP279|X|X|0|0|7||||132|5|0|0|[]|13:41:02:813
21|2.1|636136510480115951|0|49265.8984375|10.0350451379907|99.2971371718622||||49265.8984375|359.75|38350||||884208|BKP279|X|X|0|0|7||||132|83|0|0|[]|13:41:05:898
21|2.1|636136510491187058|0|49267.0234375|10.0324916750108|99.2967080184202||||49267.0234375|359.75|38350||||884208|BKP279|X|X|0|0|7||||132|5|0|0|[]|13:41:07:023
21|2.1|636136510524260365|0|49270.3125|10.0253462702015|99.2954205580942||||49270.3125|359.75|38350||||884208|BKP279|X|X|0|0|7||||132|83|0|0|[]|13:41:10:313
21|2.1|636136510533931332|0|49271.296875|10.0234150797125|99.2950772353406||||49271.296875|359.75|38350||||884208|BKP279|X|X|0|0|7||||132|5|0|0|[]|13:41:11:297
21|2.1|636136510564354374|0|49274.328125|10.0177073389339|99.2940472670798||||49274.328125|359.75|38350||||884208|BKP279|X|X|0|0|7||||132|83|0|0|[]|13:41:14:328
21|2.1|636136510574035342|0|49275.3125|10.0144028574305|99.293446452261||||49275.3125|359.75|38350||||884208|BKP279|X|X|0|0|7||||132|5|0|0|[]|13:41:15:313
21|2.1|636136510615689507|0|49279.484375|10.0056695848858|99.2918800421977||||49279.484375|359.75|38350||||884208|BKP279|X|X|0|0|7||||132|5|0|0|[]|13:41:19:484
21|2.1|636136510620509989|0|49279.9375|10.0045967012808|99.2916869231488||||49279.9375|359.75|38350||||884208|BKP279|X|X|0|0|7||||132|83|0|0|[]|13:41:19:938
21|2.1|636136510656393577|0|49283.546875|9.9968075663085|99.2902707167902||||49283.546875|359.75|38350||||884208|BKP279|X|X|0|0|7||||132|5|0|0|[]|13:41:23:547
21|2.1|636136510662324170|0|49284.1328125|9.9955201059825|99.2900346823971||||49284.1328125|359.75|38350||||884208|BKP279|X|X|0|0|7||||132|83|0|0|[]|13:41:24:133
21|2.1|636136510699927930|0|49287.90625|9.9871730715356|99.2884253569896||||49287.90625|359.75|38350||||884208|BKP279|X|X|0|0|7||||132|5|0|0|[]|13:41:27:906
21|2.1|636136510704448382|0|49288.3359375|9.9863362223237|99.2883180686291||||49288.3359375|359.75|38350||||884208|BKP279|X|X|0|0|7||||132|83|0|0|[]|13:41:28:336
21|2.1|636136510743762313|0|49292.2890625|9.9776458651232|99.28679457391||||49292.2890625|359.75|38350||||884208|BKP279|X|X|0|0|7||||132|5|0|0|[]|13:41:32:289
21|2.1|636136510754213358|0|49293.3203125|9.9755430132574|99.2864297934843||||49293.3203125|359.75|38350||||884208|BKP279|X|X||0|7||||132|83|0|0|[]|13:41:33:320
21|2.1|636136510794617398|0|49297.3515625|9.966874113729|99.284863383421||||49297.3515625|359.75|38350||||884208|BKP279|X|X||0|7||||132|83|0|0|[]|13:41:37:352
21|2.1|636136510838761812|0|49301.765625|9.9573469073166|99.2831682273251||||49301.765625|359.75|38350||||884208|BKP279|X|X||0|7||||132|83|0|0|[]|13:41:41:766
21|2.1|636136510882606196|0|49306.15625|9.9489140421813|99.2816018172618||||49306.15625|359.75|38350||||884208|BKP279|X|X||0|7||||132|83|0|0|[]|13:41:46:156
21|2.1|636136510925970532|0|49310.4765625|9.9385929019012|99.2797779151333||||49310.4765625|359.75|38350||||884208|BKP279|X|X||0|7||||132|83|0|0|[]|13:41:50:477
21|2.1|636136510948592794|0|49312.7578125|9.9336361796461|99.278855235233||||49312.7578125|359.75|38350||||884208|BKP279|X|X||0|7||||132|51|0|0|[]|13:41:52:758
21|2.1|636136510952653200|0|49313.1796875|9.9327134997458|99.2787050315283||||49313.1796875|359.75|38350||||884208|BKP279|X|X||0|7||||132|5|0|0|[]|13:41:53:180
21|2.1|636136510969964931|0|49314.8828125|9.9290227801446|99.2780398436932||||49314.8828125|359.75|38350||||884208|BKP279|X|X||0|7||||132|83|0|0|[]|13:41:54:883
21|2.1|636136511011309065|0|49319.015625|9.9200105578626|99.2764090606136||||49319.015625|359.75|38350||||884208|BKP279|X|X||0|7||||132|83|0|0|[]|13:41:59:016
21|2.1|636136511053893323|0|49323.2734375|9.9109125048922|99.274778277534||||49323.2734375|359.75|38350||||884208|BKP279|X|X||0|7||||132|83|0|0|[]|13:42:03:273
21|2.1|636136511097897723|0|49327.671875|9.901428213824|99.273061663766||||49327.671875|359.75|38375||||884208|BKP279|X|X||0|7||||132|83|0|0|[]|13:42:07:672
21|2.1|636136511141262059|0|49332.015625|9.8919439227558|99.271345049998||||49332.015625|359.5|38350||||884208|BKP279|X|X||0|7||||132|83|0|0|[]|13:42:12:016
21|2.1|636136511182606193|0|49336.1484375|9.8829960734901|99.2697571822626||||49336.1484375|359|38300||||884208|BKP279|X|X||0|7||||132|83|0|0|[]|13:42:16:148
21|2.1|636136511226130545|0|49340.5078125|9.8731255443241|99.2679547378062||||49340.5078125|358.25|38225||||884208|BKP279|X|X|0|0|7||||132|83|0|0|[]|13:42:20:508
21|2.1|636136511266224554|0|49344.515625|9.8649287135819|99.2664956161034||||49344.515625|357.75|38175||||884208|BKP279|X|X||0|7||||132|83|0|0|[]|13:42:24:516
21|2.1|636136511309588890|0|49348.84375|9.8555517108742|99.2648219176796||||49348.84375|357|38075||||884208|BKP279|X|X||0|7||||132|83|0|0|[]|13:42:28:844
21|2.1|636136511352663197|0|49353.1484375|9.8463034541991|99.2631267615837||||49353.1484375|356.25|38000||||884208|BKP279|X|X||0|7||||132|83|0|0|[]|13:42:33:148
21|2.1|636136511393517282|0|49357.234375|9.8374414356218|99.2615174361762||||49357.234375|355.75|37950||||884208|BKP279|X|X||0|7||||132|83|0|0|[]|13:42:37:234
21|2.1|636136511436271557|0|49361.515625|9.8281073482583|99.2598222800803||||49361.515625|355|37875||||884208|BKP279|X|X||0|7||||132|83|0|0|[]|13:42:41:516
21|2.1|636136511479635893|0|49365.859375|9.8189020069274|99.2581700393286||||49365.859375|354.5|37825||||884208|BKP279|X|X||0|7||||132|83|0|0|[]|13:42:45:859
21|2.1|636136511488056735|0|49366.671875|9.8172497661757|99.2578481742471||||49366.671875|354.25|37800||||884208|X|X|X||0|7||||132|51|0|0|[]|13:42:46:672
21|2.1|636136511519729902|0|49369.859375|9.8117995174623|99.2568611213305||||49369.859375|353.75|37750||||884208|BKP279|X|X|0|0|7||||132|83|0|0|[]|13:42:49:859
21|2.1|636136511560293958|0|49373.9140625|9.8013496311496|99.2549943038578||||49373.9140625|353|37650||||884208|BKP279|X|X|0|0|7||||132|83|0|0|[]|13:42:53:914
21|2.1|636136511584626391|0|49376.375|9.7961783321735|99.2540501662854||||49376.375|352.5|37600||||884208|BKP279|X|X||0|7||||132|5|0|0|[]|13:42:56:375
21|2.1|636136511605558484|0|49378.4453125|9.7915220173278|99.2531918594014||||49378.4453125|351.75|37525||||884208|BKP279|X|X|0|0|7||||132|83|0|0|[]|13:42:58:445
21|2.1|636136511625350463|0|49380.4375|9.7871661098915|99.2524408408779||||49380.4375|351.25|37500||||884208|BKP279|X|X||0|7||||132|5|0|0|[]|13:43:00:438
21|2.1|636136511648122740|0|49382.703125|9.7824454220295|99.2515610763218||||49382.703125|350.25|37375||||884208|BKP279|X|X|0|0|7||||132|83|0|0|[]|13:43:02:703
21|2.1|636136511672925220|0|49385.1953125|9.7769522579719|99.2505740234052||||49385.1953125|349.5|37300||||884208|BKP279|X|X|0|0|7||||132|5|0|0|[]|13:43:05:195
21|2.1|636136511688526780|0|49386.7421875|9.7739267262058|99.2500161239306||||49386.7421875|349|37250||||884208|BKP279|X|X|0|0|7||||132|83|0|0|[]|13:43:06:742
21|2.1|636136511708648792|0|49388.765625|9.7688841732623|99.2491149017024||||49388.765625|348.25|37200||||884208|BKP279|X|X||0|7||||132|51|0|0|[]|13:43:08:766
21|2.1|636136511714419369|0|49389.3515625|9.7677254589689|99.2489217826535||||49389.3515625|348|37150||||884208|BKP279|X|X|0|0|7||||132|5|0|0|[]|13:43:09:352
21|2.1|636136511729560883|0|49390.84375|9.7645497234981|99.2483424255068||||49390.84375|347.5|37100||||884208|BKP279|X|X|0|0|7||||132|83|0|0|[]|13:43:10:844
21|2.1|636136511755153442|0|49393.4296875|9.7587990673753|99.2472695419018||||49393.4296875|346.25|36975||||884208|BKP279|X|X|0|0|7||||132|5|0|0|[]|13:43:13:430
21|2.1|636136511770124939|0|49394.8984375|9.7555375012161|99.2466901847551||||49394.8984375|345.75|36925||||884208|BKP279|X|X|0|0|7||||132|83|0|0|[]|13:43:14:898
21|2.1|636136511800227949|0|49397.9296875|9.7489714535535|99.2455100127896||||49397.9296875|344.25|36775||||884208|BKP279|X|X|0|0|7||||132|5|0|0|[]|13:43:17:930
21|2.1|636136511810999026|0|49398.984375|9.7468256863435|99.2451452323639||||49398.984375|344|36750||||884208|BKP279|X|X|0|0|7||||132|83|0|0|[]|13:43:18:984
21|2.1|636136511849222848|0|49402.828125|9.7386932286176|99.2436861106611||||49402.828125|342|36600||||884208|BKP279|X|X|0|0|7||||132|5|0|0|[]|13:43:22:828
21|2.1|636136511853733299|0|49403.25|9.7373628529474|99.2434071609238||||49403.25|341.75|36500||||884208|BKP279|X|X|0|0|7||||132|83|0|0|[]|13:43:23:250
21|2.1|636136511897107636|0|49407.6015625|9.7279643925676|99.2417763778442||||49407.6015625|339.5|36250||||884208|BKP279|X|X|0|0|7||||132|83|0|0|[]|13:43:27:602
21|2.1|636136511916139539|0|49409.53125|9.7235011967708|99.2409609863044||||49409.53125|338.5|36150||||884208|BKP279|X|X||0|7||||132|5|0|0|[]|13:43:29:531
21|2.1|636136511937831708|0|49411.671875|9.7190165433019|99.2401455947646||||49411.671875|337.5|36050||||884208|BKP279|X|X|0|0|7||||132|83|0|0|[]|13:43:31:672
21|2.1|636136511981196044|0|49416.0078125|9.7092533024964|99.2384289809966||||49416.0078125|335.25|35825||||884208|BKP279|X|X|0|0|7||||132|83|0|0|[]|13:43:36:008
21|2.1|636136512001788103|0|49418.078125|9.7060131940093|99.2378281661778||||49418.078125|334|35725||||884208|BKP279|X|X||0|7||||132|51|0|0|[]|13:43:38:078
21|2.1|636136512021910115|0|49420.078125|9.7002839955586|99.2368411132612||||49420.078125|333|35575||||884208|BKP279|X|X|0|0|7||||132|83|0|0|[]|13:43:40:078
21|2.1|636136512045782502|0|49422.46875|9.6953058156314|99.2359613487051||||49422.46875|331.75|35450||||884208|BKP279|X|X|0|0|7||||132|51|0|0|[]|13:43:42:469
21|2.1|636136512065434467|0|49424.4375|9.6909069928509|99.2351674148374||||49424.4375|330.75|35350||||884208|BKP279|X|X|0|0|7||||132|83|0|0|[]|13:43:44:438
21|2.1|636136512089776901|0|49426.875|9.6855854901701|99.2342018195929||||49426.875|329.5|35200||||884208|BKP279|X|X|0|0|7||||132|51|0|0|[]|13:43:46:875
21|2.1|636136512106778601|0|49428.5703125|9.6818518552247|99.2335366317578||||49428.5703125|328.5|35100||||884208|BKP279|X|X|0|0|7||||132|83|0|0|[]|13:43:48:570
21|2.1|636136512131271050|0|49431.03125|9.6764445218555|99.2325710365133||||49431.03125|327.25|34975||||884208|BKP279|X|X|0|0|7||||132|51|0|0|[]|13:43:51:031
21|2.1|636136512150002923|0|49432.8828125|9.6724104795007|99.231862933334||||49432.8828125|326.25|34850||||884208|BKP279|X|X|0|0|7||||132|83|0|0|[]|13:43:52:883
21|2.1|636136512190086931|0|49436.890625|9.6634840879071|99.2302321502544||||49436.890625|324|34625||||884208|BKP279|X|X|0|0|7||||132|51|0|0|[]|13:43:56:891
21|2.1|636136512190096932|0|49436.890625|9.6634840879071|99.2302321502544||||49436.890625|324|34625||||884208|BKP279|X|X|0|0|7||||132|83|0|0|[]|13:43:56:891
21|2.1|636136512234231345|0|49441.3125|9.6537208471016|99.2285155364864||||49441.3125|321.75|34375||||884208|BKP279|X|X|0|0|7||||132|83|0|0|[]|13:44:01:313
21|2.1|636136512244842406|0|49442.3828125|9.6515321645474|99.2280863830444||||49442.3828125|321|34325||||884208|BKP279|X|X||0|7||||132|51|0|0|[]|13:44:02:383
21|2.1|636136512278385760|0|49445.71875|9.6440863523287|99.2267560073742||||49445.71875|319.25|34100||||884208|BKP279|X|X|0|0|7||||132|83|0|0|[]|13:44:05:719
21|2.1|636136512289306852|0|49446.828125|9.6417474660698|99.2263697692764||||49446.828125|318.75|34050||||884208|BKP279|X|X||0|7||||132|51|0|0|[]|13:44:06:828
21|2.1|636136512318789800|0|49449.7734375|9.6366834554542|99.2254470893761||||49449.7734375|317.25|33900||||884208|BKP279|X|X|0|0|7||||132|83|0|0|[]|13:44:09:773
21|2.1|636136512329550876|0|49450.859375|9.6333575162787|99.2248462745573||||49450.859375|316.75|33850||||884208|BKP279|X|X|0|0|7||||132|51|0|0|[]|13:44:10:859
21|2.1|636136512360753996|0|49453.96875|9.626126280781|99.2235802719034||||49453.96875|315.25|33675||||884208|BKP279|X|X|0|0|7||||132|83|0|0|[]|13:44:13:969
21|2.1|636136512370114932|0|49454.90625|9.6242165479641|99.2232154914777||||49454.90625|314.75|33650||||884208|BKP279|X|X||0|7||||132|51|0|0|[]|13:44:14:906
21|2.1|636136512402098130|0|49458.1015625|9.617114058499|99.2219494888238||||49458.1015625|312.75|33425||||884208|BKP279|X|X|0|0|7||||132|83|0|0|[]|13:44:18:102
21|2.1|636136512431591079|0|49461.046875|9.6105265531643|99.2207907745304||||49461.046875|311|33275||||884208|BKP279|X|X||0|7||||132|51|0|0|[]|13:44:21:047
21|2.1|636136512446712591|0|49462.5703125|9.6072649870051|99.2201899597116||||49462.5703125|310.25|33150||||884208|BKP279|X|X|0|0|7||||132|83|0|0|[]|13:44:22:570
21|2.1|636136512473085228|0|49465.203125|9.6014928732102|99.2191385337787||||49465.203125|308.75|32975||||884208|BKP279|X|X||0|7||||132|51|0|0|[]|13:44:25:203
21|2.1|636136512488206740|0|49466.703125|9.5987462911814|99.2186450073204||||49466.703125|308|32900||||884208|BKP279|X|X|0|0|7||||132|83|0|0|[]|13:44:26:703
21|2.1|636136512531891108|0|49471.0703125|9.5886826429665|99.2168211051919||||49471.0703125|305.75|32650||||884208|BKP279|X|X|0|0|7||||132|83|0|0|[]|13:44:31:070
21|2.1|636136512537661685|0|49471.671875|9.5872664366079|99.2166065284709||||49471.671875|305.5|32675||||884208|BKP279|X|X|0|0|7||||132|51|0|0|[]|13:44:31:672
21|2.1|636136512576195538|0|49475.5|9.5789837751773|99.2151044914239||||49475.5|303.75|32450||||884208|BKP279|X|X|0|0|7||||132|83|0|0|[]|13:44:35:500
21|2.1|636136512621750093|0|49480.0546875|9.5688128386019|99.2133020469675||||49480.0546875|302|32250||||884208|BKP279|X|X|0|0|7||||132|83|0|0|[]|13:44:40:055
21|2.1|636136512664344352|0|49484.3203125|9.5592212591732|99.2115639755274||||49484.3203125|300.25|32075||||884208|BKP279|X|X|0|0|7||||132|83|0|0|[]|13:44:44:320
21|2.1|636136512706628580|0|49488.5546875|9.5504236136122|99.2099975654641||||49488.5546875|298.5|31875||||884208|BKP279|X|X|0|0|7||||132|83|0|0|[]|13:44:48:555
21|2.1|636136512750772994|0|49492.96875|9.5408320341835|99.2083024093682||||49492.96875|296.75|31675||||884208|BKP279|X|X|0|0|7||||132|83|0|0|[]|13:44:52:969
21|2.1|636136512794607377|0|49497.34375|9.5313477431153|99.2065857956002||||49497.34375|294.75|31475||||884208|BKP279|X|X|0|0|7||||132|83|0|0|[]|13:44:57:344
21|2.1|636136512834541370|0|49501.3515625|9.5227217589311|99.2050837585532||||49501.3515625|293.25|31325||||884208|BKP279|X|X|0|0|7||||132|83|0|0|[]|13:45:01:352
21|2.1|636136512869024818|0|49504.8046875|9.5152974043845|99.203753382883||||49504.8046875|292|31325||||884208|BKP279|X|X||0|7||||132|51|0|0|[]|13:45:04:805
21|2.1|636136512878845800|0|49505.78125|9.5132803832071|99.2034100601294||||49505.78125|291.5|31125||||884208|BKP279|X|X|0|0|7||||132|83|0|0|[]|13:45:05:781
21|2.1|636136512922840199|0|49510.15625|9.5038819228273|99.2017149040335||||49510.15625|290|30950||||884208|BKP279|X|X|0|0|7||||132|83|0|0|[]|13:45:10:156
21|2.1|636136512928460761|0|49510.75|9.5027017508618|99.2015217849846||||49510.75|289.75|30950||||884208|BKP279|X|X||0|7||||132|51|0|0|[]|13:45:10:750
21|2.1|636136512964504365|0|49514.34375|9.4960069571666|99.2003416130191||||49514.34375|288.25|30825||||884208|BKP279|X|X|0|0|7||||132|83|0|0|[]|13:45:14:344
21|2.1|636136512979005815|0|49515.7890625|9.4917154227466|99.1995905944956||||49515.7890625|287.75|30700||||884208|BKP279|X|X||0|7||||132|51|0|0|[]|13:45:15:789
21|2.1|636136513005838498|0|49518.4765625|9.4862866317053|99.1985820839069||||49518.4765625|286.75|30600||||884208|BKP279|X|X|0|0|7||||132|83|0|0|[]|13:45:18:477
21|2.1|636136513020809995|0|49519.9765625|9.4830679808903|99.1980241844323||||49519.9765625|286|30525||||884208|BKP279|X|X|0|0|7||||132|51|0|0|[]|13:45:19:977
21|2.1|636136513050452959|0|49522.9375|9.4765877639161|99.196886927811||||49522.9375|284.75|30375||||884208|BKP279|X|X|0|0|7||||132|83|0|0|[]|13:45:22:938
21|2.1|636136513066214535|0|49524.515625|9.4731974517243|99.1962646553201||||49524.515625|284.25|30325||||884208|BKP279|X|X|0|0|7||||132|51|0|0|[]|13:45:24:516
21|2.1|636136513093687282|0|49527.25|9.4676613723225|99.1952776024035||||49527.25|283.25|30225||||884208|BKP279|X|X|0|0|7||||132|83|0|0|[]|13:45:27:250
21|2.1|636136513109268840|0|49528.8203125|9.4640779410818|99.1946338722405||||49528.8203125|282.5|30150||||884208|BKP279|X|X|0|0|7||||132|51|0|0|[]|13:45:28:820
21|2.1|636136513135011414|0|49531.390625|9.4587135230568|99.1937111923402||||49531.390625|281.5|30025||||884208|BKP279|X|X|0|0|7||||132|83|0|0|[]|13:45:31:391
21|2.1|636136513154983411|0|49533.375|9.4545292769973|99.1929601738167||||49533.375|280.75|29950||||884208|BKP279|X|X|0|0|7||||132|51|0|0|[]|13:45:33:375
21|2.1|636136513179635876|0|49535.859375|9.4492936050049|99.1920160362443||||49535.859375|279.75|29850||||884208|BKP279|X|X|0|0|7||||132|83|0|0|[]|13:45:35:859
21|2.1|636136513195847497|0|49537.4765625|9.4458603774689|99.1914152214255||||49537.4765625|279|29775||||884208|BKP279|X|X|0|0|7||||132|51|0|0|[]|13:45:37:477
21|2.1|636136513220669979|0|49539.953125|9.4406461631486|99.1904925415252||||49539.953125|278.25|29675||||884208|BKP279|X|X|0|0|7||||132|83|0|0|[]|13:45:39:953
21|2.1|636136513235941506|0|49541.484375|9.4374489700057|99.1898702690343||||49541.484375|277.5|29600||||884208|BKP279|X|X|0|0|7||||132|51|0|0|[]|13:45:41:484
21|2.1|636136513261534065|0|49544.0390625|9.4318914329318|99.1889046737898||||49544.0390625|276.5|29475||||884208|BKP279|X|X|0|0|7||||132|83|0|0|[]|13:45:44:039
21|2.1|636136513281026014|0|49546|9.4297242080497|99.1884969780199||||49546|275.75|29450||||884208|BKP279|X|X|0|0|7||||132|51|0|0|[]|13:45:46:000
21|2.1|636136513303498261|0|49548.2421875|9.4228362953056|99.1872738907102||||49548.2421875|274.75|29325||||884208|BKP279|X|X|0|0|7||||132|83|0|0|[]|13:45:48:242
21|2.1|636136513323620273|0|49550.265625|9.4189524566555|99.1865657875309||||49550.265625|274|29250||||884208|BKP279|X|X|0|0|7||||132|51|0|0|[]|13:45:50:266
21|2.1|636136513347642675|0|49552.6484375|9.413909903712|99.1856860229748||||49552.6484375|273.25|29150||||884208|BKP279|X|X|0|0|7||||132|83|0|0|[]|13:45:52:648
21|2.1|636136513370114922|0|49554.90625|9.4090390121453|99.1848062584187||||49554.90625|272.25|29025||||884208|BKP279|X|X|0|0|7||||132|51|0|0|[]|13:45:54:906
21|2.1|636136513389606871|0|49556.859375|9.4049835121184|99.1840981552394||||49556.859375|271.5|28950||||884208|BKP279|X|X|0|0|7||||132|83|0|0|[]|13:45:56:859
21|2.1|636136513419249835|0|49559.8125|9.3987607872094|99.182939440946||||49559.8125|270.25|28825||||884208|BKP279|X|X|0|0|7||||132|51|0|0|[]|13:45:59:813
21|2.1|636136513431891099|0|49561.078125|9.3962502395737|99.1825317451761||||49561.078125|270|28800||||884208|BKP279|X|X|0|0|7||||132|83|0|0|[]|13:46:01:078
21|2.1|636136513461834093|0|49564.078125|9.3897485649274|99.1813515732106||||49564.078125|268.75|28650||||884208|BKP279|X|X|0|0|7||||132|51|0|0|[]|13:46:04:078
21|2.1|636136513473385248|0|49565.2265625|9.3874525940127|99.1809438774407||||49565.2265625|268.25|28600||||884208|BKP279|X|X|0|0|7||||132|83|0|0|[]|13:46:05:227
21|2.1|636136513506618571|0|49568.546875|9.3806075966128|99.1796993324589||||49568.546875|267|28450||||884208|BKP279|X|X|0|0|7||||132|51|0|0|[]|13:46:08:547
21|2.1|636136513517069616|0|49569.5859375|9.3784189140586|99.1793130943611||||49569.5859375|266.5|28400||||884208|BKP279|X|X|0|0|7||||132|83|0|0|[]|13:46:09:586
21|2.1|636136513550292938|0|49572.921875|9.3713807976098|99.1780900070514||||49572.921875|265.25|28275||||884208|BKP279|X|X|0|0|7||||132|51|0|0|[]|13:46:12:922
21|2.1|636136513559033812|0|49573.796875|9.369707099186|99.1777466842978||||49573.796875|264.75|28225||||884208|BKP279|X|X|0|0|7||||132|83|0|0|[]|13:46:13:797
21|2.1|636136513592727181|0|49577.171875|9.362626067393|99.1764806816439||||49577.171875|263.5|28100||||884208|BKP279|X|X|0|0|7||||132|51|0|0|[]|13:46:17:172
21|2.1|636136513601938102|0|49578.0859375|9.3618106758532|99.1763304779392||||49578.0859375|263|28075||||884208|BKP279|X|X|0|0|7||||132|83|0|0|[]|13:46:18:086
21|2.1|636136513635321440|0|49581.4375|9.3537211334715|99.1748928139085||||49581.4375|261.75|27900||||884208|BKP279|X|X|0|0|7||||132|51|0|0|[]|13:46:21:438
21|2.1|636136513643742282|0|49582.265625|9.3520688927198|99.1746138641712||||49582.265625|261.5|27850||||884208|BKP279|X|X|0|0|7||||132|83|0|0|[]|13:46:22:266
21|2.1|636136513678995807|0|49585.796875|9.3447518265337|99.1733049461731||||49585.796875|260|27700||||884208|BKP279|X|X|0|0|7||||132|51|0|0|[]|13:46:25:797
21|2.1|636136513692417149|0|49587.140625|9.3419194138165|99.1727685043706||||49587.140625|259.5|27650||||884208|BKP279|X|X||0|7||||132|83|0|0|[]|13:46:27:141
21|2.1|636136513721120019|0|49590.0078125|9.3360614693332|99.1717385361098||||49590.0078125|258.25|27500||||884208|BKP279|X|X|0|0|7||||132|51|0|0|[]|13:46:30:008
21|2.1|636136513736261533|0|49591.515625|9.3327355301577|99.1711162636189||||49591.515625|257.75|27450||||884208|BKP279|X|X||0|7||||132|83|0|0|[]|13:46:31:516
21|2.1|636136513766514558|0|49594.546875|9.3275856888537|99.1702150413907||||49594.546875|256.5|27375||||884208|BKP279|X|X|0|0|7||||132|51|0|0|[]|13:46:34:547
21|2.1|636136513779935900|0|49595.8828125|9.3235516464989|99.1694854805393||||49595.8828125|256|27250||||884208|BKP279|X|X|0|0|7||||132|83|0|0|[]|13:46:35:883
21|2.1|636136513822680174|0|49600.15625|9.3150114930031|99.1679405281481||||49600.15625|254.25|27100||||884208|BKP279|X|X|0|0|7||||132|83|0|0|[]|13:46:40:156
21|2.1|636136513866514557|0|49604.5078125|9.3060636437374|99.1663741180848||||49604.5078125|252.5|26900||||884208|BKP279|X|X|0|0|7||||132|83|0|0|[]|13:46:44:508
21|2.1|636136513906768582|0|49608.546875|9.29760932093|99.1648291656936||||49608.546875|250.75|26725||||884208|BKP279|X|X||0|7||||132|83|0|0|[]|13:46:48:547
21|2.1|636136513945612466|0|49612.4609375|9.2892622864831|99.1633485863187||||49612.4609375|249.25|26600||||884208|BKP279|X|X||0|7||||132|51|0|0|[]|13:46:52:461
21|2.1|636136513950452950|0|49612.921875|9.2884254372712|99.1631554672698||||49612.921875|249|26525||||884208|BKP279|X|X||0|7||||132|83|0|0|[]|13:46:52:922
21|2.1|636136513991317036|0|49617.015625|9.2800998604964|99.1616748878949||||49617.015625|247.5|26350||||884208|BKP279|X|X|0|0|7||||132|83|0|0|[]|13:46:57:016
21|2.1|636136514035161420|0|49621.40625|9.2713022149354|99.1600870201595||||49621.40625|246|26175||||884208|BKP279|X|X|0|0|7||||132|51|0|0|[]|13:47:01:406
21|2.1|636136514035171421|0|49621.40625|9.2713022149354|99.1600870201595||||49621.40625|246|26200||||884208|BKP279|X|X|0|0|7||||132|83|0|0|[]|13:47:01:406
21|2.1|636136514075565460|0|49625.4375|9.2639851487493|99.1587781021614||||49625.4375|245.25|26100||||884208|BKP279|X|X|0|0|7||||132|83|0|0|[]|13:47:05:438
21|2.1|636136514103178221|0|49628.203125|9.2572474397099|99.1575764725238||||49628.203125|244.5|26025||||884208|BKP279|X|X|0|0|7||||132|51|0|0|[]|13:47:08:203
21|2.1|636136514119709874|0|49629.859375|9.254050246567|99.1570185730492||||49629.859375|244.25|26000||||884208|BKP279|X|X|0|0|7||||132|83|0|0|[]|13:47:09:859
21|2.1|636136514146552558|0|49632.5546875|9.2486214555257|99.1560100624605||||49632.5546875|243.75|25950||||884208|BKP279|X|X|0|0|7||||132|51|0|0|[]|13:47:12:555
21|2.1|636136514162144117|0|49634.09375|9.2455530084154|99.155473620658||||49634.09375|243.5|25925||||884208|BKP279|X|X|0|0|7||||132|83|0|0|[]|13:47:14:094
21|2.1|636136514196157518|0|49637.5|9.2387723840318|99.1542719910204||||49637.5|243|25875||||884208|BKP279|X|X|0|0|7||||132|51|0|0|[]|13:47:17:500
21|2.1|636136514206448547|0|49638.53125|9.2366051591497|99.1538857529226||||49638.53125|242.75|25850||||884208|BKP279|X|X|0|0|7||||132|83|0|0|[]|13:47:18:531
21|2.1|636136514236401542|0|49641.5390625|9.2316913522388|99.1529845306944||||49641.5390625|242.25|25775||||884208|BKP279|X|X|0|0|7||||132|51|0|0|[]|13:47:21:539
21|2.1|636136514246542556|0|49642.546875|9.2296314157172|99.1525982925966||||49642.546875|242|25775||||884208|BKP279|X|X|0|0|7||||132|83|0|0|[]|13:47:22:547
21|2.1|636136514281806082|0|49646.0703125|9.2218422807449|99.151182086238||||49646.0703125|241.25|25675||||884208|BKP279|X|X|0|0|7||||132|51|0|0|[]|13:47:26:070
21|2.1|636136514290856987|0|49646.96875|9.2201256669769|99.1507958481402||||49646.96875|241.25|25675||||884208|BKP279|X|X|0|0|7||||132|83|0|0|[]|13:47:26:969
21|2.1|636136514323610262|0|49650.2421875|9.2136883653469|99.1493367264374||||49650.2421875|240.75|25625||||884208|BKP279|X|X|0|0|7||||132|51|0|0|[]|13:47:30:242
21|2.1|636136514335001401|0|49651.3828125|9.2116069711532|99.148821742307||||49651.3828125|240.5|25600||||884208|BKP279|X|X|0|0|7||||132|83|0|0|[]|13:47:31:383
21|2.1|636136514371355036|0|49655.0234375|9.2046761430649|99.1467188904412||||49655.0234375|240|25525||||884208|BKP279|X|X|0|0|7||||132|51|0|0|[]|13:47:35:023
21|2.1|636136514376345535|0|49655.53125|9.2037105478204|99.1463970253597||||49655.53125|239.75|25500||||884208|BKP279|X|X|0|0|7||||132|83|0|0|[]|13:47:35:531
21|2.1|636136514416749575|0|49659.5625|9.1963076509459|99.1436933586751||||49659.5625|239.25|25450||||884208|BKP279|X|X|0|0|7||||132|83|0|0|[]|13:47:39:563
21|2.1|636136514431571057|0|49661.0390625|9.1935825265892|99.1425775597259||||49661.0390625|239.25|25450||||884208|BKP279|X|X|0|0|7||||132|51|0|0|[]|13:47:41:039
21|2.1|636136514459333833|0|49663.828125|9.188818923383|99.1404317925159||||49663.828125|238.75|25400||||884208|BKP279|X|X|0|0|7||||132|83|0|0|[]|13:47:43:828
21|2.1|636136514479465846|0|49665.8515625|9.1852998651586|99.1387580940921||||49665.8515625|238.5|25375||||884208|BKP279|X|X|0|0|7||||132|51|0|0|[]|13:47:45:852
21|2.1|636136514499747874|0|49667.859375|9.1820168413273|99.1370414803241||||49667.859375|238.25|25350||||884208|BKP279|X|X|0|0|7||||132|83|0|0|[]|13:47:47:859
21|2.1|636136514521120011|0|49670.0078125|9.1784334100866|99.1350459168188||||49670.0078125|238|25325||||884208|BKP279|X|X|0|0|7||||132|51|0|0|[]|13:47:50:008
21|2.1|636136514541862085|0|49672.0703125|9.1750001825506|99.1330288956414||||49672.0703125|237.75|25300||||884208|BKP279|X|X|0|0|7||||132|83|0|0|[]|13:47:52:070
21|2.1|636136514565734472|0|49674.46875|9.1719746507845|99.1311191628245||||49674.46875|237.25|25250||||884208|BKP279|X|X|0|0|7||||132|51|0|0|[]|13:47:54:469
21|2.1|636136514586946593|0|49676.59375|9.1676187433482|99.1282652924352||||49676.59375|237|25200||||884208|BKP279|X|X|0|0|7||||132|83|0|0|[]|13:47:56:594
21|2.1|636136514611759074|0|49679.078125|9.1642069734843|99.1257762024716||||49679.078125|236.5|25150||||884208|BKP279|X|X|0|0|7||||132|51|0|0|[]|13:47:59:078
21|2.1|636136514627350633|0|49680.6171875|9.161782256537|99.1239523003431||||49680.6171875|236.25|25125||||884208|BKP279|X|X|0|0|7||||132|83|0|0|[]|13:48:00:617
21|2.1|636136514659653863|0|49683.859375|9.1571044840192|99.1203259537582||||49683.859375|235.75|25075||||884208|BKP279|X|X|0|0|7||||132|51|0|0|[]|13:48:03:859
21|2.1|636136514670104908|0|49684.8984375|9.1555380739559|99.1191243241206||||49684.8984375|235.75|25075||||884208|BKP279|X|X|0|0|7||||132|83|0|0|[]|13:48:04:898
21|2.1|636136514700207918|0|49687.8984375|9.1512465395359|99.1157554696009||||49687.8984375|235.25|25025||||884208|BKP279|X|X|0|0|7||||132|51|0|0|[]|13:48:07:898
21|2.1|636136514711129010|0|49688.984375|9.1496586718005|99.114489466947||||49688.984375|235|25000||||884208|BKP279|X|X|0|0|7||||132|83|0|0|[]|13:48:08:984
21|2.1|636136514744362333|0|49692.328125|9.1446375765291|99.1104983399364||||49692.328125|234.5|24950||||884208|BKP279|X|X|0|0|7||||132|51|0|0|[]|13:48:12:328
21|2.1|636136514754343331|0|49693.328125|9.1433715738752|99.1095112870198||||49693.328125|234.5|24950||||884208|BKP279|X|X|0|0|7||||132|83|0|0|[]|13:48:13:328
21|2.1|636136514784456342|0|49696.34375|9.1391873278157|99.1061424325001||||49696.34375|233.75|24875||||884208|BKP279|X|X|0|0|7||||132|51|0|0|[]|13:48:16:344
21|2.1|636136514797717668|0|49697.6640625|9.1372775949988|99.1045974801089||||49697.6640625|233.5|24850||||884208|BKP279|X|X|0|0|7||||132|83|0|0|[]|13:48:17:664
21|2.1|636136514829390835|0|49700.8359375|9.1327500261857|99.1010140488682||||49700.8359375|232.75|24750||||884208|BKP279|X|X|0|0|7||||132|51|0|0|[]|13:48:20:836
21|2.1|636136514839991895|0|49701.8828125|9.1313767351713|99.099898249919||||49701.8828125|232.5|24725||||884208|BKP279|X|X|0|0|7||||132|83|0|0|[]|13:48:21:883
21|2.1|636136514871195015|0|49705.0234375|9.1268491663582|99.0963577340225||||49705.0234375|231.5|24625||||884208|BKP279|X|X|0|0|7||||132|51|0|0|[]|13:48:25:023
21|2.1|636136514880865982|0|49705.984375|9.1267418779977|99.096250445662||||49705.984375|231|24600||||884208|BKP279|X|X|0|0|7||||132|83|0|0|[]|13:48:25:984
21|2.1|636136514911759071|0|49709.0625|9.1211199679075|99.0918301652094||||49709.0625|230|24475||||884208|BKP279|X|X|0|0|7||||132|51|0|0|[]|13:48:29:063
21|2.1|636136514922990194|0|49710.1796875|9.1196823038768|99.0907143662602||||49710.1796875|229.5|24425||||884208|BKP279|X|X|0|0|7||||132|83|0|0|[]|13:48:30:180
21|2.1|636136514952623157|0|49713.15625|9.1153478541126|99.0873455117405||||49713.15625|228.5|24300||||884208|BKP279|X|X|0|0|7||||132|51|0|0|[]|13:48:33:156
21|2.1|636136514964014296|0|49714.28125|9.1138029017214|99.086165339775||||49714.28125|228.25|24275||||884208|BKP279|X|X|0|0|7||||132|83|0|0|[]|13:48:34:281
21|2.1|636136514993967291|0|49717.28125|9.1095328249735|99.0828608582716||||49717.28125|227|24150||||884208|BKP279|X|X|0|0|7||||132|51|0|0|[]|13:48:37:281
21|2.1|636136515009578852|0|49718.84375|9.1073012270751|99.0811871598478||||49718.84375|226.5|24075||||884208|BKP279|X|X|0|0|7||||132|83|0|0|[]|13:48:38:844
21|2.1|636136515034061300|0|49721.296875|9.1038250841949|99.0785264085074||||49721.296875|225.75|24000||||884208|BKP279|X|X|0|0|7||||132|51|0|0|[]|13:48:41:297
21|2.1|636136515054813375|0|49723.3671875|9.1007780947567|99.0761660645764||||49723.3671875|225|23925||||884208|BKP279|X|X|0|0|7||||132|83|0|0|[]|13:48:43:367
21|2.1|636136515078675761|0|49725.75|9.0974306979091|99.0736555169407||||49725.75|224.5|23875||||884208|BKP279|X|X|0|0|7||||132|51|0|0|[]|13:48:45:750
21|2.1|636136515097867680|0|49727.6796875|9.0947055735524|99.0715955804191||||49727.6796875|224|23800||||884208|BKP279|X|X|0|0|7||||132|83|0|0|[]|13:48:47:680
21|2.1|636136515125950488|0|49730.484375|9.0906929888697|99.068570048653||||49730.484375|223.25|23725||||884208|BKP279|X|X||0|7||||132|51|0|0|[]|13:48:50:484
21|2.1|636136515139521845|0|49731.8359375|9.0887617983807|99.067068011606||||49731.8359375|222.75|23675||||884208|BKP279|X|X|0|0|7||||132|83|0|0|[]|13:48:51:836
21|2.1|636136515173685261|0|49735.2578125|9.0839123644861|99.0634416650211||||49735.2578125|222|23600||||884208|BKP279|X|X|0|0|7||||132|51|0|0|[]|13:48:55:258
21|2.1|636136515184766369|0|49736.3671875|9.0823459544228|99.0622614930556||||49736.3671875|221.5|23550||||884208|BKP279|X|X|0|0|7||||132|83|0|0|[]|13:48:56:367
21|2.1|636136515218459738|0|49739.734375|9.0773677744956|99.0585064004381||||49739.734375|220.5|23450||||884208|BKP279|X|X|0|0|7||||132|51|0|0|[]|13:48:59:734
21|2.1|636136515228760768|0|49740.7578125|9.0759730258091|99.0574764321773||||49740.7578125|220.25|23425||||884208|BKP279|X|X|0|0|7||||132|83|0|0|[]|13:49:00:758
21|2.1|636136515264014293|0|49744.2890625|9.0711879649308|99.0538500855924||||49744.2890625|219|23300||||884208|BKP279|X|X|0|0|7||||132|51|0|0|[]|13:49:04:289
21|2.1|636136515269164808|0|49744.8046875|9.0704798617515|99.0532921861178||||49744.8046875|218.75|23250||||884208|BKP279|X|X|0|0|7||||132|83|0|0|[]|13:49:04:805
21|2.1|636136515311439035|0|49749.03125|9.0643215098588|99.0486787866163||||49749.03125|217.25|23100||||884208|BKP279|X|X|0|0|7||||132|83|0|0|[]|13:49:09:031
21|2.1|636136515311439035|0|49749.03125|9.0643215098588|99.0486787866163||||49749.03125|217.25|23100||||884208|BKP279|X|X|0|0|7||||132|51|0|0|[]|13:49:09:031
21|2.1|636136515355743465|0|49753.46875|9.0588712611454|99.0445803712452||||49753.46875|215.75|22925||||884208|BKP279|X|X|0|0|7||||132|83|0|0|[]|13:49:13:469
21|2.1|636136515361674058|0|49754.0546875|9.0579485812451|99.0439366410822||||49754.0546875|215.5|22900||||884208|BKP279|X|X|0|0|7||||132|51|0|0|[]|13:49:14:055
21|2.1|636136515398027693|0|49757.6796875|9.0521764674502|99.039602191318||||49757.6796875|214.25|22775||||884208|BKP279|X|X|0|0|7||||132|83|0|0|[]|13:49:17:680
21|2.1|636136515402398130|0|49758.140625|9.0514683642709|99.0390442918434||||49758.140625|214.25|22775||||884208|BKP279|X|X|0|0|7||||132|51|0|0|[]|13:49:18:141
21|2.1|636136515439841874|0|49761.875|9.0462326922785|99.035096080177||||49761.875|213|22625||||884208|BKP279|X|X|0|0|7||||132|83|0|0|[]|13:49:21:875
21|2.1|636136515445452435|0|49762.4375|9.0453743853945|99.0344952653582||||49762.4375|212.75|22600||||884208|BKP279|X|X|0|0|7||||132|51|0|0|[]|13:49:22:438
21|2.1|636136515484456335|0|49766.3203125|9.0398812213369|99.030375392315||||49766.3203125|211.5|22475||||884208|BKP279|X|X|0|0|7||||132|83|0|0|[]|13:49:26:320
21|2.1|636136515495217411|0|49767.421875|9.0383148112736|99.0291737626774||||49767.421875|211.25|22425||||884208|BKP279|X|X||0|7||||132|51|0|0|[]|13:49:27:422
21|2.1|636136515528750764|0|49770.7578125|9.0340232768536|99.0259336541903||||49770.7578125|210.25|22325||||884208|BKP279|X|X|0|0|7||||132|83|0|0|[]|13:49:30:758
21|2.1|636136515537641653|0|49771.65625|9.0323281207577|99.0246676515364||||49771.65625|210|22325||||884208|BKP279|X|X||0|7||||132|51|0|0|[]|13:49:31:656
21|2.1|636136515569624851|0|49774.8515625|9.0279722133214|99.0214060853772||||49774.8515625|209.25|22225||||884208|BKP279|X|X|0|0|7||||132|83|0|0|[]|13:49:34:852
21|2.1|636136515580245913|0|49775.9140625|9.0264272609302|99.0202044557396||||49775.9140625|209|22200||||884208|BKP279|X|X||0|7||||132|51|0|0|[]|13:49:35:914
21|2.1|636136515614089297|0|49779.2890625|9.0218353191008|99.0167497705315||||49779.2890625|208|22100||||884208|BKP279|X|X|0|0|7||||132|83|0|0|[]|13:49:39:289
21|2.1|636136515623290217|0|49780.2109375|9.0205693164469|99.0158056329591||||49780.2109375|207.75|22050||||884208|BKP279|X|X||0|7||||132|51|0|0|[]|13:49:40:211
21|2.1|636136515655893477|0|49783.46875|9.0159344592733|99.0123294900789||||49783.46875|206.75|21950||||884208|BKP279|X|X|0|0|7||||132|83|0|0|[]|13:49:43:469
21|2.1|636136515665574445|0|49784.4609375|9.0145611682589|99.0112566064739||||49784.4609375|206.5|21925||||884208|BKP279|X|X|0|0|7||||132|51|0|0|[]|13:49:44:461
21|2.1|636136515700357923|0|49787.921875|9.0095400729875|99.0075015138564||||49787.921875|205.75|21850||||884208|BKP279|X|X|0|0|7||||132|83|0|0|[]|13:49:47:922
21|2.1|636136515705988486|0|49788.5|9.008789054464|99.0069221567097||||49788.5|205.5|21825||||884208|BKP279|X|X|0|0|7||||132|51|0|0|[]|13:49:48:500
21|2.1|636136515743112198|0|49792.1953125|9.0038967052252|99.0032528947806||||49792.1953125|204.75|21750||||884208|BKP279|X|X|0|0|7||||132|83|0|0|[]|13:49:52:195
21|2.1|636136515748412728|0|49792.734375|9.0030598560133|99.0026306222897||||49792.734375|204.5|21725||||884208|BKP279|X|X|0|0|7||||132|51|0|0|[]|13:49:52:734
21|2.1|636136515784446331|0|49796.328125|8.9980816760861|98.9988969873443||||49796.328125|203.75|21625||||884208|BKP279|X|X|0|0|7||||132|83|0|0|[]|13:49:56:328
21|2.1|636136515793497236|0|49797.2421875|8.9968371311043|98.9979528497719||||49797.2421875|203.5|21625||||884208|BKP279|X|X||0|7||||132|51|0|0|[]|13:49:57:242
21|2.1|636136515829400826|0|49800.8203125|8.9919447818655|98.9942192148265||||49800.8203125|202.5|21500||||884208|BKP279|X|X|0|0|7||||132|83|0|0|[]|13:50:00:820
21|2.1|636136515834991385|0|49801.3828125|8.9912366786862|98.993682773024||||49801.3828125|202.5|21500||||884208|BKP279|X|X||0|7||||132|51|0|0|[]|13:50:01:383
21|2.1|636136515871345020|0|49805.015625|8.9861297527264|98.9898418497181||||49805.015625|201.5|21400||||884208|BKP279|X|X|0|0|7||||132|83|0|0|[]|13:50:05:016
21|2.1|636136515882266112|0|49806.1171875|8.9847135463678|98.9888118814573||||49806.1171875|201|21350||||884208|BKP279|X|X||0|7||||132|51|0|0|[]|13:50:06:117
21|2.1|636136515911749060|0|49809.0546875|8.980679504013|98.9858936380517||||49809.0546875|200.25|21250||||884208|BKP279|X|X|0|0|7||||132|83|0|0|[]|13:50:09:055
21|2.1|636136515952623147|0|49813.1484375|8.9749073902181|98.9819883417295||||49813.1484375|199|21125||||884208|BKP279|X|X|0|0|7||||132|51|0|0|[]|13:50:13:148
21|2.1|636136515952623147|0|49813.1484375|8.9749073902181|98.9819883417295||||49813.1484375|199|21125||||884208|BKP279|X|X|0|0|7||||132|83|0|0|[]|13:50:13:148
21|2.1|636136515997557640|0|49817.6328125|8.9691996494395|98.9784263681609||||49817.6328125|197.5|20975||||884208|BKP279|X|X|0|0|7||||132|83|0|0|[]|13:50:17:633
21|2.1|636136516001608045|0|49818.0546875|8.9685130039323|98.9780615877352||||49818.0546875|197.25|20925||||884208|BKP279|X|X|0|0|7||||132|51|0|0|[]|13:50:18:055
21|2.1|636136516040921976|0|49821.96875|8.962011329286|98.974370868134||||49821.96875|195.75|20775||||884208|BKP279|X|X|0|0|7||||132|83|0|0|[]|13:50:21:969
21|2.1|636136516050432927|0|49822.9296875|8.960509292239|98.9735983919384||||49822.9296875|195.5|20750||||884208|BKP279|X|X||0|7||||132|51|0|0|[]|13:50:22:930
21|2.1|636136516084296313|0|49826.3203125|8.9552950779187|98.9708518099096||||49826.3203125|193.75|20550||||884208|BKP279|X|X|0|0|7||||132|83|0|0|[]|13:50:26:320
21|2.1|636136516100507934|0|49827.9453125|8.9529347339877|98.9696287225999||||49827.9453125|193|20500||||884208|BKP279|X|X|0|0|7||||132|51|0|0|[]|13:50:27:945
21|2.1|636136516125010384|0|49830.390625|8.9492440143865|98.9677404474551||||49830.390625|191.75|20350||||884208|BKP279|X|X|0|0|7||||132|83|0|0|[]|13:50:30:391
21|2.1|636136516157613644|0|49833.65625|8.9450168529828|98.9655946802451||||49833.65625|190.25|20200||||884208|BKP279|X|X||0|7||||132|51|0|0|[]|13:50:33:656
21|2.1|636136516169154798|0|49834.796875|8.9427852550844|98.9645217966401||||49834.796875|190|20150||||884208|BKP279|X|X|0|0|7||||132|83|0|0|[]|13:50:34:797
21|2.1|636136516198957778|0|49837.78125|8.9378929058456|98.9620112490044||||49837.78125|188.75|20025||||884208|BKP279|X|X|0|0|7||||132|51|0|0|[]|13:50:37:781
21|2.1|636136516209248807|0|49838.796875|8.9363479534544|98.9612387728088||||49838.796875|188.5|20000||||884208|BKP279|X|X|0|0|7||||132|83|0|0|[]|13:50:38:797
21|2.1|636136516243732255|0|49842.265625|8.9309191624131|98.9585136484521||||49842.265625|187.25|19850||||884208|BKP279|X|X|0|0|7||||132|51|0|0|[]|13:50:42:266
21|2.1|636136516252153097|0|49843.09375|8.9297389904476|98.9579128336333||||49843.09375|187|19825||||884208|BKP279|X|X|0|0|7||||132|83|0|0|[]|13:50:43:094
21|2.1|636136516288806762|0|49846.78125|8.9241170803574|98.9550804209161||||49846.78125|186|19725||||884208|BKP279|X|X|0|0|7||||132|51|0|0|[]|13:50:46:781
21|2.1|636136516294897371|0|49847.3671875|8.923172942785|98.9546083521299||||49847.3671875|186|19725||||884208|BKP279|X|X|0|0|7||||132|83|0|0|[]|13:50:47:367
21|2.1|636136516330620943|0|49850.9609375|8.9179158131205|98.9519690584616||||49850.9609375|185|19650||||884208|BKP279|X|X|0|0|7||||132|51|0|0|[]|13:50:50:961
21|2.1|636136516336091490|0|49851.5|8.9168214718434|98.9514326166591||||49851.5|184.75|19600||||884208|BKP279|X|X|0|0|7||||132|83|0|0|[]|13:50:51:500
21|2.1|636136516376495530|0|49855.5234375|8.9106631199507|98.9483641695488||||49855.5234375|183.75|19475||||884208|BKP279|X|X|0|0|7||||132|83|0|0|[]|13:50:55:523
21|2.1|636136516410648945|0|49858.9296875|8.9054918209746|98.9457677912247||||49858.9296875|182.75|19400||||884208|BKP279|X|X||0|7||||132|51|0|0|[]|13:50:58:930
21|2.1|636136516420949975|0|49859.9765625|8.9040541569439|98.9450596880454||||49859.9765625|182.5|19350||||884208|BKP279|X|X|0|0|7||||132|83|0|0|[]|13:50:59:977
21|2.1|636136516455113391|0|49863.40625|8.898925773312|98.9424418520492||||49863.40625|181.25|19200||||884208|BKP279|X|X|0|0|7||||132|51|0|0|[]|13:51:03:406
21|2.1|636136516460883968|0|49863.984375|8.8979387203954|98.941969783263||||49863.984375|181|19200||||884208|BKP279|X|X|0|0|7||||132|83|0|0|[]|13:51:03:984
21|2.1|636136516498167696|0|49867.703125|8.8922953526331|98.9391373705458||||49867.703125|179.75|19075||||884208|BKP279|X|X|0|0|7||||132|51|0|0|[]|13:51:07:703
21|2.1|636136516502538133|0|49868.125|8.8914799610933|98.938751132448||||49868.125|179.5|19025||||884208|BKP279|X|X|0|0|7||||132|83|0|0|[]|13:51:08:125
21|2.1|636136516538731752|0|49871.765625|8.886265746773|98.9360903811076||||49871.765625|178|18850||||884208|BKP279|X|X|0|0|7||||132|51|0|0|[]|13:51:11:766
21|2.1|636136516544192298|0|49872.3046875|8.8855147282495|98.935747058354||||49872.3046875|177.75|18850||||884208|BKP279|X|X|0|0|7||||132|83|0|0|[]|13:51:12:305
21|2.1|636136516583196198|0|49876.21875|8.8794636647173|98.9327215265879||||49876.21875|175.75|18600||||884208|BKP279|X|X|0|0|7||||132|51|0|0|[]|13:51:16:219
21|2.1|636136516588186697|0|49876.6953125|8.8788199345543|98.9323996615064||||49876.6953125|175.5|18575||||884208|BKP279|X|X|0|0|7||||132|83|0|0|[]|13:51:16:695
21|2.1|636136516625470425|0|49880.4296875|8.8731121937757|98.9295028757729||||49880.4296875|173.25|18375||||884208|BKP279|X|X|0|0|7||||132|51|0|0|[]|13:51:20:430
21|2.1|636136516630620940|0|49880.9453125|8.8723397175801|98.9291380953472||||49880.9453125|173|18325||||884208|BKP279|X|X|0|0|7||||132|83|0|0|[]|13:51:20:945
21|2.1|636136516666654543|0|49884.546875|8.8665676037852|98.9262413096137||||49884.546875|170.75|18100||||884208|BKP279|X|X|0|0|7||||132|51|0|0|[]|13:51:24:547
21|2.1|636136516671645042|0|49885.046875|8.8660097043106|98.9259623598764||||49885.046875|170.5|18075||||884208|BKP279|X|X|0|0|7||||132|83|0|0|[]|13:51:25:047
21|2.1|636136516706908568|0|49888.578125|8.8607525746461|98.9233230662081||||49888.578125|168.25|17825||||884208|BKP279|X|X|0|0|7||||132|51|0|0|[]|13:51:28:578
21|2.1|636136516716109488|0|49889.5|8.8592934529433|98.9225720476846||||49889.5|167.75|17750||||884208|BKP279|X|X|0|0|7||||132|83|0|0|[]|13:51:29:500
21|2.1|636136516755433420|0|49893.4296875|8.8531565587227|98.9194606852301||||49893.4296875|165.25|17500||||884208|BKP279|X|X|0|0|7||||132|51|0|0|[]|13:51:33:430
21|2.1|636136516760413918|0|49893.9140625|8.8523840825271|98.9190529894602||||49893.9140625|165|17500||||884208|BKP279|X|X|0|0|7||||132|83|0|0|[]|13:51:33:914
21|2.1|636136516796137490|0|49897.5078125|8.8477492253535|98.9167570185455||||49897.5078125|163.25|17300||||884208|BKP279|X|X|0|0|7||||132|51|0|0|[]|13:51:37:508
21|2.1|636136516801608037|0|49898.03125|8.846783630109|98.9162420344151||||49898.03125|162.75|17275||||884208|BKP279|X|X|0|0|7||||132|83|0|0|[]|13:51:38:031
21|2.1|636136516842492125|0|49902.140625|8.8396167676276|98.9126586031744||||49902.140625|160.75|17025||||884208|BKP279|X|X|0|0|7||||132|83|0|0|[]|13:51:42:141
21|2.1|636136516883196195|0|49906.1953125|8.8333725850465|98.9094828677036||||49906.1953125|159|16850||||884208|BKP279|X|X|0|0|7||||132|83|0|0|[]|13:51:46:195
21|2.1|636136516924700345|0|49910.359375|8.8268709104002|98.9061783862002||||49910.359375|157.5|16675||||884208|BKP279|X|X|0|0|7||||132|83|0|0|[]|13:51:50:359
21|2.1|636136516970244899|0|49914.90625|8.8201546590329|98.9027880740084||||49914.90625|156|16500||||884208|BKP279|X|X|0|0|7||||132|83|0|0|[]|13:51:54:906
21|2.1|636136517014859360|0|49919.3671875|8.8129019658631|98.8991188120793||||49919.3671875|154.5|16350||||884208|BKP279|X|X|0|0|7||||132|83|0|0|[]|13:51:59:367
21|2.1|636136517057133587|0|49923.6015625|8.8064646642331|98.8958572459201||||49923.6015625|153|16175||||884208|BKP279|X|X|0|0|7||||132|83|0|0|[]|13:52:03:602
21|2.1|636136517099097783|0|49927.7890625|8.7999629895868|98.8925742220888||||49927.7890625|151.5|16025||||884208|BKP279|X|X|0|0|7||||132|83|0|0|[]|13:52:07:789
21|2.1|636136517145902463|0|49932.484375|8.7925386350402|98.8888191294713||||49932.484375|149.5|15800||||884208|BKP279|X|X||0|7||||132|83|0|0|[]|13:52:12:484
21|2.1|636136517186786551|0|49936.5625|8.7865090291801|98.885750682361||||49936.5625|147.75|15625||||884208|BKP279|X|X||0|7||||132|83|0|0|[]|13:52:16:563
21|2.1|636136517228590731|0|49940.7421875|8.7800288122059|98.8824891162018||||49940.7421875|146|15450||||884208|BKP279|X|X||0|7||||132|83|0|0|[]|13:52:20:742
21|2.1|636136517271645036|0|49945.0546875|8.7734627645433|98.8791846346984||||49945.0546875|144.25|15250||||884208|BKP279|X|X||0|7||||132|83|0|0|[]|13:52:25:055
21|2.1|636136517315639435|0|49949.4453125|8.7667250555039|98.8757943225066||||49949.4453125|142.75|15100||||884208|BKP279|X|X||0|7||||132|83|0|0|[]|13:52:29:445
21|2.1|636136517357453616|0|49953.6328125|8.760309211546|98.8725756716916||||49953.6328125|141.5|14950||||884208|BKP279|X|X||0|7||||132|83|0|0|[]|13:52:33:633
21|2.1|636136517402218092|0|49958.109375|8.7536787908671|98.869228274844||||49958.109375|140|14775||||884208|BKP279|X|X||0|7||||132|83|0|0|[]|13:52:38:109
21|2.1|636136517447312601|0|49962.6171875|8.7470912855324|98.8658808779964||||49962.6171875|138.25|14600||||884208|BKP279|X|X||0|7||||132|83|0|0|[]|13:52:42:617
21|2.1|636136517490996969|0|49966.9921875|8.7403321188209|98.8624691081325||||49966.9921875|136.5|14425||||884208|BKP279|X|X||0|7||||132|83|0|0|[]|13:52:46:992
21|2.1|636136517536231492|0|49971.4921875|8.7335729521094|98.8590358805965||||49971.4921875|134.75|14250||||884208|BKP279|X|X||0|7||||132|83|0|0|[]|13:52:51:492
21|2.1|636136517577725641|0|49975.65625|8.7272214811678|98.8558601451257||||49975.65625|133.25|14075||||884208|BKP279|X|X||0|7||||132|83|0|0|[]|13:52:55:656
21|2.1|636136517617819650|0|49979.6640625|8.721041671603|98.8527916980154||||49979.6640625|131.75|13925||||884208|BKP279|X|X|0|0|7||||132|83|0|0|[]|13:52:59:664
21|2.1|636136517659163784|0|49983.796875|8.7151408117755|98.8497232509051||||49983.796875|130|13725||||884208|BKP279|X|X|0|0|7||||132|83|0|0|[]|13:53:03:797
21|2.1|636136517701748042|0|49988.0625|8.7087249678176|98.8465046000901||||49988.0625|128.5|13575||||884208|BKP279|X|X|0|0|7||||132|83|0|0|[]|13:53:08:063
21|2.1|636136517743722239|0|49992.2578125|8.7024593275644|98.8433503222914||||49992.2578125|126.5|13350||||884208|BKP279|X|X|0|0|7||||132|83|0|0|[]|13:53:12:258
21|2.1|636136517787866653|0|49996.65625|8.6957645338692|98.8399814677717||||49996.65625|124.75|13150||||884208|BKP279|X|X|0|0|7||||132|83|0|0|[]|13:53:16:656
21|2.1|636136517831701036|0|50001.0546875|8.6893057745671|98.8367413592846||||50001.0546875|123|12975||||884208|BKP279|X|X|0|0|7||||132|83|0|0|[]|13:53:21:055
21|2.1|636136517873525218|0|50005.2265625|8.6830830496581|98.833608539158||||50005.2265625|121.5|12825||||884208|BKP279|X|X|0|0|7||||132|83|0|0|[]|13:53:25:227
21|2.1|636136517918129678|0|50009.703125|8.6774182242237|98.8307332110966||||50009.703125|120|12650||||884208|BKP279|X|X|0|0|7||||132|83|0|0|[]|13:53:29:703
21|2.1|636136517958843749|0|50013.7734375|8.6705946844959|98.8272785258885||||50013.7734375|118.75|12525||||884208|BKP279|X|X|0|0|7||||132|83|0|0|[]|13:53:33:773
21|2.1|636136518001598024|0|50018.0390625|8.6642217558822|98.8240169597293||||50018.0390625|117.75|12425||||884208|BKP279|X|X|0|0|7||||132|83|0|0|[]|13:53:38:039
21|2.1|636136518045742438|0|50022.453125|8.6578702849406|98.8208197665864||||50022.453125|116.25|12275||||884208|BKP279|X|X|0|0|7||||132|83|0|0|[]|13:53:42:453
21|2.1|636136518088336697|0|50026.71875|8.6519265097689|98.8178156924924||||50026.71875|115|12125||||884208|BKP279|X|X|0|0|7||||132|83|0|0|[]|13:53:46:719
21|2.1|636136518130140877|0|50030.890625|8.6457467002041|98.8147043300379||||50030.890625|113.25|11950||||884208|BKP279|X|X|0|0|7||||132|83|0|0|[]|13:53:50:891
21|2.1|636136518174915354|0|50035.3828125|8.6392021102136|98.8114213062066||||50035.3828125|111.5|11750||||884208|BKP279|X|X|0|0|7||||132|83|0|0|[]|13:53:55:383
21|2.1|636136518216259488|0|50039.5078125|8.6332368773698|98.8083743167684||||50039.5078125|110|11600||||884208|BKP279|X|X|0|0|7||||132|83|0|0|[]|13:53:59:508
21|2.1|636136518260873949|0|50043.96875|8.6266493720351|98.805069835265||||50043.96875|108.5|11425||||884208|BKP279|X|X|0|0|7||||132|83|0|0|[]|13:54:03:969
21|2.1|636136518305968458|0|50048.46875|8.6203408164377|98.8019155574663||||50048.46875|106.75|11250||||884208|BKP279|X|X|0|0|7||||132|83|0|0|[]|13:54:08:469
21|2.1|636136518346212482|0|50052.5078125|8.6145257872986|98.7989758563886||||50052.5078125|105.25|11100||||884208|BKP279|X|X|0|0|7||||132|83|0|0|[]|13:54:12:508
21|2.1|636136518386616522|0|50056.5390625|8.6087107581595|98.7960146976388||||50056.5390625|104.25|10975||||884208|BKP279|X|X|0|0|7||||132|83|0|0|[]|13:54:16:539
21|2.1|636136518431861046|0|50061.0625|8.6022949142016|98.7927960468238||||50061.0625|103.5|10900||||884208|BKP279|X|X|0|0|7||||132|83|0|0|[]|13:54:21:063
21|2.1|636136518475695429|0|50065.4375|8.596158019981|98.7897061420414||||50065.4375|102.75|10825||||884208|BKP279|X|X|0|0|7||||132|83|0|0|[]|13:54:25:438
21|2.1|636136518517969656|0|50069.6796875|8.5903429908419|98.78683081398||||50069.6796875|102.25|10750||||884208|BKP279|X|X|0|0|7||||132|83|0|0|[]|13:54:29:680
21|2.1|636136518560563915|0|50073.9375|8.5855793876357|98.7844275547048||||50073.9375|101.5|10700||||884208|BKP279|X|X|0|0|7||||132|83|0|0|[]|13:54:33:938
21|2.1|636136518604238282|0|50078.296875|8.5786271018753|98.7809728694967||||50078.296875|101|10625||||884208|BKP279|X|X|0|0|7||||132|83|0|0|[]|13:54:38:297
21|2.1|636136518647762634|0|50082.6640625|8.5726833267036|98.7779902530748||||50082.6640625|100.5|10575||||884208|BKP279|X|X|0|0|7||||132|83|0|0|[]|13:54:42:664
21|2.1|636136518691757033|0|50087.046875|8.5669112129087|98.7750505519971||||50087.046875|100|10525||||884208|BKP279|X|X|0|0|7||||132|83|0|0|[]|13:54:47:047
21|2.1|636136518736381495|0|50091.5234375|8.5608601493765|98.772025020231||||50091.5234375|99.5|10450||||884208|BKP279|X|X|0|0|7||||132|83|0|0|[]|13:54:51:523
21|2.1|636136518777255582|0|50095.609375|8.5557961387609|98.769450099579||||50095.609375|99|10400||||884208|BKP279|X|X|0|0|7||||132|83|0|0|[]|13:54:55:609
21|2.1|636136518821399996|0|50100.015625|8.5499811096218|98.7665747715176||||50100.015625|98.25|10325||||884208|BKP279|X|X|0|0|7||||132|83|0|0|[]|13:55:00:016
21|2.1|636136518866174473|0|50104.4921875|8.5443806572037|98.7637852741446||||50104.4921875|97.75|10275||||884208|BKP279|X|X|0|0|7||||132|83|0|0|[]|13:55:04:492
21|2.1|636136518907988654|0|50108.6796875|8.5390376968508|98.76108160746||||50108.6796875|97.25|10225||||884208|BKP279|X|X|0|0|7||||132|83|0|0|[]|13:55:08:680
21|2.1|636136518953073162|0|50113.1796875|8.5335445327932|98.7583350254312||||50113.1796875|96.75|10175||||884208|BKP279|X|X|0|0|7||||132|83|0|0|[]|13:55:13:180
21|2.1|636136518994877342|0|50117.375|8.5283732338171|98.755717189435||||50117.375|96.25|10125||||884208|BKP279|X|X|0|0|7||||132|83|0|0|[]|13:55:17:375
21|2.1|636136519036381492|0|50121.515625|8.5240387840529|98.7535928798971||||50121.515625|95.75|10050||||884208|BKP279|X|X|0|0|7||||132|83|0|0|[]|13:55:21:516
21|2.1|636136519084126266|0|50126.2890625|8.5176014824229|98.7503313137379||||50126.2890625|95|9975||||884208|BKP279|X|X|0|0|7||||132|83|0|0|[]|13:55:26:289
21|2.1|636136519127480601|0|50130.6328125|8.5123443527584|98.7476705623975||||50130.6328125|94.75|9950||||884208|BKP279|X|X|0|0|7||||132|83|0|0|[]|13:55:30:633
21|2.1|636136519170074860|0|50134.875|8.5074520035196|98.7451600147618||||50134.875|94.25|9900||||884208|BKP279|X|X|0|0|7||||132|83|0|0|[]|13:55:34:875
21|2.1|636136519214229275|0|50139.3125|8.502173416183|98.7425207210935||||50139.3125|93.75|9850||||884208|BKP279|X|X|0|0|7||||132|83|0|0|[]|13:55:39:313
21|2.1|636136519254943346|0|50143.3671875|8.4976029320257|98.7401818348346||||50143.3671875|93.5|9825||||884208|BKP279|X|X|0|0|7||||132|83|0|0|[]|13:55:43:367
21|2.1|636136519296127464|0|50147.4921875|8.4929251595079|98.7378644062478||||50147.4921875|93|9775||||884208|BKP279|X|X|0|0|7||||132|83|0|0|[]|13:55:47:492
21|2.1|636136519338091660|0|50151.6953125|8.4881830139738|98.7354396893005||||50151.6953125|92.5|9725||||884208|BKP279|X|X|0|0|7||||132|83|0|0|[]|13:55:51:695
21|2.1|636136519379745825|0|50155.84375|8.4832262917187|98.732972057009||||50155.84375|91.75|9625||||884208|BKP279|X|X|0|0|7||||132|83|0|0|[]|13:55:55:844
21|2.1|636136519423740224|0|50160.265625|8.4786128922172|98.7305902554059||||50160.265625|90.75|9525||||884208|BKP279|X|X|0|0|7||||132|83|0|0|[]|13:56:00:266
21|2.1|636136519464144264|0|50164.2890625|8.4740853234041|98.7283586575075||||50164.2890625|89.75|9425||||884208|BKP279|X|X|0|0|7||||132|83|0|0|[]|13:56:04:289
21|2.1|636136519505648414|0|50168.4453125|8.4694504662305|98.7259768559044||||50168.4453125|89|9350||||884208|BKP279|X|X|0|0|7||||132|83|0|0|[]|13:56:08:445
21|2.1|636136519601588007|0|50178.0390625|8.458828918541|98.7206768108957||||50178.0390625|87.5|9175||||884208|BKP279|X|X|0|0|7||||132|83|0|0|[]|13:56:18:039
21|2.1|636136519645262374|0|50182.4140625|8.4540223999906|98.7182091786042||||50182.4140625|87|9125||||884208|BKP279|X|X|0|0|7||||132|83|0|0|[]|13:56:22:414
21|2.1|636136519688166664|0|50186.703125|8.4495377465217|98.7159346653616||||50186.703125|86.25|9025||||884208|BKP279|X|X|0|0|7||||132|83|0|0|[]|13:56:26:703
21|2.1|636136519728580705|0|50190.734375|8.4447097702992|98.7134884907422||||50190.734375|85.75|8975||||884208|BKP279|X|X|0|0|7||||132|83|0|0|[]|13:56:30:734
21|2.1|636136519768974744|0|50194.765625|8.4402465745024|98.7112139774996||||50194.765625|85|8900||||884208|BKP279|X|X|0|0|7||||132|83|0|0|[]|13:56:34:766
21|2.1|636136519809848831|0|50198.859375|8.4356760903451|98.7088965489128||||50198.859375|84.5|8850||||884208|BKP279|X|X|0|0|7||||132|83|0|0|[]|13:56:38:859
21|2.1|636136519852283074|0|50203.109375|8.4310841485157|98.706579120326||||50203.109375|84|8800||||884208|BKP279|X|X|0|0|7||||132|83|0|0|[]|13:56:43:109
21|2.1|636136519895187364|0|50207.390625|8.4262776299653|98.7041114880345||||50207.390625|83|8700||||884208|BKP279|X|X|0|0|7||||132|83|0|0|[]|13:56:47:391
21|2.1|636136519937781623|0|50211.65625|8.4215783997754|98.7017296864314||||50211.65625|82|8600||||884208|BKP279|X|X|0|0|7||||132|83|0|0|[]|13:56:51:656
21|2.1|636136519979745819|0|50215.859375|8.4168577119134|98.6993478848283||||50215.859375|81|8475||||884208|BKP279|X|X|0|0|7||||132|83|0|0|[]|13:56:55:859
21|2.1|636136520022330077|0|50220.109375|8.4121370240514|98.6969446255531||||50220.109375|79.75|8350||||884208|BKP279|X|X|0|0|7||||132|83|0|0|[]|13:57:00:109
21|2.1|636136520066474491|0|50224.53125|8.4072875901568|98.6944984509337||||50224.53125|78.75|8250||||884208|BKP279|X|X|0|0|7||||132|83|0|0|[]|13:57:04:531
21|2.1|636136520109538797|0|50228.8359375|8.402609817639|98.6920951916585||||50228.8359375|77.75|8150||||884208|BKP279|X|X|0|0|7||||132|83|0|0|[]|13:57:08:836
21|2.1|636136520149942837|0|50232.8671875|8.3982753678748|98.6899065091043||||50232.8671875|76.75|8025||||884208|BKP279|X|X|0|0|7||||132|83|0|0|[]|13:57:12:867
21|2.1|636136520194557298|0|50237.3359375|8.3932757302755|98.6873530461244||||50237.3359375|75.5|7900||||884208|BKP279|X|X|0|0|7||||132|83|0|0|[]|13:57:17:336
21|2.1|636136520239641806|0|50241.8515625|8.3884262963809|98.6848854138329||||50241.8515625|74.25|7775||||884208|BKP279|X|X|0|0|7||||132|83|0|0|[]|13:57:21:852
21|2.1|636136520280215863|0|50245.8984375|8.3840274736004|98.6826967312787||||50245.8984375|73.25|7675||||884208|BKP279|X|X|0|0|7||||132|83|0|0|[]|13:57:25:898
21|2.1|636136520324510292|0|50250.328125|8.3796715661641|98.6804865910524||||50250.328125|72|7575||||884208|BKP279|X|X|0|0|7||||132|83|0|0|[]|13:57:30:328
21|2.1|636136520368824723|0|50254.765625|8.3743286058112|98.6777829243678||||50254.765625|71|7425||||884208|BKP279|X|X|0|0|7||||132|83|0|0|[]|13:57:34:766
21|2.1|636136520410628903|0|50258.9375|8.3696293756213|98.675465495781||||50258.9375|70|7325||||884208|BKP279|X|X|0|0|7||||132|83|0|0|[]|13:57:38:938
21|2.1|636136520450722912|0|50262.953125|8.3652949258571|98.6732338978826||||50262.953125|69|7225||||884208|BKP279|X|X|0|0|7||||132|83|0|0|[]|13:57:42:953
21|2.1|636136520515619401|0|50269.4375|8.3581709787199|98.6696504666419||||50269.4375|67.75|7075||||884208|BKP279|X|X|0|0|7||||132|83|0|0|[]|13:57:49:438
21|2.1|636136520570844923|0|50274.9609375|8.3522701188924|98.6666893078921||||50274.9609375|66.5|6950||||884208|BKP279|X|X||0|7||||132|83|0|0|[]|13:57:54:961
21|2.1|636136520650882926|0|50282.9765625|8.3438372537571|98.6624406888163||||50282.9765625|64.75|6775||||884208|BKP279|X|X|0|0|7||||132|83|0|0|[]|13:58:02:977
21|2.1|636136520694397277|0|50287.3203125|8.3389878198625|98.660015971869||||50287.3203125|64|6700||||884208|BKP279|X|X|0|0|7||||132|83|0|0|[]|13:58:07:320
21|2.1|636136520739181755|0|50291.796875|8.3342885896726|98.657655627938||||50291.796875|63|6575||||884208|BKP279|X|X|0|0|7||||132|83|0|0|[]|13:58:11:797
21|2.1|636136520787376574|0|50296.6171875|8.3291387483686|98.6550377919418||||50296.6171875|62|6475||||884208|BKP279|X|X|0|0|7||||132|83|0|0|[]|13:58:16:617
21|2.1|636136520829660802|0|50300.8359375|8.3245682642113|98.6527632786992||||50300.8359375|61|6375||||884208|BKP279|X|X|0|0|7||||132|83|0|0|[]|13:58:20:836
21|2.1|636136520878645700|0|50305.734375|8.3195471689399|98.6502741887356||||50305.734375|59.75|6225||||884208|BKP279|X|X||0|7||||132|83|0|0|[]|13:58:25:734
21|2.1|636136520921389974|0|50310.0078125|8.3151054308152|98.6480425908372||||50310.0078125|58.75|6125||||884208|BKP279|X|X||0|7||||132|83|0|0|[]|13:58:30:008
21|2.1|636136520962574092|0|50314.140625|8.3112430498372|98.6460899426761||||50314.140625|57.5|6025||||884208|BKP279|X|X||0|7||||132|83|0|0|[]|13:58:34:141
21|2.1|636136521002988133|0|50318.1796875|8.3065009043031|98.6437295987451||||50318.1796875|56.25|5875||||884208|BKP279|X|X||0|7||||132|83|0|0|[]|13:58:38:180
21|2.1|636136521043072141|0|50322.1875|8.3023166582436|98.6416482045514||||50322.1875|55.25|5750||||884208|BKP279|X|X||0|7||||132|83|0|0|[]|13:58:42:188
21|2.1|636136521083326166|0|50326.2109375|8.2980680391678|98.6395238950135||||50326.2109375|54.25|5650||||884208|BKP279|X|X|0|0|7||||132|83|0|0|[]|13:58:46:211
21|2.1|636136521127940627|0|50330.671875|8.2935833856989|98.6372922971151||||50330.671875|53.25|5550||||884208|BKP279|X|X|0|0|7||||132|83|0|0|[]|13:58:50:672
21|2.1|636136521171935026|0|50335.0703125|8.2888626978369|98.6349319531841||||50335.0703125|52.25|5450||||884208|BKP279|X|X|0|0|7||||132|83|0|0|[]|13:58:55:070
21|2.1|636136521216249457|0|50339.5078125|8.2841849253191|98.6325930669252||||50339.5078125|51.25|5325||||884208|BKP279|X|X|0|0|7||||132|83|0|0|[]|13:58:59:508
21|2.1|636136521259453777|0|50343.828125|8.279657356506|98.6303185536826||||50343.828125|50.25|5225||||884208|BKP279|X|X|0|0|7||||132|83|0|0|[]|13:59:03:828
21|2.1|636136521304378269|0|50348.3125|8.2750439570045|98.6280011250958||||50348.3125|49.5|5150||||884208|BKP279|X|X|0|0|7||||132|83|0|0|[]|13:59:08:313
21|2.1|636136521345412372|0|50352.421875|8.2708811686171|98.62589827323||||50352.421875|49|5100||||884208|BKP279|X|X|0|0|7||||132|83|0|0|[]|13:59:12:422
21|2.1|636136521390186849|0|50356.890625|8.2664394304924|98.6236666753316||||50356.890625|48.5|5050||||884208|BKP279|X|X|0|0|7||||132|83|0|0|[]|13:59:16:891
21|2.1|636136521438701700|0|50361.75|8.2622337267608|98.6215209081216||||50361.75|48|5000||||884208|BKP279|X|X||0|7||||132|83|0|0|[]|13:59:21:750
21|2.1|636136521478795709|0|50365.75|8.2576203272593|98.6192034795348||||50365.75|47.5|4950||||884208|BKP279|X|X|0|0|7||||132|83|0|0|[]|13:59:25:750
21|2.1|636136521520289858|0|50369.90625|8.2536077425766|98.6171864583574||||50369.90625|47|4875||||884208|BKP279|X|X|0|0|7||||132|83|0|0|[]|13:59:29:906
21|2.1|636136521561473976|0|50374.0234375|8.2495951578939|98.6151479795079||||50374.0234375|46.75|4850||||884208|BKP279|X|X|0|0|7||||132|83|0|0|[]|13:59:34:023
21|2.1|636136521606718500|0|50378.5546875|8.2457113192438|98.613238246691||||50378.5546875|46.25|4800||||884208|BKP279|X|X|0|0|7||||132|83|0|0|[]|13:59:38:555
21|2.1|636136521649462774|0|50382.8203125|8.241248123447|98.6109637334484||||50382.8203125|45.75|4750||||884208|BKP279|X|X|0|0|7||||132|83|0|0|[]|13:59:42:820
21|2.1|636136521693147142|0|50387.1875|8.2371497080759|98.6089252545989||||50387.1875|45.25|4700||||884208|BKP279|X|X|0|0|7||||132|83|0|0|[]|13:59:47:188
21|2.1|636136521737141541|0|50391.59375|8.233094208049|98.6068867757494||||50391.59375|44.75|4650||||884208|BKP279|X|X|0|0|7||||132|83|0|0|[]|13:59:51:594
21|2.1|636136521781605987|0|50396.0390625|8.2288455889732|98.6047624662115||||50396.0390625|44.25|4600||||884208|BKP279|X|X|0|0|7||||132|83|0|0|[]|13:59:56:039
21|2.1|636136521824350261|0|50400.3125|8.2250904963557|98.6028956487388||||50400.3125|43.75|4525||||884208|BKP279|X|X|0|0|7||||132|83|0|0|[]|14:00:00:313
21|2.1|636136521866624488|0|50404.5390625|8.2212710307219|98.6009644582498||||50404.5390625|43.5|4500||||884208|BKP279|X|X|0|0|7||||132|83|0|0|[]|14:00:04:539
21|2.1|636136521908588684|0|50408.734375|8.2175803111207|98.599076183105||||50408.734375|43|4450||||884208|BKP279|X|X|0|0|7||||132|83|0|0|[]|14:00:08:734
21|2.1|636136521952273052|0|50413.1015625|8.2137393878148|98.5971664502881||||50413.1015625|42.5|4400||||884208|BKP279|X|X|0|0|7||||132|83|0|0|[]|14:00:13:102
21|2.1|636136521996417466|0|50417.5234375|8.2098555491647|98.5951923444549||||50417.5234375|42|4350||||884208|BKP279|X|X|0|0|7||||132|83|0|0|[]|14:00:17:523
21|2.1|636136522040881912|0|50421.9609375|8.2060789988751|98.5932396962938||||50421.9609375|41.5|4300||||884208|BKP279|X|X|0|0|7||||132|83|0|0|[]|14:00:21:961
21|2.1|636136522081285952|0|50426.0078125|8.2034397052068|98.5919307782957||||50426.0078125|41.25|4275||||884208|BKP279|X|X|0|0|7||||132|83|0|0|[]|14:00:26:008
21|2.1|636136522128100633|0|50430.6796875|8.1987404750169|98.5895489766926||||50430.6796875|40.75|4225||||884208|BKP279|X|X|0|0|7||||132|83|0|0|[]|14:00:30:680
21|2.1|636136522170214844|0|50434.8984375|8.1951999591204|98.5877679899083||||50434.8984375|40.25|4175||||884208|BKP279|X|X|0|0|7||||132|83|0|0|[]|14:00:34:898
21|2.1|636136522212179040|0|50439.09375|8.1917238162402|98.5859655454519||||50439.09375|40|4150||||884208|BKP279|X|X|0|0|7||||132|83|0|0|[]|14:00:39:094
21|2.1|636136522254303252|0|50443.3125|8.18824767336|98.5842274740118||||50443.3125|39.5|4075||||884208|BKP279|X|X|0|0|7||||132|83|0|0|[]|14:00:43:313
21|2.1|636136522298287650|0|50447.71875|8.1847286151356|98.5824679448996||||50447.71875|39|4025||||884208|BKP279|X|X|0|0|7||||132|83|0|0|[]|14:00:47:719
21|2.1|636136522341501971|0|50452.03125|8.1811451838949|98.5806440427711||||50452.03125|38.5|3975||||884208|BKP279|X|X|0|0|7||||132|83|0|0|[]|14:00:52:031
21|2.1|636136522386936514|0|50456.5625|8.1776046679984|98.5787986829705||||50456.5625|37.75|3900||||884208|BKP279|X|X|0|0|7||||132|83|0|0|[]|14:00:56:563
21|2.1|636136522433081128|0|50461.1796875|8.1737852023646|98.5769104078257||||50461.1796875|37|3825||||884208|BKP279|X|X|0|0|7||||132|83|0|0|[]|14:01:01:180
21|2.1|636136522474275247|0|50465.3046875|8.1705880092217|98.575258167074||||50465.3046875|36.5|3775||||884208|BKP279|X|X|0|0|7||||132|83|0|0|[]|14:01:05:305
21|2.1|636136522519199739|0|50469.7890625|8.1670260356531|98.5734557226176||||50469.7890625|35.75|3675||||884208|BKP279|X|X|0|0|7||||132|83|0|0|[]|14:01:09:789
21|2.1|636136522561944013|0|50474.0625|8.1640219615591|98.5719322278985||||50474.0625|35.25|3650||||884208|BKP279|X|X|0|0|7||||132|83|0|0|[]|14:01:14:063
21|2.1|636136522609368755|0|50478.8125|8.1599450038601|98.569893749049||||50478.8125|34.5|3550||||884208|BKP279|X|X|0|0|7||||132|83|0|0|[]|14:01:18:813
21|2.1|636136522669894807|0|50484.859375|8.1551599429818|98.5674690321017||||50484.859375|34|3500||||884208|BKP279|X|X||0|7||||132|83|0|0|[]|14:01:24:859
21|2.1|636136522718729690|0|50489.75|8.1518983768226|98.5658382490221||||50489.75|33.5|3450||||884208|BKP279|X|X|0|0|7||||132|83|0|0|[]|14:01:29:750
21|2.1|636136522760063823|0|50493.875|8.1482291148935|98.5640358045657||||50493.875|33.25|3425||||884208|BKP279|X|X||0|7||||132|83|0|0|[]|14:01:33:875
