21|2.1|636136522892987114|0|50507.171875|8.1529712604276|98.2994627075727||||50507.171875|39|4000||||884345|X|X|X||0|7||||132|83|0|0|[]|14:01:47:172
21|2.1|636136522943682183|0|50512.234375|8.1554388927191|98.3037756996648||||50512.234375|40.25|4125||||884345|BKP258|X|X||0|7||||132|83|0|0|[]|14:01:52:234
21|2.1|636136522985036318|0|50516.3828125|8.1574344562244|98.3073162155613||||50516.3828125|41.5|4275||||884345|BKP258|X|X||0|7||||132|83|0|0|[]|14:01:56:383
21|2.1|636136523060693883|0|50523.9453125|8.1611680911698|98.3138608055518||||50523.9453125|43.75|4500||||884345|BKP258|X|X||0|7||||132|83|0|0|[]|14:02:03:945
21|2.1|636136523102808094|0|50528.15625|8.1632709430356|98.3175944404972||||50528.15625|45|4625||||884345|BKP258|X|X||0|7||||132|83|0|0|[]|14:02:08:156
21|2.1|636136523150242837|0|50532.90625|8.1655454562782|98.3215855675078||||50532.90625|46|4750||||884345|BKP258|X|X||0|7||||132|83|0|0|[]|14:02:12:906
21|2.1|636136523192197032|0|50537.09375|8.1676912234882|98.3252119140927||||50537.09375|47.25|4875||||884345|BKP258|X|X||0|7||||132|83|0|0|[]|14:02:17:094
21|2.1|636136523241651977|0|50542.046875|8.1702661441402|98.3295892792011||||50542.046875|48.5|5000||||884345|BKP258|X|X||0|7||||132|83|0|0|[]|14:02:22:047
21|2.1|636136523290326844|0|50546.90625|8.1726908610875|98.3337735252606||||50546.90625|49.75|5125||||884345|BKP258|X|X||0|7||||132|83|0|0|[]|14:02:26:906
21|2.1|636136523332141025|0|50551.09375|8.1749010013138|98.3374857025339||||50551.09375|50.75|5250||||884345|BKP258|X|X||0|7||||132|83|0|0|[]|14:02:31:094
21|2.1|636136523373015112|0|50555.1640625|8.1771325992122|98.3411335067909||||50555.1640625|52|5375||||884345|BKP258|X|X||0|7||||132|83|0|0|[]|14:02:35:164
21|2.1|636136523414829293|0|50559.359375|8.1791925357338|98.3446740226874||||50559.359375|53.25|5500||||884345|BKP258|X|X||0|7||||132|83|0|0|[]|14:02:39:359
21|2.1|636136523471614971|0|50565.03125|8.1822180674999|98.3497594909751||||50565.03125|54.75|5650||||884345|BKP258|X|X||0|7||||132|83|0|0|[]|14:02:45:031
21|2.1|636136523512019011|0|50569.078125|8.1843423770378|98.3533000068716||||50569.078125|55.75|5775||||884345|BKP258|X|X||0|7||||132|83|0|0|[]|14:02:49:078
21|2.1|636136523553043113|0|50573.1640625|8.1865739749362|98.3567546920797||||50573.1640625|56.75|5875||||884345|BKP258|X|X||0|7||||132|83|0|0|[]|14:02:53:164
21|2.1|636136523595627371|0|50577.4296875|8.1892990992929|98.3604024963367||||50577.4296875|57.75|5975||||884345|BKP258|X|X||0|7||||132|83|0|0|[]|14:02:57:430
21|2.1|636136523649612769|0|50582.828125|8.1926894114847|98.3647369461009||||50582.828125|59.25|6150||||884345|BKP258|X|X||0|7||||132|83|0|0|[]|14:03:02:828
21|2.1|636136523691726980|0|50587.0390625|8.1953716204972|98.3681272582927||||50587.0390625|60.25|6250||||884345|BKP258|X|X||0|7||||132|83|0|0|[]|14:03:07:039
21|2.1|636136523739621769|0|50591.828125|8.1985044406238|98.3720110969428||||50591.828125|61.5|6375||||884345|BKP258|X|X||0|7||||132|83|0|0|[]|14:03:11:828
21|2.1|636136523780025809|0|50595.8671875|8.2011008189479|98.3752297477578||||50595.8671875|62.5|6475||||884345|BKP258|X|X||0|7||||132|83|0|0|[]|14:03:15:867
21|2.1|636136523829640770|0|50600.828125|8.2043623851071|98.3792637901126||||50600.828125|64|6625||||884345|BKP258|X|X||0|7||||132|83|0|0|[]|14:03:20:828
21|2.1|636136523998437648|0|50617.7265625|8.2153916285665|98.3928464965519||||50617.7265625|68|7050||||884345|BKP258|X|X||0|7||||132|83|0|0|[]|14:03:37:727
21|2.1|636136524040871891|0|50621.9609375|8.2181382105953|98.3962582664158||||50621.9609375|69.25|7200||||884345|BKP258|X|X||0|7||||132|83|0|0|[]|14:03:41:961
21|2.1|636136524102498053|0|50628.125|8.2222151682943|98.4012793616872||||50628.125|70.75|7350||||884345|BKP258|X|X||0|7||||132|83|0|0|[]|14:03:48:125
21|2.1|636136524146022405|0|50632.484375|8.2250475810115|98.4048198775837||||50632.484375|72|7475||||884345|BKP258|X|X||0|7||||132|83|0|0|[]|14:03:52:484
21|2.1|636136524187206523|0|50636.59375|8.227729790024|98.4081887321034||||50636.59375|73|7600||||884345|BKP258|X|X||0|7||||132|83|0|0|[]|14:03:56:594
21|2.1|636136524227610563|0|50640.640625|8.2303476260202|98.4114073829184||||50640.640625|74|7700||||884345|BKP258|X|X||0|7||||132|83|0|0|[]|14:04:00:641
21|2.1|636136524277225524|0|50645.6015625|8.2336091921794|98.4154843406174||||50645.6015625|75.25|7825||||884345|BKP258|X|X||0|7||||132|83|0|0|[]|14:04:05:602
21|2.1|636136524325750376|0|50650.453125|8.2367205546339|98.4193681792675||||50650.453125|76.5|7975||||884345|BKP258|X|X||0|7||||132|83|0|0|[]|14:04:10:453
21|2.1|636136524376595460|0|50655.5390625|8.2399821207931|98.4233807639502||||50655.5390625|77.75|8100||||884345|BKP258|X|X||0|7||||132|83|0|0|[]|14:04:15:539
21|2.1|636136524424800280|0|50660.34375|8.2431363985918|98.4273289756166||||50660.34375|78.75|8200||||884345|BKP258|X|X||0|7||||132|83|0|0|[]|14:04:20:344
21|2.1|636136524554133212|0|50673.2890625|8.2516121790713|98.4378217772735||||50673.2890625|82|8525||||884345|BKP258|X|X||0|7||||132|83|0|0|[]|14:04:33:289
21|2.1|636136524606858484|0|50678.5546875|8.2549381182468|98.442006023333||||50678.5546875|83.25|8675||||884345|BKP258|X|X||0|7||||132|83|0|0|[]|14:04:38:555
21|2.1|636136524677835581|0|50685.6484375|8.2596588061088|98.4478854254884||||50685.6484375|84.75|8850||||884345|BKP258|X|X||0|7||||132|83|0|0|[]|14:04:45:648
21|2.1|636136524722150012|0|50690.0859375|8.2625341341702|98.4515117720733||||50690.0859375|85.75|8950||||884345|BKP258|X|X||0|7||||132|83|0|0|[]|14:04:50:086
21|2.1|636136524765824379|0|50694.4609375|8.2654523775758|98.4550737456419||||50694.4609375|86.75|9050||||884345|BKP258|X|X||0|7||||132|83|0|0|[]|14:04:54:461
21|2.1|636136524806548451|0|50698.53125|8.2680916712441|98.4583567694732||||50698.53125|87.5|9125||||884345|BKP258|X|X||0|7||||132|83|0|0|[]|14:04:58:531
21|2.1|636136524848352631|0|50702.703125|8.2708811686171|98.4618329123534||||50702.703125|88.5|9250||||884345|BKP258|X|X||0|7||||132|83|0|0|[]|14:05:02:703
21|2.1|636136524900777873|0|50707.9375|8.2743358538252|98.4661459044455||||50707.9375|89.5|9350||||884345|BKP258|X|X||0|7||||132|83|0|0|[]|14:05:07:938
21|2.1|636136524943522147|0|50712.21875|8.2772755549029|98.4697937087025||||50712.21875|90.5|9450||||884345|BKP258|X|X||0|7||||132|83|0|0|[]|14:05:12:219
21|2.1|636136524984546249|0|50716.3203125|8.2799148485712|98.4731625632222||||50716.3203125|91.25|9525||||884345|BKP258|X|X||0|7||||132|83|0|0|[]|14:05:16:320
21|2.1|636136525029010695|0|50720.7734375|8.2828545496489|98.4768103674792||||50720.7734375|92.5|9675||||884345|BKP258|X|X||0|7||||132|83|0|0|[]|14:05:20:773
21|2.1|636136525073005094|0|50725.171875|8.2857942507266|98.4804581717362||||50725.171875|93.25|9750||||884345|BKP258|X|X||0|7||||132|83|0|0|[]|14:05:25:172
21|2.1|636136525113249118|0|50729.1953125|8.2885837480996|98.4839557722885||||50729.1953125|94|9825||||884345|BKP258|X|X||0|7||||132|83|0|0|[]|14:05:29:195
21|2.1|636136525154603253|0|50733.3359375|8.2912874147842|98.4873031691361||||50733.3359375|95|9925||||884345|BKP258|X|X||0|7||||132|83|0|0|[]|14:05:33:336
21|2.1|636136525197177510|0|50737.59375|8.2942271158619|98.4909509733931||||50737.59375|95.75|10000||||884345|BKP258|X|X||0|7||||132|83|0|0|[]|14:05:37:594
21|2.1|636136525238051597|0|50741.671875|8.2969307825465|98.4943412855849||||50741.671875|96.25|10075||||884345|BKP258|X|X||0|7||||132|83|0|0|[]|14:05:41:672
21|2.1|636136525282055997|0|50746.0859375|8.2998919412963|98.498010547514||||50746.0859375|97.25|10175||||884345|BKP258|X|X||0|7||||132|83|0|0|[]|14:05:46:086
21|2.1|636136525324480239|0|50750.328125|8.3027672693577|98.5016154364268||||50750.328125|98|10250||||884345|BKP258|X|X||0|7||||132|83|0|0|[]|14:05:50:328
21|2.1|636136525365664357|0|50754.4453125|8.305621139747|98.5051774099954||||50754.4453125|98.75|10325||||884345|BKP258|X|X||0|7||||132|83|0|0|[]|14:05:54:445
21|2.1|636136525407948585|0|50758.6796875|8.3084535524642|98.5087179258919||||50758.6796875|99.75|10450||||884345|BKP258|X|X||0|7||||132|83|0|0|[]|14:05:58:680
21|2.1|636136525449912781|0|50762.859375|8.3112859651814|98.5122584417884||||50762.859375|100.75|10550||||884345|BKP258|X|X||0|7||||132|83|0|0|[]|14:06:02:859
21|2.1|636136525532441033|0|50771.1015625|8.3169293329437|98.5192751005651||||50771.1015625|102.25|10700||||884345|BKP258|X|X||0|7||||132|83|0|0|[]|14:06:11:102
21|2.1|636136525579865775|0|50775.859375|8.3201908991029|98.5233091429199||||50775.859375|103.25|10825||||884345|BKP258|X|X||0|7||||132|83|0|0|[]|14:06:15:859
21|2.1|636136525789686755|0|50796.84375|8.3344602510494|98.5411190107629||||50796.84375|107.75|11300||||884345|BKP258|X|X||0|7||||132|83|0|0|[]|14:06:36:844
21|2.1|636136525832751061|0|50801.140625|8.3373570367829|98.5447024420036||||50801.140625|108.75|11400||||884345|BKP258|X|X||0|7||||132|83|0|0|[]|14:06:41:141
21|2.1|636136525873775163|0|50805.25|8.3401250764838|98.5482000425559||||50805.25|109.5|11475||||884345|BKP258|X|X||0|7||||132|83|0|0|[]|14:06:45:250
21|2.1|636136525914809266|0|50809.3515625|8.3429360315289|98.551654727764||||50809.3515625|110.25|11550||||884345|BKP258|X|X||0|7||||132|83|0|0|[]|14:06:49:352
21|2.1|636136525956303415|0|50813.4921875|8.3457684442461|98.5551737859884||||50813.4921875|111|11625||||884345|BKP258|X|X||0|7||||132|83|0|0|[]|14:06:53:492
21|2.1|636136525997027487|0|50817.5703125|8.3484935686028|98.5585855558523||||50817.5703125|111.75|11725||||884345|BKP258|X|X||0|7||||132|83|0|0|[]|14:06:57:570
21|2.1|636136526038831667|0|50821.75|8.3513474389921|98.562168987093||||50821.75|112.25|11775||||884345|BKP258|X|X||0|7||||132|83|0|0|[]|14:07:01:750
21|2.1|636136526079395723|0|50825.8046875|8.3541798517093|98.5656880453174||||50825.8046875|113.25|11875||||884345|BKP258|X|X||0|7||||132|83|0|0|[]|14:07:05:805
21|2.1|636136526120259809|0|50829.890625|8.3568620607218|98.5690568998371||||50829.890625|114.25|11975||||884345|BKP258|X|X||0|7||||132|83|0|0|[]|14:07:09:891
21|2.1|636136526167534536|0|50834.625|8.3600807115368|98.5730694845198||||50834.625|115.25|12100||||884345|BKP258|X|X||0|7||||132|83|0|0|[]|14:07:14:625
21|2.1|636136526216839466|0|50839.5546875|8.3632993623518|98.5771035268746||||50839.5546875|116.5|12225||||884345|BKP258|X|X||0|7||||132|83|0|0|[]|14:07:19:555
21|2.1|636136526258953677|0|50843.765625|8.3660888597248|98.5806011274269||||50843.765625|117.25|12300||||884345|BKP258|X|X||0|7||||132|83|0|0|[]|14:07:23:766
21|2.1|636136526306848466|0|50848.5546875|8.3692860528677|98.5846137121096||||50848.5546875|118|12400||||884345|BKP258|X|X||0|7||||132|83|0|0|[]|14:07:28:555
21|2.1|636136526417459526|0|50859.6171875|8.3767962381027|98.5939048841289||||50859.6171875|120.25|12625||||884345|BKP258|X|X||0|7||||132|83|0|0|[]|14:07:39:617
21|2.1|636136526467384518|0|50864.609375|8.3801436349503|98.5980891301884||||50864.609375|121|12700||||884345|BKP258|X|X||0|7||||132|83|0|0|[]|14:07:44:609
21|2.1|636136526508098589|0|50868.6796875|8.3828473016349|98.601436527036||||50868.6796875|121.75|12800||||884345|BKP258|X|X||0|7||||132|83|0|0|[]|14:07:48:680
21|2.1|636136526551152894|0|50872.984375|8.3856797143521|98.6049555852604||||50872.984375|122.5|12875||||884345|BKP258|X|X||0|7||||132|83|0|0|[]|14:07:52:984
21|2.1|636136526591406919|0|50877.0078125|8.3884262963809|98.6084531858127||||50877.0078125|123|12925||||884345|BKP258|X|X||0|7||||132|83|0|0|[]|14:07:57:008
21|2.1|636136526635081286|0|50881.375|8.3913659974586|98.6120795323976||||50881.375|123.75|13000||||884345|BKP258|X|X||0|7||||132|83|0|0|[]|14:08:01:375
21|2.1|636136526680635841|0|50885.9375|8.3944344445689|98.6158775403593||||50885.9375|124.75|13100||||884345|BKP258|X|X||0|7||||132|83|0|0|[]|14:08:05:938
21|2.1|636136526723540131|0|50890.2265625|8.3973741456466|98.6195253446163||||50890.2265625|125.75|13225||||884345|BKP258|X|X||0|7||||132|83|0|0|[]|14:08:10:227
21|2.1|636136526765344311|0|50894.3984375|8.4001207276754|98.6229800298244||||50894.3984375|126.5|13300||||884345|BKP258|X|X||0|7||||132|83|0|0|[]|14:08:14:398
21|2.1|636136526805288305|0|50898.3984375|8.4027814790158|98.6263059689999||||50898.3984375|127.25|13375||||884345|BKP258|X|X||0|7||||132|83|0|0|[]|14:08:18:398
21|2.1|636136526854903266|0|50903.359375|8.4061503335355|98.6304687573873||||50903.359375|128.25|13475||||884345|BKP258|X|X||0|7||||132|83|0|0|[]|14:08:23:359
21|2.1|636136526897647540|0|50907.6328125|8.4090256615969|98.6340951039722||||50907.6328125|129|13575||||884345|BKP258|X|X||0|7||||132|83|0|0|[]|14:08:27:633
21|2.1|636136526939601735|0|50911.8203125|8.4118580743141|98.6375712468524||||50911.8203125|129.75|13650||||884345|BKP258|X|X||0|7||||132|83|0|0|[]|14:08:31:820
21|2.1|636136526982976072|0|50916.171875|8.4147119447034|98.6411761357652||||50916.171875|130.5|13725||||884345|BKP258|X|X||0|7||||132|83|0|0|[]|14:08:36:172
21|2.1|636136527026340408|0|50920.5|8.417630188109|98.6448239400222||||50920.5|131|13775||||884345|BKP258|X|X||0|7||||132|83|0|0|[]|14:08:40:500
21|2.1|636136527069404714|0|50924.796875|8.4204626008262|98.6483644559187||||50924.796875|131.5|13825||||884345|BKP258|X|X||0|7||||132|83|0|0|[]|14:08:44:797
21|2.1|636136527111518925|0|50929.0234375|8.4234023019039|98.6520122601757||||50929.0234375|132|13875||||884345|BKP258|X|X||0|7||||132|83|0|0|[]|14:08:49:023
21|2.1|636136527157393512|0|50933.609375|8.4265565797026|98.6559604718421||||50933.609375|132.75|13975||||884345|BKP258|X|X||0|7||||132|83|0|0|[]|14:08:53:609
21|2.1|636136527204198192|0|50938.296875|8.4296893998292|98.6598228528201||||50938.296875|133.25|14025||||884345|BKP258|X|X||0|7||||132|83|0|0|[]|14:08:58:297
21|2.1|636136527245062278|0|50942.375|8.4324788972022|98.6632775380282||||50942.375|134|14100||||884345|BKP258|X|X||0|7||||132|83|0|0|[]|14:09:02:375
21|2.1|636136527293737145|0|50947.25|8.4357619210335|98.6674617840877||||50947.25|135|14200||||884345|BKP258|X|X||0|7||||132|83|0|0|[]|14:09:07:250
21|2.1|636136527343662137|0|50952.234375|8.4391307755532|98.6716674878193||||50952.234375|136.25|14350||||884345|BKP258|X|X||0|7||||132|83|0|0|[]|14:09:12:234
21|2.1|636136527384216192|0|50956.2890625|8.4418344422378|98.675036342339||||50956.2890625|137|14425||||884345|BKP258|X|X||0|7||||132|83|0|0|[]|14:09:16:289
21|2.1|636136527425100280|0|50960.3828125|8.4445810242666|98.6784481122029||||50960.3828125|137.75|14500||||884345|BKP258|X|X||0|7||||132|83|0|0|[]|14:09:20:383
21|2.1|636136527468004570|0|50964.6640625|8.447456352328|98.6820959164599||||50964.6640625|138.5|14575||||884345|BKP258|X|X||0|7||||132|83|0|0|[]|14:09:24:664
21|2.1|636136527510738843|0|50968.9453125|8.4502673073731|98.6856149746843||||50968.9453125|139.25|14650||||884345|BKP258|X|X||0|7||||132|83|0|0|[]|14:09:28:945
21|2.1|636136527551772946|0|50973.046875|8.4530568047461|98.6890482022203||||50973.046875|139.75|14725||||884345|BKP258|X|X||0|7||||132|83|0|0|[]|14:09:33:047
21|2.1|636136527600907859|0|50977.953125|8.4562969132332|98.6931680752635||||50977.953125|140.5|14800||||884345|BKP258|X|X||0|7||||132|83|0|0|[]|14:09:37:953
21|2.1|636136527650052773|0|50982.875|8.4597086830971|98.697352321323||||50982.875|141.25|14875||||884345|BKP258|X|X||0|7||||132|83|0|0|[]|14:09:42:875
21|2.1|636136527690306798|0|50986.90625|8.4624123497817|98.7006997181706||||50986.90625|141.75|14925||||884345|BKP258|X|X||0|7||||132|83|0|0|[]|14:09:46:906
21|2.1|636136527731170884|0|50990.984375|8.4651589318105|98.7041544033787||||50990.984375|142.25|14975||||884345|BKP258|X|X||0|7||||132|83|0|0|[]|14:09:50:984
21|2.1|636136527780165783|0|50995.890625|8.4685492440023|98.7083601071103||||50995.890625|142.5|15000||||884345|BKP258|X|X||0|7||||132|83|0|0|[]|14:09:55:891
21|2.1|636136527825410307|0|51000.421875|8.4717249794731|98.7123512341209||||51000.421875|143|15075||||884345|BKP258|X|X||0|7||||132|83|0|0|[]|14:10:00:422
21|2.1|636136527869244690|0|51004.78125|8.4746432228787|98.7159990383779||||51004.78125|143.25|15100||||884345|BKP258|X|X||0|7||||132|83|0|0|[]|14:10:04:781
21|2.1|636136527913399105|0|51009.2109375|8.477711669989|98.719882877028||||51009.2109375|143.75|15150||||884345|BKP258|X|X||0|7||||132|83|0|0|[]|14:10:09:211
21|2.1|636136527958473612|0|51013.71875|8.4808444901156|98.7237881733502||||51013.71875|144.25|15200||||884345|BKP258|X|X||0|7||||132|83|0|0|[]|14:10:13:719
21|2.1|636136528001847949|0|51018.0546875|8.4839558525701|98.7276505543282||||51018.0546875|144.5|15225||||884345|BKP258|X|X||0|7||||132|83|0|0|[]|14:10:18:055
21|2.1|636136528043502114|0|51022.21875|8.486938468992|98.7313841892736||||51022.21875|145|15275||||884345|BKP258|X|X||0|7||||132|83|0|0|[]|14:10:22:219
21|2.1|636136528084216185|0|51026.28125|8.4897708817092|98.7349461628422||||51026.28125|145.25|15300||||884345|BKP258|X|X||0|7||||132|83|0|0|[]|14:10:26:281
21|2.1|636136528124310194|0|51030.2890625|8.4926676674427|98.7385295940829||||51030.2890625|145.5|15325||||884345|BKP258|X|X||0|7||||132|83|0|0|[]|14:10:30:289
21|2.1|636136528166114374|0|51034.484375|8.495736114553|98.7423705173888||||51034.484375|146|15375||||884345|BKP258|X|X||0|7||||132|83|0|0|[]|14:10:34:484
21|2.1|636136528207298492|0|51038.59375|8.4986114426144|98.7459539486295||||51038.59375|146.25|15400||||884345|BKP258|X|X||0|7||||132|83|0|0|[]|14:10:38:594
21|2.1|636136528247392501|0|51042.6015625|8.5014867706758|98.7495373798702||||51042.6015625|146.5|15425||||884345|BKP258|X|X||0|7||||132|83|0|0|[]|14:10:42:602
21|2.1|636136528290616823|0|51046.921875|8.5047054214908|98.7535499645529||||51046.921875|147|15500||||884345|BKP258|X|X||0|7||||132|83|0|0|[]|14:10:46:922
21|2.1|636136528337411502|0|51051.6015625|8.5080313606663|98.7577127529403||||51051.6015625|147.25|15525||||884345|BKP258|X|X||0|7||||132|83|0|0|[]|14:10:51:602
21|2.1|636136528386396400|0|51056.515625|8.511614791907|98.7622188640813||||51056.515625|147.75|15575||||884345|BKP258|X|X||0|7||||132|83|0|0|[]|14:10:56:516
21|2.1|636136528431010861|0|51060.96875|8.5148978157383|98.7662958217803||||51060.96875|148|15600||||884345|BKP258|X|X||0|7||||132|83|0|0|[]|14:11:00:969
21|2.1|636136528472204980|0|51065.0859375|8.5179448051765|98.7701152874141||||51065.0859375|148.5|15650||||884345|BKP258|X|X||0|7||||132|83|0|0|[]|14:11:05:086
