21|2.1|636136510319109852|0|49249.8203125|13.8782858724775|100.910367875684||||49249.8203125|63.75|6625||||885047|THA639|X|X|0|0|7||||132|5|0|0|[]|13:40:49:820
21|2.1|636136510362014142|0|49254.109375|13.881826388374|100.910925775159||||49254.109375|63|6550||||885047|THA639|X|X|0|0|7||||132|5|0|0|[]|13:40:54:109
21|2.1|636136510402888229|0|49258.1796875|13.8864827032197|100.911633878338||||49258.1796875|62.5|6500||||885047|THA639|X|X|0|0|7||||132|5|0|0|[]|13:40:58:180
21|2.1|636136510443762316|0|49262.2890625|13.8913965101306|100.912406354534||||49262.2890625|62|6450||||885047|THA639|X|X|0|0|7||||132|5|0|0|[]|13:41:02:289
21|2.1|636136510488226762|0|49266.734375|13.8964605207462|100.913157373057||||49266.734375|61.25|6375||||885047|THA639|X|X|0|0|7||||132|5|0|0|[]|13:41:06:734
21|2.1|636136510532221161|0|49271.140625|13.9015889043781|100.913865476237||||49271.140625|60.5|6275||||885047|THA639|X|X|0|0|7||||132|5|0|0|[]|13:41:11:141
21|2.1|636136510572315170|0|49275.1484375|13.9062666768959|100.91410151063||||49275.1484375|60|6225||||885047|THA639|X|X|0|0|7||||132|5|0|0|[]|13:41:15:148
21|2.1|636136510615989537|0|49279.5078125|13.9103007192507|100.913822560893||||49279.5078125|59.25|6150||||885047|THA639|X|X|0|0|7||||132|5|0|0|[]|13:41:19:508
21|2.1|636136510656553593|0|49283.5703125|13.9149141187522|100.912792592632||||49283.5703125|58.5|6100||||885047|THA639|X|X|0|0|7||||132|5|0|0|[]|13:41:23:570
21|2.1|636136510701798117|0|49288.0859375|13.9198708410073|100.91073265611||||49288.0859375|57.75|6000||||885047|THA639|X|X|0|0|7||||132|5|0|0|[]|13:41:28:086
21|2.1|636136510744692406|0|49292.390625|13.9237975950016|100.908243566147||||49292.390625|57.5|5950||||885047|THA639|X|X|0|0|7||||132|5|0|0|[]|13:41:32:391
21|2.1|636136510786976634|0|49296.609375|13.9274453992586|100.905046373004||||49296.609375|57|5900||||885047|THA639|X|X|0|0|7||||132|5|0|0|[]|13:41:36:609
21|2.1|636136510835341470|0|49301.4453125|13.9303421849921|100.901420026419||||49301.4453125|56.5|5850||||885047|THA639|X|X|0|0|7||||132|5|0|0|[]|13:41:41:445
21|2.1|636136510878235759|0|49305.7421875|13.9327025289231|100.897278695703||||49305.7421875|56.25|5825||||885047|THA639|X|X|0|0|7||||132|5|0|0|[]|13:41:45:742
21|2.1|636136510921140049|0|49310.03125|13.9346766347563|100.892794042235||||49310.03125|56.25|5825||||885047|THA639|X|X|0|0|7||||132|5|0|0|[]|13:41:50:031
21|2.1|636136510961694104|0|49314.078125|13.9360713834428|100.888609796175||||49314.078125|55.75|5775||||885047|THA639|X|X|0|0|7||||132|5|0|0|[]|13:41:54:078
21|2.1|636136511001798114|0|49318.0859375|13.9369082326547|100.884275346411||||49318.0859375|55.25|5725||||885047|THA639|X|X|0|0|7||||132|5|0|0|[]|13:41:58:086
21|2.1|636136511045792513|0|49322.4921875|13.9370369786873|100.879554658549||||49322.4921875|54.75|5675||||885047|THA639|X|X||0|7||||132|5|0|0|[]|13:42:02:492
21|2.1|636136511111779111|0|49329.0859375|13.9359211797381|100.873718171738||||49329.0859375|53.75|5575||||885047|THA639|X|X|0|0|7||||132|5|0|0|[]|13:42:09:086
21|2.1|636136511160764009|0|49333.9921875|13.9340114469212|100.86904039922||||49333.9921875|53|5500||||885047|THA639|X|X|0|0|7||||132|5|0|0|[]|13:42:13:992
21|2.1|636136511204438376|0|49338.3515625|13.9315438146297|100.86515656057||||49338.3515625|52.5|5425||||885047|THA639|X|X|0|0|7||||132|5|0|0|[]|13:42:18:352
21|2.1|636136511248122744|0|49342.71875|13.9287972326009|100.861508756313||||49342.71875|51.75|5350||||885047|THA639|X|X|0|0|7||||132|5|0|0|[]|13:42:22:719
21|2.1|636136511318949826|0|49349.8046875|13.9246988172298|100.856959729828||||49349.8046875|50.5|5225||||885047|THA639|X|X|0|0|7||||132|5|0|0|[]|13:42:29:805
21|2.1|636136511359053836|0|49353.8203125|13.92173765848|100.853741079013||||49353.8203125|49.75|5150||||885047|THA639|X|X|0|0|7||||132|5|0|0|[]|13:42:33:820
21|2.1|636136511401008031|0|49358|13.9188623304186|100.850758462591||||49358|49|5075||||885047|THA639|X|X||0|7||||132|5|0|0|[]|13:42:38:000
21|2.1|636136511444542384|0|49362.3671875|13.9156865949478|100.847539811776||||49362.3671875|48.25|4975||||885047|THA639|X|X||0|7||||132|5|0|0|[]|13:42:42:367
21|2.1|636136511485726502|0|49366.4921875|13.9125966901654|100.844428449321||||49366.4921875|47.75|4925||||885047|THA639|X|X|0|0|7||||132|5|0|0|[]|13:42:46:492
21|2.1|636136511529710900|0|49370.875|13.9094424123667|100.841188340834||||49370.875|47|4850||||885047|THA639|X|X||0|7||||132|5|0|0|[]|13:42:50:875
21|2.1|636136511569964925|0|49374.8984375|13.9072108144683|100.838935285264||||49374.8984375|46.25|4775||||885047|THA639|X|X|0|0|7||||132|5|0|0|[]|13:42:54:898
21|2.1|636136511613019230|0|49379.2109375|13.9039921636533|100.835695176776||||49379.2109375|45.5|4700||||885047|THA639|X|X|0|0|7||||132|5|0|0|[]|13:42:59:211
21|2.1|636136511657793707|0|49383.6875|13.900923716543|100.832605271994||||49383.6875|44.75|4625||||885047|THA639|X|X|0|0|7||||132|5|0|0|[]|13:43:03:688
21|2.1|636136511711619089|0|49389.078125|13.8968896741882|100.828549771967||||49389.078125|44|4525||||885047|THA639|X|X|0|0|7||||132|5|0|0|[]|13:43:09:078
21|2.1|636136511755303457|0|49393.4375|13.8938212270779|100.825459867185||||49393.4375|43.25|4450||||885047|THA639|X|X|0|0|7||||132|5|0|0|[]|13:43:13:438
21|2.1|636136511799137840|0|49397.8203125|13.8913321371143|100.822949319549||||49397.8203125|42.5|4375||||885047|THA639|X|X|0|0|7||||132|5|0|0|[]|13:43:17:820
21|2.1|636136511844062332|0|49402.3203125|13.8881778593156|100.819730668734||||49402.3203125|41.5|4300||||885047|THA639|X|X||0|7||||132|5|0|0|[]|13:43:22:320
21|2.1|636136511891027028|0|49407.0078125|13.8848519201401|100.81631889887||||49407.0078125|40.5|4175||||885047|THA639|X|X|0|0|7||||132|5|0|0|[]|13:43:27:008
21|2.1|636136511931121037|0|49411.015625|13.8818693037182|100.81325045176||||49411.015625|39.5|4075||||885047|THA639|X|X||0|7||||132|5|0|0|[]|13:43:31:016
21|2.1|636136511975425467|0|49415.4453125|13.8787150259195|100.809988885601||||49415.4453125|38.5|3950||||885047|THA639|X|X||0|7||||132|5|0|0|[]|13:43:35:445
21|2.1|636136512018169741|0|49419.7265625|13.8757324094976|100.806877523146||||49419.7265625|37.75|3875||||885047|THA639|X|X||0|7||||132|5|0|0|[]|13:43:39:727
21|2.1|636136512059043828|0|49423.8203125|13.8734364385829|100.804495721543||||49423.8203125|36.75|3775||||885047|THA639|X|X||0|7||||132|5|0|0|[]|13:43:43:820
21|2.1|636136512102878211|0|49428.1953125|13.8704752798331|100.801384359089||||49428.1953125|35.75|3675||||885047|THA639|X|X||0|7||||132|5|0|0|[]|13:43:48:195
21|2.1|636136512147032626|0|49432.6171875|13.8672566290181|100.798036962241||||49432.6171875|35|3575||||885047|THA639|X|X|0|0|7||||132|5|0|0|[]|13:43:52:617
21|2.1|636136512187276650|0|49436.640625|13.8645529623335|100.795247464868||||49436.640625|34|3475||||885047|THA639|X|X||0|7||||132|5|0|0|[]|13:43:56:641
21|2.1|636136512227840706|0|49440.6953125|13.8617634649605|100.792372136807||||49440.6953125|33|3375||||885047|THA639|X|X||0|7||||132|5|0|0|[]|13:44:00:695
21|2.1|636136512268244746|0|49444.7265625|13.8596606130947|100.790140538908||||49444.7265625|32|3275||||885047|THA639|X|X||0|7||||132|5|0|0|[]|13:44:04:727
21|2.1|636136512313329254|0|49449.2421875|13.8564634199518|100.786836057405||||49449.2421875|31|3175||||885047|THA639|X|X||0|7||||132|5|0|0|[]|13:44:09:242
21|2.1|636136512358253746|0|49453.734375|13.8530516500879|100.784089475376||||49453.734375|30.25|3075||||885047|THA639|X|X||0|7||||132|5|0|0|[]|13:44:13:734
21|2.1|636136512400537974|0|49457.96875|13.8495540495356|100.782029538854||||49457.96875|29.5|3000||||885047|THA639|X|X||0|7||||132|5|0|0|[]|13:44:17:969
21|2.1|636136512443752295|0|49462.28125|13.8456058378692|100.780570417152||||49462.28125|28.75|2900||||885047|THA639|X|X||0|7||||132|5|0|0|[]|13:44:22:281
21|2.1|636136512485406460|0|49466.4453125|13.8417863722354|100.779411702858||||49466.4453125|28.25|2875||||885047|THA639|X|X|0|0|7||||132|5|0|0|[]|13:44:26:445
21|2.1|636136512530490968|0|49470.9609375|13.8386750097809|100.778639226663||||49470.9609375|27.25|2775||||885047|THA639|X|X|0|0|7||||132|5|0|0|[]|13:44:30:961
21|2.1|636136512578535772|0|49475.765625|13.8343405600167|100.777544885385||||49475.765625|26.25|2650||||885047|THA639|X|X|0|0|7||||132|5|0|0|[]|13:44:35:766
21|2.1|636136512621130031|0|49480.015625|13.8303923483503|100.776579290141||||49480.015625|25.75|2600||||885047|THA639|X|X|0|0|7||||132|5|0|0|[]|13:44:40:016
21|2.1|636136512665284446|0|49484.4296875|13.8266157980607|100.775613694896||||49484.4296875|25|2525||||885047|THA639|X|X|0|0|7||||132|5|0|0|[]|13:44:44:430
21|2.1|636136512705998517|0|49488.5078125|13.8230752821642|100.774691014996||||49488.5078125|24.5|2475||||885047|THA639|X|X|0|0|7||||132|5|0|0|[]|13:44:48:508
21|2.1|636136512759973914|0|49493.8984375|13.8192343588583|100.773661046735||||49493.8984375|23.75|2375||||885047|THA639|X|X|0|0|7||||132|5|0|0|[]|13:44:53:898
21|2.1|636136512805838500|0|49498.5|13.815307604864|100.772566705458||||49498.5|23|2325||||885047|THA639|X|X|0|0|7||||132|5|0|0|[]|13:44:58:500
21|2.1|636136512849682884|0|49502.875|13.8114881392302|100.77155819487||||49502.875|22.25|2250||||885047|THA639|X|X|0|0|7||||132|5|0|0|[]|13:45:02:875
21|2.1|636136512895547470|0|49507.46875|13.8075184698917|100.770528226609||||49507.46875|21.5|2150||||885047|THA639|X|X|0|0|7||||132|5|0|0|[]|13:45:07:469
21|2.1|636136512935791494|0|49511.4921875|13.8040852423557|100.769627004381||||49511.4921875|20.75|2075||||885047|THA639|X|X|0|0|7||||132|5|0|0|[]|13:45:11:492
21|2.1|636136512980095924|0|49515.921875|13.8003945227545|100.768639951464||||49515.921875|20|2000||||885047|THA639|X|X|0|0|7||||132|5|0|0|[]|13:45:15:922
21|2.1|636136513020499964|0|49519.9609375|13.7978625174467|100.767974763629||||49519.9609375|19.5|1950||||885047|THA639|X|X|0|0|7||||132|5|0|0|[]|13:45:19:961
21|2.1|636136513066054519|0|49524.5078125|13.7941288825013|100.766987710712||||49524.5078125|19|1875||||885047|THA639|X|X|0|0|7||||132|5|0|0|[]|13:45:24:508
21|2.1|636136513106768590|0|49528.5859375|13.7909102316863|100.766129403828||||49528.5859375|18.75|1850||||885047|THA639|X|X|0|0|7||||132|5|0|0|[]|13:45:28:586
21|2.1|636136513149982911|0|49532.90625|13.7875199194945|100.765249639272||||49532.90625|18|1750||||885047|THA639|X|X|0|0|7||||132|5|0|0|[]|13:45:32:906
21|2.1|636136513200067919|0|49537.921875|13.7837219115328|100.764241128683||||49537.921875|17|1650||||885047|THA639|X|X|0|0|7||||132|5|0|0|[]|13:45:37:922
21|2.1|636136513243122224|0|49542.21875|13.7812542792413|100.763575940848||||49542.21875|16.5|1600||||885047|THA639|X|X|0|0|7||||132|5|0|0|[]|13:45:42:219
21|2.1|636136513324870398|0|49550.3984375|13.7752890463975|100.762009530785||||49550.3984375|15.25|1475||||885047|THA639|X|X||0|7||||132|5|0|0|[]|13:45:50:398
21|2.1|636136513367764687|0|49554.6875|13.772177683943|100.761194139245||||49554.6875|14.75|1425||||885047|THA639|X|X|0|0|7||||132|5|0|0|[]|13:45:54:688
21|2.1|636136513410208931|0|49558.9296875|13.7692165251932|100.760443120722||||49558.9296875|14.25|1350||||885047|THA639|X|X|0|0|7||||132|5|0|0|[]|13:45:58:930
21|2.1|636136513454663376|0|49563.3671875|13.7661909934271|100.75960627151||||49563.3671875|13.75|1300||||885047|THA639|X|X|0|0|7||||132|5|0|0|[]|13:46:03:367
21|2.1|636136513498347744|0|49567.7421875|13.7638735648403|100.758983999019||||49567.7421875|13.25|1250||||885047|THA639|X|X|0|0|7||||132|5|0|0|[]|13:46:07:742
21|2.1|636136513539691878|0|49571.875|13.7610626097952|100.75827589584||||49571.875|12.75|1200||||885047|THA639|X|X|0|0|7||||132|5|0|0|[]|13:46:11:875
21|2.1|636136513582436152|0|49576.1484375|13.7583374854385|100.757546334988||||49576.1484375|12.25|1150||||885047|THA639|X|X|0|0|7||||132|5|0|0|[]|13:46:16:148
21|2.1|636136513627050613|0|49580.6171875|13.7554836150492|100.756795316465||||49580.6171875|11.75|1100||||885047|THA639|X|X|0|0|7||||132|5|0|0|[]|13:46:20:617
21|2.1|636136513671045012|0|49585.0078125|13.7527799483646|100.756087213285||||49585.0078125|11.25|1025||||885047|THA639|X|X|0|0|7||||132|5|0|0|[]|13:46:25:008
21|2.1|636136513716759583|0|49589.5859375|13.7504410621057|100.755529313811||||49589.5859375|10.75|975||||885047|THA639|X|X||0|7||||132|5|0|0|[]|13:46:29:586
21|2.1|636136513759963903|0|49593.8984375|13.7476515647327|100.754756837615||||49593.8984375|10.25|925||||885047|THA639|X|X||0|7||||132|5|0|0|[]|13:46:33:898
21|2.1|636136513803648271|0|49598.265625|13.7448620673597|100.754005819092||||49598.265625|9.75|875||||885047|THA639|X|X|0|0|7||||132|5|0|0|[]|13:46:38:266
21|2.1|636136513846552561|0|49602.5703125|13.7421798583472|100.753297715912||||49602.5703125|9.25|825||||885047|THA639|X|X|0|0|7||||132|5|0|0|[]|13:46:42:570
21|2.1|636136513889766882|0|49606.890625|13.7393903609742|100.752525239717||||49606.890625|8.75|775||||885047|THA639|X|X|0|0|7||||132|5|0|0|[]|13:46:46:891
21|2.1|636136513931881093|0|49611.1015625|13.7367510673059|100.751817136538||||49611.1015625|8.25|725||||885047|THA639|X|X|0|0|7||||132|5|0|0|[]|13:46:51:102
21|2.1|636136513976035508|0|49615.5078125|13.7345623847517|100.751259237063||||49615.5078125|7.75|675||||885047|THA639|X|X|0|0|7||||132|5|0|0|[]|13:46:55:508
21|2.1|636136514019089813|0|49619.8125|13.7318801757392|100.750551133884||||49619.8125|7.25|625||||885047|THA639|X|X|0|0|7||||132|5|0|0|[]|13:46:59:813
21|2.1|636136514068074711|0|49624.71875|13.7287044402684|100.749735742344||||49624.71875|6.75|550||||885047|THA639|X|X||0|7||||132|5|0|0|[]|13:47:04:719
21|2.1|636136514136881591|0|49631.6015625|13.7243914481763|100.748598485723||||49631.6015625|6|475||||885047|THA639|X|X|0|0|7||||132|5|0|0|[]|13:47:11:602
21|2.1|636136514180555958|0|49635.9609375|13.7215590354591|100.747890382543||||49635.9609375|5.5|425||||885047|THA639|X|X|0|0|7||||132|5|0|0|[]|13:47:15:961
21|2.1|636136514229070809|0|49640.8203125|13.7189841148071|100.747182279364||||49640.8203125|5|375||||885047|THA639|X|X||0|7||||132|5|0|0|[]|13:47:20:820
21|2.1|636136514271975099|0|49645.1015625|13.7163019057946|100.74643126084||||49645.1015625|4.25|300||||885047|THA639|X|X||0|7||||132|5|0|0|[]|13:47:25:102
21|2.1|636136514453103210|0|49663.2109375|13.7051224586305|100.743513017435||||49663.2109375|2|75||||885047|THA639|X|X||0|7||||132|5|0|0|[]|13:47:43:211
