21|2.1|636136526092497033|0|50827.140625|15.4663681845985|108.626460932156||||50827.140625|350|37375||||8880dc|X|X|X|0|0|7||||132|163|0|0|[]|14:07:07:141
21|2.1|636136526132901073|0|50831.1796875|15.4743289809476|108.621976278687||||50831.1796875|350|37375||||8880dc|X|X|X|0|0|7||||132|163|0|0|[]|14:07:11:180
21|2.1|636136526203728155|0|50838.2578125|15.4882550101405|108.614122770699||||50838.2578125|350|37375||||8880dc|VJC784|X|X||0|7||||132|163|0|0|[]|14:07:18:258
21|2.1|636136526252403022|0|50843.109375|15.4976749281924|108.60882272569||||50843.109375|349.75|37350||||8880dc|VJC784|5740|X|0|0|8||||132|163|0|0|[]|14:07:23:109
21|2.1|636136526292497031|0|50847.140625|15.5055928091973|108.604338072221||||50847.140625|350|37375||||8880dc|VJC784|5740|X||0|8||||132|163|0|0|[]|14:07:27:141
21|2.1|636136526390936874|0|50856.9765625|15.5249690871036|108.59339465945||||50856.9765625|349.75|37350||||8880dc|VJC784|5740|X||0|8||||132|163|0|0|[]|14:07:36:977
21|2.1|636136526431970977|0|50861.078125|15.5329513411248|108.588910005981||||50861.078125|349.75|37350||||8880dc|VJC784|5740|X|0|0|8||||132|163|0|0|[]|14:07:41:078
21|2.1|636136526481425922|0|50866.03125|15.5427145819303|108.583373926579||||50866.03125|349.75|37350||||8880dc|VJC784|5740|X|0|0|8||||132|163|0|0|[]|14:07:46:031
21|2.1|636136526523700149|0|50870.2421875|15.5509543280167|108.578739069406||||50870.2421875|349.75|37350||||8880dc|VJC784|5740|X|0|0|8||||132|163|0|0|[]|14:07:50:242
21|2.1|636136526652082986|0|50883.09375|15.5761885504063|108.564491175131||||50883.09375|349.75|37350||||8880dc|VJC784|5740|X||0|8||||132|163|0|0|[]|14:08:03:094
21|2.1|636136526984696244|0|50916.34375|15.6415915349671|108.527519606103||||50916.34375|349.75|37350||||8880dc|VJC784|5740|X|0|0|8||||132|163|0|0|[]|14:08:36:344
21|2.1|636136527143972170|0|50932.2734375|15.6729841092494|108.509795568948||||50932.2734375|349.75|37350||||8880dc|VJC784|5740|X|0|0|8||||132|163|0|0|[]|14:08:52:273
21|2.1|636136527185156288|0|50936.3984375|15.6811165669753|108.505160711775||||50936.3984375|350|37375||||8880dc|VJC784|5740|X||0|8||||132|163|0|0|[]|14:08:56:398
21|2.1|636136527225410313|0|50940.4296875|15.6890773633244|108.500676058306||||50940.4296875|350|37375||||8880dc|VJC784|X|X|0|0|8||||132|163|0|0|[]|14:09:00:430
21|2.1|636136527270184790|0|50944.8984375|15.6978964665575|108.495676420707||||50944.8984375|350|37375||||8880dc|VJC784|X|X|0|0|8||||132|163|0|0|[]|14:09:04:898
21|2.1|636136527312309002|0|50949.109375|15.7062220433323|108.490977190517||||50949.109375|350|37375||||8880dc|VJC784|5740|X|0|0|8||||132|163|0|0|[]|14:09:09:109
21|2.1|636136527365814352|0|50954.46875|15.7167792180055|108.484990500001||||50954.46875|350|37375||||8880dc|VJC784|5740|X|0|0|8||||132|163|0|0|[]|14:09:14:469
21|2.1|636136527421199890|0|50959.9921875|15.7276582577602|108.47885360578||||50959.9921875|350|37375||||8880dc|VJC784|5740|X|0|0|8||||132|163|0|0|[]|14:09:19:992
21|2.1|636136527461913961|0|50964.078125|15.735769257814|108.474240206279||||50964.078125|350|37375||||8880dc|VJC784|5740|X||0|8||||132|163|0|0|[]|14:09:24:078
21|2.1|636136527510278797|0|50968.90625|15.7454037525869|108.468811415237||||50968.90625|350|37375||||8880dc|VJC784|5740|X|0|0|8||||132|163|0|0|[]|14:09:28:906
21|2.1|636136528131950958|0|51031.0625|15.8678841449337|108.399395845994||||51031.0625|350|37375||||8880dc|VJC784|5740|X|0|0|8||||132|163|0|0|[]|14:10:31:063
21|2.1|636136528183906153|0|51036.2734375|15.8781409121975|108.393623732199||||51036.2734375|350|37375||||8880dc|VJC784|5740|X||0|8||||132|163|0|0|[]|14:10:36:273
21|2.1|636136528252543016|0|51043.140625|15.8916807032926|108.385898970243||||51043.140625|350|37375||||8880dc|VJC784|5740|X||0|8||||132|163|0|0|[]|14:10:43:141
21|2.1|636136528301687930|0|51048.0390625|15.9013366557376|108.380470179202||||51048.0390625|350.25|37400||||8880dc|VJC784|5740|X||0|8||||132|163|0|0|[]|14:10:48:039
21|2.1|636136528353633124|0|51053.2421875|15.9115505076572|108.374676607735||||51053.2421875|350.25|37400||||8880dc|VJC784|5740|X||0|8||||132|163|0|0|[]|14:10:53:242
21|2.1|636136528397317492|0|51057.6171875|15.9201764918414|108.369784258496||||51057.6171875|350.25|37400||||8880dc|VJC784|5740|X|0|0|8||||132|163|0|0|[]|14:10:57:617
21|2.1|636136528442722032|0|51062.1328125|15.9290814257629|108.364763163224||||51062.1328125|350.25|37400||||8880dc|VJC784|5740|X|0|0|8||||132|163|0|0|[]|14:11:02:133
