21|2.1|636136510358423783|0|49253.75|16.0590290880005|107.758862876137||||49253.75|350|37350||||888127|VJC162|5747|X||0|8||||132|163|0|0|[]|13:40:53:750
21|2.1|636136510407098650|0|49258.609375|16.0698866700831|107.758026026925||||49258.609375|350|37350||||888127|VJC162|5747|X||0|8||||132|163|0|0|[]|13:40:58:609
21|2.1|636136510448912831|0|49262.7890625|16.0791992997745|107.757339381418||||49262.7890625|350|37350||||888127|VJC162|5747|X||0|8||||132|163|0|0|[]|13:41:02:789
21|2.1|636136510519889928|0|49269.890625|16.0950136041122|107.756116294108||||49269.890625|350|37375||||888127|VJC162|5747|X||0|8||||132|163|0|0|[]|13:41:09:891
21|2.1|636136510609278866|0|49278.8203125|16.1149048661489|107.754592799389||||49278.8203125|350|37375||||888127|VJC162|5747|X||0|8||||132|163|0|0|[]|13:41:18:820
21|2.1|636136510649692907|0|49282.8671875|16.123938546103|107.753906153882||||49282.8671875|350|37350||||888127|VJC162|5747|X||0|8||||132|163|0|0|[]|13:41:22:867
21|2.1|636136510690717009|0|49286.96875|16.1330580567455|107.753240966047||||49286.96875|350|37350||||888127|VJC162|5747|X||0|8||||132|163|0|0|[]|13:41:26:969
21|2.1|636136510733621299|0|49291.25|16.1426281785021|107.752511405195||||49291.25|350|37350||||888127|VJC162|5747|X||0|8||||132|163|0|0|[]|13:41:31:250
21|2.1|636136510786666603|0|49296.578125|16.1544298981571|107.751588725295||||49296.578125|350|37375||||888127|VJC162|5747|X||0|8||||132|163|0|0|[]|13:41:36:578
21|2.1|636136510847042640|0|49302.6171875|16.1678838585638|107.750580214706||||49302.6171875|350|37350||||888127|VJC162|5747|X||0|8||||132|163|0|0|[]|13:41:42:617
21|2.1|636136510915679503|0|49309.46875|16.1831831787711|107.749400042741||||49309.46875|350|37350||||888127|VJC162|5747|X||0|8||||132|163|0|0|[]|13:41:49:469
21|2.1|636136510966694604|0|49314.5703125|16.1945557449841|107.748563193529||||49314.5703125|350|37350||||888127|VJC162|5747|X||0|8||||132|163|0|0|[]|13:41:54:570
21|2.1|636136511016619596|0|49319.5625|16.2057137344761|107.747747801989||||49319.5625|350|37350||||888127|VJC162|5747|X||0|8||||132|163|0|0|[]|13:41:59:563
21|2.1|636136512101628086|0|49428.0546875|16.4475846143873|107.729380034671||||49428.0546875|350|37350||||888127|VJC162|X|X||0|8||||132|163|0|0|[]|13:43:48:055
21|2.1|636136512230180940|0|49440.9296875|16.476273521985|107.727234267461||||49440.9296875|350|37350||||888127|VJC162|X|X||0|8||||132|163|0|0|[]|13:44:00:930
21|2.1|636136512271835105|0|49445.0703125|16.485500320988|107.726547621954||||49445.0703125|350|37350||||888127|VJC162|5747|X||0|8||||132|163|0|0|[]|13:44:05:070
21|2.1|636136512319879909|0|49449.8828125|16.4962076993659|107.725775145759||||49449.8828125|350|37350||||888127|VJC162|5747|X||0|8||||132|163|0|0|[]|13:44:09:883
21|2.1|636136512369494870|0|49454.8515625|16.5072798581695|107.724916838875||||49454.8515625|350|37350||||888127|VJC162|5747|X||0|8||||132|163|0|0|[]|13:44:14:852
21|2.1|636136512410208941|0|49458.921875|16.5163349957957|107.724273108712||||49458.921875|350|37350||||888127|VJC162|5747|X||0|8||||132|163|0|0|[]|13:44:18:922
21|2.1|636136512452173137|0|49463.1171875|16.5256690831592|107.723586463204||||49463.1171875|350|37350||||888127|VJC162|5747|X||0|8||||132|163|0|0|[]|13:44:23:117
21|2.1|636136512493827302|0|49467.28125|16.5349387975064|107.722856902353||||49467.28125|350|37350||||888127|VJC162|5747|X||0|8||||132|163|0|0|[]|13:44:27:281
21|2.1|636136512535481467|0|49471.4296875|16.5441655965094|107.722191714518||||49471.4296875|350|37350||||888127|VJC162|5747|X||0|8||||132|163|0|0|[]|13:44:31:430
21|2.1|636136512577925711|0|49475.6953125|16.5536498875776|107.721483611339||||49475.6953125|350|37350||||888127|VJC162|5747|X||0|8||||132|163|0|0|[]|13:44:35:695
21|2.1|636136512618479766|0|49479.7421875|16.5626835675317|107.720796965831||||49479.7421875|350|37350||||888127|VJC162|5747|X||0|8||||132|163|0|0|[]|13:44:39:742
21|2.1|636136512659823900|0|49483.8828125|16.5718889088626|107.720110320324||||49483.8828125|350|37350||||888127|VJC162|5747|X||0|8||||132|163|0|0|[]|13:44:43:883
21|2.1|636136512706618579|0|49488.5703125|16.5823173375032|107.719337844129||||49488.5703125|350|37350||||888127|VJC162|5747|X||0|8||||132|163|0|0|[]|13:44:48:570
21|2.1|636136512757163633|0|49493.6171875|16.5935611576836|107.718543910261||||49493.6171875|350|37350||||888127|VJC162|5747|X||0|8||||132|163|0|0|[]|13:44:53:617
21|2.1|636136512797267643|0|49497.6328125|16.6024875492772|107.717857264754||||49497.6328125|350|37350||||888127|VJC162|5747|X||0|8||||132|163|0|0|[]|13:44:57:633
21|2.1|636136512844682384|0|49502.3671875|16.6130232662783|107.717084788558||||49502.3671875|350|37350||||888127|VJC162|5747|X||0|8||||132|163|0|0|[]|13:45:02:367
21|2.1|636136512887276643|0|49506.6328125|16.6225504726907|107.716376685379||||49506.6328125|350|37350||||888127|VJC162|5747|X||0|8||||132|163|0|0|[]|13:45:06:633
21|2.1|636136512945152430|0|49512.421875|16.6354036182786|107.715454005478||||49512.421875|350|37350||||888127|VJC162|5747|X||0|8||||132|163|0|0|[]|13:45:12:422
21|2.1|636136512986176532|0|49516.5078125|16.6445231289211|107.714724444627||||49516.5078125|350|37350||||888127|VJC162|5747|X||0|8||||132|163|0|0|[]|13:45:16:508
21|2.1|636136513026270541|0|49520.5234375|16.6534495205147|107.714080714464||||49520.5234375|350|37350||||888127|VJC162|5747|X||0|8||||132|163|0|0|[]|13:45:20:523
21|2.1|636136513067924706|0|49524.6875|16.6627192348619|107.713351153613||||49524.6875|350|37350||||888127|VJC162|5747|X||0|8||||132|163|0|0|[]|13:45:24:688
21|2.1|636136513109738887|0|49528.875|16.6720318645533|107.712664508105||||49528.875|350|37350||||888127|VJC162|5747|X||0|8||||132|163|0|0|[]|13:45:28:875
21|2.1|636136513156383551|0|49533.515625|16.6823744625055|107.711849116566||||49533.515625|350|37350||||888127|VJC162|5747|X||0|8||||132|163|0|0|[]|13:45:33:516
21|2.1|636136513196787591|0|49537.5703125|16.6913437694433|107.711141013386||||49537.5703125|350|37350||||888127|VJC162|5747|X||0|8||||132|163|0|0|[]|13:45:37:570
21|2.1|636136513237661678|0|49541.6640625|16.7004632800858|107.710432910207||||49541.6640625|350|37350||||888127|VJC162|5747|X||0|8||||132|163|0|0|[]|13:45:41:664
21|2.1|636136513284926404|0|49546.390625|16.7109989970869|107.709617518667||||49546.390625|350|37350||||888127|VJC162|5747|X||0|8||||132|163|0|0|[]|13:45:46:391
21|2.1|636136513334231334|0|49551.328125|16.72196386753|107.708802127127||||49551.328125|350|37350||||888127|VJC162|5747|X||0|8||||132|163|0|0|[]|13:45:51:328
21|2.1|636136513376355546|0|49555.5390625|16.7313408702377|107.708094023948||||49555.5390625|350|37350||||888127|VJC162|5747|X||0|8||||132|163|0|0|[]|13:45:55:539
21|2.1|636136513424410351|0|49560.328125|16.7419838755993|107.707257174736||||49560.328125|350|37350||||888127|VJC162|5747|X||0|8||||132|163|0|0|[]|13:46:00:328
21|2.1|636136513464804390|0|49564.375|16.7509531825371|107.706591986901||||49564.375|350|37350||||888127|VJC162|5747|X||0|8||||132|163|0|0|[]|13:46:04:375
21|2.1|636136513514409350|0|49569.3359375|16.7620253413407|107.705776595361||||49569.3359375|350|37350||||888127|VJC162|5747|X||0|8||||132|163|0|0|[]|13:46:09:336
21|2.1|636136513555913500|0|49573.4765625|16.7712306826716|107.705089949854||||49573.4765625|350|37350||||888127|VJC162|5747|X||0|8||||132|163|0|0|[]|13:46:13:477
21|2.1|636136513603808289|0|49578.2890625|16.7819380610495|107.704274558314||||49578.2890625|350|37350||||888127|VJC162|5747|X||0|8||||132|163|0|0|[]|13:46:18:289
21|2.1|636136513644522360|0|49582.3359375|16.7909073679873|107.703609370479||||49582.3359375|350|37350||||888127|VJC162|5747|X||0|8||||132|163|0|0|[]|13:46:22:336
21|2.1|636136513694287336|0|49587.328125|16.8020438998072|107.702751063595||||49587.328125|350|37350||||888127|VJC162|5747|X||0|8||||132|163|0|0|[]|13:46:27:328
21|2.1|636136513736251532|0|49591.5234375|16.8113779871707|107.702000045072||||49591.5234375|350|37350||||888127|VJC162|5747|X||0|8||||132|163|0|0|[]|13:46:31:523
21|2.1|636136513777905697|0|49595.6875|16.82066915919|107.701334857237||||49595.6875|350|37350||||888127|VJC162|5747|X||0|8||||132|163|0|0|[]|13:46:35:688
21|2.1|636136513830951001|0|49601|16.8324494211729|107.700390719664||||49601|349.75|37325||||888127|VJC162|5747|X||0|8||||132|163|0|0|[]|13:46:41:000
21|2.1|636136513872135119|0|49605.109375|16.8416333048317|107.699704074157||||49605.109375|349.75|37325||||888127|VJC162|5747|X||0|8||||132|163|0|0|[]|13:46:45:109
21|2.1|636136513912699175|0|49609.1640625|16.8506455271137|107.698974513306||||49609.1640625|349.75|37325||||888127|VJC162|5747|X||0|8||||132|163|0|0|[]|13:46:49:164
21|2.1|636136513954193324|0|49613.3125|16.859936699133|107.698309325471||||49613.3125|349.75|37325||||888127|VJC162|5747|X||0|8||||132|163|0|0|[]|13:46:53:313
21|2.1|636136514000217926|0|49617.9140625|16.8701934663968|107.697536849275||||49617.9140625|349.75|37325||||888127|VJC162|5747|X||0|8||||132|163|0|0|[]|13:46:57:914
21|2.1|636136514041242028|0|49622.0234375|16.8793773500556|107.69687166144||||49622.0234375|349.75|37325||||888127|VJC162|5747|X||0|8||||132|163|0|0|[]|13:47:02:023
21|2.1|636136514081336037|0|49626.0390625|16.8883251993213|107.696185015933||||49626.0390625|349.75|37325||||888127|VJC162|5747|X||0|8||||132|163|0|0|[]|13:47:06:039
21|2.1|636136514124550358|0|49630.359375|16.8979811517663|107.695455455081||||49630.359375|349.75|37325||||888127|VJC162|5747|X||0|8||||132|163|0|0|[]|13:47:10:359
21|2.1|636136514171505053|0|49635.0390625|16.9084524957511|107.694640063541||||49635.0390625|349.75|37325||||888127|VJC162|5747|X||0|8||||132|163|0|0|[]|13:47:15:039
21|2.1|636136514220499952|0|49639.953125|16.9194173661942|107.693781756657||||49639.953125|349.75|37325||||888127|VJC162|5747|X||0|8||||132|163|0|0|[]|13:47:19:953
21|2.1|636136514270104912|0|49644.9140625|16.930532440342|107.692944907446||||49644.9140625|349.75|37325||||888127|VJC162|5747|X||0|8||||132|163|0|0|[]|13:47:24:914
21|2.1|636136514310348936|0|49648.9296875|16.9395017472798|107.692236804266||||49648.9296875|349.75|37325||||888127|VJC162|5747|X||0|8||||132|163|0|0|[]|13:47:28:930
21|2.1|636136514351853086|0|49653.0859375|16.9487929192991|107.691550158759||||49653.0859375|350|37350||||888127|VJC162|5747|X||0|8||||132|163|0|0|[]|13:47:33:086
21|2.1|636136514393817282|0|49657.28125|16.9581913796789|107.69084205558||||49657.28125|350|37350||||888127|VJC162|5747|X||0|8||||132|163|0|0|[]|13:47:37:281
21|2.1|636136514440311931|0|49661.921875|16.9685768929753|107.690048121712||||49661.921875|350|37350||||888127|VJC162|5747|X||0|8||||132|163|0|0|[]|13:47:41:922
21|2.1|636136514480705970|0|49665.9765625|16.9776320306015|107.689382933877||||49665.9765625|350|37350||||888127|VJC162|5747|X||0|8||||132|163|0|0|[]|13:47:45:977
21|2.1|636136514521740073|0|49670.0703125|16.9867729989161|107.688674830698||||49670.0703125|350|37350||||888127|VJC162|5747|X||0|8||||132|163|0|0|[]|13:47:50:070
21|2.1|636136514577595658|0|49675.6484375|16.9992399064062|107.687752150797||||49675.6484375|350|37350||||888127|VJC162|5747|X||0|8||||132|163|0|0|[]|13:47:55:648
21|2.1|636136514639051803|0|49681.8046875|17.0129728165502|107.686679267192||||49681.8046875|350|37350||||888127|VJC162|5747|X||0|8||||132|163|0|0|[]|13:48:01:805
21|2.1|636136514679615859|0|49685.8515625|17.0220494118485|107.685928248669||||49685.8515625|350|37350||||888127|VJC162|5747|X||0|8||||132|163|0|0|[]|13:48:05:852
21|2.1|636136514727670664|0|49690.6640625|17.0327997055706|107.684898280408||||49690.6640625|350|37350||||888127|VJC162|5747|X||0|8||||132|163|0|0|[]|13:48:10:664
21|2.1|636136514767914688|0|49694.6953125|17.0417475548363|107.683911227491||||49694.6953125|350|37350||||888127|VJC162|5747|X||0|8||||132|163|0|0|[]|13:48:14:695
21|2.1|636136515020329927|0|49719.9296875|17.0976233329847|107.674641513144||||49719.9296875|350|||||888127|VJC162|5747|X||0|8||||132|163|0|0|[]|13:48:39:930
21|2.1|636136515082426136|0|49726.1328125|17.111206039424|107.671615981378||||49726.1328125|350|||||888127|VJC162|5747|X||0|8||||132|163|0|0|[]|13:48:46:133
21|2.1|636136515125320425|0|49730.421875|17.1205401267875|107.669298552791||||49730.421875|350|37350||||888127|VJC162|5747|X||0|8||||132|163|0|0|[]|13:48:50:422
21|2.1|636136515374935384|0|49755.3828125|17.174291595398|107.653119468028||||49755.3828125|350|37350||||888127|VJC162|5747|X||0|8||||132|163|0|0|[]|13:49:15:383
21|2.1|636136515433751265|0|49761.265625|17.1867155875439|107.648613356887||||49761.265625|350|37350||||888127|VJC162|5747|X||0|8||||132|163|0|0|[]|13:49:21:266
21|2.1|636136515484606350|0|49766.359375|17.1974015082497|107.644472026172||||49766.359375|350|37350||||888127|VJC162|5747|X||0|8||||132|163|0|0|[]|13:49:26:359
21|2.1|636136515533751264|0|49771.2578125|17.2076582755135|107.640330695456||||49771.2578125|350|37350||||888127|VJC162|5747|X||0|8||||132|163|0|0|[]|13:49:31:258
21|2.1|636136515585226411|0|49776.421875|17.2183656538914|107.635803126643||||49776.421875|350|37350||||888127|VJC162|5747|X||0|8||||132|163|0|0|[]|13:49:36:422
21|2.1|636136515625790467|0|49780.4765625|17.2267126883383|107.632069491698||||49780.4765625|350|37350||||888127|VJC162|5747|X||0|8||||132|163|0|0|[]|13:49:40:477
21|2.1|636136515686636551|0|49786.5703125|17.2392010535005|107.626318835575||||49786.5703125|350|37350||||888127|VJC162|5747|X||0|8||||132|163|0|0|[]|13:49:46:570
21|2.1|636136515734991386|0|49791.3984375|17.2490501249944|107.621726893746||||49791.3984375|350|37350||||888127|VJC162|5747|X||0|8||||132|163|0|0|[]|13:49:51:398
21|2.1|636136515786166503|0|49796.5|17.259478553635|107.616813086835||||49796.5|350|37350||||888127|VJC162|5747|X||0|8||||132|163|0|0|[]|13:49:56:500
21|2.1|636136515827030589|0|49800.6015625|17.2678041304098|107.612907790513||||49800.6015625|350|37350||||888127|VJC162|5747|X||0|8||||132|163|0|0|[]|13:50:00:602
21|2.1|636136515869934879|0|49804.8828125|17.2765588606266|107.608787917469||||49804.8828125|350|37350||||888127|VJC162|5747|X||0|8||||132|163|0|0|[]|13:50:04:883
21|2.1|636136515912839169|0|49809.171875|17.2853135908434|107.60471095977||||49809.171875|350|37350||||888127|VJC162|5747|X||0|8||||132|163|0|0|[]|13:50:09:172
21|2.1|636136515953873272|0|49813.265625|17.2936820829624|107.600784205776||||49813.265625|350|37350||||888127|VJC162|5747|X||0|8||||132|163|0|0|[]|13:50:13:266
21|2.1|636136516002858170|0|49818.1796875|17.3037028158331|107.596106433258||||49818.1796875|350|37350||||888127|VJC162|5747|X||0|8||||132|163|0|0|[]|13:50:18:180
21|2.1|636136516052153099|0|49823.1015625|17.313766464048|107.59142866074||||49823.1015625|350|37350||||888127|VJC162|5747|X||0|8||||132|163|0|0|[]|13:50:23:102
21|2.1|636136516092397123|0|49827.1328125|17.3219847524623|107.58754482209||||49827.1328125|350|37350||||888127|VJC162|5747|X||0|8||||132|163|0|0|[]|13:50:27:133
21|2.1|636136516133121195|0|49831.21875|17.3303747022534|107.58366098344||||49831.21875|350|37350||||888127|VJC162|5747|X||0|8||||132|163|0|0|[]|13:50:31:219
21|2.1|636136516182256108|0|49836.1171875|17.340373977452|107.579004668595||||49836.1171875|350|37350||||888127|VJC162|5747|X||0|8||||132|163|0|0|[]|13:50:36:117
21|2.1|636136516232031085|0|49841.09375|17.3505234563553|107.574219607716||||49841.09375|350|37350||||888127|VJC162|5747|X||0|8||||132|163|0|0|[]|13:50:41:094
21|2.1|636136516283046186|0|49846.1953125|17.3609518849959|107.56934871615||||49846.1953125|350|37350||||888127|VJC162|5747|X||0|8||||132|163|0|0|[]|13:50:46:195
21|2.1|636136516325950476|0|49850.4921875|17.3697495305569|107.565207385434||||49850.4921875|350|37350||||888127|VJC162|5747|X||0|8||||132|163|0|0|[]|13:50:50:492
21|2.1|636136516366504531|0|49854.5390625|17.3780321919875|107.561302089112||||49854.5390625|350|37350||||888127|VJC162|5747|X||0|8||||132|163|0|0|[]|13:50:54:539
21|2.1|636136516409258806|0|49858.828125|17.3867869222043|107.557182216069||||49858.828125|350|37350||||888127|VJC162|5747|X||0|8||||132|163|0|0|[]|13:50:58:828
21|2.1|636136516451052985|0|49863|17.3952841603559|107.553169631386||||49863|350|37350||||888127|VJC162|5747|X||0|8||||132|163|0|0|[]|13:51:03:000
21|2.1|636136516491156995|0|49867|17.4034809910981|107.549307250408||||49867|350|37350||||888127|VJC162|5747|X||0|8||||132|163|0|0|[]|13:51:07:000
21|2.1|636136516588496728|0|49876.7421875|17.4233937108069|107.539908790028||||49876.7421875|350|37350||||888127|VJC162|5747|X||0|8||||132|163|0|0|[]|13:51:16:742
21|2.1|636136516629680846|0|49880.8671875|17.4318265759422|107.535960578362||||49880.8671875|350|37350||||888127|VJC162|5747|X||0|8||||132|163|0|0|[]|13:51:20:867
21|2.1|636136516788656742|0|49896.765625|17.4643134915016|107.520639800483||||49896.765625|350|37350||||888127|VJC162|5747|X||0|8||||132|163|0|0|[]|13:51:36:766
21|2.1|636136516869304806|0|49904.828125|17.4808358990186|107.51285066551||||49904.828125|350|37350||||888127|VJC162|5747|X||0|8||||132|163|0|0|[]|13:51:44:828
21|2.1|636136516930930968|0|49910.9921875|17.4934530102134|107.506906890339||||49910.9921875|350|37350||||888127|VJC162|5747|X||0|8||||132|163|0|0|[]|13:51:50:992
21|2.1|636136516979755850|0|49915.859375|17.5034737430841|107.502229117821||||49915.859375|350|37350||||888127|VJC162|5747|X||0|8||||132|163|0|0|[]|13:51:55:859
21|2.1|636136517029680842|0|49920.8515625|17.5136446796595|107.497401141598||||49920.8515625|350|37350||||888127|VJC162|5747|X||0|8||||132|163|0|0|[]|13:52:00:852
21|2.1|636136517070084882|0|49924.90625|17.5219487987622|107.493517302948||||49924.90625|350|37350||||888127|VJC162|5747|X||0|8||||132|163|0|0|[]|13:52:04:906
21|2.1|636136517111118985|0|49929.0078125|17.5303816638975|107.489569091282||||49929.0078125|350|37350||||888127|VJC162|5747|X||0|8||||132|163|0|0|[]|13:52:09:008
21|2.1|636136517154023275|0|49933.2890625|17.5391149364422|107.485406302894||||49933.2890625|350|37350||||888127|VJC162|5747|X||0|8||||132|163|0|0|[]|13:52:13:289
21|2.1|636136517196767549|0|49937.5703125|17.5479125820032|107.481264972179||||49937.5703125|350|37350||||888127|VJC162|5747|X||0|8||||132|163|0|0|[]|13:52:17:570
21|2.1|636136517237791651|0|49941.671875|17.5563454471385|107.477316760513||||49941.671875|350|37350||||888127|VJC162|5747|X||0|8||||132|163|0|0|[]|13:52:21:672
21|2.1|636136517286936565|0|49946.5859375|17.5663876376813|107.472574614979||||49946.5859375|350|37350||||888127|VJC162|5747|X||0|8||||132|163|0|0|[]|13:52:26:586
21|2.1|636136517346222493|0|49952.515625|17.5785326800899|107.4668668742||||49952.515625|350|37350||||888127|VJC162|5747|X||0|8||||132|163|0|0|[]|13:52:32:516
21|2.1|636136517387246595|0|49956.609375|17.586922629881|107.462961577878||||49956.609375|350|37350||||888127|VJC162|5747|X||0|8||||132|163|0|0|[]|13:52:36:609
21|2.1|636136517437171587|0|49961.6015625|17.5971579394727|107.458133601655||||49961.6015625|350|37350||||888127|VJC162|5747|X||0|8||||132|163|0|0|[]|13:52:41:602
21|2.1|636136517477885658|0|49965.671875|17.6055049739196|107.454185389989||||49965.671875|350|37350||||888127|VJC162|5747|X||0|8||||132|163|0|0|[]|13:52:45:672
21|2.1|636136517526710540|0|49970.5703125|17.6155257067903|107.449464702127||||49970.5703125|350|37350||||888127|VJC162|5747|X||0|8||||132|163|0|0|[]|13:52:50:570
21|2.1|636136517588486717|0|49976.7421875|17.6281642756572|107.443499469283||||49976.7421875|350|37350||||888127|VJC162|5747|X||0|8||||132|163|0|0|[]|13:52:56:742
21|2.1|636136518470704930|0|50064.96875|17.8089237054276|107.358162307341||||50064.96875|350|||||888127|VJC162|X|X||0|8||||132|163|0|0|[]|13:54:24:969
21|2.1|636136518551983057|0|50073.078125|17.8255534013051|107.350308799353||||50073.078125|350|37325||||888127|X|X|X||0|8||||132|163|0|0|[]|13:54:33:078
21|2.1|636136518601277986|0|50078.015625|17.8356599648642|107.345523738474||||50078.015625|350|37350||||888127|X|5747|X||0|8||||132|163|0|0|[]|13:54:38:016
21|2.1|636136518650882946|0|50082.9765625|17.8458309014396|107.340717219924||||50082.9765625|350|37350||||888127|VJC162|5747|X||0|8||||132|163|0|0|[]|13:54:42:977
21|2.1|636136518692227080|0|50087.1171875|17.854285224247|107.336704635241||||50087.1171875|350|37350||||888127|VJC162|5747|X||0|8||||132|163|0|0|[]|13:54:47:117
21|2.1|636136518734821339|0|50091.375|17.8630399544638|107.332563304526||||50091.375|350|37350||||888127|VJC162|5747|X||0|8||||132|163|0|0|[]|13:54:51:375
21|2.1|636136518775705427|0|50095.4609375|17.8713655312386|107.32861509286||||50095.4609375|350|37350||||888127|VJC162|5747|X||0|8||||132|163|0|0|[]|13:54:55:461
21|2.1|636136518819999856|0|50099.875|17.8803992111927|107.324302100768||||50099.875|350|37325||||888127|VJC162|5747|X||0|8||||132|163|0|0|[]|13:54:59:875
21|2.1|636136518862274083|0|50104.1171875|17.8890895683932|107.320246600741||||50104.1171875|350|37350||||888127|VJC162|5747|X||0|8||||132|163|0|0|[]|13:55:04:117
21|2.1|636136518903468202|0|50108.234375|17.8975224335285|107.316212558386||||50108.234375|350|37350||||888127|VJC162|5747|X||0|8||||132|163|0|0|[]|13:55:08:234
21|2.1|636136518945742429|0|50112.46875|17.9061484177127|107.312092685343||||50112.46875|350|37350||||888127|VJC162|5747|X||0|8||||132|163|0|0|[]|13:55:12:469
21|2.1|636136518987546609|0|50116.6484375|17.9147100288806|107.308037185316||||50116.6484375|350|37325||||888127|VJC162|5747|X||0|8||||132|163|0|0|[]|13:55:16:648
21|2.1|636136519030140868|0|50120.8984375|17.9234433014253|107.303917312273||||50120.8984375|350|37350||||888127|VJC162|5747|X||0|8||||132|163|0|0|[]|13:55:20:898
21|2.1|636136519075375391|0|50125.421875|17.9327130157725|107.299539947164||||50125.421875|350|37350||||888127|VJC162|5747|X||0|8||||132|163|0|0|[]|13:55:25:422
21|2.1|636136519117659619|0|50129.65625|17.9413604576288|107.295420074121||||50129.65625|350|37350||||888127|VJC162|5747|X||0|8||||132|163|0|0|[]|13:55:29:656
21|2.1|636136519166334486|0|50134.515625|17.9512953598111|107.290742301603||||50134.515625|350|37325||||888127|VJC162|5747|X||0|8||||132|163|0|0|[]|13:55:34:516
21|2.1|636136519208298682|0|50138.71875|17.9598998863232|107.286643886232||||50138.71875|350|37325||||888127|VJC162|5747|X||0|8||||132|163|0|0|[]|13:55:38:719
21|2.1|636136519255883440|0|50143.46875|17.9696202117845|107.282030486731||||50143.46875|350|37325||||888127|VJC162|5747|X||0|8||||132|163|0|0|[]|13:55:43:469
21|2.1|636136519297687620|0|50147.6640625|17.9782032806245|107.277974986704||||50147.6640625|350|37325||||888127|VJC162|5747|X||0|8||||132|163|0|0|[]|13:55:47:664
21|2.1|636136519347302581|0|50152.6171875|17.9883527595278|107.273147010481||||50152.6171875|350|37325||||888127|VJC162|5747|X||0|8||||132|163|0|0|[]|13:55:52:617
21|2.1|636136519417189569|0|50159.609375|18.0027079421627|107.266366386098||||50159.609375|350|37325||||888127|VJC162|5747|X||0|8||||132|163|0|0|[]|13:55:59:609
21|2.1|636136519478185668|0|50165.7109375|18.0151963073249|107.260444068598||||50165.7109375|350|37325||||888127|VJC162|5747|X||0|8||||132|163|0|0|[]|13:56:05:711
21|2.1|636136519539181767|0|50171.8046875|18.0276846724871|107.254521751098||||50171.8046875|349.75|37300||||888127|VJC162|5747|X||0|8||||132|163|0|0|[]|13:56:11:805
21|2.1|636136519587546603|0|50176.6328125|18.0376195746694|107.249779605564||||50176.6328125|350|37325||||888127|VJC162|5747|X||0|8||||132|163|0|0|[]|13:56:16:633
21|2.1|636136519628110659|0|50180.7109375|18.0459666091163|107.245831393898||||50180.7109375|350|37325||||888127|VJC162|5747|X||0|8||||132|163|0|0|[]|13:56:20:711
21|2.1|636136519669914839|0|50184.8828125|18.0545282202842|107.241797351543||||50184.8828125|350|37325||||888127|VJC162|5747|X||0|8||||132|163|0|0|[]|13:56:24:883
21|2.1|636136519713909238|0|50189.2890625|18.0635619002383|107.237505817123||||50189.2890625|350|37325||||888127|VJC162|5747|X||0|8||||132|163|0|0|[]|13:56:29:289
21|2.1|636136519754783325|0|50193.375|18.0719518500294|107.233536147785||||50193.375|350|37325||||888127|VJC162|5747|X||0|8||||132|163|0|0|[]|13:56:33:375
21|2.1|636136519796907537|0|50197.5859375|18.0806207495578|107.229459190086||||50197.5859375|350|37325||||888127|VJC162|5747|X||0|8||||132|163|0|0|[]|13:56:37:586
21|2.1|636136519944792324|0|50212.375|18.110918982563|107.215039634434||||50212.375|350|37325||||888127|VJC162|5747|X||0|8||||132|163|0|0|[]|13:56:52:375
21|2.1|636136519985666411|0|50216.453125|18.119287474682|107.211091422768||||50216.453125|350|37325||||888127|VJC162|5747|X||0|8||||132|163|0|0|[]|13:56:56:453
21|2.1|636136520034661310|0|50221.3515625|18.129372580569|107.206327819562||||50221.3515625|350|37325||||888127|VJC162|5747|X||0|8||||132|163|0|0|[]|13:57:01:352
21|2.1|636136520084416285|0|50226.328125|18.1395864324886|107.201456927995||||50226.328125|350|37325||||888127|VJC162|5747|X||0|8||||132|163|0|0|[]|13:57:06:328
21|2.1|636136520129510794|0|50230.8359375|18.1488132314916|107.197079562887||||50230.8359375|350|37325||||888127|VJC162|5747|X||0|8||||132|163|0|0|[]|13:57:10:836
21|2.1|636136520178495692|0|50235.734375|18.1588554220344|107.192273044336||||50235.734375|350|37325||||888127|VJC162|5747|X||0|8||||132|163|0|0|[]|13:57:15:734
21|2.1|636136520218899732|0|50239.78125|18.1671809988092|107.188346290342||||50239.78125|350|37325||||888127|VJC162|5747|X||0|8||||132|163|0|0|[]|13:57:19:781
21|2.1|636136520261794021|0|50244.078125|18.1760001020423|107.18414058661||||50244.078125|350|37325||||888127|VJC162|5747|X||0|8||||132|163|0|0|[]|13:57:24:078
21|2.1|636136520303608202|0|50248.25|18.1845617132102|107.180063628911||||50248.25|350|37325||||888127|VJC162|5747|X||0|8||||132|163|0|0|[]|13:57:28:250
21|2.1|636136520364604301|0|50254.3515625|18.1970715360445|107.174076938395||||50254.3515625|350|37325||||888127|VJC162|5747|X||0|8||||132|163|0|0|[]|13:57:34:352
21|2.1|636136520411418982|0|50259.03125|18.2066845731453|107.16952791191||||50259.03125|350|37325||||888127|VJC162|5747|X||0|8||||132|163|0|0|[]|13:57:39:031
21|2.1|636136520461954035|0|50264.0859375|18.2170486287696|107.164592647327||||50264.0859375|350|37325||||888127|VJC162|5747|X||0|8||||132|163|0|0|[]|13:57:44:086
21|2.1|636136520502048044|0|50268.09375|18.2252669171839|107.160644435661||||50268.09375|350|37325||||888127|VJC162|5747|X||0|8||||132|163|0|0|[]|13:57:48:094
21|2.1|636136520570224861|0|50274.9140625|18.2392787770652|107.154014014982||||50274.9140625|350|37325||||888127|VJC162|5747|X||0|8||||132|163|0|0|[]|13:57:54:914
21|2.1|636136520611719010|0|50279.0625|18.2477330998726|107.149958514955||||50279.0625|350|37325||||888127|VJC162|X|X||0|8||||132|147|0|0|[]|13:57:59:063
21|2.1|636136520621239962|0|50280.0078125|18.2497286633779|107.149057292727||||50280.0078125|350|37325||||888127|VJC162|5747|X||0|8||||132|163|0|0|[]|13:58:00:008
21|2.1|636136520670224860|0|50284.9140625|18.2597923115928|107.144272231849||||50284.9140625|350|37325||||888127|VJC162|X|X||0|8||||132|147|0|0|[]|13:58:04:914
21|2.1|636136520670224860|0|50284.9140625|18.2597923115928|107.144272231849||||50284.9140625|350|37325||||888127|VJC162|5747|X||0|8||||132|163|0|0|[]|13:58:04:914
21|2.1|636136520721860023|0|50290.078125|18.270349486266|107.139272594249||||50290.078125|350|37325||||888127|VJC162|5747|X||0|8||||132|147|0|0|[]|13:58:10:078
21|2.1|636136520762264063|0|50294.125|18.2786965207129|107.135345840255||||50294.125|350|37325||||888127|VJC162|5747|X||0|8||||132|147|0|0|[]|13:58:14:125
21|2.1|636136520804388275|0|50298.3203125|18.2872581318808|107.131290340228||||50298.3203125|350.25|37350||||888127|VJC162|5747|X||0|8||||132|147|0|0|[]|13:58:18:320
21|2.1|636136521260553887|0|50343.9453125|18.3803200557785|107.087023162686||||50343.9453125|350.25|||||888127|VJC162|5747|X||0|8||||132|163|0|0|[]|13:59:03:945
21|2.1|636136521452123042|0|50363.1015625|18.4192228152958|107.068462276319||||50363.1015625|350.25|37350||||888127|VJC162|5747|X||0|8||||132|163|0|0|[]|13:59:23:102
21|2.1|636136521734641291|0|50391.3515625|18.4764504267865|107.041168117408||||50391.3515625|350|37325||||888127|X|5747|X||0|8||||132|163|0|0|[]|13:59:51:352
21|2.1|636136521824040230|0|50400.3046875|18.4945607020389|107.03249921788||||50400.3046875|350|37325||||888127|X|5747|X||0|8||||132|163|0|0|[]|14:00:00:305
21|2.1|636136521866154441|0|50404.4921875|18.5030793978626|107.028465175525||||50404.4921875|350|37325||||888127|VJC162|5747|X||0|8||||132|163|0|0|[]|14:00:04:492
21|2.1|636136522264434265|0|50444.328125|18.5837387872865|106.989862823417||||50444.328125|349.75|37300||||888127|VJC162|5747|X||0|8||||132|163|0|0|[]|14:00:44:328
21|2.1|636136522312649086|0|50449.15625|18.5934805704199|106.985206508571||||50449.15625|349.75|37300||||888127|VJC162|5747|X||0|8||||132|163|0|0|[]|14:00:49:156
21|2.1|636136522354923313|0|50453.375|18.6020421815878|106.981086635528||||50453.375|349.75|37300||||888127|VJC162|5747|X||0|8||||132|163|0|0|[]|14:00:53:375
