21|2.1|636136510362174158|0|49254.109375|19.512319547414|105.77641000849||||49254.109375|296.75|31550||||888125|VJC167|4104|X||0|8||||132|147|0|0|[]|13:40:54:109
21|2.1|636136510448282768|0|49262.734375|19.495797139897|105.785593892149||||49262.734375|298.25|31700||||888125|VJC167|4104|X||0|8||||132|147|0|0|[]|13:41:02:734
21|2.1|636136510492587198|0|49267.1484375|19.4873642747617|105.790336037683||||49267.1484375|299|31800||||888125|VJC167|4104|X||0|8||||132|147|0|0|[]|13:41:07:148
21|2.1|636136510537991738|0|49271.6953125|19.4786095445449|105.795185471577||||49271.6953125|299.75|31875||||888125|VJC167|4104|X||0|8||||132|147|0|0|[]|13:41:11:695
21|2.1|636136510582296168|0|49276.1328125|19.4700693910491|105.799949074784||||49276.1328125|300.5|31950||||888125|VJC167|4104|X||0|8||||132|147|0|0|[]|13:41:16:133
21|2.1|636136510622700208|0|49280.171875|19.4622802560768|105.804326439892||||49280.171875|301.25|32050||||888125|VJC167|4104|X||0|8||||132|147|0|0|[]|13:41:20:172
21|2.1|636136510663104248|0|49284.203125|19.4544911211045|105.808639431984||||49284.203125|302|32125||||888125|VJC167|4104|X||0|8||||132|147|0|0|[]|13:41:24:203
21|2.1|636136510754843421|0|49293.390625|19.4369172876546|105.818467045806||||49293.390625|303.75|32300||||888125|VJC167|4104|X||0|8||||132|147|0|0|[]|13:41:33:391
21|2.1|636136510821140050|0|49300|19.4241499727551|105.825505162255||||49300|305.25|32475||||888125|VJC167|4104|X||0|8||||132|147|0|0|[]|13:41:40:000
21|2.1|636136510889316867|0|49306.8359375|19.4109749620857|105.832521821031||||49306.8359375|306.75|32625||||888125|VJC167|4104|X||0|8||||132|147|0|0|[]|13:41:46:836
21|2.1|636136510960453980|0|49313.9453125|19.3968558138439|105.838959122661||||49313.9453125|308|32750||||888125|VJC167|4104|X||0|8||||132|147|0|0|[]|13:41:53:945
21|2.1|636136511682606188|0|49386.1640625|19.244313222885|105.873505974742||||49386.1640625|320|34050||||888125|VJC167|4104|X||0|8||||132|147|0|0|[]|13:43:06:164
21|2.1|636136511726600587|0|49390.5625|19.2349147625052|105.875394249887||||49390.5625|320|34050||||888125|VJC167|4104|X||0|8||||132|147|0|0|[]|13:43:10:563
21|2.1|636136511770745001|0|49394.9765625|19.2254733867812|105.877282525032||||49394.9765625|320|34075||||888125|VJC167|4104|X||0|8||||132|147|0|0|[]|13:43:14:977
21|2.1|636136511910839009|0|49408.9765625|19.1952609844644|105.883440876925||||49408.9765625|320|34075||||888125|VJC167|4104|X||0|8||||132|147|0|0|[]|13:43:28:977
21|2.1|636136512054043328|0|49423.3046875|19.1641902752636|105.889770890194||||49423.3046875|320|34050||||888125|VJC167|4104|X||0|8||||132|147|0|0|[]|13:43:43:305
21|2.1|636136512093987322|0|49427.3046875|19.1555428334073|105.891487503962||||49427.3046875|320|34075||||888125|VJC167|4104|X||0|8||||132|147|0|0|[]|13:43:47:305
21|2.1|636136512561064025|0|49474|19.0551423856514|105.91210832685||||49474|320|34075||||888125|VJC167|4104|X||0|8||||132|147|0|0|[]|13:44:34:000
21|2.1|636136512610208939|0|49478.921875|19.0444350072735|105.914339924749||||49478.921875|320|34050||||888125|VJC167|4104|X||0|8||||132|147|0|0|[]|13:44:38:922
21|2.1|636136512651393057|0|49483.0390625|19.0356373617125|105.916142369205||||49483.0390625|320|34050||||888125|VJC167|4104|X||0|8||||132|147|0|0|[]|13:44:43:039
21|2.1|636136512694137331|0|49487.3203125|19.0264534780537|105.918116475038||||49487.3203125|320|34050||||888125|VJC167|4104|X||0|8||||132|147|0|0|[]|13:44:47:320
21|2.1|636136512735791496|0|49491.4765625|19.0175700018043|105.919983292511||||49491.4765625|320|34050||||888125|VJC167|4104|X||0|8||||132|147|0|0|[]|13:44:51:477
21|2.1|636136512778225739|0|49495.71875|19.0084504911618|105.921935940672||||49495.71875|320|34050||||888125|VJC167|4104|X||0|8||||132|147|0|0|[]|13:44:55:719
21|2.1|636136512824090325|0|49500.3046875|18.9985585043237|105.923995877194||||49500.3046875|320|34075||||888125|VJC167|4104|X||0|8||||132|147|0|0|[]|13:45:00:305
21|2.1|636136512864654381|0|49504.359375|18.9898681471232|105.925841236994||||49504.359375|320|34050||||888125|VJC167|4104|X||0|8||||132|147|0|0|[]|13:45:04:359
21|2.1|636136512907708686|0|49508.671875|18.9806413481202|105.927729512139||||49508.671875|320|34050||||888125|VJC167|4104|X||0|8||||132|147|0|0|[]|13:45:08:672
21|2.1|636136512951703085|0|49513.0625|18.9711999723962|105.929725075644||||49513.0625|320|34050||||888125|VJC167|4104|X||0|8||||132|147|0|0|[]|13:45:13:063
21|2.1|636136512995547469|0|49517.4453125|18.9618015120164|105.931656266133||||49517.4453125|320|34050||||888125|VJC167|4104|X||0|8||||132|147|0|0|[]|13:45:17:445
21|2.1|636136513149052818|0|49532.796875|18.9287352393103|105.938458348189||||49532.796875|320.25|34075||||888125|VJC167|4104|X||0|8||||132|147|0|0|[]|13:45:32:797
21|2.1|636136513231421054|0|49541.046875|18.9109897444836|105.942191983134||||49541.046875|320.25|34075||||888125|X|X|X||0|8||||132|163|0|0|[]|13:45:41:047
21|2.1|636136513271045016|0|49545.0078125|18.9023423026273|105.944015885263||||49545.0078125|320.25|34075||||888125|VJC167|4104|X||0|8||||132|147|0|0|[]|13:45:45:008
21|2.1|636136513300217933|0|49547.9140625|18.8961195777183|105.945281887917||||49547.9140625|320.25|34075||||888125|X|X|X||0|8||||132|163|0|0|[]|13:45:47:914
21|2.1|636136513342812192|0|49552.1875|18.8869356940595|105.947213078406||||49552.1875|320.25|34075||||888125|X|X|X||0|8||||132|163|0|0|[]|13:45:52:188
21|2.1|636136513342962207|0|49552.1875|18.8869356940595|105.947213078406||||49552.1875|320.25|34075||||888125|VJC167|4104|X||0|8||||132|147|0|0|[]|13:45:52:188
21|2.1|636136513387736684|0|49556.671875|18.8772582839424|105.949251557255||||49556.671875|320.25|34075||||888125|VJC167|4104|X||0|8||||132|163|0|0|[]|13:45:56:672
21|2.1|636136513430790989|0|49560.9921875|18.8679885695952|105.951204205416||||49560.9921875|320.25|34075||||888125|VJC167|4104|X||0|8||||132|163|0|0|[]|13:46:00:992
21|2.1|636136513491797089|0|49567.078125|18.8548135589258|105.953950787445||||49567.078125|320.5|34100||||888125|VJC167|4104|X||0|8||||132|163|0|0|[]|13:46:07:078
21|2.1|636136513541562065|0|49572.0546875|18.8442134689084|105.956160927672||||49572.0546875|320.5|34100||||888125|VJC167|4104|X||0|8||||132|163|0|0|[]|13:46:12:055
21|2.1|636136513611609069|0|49579.0625|18.8290214370616|105.959336663142||||49579.0625|320.5|34100||||888125|VJC167|4104|X||0|8||||132|163|0|0|[]|13:46:19:063
21|2.1|636136513653883296|0|49583.28125|18.8200092147796|105.961182022943||||49583.28125|320.5|34100||||888125|VJC167|4104|X||0|8||||132|163|0|0|[]|13:46:23:281
21|2.1|636136513702098117|0|49588.109375|18.8096666168274|105.963477993858||||49588.109375|320.5|34100||||888125|VJC167|4104|X||0|8||||132|163|0|0|[]|13:46:28:109
21|2.1|636136513711919099|0|49589.1015625|18.8075208496174|105.964035893332||||49589.1015625|320.5|34100||||888125|VJC167|4104|X||0|8||||132|147|0|0|[]|13:46:29:102
21|2.1|636136513749672874|0|49592.859375|18.7994742225799|105.966138745198||||49592.859375|320.5|34125||||888125|VJC167|4104|X||0|8||||132|163|0|0|[]|13:46:32:859
21|2.1|636136513769644871|0|49594.859375|18.7953114341925|105.967254544147||||49594.859375|320.5|34100||||888125|VJC167|4104|X||0|8||||132|147|0|0|[]|13:46:34:859
21|2.1|636136513798967803|0|49597.7890625|18.7890887092835|105.96912136162||||49597.7890625|320.5|34125||||888125|VJC167|4104|X||0|8||||132|163|0|0|[]|13:46:37:789
21|2.1|636136513814099316|0|49599.3125|18.7858486007964|105.970151329881||||49599.3125|320.5|34100||||888125|VJC167|4104|X||0|8||||132|147|0|0|[]|13:46:39:313
21|2.1|636136513858563762|0|49603.7421875|18.7766432594655|105.973198319319||||49603.7421875|320.5|34100||||888125|VJC167|4104|X||0|8||||132|147|0|0|[]|13:46:43:742
21|2.1|636136513899277833|0|49607.828125|18.7682103943302|105.976331139446||||49607.828125|320.5|34125||||888125|VJC167|4104|X||0|8||||132|147|0|0|[]|13:46:47:828
21|2.1|636136513909728878|0|49608.8671875|18.7660431694481|105.977167988657||||49608.8671875|320.5|34125||||888125|VJC167|4104|X||0|8||||132|163|0|0|[]|13:46:48:867
21|2.1|636136513942962201|0|49612.1875|18.7593054604087|105.979914570686||||49612.1875|320.5|34100||||888125|VJC167|4104|X||0|8||||132|147|0|0|[]|13:46:52:188
21|2.1|636136513967764681|0|49614.671875|18.7542629074652|105.982060337896||||49614.671875|320.5|34100||||888125|VJC167|4104|X||0|8||||132|163|0|0|[]|13:46:54:672
21|2.1|636136513988356740|0|49616.7265625|18.750143034422|105.983927155369||||49616.7265625|320.5|34100||||888125|VJC167|4104|X||0|8||||132|147|0|0|[]|13:46:56:727
21|2.1|636136514018309735|0|49619.7265625|18.744134886234|105.986716652742||||49619.7265625|320.5|34100||||888125|VJC167|4104|X||0|8||||132|163|0|0|[]|13:46:59:727
21|2.1|636136514032831187|0|49621.171875|18.7412810158447|105.988154316773||||49621.171875|320.5|34100||||888125|VJC167|4104|X||0|8||||132|147|0|0|[]|13:47:01:172
21|2.1|636136514066054509|0|49624.5|18.7348007988705|105.991458798276||||49624.5|320.5|34100||||888125|VJC167|4104|X||0|8||||132|163|0|0|[]|13:47:04:500
21|2.1|636136514076355539|0|49625.5234375|18.7327408623489|105.992510224209||||49625.5234375|320.5|34100||||888125|VJC167|4104|X||0|8||||132|147|0|0|[]|13:47:05:523
21|2.1|636136514106768580|0|49628.5625|18.7268400025214|105.995750332696||||49628.5625|320.5|34100||||888125|VJC167|4104|X||0|8||||132|163|0|0|[]|13:47:08:563
21|2.1|636136514117059609|0|49629.6015625|18.7248873543603|105.996844673973||||49629.6015625|320.5|34100||||888125|VJC167|4104|X||0|8||||132|147|0|0|[]|13:47:09:602
21|2.1|636136514147642667|0|49632.65625|18.7190508675491|106.000213528493||||49632.65625|320.5|34100||||888125|VJC167|4104|X||0|8||||132|163|0|0|[]|13:47:12:656
21|2.1|636136514157623665|0|49633.65625|18.7171840500764|106.001350785114||||49633.65625|320.5|34100||||888125|VJC167|4104|X||0|8||||132|147|0|0|[]|13:47:13:656
21|2.1|636136514197097612|0|49637.609375|18.7096309494972|106.005899811599||||49637.609375|320.5|34125||||888125|VJC167|4104|X||0|8||||132|163|0|0|[]|13:47:17:609
21|2.1|636136514202548157|0|49638.15625|18.7086653542527|106.006500626418||||49638.15625|320.5|34100||||888125|VJC167|4104|X||0|8||||132|147|0|0|[]|13:47:18:156
21|2.1|636136514239211823|0|49641.828125|18.7017130684923|106.010749245494||||49641.828125|320.5|34100||||888125|VJC167|4104|X||0|8||||132|163|0|0|[]|13:47:21:828
21|2.1|636136514244532355|0|49642.3515625|18.700790388592|106.011307144969||||49642.3515625|320.5|34100||||888125|VJC167|4104|X||0|8||||132|147|0|0|[]|13:47:22:352
21|2.1|636136514283366238|0|49646.234375|18.6934304070617|106.01581325611||||49646.234375|320.5|34125||||888125|VJC167|4104|X||0|8||||132|163|0|0|[]|13:47:26:234
21|2.1|636136514318459747|0|49649.7421875|18.6868214440549|106.019825840792||||49649.7421875|320.5|34100||||888125|VJC167|4104|X||0|8||||132|147|0|0|[]|13:47:29:742
21|2.1|636136514327520653|0|49650.6484375|18.685126287959|106.020855809053||||49650.6484375|320.25|34075||||888125|VJC167|4104|X||0|8||||132|163|0|0|[]|13:47:30:648
21|2.1|636136514367924693|0|49654.6796875|18.6775517297077|106.025555039243||||49654.6796875|320.25|34075||||888125|VJC167|4104|X||0|8||||132|163|0|0|[]|13:47:34:680
21|2.1|636136514408008701|0|49658.6953125|18.6699986291285|106.030104065728||||49658.6953125|320.25|34075||||888125|VJC167|4104|X||0|8||||132|163|0|0|[]|13:47:38:695
21|2.1|636136514457623662|0|49663.6640625|18.6606001687487|106.035854721851||||49663.6640625|320.25|34075||||888125|VJC167|4104|X||0|8||||132|163|0|0|[]|13:47:43:664
21|2.1|636136514498027702|0|49667.703125|18.6530685258416|106.04044666368||||49667.703125|320.25|34075||||888125|VJC167|4104|X||0|8||||132|163|0|0|[]|13:47:47:703
21|2.1|636136514539681867|0|49671.859375|18.6452579331972|106.045188809214||||49671.859375|320.25|34075||||888125|VJC167|4104|X||0|8||||132|163|0|0|[]|13:47:51:859
21|2.1|636136514589916890|0|49676.890625|18.6357521844569|106.050982380681||||49676.890625|320|34050||||888125|VJC167|4104|X||0|8||||132|163|0|0|[]|13:47:56:891
21|2.1|636136514660273925|0|49683.9296875|18.6225128007712|106.059071923063||||49683.9296875|320|34050||||888125|VJC167|4104|X||0|8||||132|163|0|0|[]|13:48:03:930
21|2.1|636136514700217919|0|49687.9296875|18.6150026155362|106.063620949548||||49687.9296875|320|34050||||888125|VJC167|4104|X||0|8||||132|163|0|0|[]|13:48:07:930
21|2.1|636136514743582255|0|49692.25|18.6069130731545|106.068577671803||||49692.25|320|34050||||888125|VJC167|4104|X||0|8||||132|163|0|0|[]|13:48:12:250
21|2.1|636136514785236420|0|49696.4296875|18.5990381074938|106.073384190354||||49696.4296875|320|34050||||888125|VJC167|4104|X||0|8||||132|163|0|0|[]|13:48:16:430
21|2.1|636136514830160912|0|49700.90625|18.5906267000306|106.078491116314||||49700.90625|319.75|34025||||888125|VJC167|4104|X||0|8||||132|163|0|0|[]|13:48:20:906
21|2.1|636136514874315327|0|49705.3203125|18.5822796655837|106.083598042273||||49705.3203125|319.75|34025||||888125|VJC167|4104|X||0|8||||132|163|0|0|[]|13:48:25:320
21|2.1|636136514916589554|0|49709.5546875|18.5743617845788|106.088447476168||||49709.5546875|319.75|34025||||888125|VJC167|4104|X||0|8||||132|163|0|0|[]|13:48:29:555
21|2.1|636136514960273922|0|49713.921875|18.5661220384924|106.093490029112||||49713.921875|319.75|34025||||888125|VJC167|4104|X||0|8||||132|163|0|0|[]|13:48:33:922
21|2.1|636136514980395934|0|49715.9375|18.5623240305307|106.095807457698||||49715.9375|319.5|34000||||888125|VJC167|4104|X||0|8||||132|147|0|0|[]|13:48:35:938
21|2.1|636136515000367931|0|49717.9296875|18.5585689379132|106.098103428613||||49717.9296875|319.5|34000||||888125|VJC167|4104|X||0|8||||132|163|0|0|[]|13:48:37:930
21|2.1|636136515027980692|0|49720.6953125|18.5533976389371|106.101257706412||||49720.6953125|319.5|34000||||888125|VJC167|4104|X||0|8||||132|147|0|0|[]|13:48:40:695
21|2.1|636136515043892283|0|49722.28125|18.550372107171|106.103103066212||||49722.28125|319.5|34000||||888125|VJC167|4104|X||0|8||||132|163|0|0|[]|13:48:42:281
21|2.1|636136515086636557|0|49726.5546875|18.5424113108219|106.107973957779||||49726.5546875|319.5|34000||||888125|VJC167|4104|X||0|8||||132|163|0|0|[]|13:48:46:555
21|2.1|636136515127040597|0|49730.59375|18.5347723795543|106.112651730297||||49730.59375|319.5|34000||||888125|VJC167|4104|X||0|8||||132|163|0|0|[]|13:48:50:594
21|2.1|636136515172755168|0|49735.1796875|18.5260605646817|106.117951775306||||49735.1796875|319.5|34000||||888125|VJC167|4104|X||0|8||||132|163|0|0|[]|13:48:55:180
21|2.1|636136515217209613|0|49739.6171875|18.5176920725627|106.123080158937||||49739.6171875|319.5|34000||||888125|VJC167|4104|X||0|8||||132|163|0|0|[]|13:48:59:617
21|2.1|636136515260733965|0|49743.9609375|18.5094952418205|106.128079796537||||49743.9609375|319.5|34000||||888125|VJC167|4104|X||0|8||||132|163|0|0|[]|13:49:03:961
21|2.1|636136515301458037|0|49748.046875|18.5018563105529|106.132736111382||||49748.046875|319.5|34000||||888125|VJC167|4104|X||0|8||||132|163|0|0|[]|13:49:08:047
21|2.1|636136515344362327|0|49752.3359375|18.4937023951549|106.137692833638||||49752.3359375|319.5|34000||||888125|VJC167|4104|X||0|8||||132|163|0|0|[]|13:49:12:336
21|2.1|636136515375085399|0|49755.390625|18.4879517390321|106.141211891862||||49755.390625|319.5|34000||||888125|VJC167|4104|X||0|8||||132|147|0|0|[]|13:49:15:391
21|2.1|636136515384926383|0|49756.390625|18.4860420062152|106.142370606155||||49756.390625|319.5|34000||||888125|VJC167|4104|X||0|8||||132|163|0|0|[]|13:49:16:391
21|2.1|636136515415499440|0|49759.4375|18.4802913500924|106.14588966438||||49759.4375|319.5|34000||||888125|VJC167|4104|X||0|8||||132|147|0|0|[]|13:49:19:438
21|2.1|636136515425950485|0|49760.4921875|18.4782957865871|106.147112751689||||49760.4921875|319.5|34000||||888125|VJC167|4104|X||0|8||||132|163|0|0|[]|13:49:20:492
21|2.1|636136515459803870|0|49763.8671875|18.4718799426292|106.15099659034||||49763.8671875|319.5|34000||||888125|VJC167|4104|X||0|8||||132|147|0|0|[]|13:49:23:867
21|2.1|636136515576025491|0|49775.5|18.4498643710546|106.16438617773||||49775.5|319.5|34000||||888125|VJC167|4104|X||0|8||||132|147|0|0|[]|13:49:35:500
21|2.1|636136515672745162|0|49785.1796875|18.4314751460649|106.175565624894||||49785.1796875|319.75|34025||||888125|VJC167|4104|X||0|8||||132|163|0|0|[]|13:49:45:180
21|2.1|636136515672745162|0|49785.1796875|18.4314751460649|106.175565624894||||49785.1796875|319.75|34025||||888125|VJC167|4104|X||0|8||||132|147|0|0|[]|13:49:45:180
21|2.1|636136515968224707|0|49814.7265625|18.3753633335234|106.209790611894||||49814.7265625|320|34050||||888125|VJC167|4104|X||0|8||||132|163|0|0|[]|13:50:14:727
21|2.1|636136516200827965|0|49837.984375|18.3311605289974|106.236741448051||||49837.984375|320.25|34075||||888125|VJC167|4104|X||0|8||||132|163|0|0|[]|13:50:37:984
21|2.1|636136516249502832|0|49842.84375|18.3219551876665|106.242363358141||||49842.84375|320.25|34075||||888125|VJC167|4104|X||0|8||||132|163|0|0|[]|13:50:42:844
21|2.1|636136516291627044|0|49847.0546875|18.3139300183011|106.247212792036||||49847.0546875|320|34050||||888125|VJC167|4104|X||0|8||||132|163|0|0|[]|13:50:47:055
21|2.1|636136516336081489|0|49851.5078125|18.3054971531658|106.252384091012||||49851.5078125|320|34050||||888125|VJC167|4104|X||0|8||||132|163|0|0|[]|13:50:51:508
21|2.1|636136516380545935|0|49855.9453125|18.2970428303584|106.257512474644||||49855.9453125|320|34050||||888125|VJC167|4104|X||0|8||||132|163|0|0|[]|13:50:55:945
21|2.1|636136516524540333|0|49870.34375|18.2700705365287|106.274034882161||||49870.34375|320|34050||||888125|VJC167|4104|X||0|8||||132|147|0|0|[]|13:51:10:344
21|2.1|636136516564944373|0|49874.390625|18.2625388936216|106.278648281662||||49874.390625|320|34050||||888125|VJC167|4104|X||0|8||||132|147|0|0|[]|13:51:14:391
21|2.1|636136517151993072|0|49933.0859375|18.1545853452865|106.3442229276||||49933.0859375|320|34050||||888125|VJC167|4104|X||0|8||||132|163|0|0|[]|13:52:13:086
21|2.1|636136517202698142|0|49938.15625|18.1453800039556|106.349823380018||||49938.15625|320|34050||||888125|X|X|X||0|8||||132|147|0|0|[]|13:52:18:156
21|2.1|636136517246682540|0|49942.5546875|18.1373333769181|106.354737186929||||49942.5546875|320|34050||||888125|X|X|X||0|8||||132|147|0|0|[]|13:52:22:555
21|2.1|636136517310958967|0|49948.9921875|18.1255745726073|106.361882591738||||49948.9921875|320|34050||||888125|VJC167|4104|X||0|8||||132|147|0|0|[]|13:52:28:992
21|2.1|636136517352303101|0|49953.1171875|18.1180858450444|106.366431618224||||49953.1171875|320|34050||||888125|VJC167|4104|X||0|8||||132|147|0|0|[]|13:52:33:117
21|2.1|636136517366654536|0|49954.5625|18.1154036360319|106.368040943631||||49954.5625|320|34050||||888125|VJC167|4104|X||0|8||||132|163|0|0|[]|13:52:34:563
21|2.1|636136517395667437|0|49957.453125|18.1100821333511|106.371259594446||||49957.453125|320|34050||||888125|VJC167|4104|X||0|8||||132|147|0|0|[]|13:52:37:453
21|2.1|636136517436711541|0|49961.5546875|18.1026363211324|106.375851536275||||49961.5546875|320|34050||||888125|VJC167|4104|X||0|8||||132|147|0|0|[]|13:52:41:555
21|2.1|636136517502538123|0|49968.140625|18.0905556517401|106.383168602462||||49968.140625|320|34050||||888125|VJC167|4104|X||0|8||||132|147|0|0|[]|13:52:48:141
21|2.1|636136517565404409|0|49974.4375|18.0790114241503|106.390163803566||||49974.4375|320|34050||||888125|VJC167|4104|X||0|8||||132|147|0|0|[]|13:52:54:438
21|2.1|636136517609398808|0|49978.828125|18.0709004240965|106.395077610477||||49978.828125|320|34050||||888125|VJC167|4104|X||0|8||||132|147|0|0|[]|13:52:58:828
21|2.1|636136517654173285|0|49983.3203125|18.0626606780101|106.400077248076||||49983.3203125|320|34050||||888125|VJC167|4104|X||0|8||||132|147|0|0|[]|13:53:03:320
21|2.1|636136517703308198|0|49988.21875|18.0536484557281|106.40552749679||||49988.21875|320|34050||||888125|VJC167|4104|X||0|8||||132|147|0|0|[]|13:53:08:219
21|2.1|636136517707518619|0|49988.6484375|18.0529188948767|106.405999565576||||49988.6484375|320|34050||||888125|VJC167|4104|X||0|8||||132|163|0|0|[]|13:53:08:648
21|2.1|636136517744812348|0|49992.3671875|18.0460309821326|106.410183811635||||49992.3671875|320|34050||||888125|VJC167|4104|X||0|8||||132|147|0|0|[]|13:53:12:367
21|2.1|636136517749342801|0|49992.8359375|18.0451726752486|106.410677338094||||49992.8359375|320|34050||||888125|VJC167|4104|X||0|8||||132|163|0|0|[]|13:53:12:836
21|2.1|636136517793177184|0|49997.21875|18.0371260482111|106.41554822966||||49997.21875|320|34050||||888125|VJC167|4104|X||0|8||||132|163|0|0|[]|13:53:17:219
21|2.1|636136517793327199|0|49997.21875|18.0371260482111|106.41554822966||||49997.21875|320|34050||||888125|VJC167|4104|X||0|8||||132|147|0|0|[]|13:53:17:219
21|2.1|636136517838731739|0|50001.765625|18.0288433867805|106.420569324932||||50001.765625|320|34050||||888125|VJC167|4104|X||0|8||||132|163|0|0|[]|13:53:21:766
21|2.1|636136517872105076|0|50005.109375|18.0227064925599|106.424260044533||||50005.109375|320|34050||||888125|VJC167|4104|X||0|8||||132|147|0|0|[]|13:53:25:109
21|2.1|636136517881476013|0|50006.03125|18.0209684211198|106.425332928138||||50006.03125|320|34050||||888125|VJC167|4104|X||0|8||||132|163|0|0|[]|13:53:26:031
21|2.1|636136517916259491|0|50009.515625|18.0145954925061|106.429173851444||||50009.515625|320|34050||||888125|VJC167|4104|X||0|8||||132|147|0|0|[]|13:53:29:516
21|2.1|636136517957603625|0|50013.6640625|18.0069994765827|106.433765793273||||50013.6640625|320|34050||||888125|VJC167|4104|X||0|8||||132|147|0|0|[]|13:53:33:664
21|2.1|636136517992697134|0|50017.15625|18.0005407172806|106.437671089596||||50017.15625|320.25|34075||||888125|VJC167|4104|X||0|8||||132|163|0|0|[]|13:53:37:156
21|2.1|636136517997697634|0|50017.6640625|17.9996394950524|106.438207531398||||50017.6640625|320.25|34075||||888125|VJC167|4104|X||0|8||||132|147|0|0|[]|13:53:37:664
21|2.1|636136518037631627|0|50021.65625|17.9923009711942|106.442670727195||||50021.65625|320.25|34075||||888125|VJC167|4104|X||0|8||||132|163|0|0|[]|13:53:41:656
21|2.1|636136518079595823|0|50025.8515625|17.9845762092382|106.447348499713||||50025.8515625|320|34050||||888125|VJC167|4104|X||0|8||||132|163|0|0|[]|13:53:45:852
21|2.1|636136518113599223|0|50029.25|17.9783534843292|106.45110359233||||50029.25|320|34050||||888125|VJC167|4104|X||0|8||||132|147|0|0|[]|13:53:49:250
21|2.1|636136518122500113|0|50030.1328125|17.9767012435775|106.452112102919||||50030.1328125|320|34050||||888125|VJC167|4104|X||0|8||||132|163|0|0|[]|13:53:50:133
21|2.1|636136518162594122|0|50034.1484375|17.9693198043751|106.456553841044||||50034.1484375|320.25|34075||||888125|VJC167|4104|X||0|8||||132|163|0|0|[]|13:53:54:148
21|2.1|636136518172425105|0|50035.125|17.9674959022466|106.457669639993||||50035.125|320.25|34075||||888125|VJC167|4104|X||0|8||||132|147|0|0|[]|13:53:55:125
21|2.1|636136518202998162|0|50038.1875|17.9618954498285|106.461059952185||||50038.1875|320.25|34075||||888125|VJC167|4104|X||0|8||||132|163|0|0|[]|13:53:58:188
21|2.1|636136518229520814|0|50040.84375|17.957067473606|106.46397819559||||50040.84375|320.25|34075||||888125|VJC167|4104|X||0|8||||132|147|0|0|[]|13:54:00:844
21|2.1|636136518243092171|0|50042.1953125|17.9545569259703|106.465458774965||||50042.1953125|320.25|34075||||888125|VJC167|4104|X||0|8||||132|163|0|0|[]|13:54:02:195
21|2.1|636136518272895151|0|50045.1796875|17.9490637619127|106.468806171813||||50045.1796875|320.25|34075||||888125|VJC167|4104|X||0|8||||132|147|0|0|[]|13:54:05:180
21|2.1|636136518312989160|0|50049.1875|17.9417037803824|106.473269367609||||50049.1875|320.25|34075||||888125|VJC167|4104|X||0|8||||132|147|0|0|[]|13:54:09:188
21|2.1|636136518354943355|0|50053.3828125|17.9340219337706|106.477925682455||||50053.3828125|320.25|34075||||888125|VJC167|4104|X||0|8||||132|147|0|0|[]|13:54:13:383
21|2.1|636136518399887849|0|50057.8828125|17.9257821876842|106.482925320054||||50057.8828125|320|34050||||888125|VJC167|4104|X||0|8||||132|147|0|0|[]|13:54:17:883
21|2.1|636136518440121872|0|50061.90625|17.9184222061539|106.487388515851||||50061.90625|320.25|34075||||888125|VJC167|4104|X||0|8||||132|147|0|0|[]|13:54:21:906
21|2.1|636136518460873947|0|50063.9921875|17.9146027405201|106.489748859782||||50063.9921875|320.25|34075||||888125|VJC167|4104|X||0|8||||132|163|0|0|[]|13:54:23:992
21|2.1|636136518481005960|0|50065.9921875|17.910933478591|106.491959000009||||50065.9921875|320|34050||||888125|VJC167|4104|X||0|8||||132|147|0|0|[]|13:54:25:992
21|2.1|636136518501117971|0|50068.0078125|17.9072427589898|106.494212055579||||50068.0078125|320.25|34075||||888125|VJC167|4104|X||0|8||||132|163|0|0|[]|13:54:28:008
21|2.1|636136518524990358|0|50070.390625|17.9028224785372|106.496851349247||||50070.390625|320|34075||||888125|VJC167|4104|X||0|8||||132|147|0|0|[]|13:54:30:391
21|2.1|636136518569304789|0|50074.8125|17.8947329361555|106.501765156158||||50074.8125|320|34050||||888125|VJC167|4104|X||0|8||||132|147|0|0|[]|13:54:34:813
21|2.1|636136518609858844|0|50078.8828125|17.8872227509205|106.506314182643||||50078.8828125|320|34050||||888125|VJC167|4104|X||0|8||||132|147|0|0|[]|13:54:38:883
21|2.1|636136518609868845|0|50078.8828125|17.8872227509205|106.506314182643||||50078.8828125|320|34050||||888125|VJC167|4104|X||0|8||||132|163|0|0|[]|13:54:38:883
21|2.1|636136518654943352|0|50083.3828125|17.8789400894899|106.511313820243||||50083.3828125|320|34050||||888125|VJC167|4104|X||0|8||||132|147|0|0|[]|13:54:43:383
21|2.1|636136518665084366|0|50084.40625|17.8770732720172|106.51240816152||||50084.40625|320|34050||||888125|VJC167|4104|X||0|8||||132|163|0|0|[]|13:54:44:406
21|2.1|636136518699567814|0|50087.8515625|17.8707647164198|106.516249084826||||50087.8515625|320|34050||||888125|VJC167|4104|X||0|8||||132|147|0|0|[]|13:54:47:852
21|2.1|636136518715009358|0|50089.390625|17.8679108460305|106.517987156266||||50089.390625|320|34050||||888125|VJC167|4104|X||0|8||||132|163|0|0|[]|13:54:49:391
21|2.1|636136518741221979|0|50092.0078125|17.8631257851522|106.520883941999||||50092.0078125|320|34050||||888125|VJC167|4104|X||0|8||||132|147|0|0|[]|13:54:52:008
21|2.1|636136518757603617|0|50093.6484375|17.8601002533861|106.522707844128||||50093.6484375|320|34050||||888125|VJC167|4104|X||0|8||||132|163|0|0|[]|13:54:53:648
21|2.1|636136518786456502|0|50096.5390625|17.8548002083774|106.525947952615||||50096.5390625|320|34050||||888125|VJC167|4104|X||0|8||||132|147|0|0|[]|13:54:56:539
21|2.1|636136518829360792|0|50100.8359375|17.8468823273725|106.530711555821||||50100.8359375|320|34050||||888125|VJC167|4104|X||0|8||||132|163|0|0|[]|13:55:00:836
21|2.1|636136518829520808|0|50100.8359375|17.8468823273725|106.530711555821||||50100.8359375|320|34050||||888125|VJC167|4104|X||0|8||||132|147|0|0|[]|13:55:00:836
21|2.1|636136518873045160|0|50105.1875|17.8388571580071|106.535496616699||||50105.1875|320|34050||||888125|VJC167|4104|X||0|8||||132|147|0|0|[]|13:55:05:188
21|2.1|636136518878815737|0|50105.7734375|17.8377842744021|106.536183262207||||50105.7734375|320|34050||||888125|VJC167|4104|X||0|8||||132|163|0|0|[]|13:55:05:773
21|2.1|636136518916569512|0|50109.5390625|17.830896361658|106.540346050594||||50109.5390625|320|34050||||888125|VJC167|4104|X||0|8||||132|147|0|0|[]|13:55:09:539
21|2.1|636136518927480603|0|50110.640625|17.8288793404806|106.541547680232||||50110.640625|320|34050||||888125|VJC167|4104|X||0|8||||132|163|0|0|[]|13:55:10:641
21|2.1|636136518957753630|0|50113.671875|17.8232788880625|106.544959450096||||50113.671875|320|34050||||888125|VJC167|4104|X||0|8||||132|147|0|0|[]|13:55:13:672
21|2.1|636136518971795034|0|50115.078125|17.8207039674105|106.546482944815||||50115.078125|320|34050||||888125|VJC167|4104|X||0|8||||132|163|0|0|[]|13:55:15:078
21|2.1|636136519001908045|0|50118.0859375|17.8151678880087|106.549830341662||||50118.0859375|320|34050||||888125|VJC167|4104|X||0|8||||132|147|0|0|[]|13:55:18:086
21|2.1|636136519018279682|0|50119.71875|17.812228186931|106.551589870774||||50119.71875|320|34050||||888125|VJC167|4104|X||0|8||||132|163|0|0|[]|13:55:19:719
21|2.1|636136519043242178|0|50122.2109375|17.8076362451016|106.554379368147||||50122.2109375|320|34075||||888125|VJC167|4104|X||0|8||||132|147|0|0|[]|13:55:22:211
21|2.1|636136519060873941|0|50123.984375|17.8043746789424|106.556396389325||||50123.984375|320|34050||||888125|VJC167|4104|X||0|8||||132|163|0|0|[]|13:55:23:984
21|2.1|636136519091767030|0|50127.0546875|17.7987742265243|106.559765243845||||50127.0546875|320|34050||||888125|VJC167|4104|X||0|8||||132|147|0|0|[]|13:55:27:055
21|2.1|636136519101588012|0|50128.0546875|17.7969288667237|106.560923958138||||50128.0546875|320|34050||||888125|VJC167|4104|X||0|8||||132|163|0|0|[]|13:55:28:055
21|2.1|636136519131691022|0|50131.0546875|17.7914357026661|106.564249897313||||50131.0546875|320|34050||||888125|VJC167|4104|X||0|8||||132|147|0|0|[]|13:55:31:055
21|2.1|636136519146212474|0|50132.5078125|17.7887749513257|106.565859222721||||50132.5078125|320|34050||||888125|VJC167|4104|X||0|8||||132|163|0|0|[]|13:55:32:508
21|2.1|636136519179435796|0|50135.8359375|17.782616599433|106.569592857666||||50135.8359375|320|34075||||888125|VJC167|4104|X||0|8||||132|147|0|0|[]|13:55:35:836
21|2.1|636136519189576810|0|50136.8515625|17.7807712396324|106.570708656616||||50136.8515625|320|34050||||888125|VJC167|4104|X||0|8||||132|163|0|0|[]|13:55:36:852
21|2.1|636136519290666918|0|50146.953125|17.762231810938|106.581931019124||||50146.953125|320|34050||||888125|VJC167|4104|X||0|8||||132|163|0|0|[]|13:55:46:953
21|2.1|636136519299417793|0|50147.8359375|17.7605795701863|106.582939529713||||50147.8359375|320|34050||||888125|VJC167|4104|X||0|8||||132|147|0|0|[]|13:55:47:836
21|2.1|636136519332471098|0|50151.1328125|17.7545499643262|106.586608791642||||50151.1328125|320|34050||||888125|VJC167|4104|X||0|8||||132|163|0|0|[]|13:55:51:133
21|2.1|636136519373665217|0|50155.25|17.746996863747|106.591136360455||||50155.25|320|34050||||888125|VJC167|4104|X||0|8||||132|163|0|0|[]|13:55:55:250
21|2.1|636136519416879538|0|50159.578125|17.7390146097258|106.595985794349||||50159.578125|320|34050||||888125|VJC167|4104|X||0|8||||132|163|0|0|[]|13:55:59:578
21|2.1|636136519460403890|0|50163.9375|17.7310108980325|106.600813770572||||50163.9375|320|34050||||888125|VJC167|4104|X||0|8||||132|163|0|0|[]|13:56:03:938
21|2.1|636136519502678117|0|50168.15625|17.7233290514207|106.60549154309||||50168.15625|320|34050||||888125|VJC167|4104|X||0|8||||132|163|0|0|[]|13:56:08:156
21|2.1|636136519545422391|0|50172.4375|17.7154111704158|106.610212230952||||50172.4375|320|34050||||888125|VJC167|4104|X||0|8||||132|163|0|0|[]|13:56:12:438
21|2.1|636136519585826431|0|50176.4609375|17.7080941042297|106.614696884421||||50176.4609375|320|34075||||888125|VJC167|4104|X||0|8||||132|163|0|0|[]|13:56:16:461
21|2.1|636136519628270675|0|50180.71875|17.7002835115853|106.619417572283||||50180.71875|320|34050||||888125|VJC167|4104|X||0|8||||132|163|0|0|[]|13:56:20:719
21|2.1|636136519672415089|0|50185.140625|17.6921081385152|106.624331379193||||50185.140625|320|34050||||888125|VJC167|4104|X||0|8||||132|163|0|0|[]|13:56:25:141
21|2.1|636136519714379285|0|50189.328125|17.6843619188871|106.629009151711||||50189.328125|320|34050||||888125|VJC167|4104|X||0|8||||132|163|0|0|[]|13:56:29:328
21|2.1|636136519764144261|0|50194.3046875|17.6752853235888|106.634523773441||||50194.3046875|320|34075||||888125|VJC167|4104|X||0|8||||132|163|0|0|[]|13:56:34:305
21|2.1|636136519813599206|0|50199.2578125|17.6662087282905|106.639995479826||||50199.2578125|319.75|34025||||888125|VJC167|4104|X||0|8||||132|163|0|0|[]|13:56:39:258
21|2.1|636136519856973543|0|50203.5859375|17.6582050165972|106.644823456049||||50203.5859375|320|34050||||888125|VJC167|4104|X||0|8||||132|163|0|0|[]|13:56:43:586
21|2.1|636136519898777723|0|50207.7578125|17.6505446276575|106.649393940206||||50207.7578125|319.75|34025||||888125|VJC167|4104|X||0|8||||132|163|0|0|[]|13:56:47:758
21|2.1|636136519943552200|0|50212.2421875|17.6422619662269|106.654415035478||||50212.2421875|319.75|34025||||888125|VJC167|4104|X||0|8||||132|163|0|0|[]|13:56:52:242
21|2.1|636136519987696614|0|50216.65625|17.6341938815173|106.659264469372||||50216.65625|319.75|34025||||888125|VJC167|4104|X||0|8||||132|163|0|0|[]|13:56:56:656
21|2.1|636136520035901434|0|50221.484375|17.6252460322516|106.664693260414||||50221.484375|320|34050||||888125|VJC167|4104|X||0|8||||132|163|0|0|[]|13:57:01:484
21|2.1|636136520054473291|0|50223.34375|17.6218342623877|106.666731739263||||50223.34375|320|34050||||888125|VJC167|4104|X||0|7||||132|147|0|0|[]|13:57:03:344
21|2.1|636136520126700513|0|50230.5546875|17.6085305056857|106.674778366301||||50230.5546875|320|34050||||888125|VJC167|4104|X||0|8||||132|163|0|0|[]|13:57:10:555
21|2.1|636136520171164959|0|50235.0078125|17.6002907595993|106.679756546228||||50235.0078125|320|34050||||888125|VJC167|4104|X||0|8||||132|163|0|0|[]|13:57:15:008
21|2.1|636136520220769919|0|50239.96875|17.5910854182684|106.68529262563||||50239.96875|320|34050||||888125|VJC167|4104|X||0|8||||132|163|0|0|[]|13:57:19:969
21|2.1|636136520264144256|0|50244.3125|17.5829744182146|106.690184974868||||50244.3125|320|34050||||888125|VJC167|4104|X||0|8||||132|163|0|0|[]|13:57:24:313
21|2.1|636136520311098951|0|50249|17.5742196879978|106.695485019877||||50249|320|34075||||888125|VJC167|4104|X||0|8||||132|163|0|0|[]|13:57:29:000
21|2.1|636136520359453786|0|50253.84375|17.5651645503716|106.700956726263||||50253.84375|320|34050||||888125|VJC167|4104|X||0|8||||132|163|0|0|[]|13:57:33:844
21|2.1|636136520400017842|0|50257.8828125|17.5576329074645|106.705505752748||||50257.8828125|320|34075||||888125|VJC167|4104|X||0|8||||132|163|0|0|[]|13:57:37:883
21|2.1|636136520448232663|0|50262.71875|17.5487065158709|106.710934543789||||50262.71875|320|34075||||888125|VJC167|4104|X||0|8||||132|163|0|0|[]|13:57:42:719
21|2.1|636136520488316671|0|50266.7265625|17.5411319576196|106.715505027946||||50266.7265625|320|34075||||888125|VJC167|4104|X||0|8||||132|163|0|0|[]|13:57:46:727
21|2.1|636136520528880727|0|50270.7734375|17.5336861454009|106.719989681415||||50270.7734375|320|34050||||888125|VJC167|4104|X||0|8||||132|163|0|0|[]|13:57:50:773
21|2.1|636136520568974736|0|50274.7890625|17.5261330448217|106.724581623245||||50274.7890625|320|34075||||888125|VJC167|4104|X||0|8||||132|163|0|0|[]|13:57:54:789
21|2.1|636136520610778916|0|50278.96875|17.5183439098494|106.72923793809||||50278.96875|320|34075||||888125|VJC167|4104|X||0|8||||132|163|0|0|[]|13:57:58:969
21|2.1|636136520651963034|0|50283.0859375|17.5105762325492|106.733894252936||||50283.0859375|320|34075||||888125|VJC167|4104|X||0|8||||132|163|0|0|[]|13:58:03:086
21|2.1|636136520695337371|0|50287.4140625|17.5025296055117|106.738700771486||||50287.4140625|320|34075||||888125|VJC167|4104|X||0|8||||132|163|0|0|[]|13:58:07:414
21|2.1|636136520738861723|0|50291.7734375|17.4943971477858|106.743593120725||||50291.7734375|320|34075||||888125|VJC167|4104|X||0|8||||132|163|0|0|[]|13:58:11:773
21|2.1|636136520781145951|0|50295.9921875|17.4864578091088|106.748356723931||||50295.9921875|320|34075||||888125|VJC167|4104|X||0|8||||132|163|0|0|[]|13:58:15:992
21|2.1|636136520823890225|0|50300.2734375|17.4785184704318|106.75314178481||||50300.2734375|320|34075||||888125|VJC167|4104|X||0|8||||132|163|0|0|[]|13:58:20:273
21|2.1|636136520864134249|0|50304.3046875|17.4709653698526|106.757690811295||||50304.3046875|320|34075||||888125|VJC167|4104|X||0|8||||132|163|0|0|[]|13:58:24:305
21|2.1|636136520906568492|0|50308.5546875|17.4630474888477|106.762432956829||||50308.5546875|320|34075||||888125|VJC167|4104|X||0|8||||132|163|0|0|[]|13:58:28:555
21|2.1|636136520956493484|0|50313.546875|17.4537134014842|106.768033409247||||50313.546875|320|34075||||888125|VJC167|4104|X||0|8||||132|163|0|0|[]|13:58:33:547
21|2.1|636136521116089442|0|50329.5|17.423844321921|106.785972023123||||50329.5|320|34075||||888125|VJC167|4104|X||0|8||||132|163|0|0|[]|13:58:49:500
21|2.1|636136521156643497|0|50333.5546875|17.4163126790139|106.790585422624||||50333.5546875|320|34075||||888125|VJC167|4104|X||0|8||||132|163|0|0|[]|13:58:53:555
21|2.1|636136521230750907|0|50340.953125|17.4024295651652|106.798910999399||||50340.953125|320|34075||||888125|VJC167|4104|X||0|8||||132|163|0|0|[]|13:59:00:953
21|2.1|636136521271775009|0|50345.0546875|17.3947906338976|106.803502941228||||50345.0546875|320|34075||||888125|VJC167|4104|X||0|8||||132|163|0|0|[]|13:59:05:055
21|2.1|636136521314209252|0|50349.3203125|17.3868512952206|106.808288002107||||50349.3203125|320|34075||||888125|VJC167|4104|X||0|8||||132|163|0|0|[]|13:59:09:320
21|2.1|636136521358513682|0|50353.640625|17.3787188374947|106.813180351346||||50353.640625|320|34075||||888125|VJC167|4104|X||0|8||||132|163|0|0|[]|13:59:13:641
21|2.1|636136521400477878|0|50357.9375|17.3707151258014|106.818051242912||||50357.9375|320|34075||||888125|VJC167|4104|X||0|8||||132|163|0|0|[]|13:59:17:938
21|2.1|636136521444322262|0|50362.3203125|17.3625826680755|106.822965049823||||50362.3203125|320|34075||||888125|VJC167|4104|X||0|8||||132|163|0|0|[]|13:59:22:320
21|2.1|636136521493927222|0|50367.2734375|17.3533129537283|106.828544044569||||50367.2734375|320|34075||||888125|VJC167|4104|X||0|8||||132|163|0|0|[]|13:59:27:273
21|2.1|636136521538231652|0|50371.71875|17.3449873769535|106.833565139841||||50371.71875|320|34075||||888125|VJC167|4104|X||0|8||||132|163|0|0|[]|13:59:31:719
21|2.1|636136521574895318|0|50375.3828125|17.3380994642094|106.837727928228||||50375.3828125|319.75|34050||||888125|VJC167|4104|X||0|8||||132|147|0|0|[]|13:59:35:383
21|2.1|636136521584566285|0|50376.3359375|17.336297019753|106.838757896489||||50376.3359375|319.75|34050||||888125|VJC167|4104|X||0|8||||132|163|0|0|[]|13:59:36:336
21|2.1|636136521617799608|0|50379.65625|17.3301601255324|106.842470073762||||50379.65625|319.75|34050||||888125|VJC167|4104|X||0|8||||132|147|0|0|[]|13:59:39:656
21|2.1|636136521628250653|0|50380.71875|17.3281860196992|106.843650245728||||50380.71875|319.75|34050||||888125|VJC167|4104|X||0|8||||132|163|0|0|[]|13:59:40:719
21|2.1|636136521658353663|0|50383.7265625|17.3225426519369|106.847040557919||||50383.7265625|319.75|34050||||888125|VJC167|4104|X||0|8||||132|147|0|0|[]|13:59:43:727
21|2.1|636136521673805208|0|50385.265625|17.3196673238755|106.848778629359||||50385.265625|319.75|34050||||888125|VJC167|4104|X||0|8||||132|163|0|0|[]|13:59:45:266
21|2.1|636136521702978125|0|50388.1796875|17.3142170751621|106.852061653191||||50388.1796875|319.75|34050||||888125|VJC167|4104|X||0|8||||132|147|0|0|[]|13:59:48:180
21|2.1|636136521716549482|0|50389.53125|17.311620696838|106.853649520926||||50389.53125|319.75|34050||||888125|VJC167|4104|X||0|8||||132|163|0|0|[]|13:59:49:531
21|2.1|636136521746342461|0|50392.515625|17.3061275327804|106.85695400243||||50392.515625|319.75|34050||||888125|VJC167|4104|X||0|8||||132|147|0|0|[]|13:59:52:516
21|2.1|636136521787066533|0|50396.6015625|17.2984456861686|106.861567401931||||50396.6015625|319.75|34050||||888125|VJC167|4104|X||0|8||||132|147|0|0|[]|13:59:56:602
21|2.1|636136521827790605|0|50400.65625|17.2908282125731|106.866094970744||||50400.65625|319.75|34050||||888125|VJC167|4104|X||0|8||||132|147|0|0|[]|14:00:00:656
21|2.1|636136521872705096|0|50405.15625|17.2824168051099|106.871137523688||||50405.15625|319.75|34050||||888125|VJC167|4104|X||0|8||||132|147|0|0|[]|14:00:05:156
21|2.1|636136521918889714|0|50409.7734375|17.2738122785978|106.876351738008||||50409.7734375|319.75|34050||||888125|VJC167|4104|X||0|8||||132|147|0|0|[]|14:00:09:773
21|2.1|636136521924350260|0|50410.328125|17.2726964796486|106.877016925843||||50410.328125|320|34075||||888125|VJC167|4104|X||0|8||||132|163|0|0|[]|14:00:10:328
21|2.1|636136521967724597|0|50414.6640625|17.2646498526111|106.88188781741||||50414.6640625|320|34075||||888125|VJC167|4104|X||0|8||||132|163|0|0|[]|14:00:14:664
21|2.1|636136522011708995|0|50419.0546875|17.2564101065247|106.886801624321||||50419.0546875|320|34075||||888125|VJC167|4104|X||0|8||||132|163|0|0|[]|14:00:19:055
21|2.1|636136522053523176|0|50423.2421875|17.248535140864|106.891522312183||||50423.2421875|320|34075||||888125|VJC167|4104|X||0|8||||132|163|0|0|[]|14:00:23:242
21|2.1|636136522083006124|0|50426.1796875|17.2430419768064|106.89486970903||||50426.1796875|320|34075||||888125|VJC167|4104|X||0|8||||132|147|0|0|[]|14:00:26:180
21|2.1|636136522097357559|0|50427.625|17.240381225466|106.896436119094||||50427.625|320|34075||||888125|VJC167|4104|X||0|8||||132|163|0|0|[]|14:00:27:625
21|2.1|636136522127780601|0|50430.6640625|17.2347164000316|106.89986934663||||50430.6640625|320|34075||||888125|VJC167|4104|X||0|8||||132|147|0|0|[]|14:00:30:664
21|2.1|636136522137761599|0|50431.6328125|17.2328281248868|106.900963687907||||50431.6328125|320|34075||||888125|VJC167|4104|X||0|8||||132|163|0|0|[]|14:00:31:633
21|2.1|636136522168184641|0|50434.703125|17.2271203841082|106.904418373115||||50434.703125|320|34075||||888125|VJC167|4104|X||0|8||||132|147|0|0|[]|14:00:34:703
21|2.1|636136522179885811|0|50435.875|17.2249531592261|106.905684375769||||50435.875|320|34075||||888125|VJC167|4104|X||0|8||||132|163|0|0|[]|14:00:35:875
21|2.1|636136522209688791|0|50438.859375|17.2193312491359|106.90907468796||||50438.859375|320|34075||||888125|VJC167|4104|X||0|8||||132|147|0|0|[]|14:00:38:859
21|2.1|636136522239321754|0|50441.8125|17.2138166274062|106.912422084808||||50441.8125|320|34075||||888125|VJC167|4104|X||0|8||||132|163|0|0|[]|14:00:41:813
21|2.1|636136522259913813|0|50443.8828125|17.2098898734119|106.914782428739||||50443.8828125|320|34075||||888125|VJC167|4104|X||0|8||||132|147|0|0|[]|14:00:43:883
21|2.1|636136522350552876|0|50452.953125|17.192959770125|106.924974822987||||50452.953125|320|34075||||888125|VJC167|4104|X||0|8||||132|163|0|0|[]|14:00:52:953
21|2.1|636136522394547275|0|50457.3359375|17.1847200240386|106.929931545242||||50457.3359375|320|34075||||888125|VJC167|4104|X||0|8||||132|163|0|0|[]|14:00:57:336
21|2.1|636136522440251845|0|50461.9140625|17.1762442435591|106.935038471201||||50461.9140625|320|34075||||888125|VJC167|4104|X||0|8||||132|147|0|0|[]|14:01:01:914
21|2.1|636136522440261846|0|50461.9140625|17.1762442435591|106.935038471201||||50461.9140625|320|34075||||888125|VJC167|4104|X||0|8||||132|163|0|0|[]|14:01:01:914
21|2.1|636136522484716291|0|50466.3515625|17.1678757514401|106.940059566473||||50466.3515625|320|34075||||888125|VJC167|4104|X||0|8||||132|163|0|0|[]|14:01:06:352
21|2.1|636136522484726292|0|50466.359375|17.1678757514401|106.940059566473||||50466.359375|320|34075||||888125|VJC167|4104|X||0|8||||132|147|0|0|[]|14:01:06:359
21|2.1|636136522524650284|0|50470.359375|17.1604084815493|106.944587135286||||50470.359375|320|34075||||888125|VJC167|4104|X||0|8||||132|163|0|0|[]|14:01:10:359
21|2.1|636136522524810300|0|50470.359375|17.1604084815493|106.944587135286||||50470.359375|320|34075||||888125|VJC167|4104|X||0|8||||132|147|0|0|[]|14:01:10:359
21|2.1|636136522565374356|0|50474.4140625|17.152833923298|106.949114704099||||50474.4140625|320|34075||||888125|VJC167|4104|X||0|8||||132|163|0|0|[]|14:01:14:414
21|2.1|636136522565374356|0|50474.4140625|17.152833923298|106.949114704099||||50474.4140625|320|34075||||888125|VJC167|4104|X||0|8||||132|147|0|0|[]|14:01:14:414
21|2.1|636136522606558474|0|50478.5390625|17.1450877036699|106.953792476617||||50478.5390625|320|34075||||888125|VJC167|4104|X||0|8||||132|163|0|0|[]|14:01:18:539
21|2.1|636136522606558474|0|50478.5390625|17.1450877036699|106.953792476617||||50478.5390625|320|34075||||888125|VJC167|4104|X||0|8||||132|147|0|0|[]|14:01:18:539
21|2.1|636136522650552873|0|50482.9375|17.1368479575835|106.958706283528||||50482.9375|320|34075||||888125|VJC167|4104|X||0|8||||132|163|0|0|[]|14:01:22:938
21|2.1|636136522650552873|0|50482.9375|17.1368479575835|106.958706283528||||50482.9375|320|34075||||888125|VJC167|4104|X||0|8||||132|147|0|0|[]|14:01:22:938
21|2.1|636136522693927210|0|50487.2734375|17.1287798728739|106.963512802078||||50487.2734375|320|34075||||888125|VJC167|4104|X||0|8||||132|163|0|0|[]|14:01:27:273
21|2.1|636136522693927210|0|50487.2734375|17.1287798728739|106.963512802078||||50487.2734375|320|34075||||888125|VJC167|4104|X||0|8||||132|147|0|0|[]|14:01:27:273
21|2.1|636136522736361453|0|50491.5234375|17.1207976188527|106.968276405284||||50491.5234375|320|34075||||888125|VJC167|4104|X||0|8||||132|147|0|0|[]|14:01:31:523
21|2.1|636136522736361453|0|50491.5234375|17.1207976188527|106.968276405284||||50491.5234375|320|34075||||888125|VJC167|4104|X||0|8||||132|163|0|0|[]|14:01:31:523
21|2.1|636136522777535570|0|50495.6328125|17.1130299415525|106.972911262458||||50495.6328125|320|34075||||888125|VJC167|4104|X||0|8||||132|163|0|0|[]|14:01:35:633
21|2.1|636136522820909907|0|50499.9765625|17.104983314515|106.97773923868||||50499.9765625|320|34075||||888125|VJC167|4104|X||0|8||||132|163|0|0|[]|14:01:39:977
21|2.1|636136522862874103|0|50504.1640625|17.0971083488543|106.982459926542||||50504.1640625|320|34075||||888125|VJC167|4104|X||0|8||||132|163|0|0|[]|14:01:44:164
21|2.1|636136522906718487|0|50508.5546875|17.0888686027679|106.987373733453||||50508.5546875|320|34075||||888125|VJC167|4104|X||0|8||||132|163|0|0|[]|14:01:48:555
21|2.1|636136522952113026|0|50513.09375|17.0803928222884|106.992459201741||||50513.09375|320|34075||||888125|VJC167|4104|X||0|8||||132|163|0|0|[]|14:01:53:094
21|2.1|636136522994857300|0|50517.3671875|17.0724320259393|106.997244262619||||50517.3671875|320|34075||||888125|VJC167|4104|X||0|8||||132|163|0|0|[]|14:01:57:367
21|2.1|636136523034951309|0|50521.375|17.0649218407043|107.001728916088||||50521.375|320|34075||||888125|VJC167|4104|X||0|8||||132|163|0|0|[]|14:02:01:375
21|2.1|636136523075665380|0|50525.4453125|17.0572829094367|107.006299400246||||50525.4453125|320|34075||||888125|VJC167|4104|X||0|8||||132|163|0|0|[]|14:02:05:445
21|2.1|636136523116069420|0|50529.484375|17.0497083511854|107.010848426731||||50529.484375|320|34075||||888125|VJC167|4104|X||0|8||||132|163|0|0|[]|14:02:09:484
21|2.1|636136523156323445|0|50533.515625|17.0422625389667|107.015311622528||||50533.515625|320|34075||||888125|VJC167|4104|X||0|8||||132|163|0|0|[]|14:02:13:516
21|2.1|636136523197197532|0|50537.609375|17.0345806923549|107.019925022029||||50537.609375|320|34075||||888125|VJC167|4104|X||0|8||||132|163|0|0|[]|14:02:17:609
21|2.1|636136523246022414|0|50542.5|17.0254611817124|107.025418186087||||50542.5|320|34075||||888125|VJC167|4104|X||0|8||||132|163|0|0|[]|14:02:22:500
21|2.1|636136523295477359|0|50547.4375|17.0161700096931|107.030932807816||||50547.4375|320|34075||||888125|VJC167|4104|X||0|8||||132|163|0|0|[]|14:02:27:438
21|2.1|636136523295637375|0|50547.4375|17.0161700096931|107.030932807816||||50547.4375|320|34075||||888125|VJC167|4104|X||0|8||||132|147|0|0|[]|14:02:27:438
21|2.1|636136523337751586|0|50551.65625|17.0083379593766|107.035653495678||||50551.65625|320|34075||||888125|VJC167|4104|X||0|8||||132|163|0|0|[]|14:02:31:656
21|2.1|636136523342902101|0|50552.171875|17.0074367371484|107.036232852825||||50552.171875|320|34075||||888125|VJC167|4104|X||0|8||||132|147|0|0|[]|14:02:32:172
21|2.1|636136523386126423|0|50556.515625|16.9993042794225|107.041060829048||||50556.515625|320|34075||||888125|VJC167|4104|X||0|8||||132|163|0|0|[]|14:02:36:516
21|2.1|636136523386276438|0|50556.515625|16.9993042794225|107.041060829048||||50556.515625|320|34075||||888125|VJC167|4104|X||0|8||||132|147|0|0|[]|14:02:36:516
21|2.1|636136523426370447|0|50560.515625|16.9917940941875|107.045588397861||||50560.515625|320|34075||||888125|VJC167|4104|X||0|8||||132|163|0|0|[]|14:02:40:516
21|2.1|636136523468334643|0|50564.71875|16.9839835015431|107.050244712706||||50564.71875|320|34075||||888125|VJC167|4104|X||0|8||||132|163|0|0|[]|14:02:44:719
21|2.1|636136523468334643|0|50564.71875|16.9839835015431|107.050244712706||||50564.71875|320|34075||||888125|VJC167|4104|X||0|8||||132|147|0|0|[]|14:02:44:719
21|2.1|636136523513269136|0|50569.2109375|16.9755506364078|107.05528726565||||50569.2109375|320|34075||||888125|VJC167|4104|X||0|8||||132|147|0|0|[]|14:02:49:211
21|2.1|636136523527000509|0|50570.578125|16.9729971734279|107.056810760369||||50570.578125|320|34075||||888125|VJC167|4104|X||0|8||||132|163|0|0|[]|14:02:50:578
21|2.1|636136523608738682|0|50578.7578125|16.9577193108927|107.065951728684||||50578.7578125|320|34075||||888125|VJC167|4104|X||0|8||||132|163|0|0|[]|14:02:58:758
21|2.1|636136523648672675|0|50582.7578125|16.9502091256577|107.070436382152||||50582.7578125|320|34075||||888125|VJC167|4104|X||0|8||||132|163|0|0|[]|14:03:02:758
21|2.1|636136523692047012|0|50587.0859375|16.9420766679318|107.075307273719||||50587.0859375|320|34075||||888125|VJC167|4104|X||0|8||||132|163|0|0|[]|14:03:07:086
21|2.1|636136523697507558|0|50587.6328125|16.941046699671|107.075886630866||||50587.6328125|320|34075||||888125|VJC167|4104|X||0|8||||132|147|0|0|[]|14:03:07:633
21|2.1|636136523733691176|0|50591.2578125|16.9343304483037|107.079942130893||||50591.2578125|320|34075||||888125|VJC167|4104|X||0|8||||132|163|0|0|[]|14:03:11:258
21|2.1|636136523739471754|0|50591.828125|16.9332790223708|107.080542945712||||50591.828125|320|34075||||888125|VJC167|4104|X||0|8||||132|147|0|0|[]|14:03:11:828
21|2.1|636136523778475654|0|50595.734375|16.9258975831684|107.084984683836||||50595.734375|320|34075||||888125|VJC167|4104|X||0|8||||132|163|0|0|[]|14:03:15:734
21|2.1|636136523783146121|0|50596.203125|16.9250821916286|107.085456752622||||50596.203125|320|34075||||888125|VJC167|4104|X||0|8||||132|147|0|0|[]|14:03:16:203
21|2.1|636136523822780084|0|50600.15625|16.9177007524262|107.089898490747||||50600.15625|320|34075||||888125|VJC167|4104|X||0|8||||132|163|0|0|[]|14:03:20:156
21|2.1|636136523865054311|0|50604.390625|16.909718498405|107.094683551625||||50604.390625|320|34075||||888125|VJC167|4104|X||0|8||||132|163|0|0|[]|14:03:24:391
21|2.1|636136523889546760|0|50606.8359375|16.9051694719198|107.097430133654||||50606.8359375|320|34075||||888125|VJC167|4104|X||0|8||||132|147|0|0|[]|14:03:26:836
21|2.1|636136523908738679|0|50608.75|16.9015860406791|107.099554443192||||50608.75|320|34075||||888125|VJC167|4104|X||0|8||||132|163|0|0|[]|14:03:28:750
21|2.1|636136523952883093|0|50613.171875|16.8933462945927|107.104468250103||||50613.171875|320|34075||||888125|VJC167|4104|X||0|8||||132|163|0|0|[]|14:03:33:172
21|2.1|636136523957103515|0|50613.6015625|16.8925094453808|107.104983234233||||50613.6015625|320|34075||||888125|VJC167|4104|X||0|8||||132|147|0|0|[]|14:03:33:602
21|2.1|636136523996407445|0|50617.515625|16.8851923791947|107.10933914167||||50617.515625|320|34075||||888125|VJC167|4104|X||0|8||||132|163|0|0|[]|14:03:37:516
21|2.1|636136524006238428|0|50618.5|16.883325561722|107.110476398291||||50618.5|320|34075||||888125|VJC167|4104|X||0|8||||132|147|0|0|[]|14:03:38:500
21|2.1|636136524041031907|0|50621.9765625|16.8768668024199|107.114338779269||||50621.9765625|320|34075||||888125|VJC167|4104|X||0|8||||132|163|0|0|[]|14:03:41:977
21|2.1|636136524085186322|0|50626.40625|16.868519767973|107.119295501524||||50626.40625|320|34075||||888125|VJC167|4104|X||0|8||||132|163|0|0|[]|14:03:46:406
21|2.1|636136524126060409|0|50630.4921875|16.8608379213612|107.123908901026||||50630.4921875|320|34075||||888125|VJC167|4104|X||0|8||||132|163|0|0|[]|14:03:50:492
21|2.1|636136524156473450|0|50633.53125|16.8551301805826|107.127299213217||||50633.53125|320|34075||||888125|VJC167|4104|X||0|8||||132|147|0|0|[]|14:03:53:531
21|2.1|636136524169734776|0|50634.8515625|16.8527054636353|107.128736877248||||50634.8515625|320|34075||||888125|VJC167|4104|X||0|8||||132|163|0|0|[]|14:03:54:852
21|2.1|636136524199217724|0|50637.8125|16.8472122995777|107.132041358752||||50637.8125|320|34075||||888125|VJC167|4104|X||0|8||||132|147|0|0|[]|14:03:57:813
21|2.1|636136524214979300|0|50639.390625|16.8441867678116|107.13386526088||||50639.390625|320|34075||||888125|VJC167|4104|X||0|8||||132|163|0|0|[]|14:03:59:391
21|2.1|636136524240871889|0|50641.96875|16.8394231646054|107.136697673597||||50641.96875|320|34075||||888125|VJC167|4104|X||0|8||||132|147|0|0|[]|14:04:01:969
21|2.1|636136524259593761|0|50643.8359375|16.8358611910368|107.138821983135||||50643.8359375|320|34075||||888125|VJC167|4104|X||0|8||||132|163|0|0|[]|14:04:03:836
21|2.1|636136524283306132|0|50646.2109375|16.8314838259284|107.141461276803||||50646.2109375|320|34075||||888125|VJC167|4104|X||0|8||||132|147|0|0|[]|14:04:06:211
21|2.1|636136524302958097|0|50648.1875|16.8277072756388|107.143714332374||||50648.1875|320|34075||||888125|VJC167|4104|X||0|8||||132|163|0|0|[]|14:04:08:188
21|2.1|636136524323400141|0|50650.2265625|16.8239736406934|107.1459244726||||50650.2265625|320|34075||||888125|VJC167|4104|X||0|8||||132|147|0|0|[]|14:04:10:227
21|2.1|636136524349452746|0|50652.8203125|16.8190812914546|107.148864173678||||50652.8203125|320|34075||||888125|VJC167|4104|X||0|8||||132|163|0|0|[]|14:04:12:820
21|2.1|636136524363964197|0|50654.2734375|16.8163990824421|107.150473499085||||50654.2734375|320|34075||||888125|VJC167|4104|X||0|8||||132|147|0|0|[]|14:04:14:273
21|2.1|636136524389386739|0|50656.828125|16.8115925638917|107.153327369475||||50656.828125|320|34075||||888125|VJC167|4104|X||0|8||||132|163|0|0|[]|14:04:16:828
21|2.1|636136524404048205|0|50658.2890625|16.8088030665187|107.155001067899||||50658.2890625|320|34075||||888125|VJC167|4104|X||0|8||||132|147|0|0|[]|14:04:18:289
21|2.1|636136524434631263|0|50661.3515625|16.8030953257401|107.158434295435||||50661.3515625|320|34075||||888125|VJC167|4104|X||0|8||||132|163|0|0|[]|14:04:21:352
21|2.1|636136524475655365|0|50665.4375|16.7953920214562|107.163004779592||||50665.4375|320|34075||||888125|VJC167|4104|X||0|8||||132|163|0|0|[]|14:04:25:438
21|2.1|636136524514189218|0|50669.296875|16.7881822436306|107.167317771684||||50669.296875|320|34075||||888125|VJC167|4104|X||0|8||||132|147|0|0|[]|14:04:29:297
21|2.1|636136524518559655|0|50669.7421875|16.7873453944187|107.167832755814||||50669.7421875|320|34075||||888125|VJC167|4104|X||0|8||||132|163|0|0|[]|14:04:29:742
21|2.1|636136524558343633|0|50673.7265625|16.7799424975442|107.172274493939||||50673.7265625|320|34075||||888125|VJC167|4104|X||0|8||||132|147|0|0|[]|14:04:33:727
21|2.1|636136524563954194|0|50674.28125|16.7787837832508|107.17289676643||||50674.28125|320|34075||||888125|VJC167|4104|X||0|8||||132|163|0|0|[]|14:04:34:281
21|2.1|636136524605298328|0|50678.40625|16.771101936639|107.177510165931||||50678.40625|320|34075||||888125|VJC167|4104|X||0|8||||132|163|0|0|[]|14:04:38:406
21|2.1|636136524648202618|0|50682.703125|16.7630338519294|107.182316684482||||50682.703125|320|34075||||888125|VJC167|4104|X||0|8||||132|163|0|0|[]|14:04:42:703
21|2.1|636136524689856783|0|50686.8828125|16.7552447169571|107.186951541655||||50686.8828125|320|34075||||888125|VJC167|4104|X||0|8||||132|163|0|0|[]|14:04:46:883
21|2.1|636136524730570854|0|50690.9453125|16.7475628703453|107.191586398829||||50690.9453125|320|34075||||888125|VJC167|4104|X||0|8||||132|163|0|0|[]|14:04:50:945
21|2.1|636136524770824879|0|50694.96875|16.7400526851103|107.196071052298||||50694.96875|320|34075||||888125|VJC167|4104|X||0|8||||132|163|0|0|[]|14:04:54:969
21|2.1|636136524810908887|0|50698.9765625|16.7325854152195|107.200491332751||||50698.9765625|320|34075||||888125|VJC167|4104|X||0|8||||132|163|0|0|[]|14:04:58:977
21|2.1|636136524852723068|0|50703.1640625|16.7247104495588|107.205212020613||||50703.1640625|320|34075||||888125|VJC167|4104|X||0|8||||132|163|0|0|[]|14:05:03:164
21|2.1|636136524892817077|0|50707.171875|16.7172002643238|107.209696674081||||50707.171875|320|34075||||888125|VJC167|4104|X||0|8||||132|163|0|0|[]|14:05:07:172
21|2.1|636136524936031398|0|50711.484375|16.7090463489258|107.214546107976||||50711.484375|320|34075||||888125|VJC167|4104|X||0|8||||132|163|0|0|[]|14:05:11:484
21|2.1|636136524980965891|0|50715.9921875|16.7006134837905|107.21958866092||||50715.9921875|320|34075||||888125|VJC167|4104|X||0|8||||132|163|0|0|[]|14:05:15:992
21|2.1|636136525056933487|0|50723.5703125|16.6864514202045|107.228000068383||||50723.5703125|320|34075||||888125|VJC167|4104|X||0|8||||132|163|0|0|[]|14:05:23:570
21|2.1|636136525101087902|0|50727.984375|16.6781258434297|107.23297824831||||50727.984375|320|34075||||888125|VJC167|4104|X||0|8||||132|163|0|0|[]|14:05:27:984
21|2.1|636136525143362129|0|50732.21875|16.6702079624248|107.237698936172||||50732.21875|320|34100||||888125|VJC167|4104|X||0|8||||132|163|0|0|[]|14:05:32:219
21|2.1|636136525187046497|0|50736.5859375|16.6619682163384|107.242655658427||||50736.5859375|320|34075||||888125|VJC167|4104|X||0|8||||132|163|0|0|[]|14:05:36:586
21|2.1|636136525227140506|0|50740.59375|16.6544794887755|107.247118854224||||50740.59375|320|34075||||888125|VJC167|4104|X||0|8||||132|163|0|0|[]|14:05:40:594
21|2.1|636136525274725264|0|50745.3515625|16.645574554854|107.252440356905||||50745.3515625|320.25|34100||||888125|VJC167|4104|X||0|8||||132|163|0|0|[]|14:05:45:352
21|2.1|636136525319179709|0|50749.8046875|16.6372489780792|107.257418536832||||50749.8046875|320.25|34125||||888125|VJC167|4104|X||0|8||||132|163|0|0|[]|14:05:49:805
21|2.1|636136525363644155|0|50754.2421875|16.6289019436323|107.262353801415||||50754.2421875|320.25|34100||||888125|VJC167|4104|X||0|8||||132|163|0|0|[]|14:05:54:242
21|2.1|636136525414809271|0|50759.3671875|16.6193318218757|107.268040084521||||50759.3671875|320.25|34125||||888125|VJC167|4104|X||0|8||||132|163|0|0|[]|14:05:59:367
21|2.1|636136525457553545|0|50763.640625|16.6112851948382|107.272868060744||||50763.640625|320.25|34100||||888125|VJC167|4104|X||0|8||||132|163|0|0|[]|14:06:03:641
21|2.1|636136525497967586|0|50767.671875|16.6038179249474|107.277352714213||||50767.671875|320.25|34100||||888125|VJC167|4104|X||0|8||||132|163|0|0|[]|14:06:07:672
21|2.1|636136525537901579|0|50771.671875|16.5963077397124|107.281772994665||||50771.671875|320.25|34125||||888125|VJC167|4104|X||0|8||||132|163|0|0|[]|14:06:11:672
21|2.1|636136525581265915|0|50776.015625|16.5881967396586|107.286643886232||||50776.015625|320.25|34125||||888125|VJC167|4104|X||0|8||||132|163|0|0|[]|14:06:16:016
21|2.1|636136525622300018|0|50780.1015625|16.5805148930468|107.291214370389||||50780.1015625|320.25|34100||||888125|VJC167|4104|X||0|8||||132|163|0|0|[]|14:06:20:102
21|2.1|636136525662704058|0|50784.1484375|16.5729617924676|107.295699023858||||50784.1484375|320.25|34125||||888125|VJC167|4104|X||0|8||||132|163|0|0|[]|14:06:24:148
21|2.1|636136525707638551|0|50788.6484375|16.5645503850044|107.30072011913||||50788.6484375|320.25|34125||||888125|VJC167|4104|X||0|8||||132|163|0|0|[]|14:06:28:648
21|2.1|636136525753963183|0|50793.28125|16.5559458584923|107.305827045089||||50793.28125|320.25|34125||||888125|VJC167|4104|X||0|8||||132|163|0|0|[]|14:06:33:281
21|2.1|636136525797027489|0|50797.578125|16.5479206891269|107.310590648296||||50797.578125|320.25|34125||||888125|VJC167|4104|X||0|8||||132|163|0|0|[]|14:06:37:578
21|2.1|636136525842262012|0|50802.1171875|16.5394019933032|107.315676116583||||50802.1171875|320.25|34125||||888125|VJC167|4104|X||0|8||||132|163|0|0|[]|14:06:42:117
21|2.1|636136525883606146|0|50806.234375|16.5317201466914|107.320182227724||||50806.234375|320.25|34125||||888125|VJC167|4104|X||0|8||||132|163|0|0|[]|14:06:46:234
21|2.1|636136525926510436|0|50810.5390625|16.5236306043097|107.325053119291||||50810.5390625|320.25|34125||||888125|VJC167|4104|X||0|8||||132|163|0|0|[]|14:06:50:539
21|2.1|636136525968314616|0|50814.7109375|16.5159058423537|107.329666518793||||50814.7109375|320.25|34125||||888125|VJC167|4104|X||0|8||||132|163|0|0|[]|14:06:54:711
21|2.1|636136526008878672|0|50818.78125|16.5083312841024|107.334151172261||||50818.78125|320.25|34125||||888125|VJC167|4104|X||0|8||||132|163|0|0|[]|14:06:58:781
21|2.1|636136526064264210|0|50824.3046875|16.4979672284781|107.340352439498||||50824.3046875|320.25|34125||||888125|VJC167|4104|X||0|8||||132|163|0|0|[]|14:07:04:305
21|2.1|636136526106228406|0|50828.4921875|16.4901566358337|107.345008754344||||50828.4921875|320|34100||||888125|VJC167|4104|X||0|8||||132|163|0|0|[]|14:07:08:492
21|2.1|636136526151002883|0|50832.9921875|16.4817237706984|107.350008391943||||50832.9921875|320.25|34125||||888125|VJC167|4104|X||0|8||||132|163|0|0|[]|14:07:12:992
21|2.1|636136526194997282|0|50837.390625|16.4735269399562|107.354922198854||||50837.390625|320|34100||||888125|VJC167|4104|X||0|8||||132|163|0|0|[]|14:07:17:391
21|2.1|636136526239301712|0|50841.8125|16.465330109214|107.359771632749||||50841.8125|320|34100||||888125|VJC167|4104|X||0|8||||132|163|0|0|[]|14:07:21:813
21|2.1|636136526280015783|0|50845.875|16.4577984663069|107.36427774389||||50845.875|320|34100||||888125|VJC167|4104|X||0|8||||132|163|0|0|[]|14:07:25:875
21|2.1|636136526325100291|0|50850.3828125|16.4493656011716|107.369298839161||||50850.3828125|320|34100||||888125|VJC167|4104|X||0|8||||132|163|0|0|[]|14:07:30:383
21|2.1|636136526369724753|0|50854.8515625|16.4409971090526|107.374255561416||||50854.8515625|320|34100||||888125|VJC167|4104|X||0|8||||132|163|0|0|[]|14:07:34:852
21|2.1|636136526411218902|0|50859.0078125|16.4332723470966|107.378847503246||||50859.0078125|320|34100||||888125|VJC167|4104|X||0|8||||132|163|0|0|[]|14:07:39:008
21|2.1|636136526456623442|0|50863.5390625|16.4247965666171|107.383890056189||||50863.5390625|320|34100||||888125|VJC167|4104|X||0|8||||132|163|0|0|[]|14:07:43:539
21|2.1|636136526499517731|0|50867.8359375|16.4168786856122|107.388610744051||||50867.8359375|320|34100||||888125|VJC167|4104|X||0|8||||132|163|0|0|[]|14:07:47:836
21|2.1|636136526543042083|0|50872.1875|16.4087676855584|107.393438720274||||50872.1875|320|34100||||888125|VJC167|4104|X||0|8||||132|163|0|0|[]|14:07:52:188
21|2.1|636136526586566435|0|50876.53125|16.4006781431767|107.398223781152||||50876.53125|320|34100||||888125|VJC167|4104|X||0|8||||132|163|0|0|[]|14:07:56:531
21|2.1|636136526627910569|0|50880.671875|16.3929748388928|107.402815722981||||50880.671875|320|34100||||888125|VJC167|4104|X||0|8||||132|163|0|0|[]|14:08:00:672
21|2.1|636136526677985576|0|50885.671875|16.3836836668735|107.408373260055||||50885.671875|320|34100||||888125|VJC167|4104|X||0|8||||132|163|0|0|[]|14:08:05:672
21|2.1|636136526722290006|0|50890.109375|16.3754010054429|107.413287066966||||50890.109375|320|34100||||888125|VJC167|4104|X||0|8||||132|163|0|0|[]|14:08:10:109
21|2.1|636136526765814358|0|50894.4609375|16.3672900053891|107.418093585517||||50894.4609375|320|34100||||888125|VJC167|4104|X||0|8||||132|163|0|0|[]|14:08:14:461
21|2.1|636136526806698446|0|50898.546875|16.3596939894657|107.422578238986||||50898.546875|320|34100||||888125|VJC167|4104|X||0|8||||132|163|0|0|[]|14:08:18:547
21|2.1|636136526875175293|0|50905.3984375|16.3469481322383|107.430152797237||||50905.3984375|320|34100||||888125|VJC167|4104|X||0|8||||132|163|0|0|[]|14:08:25:398
21|2.1|636136526915429318|0|50909.421875|16.3395023200196|107.434573077689||||50909.421875|320|34100||||888125|VJC167|4104|X||0|8||||132|163|0|0|[]|14:08:29:422
21|2.1|636136526956303405|0|50913.5078125|16.3318848464241|107.439122104175||||50913.5078125|320|34100||||888125|VJC167|4104|X||0|8||||132|163|0|0|[]|14:08:33:508
21|2.1|636136527002628037|0|50918.1328125|16.3233661506004|107.444229030134||||50918.1328125|319.75|34075||||888125|VJC167|4104|X||0|8||||132|163|0|0|[]|14:08:38:133
21|2.1|636136527043822156|0|50922.25|16.3156199309723|107.448799514292||||50922.25|319.75|34075||||888125|VJC167|4104|X||0|8||||132|163|0|0|[]|14:08:42:250
21|2.1|636136527087036477|0|50926.578125|16.3075947616069|107.453563117498||||50926.578125|319.75|34075||||888125|VJC167|4104|X||0|8||||132|163|0|0|[]|14:08:46:578
21|2.1|636136527226500422|0|50940.5234375|16.281652436038|107.468948268394||||50940.5234375|319.75|34075||||888125|VJC167|4104|X||0|8||||132|163|0|0|[]|14:09:00:523
21|2.1|636136527271434915|0|50945.03125|16.2733054015911|107.473904990649||||50945.03125|319.75|34075||||888125|VJC167|4104|X||0|8||||132|163|0|0|[]|14:09:05:031
21|2.1|636136527318859657|0|50949.7578125|16.2644433830138|107.479162120313||||50949.7578125|319.75|34075||||888125|VJC167|4104|X||0|8||||132|163|0|0|[]|14:09:09:758
21|2.1|636136527361913962|0|50954.078125|16.2564182136484|107.483925723519||||50954.078125|319.75|34075||||888125|VJC167|4104|X||0|8||||132|163|0|0|[]|14:09:14:078
21|2.1|636136527404658236|0|50958.3515625|16.2484145019551|107.488689326726||||50958.3515625|319.75|34075||||888125|VJC167|4104|X||0|8||||132|163|0|0|[]|14:09:18:352
21|2.1|636136527449582728|0|50962.8359375|16.2401747558687|107.493624591309||||50962.8359375|319.75|34075||||888125|VJC167|4104|X||0|8||||132|163|0|0|[]|14:09:22:836
21|2.1|636136527502628032|0|50968.125|16.2302613113585|107.49946107812||||50968.125|319.75|34075||||888125|VJC167|4104|X||0|8||||132|163|0|0|[]|14:09:28:125
21|2.1|636136527543342103|0|50972.2109375|16.2226223800909|107.503967189261||||50972.2109375|319.75|34075||||888125|VJC167|4104|X||0|8||||132|163|0|0|[]|14:09:32:211
21|2.1|636136527587806549|0|50976.65625|16.2143182609882|107.508923911516||||50976.65625|319.75|34075||||888125|VJC167|4104|X||0|8||||132|163|0|0|[]|14:09:36:656
21|2.1|636136527632891057|0|50981.15625|16.2059283111971|107.513902091443||||50981.15625|319.75|34075||||888125|VJC167|4104|X||0|8||||132|163|0|0|[]|14:09:41:156
21|2.1|636136527673455113|0|50985.2265625|16.1983537529458|107.518386744912||||50985.2265625|319.75|34075||||888125|VJC167|4104|X||0|8||||132|163|0|0|[]|14:09:45:227
21|2.1|636136527715729340|0|50989.4453125|16.1904144142688|107.523107432774||||50989.4453125|319.75|34075||||888125|VJC167|4104|X||0|8||||132|163|0|0|[]|14:09:49:445
21|2.1|636136527763934160|0|50994.265625|16.181445107331|107.528407477783||||50994.265625|319.75|34075||||888125|VJC167|4104|X||0|8||||132|163|0|0|[]|14:09:54:266
21|2.1|636136527807308497|0|50998.609375|16.1733126496051|107.533192538661||||50998.609375|319.75|34075||||888125|VJC167|4104|X||0|8||||132|163|0|0|[]|14:09:58:609
21|2.1|636136527849752741|0|51002.859375|16.1653733109281|107.537934684195||||51002.859375|319.75|34075||||888125|VJC167|4104|X||0|8||||132|163|0|0|[]|14:10:02:859
21|2.1|636136527890926858|0|51006.9609375|16.1576914643163|107.542462253008||||51006.9609375|320|34100||||888125|VJC167|4104|X||0|8||||132|163|0|0|[]|14:10:06:961
21|2.1|636136527934301195|0|51011.3046875|16.1495804642625|107.547333144575||||51011.3046875|320|34100||||888125|VJC167|4104|X||0|8||||132|163|0|0|[]|14:10:11:305
21|2.1|636136527976105375|0|51015.5|16.1417054986018|107.551925086404||||51015.5|320|34100||||888125|VJC167|4104|X||0|8||||132|163|0|0|[]|14:10:15:500
21|2.1|636136528020099774|0|51019.8828125|16.1335515832038|107.556774520299||||51019.8828125|320|34100||||888125|VJC167|4104|X||0|8||||132|163|0|0|[]|14:10:19:883
21|2.1|636136528065494313|0|51024.4296875|16.1250328873801|107.56179561557||||51024.4296875|320|34100||||888125|VJC167|4104|X||0|8||||132|163|0|0|[]|14:10:24:430
21|2.1|636136528108238587|0|51028.6953125|16.1169862603426|107.566602134121||||51028.6953125|320|34100||||888125|VJC167|4104|X||0|8||||132|163|0|0|[]|14:10:28:695
21|2.1|636136528148332596|0|51032.7109375|16.1094975327797|107.571022414573||||51032.7109375|320|34100||||888125|VJC167|4104|X||0|8||||132|163|0|0|[]|14:10:32:711
21|2.1|636136528189206683|0|51036.7734375|16.1019229745284|107.575464152698||||51036.7734375|320.25|34125||||888125|VJC167|4104|X||0|8||||132|163|0|0|[]|14:10:36:773
21|2.1|636136528229450707|0|51040.8203125|16.094326958605|107.579991721511||||51040.8203125|320.25|34125||||888125|VJC167|4104|X||0|8||||132|163|0|0|[]|14:10:40:820
21|2.1|636136528269704732|0|51044.8515625|16.0867738580258|107.584433459636||||51044.8515625|320.25|34125||||888125|VJC167|4104|X||0|8||||132|163|0|0|[]|14:10:44:852
21|2.1|636136528316199381|0|51049.4921875|16.0780620431532|107.589604758612||||51049.4921875|320.25|34125||||888125|VJC167|4104|X||0|8||||132|163|0|0|[]|14:10:49:492
21|2.1|636136528359413702|0|51053.828125|16.0700154161157|107.594368361818||||51053.828125|320.25|34150||||888125|VJC167|4104|X||0|8||||132|163|0|0|[]|14:10:53:828
21|2.1|636136528403408101|0|51058.21875|16.0617756700293|107.599217795713||||51058.21875|320.25|34125||||888125|VJC167|4104|X||0|8||||132|163|0|0|[]|14:10:58:219
21|2.1|636136528445212281|0|51062.40625|16.0539650773849|107.603831195214||||51062.40625|320.25|34125||||888125|VJC167|4104|X||0|8||||132|163|0|0|[]|14:11:02:406
21|2.1|636136528489046664|0|51066.7890625|16.0458540773311|107.608680629109||||51066.7890625|320.25|34125||||888125|VJC167|4104|X||0|8||||132|163|0|0|[]|14:11:06:789
