62|1.1|636136510301178059|0|49248.015625|13.86731098578|101.01982790649|29303|20096||49248.015625|127.5||12656.25|124.75|49248.015625|71c052|ESR921|0|2371|-1006.25|||3|3|2|1|1|132|18|["132,18,5,3607","132,114,5,434"]|13:40:48:016
62|1.1|636136510351103051|0|49253.015625|13.86161398236|101.01825076995|29133|19466||49253.015625|126.25||12575|123.75|49253.015625|71c052|ESR921|0|2371|-1025|||3|3|2|1|1|132|5|["132,18,5,3607","132,114,5,434"]|13:40:53:016
62|1.1|636136510401018042|0|49258.015625|13.85643732671|101.0167755572|28974|18893||49258.015625|125.5||12506.25|123|49258.015625|71c052|ESR921|0|2371|-1043.75|||3|3|2|1|1|132|5|["132,18,5,3607","132,114,5,434"]|13:40:58:016
62|1.1|636136510450953035|0|49263|13.85045600956|101.01512331892|28796|18230||49263|124||12406.25|122.25|49263|71c052|ESR921|0|2371|-1006.25|||3|3|2|1|1|132|5|["132,18,5,3607","132,114,5,434"]|13:41:03:000
62|1.1|636136510500868026|0|49268|13.84590698988|101.01388950462|28663|17727||49268|123.25||12331.25|121.25|49268|71c052|ESR921|0|2371|-1025|||3|3|2|1|1|132|5|["132,18,5,3607"]|13:41:08:000
62|1.1|636136510550803019|0|49272.9765625|13.84001150329|101.01228018162|28490|17075||49272.9765625|122.5||12218.75|120.25|49272.9765625|71c052|ESR921|0|2371|-1062.5|||3|3|2|1|1|132|5|["132,18,5,3607"]|13:41:12:977
62|1.1|636136510600708009|0|49277.9765625|13.83418038962|101.0105528416|28304|16429||49277.9765625|121.75||12125|119.25|49277.9765625|71c052|ESR921|0|2371|-1100|||3|3|2|1|1|132|5|["132,18,5,3607"]|13:41:17:977
62|1.1|636136510650623000|0|49282.9765625|13.82900909838|101.0090508068|28142|15857||49282.9765625|121||12056.25|118.5|49282.9765625|71c052|ESR921|0|2371|-1100|||3|3|2|1|1|132|5|["132,18,5,3607"]|13:41:22:977
62|1.1|636136510700547992|0|49287.9609375|13.82348375608|101.00747903467|27973|15245||49287.9609375|120.5||11962.5|117.5|49287.9609375|71c052|ESR921|0|2371|-1081.25|||3|3|2|1|1|132|18|["132,18,5,3607"]|13:41:27:961
62|1.1|636136510750472984|0|49292.9609375|13.81760972713|101.00583752521|27796|14595||49292.9609375|119.5||11862.5|116.75|49292.9609375|71c052|ESR921|0|2371|-1081.25|||3|3|2|1|1|132|18|["132,18,5,3607"]|13:41:32:961
62|1.1|636136510800397976|0|49297.9375|13.81198246104|101.00425502426|27626|13972||49297.9375|118.5||11768.75|115.75|49297.9375|71c052|ESR921|0|2371|-1100|||3|3|2|1|1|132|18|["132,18,5,3607"]|13:41:37:938
62|1.1|636136510850312967|0|49302.9375|13.80700428856|101.00283882002|27473|13421||49302.9375|117||11675|114.75|49302.9375|71c052|ESR921|0|2371|-1125|||3|3|2|1|1|132|5|["132,18,5,3607"]|13:41:42:938
62|1.1|636136510900237959|0|49307.9375|13.80117317489|101.00136897168|27315|12777||49307.9375|116.25||11575|113.75|49307.9375|71c052|ESR921|0|2371|-1100|||3|3|2|1|1|132|5|["132,18,5,3607"]|13:41:47:938
62|1.1|636136510950152950|0|49312.921875|13.79550835793|100.99981329278|27147|12149||49312.921875|115.75||11493.75|113|49312.921875|71c052|ESR921|0|2371|-1081.25|||3|3|2|1|1|132|5|["132,18,5,3607"]|13:41:52:922
62|1.1|636136511000087943|0|49317.921875|13.79033706669|100.99839172413|26994|11577||49317.921875|115||11412.5|112.25|49317.921875|71c052|ESR921|0|2371|-1043.75|||3|3|2|1|1|132|18|["132,18,5,3607"]|13:41:57:922
62|1.1|636136511050002934|0|49322.8984375|13.7844952242|100.996819952|26825|10931||49322.8984375|113.25||11318.75|111.25|49322.8984375|71c052|ESR921|0|2371|-1025|||3|3|2|1|1|132|5|["132,18,5,3607"]|13:42:02:898
62|1.1|636136511099927926|0|49327.8984375|13.77933466178|100.99550567155|26684|10359||49327.8984375|112.25||11218.75|110.25|49327.8984375|71c052|ESR921|0|2371|-1081.25|||3|3|2|1|1|132|5|["132,18,5,3607"]|13:42:07:898
62|1.1|636136511149842917|0|49332.8984375|13.77362156513|100.99396608588|26517|9727||49332.8984375|111.5||11125|109.25|49332.8984375|71c052|ESR921|0|2371|-1125|||3|3|2|1|1|132|5|["132,18,5,3607"]|13:42:12:898
62|1.1|636136511199767909|0|49337.875|13.76846100271|100.99255524605|26366|9156||49337.875|110.75||11043.75|108.5|49337.875|71c052|ESR921|0|2371|-1125|||3|3|2|1|1|132|5|["132,18,5,3607"]|13:42:17:875
62|1.1|636136511249692901|0|49342.875|13.76319315209|100.99110685535|26210|8573||49342.875|110||10962.5|107.5|49342.875|71c052|ESR921|0|2371|-1100|||3|3|2|1|1|132|5|["132,18,5,3607"]|13:42:22:875
62|1.1|636136511299607892|0|49347.875|13.75787165737|100.98970137993|26058|7984||49347.875|109.25||10875|106.75|49347.875|71c052|ESR921|0|2371|-1081.25|||3|3|2|1|1|132|18|["132,18,5,3607"]|13:42:27:875
62|1.1|636136511349532884|0|49352.859375|13.75212100985|100.98815106544|25891|7348||49352.859375|108.5||10775|105.75|49352.859375|71c052|ESR921|0|2371|-1081.25|||3|3|2|1|1|132|18|["132,18,5,3607"]|13:42:32:859
62|1.1|636136511399457876|0|49357.859375|13.746837066|100.98670803915|25736|6763||49357.859375|106.75||10675|104.75|49357.859375|71c052|ESR921|0|2371|-1125|||3|3|2|1|1|132|5|["132,18,5,3607"]|13:42:37:859
62|1.1|636136511449372867|0|49362.8359375|13.7410971473|100.98513090261|25566|6128||49362.8359375|106||10575|103.75|49362.8359375|71c052|ESR921|0|2371|-1143.75|||3|3|2|1|1|132|5|["132,18,5,3607"]|13:42:42:836
62|1.1|636136511499297859|0|49367.8359375|13.73541623711|100.98357522371|25398|5499||49367.8359375|105.25||10475|102.75|49367.8359375|71c052|ESR921|0|2371|-1125|||3|3|2|1|1|132|5|["132,18,5,3607"]|13:42:47:836
62|1.1|636136511549222851|0|49372.8203125|13.73021812382|100.98214829065|25244|4924||49372.8203125|104.25||10381.25|101.75|49372.8203125|71c052|ESR921|0|2371|-1162.5|||3|3|2|1|1|132|5|["132,18,5,3607"]|13:42:52:820
62|1.1|636136511599137842|0|49377.8203125|13.72498782407|100.98069453554|25087|4345||49377.8203125|103.5||10287.5|100.75|49377.8203125|71c052|ESR921|0|2371|-1162.5|||3|3|2|1|1|132|18|["132,18,5,3607"]|13:42:57:820
62|1.1|636136511649062834|0|49382.8203125|13.71927472742|100.97914958546|24921|3713||49382.8203125|101.5||10156.25|99.5|49382.8203125|71c052|ESR921|0|2371|-1237.5|||3|3|2|1|1|132|5|["132,18,5,3607"]|13:43:02:820
62|1.1|636136511698977825|0|49387.796875|13.71378157158|100.97765291507|24760|3105||49387.796875|101.5||10037.5|98.75|49387.796875|71c052|ESR921|0|2371|-1237.5|||3|3|2|1|1|132|18|["132,18,5,3607"]|13:43:07:797
62|1.1|636136511748902817|0|49392.796875|13.70849762773|100.97617233791|24600|2520||49392.796875|99.75||9950|97.5|49392.796875|71c052|ESR921|0|2371|-1300|||3|3|2|1|1|132|5|["132,18,5,3607"]|13:43:12:797
62|1.1|636136511798827809|0|49397.78125|13.70315467537|100.97472394721|24444|1929||49397.78125|99||9856.25|96.5|49397.78125|71c052|ESR921|0|2371|-1262.5|||3|3|2|1|1|132|5|["132,18,5,3607"]|13:43:17:781
62|1.1|636136511848752801|0|49402.78125|13.69775807891|100.97324873446|24285|1332||49402.78125|98.25||9768.75|95.5|49402.78125|71c052|ESR921|0|2371|-1200|||3|3|2|1|1|132|18|["132,18,5,3607"]|13:43:22:781
62|1.1|636136511898667792|0|49407.78125|13.69182504145|100.971607225|24108|675||49407.78125|97.5||9662.5|94.75|49407.78125|71c052|ESR921|0|2371|-1181.25|||3|3|2|1|1|132|18|["132,18,5,3607"]|13:43:27:781
62|1.1|636136511948592784|0|49412.7578125|13.68650891114|100.97012664784|23948|87||49412.7578125|96||9593.75|93.75|49412.7578125|71c052|ESR921|0|2371|-1100|||3|3|2|1|1|132|5|["132,18,5,3607"]|13:43:32:758
62|1.1|636136511995397464|0|49417.4375|13.68115522996|100.96870507919|23795|-506||49417.4375|95.25||9506.25|93|49417.4375|71c052|ESR921|0|2371|-1081.25|||3|3|2|1|1|132|5|["132,18,5,3607"]|13:43:37:438
62|1.1|636136512045322456|0|49422.4375|13.67588201493|100.96719231557|23632|-1089||49422.4375|94.5||9425|92.25|49422.4375|71c052|ESR921|0|2371|-1006.25|||3|3|2|1|1|132|5|["132,18,5,3607"]|13:43:42:438
62|1.1|636136512095247448|0|49427.421875|13.6705551558|100.96570100959|23471|-1679||49427.421875|94||9362.5|91.5|49427.421875|71c052|ESR921|0|2371|-962.5|||3|3|2|1|1|132|18|["132,18,5,3607"]|13:43:47:422
62|1.1|636136512145162439|0|49432.421875|13.66518538139|100.96417751715|23307|-2273||49432.421875|93.25||9275|90.75|49432.421875|71c052|ESR921|0|2371|-943.75|||3|3|2|1|1|132|18|["132,18,5,3607"]|13:43:52:422
62|1.1|636136512195097432|0|49437.421875|13.659933624|100.96214440576|23087|-2854||49437.421875|91.75||9181.25|89.75|49437.421875|71c052|ESR921|0|2371|-1006.25|||3|3|2|1|1|132|5|["132,18,5,3607"]|13:43:57:422
62|1.1|636136512245012423|0|49442.3984375|13.65530950258|100.95904377678|22752|-3366||49442.3984375|91||9087.5|88.75|49442.3984375|71c052|ESR921|0|2371|-1081.25|||3|3|2|1|1|132|5|["132,18,5,3607"]|13:44:02:398
62|1.1|636136512294937415|0|49447.3984375|13.65063710147|100.95502583369|22318|-3883||49447.3984375|90.25||8987.5|87.75|49447.3984375|71c052|ESR921|0|2371|-1125|||3|3|2|1|1|132|5|["132,18,5,3607"]|13:44:07:398
62|1.1|636136512344852406|0|49452.375|13.6472736164|100.95024614438|21801|-4256||49452.375|89.25||8887.5|86.75|49452.375|71c052|ESR921|0|2371|-1143.75|||3|3|2|1|1|132|5|["132,18,5,3607"]|13:44:12:375
62|1.1|636136512394777398|0|49457.375|13.64457531817|100.94518214134|21254|-4555||49457.375|88.75||8793.75|86|49457.375|71c052|ESR921|0|2371|-1125|||3|3|2|1|1|132|18|["132,18,5,3607"]|13:44:17:375
62|1.1|636136512444702390|0|49462.375|13.64281579169|100.93900234102|20585|-4750||49462.375|87.25||8706.25|85|49462.375|71c052|ESR921|0|2371|-1125|||3|3|2|1|1|132|5|["132,18,5,3607"]|13:44:22:375
62|1.1|636136512494627382|0|49467.359375|13.64150151124|100.93312294766|19949|-4896||49467.359375|86.5||8631.25|84.25|49467.359375|71c052|ESR921|0|2371|-1043.75|||3|3|2|1|1|132|5|["132,18,5,3607"]|13:44:27:359
62|1.1|636136512544542373|0|49472.359375|13.64068612092|100.9277263512|19365|-4987||49472.359375|85.75||8556.25|83.5|49472.359375|71c052|ESR921|0|2371|-1025|||3|3|2|1|1|132|5|["132,18,5,3607"]|13:44:32:359
62|1.1|636136512594467365|0|49477.3359375|13.64046618011|100.92245850058|18795|-5011||49477.3359375|85||8475|82.75|49477.3359375|71c052|ESR921|0|2371|-1006.25|||3|3|2|1|1|132|18|["132,18,5,3607"]|13:44:37:336
62|1.1|636136512644382356|0|49482.3359375|13.64092751937|100.91615531883|18113|-4961||49482.3359375|84||8356.25|81.75|49482.3359375|71c052|ESR921|0|2371|-1062.5|||3|3|2|1|1|132|18|["132,18,5,3607"]|13:44:42:336
62|1.1|636136512694307348|0|49487.3359375|13.64251002032|100.91021691696|17471|-4786||49487.3359375|83.25||8243.75|80.5|49487.3359375|71c052|ESR921|0|2371|-1125|||3|3|2|1|1|132|18|["132,18,5,3607"]|13:44:47:336
62|1.1|636136512744222339|0|49492.3203125|13.64487572513|100.90560352436|16971|-4525||49492.3203125|81.75||8168.75|79.75|49492.3203125|71c052|ESR921|0|2371|-1081.25|||3|3|2|1|1|132|5|["132,18,5,3607"]|13:44:52:320
62|1.1|636136512794147331|0|49497.3203125|13.64640994639|100.90005672442|16371|-4355||49497.3203125|81||8081.25|78.75|49497.3203125|71c052|ESR921|0|2371|-1081.25|||3|3|2|1|1|132|5|["132,18,5,3607"]|13:44:57:320
62|1.1|636136512844082324|0|49502.296875|13.64792807442|100.8951107384|15836|-4188||49502.296875|80.25||8006.25|78|49502.296875|71c052|ESR921|0|2371|-1062.5|||3|3|2|1|1|132|5|["132,18,5,3607"]|13:45:02:297
62|1.1|636136512893987314|0|49507.296875|13.64943010922|100.89006282859|15290|-4022||49507.296875|79.25||7912.5|77|49507.296875|71c052|ESR921|0|2371|-1100|||3|3|2|1|1|132|5|["132,18,5,3607"]|13:45:07:297
62|1.1|636136512943912306|0|49512.296875|13.65090532197|100.88488617294|14729|-3859||49512.296875|78.5||7812.5|76|49512.296875|71c052|ESR921|0|2371|-1100|||3|3|2|1|1|132|18|["132,18,5,3607"]|13:45:12:297
62|1.1|636136512993837298|0|49517.28125|13.65234834826|100.87958077145|14155|-3700||49517.28125|77.75||7731.25|75.25|49517.28125|71c052|ESR921|0|2371|-1081.25|||3|3|2|1|1|132|18|["132,18,5,3607"]|13:45:17:281
62|1.1|636136513043752289|0|49522.28125|13.6539254848|100.87286989454|13429|-3526||49522.28125|77||7637.5|74.5|49522.28125|71c052|ESR921|0|2371|-1062.5|||3|3|2|1|1|132|18|["132,18,5,3607"]|13:45:22:281
62|1.1|636136513093687282|0|49527.2578125|13.65618390141|100.86719434876|12815|-3276||49527.2578125|75.75||7562.5|73.5|49527.2578125|71c052|ESR921|0|2371|-1062.5|||3|3|2|1|1|132|5|["132,18,5,3607"]|13:45:27:258
62|1.1|636136513143602273|0|49532.2578125|13.65934890331|100.8628706343|12347|-2926||49532.2578125|74.75||7468.75|72.75|49532.2578125|71c052|ESR921|0|2371|-1043.75|||3|3|2|1|1|132|5|["132,18,5,3607"]|13:45:32:258
62|1.1|636136513193517264|0|49537.2578125|13.66330247348|100.85880977593|11907|-2489||49537.2578125|74||7387.5|71.75|49537.2578125|71c052|ESR921|0|2371|-1025|||3|3|2|1|1|132|5|["132,18,5,3607"]|13:45:37:258
62|1.1|636136513243442256|0|49542.2421875|13.66796951018|100.85524244328|11521|-1973||49542.2421875|73.5||7306.25|71|49542.2421875|71c052|ESR921|0|2371|-1006.25|||3|3|2|1|1|132|18|["132,18,5,3607"]|13:45:42:242
62|1.1|636136513293367248|0|49547.2421875|13.67251316545|100.85254950946|11230|-1470||49547.2421875|72.75||7225|70.25|49547.2421875|71c052|ESR921|0|2371|-1006.25|||3|3|2|1|1|132|18|["132,18,5,3607"]|13:45:47:242
62|1.1|636136513343302241|0|49552.21875|13.67740550737|100.85062368627|11021|-929||49552.21875|71.75||7137.5|69.5|49552.21875|71c052|ESR921|0|2371|-1006.25|||3|3|2|1|1|132|18|["132,18,5,3607"]|13:45:52:219
62|1.1|636136513393207231|0|49557.21875|13.68308105315|100.84955616868|10905|-301||49557.21875|70.25||7025|68.25|49557.21875|71c052|ESR921|0|2371|-1062.5|||3|3|2|1|1|132|5|["132,18,5,3607"]|13:45:57:219
62|1.1|636136513446242534|0|49562.515625|13.68905164148|100.84866031221|10808|359||49562.515625|69.75||6937.5|67.5|49562.515625|71c052|ESR921|0|2371|-1081.25|||3|3|2|1|1|132|5|["132,18,5,3607"]|13:46:02:516
62|1.1|636136513496167526|0|49567.515625|13.69467890757|100.84846182904|10786|982||49567.515625|69.25||6856.25|66.5|49567.515625|71c052|ESR921|0|2371|-1081.25|||3|3|2|1|1|132|18|["132,18,5,3607"]|13:46:07:516
62|1.1|636136513546082517|0|49572.5|13.70012914813|100.84894999035|10839|1585||49572.5|68.25||6762.5|65.5|49572.5|71c052|ESR921|0|2371|-1081.25|||3|3|2|1|1|132|18|["132,18,5,3607"]|13:46:12:500
62|1.1|636136513596007509|0|49577.5|13.70462452371|100.8502642708|10981|2082||49577.5|67.25||6693.75|64.75|49577.5|71c052|ESR921|0|2371|-1062.5|||3|3|2|1|1|132|18|["132,18,5,3607"]|13:46:17:500
62|1.1|636136513645932501|0|49582.5|13.70965634029|100.8521418143|11184|2639||49582.5|66||6606.25|64|49582.5|71c052|ESR921|0|2371|-1006.25|||3|3|2|1|1|132|5|["132,18,5,3607"]|13:46:22:500
62|1.1|636136513695847492|0|49587.4765625|13.71494564855|100.85344000152|11324|3224||49587.4765625|65.25||6506.25|63|49587.4765625|71c052|ESR921|0|2371|-1062.5|||3|3|2|1|1|132|5|["132,18,5,3607"]|13:46:27:477
62|1.1|636136513745772484|0|49592.4765625|13.72054609259|100.8550385957|11497|3844||49592.4765625|64.5||6406.25|62|49592.4765625|71c052|ESR921|0|2371|-1081.25|||3|3|2|1|1|132|5|["132,18,5,3607"]|13:46:32:477
62|1.1|636136513795697476|0|49597.4609375|13.72604997725|100.85679812218|11687|4453||49597.4609375|63.75||6306.25|61.25|49597.4609375|71c052|ESR921|0|2371|-1100|||3|3|2|1|1|132|18|["132,18,5,3607"]|13:46:37:461
62|1.1|636136513845612467|0|49602.4609375|13.73146266694|100.85838062313|11857|5052||49602.4609375|62.75||6218.75|60.25|49602.4609375|71c052|ESR921|0|2371|-1100|||3|3|2|1|1|132|18|["132,18,5,3607"]|13:46:42:461
62|1.1|636136513895537459|0|49607.4609375|13.73629063594|100.85968953917|11999|5586||49607.4609375|61.5||6150|59.5|49607.4609375|71c052|ESR921|0|2371|-1081.25|||3|3|2|1|1|132|5|["132,18,5,3607"]|13:46:47:461
62|1.1|636136513945462451|0|49612.4375|13.7415799442|100.86119157397|12161|6172||49612.4375|60.75||6056.25|58.5|49612.4375|71c052|ESR921|0|2371|-1062.5|||3|3|2|1|1|132|5|["132,18,5,3607"]|13:46:52:438
62|1.1|636136513995227427|0|49617.4375|13.74691216774|100.86260777821|12314|6761||49617.4375|60||5968.75|57.75|49617.4375|71c052|ESR921|0|2371|-1062.5|||3|3|2|1|1|132|5|["132,18,5,3607"]|13:46:57:438
62|1.1|636136514045302434|0|49622.421875|13.75215319631|100.86404007568|12469|7342||49622.421875|59.25||5887.5|56.75|49622.421875|71c052|ESR921|0|2371|-1043.75|||3|3|2|1|1|132|5|["132,18,5,3607"]|13:47:02:422
62|1.1|636136514095067410|0|49627.421875|13.75679341096|100.86531144085|12606|7855||49627.421875|58.75||5837.5|56.25|49627.421875|71c052|ESR921|0|2371|-943.75|||3|3|2|1|1|132|18|["132,18,5,3607"]|13:47:07:422
62|1.1|636136514144992402|0|49632.421875|13.76221146506|100.86663108571|12748|8454||49632.421875|58||5756.25|55.5|49632.421875|71c052|ESR921|0|2371|-925|||3|3|2|1|1|132|18|["132,18,5,3607"]|13:47:12:422
62|1.1|636136514195067409|0|49637.3984375|13.76766707003|100.86806338318|12903|9058||49637.3984375|56.5||5656.25|54.5|49637.3984375|71c052|ESR921|0|2371|-981.25|||3|3|2|1|1|132|5|["132,18,5,3607"]|13:47:17:398
62|1.1|636136514244832385|0|49642.3984375|13.77287591214|100.8694688586|13055|9635||49642.3984375|56||5575|53.75|49642.3984375|71c052|ESR921|0|2371|-1006.25|||3|3|2|1|1|132|5|["132,18,5,3607"]|13:47:22:398
62|1.1|636136514294767378|0|49647.375|13.77749466915|100.87074022377|13192|10146||49647.375|55.25||5512.5|53|49647.375|71c052|ESR921|0|2371|-962.5|||3|3|2|1|1|132|5|["132,18,5,3607"]|13:47:27:375
62|1.1|636136514344672368|0|49652.375|13.78280007064|100.87219397888|13349|10733||49652.375|54.5||5425|52.25|49652.375|71c052|ESR921|0|2371|-943.75|||3|3|2|1|1|132|5|["132,18,5,3607"]|13:47:32:375
62|1.1|636136514394607361|0|49657.375|13.78808401449|100.87364236958|13505|11317||49657.375|54||5350|51.5|49657.375|71c052|ESR921|0|2371|-925|||3|3|2|1|1|132|18|["132,18,5,3607"]|13:47:37:375
62|1.1|636136514444522352|0|49662.359375|13.7932928566|100.87505857382|13658|11894||49662.359375|53.25||5262.5|50.75|49662.359375|71c052|ESR921|0|2371|-943.75|||3|3|2|1|1|132|18|["132,18,5,3607"]|13:47:42:359
62|1.1|636136514494447344|0|49667.359375|13.79817983411|100.87638358309|13801|12434||49667.359375|52||5206.25|50|49667.359375|71c052|ESR921|0|2371|-868.75|||3|3|2|1|1|132|5|["132,18,5,3607"]|13:47:47:359
62|1.1|636136514544362335|0|49672.3359375|13.80306681162|100.87764421944|13937|12975||49672.3359375|51.75||5150|49.5|49672.3359375|71c052|ESR921|0|2371|-843.75|||3|3|2|1|1|132|5|["132,18,5,3607"]|13:47:52:336
62|1.1|636136514594287327|0|49677.3359375|13.80843122162|100.87913016101|14097|13569||49677.3359375|51.5||5112.5|49|49677.3359375|71c052|ESR921|0|2371|-706.25|||3|3|2|1|1|132|5|["132,18,5,3607"]|13:47:57:336
62|1.1|636136514644212319|0|49682.3359375|13.81310898714|100.88044444146|14239|14086||49682.3359375|51.5||5125|49|49682.3359375|71c052|ESR921|0|2371|-312.5|||3|3|2|1|1|132|18|["132,18,5,3607"]|13:48:02:336
62|1.1|636136514694127310|0|49687.3203125|13.81797987142|100.88176945073|14382|14625||49687.3203125|51.5||5137.5|49|49687.3203125|71c052|ESR921|0|2371|-312.5|||3|3|2|1|1|132|18|["132,18,5,3607"]|13:48:07:320
62|1.1|636136514744052302|0|49692.3203125|13.82369296807|100.88330367199|14547|15258||49692.3203125|51.75||5168.75|49.75|49692.3203125|71c052|ESR921|0|2371|0|||3|3|0|1|1|132|5|["132,18,5,3607"]|13:48:12:320
62|1.1|636136514793977294|0|49697.296875|13.828912539|100.8847574271|14704|15835||49697.296875|51.75||5181.25|49.75|49697.296875|71c052|ESR921|0|2371|0|||3|3|0|1|1|132|5|["132,18,5,3607"]|13:48:17:297
62|1.1|636136514843892285|0|49702.296875|13.83368149949|100.88610925842|14850|16363||49702.296875|51.75||5175|49.75|49702.296875|71c052|ESR921|0|2371|0|||3|3|0|1|1|132|5|["132,18,5,3607"]|13:48:22:297
62|1.1|636136514893817277|0|49707.296875|13.83896007893|100.88751473384|15002|16947||49707.296875|51.75||5181.25|49.75|49707.296875|71c052|ESR921|0|2371|0|||3|3|0|1|1|132|5|["132,18,5,3607"]|13:48:27:297
62|1.1|636136514943732268|0|49712.28125|13.84417964986|100.88891484485|15153|17524||49712.28125|51.75||5175|49.75|49712.28125|71c052|ESR921|0|2371|0|||3|3|0|1|1|132|18|["132,18,5,3607"]|13:48:32:281
62|1.1|636136514993667261|0|49717.28125|13.84938312756|100.8903900576|15312|18100||49717.28125|51.75||5175|49.75|49717.28125|71c052|ESR921|0|2371|0|||3|3|0|1|1|132|18|["132,18,5,3607"]|13:48:37:281
62|1.1|636136515043592253|0|49722.2578125|13.85422718979|100.89179016861|15463|18636||49722.2578125|51.75||5175|49.75|49722.2578125|71c052|ESR921|0|2371|0|||3|3|0|1|1|132|5|["132,18,5,3607"]|13:48:42:258
62|1.1|636136515093507244|0|49727.2578125|13.85879766711|100.89306689819|15601|19142||49727.2578125|51.75||5175|49.75|49727.2578125|71c052|ESR921|0|2371|0|||3|3|0|1|1|132|18|["132,18,5,3607"]|13:48:47:258
62|1.1|636136515143432236|0|49732.2578125|13.86376511077|100.89440263628|15745|19692||49732.2578125|51.75||5175|49.75|49732.2578125|71c052|ESR921|0|2371|0|||3|3|0|1|1|132|18|["132,18,5,3607"]|13:48:52:258
62|1.1|636136515193347227|0|49737.2421875|13.86937628363|100.89595295077|15912|20313||49737.2421875|51.75||5175|49.75|49737.2421875|71c052|ESR921|0|2371|0|||3|3|0|1|1|132|5|["132,18,5,3607"]|13:48:57:242
62|1.1|636136515243282220|0|49742.2421875|13.8741345153|100.89726723122|16054|20839||49742.2421875|51.75||5175|49.75|49742.2421875|71c052|ESR921|0|2371|0|||3|3|0|1|1|132|5|["132,18,5,3607"]|13:49:02:242
62|1.1|636136515293197211|0|49747.21875|13.87915023865|100.898651249|16203|21394||49747.21875|51.75||5168.75|49.75|49747.21875|71c052|ESR921|0|2371|0|||3|3|0|1|1|132|5|["132,18,5,3607"]|13:49:07:219
62|1.1|636136515343112202|0|49752.21875|13.88454683511|100.90009427529|16359|21991||49752.21875|51.75||5175|49.75|49752.21875|71c052|ESR921|0|2371|0|||3|3|0|1|1|132|18|["132,18,5,3607"]|13:49:12:219
62|1.1|636136515393037194|0|49757.21875|13.88995416039|100.90156412363|16517|22590||49757.21875|51.75||5168.75|49.75|49757.21875|71c052|ESR921|0|2371|0|||3|3|0|1|1|132|18|["132,18,5,3607"]|13:49:17:219
62|1.1|636136515442962186|0|49762.1953125|13.89536148567|100.9031573534|16689|23188||49762.1953125|51.75||5175|49.75|49762.1953125|71c052|ESR921|0|2371|0|||3|3|0|1|1|132|5|["132,18,5,3607"]|13:49:22:195
62|1.1|636136515492877177|0|49767.1953125|13.89999633591|100.90446626944|16830|23701||49767.1953125|51.75||5175|49.75|49767.1953125|71c052|ESR921|0|2371|0|||3|3|0|1|1|132|5|["132,18,5,3607"]|13:49:27:195
62|1.1|636136515542802169|0|49772.1796875|13.90500133044|100.90585565163|16980|24255||49772.1796875|51.75||5175|49.75|49772.1796875|71c052|ESR921|0|2371|0|||3|3|0|1|1|132|18|["132,18,5,3607"]|13:49:32:180
62|1.1|636136515592727161|0|49777.1796875|13.91053203715|100.90727722028|17133|24867||49777.1796875|51.75||5175|49.75|49777.1796875|71c052|ESR921|0|2371|0|||3|3|0|1|1|132|18|["132,18,5,3607"]|13:49:37:180
62|1.1|636136515642652153|0|49782.1796875|13.91551557404|100.90865587365|17282|25418||49782.1796875|51.75||5168.75|49.75|49782.1796875|71c052|ESR921|0|2371|0|||3|3|0|1|1|132|18|["132,18,5,3607"]|13:49:42:180
62|1.1|636136515692567144|0|49787.15625|13.92097117901|100.91014181522|17442|26022||49787.15625|51.75||5175|49.75|49787.15625|71c052|ESR921|0|2371|0|||3|3|0|1|1|132|5|["132,18,5,3607"]|13:49:47:156
62|1.1|636136515742482135|0|49792.15625|13.92592252944|100.91142390921|17580|26570||49792.15625|51.75||5175|49.75|49792.15625|71c052|ESR921|0|2371|0|||3|3|0|1|1|132|5|["132,18,5,3607"]|13:49:52:156
62|1.1|636136515792407127|0|49797.140625|13.93095434602|100.91280792699|17729|27127||49797.140625|51.75||5175|49.75|49797.140625|71c052|ESR921|0|2371|0|||3|3|0|1|1|132|5|["132,18,5,3607"]|13:49:57:141
62|1.1|636136515842332119|0|49802.140625|13.93604517111|100.91418121595|17877|27690||49802.140625|51.75||5175|49.75|49802.140625|71c052|ESR921|0|2371|0|||3|3|0|1|1|132|5|["132,18,5,3607"]|13:50:02:141
62|1.1|636136515892257111|0|49807.140625|13.94113063179|100.91555450491|18025|28253||49807.140625|51.75||5175|49.75|49807.140625|71c052|ESR921|0|2371|0|||3|3|0|1|1|132|18|["132,18,5,3607"]|13:50:07:141
62|1.1|636136515942172102|0|49812.1171875|13.94658087235|100.91701362443|18183|28856||49812.1171875|51.75||5175|49.75|49812.1171875|71c052|ESR921|0|2371|0|||3|3|0|1|1|132|18|["132,18,5,3607"]|13:50:12:117
62|1.1|636136515992097094|0|49817.1171875|13.95166096862|100.91838691339|18331|29418||49817.1171875|51.75||5168.75|49.75|49817.1171875|71c052|ESR921|0|2371|0|||3|3|0|1|1|132|18|["132,18,5,3607"]|13:50:17:117
62|1.1|636136516042012085|0|49822.1015625|13.95702537862|100.91985139732|18488|30012||49822.1015625|51.75||5168.75|49.75|49822.1015625|71c052|ESR921|0|2371|0|||3|3|0|1|1|132|18|["132,18,5,3607"]|13:50:22:102
62|1.1|636136516091957079|0|49827.1015625|13.96276529732|100.92140171181|18655|30647||49827.1015625|51.75||5175|49.75|49827.1015625|71c052|ESR921|0|2371|0|||3|3|0|1|1|132|5|["132,18,5,3607"]|13:50:27:102
62|1.1|636136516141862069|0|49832.1015625|13.96755035104|100.92242631412|18766|31177||49832.1015625|51.25||5143.75|49.5|49832.1015625|71c052|ESR921|0|2371|0|||3|3|0|1|1|132|5|["132,18,5,3607"]|13:50:32:102
62|1.1|636136516191777060|0|49837.078125|13.97272164228|100.92266234816|18791|31749||49837.078125|50.75||5100|49|49837.078125|71c052|ESR921|0|2371|0|||3|3|0|1|1|132|5|["132,18,5,3607"]|13:50:37:078
62|1.1|636136516241702052|0|49842.078125|13.97832208632|100.92178794933|18696|32368||49842.078125|50||5018.75|48.25|49842.078125|71c052|ESR921|0|2371|-687.5|||3|3|2|1|1|132|5|["132,18,5,3607"]|13:50:42:078
62|1.1|636136516291627044|0|49847.0625|13.98366503868|100.91938469365|18436|32959||49847.0625|49.25||4906.25|46.75|49847.0625|71c052|ESR921|0|2371|-1025|||3|3|2|1|1|132|18|["132,18,5,3607"]|13:50:47:063
62|1.1|636136516341552036|0|49852.0625|13.98795656668|100.91623042057|18095|33434||49852.0625|48.25||4793.75|45.75|49852.0625|71c052|ESR921|0|2371|-1081.25|||3|3|2|1|1|132|18|["132,18,5,3607"]|13:50:52:063
62|1.1|636136516391467027|0|49857.0625|13.99151317051|100.91168140089|17603|33827||49857.0625|46.5||4650|44.5|49857.0625|71c052|ESR921|0|2371|-1200|||3|3|2|1|1|132|5|["132,18,5,3607"]|13:50:57:063
62|1.1|636136516441392019|0|49862.0390625|13.99443140955|100.90720748295|17119|34149||49862.0390625|45.5||4537.5|43.5|49862.0390625|71c052|ESR921|0|2371|-1300|||3|3|2|1|1|132|5|["132,18,5,3607"]|13:51:02:039
62|1.1|636136516491307010|0|49867.0390625|13.99679711436|100.90257799712|16619|34411||49867.0390625|44.75||4450|42.5|49867.0390625|71c052|ESR921|0|2371|-1262.5|||3|3|2|1|1|132|5|["132,18,5,3607"]|13:51:07:039
62|1.1|636136516541232002|0|49872.015625|13.99863710699|100.89766956197|16089|34614||49872.015625|44.25||4381.25|41.75|49872.015625|71c052|ESR921|0|2371|-1100|||3|3|2|1|1|132|18|["132,18,5,3607"]|13:51:12:016
62|1.1|636136516591156994|0|49877.015625|14.00024642999|100.89270211831|15552|34792||49877.015625|43.75||4331.25|41.25|49877.015625|71c052|ESR921|0|2371|-906.25|||3|3|2|1|1|132|18|["132,18,5,3607"]|13:51:17:016
62|1.1|636136516641071985|0|49882.015625|14.00171091392|100.88716604719|14954|34953||49882.015625|43||4268.75|40.75|49882.015625|71c052|ESR921|0|2371|-806.25|||3|3|2|1|1|132|18|["132,18,5,3607"]|13:51:22:016
62|1.1|636136516691006978|0|49887|14.00117447292|100.88113108594|14302|34894||49887|42.25||4225|40.25|49887|71c052|ESR921|0|2371|-668.75|||3|3|2|1|1|132|5|["132,18,5,3607"]|13:51:27:000
62|1.1|636136516740921969|0|49892|14.00028934527|100.87630311694|13780|34796||49892|41.75||4168.75|39.75|49892|71c052|ESR921|0|2371|-687.5|||3|3|2|1|1|132|5|["132,18,5,3607"]|13:51:32:000
62|1.1|636136516790836960|0|49896.9765625|13.99828305593|100.87109427483|13218|34573||49896.9765625|41.25||4100|39.25|49896.9765625|71c052|ESR921|0|2371|-687.5|||3|3|2|1|1|132|5|["132,18,5,3607"]|13:51:36:977
62|1.1|636136516840761952|0|49901.9765625|13.99555793565|100.86592298359|12659|34271||49901.9765625|41||4043.75|38.5|49901.9765625|71c052|ESR921|0|2371|-706.25|||3|3|2|1|1|132|18|["132,18,5,3607"]|13:51:41:977
62|1.1|636136516890696945|0|49906.9765625|13.99250022195|100.86191040491|12226|33933||49906.9765625|40.25||4012.5|38|49906.9765625|71c052|ESR921|0|2371|-650|||3|3|2|1|1|132|18|["132,18,5,3607"]|13:51:46:977
62|1.1|636136516940601935|0|49911.9609375|13.98856810942|100.85813386027|11818|33498||49911.9609375|39.75||3962.5|37.5|49911.9609375|71c052|ESR921|0|2371|-650|||3|3|2|1|1|132|18|["132,18,5,3607"]|13:51:51:961
62|1.1|636136516990526927|0|49916.9609375|13.98489885298|100.85394425606|11366|33092||49916.9609375|39.25||3912.5|37.25|49916.9609375|71c052|ESR921|0|2371|-587.5|||3|3|2|1|1|132|5|["132,18,5,3607"]|13:51:56:961
62|1.1|636136517040451919|0|49921.9375|13.98181431723|100.85001214353|10941|32750||49921.9375|38.75||3868.75|36.75|49921.9375|71c052|ESR921|0|2371|-550|||3|3|2|1|1|132|5|["132,18,5,3607"]|13:52:01:938
62|1.1|636136517090376911|0|49926.9375|13.97872441707|100.8461336751|10522|32408||49926.9375|38.5||3837.5|36.25|49926.9375|71c052|ESR921|0|2371|-531.25|||3|3|2|1|1|132|18|["132,18,5,3607"]|13:52:06:938
62|1.1|636136517140291902|0|49931.9375|13.9755755084|100.84219619816|10097|32060||49931.9375|38.25||3806.25|36|49931.9375|71c052|ESR921|0|2371|-493.75|||3|3|2|1|1|132|18|["132,18,5,3607"]|13:52:11:938
62|1.1|636136517190216894|0|49936.921875|13.97219056569|100.83748624618|9588|31685||49936.921875|38||3775|35.75|49936.921875|71c052|ESR921|0|2371|-431.25|||3|3|2|1|1|132|18|["132,18,5,3607"]|13:52:16:922
62|1.1|636136517240131885|0|49941.921875|13.96873588565|100.8332590911|9131|31302||49941.921875|37.5||3750|35.5|49941.921875|71c052|ESR921|0|2371|-375|||3|3|2|1|1|132|5|["132,18,5,3607"]|13:52:21:922
62|1.1|636136517290056877|0|49946.8984375|13.96608586711|100.83001362305|8781|31009||49946.8984375|37.25||3725|35.25|49946.8984375|71c052|ESR921|0|2371|-375|||3|3|2|1|1|132|5|["132,18,5,3607"]|13:52:26:898
62|1.1|636136517339981869|0|49951.8984375|13.96278675496|100.82570063741|8315|30644||49951.8984375|37||3693.75|34.75|49951.8984375|71c052|ESR921|0|2371|-375|||3|3|2|1|1|132|5|["132,18,5,3607"]|13:52:31:898
62|1.1|636136517389906861|0|49956.8984375|13.95956810896|100.82150030438|7861|30288||49956.8984375|36.5||3643.75|34.5|49956.8984375|71c052|ESR921|0|2371|-412.5|||3|3|2|1|1|132|18|["132,18,5,3607"]|13:52:36:898
62|1.1|636136517439831853|0|49961.875|13.95674106489|100.81812609049|7497|29975||49961.875|36.25||3606.25|34|49961.875|71c052|ESR921|0|2371|-412.5|||3|3|2|1|1|132|18|["132,18,5,3607"]|13:52:41:875
62|1.1|636136517489746844|0|49966.875|13.95367798678|100.81431199498|7084|29636||49966.875|35.75||3568.75|33.5|49966.875|71c052|ESR921|0|2371|-450|||3|3|2|1|1|132|18|["132,18,5,3607"]|13:52:46:875
62|1.1|636136517539681837|0|49971.859375|13.95012674736|100.81095387432|6722|29243||49971.859375|35||3500|33|49971.859375|71c052|ESR921|0|2371|-550|||3|3|2|1|1|132|5|["132,18,5,3607"]|13:52:51:859
62|1.1|636136517589596828|0|49976.859375|13.94632338067|100.80799272|6402|28822||49976.859375|34.75||3456.25|32.5|49976.859375|71c052|ESR921|0|2371|-568.75|||3|3|2|1|1|132|5|["132,18,5,3607"]|13:52:56:859
62|1.1|636136517639521820|0|49981.859375|13.94254147162|100.80599715948|6186|28403||49981.859375|34.25||3412.5|32|49981.859375|71c052|ESR921|0|2371|-550|||3|3|2|1|1|132|18|["132,18,5,3607"]|13:53:01:859
62|1.1|636136517689426810|0|49986.8359375|13.93760085001|100.80464532816|6040|27857||49986.8359375|33.75||3343.75|31.5|49986.8359375|71c052|ESR921|0|2371|-568.75|||3|3|2|1|1|132|18|["132,18,5,3607"]|13:53:06:836
62|1.1|636136517739351802|0|49991.8359375|13.93301964387|100.80324521715|5889|27350||49991.8359375|33.5||3312.5|31.25|49991.8359375|71c052|ESR921|0|2371|-550|||3|3|2|1|1|132|18|["132,18,5,3607"]|13:53:11:836
62|1.1|636136517789276794|0|49996.8203125|13.92901779401|100.80197921639|5753|26907||49996.8203125|33.25||3293.75|31|49996.8203125|71c052|ESR921|0|2371|-512.5|||3|3|2|1|1|132|18|["132,18,5,3607"]|13:53:16:820
62|1.1|636136517839191785|0|50001.8203125|13.92475845247|100.80093852085|5640|26436||50001.8203125|32.75||3268.75|30.75|50001.8203125|71c052|ESR921|0|2371|-412.5|||3|3|2|1|1|132|5|["132,18,5,3607"]|13:53:21:820
62|1.1|636136517889116777|0|50006.8203125|13.92028989894|100.79973689301|5510|25941||50006.8203125|32.5||3243.75|30.25|50006.8203125|71c052|ESR921|0|2371|-393.75|||3|3|2|1|1|132|18|["132,18,5,3607"]|13:53:26:820
62|1.1|636136517939041769|0|50011.796875|13.91649189666|100.79877129921|5406|25521||50011.796875|32||3200|30|50011.796875|71c052|ESR921|0|2371|-412.5|||3|3|2|1|1|132|18|["132,18,5,3607"]|13:53:31:797
62|1.1|636136517988956760|0|50016.796875|13.91207162282|100.79762331547|5282|25032||50016.796875|31.75||3156.25|29.5|50016.796875|71c052|ESR921|0|2371|-431.25|||3|3|2|1|1|132|18|["132,18,5,3607"]|13:53:36:797
62|1.1|636136518038881752|0|50021.78125|13.90769426426|100.79661480639|5173|24548||50021.78125|31.25||3100|29|50021.78125|71c052|ESR921|0|2371|-493.75|||3|3|2|1|1|132|18|["132,18,5,3607"]|13:53:41:781
62|1.1|636136518088806744|0|50026.78125|13.90346710918|100.79561702613|5065|24080||50026.78125|30.5||3056.25|28.5|50026.78125|71c052|ESR921|0|2371|-531.25|||3|3|2|1|1|132|5|["132,18,5,3607"]|13:53:46:781
62|1.1|636136518138731736|0|50031.78125|13.90002852237|100.79482309345|4980|23700||50031.78125|30.25||3025|28.25|50031.78125|71c052|ESR921|0|2371|-531.25|||3|3|2|1|1|132|5|["132,18,5,3607"]|13:53:51:781
62|1.1|636136518188656728|0|50036.7578125|13.89615541835|100.79387895729|4878|23271||50036.7578125|29.75||2975|27.75|50036.7578125|71c052|ESR921|0|2371|-531.25|||3|3|2|1|1|132|5|["132,18,5,3607"]|13:53:56:758
62|1.1|636136518238571719|0|50041.7578125|13.89212674644|100.79288117703|4770|22825||50041.7578125|29.25||2925|27.25|50041.7578125|71c052|ESR921|0|2371|-550|||3|3|2|1|1|132|5|["132,18,5,3607"]|13:54:01:758
62|1.1|636136518288496711|0|50046.7421875|13.88790495577|100.79185121031|4659|22358||50046.7421875|28.75||2875|26.75|50046.7421875|71c052|ESR921|0|2371|-550|||3|3|2|1|1|132|5|["132,18,5,3607"]|13:54:06:742
62|1.1|636136518338411702|0|50051.7421875|13.88401039411|100.79078905713|4544|21927||50051.7421875|28.5||2825|26.25|50051.7421875|71c052|ESR921|0|2371|-568.75|||3|3|2|1|1|132|18|["132,18,5,3607"]|13:54:11:742
62|1.1|636136518388336694|0|50056.7421875|13.87975105257|100.78964107339|4420|21456||50056.7421875|27.75||2775|25.75|50056.7421875|71c052|ESR921|0|2371|-568.75|||3|3|2|1|1|132|5|["132,18,5,3607"]|13:54:16:742
62|1.1|636136518438251685|0|50061.71875|13.87600669439|100.78860037785|4308|21042||50061.71875|27.5||2743.75|25.25|50061.71875|71c052|ESR921|0|2371|-550|||3|3|2|1|1|132|18|["132,18,5,3607"]|13:54:21:719
62|1.1|636136518488176677|0|50066.71875|13.87180636136|100.78751676703|4190|20577||50066.71875|27||2687.5|24.75|50066.71875|71c052|ESR921|0|2371|-550|||3|3|2|1|1|132|18|["132,18,5,3607"]|13:54:26:719
62|1.1|636136518538101669|0|50071.6953125|13.86766503684|100.78640633416|4071|20119||50071.6953125|26.5||2643.75|24.5|50071.6953125|71c052|ESR921|0|2371|-531.25|||3|3|2|1|1|132|18|["132,18,5,3607"]|13:54:31:695
62|1.1|636136518588016660|0|50076.6953125|13.86363636493|100.78526371483|3947|19673||50076.6953125|26.25||2593.75|24|50076.6953125|71c052|ESR921|0|2371|-531.25|||3|3|2|1|1|132|18|["132,18,5,3607"]|13:54:36:695
62|1.1|636136518637941652|0|50081.6953125|13.85969888799|100.7841210955|3824|19237||50081.6953125|25.5||2556.25|23.5|50081.6953125|71c052|ESR921|0|2371|-512.5|||3|3|2|1|1|132|5|["132,18,5,3607"]|13:54:41:695
62|1.1|636136518687866644|0|50086.6796875|13.85628175882|100.78326815431|3731|18859||50086.6796875|25.25||2518.75|23.25|50086.6796875|71c052|ESR921|0|2371|-531.25|||3|3|2|1|1|132|5|["132,18,5,3607"]|13:54:46:680
62|1.1|636136518737791636|0|50091.6796875|13.85227454455|100.7821899079|3615|18416||50091.6796875|24.75||2462.5|22.75|50091.6796875|71c052|ESR921|0|2371|-550|||3|3|2|1|1|132|18|["132,18,5,3607"]|13:54:51:680
62|1.1|636136518787706627|0|50096.65625|13.84834243202|100.78113311913|3501|17981||50096.65625|24.25||2406.25|22|50096.65625|71c052|ESR921|0|2371|-587.5|||3|3|2|1|1|132|18|["132,18,5,3607"]|13:54:56:656
62|1.1|636136518837641620|0|50101.65625|13.84445323477|100.78012461005|3392|17550||50101.65625|23.75||2368.75|21.75|50101.65625|71c052|ESR921|0|2371|-568.75|||3|3|2|1|1|132|18|["132,18,5,3607"]|13:55:01:656
62|1.1|636136518887546610|0|50106.65625|13.84060158839|100.77908927892|3280|17124||50106.65625|23.5||2325|21.25|50106.65625|71c052|ESR921|0|2371|-550|||3|3|2|1|1|132|18|["132,18,5,3607"]|13:55:06:656
62|1.1|636136518937481603|0|50111.640625|13.8368518658|100.77804321897|3167|16709||50111.640625|22.75||2281.25|20.75|50111.640625|71c052|ESR921|0|2371|-512.5|||3|3|2|1|1|132|5|["132,18,5,3607"]|13:55:11:641
62|1.1|636136518987396594|0|50116.640625|13.83385316061|100.7772546507|3082|16378||50116.640625|22.5||2250|20.5|50116.640625|71c052|ESR921|0|2371|-493.75|||3|3|2|1|1|132|18|["132,18,5,3607"]|13:55:16:641
62|1.1|636136519037321586|0|50121.6171875|13.83000151423|100.77629442131|2978|15951||50121.6171875|22||2193.75|20|50121.6171875|71c052|ESR921|0|2371|-512.5|||3|3|2|1|1|132|18|["132,18,5,3607"]|13:55:21:617
62|1.1|636136519087236577|0|50126.6171875|13.8261766899|100.775269819|2867|15528||50126.6171875|21.75||2156.25|19.5|50126.6171875|71c052|ESR921|0|2371|-531.25|||3|3|2|1|1|132|18|["132,18,5,3607"]|13:55:26:617
62|1.1|636136519137161569|0|50131.6171875|13.8227434675|100.77435250489|2768|15149||50131.6171875|21.5||2131.25|19.25|50131.6171875|71c052|ESR921|0|2371|-493.75|||3|3|2|1|1|132|18|["132,18,5,3607"]|13:55:31:617
62|1.1|636136519187076560|0|50136.6015625|13.8189883805|100.77337081786|2662|14733||50136.6015625|21.5||2125|19|50136.6015625|71c052|ESR921|0|2371|-337.5|||3|3|2|1|1|132|18|["132,18,5,3607"]|13:55:36:602
62|1.1|636136519237011553|0|50141.6015625|13.81529230201|100.77239449524|2556|14324||50141.6015625|21.5||2131.25|19|50141.6015625|71c052|ESR921|0|2371|0|||3|3|0|1|1|132|18|["132,18,5,3607"]|13:55:41:602
62|1.1|636136519286926544|0|50146.578125|13.81217021539|100.77158446933|2469|13979||50146.578125|21.75||2156.25|19.5|50146.578125|71c052|ESR921|0|2371|0|||3|3|0|1|1|132|18|["132,18,5,3607"]|13:55:46:578
62|1.1|636136519336851536|0|50151.578125|13.8086887133|100.77067788404|2371|13594||50151.578125|21.75||2175|19.75|50151.578125|71c052|ESR921|0|2371|0|||3|3|0|1|1|132|18|["132,18,5,3607"]|13:55:51:578
62|1.1|636136519386766527|0|50156.578125|13.8049336263|100.76967473937|2263|13178||50156.578125|21.25||2143.75|19|50156.578125|71c052|ESR921|0|2371|0|||3|3|0|1|1|132|18|["132,18,5,3607"]|13:55:56:578
62|1.1|636136519436691519|0|50161.5625|13.80122145458|100.76869305234|2156|12768||50161.5625|20.5||2075|18.5|50161.5625|71c052|ESR921|0|2371|0|||3|3|0|1|1|132|18|["132,18,5,3607"]|13:56:01:563
62|1.1|636136519486616511|0|50166.5625|13.79776677454|100.76779183146|2059|12385||50166.5625|19.75||1993.75|17.75|50166.5625|71c052|ESR921|0|2371|-706.25|||3|3|2|1|1|132|18|["132,18,5,3607"]|13:56:06:563
62|1.1|636136519536531502|0|50171.5390625|13.79411361133|100.76694961909|1968|11981||50171.5390625|19.25||1900|17|50171.5390625|71c052|ESR921|0|2371|-806.25|||3|3|2|1|1|132|18|["132,18,5,3607"]|13:56:11:539
62|1.1|636136519586456494|0|50176.5390625|13.79044435489|100.76597329647|1862|11575||50176.5390625|18.5||1825|16.25|50176.5390625|71c052|ESR921|0|2371|-825|||3|3|2|1|1|132|18|["132,18,5,3607"]|13:56:16:539
62|1.1|636136519636371485|0|50181.5390625|13.78708086982|100.76507207559|1765|11203||50181.5390625|18||1781.25|15.75|50181.5390625|71c052|ESR921|0|2371|-806.25|||3|3|2|1|1|132|18|["132,18,5,3607"]|13:56:21:539
62|1.1|636136519686306478|0|50186.515625|13.78376566444|100.76417621912|1668|10836||50186.515625|17.75||1743.75|15.25|50186.515625|71c052|ESR921|0|2371|-750|||3|3|2|1|1|132|5|["132,18,5,3607"]|13:56:26:516
62|1.1|636136519736221469|0|50191.515625|13.78016078092|100.76324281178|1567|10437||50191.515625|16.75||1668.75|14.75|50191.515625|71c052|ESR921|0|2371|-731.25|||3|3|2|1|1|132|18|["132,18,5,3607"]|13:56:31:516
62|1.1|636136519786146461|0|50196.5|13.7767168297|100.76232549767|1468|10056||50196.5|16||1593.75|14|50196.5|71c052|ESR921|0|2371|-750|||3|3|2|1|1|132|18|["132,18,5,3607"]|13:56:36:500
62|1.1|636136519836061452|0|50201.5|13.7731763191|100.76139209033|1367|9665||50201.5|16||1531.25|13.5|50201.5|71c052|ESR921|0|2371|-750|||3|3|2|1|1|132|18|["132,18,5,3607"]|13:56:41:500
62|1.1|636136519885996445|0|50206.5|13.77084816516|100.76072690349|1295|9407||50206.5|15||1493.75|13|50206.5|71c052|ESR921|0|2371|-650|||3|3|2|1|1|132|5|["132,18,5,3607"]|13:56:46:500
62|1.1|636136519935901435|0|50211.4765625|13.7675436886|100.7598739623|1203|9041||50211.4765625|14.5||1437.5|12.5|50211.4765625|71c052|ESR921|0|2371|-650|||3|3|2|1|1|132|5|["132,18,5,3607"]|13:56:51:477
62|1.1|636136519985826427|0|50216.4765625|13.7642177544|100.75898347024|1107|8673||50216.4765625|14||1375|11.75|50216.4765625|71c052|ESR921|0|2371|-668.75|||3|3|2|1|1|132|5|["132,18,5,3607"]|13:56:56:477
62|1.1|636136520035751419|0|50221.4609375|13.76095082871|100.75814662228|1016|8312||50221.4609375|13.5||1312.5|11.25|50221.4609375|71c052|ESR921|0|2371|-706.25|||3|3|2|1|1|132|5|["132,18,5,3607"]|13:57:01:461
62|1.1|636136520085676411|0|50226.4609375|13.75775900476|100.75725613022|920|7958||50226.4609375|13||1256.25|10.5|50226.4609375|71c052|ESR921|0|2371|-706.25|||3|3|2|1|1|132|5|["132,18,5,3607"]|13:57:06:461
62|1.1|636136520135591402|0|50231.4609375|13.75457790963|100.75640318903|828|7607||50231.4609375|12.5||1200|10|50231.4609375|71c052|ESR921|0|2371|-687.5|||3|3|2|1|1|132|5|["132,18,5,3607"]|13:57:11:461
62|1.1|636136520185516394|0|50236.4375|13.75184742494|100.75571118014|753|7305||50236.4375|11.5||1156.25|9.5|50236.4375|71c052|ESR921|0|2371|-668.75|||3|3|2|1|1|132|5|["132,18,5,3607"]|13:57:16:438
62|1.1|636136520235441386|0|50241.4375|13.74891309267|100.75494406951|670|6980||50241.4375|11||1093.75|9|50241.4375|71c052|ESR921|0|2371|-668.75|||3|3|2|1|1|132|5|["132,18,5,3607"]|13:57:21:438
62|1.1|636136520285356377|0|50246.421875|13.74557642965|100.75407503509|576|6611||50246.421875|10.5||1025|8.25|50246.421875|71c052|ESR921|0|2371|-687.5|||3|3|2|1|1|132|5|["132,18,5,3607"]|13:57:26:422
62|1.1|636136520335281369|0|50251.421875|13.74257772446|100.75329719564|492|6279||50251.421875|10||968.75|7.75|50251.421875|71c052|ESR921|0|2371|-731.25|||3|3|2|1|1|132|5|["132,18,5,3607"]|13:57:31:422
62|1.1|636136520385206361|0|50256.421875|13.73953610399|100.75250862737|407|5942||50256.421875|9.25||887.5|7|50256.421875|71c052|ESR921|0|2371|-768.75|||3|3|2|1|1|132|5|["132,18,5,3607"]|13:57:36:422
62|1.1|636136520435121352|0|50261.3984375|13.73624235625|100.75167714382|317|5578||50261.3984375|8.75||818.75|6.25|50261.3984375|71c052|ESR921|0|2371|-787.5|||3|3|2|1|1|132|5|["132,18,5,3607"]|13:57:41:398
62|1.1|636136520485046344|0|50266.3984375|13.73324901547|100.75087784673|230|5247||50266.3984375|7.75||768.75|5.75|50266.3984375|71c052|ESR921|0|2371|-750|||3|3|2|1|1|132|5|["132,18,5,3607"]|13:57:46:398
62|1.1|636136520534971336|0|50271.375|13.72994990332|100.75003026995|139|4882||50271.375|7.25||712.5|5|50271.375|71c052|ESR921|0|2371|-750|||3|3|2|1|1|132|5|["132,18,5,3607"]|13:57:51:375
62|1.1|636136520584886327|0|50276.375|13.72684390993|100.74922024404|51|4538||50276.375|6.75||662.5|4.5|50276.375|71c052|ESR921|0|2371|-706.25|||3|3|2|1|1|132|5|["132,18,5,3607"]|13:57:56:375
62|1.1|636136520634811319|0|50281.375|13.72349115368|100.74832975198|-45|4167||50281.375|6||600|4|50281.375|71c052|ESR921|0|2371|-687.5|||3|3|2|1|1|132|5|["132,18,5,3607"]|13:58:01:375
62|1.1|636136520684736311|0|50286.359375|13.72011693979|100.7474285311|-143|3794||50286.359375|5.5||537.5|3.5|50286.359375|71c052|ESR921|0|2371|-706.25|||3|3|2|1|1|132|5|["132,18,5,3607"]|13:58:06:359
62|1.1|636136520734661303|0|50291.359375|13.7171182346|100.74662923401|-229|3462||50291.359375|5||475|2.75|50291.359375|71c052|ESR921|0|2371|-687.5|||3|3|2|1|1|132|5|["132,18,5,3607"]|13:58:11:359
62|1.1|636136520784576294|0|50296.3359375|13.7139532327|100.74578165723|-321|3112||50296.3359375|4.75||412.5|2.25|50296.3359375|71c052|ESR921|0|2371|-687.5|||3|3|2|1|1|132|18|["132,18,5,3607"]|13:58:16:336
62|1.1|636136520834501286|0|50301.3359375|13.71049318825|100.74486970753|-420|2729||50301.3359375|4||375|1.75|50301.3359375|71c052|ESR921|0|2371|-706.25|||3|3|2|1|1|132|5|["132,18,5,3607"]|13:58:21:336
62|1.1|636136520884416277|0|50306.3359375|13.70723162697|100.74401140193|-512|2369||50306.3359375|3.75||325|1|50306.3359375|71c052|ESR921|0|2371|-687.5|||3|3|2|1|1|132|18|["132,18,5,3607"]|13:58:26:336
62|1.1|636136520934341269|0|50311.3203125|13.70389496395|100.74314773192|-606|1999||50311.3203125|3||237.5|0.5|50311.3203125|71c052|ESR921|0|2371|-731.25|||3|3|2|1|1|132|5|["132,18,5,3607"]|13:58:31:320
62|1.1|636136520984266261|0|50316.3203125|13.70060121621|100.74228406191|-699|1635||50316.3203125|3||168.75|8191.75|50316.3203125|71c052|ESR921|0|2371|-731.25|||3|3|2|1|1|132|5|["132,18,5,3607"]|13:58:36:320
62|1.1|636136521034191253|0|50321.296875|13.6973235617|100.7414203919|-793|1272||50321.296875|3||106.25|8191.25|50321.296875|71c052|ESR921|0|2371|-731.25|||3|3|2|1|1|132|5|[]|13:58:41:297
62|1.1|636136521084116245|0|50326.296875|13.69420683949|100.7405620863|-885|928||50326.296875|1.75||143.75|8191|50326.296875|71c052|ESR921|0|2371|-568.75|||3|3|2|1|1|132|5|[]|13:58:46:297
62|1.1|636136521134031236|0|50331.296875|13.6909935579|100.73970914511|-978|572||50331.296875|1.75||118.75|8190.75|50331.296875|71c052|ESR921|0|2371|-568.75|||3|3|2|1|1|132|5|[]|13:58:51:297
62|1.1|636136521183946227|0|50336.28125|13.68780173395|100.73885620392|-1070|219||50336.28125|1.75||93.75|8190|50336.28125|71c052|ESR921|0|2371|-568.75|||3|3|2|1|1|132|5|[]|13:58:56:281
62|1.1|636136521230760908|0|50340.9609375|13.68480302876|100.73806227124|-1156|-113||50340.9609375|1.75||62.5|8190|50340.9609375|71c052|ESR921|0|2371|-568.75|||3|3|2|1|1|132|5|[]|13:59:00:961
