62|1.1|636136510663124250|0|49283|15.53599118243|96.78877290042|-425065|208436||49283|||10006.25|||750286|X|X|2063|||||||1|1|132|114|["132,114,4"]|13:41:23:000
62|1.1|636136510700567994|0|49287.9609375|15.52768707575|96.79475421757|-424438|207505||49287.9609375|||9756.25|||750286|X|X|2063|||||||1|1|132|114|["132,114,4"]|13:41:27:961
62|1.1|636136510750512988|0|49292.9609375|15.51932932497|96.80077845|-423807|206567||49292.9609375|||9500|||750286|X|X|2063|||||||1|1|132|114|["132,114,4"]|13:41:32:961
62|1.1|636136510800407977|0|49297.9375|15.51098766742|96.80679195361|-423178|205632||49297.9375|||9250|||750286|X|X|2063|||||||1|1|132|114|[]|13:41:37:938
62|1.1|636136510850332969|0|49302.9375|15.502608459|96.81281618604|-422547|204693||49302.9375|||9000|||750286|X|X|2063|||||||1|1|132|114|[]|13:41:42:938
62|1.1|636136511315209452|0|49348.078125|15.4263265488|96.87209291654|-416320|196132||49348.078125|298.25||29606.25|||750286|X|0|2764||||3|3|3|1|1|132|114|["132,114,5,513"]|13:42:28:078
62|1.1|636136511349542885|0|49352.859375|15.42204574962|96.87601430025|-415907|195651||49352.859375|298.25||29475|||750286|X|0|2764||||3|3|3|1|1|132|114|["132,114,5,513"]|13:42:32:859
62|1.1|636136511399467877|0|49357.859375|15.4125400151|96.88225847349|-415254|194586||49357.859375|298.75||29531.25|298.75|49357.859375|750286|AXM503|0|2764|587.5|||3|3|1|1|1|132|114|["132,114,5,513"]|13:42:37:859
62|1.1|636136511449392869|0|49362.8359375|15.40489036644|96.88661973882|-414799|193731||49362.8359375|299.5||29668.75|299.75|49362.8359375|750286|AXM503|0|2764|587.5|||3|3|1|1|1|132|18|["132,18,5,3758","132,114,5,513"]|13:42:42:836
62|1.1|636136511499307860|0|49367.8359375|15.39750357387|96.89267615771|-414163|192902||49367.8359375|300.25||29762.5|300.25|49367.8359375|750286|AXM503|0|2764|631.25|||3|3|1|1|1|132|18|["132,18,5,3758","132,114,5,513"]|13:42:47:836
62|1.1|636136511549232852|0|49372.8203125|15.39024016273|96.89875403424|-413523|192086||49372.8203125|300.75||29837.5|301.25|49372.8203125|750286|AXM503|0|2764|687.5|||3|3|1|1|1|132|18|["132,18,5,3758","132,114,5,513"]|13:42:52:820
62|1.1|636136511599167845|0|49377.8203125|15.38102410635|96.9050625804|-412862|191054||49377.8203125|301.25||29906.25|301.5|49377.8203125|750286|AXM503|0|2764|687.5|||3|3|1|1|1|132|18|["132,18,5,3758","132,114,5,513"]|13:42:57:820
62|1.1|636136511649072835|0|49382.8203125|15.37070298151|96.91146232153|-412193|189899||49382.8203125|302||29968.75|302.25|49382.8203125|750286|AXM503|0|2764|687.5|||3|3|1|1|1|132|18|["132,18,5,3758","132,114,5,513"]|13:43:02:820
62|1.1|636136511698997827|0|49387.796875|15.36053206015|96.91822684254|-411485|188760||49387.796875|302.75||30056.25|302.75|49387.796875|750286|AXM503|0|2764|750|||3|3|1|1|1|132|18|["132,18,5,3758","132,114,5,513"]|13:43:07:797
62|1.1|636136511748922819|0|49392.796875|15.35222795347|96.92458366839|-410817|187829||49392.796875|304.25||30150|304.5|49392.796875|750286|AXM503|0|2764|1281.25|||3|3|1|1|1|132|18|["132,18,5,3758","132,114,5,513"]|13:43:12:797
62|1.1|636136511798847811|0|49397.78125|15.34427253344|96.93092976542|-410150|186936||49397.78125|306.25||30300|306.75|49397.78125|750286|AXM503|0|2764|1950|||3|3|1|1|1|132|18|["132,18,5,3758","132,114,5,513"]|13:43:17:781
62|1.1|636136511848772803|0|49402.78125|15.33546417222|96.93727049804|-409485|185949||49402.78125|307.75||30462.5|308.5|49402.78125|750286|AXM503|0|2764|2106.25|||3|3|1|1|1|132|18|["132,18,5,3758","132,114,5,513"]|13:43:22:781
62|1.1|636136511898687794|0|49407.78125|15.32663971777|96.94363805271|-408816|184960||49407.78125|309.25||30631.25|310.25|49407.78125|750286|AXM503|0|2764|2025|||3|3|1|1|1|132|18|["132,18,5,3758","132,114,5,513"]|13:43:27:781
62|1.1|636136511948612786|0|49412.7578125|15.31868966215|96.94987149713|-408161|184068||49412.7578125|310.75||30812.5|311.5|49412.7578125|750286|AXM503|0|2764|1912.5|||3|3|1|1|1|132|18|["132,18,5,3758","132,114,5,513"]|13:43:32:758
62|1.1|636136511998527777|0|49417.7578125|15.30976328391|96.95615322124|-407502|183068||49417.7578125|311.75||30968.75|312.5|49417.7578125|750286|AXM503|0|2764|1712.5|||3|3|1|1|1|132|18|["132,18,5,3758","132,114,5,513"]|13:43:37:758
62|1.1|636136512048452769|0|49422.7421875|15.30044530374|96.9624081233|-406846|182025||49422.7421875|312.75||31112.5|313.25|49422.7421875|750286|AXM503|0|2764|1356.25|||3|3|1|1|1|132|18|["132,18,5,3758","132,114,5,513"]|13:43:42:742
62|1.1|636136512098387762|0|49427.7421875|15.29169058662|96.96867911859|-406188|181044||49427.7421875|313.75||31243.75|314.25|49427.7421875|750286|AXM503|0|2764|1200|||3|3|1|1|1|132|18|["132,18,5,3758","132,114,5,513"]|13:43:47:742
62|1.1|636136512148292752|0|49432.7421875|15.28333283584|96.97485891891|-405539|180107||49432.7421875|314.5||31356.25|315.25|49432.7421875|750286|AXM503|0|2764|1081.25|||3|3|1|1|1|132|18|["132,18,5,3758","132,114,5,513"]|13:43:52:742
62|1.1|636136512198237746|0|49437.71875|15.27448692375|96.98116746507|-404877|179116||49437.71875|315.5||31450|315.75|49437.71875|750286|AXM503|0|2764|1062.5|||3|3|1|1|1|132|18|["132,18,5,3758","132,114,5,513"]|13:43:57:719
62|1.1|636136512248142736|0|49442.71875|15.26543179967|96.98730435011|-404233|178102||49442.71875|316.5||31531.25|316.75|49442.71875|750286|AXM503|0|2764|1100|||3|3|1|1|1|132|18|["132,18,5,3758","132,114,5,513"]|13:44:02:719
62|1.1|636136512298057727|0|49447.6953125|15.2562747518|96.99360753186|-403572|177077||49447.6953125|317.75||31631.25|318.25|49447.6953125|750286|AXM503|0|2764|1181.25|||3|3|1|1|1|132|18|["132,18,5,3758","132,114,5,513"]|13:44:07:695
62|1.1|636136512347992720|0|49452.6953125|15.24736446679|96.99979269659|-402923|176079||49452.6953125|319||31731.25|319.25|49452.6953125|750286|AXM503|0|2764|1300|||3|3|1|1|1|132|18|["132,18,5,3758","132,114,5,513"]|13:44:12:695
62|1.1|636136512397907711|0|49457.6953125|15.2391086398|97.00607978511|-402262|175153||49457.6953125|320||31843.75|320.5|49457.6953125|750286|AXM503|0|2764|1356.25|||3|3|1|1|1|132|18|["132,18,5,3758","132,114,5,513"]|13:44:17:695
62|1.1|636136512447822702|0|49462.6796875|15.23004815131|97.01225422102|-401614|174139||49462.6796875|321.25||31956.25|321.5|49462.6796875|750286|AXM503|0|2764|1375|||3|3|1|1|1|132|18|["132,18,5,3758","132,114,5,513"]|13:44:22:680
62|1.1|636136512497747694|0|49467.6796875|15.22084282375|97.0184125637|-400969|173109||49467.6796875|322.25||32062.5|322.75|49467.6796875|750286|AXM503|0|2764|1375|||3|3|1|1|1|132|18|["132,18,5,3758","132,114,5,513"]|13:44:27:680
62|1.1|636136512547672686|0|49472.65625|15.21181988613|97.0246889234|-400310|172098||49472.65625|323.25||32175|323.75|49472.65625|750286|AXM503|0|2764|1337.5|||3|3|1|1|1|132|18|["132,18,5,3758","132,114,5,513"]|13:44:32:656
62|1.1|636136512597587677|0|49477.65625|15.20274866882|97.03085263049|-399663|171083||49477.65625|324.5||32281.25|324.75|49477.65625|750286|AXM503|0|2764|1300|||3|3|1|1|1|132|18|["132,18,5,3758","132,114,5,513"]|13:44:37:656
62|1.1|636136512647512669|0|49482.65625|15.19409587549|97.03705925286|-399011|170113||49482.65625|325.75||32393.75|326.25|49482.65625|750286|AXM503|0|2764|1337.5|||3|3|1|1|1|132|18|["132,18,5,3758","132,114,5,513"]|13:44:42:656
62|1.1|636136512697447662|0|49487.640625|15.18555573477|97.04326051082|-398359|169157||49487.640625|326.75||32506.25|327.25|49487.640625|750286|AXM503|0|2764|1375|||3|3|1|1|1|132|18|["132,18,5,3758","132,114,5,513"]|13:44:47:641
62|1.1|636136512747352652|0|49492.640625|15.17701559405|97.04929547207|-397725|168200||49492.640625|328||32618.75|328.25|49492.640625|750286|AXM503|0|2764|1375|||3|3|1|1|1|132|18|["132,18,5,3758","132,114,5,513"]|13:44:52:641
62|1.1|636136512797277644|0|49497.6171875|15.16855055507|97.05539480624|-397084|167252||49497.6171875|329||32725|329.5|49497.6171875|750286|AXM503|0|2764|1375|||3|3|1|1|1|132|18|["132,18,5,3758","132,114,5,513"]|13:44:57:617
62|1.1|636136512847212637|0|49502.6171875|15.16012843137|97.06152096246|-396440|166309||49502.6171875|329.5||32812.5|330.25|49502.6171875|750286|AXM503|0|2764|1143.75|||3|3|1|1|1|132|18|["132,18,5,3758","132,114,5,513"]|13:45:02:617
62|1.1|636136512897127628|0|49507.6171875|15.1509713835|97.06769539837|-395792|165284||49507.6171875|329.75||32887.5|330.25|49507.6171875|750286|AXM503|0|2764|650|||3|3|1|1|1|132|18|["132,18,5,3758","132,114,5,513"]|13:45:07:617
62|1.1|636136512947042619|0|49512.6015625|15.14159975923|97.07392884279|-395138|164235||49512.6015625|330||32950|330.25|49512.6015625|750286|AXM503|0|2764|450|||3|3|1|1|1|132|18|["132,18,5,3758","132,114,5,513"]|13:45:12:602
62|1.1|636136512996957610|0|49517.6015625|15.13277530478|97.08003354137|-394497|163247||49517.6015625|330||32956.25|330.25|49517.6015625|750286|AXM503|0|2764|312.5|||3|3|1|1|1|132|18|["132,18,5,3758","132,114,5,513"]|13:45:17:602
62|1.1|636136513046912605|0|49522.578125|15.12373090952|97.08606850262|-393863|162235||49522.578125|330||32950|330.25|49522.578125|750286|AXM503|0|2764|0|||3|3|0|1|1|132|18|["132,18,5,3758","132,114,5,513"]|13:45:22:578
62|1.1|636136513096827596|0|49527.578125|15.11541607402|97.09221075207|-393217|161304||49527.578125|330.25||32937.5|330.25|49527.578125|750286|AXM503|0|2764|0|||3|3|0|1|1|132|18|["132,18,5,3758","132,114,5,513"]|13:45:27:578
62|1.1|636136513146732586|0|49532.578125|15.1068759333|97.0982886286|-392578|160347||49532.578125|330.5||32931.25|330.5|49532.578125|750286|AXM503|0|2764|0|||3|3|0|1|1|132|18|["132,18,5,3758","132,114,5,513"]|13:45:32:578
62|1.1|636136513196657578|0|49537.5625|15.09811048736|97.10436114072|-391940|159366||49537.5625|331||32937.5|331.25|49537.5625|750286|AXM503|0|2764|0|||3|3|0|1|1|132|18|["132,18,5,3758","132,114,5,513"]|13:45:37:563
62|1.1|636136513246592571|0|49542.5625|15.08914119384|97.11053021222|-391292|158363||49542.5625|331.5||32962.5|331.5|49542.5625|750286|AXM503|0|2764|431.25|||3|3|1|1|1|132|18|["132,18,5,3758","132,114,5,513"]|13:45:42:563
62|1.1|636136513296497561|0|49547.5390625|15.08011289181|97.11651689378|-390663|157352||49547.5390625|332.25||33000|332.25|49547.5390625|750286|AXM503|0|2764|612.5|||3|3|1|1|1|132|18|["132,18,5,3758","132,114,5,513"]|13:45:47:539
62|1.1|636136513346432554|0|49552.5390625|15.07133135264|97.12281471112|-390001|156369||49552.5390625|333.25||33050|333.25|49552.5390625|750286|AXM503|0|2764|843.75|||3|3|1|1|1|132|18|["132,18,5,3758","132,114,5,513"]|13:45:52:539
62|1.1|636136513396337544|0|49557.5390625|15.06238888117|97.12920372343|-389329|155368||49557.5390625|334||33131.25|334.25|49557.5390625|750286|AXM503|0|2764|962.5|||3|3|1|1|1|132|18|["132,18,5,3758","132,114,5,513"]|13:45:57:539
62|1.1|636136513446272537|0|49562.515625|15.05361270641|97.13539961698|-388678|154385||49562.515625|334.25||33187.5|335.25|49562.515625|750286|AXM503|0|2764|962.5|||3|3|1|1|1|132|114|["132,18,5,3758","132,114,5,513"]|13:46:02:516
62|1.1|636136513496177527|0|49567.515625|15.04485798929|97.14163842581|-388021|153405||49567.515625|335||33250|335.75|49567.515625|750286|AXM503|0|2764|943.75|||3|3|1|1|1|132|114|["132,18,5,3758","132,114,5,513"]|13:46:07:516
62|1.1|636136513546102519|0|49572.5|15.03625884006|97.14795770079|-387356|152442||49572.5|336||33356.25|336.25|49572.5|750286|AXM503|0|2764|887.5|||3|3|1|1|1|132|18|["132,18,5,3758","132,114,5,513"]|13:46:12:500
62|1.1|636136513596017510|0|49577.5|15.02779380108|97.15417505198|-386701|151494||49577.5|336.75||33437.5|337.25|49577.5|750286|AXM503|0|2764|825|||3|3|1|1|1|132|18|["132,18,5,3758","132,114,5,513"]|13:46:17:500
62|1.1|636136513645942502|0|49582.5|15.01926975359|97.16000616565|-386088|150540||49582.5|337.5||33525|337.5|49582.5|750286|AXM503|0|2764|825|||3|3|1|1|1|132|18|["132,18,5,3758","132,114,5,513"]|13:46:22:500
62|1.1|636136513695867494|0|49587.4765625|15.01067060436|97.16624497448|-385432|149578||49587.4765625|337.75||33606.25|338.25|49587.4765625|750286|AXM503|0|2764|825|||3|3|1|1|1|132|114|["132,18,5,3758","132,114,5,513"]|13:46:27:477
62|1.1|636136513745792486|0|49592.4765625|15.00391144776|97.17204390169|-384819|148819||49592.4765625|338.75||33687.5|339.25|49592.4765625|750286|AXM503|0|2764|825|||3|3|1|1|1|132|18|["132,18,5,3758","132,114,5,513"]|13:46:32:477
62|1.1|636136513795717478|0|49597.4609375|14.99504944244|97.17809495617|-384183|147828||49597.4609375|339.5||33768.75|339.75|49597.4609375|750286|AXM503|0|2764|825|||3|3|1|1|1|132|18|["132,18,5,3758","132,114,5,513"]|13:46:37:461
62|1.1|636136513845632469|0|49602.4609375|14.98752853962|97.1842264768|-383535|146985||49602.4609375|340.25||33850|340.5|49602.4609375|750286|AXM503|0|2764|825|||3|3|1|1|1|132|18|["132,18,5,3758","132,114,5,513"]|13:46:42:461
62|1.1|636136513895557461|0|49607.4609375|14.97852169523|97.19029362451|-382898|145977||49607.4609375|340.75||33918.75|341.25|49607.4609375|750286|AXM503|0|2764|806.25|||3|3|1|1|1|132|18|["132,18,5,3758","132,114,5,513"]|13:46:47:461
62|1.1|636136513945492454|0|49612.4375|14.97022295296|97.1962427552|-382271|145048||49612.4375|341.5||33981.25|341.5|49612.4375|750286|AXM503|0|2764|768.75|||3|3|1|1|1|132|18|["132,18,5,3758","132,114,5,513"]|13:46:52:438
62|1.1|636136513995397444|0|49617.4375|14.96134485441|97.20232599614|-381631|144055||49617.4375|342.5||34062.5|342.5|49617.4375|750286|AXM503|0|2764|868.75|||3|3|1|1|1|132|18|["132,18,5,3758","132,114,5,513"]|13:46:57:438
62|1.1|636136514045322436|0|49622.421875|14.9528100781|97.20839314385|-380993|143100||49622.421875|343.5||34150|343.5|49622.421875|750286|AXM503|0|2764|962.5|||3|3|1|1|1|132|18|["132,18,5,3758","132,114,5,513"]|13:47:02:422
62|1.1|636136514095227426|0|49627.421875|14.943636937|97.2145890374|-380341|142074||49627.421875|344.5||34256.25|344.5|49627.421875|750286|AXM503|0|2764|1100|||3|3|1|1|1|132|18|["132,18,5,3758","132,114,5,513"]|13:47:07:422
62|1.1|636136514145162419|0|49632.421875|14.93437260093|97.22071519362|-379697|141037||49632.421875|345.5||34356.25|345.75|49632.421875|750286|AXM503|0|2764|1162.5|||3|3|1|1|1|132|18|["132,18,5,3758","132,114,5,513"]|13:47:12:422
62|1.1|636136514195077410|0|49637.3984375|14.92502779871|97.22686280748|-379051|139993||49637.3984375|346.5||34456.25|346.75|49637.3984375|750286|AXM503|0|2764|1181.25|||3|3|1|1|1|132|18|["132,18,5,3758","132,114,5,513"]|13:47:17:398
62|1.1|636136514245012403|0|49642.3984375|14.91687389551|97.23301578575|-378402|139079||49642.3984375|347.25||34550|347.5|49642.3984375|750286|AXM503|0|2764|1162.5|||3|3|1|1|1|132|18|["132,18,5,3758","132,114,5,513"]|13:47:22:398
62|1.1|636136514294777379|0|49647.375|14.90779194938|97.23923850135|-377747|138064||49647.375|347.75||34675|348.5|49647.375|750286|AXM503|0|2764|1162.5|||3|3|1|1|1|132|114|["132,18,5,3758","132,114,5,513"]|13:47:27:375
62|1.1|636136514344832384|0|49652.375|14.8986831812|97.24517690322|-377122|137045||49652.375|349||34743.75|349.25|49652.375|750286|AXM503|0|2764|1100|||3|3|1|1|1|132|18|["132,18,5,3758","132,114,5,513"]|13:47:32:375
62|1.1|636136514394757376|0|49657.375|14.88906479407|97.25146935615|-376461|135970||49657.375|349.5||34831.25|349.75|49657.375|750286|AXM503|0|2764|962.5|||3|3|1|1|1|132|18|["132,18,5,3758","132,114,5,513"]|13:47:37:375
62|1.1|636136514444682368|0|49662.359375|14.88051392453|97.25769207175|-375805|135013||49662.359375|349.75||34918.75|350.5|49662.359375|750286|AXM503|0|2764|887.5|||3|3|1|1|1|132|114|["132,18,5,3758","132,114,5,513"]|13:47:42:359
62|1.1|636136514494607360|0|49667.359375|14.87128177492|97.2639952535|-375141|133980||49667.359375|350||34968.75|350.5|49667.359375|750286|AXM503|0|2764|568.75|||3|3|1|1|1|132|114|["132,18,5,3758","132,114,5,513"]|13:47:47:359
62|1.1|636136514544522351|0|49672.3359375|14.8634926516|97.26986391804|-374522|133108||49672.3359375|350||34956.25|350.5|49672.3359375|750286|AXM503|0|2764|312.5|||3|3|1|1|1|132|114|["132,18,5,3758","132,114,5,513"]|13:47:52:336
62|1.1|636136514594307329|0|49677.3359375|14.85481840063|97.276065176|-373869|132138||49677.3359375|350||34968.75|350.25|49677.3359375|750286|AXM503|0|2764|0|||3|3|0|1|1|132|114|["132,18,5,3758","132,114,5,513"]|13:47:57:336
62|1.1|636136514644232321|0|49682.3359375|14.84597248854|97.28208404402|-373235|131149||49682.3359375|350.25||34956.25|350.25|49682.3359375|750286|AXM503|0|2764|0|||3|3|0|1|1|132|114|["132,18,5,3758","132,114,5,513"]|13:48:02:336
62|1.1|636136514694287326|0|49687.3203125|14.83796342441|97.28833358167|-372575|130251||49687.3203125|350.25||34975|350.25|49687.3203125|750286|AXM503|0|2764|0|||3|3|0|1|1|132|114|["132,18,5,3758","132,114,5,513"]|13:48:07:320
62|1.1|636136514744072304|0|49692.3203125|14.82879564772|97.29461530578|-371913|129226||49692.3203125|350||34968.75|350.25|49692.3203125|750286|AXM503|0|2764|0|||3|3|0|1|1|132|114|["132,18,5,3758","132,114,5,513"]|13:48:12:320
62|1.1|636136514793987295|0|49697.296875|14.82015894762|97.30064490262|-371278|128260||49697.296875|350||34937.5|350|49697.296875|750286|AXM503|0|2764|0|||3|3|0|1|1|132|114|["132,18,5,3758","132,114,5,513"]|13:48:17:297
62|1.1|636136514843912287|0|49702.296875|14.81121647615|97.30673887238|-370636|127260||49702.296875|350||34912.5|350|49702.296875|750286|AXM503|0|2764|0|||3|3|0|1|1|132|114|["132,18,5,3758","132,114,5,513"]|13:48:22:297
62|1.1|636136514893847280|0|49707.296875|14.8030357509|97.31271482512|-370006|126344||49707.296875|350||34868.75|350|49707.296875|750286|AXM503|0|2764|0|||3|3|0|1|1|132|114|["132,18,5,3758","132,114,5,513"]|13:48:27:297
62|1.1|636136514943762271|0|49712.28125|14.7942381185|97.31908237979|-369334|125360||49712.28125|350||34887.5|350|49712.28125|750286|AXM503|0|2764|0|||3|3|0|1|1|132|114|["132,18,5,3758","132,114,5,513"]|13:48:32:281
62|1.1|636136514993677262|0|49717.28125|14.78509179945|97.32535873949|-368673|124337||49717.28125|350||34893.75|350|49717.28125|750286|AXM503|0|2764|0|||3|3|0|1|1|132|114|["132,18,5,3758","132,114,5,513"]|13:48:37:281
62|1.1|636136515043602254|0|49722.2578125|14.77600448891|97.33130250577|-368047|123322||49722.2578125|350||34875|350|49722.2578125|750286|AXM503|0|2764|0|||3|3|0|1|1|132|18|["132,18,5,3758","132,114,5,513"]|13:48:42:258
62|1.1|636136515093517245|0|49727.2578125|14.76670796638|97.33725163646|-367421|122283||49727.2578125|350||34850|350|49727.2578125|750286|AXM503|0|2764|0|||3|3|0|1|1|132|114|["132,18,5,3758","132,114,5,513"]|13:48:47:258
62|1.1|636136515143442237|0|49732.2578125|14.75760456261|97.34327586889|-366787|121265||49732.2578125|350||34837.5|350|49732.2578125|750286|AXM503|0|2764|0|||3|3|0|1|1|132|114|["132,18,5,3758","132,114,5,513"]|13:48:52:258
62|1.1|636136515193357228|0|49737.2421875|14.74875865052|97.34932155896|-366150|120276||49737.2421875|350||34818.75|350|49737.2421875|750286|AXM503|0|2764|0|||3|3|0|1|1|132|114|["132,18,5,3758","132,114,5,513"]|13:48:57:242
62|1.1|636136515243292221|0|49742.2421875|14.73990200961|97.35578567301|-365467|119285||49742.2421875|350||34825|350|49742.2421875|750286|AXM503|0|2764|0|||3|3|0|1|1|132|114|["132,18,5,3758","132,114,5,513"]|13:49:02:242
62|1.1|636136515293227214|0|49747.21875|14.73133504684|97.3620566683|-364805|118327||49747.21875|350||34818.75|350|49747.21875|750286|AXM503|0|2764|0|||3|3|0|1|1|132|114|["132,18,5,3758","132,114,5,513"]|13:49:07:219
62|1.1|636136515343122203|0|49752.21875|14.7226768891|97.36844568061|-364131|117358||49752.21875|350||34831.25|350|49752.21875|750286|AXM503|0|2764|0|||3|3|0|1|1|132|114|["132,18,5,3758","132,114,5,513"]|13:49:12:219
62|1.1|636136515393047195|0|49757.21875|14.71419575689|97.37448600627|-363493|116409||49757.21875|350||34818.75|350|49757.21875|750286|AXM503|0|2764|0|||3|3|0|1|1|132|114|["132,18,5,3758","132,114,5,513"]|13:49:17:219
62|1.1|636136515442972187|0|49762.1953125|14.70570926027|97.38069262864|-362838|115460||49762.1953125|350||34818.75|350|49762.1953125|750286|AXM503|0|2764|0|||3|3|0|1|1|132|114|["132,18,5,3758","132,114,5,513"]|13:49:22:195
62|1.1|636136515492887178|0|49767.1953125|14.69702964489|97.38679732722|-362194|114489||49767.1953125|350||34812.5|350|49767.1953125|750286|AXM503|0|2764|0|||3|3|0|1|1|132|114|["132,18,5,3758","132,114,5,513"]|13:49:27:195
62|1.1|636136515542812170|0|49772.1796875|14.68818909721|97.39293421226|-361546|113501||49772.1796875|350||34818.75|350|49772.1796875|750286|AXM503|0|2764|0|||3|3|0|1|1|132|114|["132,18,5,3758","132,114,5,513"]|13:49:32:180
62|1.1|636136515592737162|0|49777.1796875|14.67925199015|97.39895844469|-360911|112502||49777.1796875|350||34812.5|350|49777.1796875|750286|AXM503|0|2764|0|||3|3|0|1|1|132|18|["132,18,5,3758","132,114,5,513"]|13:49:37:180
62|1.1|636136515642652153|0|49782.1796875|14.67018613725|97.40537427905|-360234|111488||49782.1796875|350||34837.5|350|49782.1796875|750286|AXM503|0|2764|0|||3|3|0|1|1|132|114|["132,18,5,3758","132,114,5,513"]|13:49:42:180
62|1.1|636136515692577145|0|49787.15625|14.66137777603|97.41160235906|-359576|110503||49787.15625|350||34850|350|49787.15625|750286|AXM503|0|2764|0|||3|3|0|1|1|132|114|["132,18,5,3758","132,114,5,513"]|13:49:47:156
62|1.1|636136515742512138|0|49792.15625|14.65201688058|97.41789481199|-358913|109457||49792.15625|350||34856.25|350|49792.15625|750286|AXM503|0|2764|0|||3|3|0|1|1|132|114|["132,18,5,3758","132,114,5,513"]|13:49:52:156
62|1.1|636136515792427129|0|49797.140625|14.64354647719|97.42386540032|-358283|108510||49797.140625|350||34825|350|49797.140625|750286|AXM503|0|2764|0|||3|3|0|1|1|132|114|["132,18,5,3758","132,114,5,513"]|13:49:57:141
62|1.1|636136515842342120|0|49802.140625|14.63496342119|97.43000228536|-357634|107550||49802.140625|350||34825|350|49802.140625|750286|AXM503|0|2764|0|||3|3|0|1|1|132|114|["132,18,5,3758","132,114,5,513"]|13:50:02:141
62|1.1|636136515892287114|0|49807.140625|14.62671295861|97.43616062804|-356984|106627||49807.140625|350||34831.25|350|49807.140625|750286|AXM503|0|2764|0|||3|3|0|1|1|132|114|["132,18,5,3758","132,114,5,513"]|13:50:07:141
62|1.1|636136515942192104|0|49812.1171875|14.61851614013|97.44231897072|-356332|105710||49812.1171875|350||34843.75|350|49812.1171875|750286|AXM503|0|2764|0|||3|3|0|1|1|132|114|["132,18,5,3758","132,114,5,513"]|13:50:12:117
62|1.1|636136515992127097|0|49817.1171875|14.60970777891|97.44839148284|-355691|104725||49817.1171875|350||34843.75|350|49817.1171875|750286|AXM503|0|2764|0|||3|3|0|1|1|132|114|["132,18,5,3758","132,114,5,513"]|13:50:17:117
62|1.1|636136516042022086|0|49822.1015625|14.60046490048|97.45463565608|-355033|103693||49822.1015625|350||34856.25|350|49822.1015625|750286|AXM503|0|2764|0|||3|3|0|1|1|132|114|["132,18,5,3758","132,114,5,513"]|13:50:22:102
62|1.1|636136516091967080|0|49827.1015625|14.59195158181|97.46071353261|-354390|102741||49827.1015625|350||34850|350|49827.1015625|750286|AXM503|0|2764|0|||3|3|0|1|1|132|114|["132,18,5,3758","132,114,5,513"]|13:50:27:102
62|1.1|636136516141872070|0|49832.1015625|14.58328805966|97.46685041765|-353742|101772||49832.1015625|350||34856.25|350|49832.1015625|750286|AXM503|0|2764|0|||3|3|0|1|1|132|114|["132,18,5,3758","132,114,5,513"]|13:50:32:102
62|1.1|636136516191787061|0|49837.078125|14.57449042726|97.47296584505|-353096|100789||49837.078125|349.75||34850|350|49837.078125|750286|AXM503|0|2764|0|||3|3|0|1|1|132|114|["132,18,5,3758","132,114,5,513"]|13:50:37:078
62|1.1|636136516241712053|0|49842.078125|14.56600393064|97.47892034015|-352467|99841||49842.078125|350||34837.5|350|49842.078125|750286|AXM503|0|2764|0|||3|3|0|1|1|132|114|["132,18,5,3758","132,114,5,513"]|13:50:42:078
62|1.1|636136516291637045|0|49847.0625|14.55721702706|97.48508941165|-351815|98858||49847.0625|350||34843.75|350|49847.0625|750286|AXM503|0|2764|0|||3|3|0|1|1|132|114|["132,18,5,3758","132,114,5,513"]|13:50:47:063
62|1.1|636136516341562037|0|49852.0625|14.54832819969|97.49121556787|-351168|97865||49852.0625|350||34843.75|350|49852.0625|750286|AXM503|0|2764|0|||3|3|0|1|1|132|114|["132,18,5,3758","132,114,5,513"]|13:50:52:063
62|1.1|636136516391477028|0|49857.0625|14.53919797387|97.49733099527|-350523|96845||49857.0625|349.75||34831.25|350|49857.0625|750286|AXM503|0|2764|0|||3|3|0|1|1|132|114|["132,18,5,3758","132,114,5,513"]|13:50:57:063
62|1.1|636136516441402020|0|49862.0390625|14.53043252793|97.50344642267|-349876|95865||49862.0390625|349.75||34825|349.75|49862.0390625|750286|AXM503|0|2764|0|||3|3|0|1|1|132|114|["132,18,5,3758","132,114,5,513"]|13:51:02:039
62|1.1|636136516491327012|0|49867.0390625|14.52192457367|97.5096852315|-349217|94914||49867.0390625|349.75||34837.5|349.75|49867.0390625|750286|AXM503|0|2764|0|||3|3|0|1|1|132|114|["132,18,5,3758","132,114,5,513"]|13:51:07:039
62|1.1|636136516541242003|0|49872.015625|14.51246175443|97.51588112505|-348563|93857||49872.015625|349.75||34831.25|349.75|49872.015625|750286|AXM503|0|2764|0|||3|3|0|1|1|132|114|["132,18,5,3758","132,114,5,513"]|13:51:12:016
62|1.1|636136516591166995|0|49877.015625|14.50368557967|97.52209311183|-347906|92876||49877.015625|349.75||34831.25|347.75|49877.015625|750286|AXM503|0|2764|0|||3|3|0|1|1|132|114|["132,18,5,3758","132,114,5,513"]|13:51:17:016
62|1.1|636136516641081986|0|49882.015625|14.495172261|97.52810125103|-347271|91924||49882.015625|349.75||34818.75|347.75|49882.015625|750286|AXM503|0|2764|0|||3|3|0|1|1|132|114|["132,18,5,3758","132,114,5,513"]|13:51:22:016
62|1.1|636136516691016979|0|49887|14.48643363711|97.53425959371|-346620|90948||49887|349.75||34818.75|347.75|49887|750286|AXM503|0|2764|0|||3|3|0|1|1|132|114|["132,18,5,3758","132,114,5,513"]|13:51:27:000
62|1.1|636136516740941971|0|49892|14.47785058111|97.54036429229|-345974|89988||49892|349.75||34818.75|347.75|49892|750286|AXM503|0|2764|0|||3|3|0|1|1|132|114|["132,18,5,3758","132,114,5,513"]|13:51:32:000
62|1.1|636136516790846961|0|49896.9765625|14.46903149107|97.54664065199|-345310|89003||49896.9765625|350||34843.75|348|49896.9765625|750286|AXM503|0|2764|0|||3|3|0|1|1|132|114|["132,18,5,3758","132,114,5,513"]|13:51:36:977
62|1.1|636136516840771953|0|49901.9765625|14.46028750277|97.55279899467|-344659|88026||49901.9765625|350||34856.25|348|49901.9765625|750286|AXM503|0|2764|0|||3|3|0|1|1|132|114|["132,18,5,3758","132,114,5,513"]|13:51:41:977
62|1.1|636136516890706946|0|49906.9765625|14.45146841273|97.55888760002|-344015|87041||49906.9765625|349.75||34850|347.75|49906.9765625|750286|AXM503|0|2764|0|||3|3|0|1|1|132|114|["132,18,5,3758","132,114,5,513"]|13:51:46:977
62|1.1|636136516940611936|0|49911.9609375|14.44289072114|97.5649386545|-343375|86082||49911.9609375|349.75||34843.75|347.75|49911.9609375|750286|AXM503|0|2764|0|||3|3|0|1|1|132|114|["132,18,5,3758","132,114,5,513"]|13:51:51:961
62|1.1|636136516990536928|0|49916.9609375|14.43378731737|97.57119892097|-342714|85065||49916.9609375|349.75||34850|347.75|49916.9609375|750286|AXM503|0|2764|0|||3|3|0|1|1|132|114|["132,18,5,3758","132,114,5,513"]|13:51:56:961
62|1.1|636136517040461920|0|49921.9375|14.42508624435|97.57733580601|-342064|84092||49921.9375|349.75||34843.75|347.75|49921.9375|750286|AXM503|0|2764|0|||3|3|0|1|1|132|114|["132,18,5,3758","132,114,5,513"]|13:52:01:938
62|1.1|636136517090386912|0|49926.9375|14.41604184909|97.58356925043|-341405|83082||49926.9375|349.75||34856.25|347.75|49926.9375|750286|AXM503|0|2764|0|||3|3|0|1|1|132|114|["132,18,5,3758","132,114,5,513"]|13:52:06:938
62|1.1|636136517140301903|0|49931.9375|14.40713692849|97.5896685846|-340760|82087||49931.9375|349.75||34837.5|347.75|49931.9375|750286|AXM503|0|2764|0|||3|3|0|1|1|132|114|["132,18,5,3758","132,114,5,513"]|13:52:11:938
62|1.1|636136517190226895|0|49936.921875|14.39836075373|97.59581083405|-340110|81107||49936.921875|349.75||34837.5|347.75|49936.921875|750286|AXM503|0|2764|0|||3|3|0|1|1|132|114|["132,18,5,3758","132,114,5,513"]|13:52:16:922
62|1.1|636136517240151887|0|49941.921875|14.38956312133|97.60200136319|-339455|80124||49941.921875|349.75||34837.5|347.75|49941.921875|750286|AXM503|0|2764|0|||3|3|0|1|1|132|114|["132,18,5,3758","132,114,5,513"]|13:52:21:922
62|1.1|636136517290066878|0|49946.8984375|14.38092642123|97.60814361264|-338805|79159||49946.8984375|349.75||34843.75|347.75|49946.8984375|750286|AXM503|0|2764|0|||3|3|0|1|1|132|114|["132,18,5,3758","132,114,5,513"]|13:52:26:898
62|1.1|636136517339991870|0|49951.8984375|14.37197858535|97.61410347215|-338175|78160||49951.8984375|349.75||34831.25|347.75|49951.8984375|750286|AXM503|0|2764|0|||3|3|0|1|1|132|18|["132,18,5,3758","132,114,5,513"]|13:52:31:898
62|1.1|636136517389916862|0|49956.8984375|14.36307366475|97.62004187402|-337547|77165||49956.8984375|350||34831.25|348|49956.8984375|750286|AXM503|0|2764|0|||3|3|0|1|1|132|18|["132,18,5,3758","132,114,5,513"]|13:52:36:898
62|1.1|636136517439841854|0|49961.875|14.35411510005|97.62639333546|-336875|76164||49961.875|350||34862.5|348|49961.875|750286|AXM503|0|2764|0|||3|3|0|1|1|132|114|["132,18,5,3758","132,114,5,513"]|13:52:41:875
62|1.1|636136517489756845|0|49966.875|14.3451833574|97.63262677988|-336215|75167||49966.875|350||34868.75|348|49966.875|750286|AXM503|0|2764|0|||3|3|0|1|1|132|114|["132,18,5,3758","132,114,5,513"]|13:52:46:875
62|1.1|636136517539681837|0|49971.859375|14.33650374202|97.63881730902|-335559|74197||49971.859375|350||34875|348|49971.859375|750286|AXM503|0|2764|0|||3|3|0|1|1|132|114|["132,18,5,3758","132,114,5,513"]|13:52:51:859
62|1.1|636136517589626831|0|49976.859375|14.32793141484|97.64496492288|-334908|73239||49976.859375|350||34868.75|348|49976.859375|750286|AXM503|0|2764|0|||3|3|0|1|1|132|114|["132,18,5,3758","132,114,5,513"]|13:52:56:859
62|1.1|636136517639521820|0|49981.859375|14.31897821455|97.65117690966|-334250|72239||49981.859375|350||34875|347.75|49981.859375|750286|AXM503|0|2764|0|||3|3|0|1|1|132|114|["132,18,5,3758","132,114,5,513"]|13:53:01:859
62|1.1|636136517689436811|0|49986.8359375|14.3104756247|97.65721723532|-333611|71289||49986.8359375|350||34868.75|347.75|49986.8359375|750286|AXM503|0|2764|0|||3|3|0|1|1|132|114|["132,18,5,3758","132,114,5,513"]|13:53:06:836
62|1.1|636136517739381805|0|49991.8359375|14.30134539888|97.6635901544|-332936|70269||49991.8359375|350||34887.5|347.75|49991.8359375|750286|AXM503|0|2764|0|||3|3|0|1|1|132|114|["132,18,5,3758","132,114,5,513"]|13:53:11:836
62|1.1|636136517789276794|0|49996.8203125|14.29235464772|97.66952319186|-332308|69266||49996.8203125|350||34875|347.75|49996.8203125|750286|AXM503|0|2764|0|||3|3|0|1|1|132|18|["132,18,5,3758","132,114,5,513"]|13:53:16:820
62|1.1|636136517839201786|0|50001.8203125|14.28348191358|97.67550987342|-331675|68275||50001.8203125|350||34868.75|347.75|50001.8203125|750286|AXM503|0|2764|0|||3|3|0|1|1|132|18|["132,18,5,3758","132,114,5,513"]|13:53:21:820
62|1.1|636136517889126778|0|50006.8203125|14.27452871329|97.68180769076|-331008|67275||50006.8203125|350||34862.5|347.75|50006.8203125|750286|AXM503|0|2764|0|||3|3|0|1|1|132|114|["132,18,5,3758","132,114,5,513"]|13:53:26:820
62|1.1|636136517939041769|0|50011.796875|14.26576326735|97.68808405046|-330343|66296||50011.796875|350||34868.75|347.75|50011.796875|750286|AXM503|0|2764|0|||3|3|0|1|1|132|114|["132,18,5,3758","132,114,5,513"]|13:53:31:797
62|1.1|636136517988966761|0|50016.796875|14.25718021135|97.6942209355|-329692|65337||50016.796875|350||34862.5|347.75|50016.796875|750286|AXM503|0|2764|0|||3|3|0|1|1|132|114|["132,18,5,3758","132,114,5,513"]|13:53:36:797
62|1.1|636136518038891753|0|50021.78125|14.24830747721|97.70048120197|-329029|64346||50021.78125|350||34868.75|347.75|50021.78125|750286|AXM503|0|2764|0|||3|3|0|1|1|132|5|["132,18,5,3758","132,114,5,513"]|13:53:41:781
62|1.1|636136518088816745|0|50026.78125|14.23950984481|97.70660735819|-328380|63364||50026.78125|350||34862.5|347.75|50026.78125|750286|AXM503|0|2764|0|||3|3|0|1|1|132|5|["132,18,5,3758","132,114,5,513"]|13:53:46:781
62|1.1|636136518138731736|0|50031.78125|14.23034206812|97.71293736199|-327709|62340||50031.78125|350||34868.75|347.75|50031.78125|750286|AXM503|0|2764|0|||3|3|0|1|1|132|5|["132,18,5,3758","132,114,5,513"]|13:53:51:781
62|1.1|636136518188656728|0|50036.7578125|14.22598080279|97.71719670353|-327255|61851||50036.7578125|350||34987.5|347.75|50036.7578125|750286|AXM503|0|2764|0|||3|3|0|1|1|132|5|["132,18,5,3758","132,114,5,513"]|13:53:56:758
62|1.1|636136518238581720|0|50041.7578125|14.2171348907|97.72366081758|-326570|60863||50041.7578125|350||35006.25|347.75|50041.7578125|750286|AXM503|0|2764|0|||3|3|0|1|1|132|5|["132,18,5,3758","132,114,5,513"]|13:54:01:758
62|1.1|636136518288496711|0|50046.7421875|14.20855719911|97.72986207554|-325912|59905||50046.7421875|350.25||35043.75|347.75|50046.7421875|750286|AXM503|0|2764|0|||3|3|0|1|1|132|114|["132,18,5,3758","132,114,5,513"]|13:54:06:742
62|1.1|636136518338421703|0|50051.7421875|14.20040866032|97.73551616368|-325313|58995||50051.7421875|350.25||35037.5|348|50051.7421875|750286|AXM503|0|2764|0|||3|3|0|1|1|132|5|["132,18,5,3758","132,114,5,513"]|13:54:11:742
62|1.1|636136518388346695|0|50056.7421875|14.19204554513|97.74145992996|-324683|58061||50056.7421875|350.25||35050|348|50056.7421875|750286|AXM503|0|2764|0|||3|3|0|1|1|132|114|["132,18,5,3758","132,114,5,513"]|13:54:16:742
62|1.1|636136518438261686|0|50061.71875|14.18233596303|97.74794013724|-323996|56977||50061.71875|350.25||35050|348|50061.71875|750286|AXM503|0|2764|0|||3|3|0|1|1|132|114|["132,18,5,3758","132,114,5,513"]|13:54:21:719
62|1.1|636136518488186678|0|50066.71875|14.17287314379|97.75441498011|-323310|55921||50066.71875|350.25||35050|348|50066.71875|750286|AXM503|0|2764|0|||3|3|0|1|1|132|114|["132,18,5,3758","132,114,5,513"]|13:54:26:719
62|1.1|636136518538111670|0|50071.6953125|14.16471387618|97.76019781409|-322697|55010||50071.6953125|350.25||35025|348|50071.6953125|750286|AXM503|0|2764|0|||3|3|0|1|1|132|114|["132,18,5,3758","132,114,5,513"]|13:54:31:695
62|1.1|636136518588036662|0|50076.6953125|14.15594843024|97.76628105503|-322052|54031||50076.6953125|350.25||35025|348|50076.6953125|750286|AXM503|0|2764|0|||3|3|0|1|1|132|114|["132,18,5,3758","132,114,5,513"]|13:54:36:695
62|1.1|636136518637951653|0|50081.6953125|14.14606718702|97.77301338958|-321338|52928||50081.6953125|350.25||35031.25|348|50081.6953125|750286|AXM503|0|2764|0|||3|3|0|1|1|132|5|["132,18,5,3758","132,114,5,513"]|13:54:41:695
62|1.1|636136518687876645|0|50086.6796875|14.1378489109|97.77878549474|-320726|52011||50086.6796875|350.25||35025|348|50086.6796875|750286|AXM503|0|2764|0|||3|3|0|1|1|132|5|["132,18,5,3758","132,114,5,513"]|13:54:46:680
62|1.1|636136518737791636|0|50091.6796875|14.129319499|97.78475071866|-320094|51058||50091.6796875|350.25||35025|348|50091.6796875|750286|AXM503|0|2764|0|||3|3|0|1|1|132|5|["132,18,5,3758","132,114,5,513"]|13:54:51:680
62|1.1|636136518787716628|0|50096.65625|14.12052723101|97.79080713755|-319451|50077||50096.65625|350.25||35025|348|50096.65625|750286|AXM503|0|2764|0|||3|3|0|1|1|132|114|["132,18,5,3758","132,114,5,513"]|13:54:56:656
62|1.1|636136518837641620|0|50101.65625|14.11163303923|97.79691183613|-318804|49084||50101.65625|350.25||35018.75|348|50101.65625|750286|AXM503|0|2764|0|||3|3|0|1|1|132|114|["132,18,5,3758","132,114,5,513"]|13:55:01:656
62|1.1|636136518887556611|0|50106.65625|14.10227750819|97.80309700086|-318149|48040||50106.65625|350.25||35018.75|348|50106.65625|750286|AXM503|0|2764|0|||3|3|0|1|1|132|114|["132,18,5,3758","132,114,5,513"]|13:55:06:656
62|1.1|636136518937481603|0|50111.640625|14.09254646845|97.80940018261|-317481|46954||50111.640625|350.25||35006.25|348|50111.640625|750286|AXM503|0|2764|0|||3|3|0|1|1|132|114|["132,18,5,3758","132,114,5,513"]|13:55:11:641
62|1.1|636136518987396594|0|50116.640625|14.08241309796|97.8162076189|-316759|45824||50116.640625|350.25||34968.75|348|50116.640625|750286|AXM503|0|2764|0|||3|3|0|1|1|132|114|["132,18,5,3758","132,114,5,513"]|13:55:16:641
62|1.1|636136519037321586|0|50121.6171875|14.07201150697|97.82315452985|-316022|44663||50121.6171875|350.25||34937.5|348|50121.6171875|750286|AXM503|0|2764|0|||3|3|0|1|1|132|114|["132,18,5,3758","132,114,5,513"]|13:55:21:617
62|1.1|636136519087246578|0|50126.6171875|14.0618888653|97.83013899167|-315282|43533||50126.6171875|350.25||34918.75|348|50126.6171875|750286|AXM503|0|2764|0|||3|3|0|1|1|132|114|["132,18,5,3758","132,114,5,513"]|13:55:26:617
62|1.1|636136519137161569|0|50131.6171875|14.05198616444|97.83693033473|-314561|42428||50131.6171875|350.25||34900|348|50131.6171875|750286|AXM503|0|2764|0|||3|3|0|1|1|132|114|["132,18,5,3758","132,114,5,513"]|13:55:31:617
62|1.1|636136519187076560|0|50136.6015625|14.04228194675|97.8437270422|-313839|41345||50136.6015625|350.25||34893.75|348|50136.6015625|750286|AXM503|0|2764|0|||3|3|0|1|1|132|114|["132,18,5,3758","132,114,5,513"]|13:55:36:602
62|1.1|636136519237011553|0|50141.6015625|14.03676196886|97.84902707928|-313274|40727||50141.6015625|350.25||35025|348|50141.6015625|750286|AXM503|0|2764|0|||3|3|0|1|1|132|5|["132,18,5,3758","132,114,5,513"]|13:55:41:602
62|1.1|636136519286926544|0|50146.578125|14.02815209081|97.85527125252|-312611|39765||50146.578125|350.25||35031.25|348|50146.578125|750286|AXM503|0|2764|0|||3|3|0|1|1|132|5|["132,18,5,3758","132,114,5,513"]|13:55:46:578
62|1.1|636136519336851536|0|50151.578125|14.01952075512|97.86147787489|-311951|38802||50151.578125|350.25||35031.25|348|50151.578125|750286|AXM503|0|2764|0|||3|3|0|1|1|132|5|["132,18,5,3758","132,114,5,513"]|13:55:51:578
62|1.1|636136519386766527|0|50156.578125|14.0108196821|97.86761475993|-311300|37831||50156.578125|350.25||35031.25|348|50156.578125|750286|AXM503|0|2764|0|||3|3|0|1|1|132|114|["132,18,5,3758","132,114,5,513"]|13:55:56:578
62|1.1|636136519436691519|0|50161.5625|14.00204350734|97.87383747553|-310639|36851||50161.5625|350.25||35037.5|348|50161.5625|750286|AXM503|0|2764|0|||3|3|0|1|1|132|114|["132,18,5,3758","132,114,5,513"]|13:56:01:563
62|1.1|636136519486616511|0|50166.5625|13.993063485|97.88007091995|-309977|35849||50166.5625|350.25||35043.75|348|50166.5625|750286|AXM503|0|2764|0|||3|3|0|1|1|132|114|["132,18,5,3758","132,114,5,513"]|13:56:06:563
62|1.1|636136519536531502|0|50171.5390625|13.98386888626|97.88627217791|-309319|34823||50171.5390625|350.25||35037.5|348|50171.5390625|750286|AXM503|0|2764|0|||3|3|0|1|1|132|114|["132,18,5,3758","132,114,5,513"]|13:56:11:539
62|1.1|636136519586456494|0|50176.5390625|13.97473329603|97.89229641034|-308680|33804||50176.5390625|350.25||35025|348|50176.5390625|750286|AXM503|0|2764|0|||3|3|0|1|1|132|18|["132,18,5,3758","132,114,5,513"]|13:56:16:539
62|1.1|636136519636371485|0|50181.5390625|13.96492715455|97.89831527836|-308042|32711||50181.5390625|350.25||34975|348|50181.5390625|750286|AXM503|0|2764|0|||3|3|0|1|1|132|114|["132,18,5,3758","132,114,5,513"]|13:56:21:539
62|1.1|636136519686306478|0|50186.515625|13.95882245597|97.90319689146|-307522|32029||50186.515625|350.25||35018.75|348|50186.515625|750286|AXM503|0|2764|0|||3|3|0|1|1|132|5|["132,18,5,3758","132,114,5,513"]|13:56:26:516
62|1.1|636136519736221469|0|50191.515625|13.95056662898|97.9091192001|-306893|31107||50191.515625|350.25||35018.75|348|50191.515625|750286|AXM503|0|2764|0|||3|3|0|1|1|132|5|["132,18,5,3758","132,114,5,513"]|13:56:31:516
62|1.1|636136519786146461|0|50196.5|13.94190310683|97.91505760197|-306262|30141||50196.5|350.25||35025|348|50196.5|750286|AXM503|0|2764|0|||3|3|0|1|1|132|5|["132,18,5,3758","132,114,5,513"]|13:56:36:500
62|1.1|636136519836061452|0|50201.5|13.93204868566|97.9218864959|-305537|29041||50201.5|350.25||35037.5|348|50201.5|750286|AXM503|0|2764|0|||3|3|0|1|1|132|5|["132,18,5,3758","132,114,5,513"]|13:56:41:500
62|1.1|636136519885996445|0|50206.5|13.92274143431|97.928377432|-304847|28002||50206.5|350.25||35037.5|348|50206.5|750286|AXM503|0|2764|0|||3|3|0|1|1|132|114|["132,18,5,3758","132,114,5,513"]|13:56:46:500
62|1.1|636136519935901435|0|50211.4765625|13.91368094582|97.93474498667|-304170|26992||50211.4765625|350||35012.5|348|50211.4765625|750286|AXM503|0|2764|0|||3|3|0|1|1|132|5|["132,18,5,3758","132,114,5,513"]|13:56:51:477
62|1.1|636136519985826427|0|50216.4765625|13.90472238112|97.94104280401|-303501|25992||50216.4765625|350||35000|347.75|50216.4765625|750286|AXM503|0|2764|0|||3|3|0|1|1|132|114|["132,18,5,3758","132,114,5,513"]|13:56:56:477
62|1.1|636136520035751419|0|50221.4609375|13.89587110462|97.9472601552|-302840|25004||50221.4609375|350||34993.75|347.75|50221.4609375|750286|AXM503|0|2764|0|||3|3|0|1|1|132|114|["132,18,5,3758","132,114,5,513"]|13:57:01:461
62|1.1|636136520085676411|0|50226.4609375|13.88699837048|97.95343995552|-302183|24014||50226.4609375|350||34993.75|347.75|50226.4609375|750286|AXM503|0|2764|0|||3|3|0|1|1|132|114|["132,18,5,3758","132,114,5,513"]|13:57:06:461
62|1.1|636136520135591402|0|50231.4609375|13.87977787462|97.9585790603|-301637|23209||50231.4609375|350||34993.75|347.75|50231.4609375|750286|AXM503|0|2764|0|||3|3|0|1|1|132|5|["132,18,5,3758","132,114,5,513"]|13:57:11:461
62|1.1|636136520185516394|0|50236.4375|13.87124846272|97.96456037745|-301001|22257||50236.4375|350||34987.5|347.75|50236.4375|750286|AXM503|0|2764|0|||3|3|0|1|1|132|114|["132,18,5,3758","132,114,5,513"]|13:57:16:438
62|1.1|636136520235441386|0|50241.4375|13.86277269492|97.97037539789|-300383|21311||50241.4375|350||34993.75|347.75|50241.4375|750286|AXM503|0|2764|0|||3|3|0|1|1|132|114|["132,18,5,3758","132,114,5,513"]|13:57:21:438
62|1.1|636136520285356377|0|50246.421875|13.85399115575|97.97636207945|-299746|20332||50246.421875|350||35000|347.75|50246.421875|750286|AXM503|0|2764|0|||3|3|0|1|1|132|5|["132,18,5,3758","132,114,5,513"]|13:57:26:422
62|1.1|636136520335281369|0|50251.421875|13.84529008273|97.98234876101|-299110|19362||50251.421875|350||35006.25|347.75|50251.421875|750286|AXM503|0|2764|0|||3|3|0|1|1|132|114|["132,18,5,3758","132,114,5,513"]|13:57:31:422
62|1.1|636136520385206361|0|50256.421875|13.83636370449|97.98828179847|-298480|18366||50256.421875|350||35000|347.75|50256.421875|750286|AXM503|0|2764|0|||3|3|0|1|1|132|114|["132,18,5,3758","132,114,5,513"]|13:57:36:422
62|1.1|636136520435121352|0|50261.3984375|13.82704035991|97.99420947152|-297850|17327||50261.3984375|350||34993.75|347.75|50261.3984375|750286|AXM503|0|2764|0|||3|3|0|1|1|132|114|["132,18,5,3758","132,114,5,513"]|13:57:41:398
62|1.1|636136520485046344|0|50266.3984375|13.81720739638|98.00077550936|-297153|16230||50266.3984375|350||34975|347.75|50266.3984375|750286|AXM503|0|2764|0|||3|3|0|1|1|132|114|["132,18,5,3758","132,114,5,513"]|13:57:46:398
62|1.1|636136520534971336|0|50271.375|13.80753000074|98.0071806149|-296472|15151||50271.375|350||34937.5|347.75|50271.375|750286|AXM503|0|2764|0|||3|3|0|1|1|132|114|["132,18,5,3758","132,114,5,513"]|13:57:51:375
62|1.1|636136520584886327|0|50276.375|13.79780432541|98.01384321212|-295764|14066||50276.375|350||34918.75|347.75|50276.375|750286|AXM503|0|2764|0|||3|3|0|1|1|132|114|["132,18,5,3758","132,114,5,513"]|13:57:56:375
62|1.1|636136520634811319|0|50281.375|13.78801964157|98.02047898729|-295058|12975||50281.375|350||34893.75|347.75|50281.375|750286|AXM503|0|2764|0|||3|3|0|1|1|132|114|["132,18,5,3758","132,114,5,513"]|13:58:01:375
62|1.1|636136520684736311|0|50286.359375|13.77922200917|98.02645494003|-294422|11994||50286.359375|350||34881.25|347.75|50286.359375|750286|AXM503|0|2764|0|||3|3|0|1|1|132|18|["132,18,5,3758","132,114,5,513"]|13:58:06:359
62|1.1|636136520734661303|0|50291.359375|13.77030099534|98.03283322352|-293743|10999||50291.359375|349.75||34856.25|347.5|50291.359375|750286|AXM503|0|2764|0|||3|3|0|1|1|132|114|["132,18,5,3758","132,114,5,513"]|13:58:11:359
62|1.1|636136520784576294|0|50296.3359375|13.76177158344|98.03896474415|-293091|10047||50296.3359375|349.75||34843.75|347.5|50296.3359375|750286|AXM503|0|2764|0|||3|3|0|1|1|132|114|["132,18,5,3758","132,114,5,513"]|13:58:16:336
62|1.1|636136520834501286|0|50301.3359375|13.75288812048|98.04524110385|-292423|9056||50301.3359375|349.75||34843.75|347.5|50301.3359375|750286|AXM503|0|2764|0|||3|3|0|1|1|132|114|["132,18,5,3758","132,114,5,513"]|13:58:21:336
62|1.1|636136520884416277|0|50306.3359375|13.74350040298|98.05187687902|-291716|8009||50306.3359375|349.75||34862.5|347.5|50306.3359375|750286|AXM503|0|2764|0|||3|3|0|1|1|132|114|["132,18,5,3758","132,114,5,513"]|13:58:26:336
62|1.1|636136520934341269|0|50311.3203125|13.73674661079|98.05704280585|-291166|7255||50311.3203125|349.75||35000|347.5|50311.3203125|750286|AXM503|0|2764|0|||3|3|0|1|1|132|18|["132,18,5,3758","132,114,5,513"]|13:58:31:320
62|1.1|636136520984266261|0|50316.3203125|13.7275788341|98.06272371604|-290562|6234||50316.3203125|349.75||35018.75|347.75|50316.3203125|750286|AXM503|0|2764|0|||3|3|0|1|1|132|114|["132,18,5,3758","132,114,5,513","132,210,2,2189"]|13:58:36:320
62|1.1|636136521034191253|0|50321.296875|13.71801409107|98.06781454113|-290023|5169||50321.296875|350||35025|347.75|50321.296875|750286|AXM503|0|2764|0|||3|3|0|1|1|132|114|["132,18,5,3758","132,114,5,513","132,210,2,2189"]|13:58:41:297
62|1.1|636136521084116245|0|50326.296875|13.70841716158|98.07140333142|-289646|4102||50326.296875|350||35006.25|347.75|50326.296875|750286|AXM503|0|2764|0|||3|3|0|1|1|132|114|["132,18,5,3758","132,114,5,513","132,210,2,2189"]|13:58:46:297
62|1.1|636136521134031236|0|50331.296875|13.69945859688|98.07422501108|-289352|3108||50331.296875|350||34993.75|347.75|50331.296875|750286|AXM503|0|2764|0|||3|3|0|1|1|132|5|["132,18,5,3758","132,114,5,513","132,210,2,2189"]|13:58:51:297
62|1.1|636136521183946227|0|50336.28125|13.69004405733|98.07866674256|-288883|2060||50336.28125|350||35000|347.75|50336.28125|750286|AXM503|0|2764|0|||3|3|0|1|1|132|114|["132,18,5,3758","132,114,5,513","132,210,2,2189"]|13:58:56:281
62|1.1|636136521233871219|0|50341.28125|13.68039348374|98.08270077888|-288458|987||50341.28125|350||35012.5|347.75|50341.28125|750286|AXM503|0|2764|0|||3|3|0|1|1|132|5|["132,18,5,3758","132,114,5,513","132,210,2,2189"]|13:59:01:281
62|1.1|636136521283796211|0|50346.2578125|13.67043177437|98.08505039046|-288216|-118||50346.2578125|350||35000|347.75|50346.2578125|750286|AXM503|0|2764|0|||3|3|0|1|1|132|114|["132,18,5,3758","132,114,5,513","132,210,2,2189"]|13:59:06:258
62|1.1|636136521330600891|0|50350.9375|13.66116207389|98.08834950261|-287870|-1148||50350.9375|350||35006.25|347.75|50350.9375|750286|AXM503|0|2764|0|||3|3|0|1|1|132|114|["132,18,5,3758","132,114,5,513","132,210,2,2189"]|13:59:10:938
62|1.1|636136521380525883|0|50355.9375|13.64978952469|98.09249619154|-287435|-2412||50355.9375|350||35006.25|347.75|50355.9375|750286|AXM503|0|2764|0|||3|3|0|1|1|132|114|["132,18,5,3758","132,114,5,513","132,210,2,2189"]|13:59:15:938
62|1.1|636136521430440874|0|50360.9375|13.63943621339|98.09620836326|-287046|-3562||50360.9375|350||35006.25|347.75|50360.9375|750286|AXM503|0|2764|0|||3|3|0|1|1|132|114|["132,18,5,3758","132,114,5,513","132,210,2,2189"]|13:59:20:938
62|1.1|636136521480365866|0|50365.921875|13.63043473341|98.09987225529|-286660|-4563||50365.921875|350||35000|347.75|50365.921875|750286|AXM503|0|2764|0|||3|3|0|1|1|132|114|["132,18,5,3758","132,114,5,513","132,210,2,2189"]|13:59:25:922
62|1.1|636136521530280857|0|50370.921875|13.62093972771|98.1036863508|-286259|-5618||50370.921875|350||35000|347.75|50370.921875|750286|AXM503|0|2764|0|||3|3|0|1|1|132|5|["132,18,5,3758","132,114,5,513","132,210,2,2189"]|13:59:30:922
62|1.1|636136521580205849|0|50375.8984375|13.6109565607|98.10746289544|-285862|-6728||50375.8984375|350||35006.25|347.75|50375.8984375|750286|AXM503|0|2764|0|||3|3|0|1|1|132|114|["132,18,5,3758","132,114,5,513","132,210,2,2189"]|13:59:35:898
62|1.1|636136521630130841|0|50380.8984375|13.59991124051|98.11178124549|-285408|-7956||50380.8984375|350||35006.25|347.75|50380.8984375|750286|AXM503|0|2764|0|||3|3|0|1|1|132|18|["132,18,5,3758","132,114,5,513","132,210,2,2189"]|13:59:40:898
62|1.1|636136521680045832|0|50385.8984375|13.59071664177|98.11554706131|-285011|-8978||50385.8984375|350||35000|347.75|50385.8984375|750286|AXM503|0|2764|0|||3|3|0|1|1|132|114|["132,18,5,3758","132,114,5,513","132,210,2,2189"]|13:59:45:898
62|1.1|636136521729970824|0|50390.875|13.58065837302|98.11938261446|-284608|-10096||50390.875|350||35006.25|347.75|50390.875|750286|AXM503|0|2764|0|||3|3|0|1|1|132|114|["132,18,5,3758","132,114,5,513","132,210,2,2189"]|13:59:50:875
62|1.1|636136521779895816|0|50395.875|13.57039625669|98.12323962525|-284202|-11236||50395.875|350||35006.25|347.75|50395.875|750286|AXM503|0|2764|0|||3|3|0|1|1|132|114|["132,18,5,3758","132,114,5,513","132,210,2,2189"]|13:59:55:875
62|1.1|636136521829660792|0|50400.859375|13.55936166532|98.12713418691|-283794|-12462||50400.859375|350||34993.75|347.75|50400.859375|750286|AXM503|0|2764|0|||3|3|0|1|1|132|114|["132,18,5,3758","132,114,5,513","132,210,2,2189"]|14:00:00:859
62|1.1|636136521879605786|0|50405.859375|13.54786573469|98.13143644373|-283342|-13739||50405.859375|350||34950|347.75|50405.859375|750286|AXM503|0|2764|0|||3|3|0|1|1|132|114|["132,18,5,3758","132,114,5,513","132,210,2,2189"]|14:00:05:859
62|1.1|636136521929500775|0|50410.859375|13.53914856844|98.13568505645|-282892|-14709||50410.859375|350||35000|347.75|50410.859375|750286|AXM503|0|2764|0|||3|3|0|1|1|132|114|["132,18,5,3758","132,114,5,513","132,210,2,2189"]|14:00:10:859
62|1.1|636136521979425767|0|50415.8359375|13.52889181652|98.13968690631|-282471|-15849||50415.8359375|350||34993.75|347.75|50415.8359375|750286|AXM503|0|2764|0|||3|3|0|1|1|132|114|["132,18,5,3758","132,114,5,513","132,210,2,2189"]|14:00:15:836
62|1.1|636136522029360760|0|50420.8359375|13.51872089516|98.14355464592|-282064|-16979||50420.8359375|350.25||34981.25|348|50420.8359375|750286|AXM503|0|2764|0|||3|3|0|1|1|132|114|["132,18,5,3758","132,114,5,513","132,210,2,2189"]|14:00:20:836
62|1.1|636136522079275751|0|50425.8203125|13.50933854207|98.14728291087|-281671|-18022||50425.8203125|350.5||35056.25|348|50425.8203125|750286|AXM503|0|2764|0|||3|3|0|1|1|132|114|["132,18,5,3758","132,114,5,513","132,210,2,2189"]|14:00:25:820
62|1.1|636136522129200743|0|50430.8203125|13.49864727294|98.15111309961|-281269|-19210||50430.8203125|351||35068.75|348.5|50430.8203125|750286|AXM503|0|2764|0|||3|3|0|1|1|132|114|["132,18,5,3758","132,114,5,513","132,210,2,2189"]|14:00:30:820
62|1.1|636136522179115734|0|50435.8203125|13.48770924095|98.1543800253|-280928|-20424||50435.8203125|351.5||35093.75|349|50435.8203125|750286|AXM503|0|2764|0|||3|3|0|1|1|132|18|["132,18,5,3758","132,114,5,513","132,210,2,2189"]|14:00:35:820
62|1.1|636136522229050727|0|50440.796875|13.47933003253|98.15330177889|-281055|-21350||50440.796875|352.25||35237.5|350.25|50440.796875|750286|AXM503|0|2764|631.25|||3|3|1|1|1|132|114|["132,18,5,3758","132,114,5,513","132,210,2,2189"]|14:00:40:797
62|1.1|636136522278955717|0|50445.796875|13.46936832316|98.15417617772|-280972|-22454||50445.796875|353||35300|351.25|50445.796875|750286|AXM503|0|2764|787.5|||3|3|1|1|1|132|114|["132,18,5,3758","132,114,5,513","132,210,2,2189"]|14:00:45:797
62|1.1|636136522328890710|0|50450.78125|13.45911157124|98.15514177152|-280879|-23590||50450.78125|353.75||35375|351.5|50450.78125|750286|AXM503|0|2764|806.25|||3|3|1|1|1|132|114|["132,18,5,3758","132,114,5,513","132,210,2,2189"]|14:00:50:781
62|1.1|636136522378795700|0|50455.78125|13.44874753112|98.15630048408|-280766|-24739||50455.78125|354.5||35456.25|352.5|50455.78125|750286|AXM503|0|2764|868.75|||3|3|1|1|1|132|114|["132,18,5,3758","132,114,5,513","132,210,2,2189"]|14:00:55:781
62|1.1|636136522428720692|0|50460.78125|13.43788996528|98.15716415409|-280685|-25941||50460.78125|355||35537.5|352.75|50460.78125|750286|AXM503|0|2764|868.75|||3|3|1|1|1|132|114|["132,18,5,3758","132,114,5,513","132,210,2,2189"]|14:01:00:781
62|1.1|636136522478645684|0|50465.7578125|13.42720942497|98.15817802758|-280588|-27125||50465.7578125|355.5||35581.25|353.75|50465.7578125|750286|AXM503|0|2764|806.25|||3|3|1|1|1|132|18|["132,18,5,3758","132,114,5,513","132,210,2,2189"]|14:01:05:758
62|1.1|636136522528570676|0|50470.7578125|13.41645378292|98.1593152825|-280477|-28317||50470.7578125|355.75||35631.25|354.25|50470.7578125|750286|AXM503|0|2764|706.25|||3|3|1|1|1|132|18|["132,18,5,3758","132,114,5,513","132,210,2,2189"]|14:01:10:758
62|1.1|636136522578485667|0|50475.7421875|13.40567668323|98.16038280009|-280374|-29511||50475.7421875|356.5||35693.75|354.5|50475.7421875|750286|AXM503|0|2764|587.5|||3|3|1|1|1|132|114|["132,18,5,3758","132,114,5,513","132,210,2,2189"]|14:01:15:742
62|1.1|636136522628410659|0|50480.7421875|13.39312932824|98.16166489408|-280250|-30901||50480.7421875|357.25||35775|355.25|50480.7421875|750286|AXM503|0|2764|612.5|||3|3|1|1|1|132|114|["132,18,5,3758","132,114,5,513","132,210,2,2189"]|14:01:20:742
62|1.1|636136522678325650|0|50485.7421875|13.38160657556|98.16288261515|-280131|-32178||50485.7421875|358||35837.5|355.75|50485.7421875|750286|AXM503|0|2764|706.25|||3|3|1|1|1|132|114|["132,18,5,3758","132,114,5,513","132,210,2,2189"]|14:01:25:742
62|1.1|636136522728250642|0|50490.71875|13.37278748552|98.16393403951|-280028|-33155||50490.71875|359.5||35931.25|357.25|50490.71875|750286|AXM503|0|2764|925|||3|3|1|1|1|132|5|["132,18,5,3758","132,114,5,513","132,210,2,2189"]|14:01:30:719
62|1.1|636136522778195636|0|50495.71875|13.36209085198|98.16506056561|-279918|-34340||50495.71875|360.5||36012.5|358.25|50495.71875|750286|AXM503|0|2764|1218.75|||3|3|1|1|1|132|5|["132,18,5,3758","132,114,5,513","132,210,2,2189"]|14:01:35:719
62|1.1|636136522828120628|0|50500.6953125|13.35130838788|98.1661817273|-279809|-35535||50500.6953125|361.75||36100|359.5|50500.6953125|750286|AXM503|0|2764|1475|||3|3|1|1|1|132|5|["132,18,5,3758","132,114,5,513","132,210,2,2189"]|14:01:40:695
62|1.1|636136522878015617|0|50505.6953125|13.34051519496|98.1673082534|-279700|-36731||50505.6953125|362.5||36181.25|360.75|50505.6953125|750286|AXM503|0|2764|1456.25|||3|3|1|1|1|132|5|["132,18,5,3758","132,114,5,513","132,210,2,2189"]|14:01:45:695
62|1.1|636136522927940609|0|50510.6953125|13.32886369644|98.16844014391|-279590|-38022||50510.6953125|363.5||36281.25|361.75|50510.6953125|750286|AXM503|0|2764|1400|||3|3|1|1|1|132|114|["132,18,5,3758","132,114,5,513","132,210,2,2189"]|14:01:50:695
62|1.1|636136522977855600|0|50515.6796875|13.31984612323|98.16968468703|-279466|-39021||50515.6796875|364.75||36487.5|362.75|50515.6796875|750286|AXM503|0|2764|1337.5|||3|3|1|1|1|132|5|["132,18,5,3758","132,114,5,513","132,210,2,2189"]|14:01:55:680
62|1.1|636136523027780592|0|50520.6796875|13.30874715894|98.17081121313|-279357|-40251||50520.6796875|365.5||36612.5|363.75|50520.6796875|750286|AXM503|0|2764|1237.5|||3|3|1|1|1|132|114|["132,18,5,3758","132,114,5,513","132,210,2,2189"]|14:02:00:680
62|1.1|636136523077705584|0|50525.65625|13.29704738073|98.17198065451|-279244|-41547||50525.65625|366.5||36718.75|364.5|50525.65625|750286|AXM503|0|2764|1200|||3|3|1|1|1|132|114|["132,18,5,3758","132,114,5,513","132,210,2,2189"]|14:02:05:656
62|1.1|636136523127620575|0|50530.65625|13.28519739904|98.17330029937|-279115|-42860||50530.65625|367.5||36812.5|365.5|50530.65625|750286|AXM503|0|2764|1200|||3|3|1|1|1|132|114|["132,18,5,3758","132,114,5,513","132,210,2,2189"]|14:02:10:656
62|1.1|636136523177545567|0|50535.65625|13.27352444288|98.17470577479|-278976|-44154||50535.65625|368.25||36887.5|366.5|50535.65625|750286|AXM503|0|2764|1143.75|||3|3|1|1|1|132|114|["132,18,5,3758","132,114,5,513","132,210,2,2189"]|14:02:15:656
62|1.1|636136523227460558|0|50540.640625|13.26225918188|98.17584839412|-278865|-45402||50540.640625|368.75||36956.25|367.25|50540.640625|750286|AXM503|0|2764|1125|||3|3|1|1|1|132|18|["132,18,5,3758","132,114,5,513","132,210,2,2189"]|14:02:20:641
62|1.1|636136523277385550|0|50545.640625|13.25372440557|98.17690518289|-278760|-46348||50545.640625|369.5||37025|367.75|50545.640625|750286|AXM503|0|2764|906.25|||3|3|1|1|1|132|114|["132,18,5,3758","132,114,5,513","132,210,2,2189"]|14:02:25:641
62|1.1|636136523327310542|0|50550.6171875|13.24297412793|98.17797806489|-278656|-47539||50550.6171875|369.75||37087.5|368.25|50550.6171875|750286|AXM503|0|2764|706.25|||3|3|1|1|1|132|114|["132,18,5,3758","132,114,5,513","132,210,2,2189"]|14:02:30:617
62|1.1|636136523377235534|0|50555.6171875|13.23165522283|98.17930843857|-278525|-48793||50555.6171875|370||37125|368.25|50555.6171875|750286|AXM503|0|2764|450|||3|3|1|1|1|132|114|["132,18,5,3758","132,114,5,513","132,210,2,2189"]|14:02:35:617
62|1.1|636136523427160526|0|50560.6171875|13.22067963997|98.18054761728|-278404|-50009||50560.6171875|370||37118.75|368.25|50560.6171875|750286|AXM503|0|2764|312.5|||3|3|1|1|1|132|114|["132,18,5,3758","132,114,5,513","132,210,2,2189"]|14:02:40:617
62|1.1|636136523477085518|0|50565.6015625|13.20977915885|98.18193163506|-278266|-51217||50565.6015625|370||37100|368.25|50565.6015625|750286|AXM503|0|2764|312.5|||3|3|1|1|1|132|114|["132,18,5,3758","132,114,5,513","132,210,2,2189"]|14:02:45:602
62|1.1|636136523527010510|0|50570.6015625|13.19864264369|98.18341221222|-278118|-52451||50570.6015625|370||37068.75|367.75|50570.6015625|750286|AXM503|0|2764|0|||3|3|0|1|1|132|114|["132,18,5,3758","132,114,5,513","132,210,2,2189"]|14:02:50:602
62|1.1|636136523576915500|0|50575.578125|13.18806402717|98.18458701801|-278003|-53624||50575.578125|370||37025|367.75|50575.578125|750286|AXM503|0|2764|0|||3|3|0|1|1|132|114|["132,18,5,3758","132,114,5,513","132,210,2,2189"]|14:02:55:578
62|1.1|636136523626840492|0|50580.578125|13.17733520717|98.18577791703|-277886|-54813||50580.578125|370||36981.25|367.75|50580.578125|750286|AXM503|0|2764|0|||3|3|0|1|1|132|114|["132,18,5,3758","132,114,5,513","132,210,2,2189"]|14:03:00:578
62|1.1|636136523676765484|0|50585.578125|13.16636498872|98.18680251934|-277788|-56028||50585.578125|370||36962.5|367.75|50585.578125|750286|AXM503|0|2764|0|||3|3|0|1|1|132|83|["132,18,5,3758","132,114,5,513","132,210,2,2189"]|14:03:05:578
62|1.1|636136523726680475|0|50590.5625|13.15574882133|98.18783248606|-277688|-57204||50590.5625|370||36931.25|367.75|50590.5625|750286|AXM503|0|2764|0|||3|3|0|1|1|132|114|["132,18,5,3758","132,114,5,513","132,210,2,2189"]|14:03:10:563
62|1.1|636136523776605467|0|50595.5625|13.14431726362|98.18927551235|-277545|-58471||50595.5625|370||36937.5|367.75|50595.5625|750286|AXM503|0|2764|0|||3|3|0|1|1|132|114|["132,18,5,3758","132,114,5,513","132,210,2,2189"]|14:03:15:563
62|1.1|636136523826530459|0|50600.5390625|13.13389421499|98.18960274136|-277521|-59625||50600.5390625|370.25||36925|368|50600.5390625|750286|AXM503|0|2764|0|||3|3|0|1|1|132|5|["132,18,5,3758","132,114,5,513","132,210,2,2189"]|14:03:20:539
62|1.1|636136523876455451|0|50605.5390625|13.12321367468|98.18968857192|-277524|-60807||50605.5390625|370.25||36925|368|50605.5390625|750286|AXM503|0|2764|0|||3|3|0|1|1|132|18|["132,18,5,3758","132,114,5,513","132,210,2,2189"]|14:03:25:539
62|1.1|636136523926370442|0|50610.5390625|13.11227027828|98.1894632667|-277561|-62018||50610.5390625|370||36925|368|50610.5390625|750286|AXM503|0|2764|0|||3|3|0|1|1|132|18|["132,18,5,3758","132,114,5,513","132,210,2,2189"]|14:03:30:539
62|1.1|636136523976295434|0|50615.515625|13.10185259406|98.18864787638|-277662|-63170||50615.515625|370||36925|367.75|50615.515625|750286|AXM503|0|2764|0|||3|3|0|1|1|132|18|["132,18,5,3758","132,114,5,513","132,210,2,2189"]|14:03:35:516
62|1.1|636136524026210425|0|50620.515625|13.09145636748|98.18786467252|-277758|-64320||50620.515625|370||36918.75|367.75|50620.515625|750286|AXM503|0|2764|0|||3|3|0|1|1|132|18|["132,18,5,3758","132,114,5,513","132,210,2,2189"]|14:03:40:516
62|1.1|636136524076135417|0|50625.5|13.08084020009|98.18756426556|-277803|-65495||50625.5|370||36912.5|367.75|50625.5|750286|AXM503|0|2764|0|||3|3|0|1|1|132|18|["132,18,5,3758","132,114,5,513","132,210,2,2189"]|14:03:45:500
62|1.1|636136524126050408|0|50630.5|13.07055126171|98.18725312978|-277849|-66633||50630.5|370||36918.75|367.75|50630.5|750286|AXM503|0|2764|0|||3|3|0|1|1|132|18|["132,18,5,3758","132,210,2,2189"]|14:03:50:500
62|1.1|636136524175975400|0|50635.5|13.06002628929|98.18733896034|-277851|-67798||50635.5|370||36918.75|367.75|50635.5|750286|AXM503|0|2764|0|||3|3|0|1|1|132|18|["132,18,5,3758","132,210,2,2189"]|14:03:55:500
62|1.1|636136524225900392|0|50640.4765625|13.05474770985|98.18706537543|-277887|-68382||50640.4765625|370||37012.5|367.75|50640.4765625|750286|AXM503|0|2764|0|||3|3|0|1|1|132|18|["132,18,5,3758","132,210,2,2189"]|14:04:00:477
62|1.1|636136524275815383|0|50645.4765625|13.0438311355|98.18718339245|-277887|-69590||50645.4765625|370||37018.75|367.75|50645.4765625|750286|AXM503|0|2764|0|||3|3|0|1|1|132|18|["132,18,5,3758","132,210,2,2189"]|14:04:05:477
62|1.1|636136524325740375|0|50650.4609375|13.03371385824|98.18736578239|-277878|-70710||50650.4609375|370||37012.5|367.75|50650.4609375|750286|AXM503|0|2764|0|||3|3|0|1|1|132|18|["132,18,5,3758","132,210,2,2189"]|14:04:10:461
62|1.1|636136524375665367|0|50655.4609375|13.02385407266|98.18751062146|-277874|-71802||50655.4609375|370||37006.25|367.75|50655.4609375|750286|AXM503|0|2764|0|||3|3|0|1|1|132|5|["132,18,5,3758","132,210,2,2189"]|14:04:15:461
62|1.1|636136524425580358|0|50660.4609375|13.01355440546|98.18762863848|-277873|-72942||50660.4609375|370||37006.25|367.75|50660.4609375|750286|AXM503|0|2764|0|||3|3|0|1|1|132|18|["132,18,5,3758","132,210,2,2189"]|14:04:20:461
62|1.1|636136524475505350|0|50665.4375|13.00312599242|98.18775738432|-277871|-74097||50665.4375|370||37006.25|367.75|50665.4375|750286|AXM503|0|2764|0|||3|3|0|1|1|132|18|["132,18,5,3758","132,210,2,2189"]|14:04:25:438
62|1.1|636136524525430342|0|50670.4375|12.99070201886|98.1879612319|-277863|-75472||50670.4375|370||37000|367.75|50670.4375|750286|AXM503|0|2764|0|||3|3|0|1|1|132|18|["132,18,5,3758","132,210,2,2189"]|14:04:30:438
62|1.1|636136524575365335|0|50675.421875|12.98048281781|98.18807924892|-277862|-76603||50675.421875|370||37006.25|367.75|50675.421875|750286|AXM503|0|2764|0|||3|3|0|1|1|132|18|["132,18,5,3758","132,210,2,2189"]|14:04:35:422
62|1.1|636136524625270325|0|50680.421875|12.97046209993|98.18821335917|-277859|-77712||50680.421875|370||37006.25|367.75|50680.421875|750286|AXM503|0|2764|0|||3|3|0|1|1|132|18|["132,18,5,3758","132,210,2,2189"]|14:04:40:422
62|1.1|636136524675195317|0|50685.421875|12.96000686484|98.18830455414|-277861|-78870||50685.421875|370||37006.25|367.75|50685.421875|750286|AXM503|0|2764|0|||3|3|0|1|1|132|5|["132,18,5,3758","132,210,2,2189"]|14:04:45:422
62|1.1|636136524725120309|0|50690.3984375|12.94987349435|98.18850303731|-277851|-79991||50690.3984375|370||37000|367.75|50690.3984375|750286|AXM503|0|2764|0|||3|3|0|1|1|132|83|["132,18,5,3758","132,210,2,2189"]|14:04:50:398
62|1.1|636136524775045301|0|50695.3984375|12.93945581013|98.18875516458|-277835|-81145||50695.3984375|370||37006.25|367.75|50695.3984375|750286|AXM503|0|2764|0|||3|3|0|1|1|132|18|["132,18,5,3758","132,210,2,2189"]|14:04:55:398
62|1.1|636136524824960292|0|50700.375|12.92816372708|98.18907166477|-277814|-82395||50700.375|370||37006.25|367.75|50700.375|750286|AXM503|0|2764|0|||3|3|0|1|1|132|18|["132,18,5,3758","132,210,2,2189"]|14:05:00:375
62|1.1|636136524874875283|0|50705.375|12.91796598367|98.1904288605|-277678|-83525||50705.375|370||37006.25|367.75|50705.375|750286|AXM503|0|2764|0|||3|3|0|1|1|132|18|["132,18,5,3758","132,210,2,2189"]|14:05:05:375
62|1.1|636136524924800275|0|50710.375|12.90787016405|98.19355094712|-277351|-84646||50710.375|370||37000|367.75|50710.375|750286|AXM503|0|2764|0|||3|3|0|1|1|132|83|["132,18,5,3758","132,210,2,2189"]|14:05:10:375
62|1.1|636136524974725267|0|50715.359375|12.89681947945|98.19689833896|-277000|-85873||50715.359375|370||36993.75|367.75|50715.359375|750286|AXM503|0|2764|0|||3|3|0|1|1|132|18|["132,18,5,3758","132,210,2,2189"]|14:05:15:359
62|1.1|636136525024640258|0|50720.359375|12.88647153256|98.20015453583|-276658|-87022||50720.359375|370||36968.75|367.75|50720.359375|750286|AXM503|0|2764|0|||3|3|0|1|1|132|18|["132,18,5,3758","132,210,2,2189"]|14:05:20:359
62|1.1|636136525074565250|0|50725.3359375|12.87680486574|98.20440851296|-276207|-88096||50725.3359375|370||36993.75|367.75|50725.3359375|750286|AXM503|0|2764|0|||3|3|0|1|1|132|18|["132,18,5,3758","132,210,2,2189"]|14:05:25:336
62|1.1|636136525124490242|0|50730.3359375|12.86672513935|98.20792220151|-275837|-89216||50730.3359375|370||36987.5|367.75|50730.3359375|750286|AXM503|0|2764|0|||3|3|0|1|1|132|18|["132,18,5,3758","132,210,2,2189"]|14:05:30:336
62|1.1|636136525174405233|0|50735.3359375|12.85674197234|98.21337244207|-275256|-90327||50735.3359375|370||37000|367.75|50735.3359375|750286|AXM503|0|2764|0|||3|3|0|1|1|132|18|["132,18,5,3758","132,210,2,2189"]|14:05:35:336
62|1.1|636136525224330225|0|50740.3203125|12.84803553491|98.22034617507|-274509|-91298||50740.3203125|370||37006.25|367.75|50740.3203125|750286|AXM503|0|2764|0|||3|3|0|1|1|132|18|["132,18,5,3758","132,210,2,2189"]|14:05:40:320
62|1.1|636136525274255217|0|50745.3203125|12.83932909748|98.22694976378|-273801|-92269||50745.3203125|370||37006.25|367.75|50745.3203125|750286|AXM503|0|2764|0|||3|3|0|1|1|132|18|["132,18,5,3758","132,210,2,2189"]|14:05:45:320
62|1.1|636136525324170208|0|50750.296875|12.83108399931|98.23398250529|-273046|-93189||50750.296875|370.25||37025|368|50750.296875|750286|AXM503|0|2764|0|||3|3|0|1|1|132|18|["132,18,5,3758","132,210,2,2189"]|14:05:50:297
62|1.1|636136525374095200|0|50755.296875|12.82368111351|98.24200229824|-272184|-94017||50755.296875|370.25||37031.25|368|50755.296875|750286|AXM503|0|2764|0|||3|3|0|1|1|132|18|["132,18,5,3758","132,210,2,2189"]|14:05:55:297
62|1.1|636136525424020192|0|50760.296875|12.81678784666|98.24889020068|-271444|-94788||50760.296875|370.25||37031.25|368|50760.296875|750286|AXM503|0|2764|0|||3|3|0|1|1|132|18|["132,18,5,3758","132,210,2,2189"]|14:06:00:297
62|1.1|636136525473935183|0|50765.28125|12.8095137067|98.25768246867|-270496|-95602||50765.28125|370.25||37037.5|368|50765.28125|750286|AXM503|0|2764|0|||3|3|0|1|1|132|83|["132,18,5,3758","132,210,2,2189"]|14:06:05:281
62|1.1|636136525523860175|0|50770.28125|12.80196061742|98.26559497342|-269645|-96447||50770.28125|370.25||37037.5|368|50770.28125|750286|AXM503|0|2764|0|||3|3|0|1|1|132|18|["132,18,5,3758","132,210,2,2189"]|14:06:10:281
62|1.1|636136525573785167|0|50775.2578125|12.79461137572|98.27359867314|-268784|-97269||50775.2578125|370.25||37037.5|368|50775.2578125|750286|AXM503|0|2764|0|||3|3|0|1|1|132|18|["132,18,5,3758","132,210,2,2189"]|14:06:15:258
62|1.1|636136525623700158|0|50780.2578125|12.78805070229|98.28089963515|-267998|-98003||50780.2578125|370.25||37031.25|367.75|50780.2578125|750286|AXM503|0|2764|0|||3|3|0|1|1|132|18|["132,18,5,3758","132,210,2,2189"]|14:06:20:258
62|1.1|636136525673625150|0|50785.2578125|12.78144174917|98.28844736002|-267185|-98742||50785.2578125|370.25||37025|368|50785.2578125|750286|AXM503|0|2764|0|||3|3|0|1|1|132|5|["132,18,5,3758","132,210,2,2189"]|14:06:25:258
62|1.1|636136525723550142|0|50790.2421875|12.77438218561|98.29610237309|-266361|-99532||50790.2421875|370.25||37025|368|50790.2421875|750286|AXM503|0|2764|0|||3|3|0|1|1|132|18|["132,18,5,3758","132,210,2,2189"]|14:06:30:242
62|1.1|636136525773475134|0|50795.2421875|12.76714559652|98.30389149641|-265523|-100341||50795.2421875|370.25||37031.25|368|50795.2421875|750286|AXM503|0|2764|0|||3|3|0|1|1|132|18|["132,18,5,3758","132,210,2,2189"]|14:06:35:242
62|1.1|636136525823390125|0|50800.21875|12.75916871885|98.3124155439|-264606|-101233||50800.21875|370.25||37031.25|368|50800.21875|750286|AXM503|0|2764|0|||3|3|0|1|1|132|18|["132,18,5,3758","132,210,2,2189"]|14:06:40:219
62|1.1|636136525873325118|0|50805.21875|12.75119720559|98.32092349816|-263690|-102124||50805.21875|370||37037.5|368|50805.21875|750286|AXM503|0|2764|0|||3|3|0|1|1|132|18|["132,18,5,3758","132,210,2,2189"]|14:06:45:219
62|1.1|636136525923240109|0|50810.21875|12.74336516699|98.32928661335|-262790|-103000||50810.21875|370||37031.25|368|50810.21875|750286|AXM503|0|2764|0|||3|3|0|1|1|132|18|["132,18,5,3758","132,210,2,2189"]|14:06:50:219
62|1.1|636136525973155100|0|50815.1953125|12.73571015392|98.33736541481|-261920|-103856||50815.1953125|370||37012.5|367.75|50815.1953125|750286|AXM503|0|2764|0|||3|3|0|1|1|132|18|["132,18,5,3758","132,210,2,2189"]|14:06:55:195
62|1.1|636136526023080092|0|50820.1953125|12.72823216638|98.3452457331|-261072|-104692||50820.1953125|370||37000|367.75|50820.1953125|750286|AXM503|0|2764|0|||3|3|0|1|1|132|18|["132,18,5,3758","132,210,2,2189"]|14:07:00:195
62|1.1|636136526073005084|0|50825.1796875|12.72081855176|98.35301339878|-260236|-105520||50825.1796875|370||36993.75|367.75|50825.1796875|750286|AXM503|0|2764|0|||3|3|0|1|1|132|18|["132,18,5,3758","132,210,2,2189"]|14:07:05:180
62|1.1|636136526122930076|0|50830.1796875|12.71361414913|98.36067914067|-259411|-106326||50830.1796875|370||37000|367.75|50830.1796875|750286|AXM503|0|2764|0|||3|3|0|1|1|132|18|["132,18,5,3758","132,210,2,2189"]|14:07:10:180
62|1.1|636136526172845067|0|50835.1796875|12.7068388993|98.36784062802|-258640|-107083||50835.1796875|370||37000|367.75|50835.1796875|750286|AXM503|0|2764|0|||3|3|0|1|1|132|18|["132,18,5,3758","132,210,2,2189"]|14:07:15:180
62|1.1|636136526222770059|0|50840.15625|12.69970959841|98.3753937173|-257826|-107880||50840.15625|370||37000|367.75|50840.15625|750286|AXM503|0|2764|0|||3|3|0|1|1|132|5|["132,18,5,3758","132,210,2,2189"]|14:07:20:156
62|1.1|636136526272695051|0|50845.15625|12.69214578031|98.38342423907|-256962|-108725||50845.15625|370||37006.25|367.75|50845.15625|750286|AXM503|0|2764|0|||3|3|0|1|1|132|18|["132,18,5,3758","132,210,2,2189"]|14:07:25:156
62|1.1|636136526322620043|0|50850.140625|12.68526324228|98.39067692139|-256181|-109494||50850.140625|370||37000|367.75|50850.140625|750286|AXM503|0|2764|0|||3|3|0|1|1|132|18|["132,18,5,3758","132,210,2,2189"]|14:07:30:141
62|1.1|636136526372535034|0|50855.140625|12.67800519555|98.39833193446|-255357|-110305||50855.140625|370||37006.25|367.75|50855.140625|750286|AXM503|0|2764|0|||3|3|0|1|1|132|18|["132,18,5,3758","132,210,2,2189"]|14:07:35:141
62|1.1|636136526422450025|0|50860.140625|12.67074178441|98.40598158312|-254533|-111117||50860.140625|370||37006.25|367.75|50860.140625|750286|AXM503|0|2764|0|||3|3|0|1|1|132|18|["132,18,5,3758","132,210,2,2189"]|14:07:40:141
62|1.1|636136526472375017|0|50865.1171875|12.66332280538|98.41368487588|-253703|-111946||50865.1171875|370||37006.25|367.75|50865.1171875|750286|AXM503|0|2764|0|||3|3|0|1|1|132|18|["132,18,5,3758","132,210,2,2189"]|14:07:45:117
62|1.1|636136526522290008|0|50870.1171875|12.65552831765|98.42162420268|-252849|-112816||50870.1171875|370||36987.5|367.75|50870.1171875|750286|AXM503|0|2764|0|||3|3|0|1|1|132|18|["132,18,5,3758","132,210,2,2189"]|14:07:50:117
62|1.1|636136526572215000|0|50875.1015625|12.64903201714|98.42907000376|-252046|-113543||50875.1015625|370||37000|367.75|50875.1015625|750286|AXM503|0|2764|0|||3|3|0|1|1|132|5|["132,18,5,3758","132,210,2,2189"]|14:07:55:102
62|1.1|636136526622139992|0|50880.1015625|12.64174714836|98.43682694062|-251210|-114357||50880.1015625|370||37000|367.75|50880.1015625|750286|AXM503|0|2764|0|||3|3|0|1|1|132|18|["132,18,5,3758","132,210,2,2189"]|14:08:00:102
62|1.1|636136526672054983|0|50885.1015625|12.63439790666|98.44462679276|-250370|-115178||50885.1015625|370||37000|367.75|50885.1015625|750286|AXM503|0|2764|0|||3|3|0|1|1|132|18|["132,18,5,3758","132,210,2,2189"]|14:08:05:102
62|1.1|636136526721989976|0|50890.078125|12.62702184291|98.45241591608|-249531|-116002||50890.078125|370||37000|367.75|50890.078125|750286|AXM503|0|2764|0|||3|3|0|1|1|132|18|["132,18,5,3758","132,210,2,2189"]|14:08:10:078
62|1.1|636136526771904967|0|50895.078125|12.61967796562|98.46022649704|-248689|-116823||50895.078125|370||37006.25|367.75|50895.078125|750286|AXM503|0|2764|0|||3|3|0|1|1|132|18|["132,18,5,3758","132,210,2,2189"]|14:08:15:078
62|1.1|636136526821819958|0|50900.0625|12.61153479124|98.46889001919|-247756|-117732||50900.0625|370||37006.25|367.75|50900.0625|750286|AXM503|0|2764|0|||3|3|0|1|1|132|18|["132,18,5,3758","132,210,2,2189"]|14:08:20:063
62|1.1|636136526871744950|0|50905.0625|12.60385832053|98.47700100711|-246882|-118590||50905.0625|370||37006.25|367.75|50905.0625|750286|AXM503|0|2764|0|||3|3|0|1|1|132|18|["132,18,5,3758","132,210,2,2189"]|14:08:25:063
62|1.1|636136526921669942|0|50910.0625|12.59613893454|98.48504762211|-246015|-119452||50910.0625|370||37006.25|367.75|50910.0625|750286|AXM503|0|2764|0|||3|3|0|1|1|132|18|["132,18,5,3758","132,210,2,2189"]|14:08:30:063
62|1.1|636136526971594934|0|50915.0390625|12.5887145911|98.49268654195|-245192|-120281||50915.0390625|370||37000|367.75|50915.0390625|750286|AXM503|0|2764|0|||3|3|0|1|1|132|18|["132,18,5,3758","132,210,2,2189"]|14:08:35:039
62|1.1|636136527021509925|0|50920.0390625|12.58245432463|98.49957444439|-244449|-120981||50920.0390625|370||37000|367.75|50920.0390625|750286|AXM503|0|2764|0|||3|3|0|1|1|132|18|["132,18,5,3758","132,210,2,2189"]|14:08:40:039
62|1.1|636136527071434917|0|50925.015625|12.57540548989|98.50710071162|-243638|-121768||50925.015625|370||37006.25|367.75|50925.015625|750286|AXM503|0|2764|0|||3|3|0|1|1|132|18|["132,18,5,3758","132,210,2,2189"]|14:08:45:016
62|1.1|636136527121359909|0|50930.015625|12.56814207875|98.51482009761|-242806|-122579||50930.015625|370||37000|367.75|50930.015625|750286|AXM503|0|2764|0|||3|3|0|1|1|132|18|["132,18,5,3758","132,210,2,2189"]|14:08:50:016
62|1.1|636136527171274900|0|50935.015625|12.56081429469|98.52256630565|-241971|-123398||50935.015625|370||37006.25|367.75|50935.015625|750286|AXM503|0|2764|0|||3|3|0|1|1|132|18|["132,18,5,3758","132,210,2,2189"]|14:08:55:016
62|1.1|636136527221199892|0|50940|12.55350260386|98.53033397133|-241134|-124215||50940|370||37000|367.75|50940|750286|AXM503|0|2764|0|||3|3|0|1|1|132|18|["132,18,5,3758","132,210,2,2189"]|14:09:00:000
62|1.1|636136527271124884|0|50945|12.54530578538|98.53901358671|-240198|-125130||50945|370||37000|367.75|50945|750286|AXM503|0|2764|0|||3|3|0|1|1|132|18|["132,18,5,3758","132,210,2,2189"]|14:09:05:000
62|1.1|636136527321039875|0|50949.9765625|12.53775806051|98.54698509997|-239339|-125973||50949.9765625|370||37006.25|367.75|50949.9765625|750286|AXM503|0|2764|0|||3|3|0|1|1|132|18|["132,18,5,3758","132,210,2,2189"]|14:09:09:977
62|1.1|636136527370974868|0|50954.9765625|12.53006549657|98.55496197764|-238479|-126832||50954.9765625|370||37006.25|367.75|50954.9765625|750286|AXM503|0|2764|0|||3|3|0|1|1|132|18|["132,18,5,3758","132,210,2,2189"]|14:09:14:977
62|1.1|636136527420899860|0|50959.9765625|12.52227100884|98.56285838916|-237628|-127702||50959.9765625|370||37000|367.75|50959.9765625|750286|AXM503|0|2764|0|||3|3|0|1|1|132|18|["132,18,5,3758","132,210,2,2189"]|14:09:19:977
62|1.1|636136527470814851|0|50964.9609375|12.51419757179|98.57095864826|-236755|-128603||50964.9609375|370||36987.5|367.75|50964.9609375|750286|AXM503|0|2764|0|||3|3|0|1|1|132|18|["132,18,5,3758","132,210,2,2189"]|14:09:24:961
62|1.1|636136527520739843|0|50969.9609375|12.5053516597|98.57968117892|-235815|-129590||50969.9609375|370||36975|367.75|50969.9609375|750286|AXM503|0|2764|0|||3|3|0|1|1|132|18|["132,18,5,3758","132,210,2,2189"]|14:09:29:961
62|1.1|636136527570654834|0|50974.9375|12.49767518899|98.58764196336|-234956|-130447||50974.9375|370||36962.5|367.75|50974.9375|750286|AXM503|0|2764|0|||3|3|0|1|1|132|18|["132,18,5,3758","132,210,2,2189"]|14:09:34:938
62|1.1|636136527620569825|0|50979.9375|12.49361433062|98.59351599231|-234321|-130902||50979.9375|370||36993.75|367.75|50979.9375|750286|AXM503|0|2764|0|||3|3|0|1|1|132|5|["132,18,5,3758","132,210,2,2189"]|14:09:39:938
62|1.1|636136527670494817|0|50984.9375|12.48633482625|98.60125147153|-233487|-131715||50984.9375|370||37000|367.75|50984.9375|750286|AXM503|0|2764|0|||3|3|0|1|1|132|18|["132,18,5,3758","132,210,2,2189"]|14:09:44:938
62|1.1|636136527720409808|0|50989.921875|12.47897485573|98.60897622193|-232654|-132536||50989.921875|370||37000|367.75|50989.921875|750286|AXM503|0|2764|0|||3|3|0|1|1|132|18|["132,18,5,3758","132,210,2,2189"]|14:09:49:922
62|1.1|636136527770334800|0|50994.921875|12.4716631649|98.61665805705|-231825|-133353||50994.921875|370||37000|367.75|50994.921875|750286|AXM503|0|2764|0|||3|3|0|1|1|132|18|["132,18,5,3758","132,210,2,2189"]|14:09:54:922
62|1.1|636136527820269793|0|50999.8984375|12.46409398239|98.62439890068|-230991|-134198||50999.8984375|370||36987.5|367.75|50999.8984375|750286|AXM503|0|2764|0|||3|3|0|1|1|132|18|["132,18,5,3758","132,210,2,2189"]|14:09:59:898
62|1.1|636136527870184784|0|51004.8984375|12.45709342734|98.63180178648|-230192|-134979||51004.8984375|370||36975|367.75|51004.8984375|750286|AXM503|0|2764|0|||3|3|0|1|1|132|18|["132,18,5,3758","132,210,2,2189"]|14:10:04:898
62|1.1|636136527920099775|0|51009.8984375|12.44976564328|98.6395372657|-229357|-135797||51009.8984375|370||36975|367.75|51009.8984375|750286|AXM503|0|2764|0|||3|3|0|1|1|132|210|["132,18,5,3758","132,210,2,2189"]|14:10:09:898
62|1.1|636136527970024767|0|51014.875|12.44164392654|98.6486567627|-228373|-136704||51014.875|370||37006.25|367.75|51014.875|750286|AXM503|0|2764|0|||3|3|0|1|1|132|18|["132,18,5,3758","132,210,2,2189"]|14:10:14:875
62|1.1|636136528019949759|0|51019.875|12.434165939|98.65628495372|-227550|-137539||51019.875|370||37006.25|367.75|51019.875|750286|AXM503|0|2764|0|||3|3|0|1|1|132|18|["132,18,5,3758","132,210,2,2189","132,82,5"]|14:10:19:875
62|1.1|636136528069864750|0|51024.859375|12.42676841761|98.66369320393|-226751|-138364||51024.859375|370||37006.25|367.75|51024.859375|750286|AXM503|0|2764|0|||3|3|0|1|1|132|210|["132,18,5,3758","132,210,2,2189","132,82,5"]|14:10:24:859
62|1.1|636136528119789742|0|51029.859375|12.42048132909|98.67072058103|-225992|-139066||51029.859375|370||37000|367.75|51029.859375|750286|AXM503|0|2764|0|||3|3|0|1|1|132|210|["132,18,5,3758","132,210,2,2189","132,82,5"]|14:10:29:859
62|1.1|636136528169714734|0|51034.859375|12.41314818062|98.67815028888|-225191|-139884||51034.859375|370||36993.75|367.75|51034.859375|750286|AXM503|0|2764|0|||3|3|0|1|1|132|210|["132,18,5,3758","132,210,2,2189","132,82,5"]|14:10:34:859
62|1.1|636136528219629725|0|51039.8359375|12.40531077761|98.68610570891|-224332|-140758||51039.8359375|370||36981.25|367.5|51039.8359375|750286|AXM503|0|2764|0|||3|3|0|1|1|132|18|["132,18,5,3758","132,210,2,2189","132,82,5"]|14:10:39:836
62|1.1|636136528269554717|0|51044.8359375|12.39789716299|98.69347640825|-223537|-141586||51044.8359375|370||36956.25|367.75|51044.8359375|750286|AXM503|0|2764|0|||3|3|0|1|1|132|210|["132,18,5,3758","132,210,2,2189","132,82,5"]|14:10:44:836
62|1.1|636136528319479709|0|51049.8203125|12.39018850582|98.70279438842|-222531|-142447||51049.8203125|370||37006.25|367.75|51049.8203125|750286|AXM503|0|2764|0|||3|3|0|1|1|132|210|["132,18,5,3758","132,210,2,2189","132,82,5"]|14:10:49:820
62|1.1|636136528369394700|0|51054.8203125|12.38264078095|98.71049231677|-221700|-143289||51054.8203125|370||37012.5|367.75|51054.8203125|750286|AXM503|0|2764|0|||3|3|0|1|1|132|83|["132,18,5,3758","132,210,2,2189","132,82,5"]|14:10:54:820
62|1.1|636136528419319692|0|51059.8203125|12.3752110731|98.7187159573|-220812|-144118||51059.8203125|370||37012.5|367.75|51059.8203125|750286|AXM503|0|2764|0|||3|3|0|1|1|132|210|["132,18,5,3758","132,210,2,2189","132,82,5"]|14:10:59:820
62|1.1|636136528469244684|0|51064.796875|12.36782428053|98.7267625723|-219943|-144943||51064.796875|370||37006.25|367.75|51064.796875|750286|AXM503|0|2764|0|||3|3|0|1|1|132|210|["132,18,5,3758","132,210,2,2189","132,82,5"]|14:11:04:797
