62|1.1|636136510301188060|0|49248.015625|14.39784040596|108.78804075631|868199|93579||49248.015625|390||38893.75|390.25|49248.015625|7503ae|XAX330|0|2522|0|||3|3|0|1|1|132|162|["132,162,5"]|13:40:48:016
62|1.1|636136510351113052|0|49253.015625|14.41018927778|108.79199969089|868581|94966||49253.015625|390||38862.5|390|49253.015625|7503ae|XAX330|0|2522|0|||3|3|0|1|1|132|162|["132,162,5"]|13:40:53:016
62|1.1|636136510401028043|0|49258.015625|14.41806959607|108.7962965833|869016|95857||49258.015625|390||38975|390.25|49258.015625|7503ae|XAX330|0|2522|0|||3|3|0|1|1|132|162|["132,162,5"]|13:40:58:016
62|1.1|636136510450953035|0|49263|14.42764506792|108.79975126334|869354|96934||49263|390||38968.75|390.25|49263|7503ae|XAX330|0|2522|0|||3|3|0|1|1|132|162|["132,162,5"]|13:41:03:000
62|1.1|636136510500878027|0|49268|14.43714007362|108.80387113022|869764|98004||49268|390||39037.5|390.25|49268|7503ae|XAX330|0|2522|0|||3|3|0|1|1|132|162|["132,162,5"]|13:41:08:000
62|1.1|636136510550803019|0|49272.9765625|14.44683356249|108.80740627641|870110|99094||49272.9765625|390||39037.5|390.25|49272.9765625|7503ae|XAX330|0|2522|0|||3|3|0|1|1|132|162|["132,162,5"]|13:41:12:977
62|1.1|636136510600708009|0|49277.9765625|14.45530396588|108.81122573633|870491|100049||49277.9765625|390||39106.25|390.25|49277.9765625|7503ae|XAX330|0|2522|0|||3|3|0|1|1|132|162|["132,162,5"]|13:41:17:977
62|1.1|636136510650633001|0|49282.9765625|14.46547488724|108.81482525544|870842|101192||49282.9765625|390||39093.75|390.25|49282.9765625|7503ae|XAX330|0|2522|0|||3|3|0|1|1|132|162|["132,162,5"]|13:41:22:977
62|1.1|636136510700557993|0|49287.9609375|14.47513082524|108.81878955443|871234|102280||49287.9609375|390||39143.75|390.25|49287.9609375|7503ae|XAX330|0|2522|0|||3|3|0|1|1|132|162|["132,162,5"]|13:41:27:961
62|1.1|636136510750482985|0|49292.9609375|14.48593474698|108.82250172615|871595|103494||49292.9609375|390||39112.5|390.25|49292.9609375|7503ae|XAX330|0|2522|0|||3|3|0|1|1|132|162|["132,162,5"]|13:41:32:961
62|1.1|636136510800397976|0|49297.9375|14.49669038903|108.82606369439|871939|104703||49297.9375|390||39081.25|390.25|49297.9375|7503ae|XAX330|0|2522|0|||3|3|0|1|1|132|162|["132,162,5"]|13:41:37:938
62|1.1|636136510850322968|0|49302.9375|14.50674865778|108.82937889977|872260|105832||49302.9375|390||39050|390.25|49302.9375|7503ae|XAX330|0|2522|0|||3|3|0|1|1|132|162|["132,162,5"]|13:41:42:938
62|1.1|636136510900247960|0|49307.9375|14.51665135864|108.83323591056|872639|106947||49307.9375|390||39093.75|390.25|49307.9375|7503ae|XAX330|0|2522|0|||3|3|0|1|1|132|162|["132,162,5"]|13:41:47:938
62|1.1|636136510950182953|0|49312.921875|14.52732117013|108.83642773451|872944|108144||49312.921875|390||39006.25|390|49312.921875|7503ae|XAX330|0|2522|0|||3|3|0|1|1|132|162|["132,162,5"]|13:41:52:922
62|1.1|636136511000097944|0|49317.921875|14.53764229497|108.83972148225|873261|109303||49317.921875|390||38937.5|390|49317.921875|7503ae|XAX330|0|2522|0|||3|3|0|1|1|132|162|["132,162,5"]|13:41:57:922
62|1.1|636136511050012935|0|49322.8984375|14.54728213974|108.84304741645|873584|110387||49322.8984375|390||38881.25|390|49322.8984375|7503ae|XAX330|0|2522|0|||3|3|0|1|1|132|162|["132,162,5"]|13:42:02:898
62|1.1|636136511099937927|0|49327.8984375|14.55757644253|108.84656646941|873925|111544||49327.8984375|390||38837.5|390|49327.8984375|7503ae|XAX330|0|2522|0|||3|3|0|1|1|132|162|["132,162,5"]|13:42:07:898
62|1.1|636136511149852918|0|49332.8984375|14.56759716041|108.85012307324|874272|112670||49332.8984375|390||38793.75|390|49332.8984375|7503ae|XAX330|0|2522|0|||3|3|0|1|1|132|162|["132,162,5"]|13:42:12:898
62|1.1|636136511199777910|0|49337.875|14.57872831116|108.85391571111|874639|113921||49337.875|390||38750|390|49337.875|7503ae|XAX330|0|2522|0|||3|3|0|1|1|132|162|["132,162,5"]|13:42:17:875
62|1.1|636136511249702902|0|49342.875|14.59091088627|108.85790683215|875024|115289||49342.875|390||38712.5|390|49342.875|7503ae|XAX330|0|2522|0|||3|3|0|1|1|132|162|["132,162,5"]|13:42:22:875
62|1.1|636136511299617893|0|49347.875|14.59826012797|108.86117375784|875350|116118||49347.875|390||38718.75|390|49347.875|7503ae|XAX330|0|2522|0|||3|3|0|1|1|132|162|["132,162,5"]|13:42:27:875
62|1.1|636136511349542885|0|49352.859375|14.6081467356|108.86484301428|875709|117231||49352.859375|390||38700|390|49352.859375|7503ae|XAX330|0|2522|0|||3|3|0|1|1|132|162|["132,162,5"]|13:42:32:859
62|1.1|636136511399467877|0|49357.859375|14.61818891112|108.86845862662|876061|118360||49357.859375|390||38681.25|390|49357.859375|7503ae|XAX330|0|2522|0|||3|3|0|1|1|132|162|["132,162,5"]|13:42:37:859
62|1.1|636136511449382868|0|49362.8359375|14.62817207813|108.8720420525|876410|119483||49362.8359375|390||38675|390|49362.8359375|7503ae|XAX330|0|2522|0|||3|3|0|1|1|132|162|[]|13:42:42:836
62|1.1|636136511499307860|0|49367.8359375|14.6381874316|108.8756362072|876760|120609||49367.8359375|390||38656.25|390|49367.8359375|7503ae|XAX330|0|2522|0|||3|3|0|1|1|132|162|[]|13:42:47:836
62|1.1|636136511917389664|0|49409.15625|14.73534762552|108.90941053256|880037|131532||49409.15625|390||38681.25|390|49409.15625|7503ae|XAX330|0|1914|0|||3|3|0|1|1|132|162|["132,162,5"]|13:43:29:156
62|1.1|636136511948612786|0|49412.7578125|14.7449928347|108.91241460216|880324|132615||49412.7578125|390||38675|390|49412.7578125|7503ae|XAX330|0|1914|0|||3|3|0|1|1|132|162|["132,162,5"]|13:43:32:758
62|1.1|636136511998527777|0|49417.7578125|14.759101233|108.91665248606|880727|134199||49417.7578125|390||38687.5|390|49417.7578125|7503ae|XAX330|0|1914|0|||3|3|0|1|1|132|162|["132,162,5"]|13:43:37:758
62|1.1|636136512048452769|0|49422.7421875|14.76185853974|108.91955999628|881031|134517||49422.7421875|390||38700|390|49422.7421875|7503ae|XAX330|0|1914|0|||3|3|0|1|1|132|162|["132,162,5"]|13:43:42:742
62|1.1|636136512098377761|0|49427.7421875|14.77321499571|108.92335799856|881397|135793||49427.7421875|390||38687.5|390|49427.7421875|7503ae|XAX330|0|1914|0|||3|3|0|1|1|132|162|["132,162,5"]|13:43:47:742
62|1.1|636136512148292752|0|49432.7421875|14.78482894336|108.92728474668|881776|137099||49432.7421875|390||38687.5|390|49432.7421875|7503ae|XAX330|0|1914|0|||3|3|0|1|1|132|162|["132,162,5"]|13:43:52:742
62|1.1|636136512198227745|0|49437.71875|14.79379287247|108.93085207933|882127|138108||49437.71875|390||38693.75|390|49437.71875|7503ae|XAX330|0|1914|0|||3|3|0|1|1|132|162|["132,162,5"]|13:43:57:719
62|1.1|636136512248132735|0|49442.71875|14.80466653154|108.93466081043|882496|139331||49442.71875|390||38693.75|390|49442.71875|7503ae|XAX330|0|1914|0|||3|3|0|1|1|132|162|["132,162,5"]|13:44:02:719
62|1.1|636136512298057727|0|49447.6953125|14.81468724942|108.93834079569|882855|140458||49447.6953125|390||38693.75|390|49447.6953125|7503ae|XAX330|0|1914|0|||3|3|0|1|1|132|162|["132,162,5"]|13:44:07:695
62|1.1|636136512347992720|0|49452.6953125|14.82786224038|108.9424767558|883250|141938||49452.6953125|390||38693.75|390|49452.6953125|7503ae|XAX330|0|1914|0|||3|3|0|1|1|132|162|["132,162,5"]|13:44:12:695
62|1.1|636136512397897710|0|49457.6953125|14.83591421979|108.94601190199|883601|142846||49457.6953125|390||38693.75|390|49457.6953125|7503ae|XAX330|0|1914|0|||3|3|0|1|1|132|162|["132,162,5"]|13:44:17:695
62|1.1|636136512447822702|0|49462.6796875|14.84642309898|108.94978308222|883967|144029||49462.6796875|390||38693.75|390|49462.6796875|7503ae|XAX330|0|1914|0|||3|3|0|1|1|132|162|["132,162,5"]|13:44:22:680
62|1.1|636136512497737693|0|49467.6796875|14.8557142571|108.95343624543|884326|145075||49467.6796875|390||38700|390|49467.6796875|7503ae|XAX330|0|1914|0|||3|3|0|1|1|132|162|["132,162,5"]|13:44:27:680
62|1.1|636136512547672686|0|49472.65625|14.86902872272|108.95752392585|884715|146570||49472.65625|390||38700|390|49472.65625|7503ae|XAX330|0|1914|0|||3|3|0|1|1|132|162|["132,162,5"]|13:44:32:656
62|1.1|636136512597587677|0|49477.65625|14.87273016562|108.9613058349|885109|146996||49477.65625|390||38793.75|390|49477.65625|7503ae|XAX330|0|1914|0|||3|3|0|1|1|132|162|["132,162,5"]|13:44:37:656
62|1.1|636136512647512669|0|49482.65625|14.88202668815|108.9648999896|885461|148043||49482.65625|390||38793.75|390|49482.65625|7503ae|XAX330|0|1914|0|||3|3|0|1|1|132|162|["132,162,5"]|13:44:42:656
62|1.1|636136512697437661|0|49487.640625|14.89045417626|108.96900376325|885871|148995||49487.640625|390||38862.5|390.25|49487.640625|7503ae|XAX330|0|1914|0|||3|3|0|1|1|132|162|["132,162,5"]|13:44:47:641
62|1.1|636136512747352652|0|49492.640625|14.90043734327|108.97268374851|886230|150119||49492.640625|390||38862.5|390.25|49492.640625|7503ae|XAX330|0|1914|0|||3|3|0|1|1|132|162|["132,162,5"]|13:44:52:641
62|1.1|636136512797277644|0|49497.6171875|14.91037223059|108.97681970862|886637|151238||49497.6171875|390||38912.5|390.25|49497.6171875|7503ae|XAX330|0|1914|0|||3|3|0|1|1|132|162|["132,162,5"]|13:44:57:617
62|1.1|636136512847212637|0|49502.6171875|14.92044659257|108.98047823624|886993|152372||49502.6171875|390||38906.25|390.25|49502.6171875|7503ae|XAX330|0|1914|0|||3|3|0|1|1|132|162|["132,162,5"]|13:45:02:617
62|1.1|636136512897127628|0|49507.6171875|14.9298504033|108.9845337302|887394|153433||49507.6171875|390||38956.25|390.25|49507.6171875|7503ae|XAX330|0|1914|0|||3|3|0|1|1|132|162|["132,162,5"]|13:45:07:617
62|1.1|636136512947042619|0|49512.6015625|14.9395063413|108.98807960521|887739|154520||49512.6015625|390||38950|390.25|49512.6015625|7503ae|XAX330|0|1914|0|||3|3|0|1|1|132|162|["132,162,5"]|13:45:12:602
62|1.1|636136512996957610|0|49517.6015625|14.94930175396|108.99211900594|888136|155624||49517.6015625|390||38987.5|390.25|49517.6015625|7503ae|XAX330|0|1914|0|||3|3|0|1|1|132|162|["132,162,5"]|13:45:17:602
62|1.1|636136513046912605|0|49522.578125|14.95940293799|108.99569706741|888483|156760||49522.578125|390||38968.75|390.25|49522.578125|7503ae|XAX330|0|1914|0|||3|3|0|1|1|132|162|["132,162,5"]|13:45:22:578
62|1.1|636136513096827596|0|49527.578125|14.96955240171|108.99928049329|888830|157902||49527.578125|390||38950|390.25|49527.578125|7503ae|XAX330|0|1914|0|||3|3|0|1|1|132|162|["132,162,5"]|13:45:27:578
62|1.1|636136513146732586|0|49532.578125|14.97932635673|109.00316969054|889211|159003||49532.578125|390||38981.25|390.25|49532.578125|7503ae|XAX330|0|1914|0|||3|3|0|1|1|132|162|["132,162,5"]|13:45:32:578
62|1.1|636136513196657578|0|49537.5625|14.98906812529|109.00704279456|889591|160100||49537.5625|390||39012.5|390.25|49537.5625|7503ae|XAX330|0|1914|0|||3|3|0|1|1|132|162|[]|13:45:37:563
62|1.1|636136513246592571|0|49542.5625|14.99858995304|109.01095344945|889976|161174||49542.5625|390||39031.25|390.25|49542.5625|7503ae|XAX330|0|1914|0|||3|3|0|1|1|132|162|["132,162,5"]|13:45:42:563
62|1.1|636136513296497561|0|49547.5390625|15.00916320515|109.01444568036|890311|162362||49547.5390625|390||38975|390|49547.5390625|7503ae|XAX330|0|1914|0|||3|3|0|1|1|132|162|["132,162,5"]|13:45:47:539
62|1.1|636136513346432554|0|49552.5390625|15.01953797409|109.01847971668|890705|163531||49552.5390625|390||39000|390.25|49552.5390625|7503ae|XAX330|0|1914|0|||3|3|0|1|1|132|162|["132,162,5"]|13:45:52:539
62|1.1|636136513396337544|0|49557.5390625|15.03081932832|109.02211678666|891053|164799||49557.5390625|390||38956.25|390|49557.5390625|7503ae|XAX330|0|1914|0|||3|3|0|1|1|132|162|["132,162,5"]|13:45:57:539
62|1.1|636136513446272537|0|49562.515625|15.04049672396|109.02611327211|891446|165890||49562.515625|390||38993.75|390.25|49562.515625|7503ae|XAX330|0|1914|0|||3|3|0|1|1|132|162|["132,162,5"]|13:46:02:516
62|1.1|636136513496177527|0|49567.515625|15.05061400122|109.02973961327|891797|167028||49567.515625|390||38962.5|390|49567.515625|7503ae|XAX330|0|1914|0|||3|3|0|1|1|132|162|["132,162,5"]|13:46:07:516
62|1.1|636136513546102519|0|49572.5|15.06053815972|109.03379510723|892196|168147||49572.5|390||39000|390.25|49572.5|7503ae|XAX330|0|1914|0|||3|3|0|1|1|132|162|["132,162,5"]|13:46:12:500
62|1.1|636136513596017510|0|49577.5|15.07030675033|109.03781841473|892591|169248||49577.5|390||39037.5|390.25|49577.5|7503ae|XAX330|0|1914|0|||3|3|0|1|1|132|162|["132,162,5"]|13:46:17:500
62|1.1|636136513645942502|0|49582.5|15.08005924771|109.04184172223|892986|170348||49582.5|390||39081.25|390.25|49582.5|7503ae|XAX330|0|1914|0|||3|3|0|1|1|132|162|[]|13:46:22:500
62|1.1|636136513695867494|0|49587.4765625|15.08979028745|109.04583820768|893379|171445||49587.4765625|390||39118.75|390.25|49587.4765625|7503ae|XAX330|0|1914|0|||3|3|0|1|1|132|162|[]|13:46:27:477
62|1.1|636136514522520151|0|49669.859375|15.25639276882|109.10581231148|899181|190197||49669.859375|390||38675|390|49669.859375|7503ae|XAX330|0|2227|0|||3|3|0|1|1|132|162|["132,162,5"]|13:47:49:859
62|1.1|636136514544522351|0|49672.3359375|15.2620146705|109.10768449057|899360|190829||49672.3359375|390||38675|390|49672.3359375|7503ae|XAX330|0|2227|0|||3|3|0|1|1|132|162|["132,162,5"]|13:47:52:336
62|1.1|636136514594437342|0|49677.3359375|15.27974404555|109.11146103521|899696|192815||49677.3359375|390||38681.25|390|49677.3359375|7503ae|XAX330|0|2227|0|||3|3|0|1|1|132|162|["132,162,5"]|13:47:57:336
62|1.1|636136514644362334|0|49682.3359375|15.28923905125|109.11538241892|900080|193886||49682.3359375|390||38675|390|49682.3359375|7503ae|XAX330|0|2227|0|||3|3|0|1|1|132|162|["132,162,5"]|13:48:02:336
62|1.1|636136514694287326|0|49687.3203125|15.29725347979|109.11921260766|900461|194791||49687.3203125|390||38668.75|390|49687.3203125|7503ae|XAX330|0|2227|0|||3|3|0|1|1|132|162|["132,162,5"]|13:48:07:320
62|1.1|636136514744212318|0|49692.3203125|15.30880305452|109.12299988112|900822|196090||49692.3203125|390||38668.75|390|49692.3203125|7503ae|XAX330|0|2227|0|||3|3|0|1|1|132|162|["132,162,5"]|13:48:12:320
62|1.1|636136514793997296|0|49697.296875|15.31873257743|109.12680861222|901193|197209||49697.296875|390||38668.75|390|49697.296875|7503ae|XAX330|0|2227|0|||3|3|0|1|1|132|162|["132,162,5"]|13:48:17:297
62|1.1|636136514843912287|0|49702.296875|15.32321185978|109.13208719166|901744|197728||49702.296875|390||38831.25|390.25|49702.296875|7503ae|XAX330|0|2227|0|||3|3|0|1|1|132|162|["132,162,5"]|13:48:22:297
62|1.1|636136514893967292|0|49707.296875|15.33367245928|109.13576717692|902099|198905||49707.296875|390||38831.25|390.25|49707.296875|7503ae|XAX330|0|2227|0|||3|3|0|1|1|132|162|["132,162,5"]|13:48:27:297
62|1.1|636136514943892284|0|49712.28125|15.34384874505|109.14012844225|902527|200054||49712.28125|390||38918.75|390.25|49712.28125|7503ae|XAX330|0|2227|0|||3|3|0|1|1|132|162|["132,162,5"]|13:48:32:281
62|1.1|636136514993687263|0|49717.28125|15.35367097976|109.14437705497|902945|201162||49717.28125|390||38968.75|390.25|49717.28125|7503ae|XAX330|0|2227|0|||3|3|0|1|1|132|162|["132,162,5"]|13:48:37:281
62|1.1|636136515043602254|0|49722.2578125|15.36337519745|109.14857202359|903358|202258||49722.2578125|390||39031.25|390.25|49722.2578125|7503ae|XAX330|0|2227|0|||3|3|0|1|1|132|162|[]|13:48:42:258
62|1.1|636136515093527246|0|49727.2578125|15.37310087278|109.15277772103|903772|203356||49727.2578125|390||39081.25|390.25|49727.2578125|7503ae|XAX330|0|2227|0|||3|3|0|1|1|132|162|[]|13:48:47:258
