62|1.1|636136510301188060|0|49248.015625|15.2031134487|103.89287715665|337956|170201||49248.015625|399.75||40012.5|397.75|49248.015625|76bcc1|SCO297|0|2311|0|||3|3|0|1|1|132|178|["132,18,5,3732","132,178,5,1702","132,146,5,1770","132,162,5"]|13:40:48:016
62|1.1|636136510351123053|0|49253.015625|15.20524311947|103.87975044538|336541|170418||49253.015625|400||40012.5|397.75|49253.015625|76bcc1|SCO297|0|2311|0|||3|3|0|1|1|132|5|["132,18,5,3732","132,178,5,1702","132,146,5,1770","132,162,5"]|13:40:53:016
62|1.1|636136510401038044|0|49258.015625|15.20689535775|103.86949905787|335436|170586||49258.015625|399.75||39993.75|397.5|49258.015625|76bcc1|SCO297|0|2311|0|||3|3|0|1|1|132|163|["132,18,5,3732","132,178,5,1702","132,146,5,1770","132,162,5"]|13:40:58:016
62|1.1|636136510450963036|0|49263|15.20884800299|103.85698925375|334088|170784||49263|399.75||40006.25|397.75|49263|76bcc1|SCO297|0|2311|0|||3|3|0|1|1|132|178|["132,18,5,3732","132,178,5,1702","132,146,5,1770","132,162,5"]|13:41:03:000
62|1.1|636136510500878027|0|49268|15.21075236854|103.84541285697|332841|170978||49268|399.5||39968.75|397|49268|76bcc1|SCO297|0|2311|0|||3|3|0|1|1|132|178|["132,18,5,3732","132,178,5,1702","132,146,5,1770","132,162,5"]|13:41:08:000
62|1.1|636136510550813020|0|49272.9765625|15.21266746291|103.83377745168|331586|171173||49272.9765625|399||39968.75|397|49272.9765625|76bcc1|SCO297|0|2311|0|||3|3|0|1|1|132|178|["132,18,5,3732","132,178,5,1702","132,146,5,1770","132,162,5"]|13:41:12:977
62|1.1|636136510600748013|0|49277.9765625|15.2144859979|103.8219328344|330310|171357||49277.9765625|398.75||39975|396|49277.9765625|76bcc1|SCO297|0|2311|0|||3|3|0|1|1|132|178|["132,18,5,3732","132,178,5,1702","132,146,5,1770","132,162,5"]|13:41:17:977
62|1.1|636136510650643002|0|49282.9765625|15.2163635414|103.81009894594|329035|171548||49282.9765625|398.25||40018.75|396|49282.9765625|76bcc1|SCO297|0|2311|-512.5|||3|3|2|1|1|132|178|["132,18,5,3732","132,178,5,1702","132,146,5,1770","132,162,5"]|13:41:22:977
62|1.1|636136510700567994|0|49287.9609375|15.21798895763|103.79808803195|327741|171711||49287.9609375|397.75||40087.5|395.5|49287.9609375|76bcc1|SCO297|0|2311|-493.75|||3|3|2|1|1|132|178|["132,18,5,3732","132,178,5,1702","132,146,5,1770","132,162,5"]|13:41:27:961
62|1.1|636136510750512988|0|49292.9609375|15.21791385589|103.78603420268|326445|171685||49292.9609375|397.75||40131.25|395.25|49292.9609375|76bcc1|SCO297|0|2311|-431.25|||3|3|2|1|1|132|178|["132,18,5,3732","132,178,5,1702","132,146,5,1770","132,162,5"]|13:41:32:961
62|1.1|636136510800407977|0|49297.9375|15.21965192473|103.77433978888|325185|171862||49297.9375|396.75||40131.25|394.5|49297.9375|76bcc1|SCO297|0|2311|-512.5|||3|3|2|1|1|132|178|["132,18,5,3732","132,178,5,1702","132,146,5,1770","132,162,5"]|13:41:37:938
62|1.1|636136510850322968|0|49302.9375|15.22058533207|103.76252735806|323914|171948||49302.9375|396||40037.5|393.75|49302.9375|76bcc1|SCO297|0|2311|-631.25|||3|3|2|1|1|132|178|["132,18,5,3732","132,178,5,1702","132,146,5,1770","132,162,5"]|13:41:42:938
62|1.1|636136510900277963|0|49307.9375|15.22177086668|103.75084367308|322656|172063||49307.9375|394.75||39968.75|392.75|49307.9375|76bcc1|SCO297|0|2311|-806.25|||3|3|2|1|1|132|163|["132,18,5,3732","132,178,5,1702","132,146,5,1770","132,162,5"]|13:41:47:938
62|1.1|636136510950182953|0|49312.921875|15.22217856184|103.73919217456|321403|172092||49312.921875|394.25||39887.5|392|49312.921875|76bcc1|SCO297|0|2311|-843.75|||3|3|2|1|1|132|178|["132,18,5,3732","132,178,5,1702","132,146,5,1770","132,162,5"]|13:41:52:922
62|1.1|636136511000097944|0|49317.921875|15.2234982067|103.72756749809|320151|172222||49317.921875|393.25||39793.75|390.75|49317.921875|76bcc1|SCO297|0|2311|-1006.25|||3|3|2|1|1|132|178|["132,18,5,3732","132,178,5,1702","132,146,5,1770","132,162,5"]|13:41:57:922
62|1.1|636136511050012935|0|49322.8984375|15.22365377459|103.71596964367|318904|172223||49322.8984375|392.5||39725|390|49322.8984375|76bcc1|SCO297|0|2311|-1025|||3|3|2|1|1|132|178|["132,18,5,3732","132,178,5,1702","132,146,5,1770","132,162,5"]|13:42:02:898
62|1.1|636136511099937927|0|49327.8984375|15.23207053388|103.70545003566|317761|173140||49327.8984375|391.25||39125|389|49327.8984375|76bcc1|SCO297|0|2311|-1100|||3|3|2|1|1|132|178|["132,18,5,3732","132,178,5,1702","132,146,5,1770","132,162,5"]|13:42:07:898
62|1.1|636136511149862919|0|49332.8984375|15.23595973113|103.69342302844|316462|173554||49332.8984375|390||38993.75|387.5|49332.8984375|76bcc1|SCO297|0|2311|-1300|||3|3|2|1|1|132|178|["132,18,5,3732","132,178,5,1702","132,146,5,1770","132,162,5"]|13:42:12:898
62|1.1|636136511199777910|0|49337.875|15.23682340114|103.67982424909|314999|173631||49337.875|388.5||38837.5|386.25|49337.875|76bcc1|SCO297|0|2311|-1418.75|||3|3|2|1|1|132|163|["132,18,5,3732","132,178,5,1702","132,146,5,1770","132,162,5"]|13:42:17:875
62|1.1|636136511249702902|0|49342.875|15.23861511408|103.66943338692|313880|173815||49342.875|387.5||38725|385|49342.875|76bcc1|SCO297|0|2311|-1437.5|||3|3|2|1|1|132|178|["132,18,5,3732","132,178,5,1702","132,146,5,1770","132,162,5"]|13:42:22:875
62|1.1|636136511299627894|0|49347.875|15.24011178447|103.65803938008|312653|173965||49347.875|386.25||38581.25|383.75|49347.875|76bcc1|SCO297|0|2311|-1475|||3|3|2|1|1|132|178|["132,18,5,3732","132,178,5,1702","132,146,5,1770","132,162,5"]|13:42:27:875
62|1.1|636136511349542885|0|49352.859375|15.24172647188|103.64664000883|311425|174129||49352.859375|385||38462.5|382.5|49352.859375|76bcc1|SCO297|0|2311|-1493.75|||3|3|2|1|1|132|178|["132,18,5,3732","132,178,5,1702","132,146,5,1770","132,162,5"]|13:42:32:859
62|1.1|636136511399467877|0|49357.859375|15.24356646451|103.63398536564|310062|174315||49357.859375|383.75||38343.75|381|49357.859375|76bcc1|SCO297|0|2311|-1537.5|||3|3|2|1|1|132|178|["132,18,5,3732","132,178,5,1702","132,146,5,1770","132,162,5"]|13:42:37:859
62|1.1|636136511449392869|0|49362.8359375|15.24502558403|103.62221048569|308794|174461||49362.8359375|382.5||38225|380|49362.8359375|76bcc1|SCO297|0|2311|-1518.75|||3|3|2|1|1|132|178|["132,18,5,3732","132,178,5,1702","132,146,5,1770","132,162,5"]|13:42:42:836
62|1.1|636136511499307860|0|49367.8359375|15.24642569504|103.60951292722|307427|174599||49367.8359375|381||38075|378.5|49367.8359375|76bcc1|SCO297|0|2311|-1593.75|||3|3|2|1|1|132|178|["132,18,5,3732","132,178,5,1702","132,146,5,1770","132,162,5"]|13:42:47:836
62|1.1|636136511549232852|0|49372.8203125|15.24689239871|103.59739472503|306124|174634||49372.8203125|379.5||37912.5|377|49372.8203125|76bcc1|SCO297|0|2311|-1631.25|||3|3|2|1|1|132|178|["132,18,5,3732","132,178,5,1702","132,146,5,1770","132,162,5"]|13:42:52:820
62|1.1|636136511599167845|0|49377.8203125|15.24785799251|103.58534089576|304827|174725||49377.8203125|378||37775|375.5|49377.8203125|76bcc1|SCO297|0|2311|-1712.5|||3|3|2|1|1|132|178|["132,18,5,3732","132,178,5,1702","132,146,5,1770","132,162,5"]|13:42:57:820
62|1.1|636136511649072835|0|49382.8203125|15.24713916157|103.57307249009|303509|174629||49382.8203125|376.5||37618.75|373.75|49382.8203125|76bcc1|SCO297|0|2311|-1768.75|||3|3|2|1|1|132|178|["132,18,5,3732","132,178,5,1702","132,146,5,1770","132,162,5"]|13:43:02:820
62|1.1|636136511698997827|0|49387.796875|15.24652225442|103.56094892349|302207|174545||49387.796875|375.25||37475|372.5|49387.796875|76bcc1|SCO297|0|2311|-1731.25|||3|3|2|1|1|132|178|["132,18,5,3732","132,178,5,1702","132,146,5,1770","132,162,5"]|13:43:07:797
62|1.1|636136511748922819|0|49392.796875|15.24589461845|103.55042395107|301076|174462||49392.796875|374||37368.75|371.5|49392.796875|76bcc1|SCO297|0|2311|-1475|||3|3|2|1|1|132|178|["132,18,5,3732","132,178,5,1702","132,146,5,1770","132,162,5"]|13:43:12:797
62|1.1|636136511798847811|0|49397.78125|15.24551374534|103.53897630013|299846|174404||49397.78125|372.75||37243.75|370.25|49397.78125|76bcc1|SCO297|0|2311|-1475|||3|3|2|1|1|132|178|["132,18,5,3732","132,178,5,1702","132,146,5,1770","132,162,5"]|13:43:17:781
62|1.1|636136511848772803|0|49402.78125|15.24206442971|103.52547944457|298400|174005||49402.78125|371.5||37118.75|369|49402.78125|76bcc1|SCO297|0|2311|-1518.75|||3|3|2|1|1|132|178|["132,18,5,3732","132,178,5,1702","132,146,5,1770","132,162,5"]|13:43:22:781
62|1.1|636136511898687794|0|49407.78125|15.23979528428|103.51235809771|296992|173737||49407.78125|370||36981.25|367.75|49407.78125|76bcc1|SCO297|0|2311|-1456.25|||3|3|2|1|1|132|163|["132,18,5,3732","132,178,5,1702","132,146,5,1770","132,162,5"]|13:43:27:781
62|1.1|636136511948612786|0|49412.7578125|15.23781045258|103.5034478127|296037|173505||49412.7578125|369.5||36925|367.25|49412.7578125|76bcc1|SCO297|0|2311|-1318.75|||3|3|2|1|1|132|178|["132,18,5,3732","132,178,5,1702","132,146,5,1770","132,162,5"]|13:43:32:758
62|1.1|636136511998527777|0|49417.7578125|15.23511751876|103.49214500083|294825|173193||49417.7578125|368.5||36825|366|49417.7578125|76bcc1|SCO297|0|2311|-1300|||3|3|2|1|1|132|178|["132,18,5,3732","132,178,5,1702","132,146,5,1770","132,114,4","132,162,5"]|13:43:37:758
62|1.1|636136512048452769|0|49422.7421875|15.23231193233|103.4807563584|293605|172867||49422.7421875|367.75||36737.5|365|49422.7421875|76bcc1|SCO297|0|2311|-1218.75|||3|3|2|1|1|132|178|["132,18,5,3732","132,178,5,1702","132,146,5,1770","132,114,4","132,162,5"]|13:43:42:742
62|1.1|636136512098387762|0|49427.7421875|15.22951707472|103.46918532603|292365|172543||49427.7421875|366.75||36656.25|364.25|49427.7421875|76bcc1|SCO297|0|2311|-1143.75|||3|3|2|1|1|132|178|["132,18,5,3732","132,178,5,1702","132,146,5,1770","132,114,4","132,162,5"]|13:43:47:742
62|1.1|636136512148292752|0|49432.7421875|15.22653982717|103.45620345383|290973|172197||49432.7421875|365.75||36575|363.25|49432.7421875|76bcc1|SCO297|0|2311|-1125|||3|3|2|1|1|132|178|["132,18,5,3732","132,178,5,1702","132,146,5,1770","132,114,4","132,162,5"]|13:43:52:742
62|1.1|636136512198237746|0|49437.71875|15.22384152894|103.44475043848|289745|171884||49437.71875|364.75||36487.5|362.5|49437.71875|76bcc1|SCO297|0|2311|-1100|||3|3|2|1|1|132|178|["132,18,5,3732","132,178,5,1702","132,146,5,1770","132,114,4","132,162,5"]|13:43:57:719
62|1.1|636136512248142736|0|49442.71875|15.22110031543|103.43308821114|288495|171566||49442.71875|364||36381.25|361.5|49442.71875|76bcc1|SCO297|0|2311|-1100|||3|3|2|1|1|132|178|["132,18,5,3732","132,178,5,1702","132,146,5,1770","132,114,4","132,162,5"]|13:44:02:719
62|1.1|636136512298057727|0|49447.6953125|15.21828936459|103.42097000895|287196|171239||49447.6953125|363.25||36293.75|360.75|49447.6953125|76bcc1|SCO297|0|2311|-1043.75|||3|3|2|1|1|132|162|["132,18,5,3732","132,178,5,1702","132,146,5,1770","132,114,4","132,162,5"]|13:44:07:695
62|1.1|636136512347992720|0|49452.6953125|15.21552132903|103.40866405241|285877|170917||49452.6953125|362.75||36243.75|360.25|49452.6953125|76bcc1|SCO297|0|2311|-943.75|||3|3|2|1|1|132|178|["132,18,5,3732","132,178,5,1702","132,146,5,1770","132,114,4","132,162,5"]|13:44:12:695
62|1.1|636136512397907711|0|49457.6953125|15.21257090353|103.39612206183|284532|170575||49457.6953125|362.25||36206.25|360|49457.6953125|76bcc1|SCO297|0|2311|-731.25|||3|3|2|1|1|132|147|["132,18,5,3732","132,178,5,1702","132,146,5,1770","132,114,4","132,162,5"]|13:44:17:695
62|1.1|636136512447822702|0|49462.6796875|15.21044123276|103.38692209868|283546|170328||49462.6796875|361.75||36162.5|359.25|49462.6796875|76bcc1|SCO297|0|2311|-706.25|||3|3|2|1|1|132|114|["132,18,5,3732","132,178,5,1702","132,146,5,1770","132,114,4","132,162,5"]|13:44:22:680
62|1.1|636136512497747694|0|49467.6796875|15.20786631596|103.37571584619|282344|170029||49467.6796875|361.25||36131.25|359|49467.6796875|76bcc1|SCO297|0|2311|-612.5|||3|3|2|1|1|132|114|["132,18,5,3732","132,178,5,1702","132,146,5,1770","132,114,4","132,162,5"]|13:44:27:680
62|1.1|636136512547672686|0|49472.65625|15.20432580536|103.36318458443|281001|169622||49472.65625|360.5||35850|358.5|49472.65625|76bcc1|SCO297|0|2311|0|||3|3|0|1|1|132|114|["132,18,5,3732","132,114,5,518","132,178,5,1702","132,146,5,1770","132,162,5"]|13:44:32:656
62|1.1|636136512597587677|0|49477.65625|15.20147193924|103.35144725535|279743|169291||49477.65625|360||35675|358|49477.65625|76bcc1|SCO297|0|2311|0|||3|3|0|1|1|132|114|["132,18,5,3732","132,114,5,518","132,178,5,1702","132,146,5,1770","132,162,5"]|13:44:37:656
62|1.1|636136512647512669|0|49482.65625|15.19854833579|103.33968846863|278482|168953||49482.65625|360||35518.75|357.5|49482.65625|76bcc1|SCO297|0|2311|0|||3|3|0|1|1|132|147|["132,18,5,3732","132,114,5,518","132,178,5,1702","132,146,5,1770","132,162,5"]|13:44:42:656
62|1.1|636136512697447662|0|49487.640625|15.1966761567|103.32832128384|277263|168732||49487.640625|360||35931.25|357.5|49487.640625|76bcc1|SCO297|0|2311|0|||3|3|0|1|1|132|162|["132,18,5,3732","132,114,5,518","132,178,5,1702","132,146,5,1770","132,162,5"]|13:44:47:641
62|1.1|636136512747352652|0|49492.640625|15.19441774009|103.31761928589|276115|168469||49492.640625|359.75||35975|357.5|49492.640625|76bcc1|SCO297|0|2311|0|||3|3|0|1|1|132|162|["132,18,5,3732","132,114,5,518","132,178,5,1702","132,146,5,1770","132,162,5"]|13:44:52:641
62|1.1|636136512797277644|0|49497.6171875|15.19205739969|103.30667588949|274941|168195||49497.6171875|359.75||35993.75|357.5|49497.6171875|76bcc1|SCO297|0|2311|0|||3|3|0|1|1|132|162|["132,18,5,3732","132,114,5,518","132,178,5,1702","132,146,5,1770","132,162,5"]|13:44:57:617
62|1.1|636136512847212637|0|49502.6171875|15.18956831345|103.29549645905|273742|167906||49502.6171875|360||36018.75|357.75|49502.6171875|76bcc1|SCO297|0|2311|0|||3|3|0|1|1|132|162|["132,18,5,3732","132,114,5,518","132,178,5,1702","132,146,5,1770","132,162,5"]|13:45:02:617
62|1.1|636136512897127628|0|49507.6171875|15.18672517615|103.28244484952|272342|167576||49507.6171875|360||36012.5|357.75|49507.6171875|76bcc1|SCO297|0|2311|0|||3|3|0|1|1|132|162|["132,18,5,3732","132,114,5,518","132,178,5,1702","132,146,5,1770","132,162,5"]|13:45:07:617
62|1.1|636136512947042619|0|49512.6015625|15.18409661525|103.27091136802|271106|167271||49512.6015625|359.75||36037.5|357.5|49512.6015625|76bcc1|SCO297|0|2311|0|||3|3|0|1|1|132|162|["132,18,5,3732","132,178,5,1702","132,146,5,1770","132,162,5"]|13:45:12:602
62|1.1|636136512996957610|0|49517.6015625|15.1814412323|103.25927596273|269858|166963||49517.6015625|359.75||36056.25|357.5|49517.6015625|76bcc1|SCO297|0|2311|0|||3|3|0|1|1|132|162|["132,18,5,3732","132,178,5,1702","132,146,5,1770","132,162,5"]|13:45:17:602
62|1.1|636136513046912605|0|49522.578125|15.17860882382|103.24755472688|268601|166636||49522.578125|360||35987.5|357.5|49522.578125|76bcc1|SCO297|0|2311|0|||3|3|0|1|1|132|162|["132,18,5,3732","132,178,5,1702","132,146,5,1770","132,162,5"]|13:45:22:578
62|1.1|636136513096827596|0|49527.578125|15.17597489851|103.23696001713|267465|166332||49527.578125|360||35975|357.75|49527.578125|76bcc1|SCO297|0|2311|0|||3|3|0|1|1|132|162|["132,18,5,3732","132,178,5,1702","132,146,5,1770","132,162,5"]|13:45:27:578
62|1.1|636136513146732586|0|49532.578125|15.17334633761|103.22596297663|266286|166028||49532.578125|359.75||35968.75|357.5|49532.578125|76bcc1|SCO297|0|2311|0|||3|3|0|1|1|132|162|["132,18,5,3732","132,178,5,1702","132,146,5,1770","132,162,5"]|13:45:32:578
62|1.1|636136513196657578|0|49537.5625|15.17074996317|103.21497666495|265107|165728||49537.5625|360||35968.75|357.5|49537.5625|76bcc1|SCO297|0|2311|0|||3|3|0|1|1|132|163|["132,18,5,3732","132,178,5,1702","132,146,5,1770","132,162,5"]|13:45:37:563
62|1.1|636136513246592571|0|49542.5625|15.16803557171|103.20351292078|263878|165415||49542.5625|360||35968.75|357.5|49542.5625|76bcc1|SCO297|0|2311|0|||3|3|0|1|1|132|162|["132,18,5,3732","132,178,5,1702","132,146,5,1770","132,162,5"]|13:45:42:563
62|1.1|636136513296497561|0|49547.5390625|15.16527826497|103.19200626133|262644|165096||49547.5390625|359.75||35987.5|357.5|49547.5390625|76bcc1|SCO297|0|2311|0|||3|3|0|1|1|132|162|["132,18,5,3732","132,114,5,525","132,178,5,1702","132,146,5,1770","132,162,5"]|13:45:47:539
62|1.1|636136513346432554|0|49552.5390625|15.16238148357|103.18021528815|261380|164762||49552.5390625|360||36056.25|357.75|49552.5390625|76bcc1|SCO297|0|2311|0|||3|3|0|1|1|132|162|["132,18,5,3732","132,114,5,525","132,178,5,1702","132,146,5,1770","132,162,5"]|13:45:52:539
62|1.1|636136513396337544|0|49557.5390625|15.15887852384|103.16841358615|260115|164361||49557.5390625|359.75||36156.25|357.5|49557.5390625|76bcc1|SCO297|0|2311|0|||3|3|0|1|1|132|162|["132,18,5,3732","132,114,5,525","132,178,5,1702","132,146,5,1770","132,162,5"]|13:45:57:539
62|1.1|636136513446272537|0|49562.515625|15.15535947088|103.15678890968|258869|163958||49562.515625|359.75||36175|357.5|49562.515625|76bcc1|SCO297|0|2311|0|||3|3|0|1|1|132|162|["132,18,5,3732","132,114,5,525","132,178,5,1702","132,146,5,1770","132,162,5"]|13:46:02:516
62|1.1|636136513496177527|0|49567.515625|15.152312486|103.14522324172|257629|163608||49567.515625|360||36181.25|357.75|49567.515625|76bcc1|SCO297|0|2311|0|||3|3|0|1|1|132|162|["132,18,5,3732","132,114,5,525","132,178,5,1702","132,146,5,1770","132,162,5"]|13:46:07:516
62|1.1|636136513546102519|0|49572.5|15.14862713633|103.13381314165|256406|163187||49572.5|360||36181.25|357.75|49572.5|76bcc1|SCO297|0|2311|0|||3|3|0|1|1|132|162|["132,18,5,3732","132,114,5,525","132,178,5,1702","132,146,5,1770","132,162,5"]|13:46:12:500
62|1.1|636136513596017510|0|49577.5|15.14558551586|103.12237621953|255180|162838||49577.5|360||36175|357.75|49577.5|76bcc1|SCO297|0|2311|0|||3|3|0|1|1|132|162|["132,18,5,3732","132,114,5,525","132,178,5,1702","132,146,5,1770","132,162,5"]|13:46:17:500
62|1.1|636136513645942502|0|49582.5|15.14225421725|103.11099830592|253960|162456||49582.5|360||36156.25|357.75|49582.5|76bcc1|SCO297|0|2311|0|||3|3|0|1|1|132|162|["132,18,5,3732","132,114,5,525","132,178,5,1702","132,146,5,1770","132,162,5"]|13:46:22:500
62|1.1|636136513695867494|0|49587.4765625|15.13908385094|103.09973304492|252753|162093||49587.4765625|360||36150|357.75|49587.4765625|76bcc1|SCO297|0|2311|0|||3|3|0|1|1|132|162|["132,18,5,3732","132,114,5,525","132,178,5,1702","132,146,5,1770","132,162,5"]|13:46:27:477
62|1.1|636136513745792486|0|49592.4765625|15.13950763933|103.08782941913|251472|162127||49592.4765625|359.75||35987.5|357.75|49592.4765625|76bcc1|SCO297|0|2311|0|||3|3|0|1|1|132|162|["132,18,5,3732","132,114,5,525","132,178,5,1702","132,146,5,1770","132,162,5"]|13:46:32:477
62|1.1|636136513795717478|0|49597.4609375|15.13805388422|103.07624765794|250228|161953||49597.4609375|359.75||35981.25|357.75|49597.4609375|76bcc1|SCO297|0|2311|0|||3|3|0|1|1|132|162|["132,18,5,3732","132,114,5,525","132,178,5,1702","132,146,5,1770","132,162,5"]|13:46:37:461
62|1.1|636136513845632469|0|49602.4609375|15.1357364591|103.06485901551|249006|161684||49602.4609375|360||35962.5|357.5|49602.4609375|76bcc1|SCO297|0|2311|0|||3|3|0|1|1|132|162|["132,18,5,3732","132,114,5,525","132,178,5,1702","132,146,5,1770","132,162,5"]|13:46:42:461
62|1.1|636136513895557461|0|49607.4609375|15.13336002547|103.05467200092|247913|161410||49607.4609375|359.75||35981.25|357.75|49607.4609375|76bcc1|SCO297|0|2311|0|||3|3|0|1|1|132|162|["132,18,5,3732","132,114,5,525","132,178,5,1702","132,146,5,1770","132,162,5"]|13:46:47:461
62|1.1|636136513945492454|0|49612.4375|15.13075292221|103.04313851942|246676|161109||49612.4375|360||35993.75|357.75|49612.4375|76bcc1|SCO297|0|2311|0|||3|3|0|1|1|132|163|["132,18,5,3732","132,114,5,525","132,178,5,1702","132,146,5,1770","132,162,5"]|13:46:52:438
62|1.1|636136513995397444|0|49617.4375|15.12824774274|103.03187325842|245467|160819||49617.4375|360||36006.25|357.75|49617.4375|76bcc1|SCO297|0|2311|0|||3|3|0|1|1|132|162|["132,18,5,3732","132,114,5,525","132,178,5,1702","132,146,5,1770","132,162,5"]|13:46:57:438
62|1.1|636136514045322436|0|49622.421875|15.12558699538|103.02120881134|244323|160514||49622.421875|360||35975|357.5|49622.421875|76bcc1|SCO297|0|2311|0|||3|3|0|1|1|132|162|["132,18,5,3732","132,114,5,525","132,178,5,1702","132,146,5,1770","132,162,5"]|13:47:02:422
62|1.1|636136514095237427|0|49627.421875|15.12295843448|103.01010448264|243132|160211||49627.421875|359.75||35968.75|357.5|49627.421875|76bcc1|SCO297|0|2311|0|||3|3|0|1|1|132|147|["132,18,5,3732","132,114,5,525","132,178,5,1702","132,146,5,1770","132,162,5"]|13:47:07:422
62|1.1|636136514145162419|0|49632.421875|15.12032987358|102.99881239959|241921|159908||49632.421875|360||35987.5|357.75|49632.421875|76bcc1|SCO297|0|2311|0|||3|3|0|1|1|132|147|["132,18,5,3732","132,114,5,525","132,178,5,1702","132,146,5,1770","132,162,5"]|13:47:12:422
62|1.1|636136514195087411|0|49637.3984375|15.11757793125|102.98709652815|240664|159591||49637.3984375|360||36006.25|357.75|49637.3984375|76bcc1|SCO297|0|2311|0|||3|3|0|1|1|132|162|["132,18,5,3732","132,114,5,525","132,178,5,1702","132,146,5,1770","132,162,5"]|13:47:17:398
62|1.1|636136514245022404|0|49642.3984375|15.11473479395|102.97525727528|239393|159264||49642.3984375|360||36000|357.75|49642.3984375|76bcc1|SCO297|0|2311|0|||3|3|0|1|1|132|163|["132,18,5,3732","132,114,5,525","132,178,5,1702","132,146,5,1770","132,162,5"]|13:47:22:398
62|1.1|636136514294907392|0|49647.375|15.11219206361|102.96489859957|238282|158972||49647.375|360||35981.25|357.5|49647.375|76bcc1|SCO297|0|2311|0|||3|3|0|1|1|132|163|["132,18,5,3732","132,114,5,525","132,178,5,1702","132,146,5,1770","132,162,5"]|13:47:27:375
62|1.1|636136514344832384|0|49652.375|15.10948303656|102.95324173664|237031|158660||49652.375|360||35993.75|357.5|49652.375|76bcc1|SCO297|0|2311|0|||3|3|0|1|1|132|5|["132,18,5,3732","132,114,5,525","132,178,5,1702","132,146,5,1770","132,162,5"]|13:47:32:375
62|1.1|636136514394757376|0|49657.375|15.10683301802|102.9419013739|235815|158355||49657.375|360||36000|357.5|49657.375|76bcc1|SCO297|0|2311|0|||3|3|0|1|1|132|146|["132,18,5,3732","132,114,5,525","132,178,5,1702","132,146,5,1770","132,162,5"]|13:47:37:375
62|1.1|636136514444682368|0|49662.359375|15.10415617743|102.93064684172|234607|158047||49662.359375|359.75||36006.25|357.5|49662.359375|76bcc1|SCO297|0|2311|0|||3|3|0|1|1|132|146|["132,18,5,3732","132,114,5,525","132,178,5,1702","132,146,5,1770","132,162,5"]|13:47:42:359
62|1.1|636136514494607360|0|49667.359375|15.10150615889|102.91915091109|233374|157742||49667.359375|360||36012.5|357.75|49667.359375|76bcc1|SCO297|0|2311|0|||3|3|0|1|1|132|146|["132,18,5,3732","132,114,5,525","132,178,5,1702","132,146,5,1770","132,162,5"]|13:47:47:359
62|1.1|636136514544522351|0|49672.3359375|15.09885614035|102.90786419245|232162|157437||49672.3359375|359.75||35987.5|357.75|49672.3359375|76bcc1|SCO297|0|2311|0|||3|3|0|1|1|132|146|["132,18,5,3732","132,114,5,525","132,178,5,1702","132,146,5,1770","132,162,5"]|13:47:52:336
62|1.1|636136514594307329|0|49677.3359375|15.09631877442|102.89745187264|231045|157146||49677.3359375|359.75||35962.5|357.5|49677.3359375|76bcc1|SCO297|0|2311|0|||3|3|0|1|1|132|146|["132,18,5,3732","132,114,5,525","132,178,5,1702","132,146,5,1770","132,162,5"]|13:47:57:336
62|1.1|636136514644232321|0|49682.3359375|15.09378140849|102.88641728127|229861|156854||49682.3359375|359.75||35981.25|357.5|49682.3359375|76bcc1|SCO297|0|2311|0|||3|3|0|1|1|132|147|["132,18,5,3732","132,114,5,525","132,178,5,1702","132,146,5,1770","132,162,5"]|13:48:02:336
62|1.1|636136514694287326|0|49687.3203125|15.09115284759|102.87525394406|228663|156552||49687.3203125|359.75||35975|357.5|49687.3203125|76bcc1|SCO297|0|2311|0|||3|3|0|1|1|132|146|["132,18,5,3732","132,114,5,525","132,178,5,1702","132,146,5,1770","132,162,5"]|13:48:07:320
62|1.1|636136514744072304|0|49692.3203125|15.08862621048|102.86431054766|227489|156261||49692.3203125|359.75||35968.75|357.5|49692.3203125|76bcc1|SCO297|0|2311|0|||3|3|0|1|1|132|147|["132,18,5,3732","132,114,5,525","132,178,5,1702","132,146,5,1770","132,162,5"]|13:48:12:320
62|1.1|636136514793987295|0|49697.296875|15.08594400548|102.85248202361|226219|155953||49697.296875|360||35993.75|357.75|49697.296875|76bcc1|SCO297|0|2311|0|||3|3|0|1|1|132|5|["132,18,5,3732","132,114,5,525","132,178,5,1702","132,146,5,1770","132,162,5"]|13:48:17:297
62|1.1|636136514843912287|0|49702.296875|15.08328325812|102.84092172006|224978|155647||49702.296875|360||36006.25|357.75|49702.296875|76bcc1|SCO297|0|2311|0|||3|3|0|1|1|132|146|["132,18,5,3732","132,114,5,525","132,178,5,1702","132,146,5,1770","132,162,5"]|13:48:22:297
62|1.1|636136514893847280|0|49707.296875|15.08070297691|102.83035919677|223845|155351||49707.296875|360||36000|357.75|49707.296875|76bcc1|SCO297|0|2311|0|||3|3|0|1|1|132|163|["132,18,5,3732","132,114,5,525","132,178,5,1702","132,146,5,1770","132,162,5"]|13:48:27:297
62|1.1|636136514943762271|0|49712.28125|15.07803686514|102.81871306266|222595|155045||49712.28125|360||36006.25|357.75|49712.28125|76bcc1|SCO297|0|2311|0|||3|3|0|1|1|132|5|["132,18,5,3732","132,114,5,525","132,178,5,1702","132,146,5,1770","132,162,5"]|13:48:32:281
62|1.1|636136514993677262|0|49717.28125|15.07533856691|102.80726541172|221367|154735||49717.28125|360||36006.25|357.75|49717.28125|76bcc1|SCO297|0|2311|0|||3|3|0|1|1|132|147|["132,18,5,3732","132,114,5,525","132,178,5,1702","132,146,5,1770","132,162,5"]|13:48:37:281
62|1.1|636136515043602254|0|49722.2578125|15.07269391278|102.79603233718|220161|154432||49722.2578125|359.75||36012.5|357.75|49722.2578125|76bcc1|SCO297|0|2311|0|||3|3|0|1|1|132|146|["132,18,5,3732","132,114,5,525","132,178,5,1702","132,146,5,1770","132,162,5"]|13:48:42:258
62|1.1|636136515093517245|0|49727.2578125|15.07001707219|102.78474561854|218950|154125||49727.2578125|360||36012.5|357.75|49727.2578125|76bcc1|SCO297|0|2311|0|||3|3|0|1|1|132|147|["132,18,5,3732","132,114,5,525","132,178,5,1702","132,146,5,1770","132,162,5"]|13:48:47:258
62|1.1|636136515143442237|0|49732.2578125|15.06752262154|102.77479463799|217882|153839||49732.2578125|360||35993.75|357.75|49732.2578125|76bcc1|SCO297|0|2311|0|||3|3|0|1|1|132|5|["132,18,5,3732","132,114,5,525","132,178,5,1702","132,146,5,1770","132,162,5"]|13:48:52:258
62|1.1|636136515193357228|0|49737.2421875|15.06504426412|102.76429648762|216755|153555||49737.2421875|360||35993.75|357.75|49737.2421875|76bcc1|SCO297|0|2311|0|||3|3|0|1|1|132|146|["132,18,5,3732","132,114,5,525","132,178,5,1702","132,146,5,1770","132,162,5"]|13:48:57:242
62|1.1|636136515243292221|0|49742.2421875|15.0625122626|102.75331554035|215576|153264||49742.2421875|360||36000|357.75|49742.2421875|76bcc1|SCO297|0|2311|0|||3|3|0|1|1|132|163|["132,18,5,3732","132,114,5,525","132,178,5,1702","132,146,5,1770","132,162,5"]|13:49:02:242
62|1.1|636136515293227214|0|49747.21875|15.0598300576|102.74155675363|214314|152956||49747.21875|359.75||36006.25|358|49747.21875|76bcc1|SCO297|0|2311|0|||3|3|0|1|1|132|146|["132,18,5,3732","132,114,5,525","132,178,5,1702","132,146,5,1770","132,162,5"]|13:49:07:219
62|1.1|636136515343122203|0|49752.21875|15.05705665763|102.72925079709|212993|152638||49752.21875|360||36012.5|358|49752.21875|76bcc1|SCO297|0|2311|0|||3|3|0|1|1|132|147|["132,18,5,3732","132,114,5,525","132,178,5,1702","132,146,5,1770","132,162,5"]|13:49:12:219
62|1.1|636136515393047195|0|49757.21875|15.05432080853|102.71762075621|211745|152325||49757.21875|359.75||36000|358|49757.21875|76bcc1|SCO297|0|2311|0|||3|3|0|1|1|132|163|["132,18,5,3732","132,114,5,525","132,178,5,1702","132,146,5,1770","132,162,5"]|13:49:17:219
62|1.1|636136515442972187|0|49762.1953125|15.05168151881|102.70679001242|210582|152022||49762.1953125|359.75||35981.25|358|49762.1953125|76bcc1|SCO297|0|2311|0|||3|3|0|1|1|132|163|["132,18,5,3732","132,114,5,525","132,178,5,1702","132,146,5,1770","132,162,5"]|13:49:22:195
62|1.1|636136515492887178|0|49767.1953125|15.04911196642|102.69592708217|209416|151728||49767.1953125|360||35968.75|358|49767.1953125|76bcc1|SCO297|0|2311|0|||3|3|0|1|1|132|146|["132,18,5,3732","132,114,5,525","132,178,5,1702","132,146,5,1770","132,162,5"]|13:49:27:195
62|1.1|636136515542812170|0|49772.1796875|15.0464190326|102.68494077049|208237|151420||49772.1796875|359.75||35968.75|358|49772.1796875|76bcc1|SCO297|0|2311|0|||3|3|0|1|1|132|147|["132,18,5,3732","132,114,5,525","132,178,5,1702","132,146,5,1770","132,162,5"]|13:49:32:180
62|1.1|636136515592737162|0|49777.1796875|15.04401041251|102.67472156944|207140|151144||49777.1796875|359.75||35968.75|358|49777.1796875|76bcc1|SCO297|0|2311|0|||3|3|0|1|1|132|163|["132,18,5,3732","132,114,5,525","132,178,5,1702","132,146,5,1770","132,162,5"]|13:49:37:180
62|1.1|636136515642682156|0|49782.1796875|15.04140867366|102.6637030713|205957|150846||49782.1796875|359.75||35968.75|358|49782.1796875|76bcc1|SCO297|0|2311|0|||3|3|0|1|1|132|147|["132,18,5,3732","132,114,5,525","132,178,5,1702","132,146,5,1770","132,162,5"]|13:49:42:180
62|1.1|636136515692577145|0|49787.15625|15.03869964661|102.65172970818|204672|150536||49787.15625|360||35981.25|358|49787.15625|76bcc1|SCO297|0|2311|0|||3|3|0|1|1|132|146|["132,18,5,3732","132,114,5,525","132,178,5,1702","132,146,5,1770","132,162,5"]|13:49:47:156
62|1.1|636136515742522139|0|49792.15625|15.03606035689|102.64037325221|203452|150234||49792.15625|360||35987.5|358|49792.15625|76bcc1|SCO297|0|2311|0|||3|3|0|1|1|132|146|["132,18,5,3732","132,114,5,525","132,178,5,1702","132,146,5,1770","132,162,5"]|13:49:52:156
62|1.1|636136515792427129|0|49797.140625|15.03323867723|102.62841061791|202168|149911||49797.140625|359.75||36012.5|358|49797.140625|76bcc1|SCO297|0|2311|0|||3|3|0|1|1|132|146|["132,18,5,3732","132,114,5,525","132,178,5,1702","132,146,5,1770","132,162,5"]|13:49:57:141
62|1.1|636136515842352121|0|49802.140625|15.03041699757|102.61641579715|200881|149588||49802.140625|359.75||36000|358|49802.140625|76bcc1|SCO297|0|2311|0|||3|3|0|1|1|132|147|["132,18,5,3732","132,114,5,525","132,178,5,1702","132,146,5,1770","132,162,5"]|13:50:02:141
62|1.1|636136515892287114|0|49807.140625|15.02784744518|102.60595519765|199757|149295||49807.140625|360||35993.75|358|49807.140625|76bcc1|SCO297|0|2311|0|||3|3|0|1|1|132|5|["132,18,5,3732","132,114,5,525","132,178,5,1702","132,146,5,1770","132,162,5"]|13:50:07:141
62|1.1|636136515942192104|0|49812.1171875|15.02499894347|102.59410521596|198485|148969||49812.1171875|360||35987.5|358|49812.1171875|76bcc1|SCO297|0|2311|0|||3|3|0|1|1|132|163|["132,18,5,3732","132,114,5,525","132,178,5,1702","132,146,5,1770","132,162,5"]|13:50:12:117
62|1.1|636136515992127097|0|49817.1171875|15.02266006071|102.5844170915|197445|148702||49817.1171875|360||35981.25|358|49817.1171875|76bcc1|SCO297|0|2311|0|||3|3|0|1|1|132|146|["132,18,5,3732","132,114,5,525","132,178,5,1702","132,146,5,1770","132,162,5"]|13:50:17:117
62|1.1|636136516042022086|0|49822.1015625|15.02011733037|102.57353270361|196276|148411||49822.1015625|359.75||35975|358|49822.1015625|76bcc1|SCO297|0|2311|0|||3|3|0|1|1|132|163|["132,18,5,3732","132,114,5,525","132,178,5,1702","132,146,5,1770","132,162,5"]|13:50:22:102
62|1.1|636136516091967080|0|49827.1015625|15.01729565071|102.56148960316|194983|148089||49827.1015625|360||35987.5|358|49827.1015625|76bcc1|SCO297|0|2311|0|||3|3|0|1|1|132|147|["132,18,5,3732","132,114,5,525","132,178,5,1702","132,146,5,1770","132,162,5"]|13:50:27:102
62|1.1|636136516141872070|0|49832.1015625|15.01491921708|102.55134013944|193893|147817||49832.1015625|360||36000|358|49832.1015625|76bcc1|SCO297|0|2311|0|||3|3|0|1|1|132|146|["132,18,5,3732","132,114,5,525","132,178,5,1702","132,146,5,1770","132,162,5"]|13:50:32:102
62|1.1|636136516191787061|0|49837.078125|15.01229065618|102.540160709|192693|147517||49837.078125|359.75||35987.5|358|49837.078125|76bcc1|SCO297|0|2311|0|||3|3|0|1|1|132|147|["132,18,5,3732","132,114,5,525","132,178,5,1702","132,146,5,1770","132,162,5"]|13:50:37:078
62|1.1|636136516241712053|0|49842.078125|15.0096728241|102.52887399036|191481|147218||49842.078125|359.5||35968.75|358|49842.078125|76bcc1|SCO297|0|2311|0|||3|3|0|1|1|132|147|["132,18,5,3732","132,114,5,525","132,178,5,1702","132,146,5,1770","132,162,5"]|13:50:42:078
62|1.1|636136516291637045|0|49847.0625|15.00703889879|102.51768919551|190280|146917||49847.0625|358.75||35906.25|356.75|49847.0625|76bcc1|SCO297|0|2311|-531.25|||3|3|2|1|1|132|146|["132,18,5,3732","132,114,5,525","132,178,5,1702","132,146,5,1770","132,162,5"]|13:50:47:063
62|1.1|636136516341562037|0|49852.0625|15.00442643112|102.50640247687|189068|146619||49852.0625|357.25||35881.25|355.5|49852.0625|76bcc1|SCO297|0|2311|-1043.75|||3|3|2|1|1|132|146|["132,18,5,3732","132,114,5,525","132,178,5,1702","132,146,5,1770","132,162,5"]|13:50:52:063
62|1.1|636136516391477028|0|49857.0625|15.00176568376|102.49511575823|187856|146315||49857.0625|355||35568.75|353|49857.0625|76bcc1|SCO297|0|2311|-1493.75|||3|3|2|1|1|132|146|["132,18,5,3732","132,114,5,525","132,178,5,1702","132,146,5,1770","132,162,5"]|13:50:57:063
62|1.1|636136516441402020|0|49862.0390625|14.99919613137|102.48379148872|186640|146021||49862.0390625|352.75||35443.75|349.75|49862.0390625|76bcc1|SCO297|0|2311|-2462.5|||3|3|2|1|1|132|146|["132,18,5,3732","132,114,5,525","132,178,5,1702","132,146,5,1770","132,162,5"]|13:51:02:039
62|1.1|636136516491327012|0|49867.0390625|14.99629934997|102.47193077821|185366|145691||49867.0390625|349.25||34950|347.5|49867.0390625|76bcc1|SCO297|0|2311|-2600|||3|3|2|1|1|132|163|["132,18,5,3732","132,114,5,525","132,178,5,1702","132,146,5,1770","132,162,5"]|13:51:07:039
62|1.1|636136516541242003|0|49872.015625|14.99369761112|102.46126633113|184221|145395||49872.015625|347||34700|345.25|49872.015625|76bcc1|SCO297|0|2311|-2581.25|||3|3|2|1|1|132|163|["132,18,5,3732","132,114,5,525","132,178,5,1702","132,146,5,1770","132,162,5"]|13:51:12:016
62|1.1|636136516591166995|0|49877.015625|14.99092957556|102.44951827323|182959|145079||49877.015625|344.75||34437.5|342.5|49877.015625|76bcc1|SCO297|0|2311|-2875|||3|3|2|1|1|132|163|["132,18,5,3732","132,114,5,525","132,178,5,1702","132,146,5,1770","132,162,5"]|13:51:17:016
62|1.1|636136516641091987|0|49882.015625|14.98822591292|102.43812426639|181736|144771||49882.015625|343||34187.5|339.5|49882.015625|76bcc1|SCO297|0|2311|-3150|||3|3|2|1|1|132|18|["132,18,5,3732","132,114,5,525","132,178,5,1702","132,146,5,1770","132,162,5"]|13:51:22:016
62|1.1|636136516691016979|0|49887|14.98559735202|102.4268107257|180521|144471||49887|340.25||33937.5|336.75|49887|76bcc1|SCO297|0|2311|-3268.75|||3|3|2|1|1|132|146|["132,18,5,3732","132,114,5,525","132,178,5,1702","132,146,5,1770","132,162,5"]|13:51:27:000
62|1.1|636136516740941971|0|49892|14.98294733348|102.41527187979|179281|144169||49892|338||33681.25|334.5|49892|76bcc1|SCO297|0|2311|-3112.5|||3|3|2|1|1|132|146|["132,18,5,3732","132,114,5,525","132,178,5,1702","132,146,5,1770","132,162,5"]|13:51:32:000
62|1.1|636136516790856962|0|49896.9765625|14.97992180624|102.4040119832|178072|143825||49896.9765625|336.5||33431.25|333.25|49896.9765625|76bcc1|SCO297|0|2311|-2325|||3|3|2|1|1|132|146|["132,18,5,3732","132,114,5,525","132,178,5,1702","132,146,5,1770","132,162,5"]|13:51:36:977
62|1.1|636136516840771953|0|49901.9765625|14.97750782174|102.39363184985|176957|143550||49901.9765625|335.25||33356.25|332.5|49901.9765625|76bcc1|SCO297|0|2311|-1912.5|||3|3|2|1|1|132|18|["132,18,5,3732","132,114,5,525","132,178,5,1702","132,146,5,1770","132,162,5"]|13:51:41:977
62|1.1|636136516890716947|0|49906.9765625|14.97469150649|102.38205008866|175713|143229||49906.9765625|333.75||33168.75|331.25|49906.9765625|76bcc1|SCO297|0|2311|-1656.25|||3|3|2|1|1|132|18|["132,18,5,3732","132,114,5,525","132,178,5,1702","132,146,5,1770","132,162,5"]|13:51:46:977
62|1.1|636136516940621937|0|49911.9609375|14.97203075913|102.37035567486|174457|142926||49911.9609375|332.25||33093.75|329.75|49911.9609375|76bcc1|SCO297|0|2311|-1631.25|||3|3|2|1|1|132|146|["132,18,5,3732","132,114,5,525","132,178,5,1702","132,146,5,1770","132,162,5"]|13:51:51:961
62|1.1|636136516990546929|0|49916.9609375|14.9692251727|102.35923525293|173263|142607||49916.9609375|330.75||32937.5|328.25|49916.9609375|76bcc1|SCO297|0|2311|-1731.25|||3|3|2|1|1|132|146|["132,18,5,3732","132,114,5,525","132,178,5,1702","132,146,5,1770","132,162,5"]|13:51:56:961
62|1.1|636136517040471921|0|49921.9375|14.96705258665|102.34976170487|172245|142360||49921.9375|328.25||32812.5|326.5|49921.9375|76bcc1|SCO297|0|2311|-1831.25|||3|3|2|1|1|132|147|["132,18,5,3732","132,114,5,525","132,178,5,1702","132,146,5,1770","132,162,5"]|13:52:01:938
62|1.1|636136517090396913|0|49926.9375|14.96449376308|102.33907043574|171097|142068||49926.9375|327.25||32656.25|325|49926.9375|76bcc1|SCO297|0|2311|-1850|||3|3|2|1|1|132|18|["132,18,5,3732","132,114,5,525","132,178,5,1702","132,146,5,1770","132,162,5"]|13:52:06:938
62|1.1|636136517140331906|0|49931.9375|14.96179546485|102.32688786063|169788|141761||49931.9375|325.75||32493.75|323|49931.9375|76bcc1|SCO297|0|2311|-1968.75|||3|3|2|1|1|132|18|["132,18,5,3732","132,114,5,525","132,178,5,1702","132,146,5,1770","132,162,5"]|13:52:11:938
62|1.1|636136517190236896|0|49936.921875|14.9593010142|102.31701734623|168728|141478||49936.921875|324.25||32350|321.5|49936.921875|76bcc1|SCO297|0|2311|-1950|||3|3|2|1|1|132|146|["132,18,5,3732","132,114,5,525","132,178,5,1702","132,146,5,1770","132,162,5"]|13:52:16:922
62|1.1|636136517240151887|0|49941.921875|14.95662417361|102.30522100864|167461|141173||49941.921875|322||32181.25|320|49941.921875|76bcc1|SCO297|0|2311|-1912.5|||3|3|2|1|1|132|5|["132,18,5,3732","132,114,5,525","132,178,5,1702","132,146,5,1770","132,162,5"]|13:52:21:922
62|1.1|636136517290086880|0|49946.8984375|14.95392051097|102.29370362037|166224|140865||49946.8984375|321.25||32025|318.5|49946.8984375|76bcc1|SCO297|0|2311|-1887.5|||3|3|2|1|1|132|18|["132,18,5,3732","132,114,5,525","132,178,5,1702","132,146,5,1770","132,162,5"]|13:52:26:898
62|1.1|636136517339991870|0|49951.8984375|14.95134559417|102.28343613963|165120|140573||49951.8984375|319.75||31875|317|49951.8984375|76bcc1|SCO297|0|2311|-1831.25|||3|3|2|1|1|132|18|["132,18,5,3732","132,114,5,525","132,178,5,1702","132,146,5,1770","132,162,5"]|13:52:31:898
62|1.1|636136517389916862|0|49956.8984375|14.9486794824|102.27244982795|163940|140270||49956.8984375|318||31718.75|315.5|49956.8984375|76bcc1|SCO297|0|2311|-1868.75|||3|3|2|1|1|132|18|["132,18,5,3732","132,114,5,525","132,178,5,1702","132,146,5,1770","132,162,5"]|13:52:36:898
62|1.1|636136517439841854|0|49961.875|14.94623331144|102.26302455958|162928|139993||49961.875|316.5||31575|314|49961.875|76bcc1|SCO297|0|2311|-1812.5|||3|3|2|1|1|132|146|["132,18,5,3732","132,114,5,525","132,178,5,1702","132,146,5,1770","132,162,5"]|13:52:41:875
62|1.1|636136517490076877|0|49966.875|14.94359938613|102.25196851057|161740|139693||49966.875|314.25||31412.5|312.25|49966.875|76bcc1|SCO297|0|2311|-1868.75|||3|3|2|1|1|132|147|["132,18,5,3732","132,114,5,525","132,178,5,1702","132,146,5,1770","132,162,5"]|13:52:46:875
62|1.1|636136517539691838|0|49971.859375|14.94083671498|102.24044575789|160502|139380||49971.859375|313||31250|310.75|49971.859375|76bcc1|SCO297|0|2311|-1931.25|||3|3|2|1|1|132|147|["132,18,5,3732","132,114,5,525","132,178,5,1702","132,146,5,1770","132,162,5"]|13:52:51:859
62|1.1|636136517589626831|0|49976.859375|14.93807940824|102.2292931495|159304|139067||49976.859375|311.25||31093.75|309.25|49976.859375|76bcc1|SCO297|0|2311|-1868.75|||3|3|2|1|1|132|5|["132,18,5,3732","132,114,5,525","132,178,5,1702","132,146,5,1770","132,162,5"]|13:52:56:859
62|1.1|636136517639521820|0|49981.859375|14.93558495759|102.21962111827|158265|138784||49981.859375|309.75||30956.25|308|49981.859375|76bcc1|SCO297|0|2311|-1750|||3|3|2|1|1|132|5|["132,18,5,3732","132,114,5,525","132,178,5,1702","132,146,5,1770","132,162,5"]|13:53:01:859
62|1.1|636136517689446812|0|49986.8359375|14.93295639669|102.2092302561|157149|138486||49986.8359375|308.75||30806.25|306.5|49986.8359375|76bcc1|SCO297|0|2311|-1750|||3|3|2|1|1|132|146|["132,18,5,3732","132,114,5,525","132,178,5,1702","132,146,5,1770","132,162,5"]|13:53:06:836
62|1.1|636136517739381805|0|49991.8359375|14.93026346287|102.19792207982|155933|138181||49991.8359375|306.25||30612.5|304.25|49991.8359375|76bcc1|SCO297|0|2311|-2006.25|||3|3|2|1|1|132|163|["132,18,5,3732","132,114,5,525","132,178,5,1702","132,146,5,1770","132,162,5"]|13:53:11:836
62|1.1|636136517789286795|0|49996.8203125|14.9275973511|102.18705378516|154766|137878||49996.8203125|305||30450|302.75|49996.8203125|76bcc1|SCO297|0|2311|-2050|||3|3|2|1|1|132|163|["132,18,5,3732","132,114,5,525","132,178,5,1702","132,146,5,1770","132,162,5"]|13:53:16:820
62|1.1|636136517839211787|0|50001.8203125|14.92490978169|102.17680776206|153665|137574||50001.8203125|303||30293.75|301.25|50001.8203125|76bcc1|SCO297|0|2311|-1887.5|||3|3|2|1|1|132|5|["132,18,5,3732","132,114,5,525","132,178,5,1702","132,146,5,1770","132,162,5"]|13:53:21:820
62|1.1|636136517889146780|0|50006.8203125|14.92276401769|102.16826762134|152748|137331||50006.8203125|302||30162.5|299.75|50006.8203125|76bcc1|SCO297|0|2311|-1850|||3|3|2|1|1|132|163|["132,18,5,3732","132,114,5,525","132,178,5,1702","132,146,5,1770","132,162,5"]|13:53:26:820
62|1.1|636136517939051770|0|50011.796875|14.92026420263|102.15817716613|151663|137048||50011.796875|300.75||30006.25|298.25|50011.796875|76bcc1|SCO297|0|2311|-1850|||3|3|2|1|1|132|146|["132,18,5,3732","132,114,5,525","132,178,5,1702","132,146,5,1770","132,162,5"]|13:53:31:797
62|1.1|636136517988976762|0|50016.796875|14.91757663322|102.14605896394|150361|136742||50016.796875|299||29850|296.75|50016.796875|76bcc1|SCO297|0|2311|-1887.5|||3|3|2|1|1|132|163|["132,18,5,3732","132,114,5,525","132,178,5,1702","132,146,5,1770","132,162,5"]|13:53:36:797
62|1.1|636136518038931757|0|50021.78125|14.9145081907|102.13417143138|149084|136395||50021.78125|297.25||29706.25|295.5|50021.78125|76bcc1|SCO297|0|2311|-1675|||3|3|2|1|1|132|147|["132,18,5,3732","132,114,5,525","132,178,5,1702","132,146,5,1770","132,162,5"]|13:53:41:781
62|1.1|636136518088816745|0|50026.78125|14.91239997757|102.12575467209|148179|136156||50026.78125|296.5||29593.75|294.25|50026.78125|76bcc1|SCO297|0|2311|-1656.25|||3|3|2|1|1|132|146|["132,18,5,3732","132,114,5,525","132,178,5,1702","132,146,5,1770","132,162,5"]|13:53:46:781
62|1.1|636136518138741737|0|50031.78125|14.90966412847|102.11460742811|146981|135846||50031.78125|294.75||29437.5|292.75|50031.78125|76bcc1|SCO297|0|2311|-1693.75|||3|3|2|1|1|132|147|["132,18,5,3732","132,114,5,525","132,178,5,1702","132,146,5,1770","132,162,5"]|13:53:51:781
62|1.1|636136518188666729|0|50036.7578125|14.90696046583|102.10383569283|145824|135540||50036.7578125|293.5||29281.25|291|50036.7578125|76bcc1|SCO297|0|2311|-1812.5|||3|3|2|1|1|132|18|["132,18,5,3732","132,114,5,525","132,178,5,1702","132,146,5,1770","132,162,5"]|13:53:56:758
62|1.1|636136518238581720|0|50041.7578125|14.90437482021|102.09387398346|144754|135248||50041.7578125|292||29131.25|289.5|50041.7578125|76bcc1|SCO297|0|2311|-1812.5|||3|3|2|1|1|132|146|["132,18,5,3732","132,114,5,525","132,178,5,1702","132,146,5,1770","132,162,5"]|13:54:01:758
62|1.1|636136518288506712|0|50046.7421875|14.90179990341|102.08410002844|143704|134956||50046.7421875|290.25||28975|288|50046.7421875|76bcc1|SCO297|0|2311|-1812.5|||3|3|2|1|1|132|146|["132,18,5,3732","132,114,5,525","132,178,5,1702","132,146,5,1770","132,162,5"]|13:54:06:742
62|1.1|636136518338431704|0|50051.7421875|14.89920352897|102.07390228503|142608|134663||50051.7421875|288||28800|286.25|50051.7421875|76bcc1|SCO297|0|2311|-1931.25|||3|3|2|1|1|132|147|["132,18,5,3732","132,114,5,525","132,178,5,1702","132,146,5,1770","132,162,5"]|13:54:11:742
62|1.1|636136518388356696|0|50056.7421875|14.89666616304|102.06398885535|141542|134376||50056.7421875|286.75||28650|284.75|50056.7421875|76bcc1|SCO297|0|2311|-1887.5|||3|3|2|1|1|132|147|["132,18,5,3732","132,114,5,525","132,178,5,1702","132,146,5,1770","132,162,5"]|13:54:16:742
62|1.1|636136518438271687|0|50061.71875|14.89408588183|102.05373210343|140440|134084||50061.71875|285.75||28500|283.25|50061.71875|76bcc1|SCO297|0|2311|-1868.75|||3|3|2|1|1|132|146|["132,18,5,3732","132,114,5,525","132,178,5,1702","132,146,5,1770","132,162,5"]|13:54:21:719
62|1.1|636136518488196679|0|50066.71875|14.89151632944|102.04372211437|139364|133794||50066.71875|284.5||28375|281.75|50066.71875|76bcc1|SCO297|0|2311|-1812.5|||3|3|2|1|1|132|146|["132,18,5,3732","132,114,5,525","132,178,5,1702","132,146,5,1770","132,162,5"]|13:54:26:719
62|1.1|636136518538111670|0|50071.6953125|14.88890386177|102.03380332028|138298|133499||50071.6953125|283.25||28250|280.75|50071.6953125|76bcc1|SCO297|0|2311|-1693.75|||3|3|2|1|1|132|146|["132,18,5,3732","132,114,5,525","132,178,5,1702","132,146,5,1770","132,162,5"]|13:54:31:695
62|1.1|636136518588046663|0|50076.6953125|14.88623238559|102.02377187358|137220|133197||50076.6953125|282||28131.25|279.5|50076.6953125|76bcc1|SCO297|0|2311|-1575|||3|3|2|1|1|132|146|["132,18,5,3732","132,114,5,525","132,178,5,1702","132,146,5,1770","132,162,5"]|13:54:36:695
62|1.1|636136518637961654|0|50081.6953125|14.88348580767|102.01281238395|136043|132887||50081.6953125|280.5||27981.25|278|50081.6953125|76bcc1|SCO297|0|2311|-1693.75|||3|3|2|1|1|132|146|["132,18,5,3732","132,114,5,525","132,178,5,1702","132,146,5,1770","132,162,5"]|13:54:41:695
62|1.1|636136518687876645|0|50086.6796875|14.88086261118|102.00310280185|134999|132591||50086.6796875|278.75||27837.5|276.5|50086.6796875|76bcc1|SCO297|0|2311|-1712.5|||3|3|2|1|1|132|146|["132,18,5,3732","132,114,5,525","132,178,5,1702","132,146,5,1770","132,162,5"]|13:54:46:680
62|1.1|636136518737821639|0|50091.6796875|14.87812676208|101.99236325303|133845|132282||50091.6796875|277||27675|274.75|50091.6796875|76bcc1|SCO297|0|2311|-1831.25|||3|3|2|1|1|132|147|["132,18,5,3732","132,114,5,525","132,178,5,1702","132,146,5,1770","132,162,5"]|13:54:51:680
62|1.1|636136518787726629|0|50096.65625|14.87548210795|101.98206358583|132738|131983||50096.65625|276||27525|273.25|50096.65625|76bcc1|SCO297|0|2311|-1812.5|||3|3|2|1|1|132|146|["132,18,5,3732","132,114,5,525","132,178,5,1702","132,146,5,1770","132,162,5"]|13:54:56:656
62|1.1|636136518837651621|0|50101.65625|14.87285891146|101.97191412211|131647|131687||50101.65625|274.5||27362.5|272|50101.65625|76bcc1|SCO297|0|2311|-1750|||3|3|2|1|1|132|146|["132,18,5,3732","132,114,5,525","132,178,5,1702","132,146,5,1770","132,162,5"]|13:55:01:656
62|1.1|636136518887566612|0|50106.65625|14.8703590964|101.96328815083|130720|131406||50106.65625|273||27243.75|270.75|50106.65625|76bcc1|SCO297|0|2311|-1656.25|||3|3|2|1|1|132|146|["132,18,5,3732","132,114,5,525","132,178,5,1702","132,146,5,1770","132,162,5"]|13:55:06:656
62|1.1|636136518937511606|0|50111.640625|14.86785928134|101.95320842444|129636|131123||50111.640625|271.5||27106.25|269.25|50111.640625|76bcc1|SCO297|0|2311|-1712.5|||3|3|2|1|1|132|146|["132,18,5,3732","132,114,5,525","132,178,5,1702","132,146,5,1770","132,162,5"]|13:55:11:641
62|1.1|636136518987406595|0|50116.640625|14.86500541522|101.94236158742|128470|130801||50116.640625|270||26925|267.5|50116.640625|76bcc1|SCO297|0|2311|-1831.25|||3|3|2|1|1|132|146|["132,18,5,3732","132,114,5,525","132,178,5,1702","132,146,5,1770","132,162,5"]|13:55:16:641
62|1.1|636136519037331587|0|50121.6171875|14.86252169339|101.93333328539|127500|130522||50121.6171875|268.5||26806.25|266.25|50121.6171875|76bcc1|SCO297|0|2311|-1712.5|||3|3|2|1|1|132|18|["132,18,5,3732","132,114,5,525","132,178,5,1702","132,146,5,1770","132,162,5"]|13:55:21:617
62|1.1|636136519087266580|0|50126.6171875|14.85990386131|101.92291560117|126380|130226||50126.6171875|266.75||26650|264.5|50126.6171875|76bcc1|SCO297|0|2311|-1768.75|||3|3|2|1|1|132|5|["132,18,5,3732","132,114,5,525","132,178,5,1702","132,146,5,1770","132,162,5"]|13:55:26:617
62|1.1|636136519137171570|0|50131.6171875|14.85733967333|101.91262129838|125274|129937||50131.6171875|265.75||26506.25|263.25|50131.6171875|76bcc1|SCO297|0|2311|-1712.5|||3|3|2|1|1|132|18|["132,18,5,3732","132,114,5,525","132,178,5,1702","132,146,5,1770","132,162,5"]|13:55:31:617
62|1.1|636136519187116564|0|50136.6015625|14.8549095956|101.90344279287|124287|129663||50136.6015625|264.25||26375|262|50136.6015625|76bcc1|SCO297|0|2311|-1631.25|||3|3|2|1|1|132|18|["132,18,5,3732","132,114,5,525","132,178,5,1702","132,146,5,1770","132,162,5"]|13:55:36:602
62|1.1|636136519237021554|0|50141.6015625|14.8527101875|101.89451641463|123327|129415||50141.6015625|262.5||26243.75|260.75|50141.6015625|76bcc1|SCO297|0|2311|-1575|||3|3|2|1|1|132|163|["132,18,5,3732","132,114,5,525","132,178,5,1702","132,146,5,1770","132,162,5"]|13:55:41:602
62|1.1|636136519286956547|0|50146.578125|14.85035521151|101.88498922247|122303|129149||50146.578125|261.5||26112.5|259.25|50146.578125|76bcc1|SCO297|0|2311|-1675|||3|3|2|1|1|132|146|["132,18,5,3732","132,114,5,525","132,178,5,1702","132,146,4,1770","132,162,5"]|13:55:46:578
62|1.1|636136519336871538|0|50151.578125|14.84790904055|101.87416384309|121139|128873||50151.578125|259.5||25943.75|257.5|50151.578125|76bcc1|SCO297|0|2311|-1831.25|||3|3|2|1|1|132|5|["132,18,5,3732","132,114,5,525","132,178,5,1702","132,146,4,1770","132,162,5"]|13:55:51:578
62|1.1|636136519386786529|0|50156.578125|14.84554870015|101.86401974378|120048|128607||50156.578125|258.25||25793.75|256|50156.578125|76bcc1|SCO297|0|2311|-1793.75|||3|3|2|1|1|132|163|["132,18,5,3732","132,114,5,525","132,178,5,1702","132,146,4,1770","132,162,5"]|13:55:56:578
62|1.1|636136519436721522|0|50161.5625|14.84331174118|101.85482514504|119060|128354||50161.5625|257||25662.5|254.75|50161.5625|76bcc1|SCO297|0|2311|-1731.25|||3|3|2|1|1|132|18|["132,18,5,3732","132,114,5,525","132,178,5,1702","132,146,4,1770","132,162,5"]|13:56:01:563
62|1.1|636136519486636513|0|50166.5625|14.8409621296|101.84499754592|118003|128089||50166.5625|255.5||25512.5|253.25|50166.5625|76bcc1|SCO297|0|2311|-1750|||3|3|2|1|1|132|18|["132,18,5,3732","132,114,5,525","132,178,5,1702","132,146,4,1770","132,162,5"]|13:56:06:563
62|1.1|636136519536551504|0|50171.5390625|14.83855887392|101.83491781953|116919|127818||50171.5390625|254||25362.5|251.75|50171.5390625|76bcc1|SCO297|0|2311|-1750|||3|3|2|1|1|132|18|["132,18,5,3732","132,114,5,525","132,178,5,1702","132,146,4,1770","132,162,5"]|13:56:11:539
62|1.1|636136519586466495|0|50176.5390625|14.83622535557|101.82499366103|115852|127555||50176.5390625|252.5||25206.25|250.25|50176.5390625|76bcc1|SCO297|0|2311|-1812.5|||3|3|2|1|1|132|18|["132,18,5,3732","132,114,5,525","132,178,5,1702","132,146,4,1770","132,162,5"]|13:56:16:539
62|1.1|636136519636391487|0|50181.5390625|14.83385965076|101.81519824837|114799|127288||50181.5390625|251.25||25062.5|248.75|50181.5390625|76bcc1|SCO297|0|2311|-1750|||3|3|2|1|1|132|18|["132,18,5,3732","132,114,5,525","132,178,5,1702","132,146,4,1770","132,162,5"]|13:56:21:539
62|1.1|636136519686316479|0|50186.515625|14.8313598357|101.80595000553|113804|127007||50186.515625|249.75||24875|247.5|50186.515625|76bcc1|SCO297|0|2311|-1731.25|||3|3|2|1|1|132|18|["132,18,5,3732","132,114,5,525","132,178,5,1702","132,146,4,1770","132,162,5"]|13:56:26:516
62|1.1|636136519736231470|0|50191.515625|14.8284094102|101.79642281337|112780|126676||50191.515625|248.25||24712.5|246|50191.515625|76bcc1|SCO297|0|2311|-1731.25|||3|3|2|1|1|132|18|["132,18,5,3732","132,114,5,525","132,178,5,1702","132,162,5"]|13:56:31:516
62|1.1|636136519786156462|0|50196.5|14.82398377195|101.78733013842|111804|126181||50196.5|247||24618.75|244.5|50196.5|76bcc1|SCO297|0|2311|-1750|||3|3|2|1|1|132|18|["132,18,5,3732","132,114,5,525","132,178,5,1702","132,162,5"]|13:56:36:500
62|1.1|636136519836081454|0|50201.5|14.82029842228|101.77822673465|110825|125770||50201.5|245.75||24468.75|243.25|50201.5|76bcc1|SCO297|0|2311|-1693.75|||3|3|2|1|1|132|18|["132,18,5,3732","132,114,5,525","132,178,5,1702","132,162,5"]|13:56:41:500
62|1.1|636136519886026448|0|50206.5|14.81556701266|101.76941300902|109879|125242||50206.5|243.75||24350|241.75|50206.5|76bcc1|SCO297|0|2311|-1631.25|||3|3|2|1|1|132|5|["132,18,5,3732","132,114,5,525","132,178,5,1702","132,162,5"]|13:56:46:500
62|1.1|636136519935941439|0|50211.4765625|14.81112528118|101.76061537662|108934|124746||50211.4765625|242.5||24200|240.25|50211.4765625|76bcc1|SCO297|0|2311|-1712.5|||3|3|2|1|1|132|18|["132,18,5,3732","132,114,5,525","132,178,5,1702","132,162,5"]|13:56:51:477
62|1.1|636136519985836428|0|50216.4765625|14.80699468548|101.7526116769|108074|124285||50216.4765625|241||24062.5|238.75|50216.4765625|76bcc1|SCO297|0|2311|-1750|||3|3|2|1|1|132|18|["132,18,5,3732","132,114,5,525","132,178,5,1702","132,162,5"]|13:56:56:477
62|1.1|636136520035771421|0|50221.4609375|14.80258514046|101.74455969749|107209|123793||50221.4609375|239.5||23931.25|237.5|50221.4609375|76bcc1|SCO297|0|2311|-1731.25|||3|3|2|1|1|132|18|["132,18,5,3732","132,114,5,525","132,178,5,1702","132,162,5"]|13:57:01:461
62|1.1|636136520085696413|0|50226.4609375|14.79763915444|101.73574060745|106262|123242||50226.4609375|238||23768.75|235.75|50226.4609375|76bcc1|SCO297|0|2311|-1793.75|||3|3|2|1|1|132|18|["132,18,5,3732","132,114,5,525","132,178,5,1702","132,162,5"]|13:57:06:461
62|1.1|636136520135601403|0|50231.4609375|14.79294529569|101.7278281027|105412|122719||50231.4609375|236.75||23631.25|234.5|50231.4609375|76bcc1|SCO297|0|2311|-1750|||3|3|2|1|1|132|18|["132,18,5,3732","132,114,5,525","132,178,5,1702","132,162,5"]|13:57:11:461
62|1.1|636136520185526395|0|50236.4375|14.78772036035|101.7192450467|104491|122137||50236.4375|235.25||23481.25|233|50236.4375|76bcc1|SCO297|0|2311|-1768.75|||3|3|2|1|1|132|18|["132,18,5,3732","132,114,5,525","132,178,5,1702","132,162,5"]|13:57:16:438
62|1.1|636136520235461388|0|50241.4375|14.78231303507|101.70999680386|103498|121534||50241.4375|233.25||23306.25|231.5|50241.4375|76bcc1|SCO297|0|2311|-1831.25|||3|3|2|1|1|132|163|["132,18,5,3732","132,114,5,525","132,178,5,1702","132,162,5"]|13:57:21:438
62|1.1|636136520285366378|0|50246.421875|14.77794104092|101.70263146893|102706|121047||50246.421875|231.75||23175|229.75|50246.421875|76bcc1|SCO297|0|2311|-1831.25|||3|3|2|1|1|132|163|["132,18,5,3732","132,114,5,525","132,178,5,1702","132,162,5"]|13:57:26:422
62|1.1|636136520335291370|0|50251.421875|14.77329546186|101.69465995567|101850|120530||50251.421875|230.5||23025|228.5|50251.421875|76bcc1|SCO297|0|2311|-1750|||3|3|2|1|1|132|18|["132,18,5,3732","132,114,5,525","132,178,5,1702","132,162,5"]|13:57:31:422
62|1.1|636136520385216362|0|50256.421875|14.76797933155|101.68532051786|100847|119938||50256.421875|229.25||22856.25|227|50256.421875|76bcc1|SCO297|0|2311|-1750|||3|3|2|1|1|132|18|["132,18,5,3732","132,114,5,525","132,178,5,1702","132,162,5"]|13:57:36:422
62|1.1|636136520435141354|0|50261.3984375|14.76292069292|101.67653897869|99903|119374||50261.3984375|227.75||22725|225.5|50261.3984375|76bcc1|SCO297|0|2311|-1750|||3|3|2|1|1|132|18|["132,18,5,3732","132,114,5,525","132,178,5,1702","132,162,5"]|13:57:41:398
62|1.1|636136520485056345|0|50266.3984375|14.75802298659|101.66815977027|99003|118828||50266.3984375|226.25||22587.5|224|50266.3984375|76bcc1|SCO297|0|2311|-1750|||3|3|2|1|1|132|18|["132,18,5,3732","132,114,5,525","132,178,5,1702","132,162,5"]|13:57:46:398
62|1.1|636136520534981337|0|50271.375|14.75355443306|101.66054767248|98186|118331||50271.375|224.75||22450|222.5|50271.375|76bcc1|SCO297|0|2311|-1712.5|||3|3|2|1|1|132|18|["132,18,5,3732","132,114,5,525","132,178,5,1702","132,162,5"]|13:57:51:375
62|1.1|636136520584896328|0|50276.375|14.74889812518|101.65262980332|97335|117812||50276.375|223.25||22306.25|221.25|50276.375|76bcc1|SCO297|0|2311|-1712.5|||3|3|2|1|1|132|18|["132,18,5,3732","132,114,5,525","132,178,5,1702","132,162,5"]|13:57:56:375
62|1.1|636136520634831321|0|50281.375|14.74390385947|101.64395018794|96402|117256||50281.375|222||22143.75|219.5|50281.375|76bcc1|SCO297|0|2311|-1750|||3|3|2|1|1|132|18|["132,18,5,3732","132,114,5,525","132,178,5,1702","132,162,5"]|13:58:01:375
62|1.1|636136520684746312|0|50286.359375|14.73892568699|101.63526520815|95469|116701||50286.359375|220.75||22006.25|218.25|50286.359375|76bcc1|SCO297|0|2311|-1712.5|||3|3|2|1|1|132|18|["132,18,5,3732","132,114,5,525","132,178,5,1702","132,162,5"]|13:58:06:359
62|1.1|636136520734671304|0|50291.359375|14.73408698917|101.62710057613|94592|116163||50291.359375|219.5||21906.25|217.25|50291.359375|76bcc1|SCO297|0|2311|-1537.5|||3|3|2|1|1|132|18|["132,18,5,3732","132,114,5,525","132,178,5,1702","132,162,5"]|13:58:11:359
62|1.1|636136520784586295|0|50296.3359375|14.72967744415|101.61949384275|93774|115671||50296.3359375|218.25||21775|216|50296.3359375|76bcc1|SCO297|0|2311|-1475|||3|3|2|1|1|132|18|["132,18,5,3732","132,114,5,525","132,178,5,1702","132,162,5"]|13:58:16:336
62|1.1|636136520834511287|0|50301.3359375|14.72506941596|101.61159743123|92926|115158||50301.3359375|217||21656.25|214.75|50301.3359375|76bcc1|SCO297|0|2311|-1493.75|||3|3|2|1|1|132|18|["132,18,5,3732","132,114,5,525","132,178,5,1702","132,162,5"]|13:58:21:336
62|1.1|636136520884436279|0|50306.3359375|14.72010733671|101.60288026498|91989|114606||50306.3359375|215.5||21525|213.5|50306.3359375|76bcc1|SCO297|0|2311|-1537.5|||3|3|2|1|1|132|18|["132,18,5,3732","132,114,5,525","132,178,5,1702","132,162,5"]|13:58:26:336
62|1.1|636136520934351270|0|50311.3203125|14.71533837622|101.59464589563|91104|114075||50311.3203125|214||21393.75|212|50311.3203125|76bcc1|SCO297|0|2311|-1612.5|||3|3|2|1|1|132|18|["132,18,5,3732","132,114,5,525","132,178,5,1702","132,162,5"]|13:58:31:320
62|1.1|636136520984276262|0|50316.3203125|14.71027973759|101.58617012783|90193|113512||50316.3203125|212.5||21237.5|210.75|50316.3203125|76bcc1|SCO297|0|2311|-1575|||3|3|2|1|1|132|163|["132,18,5,3732","132,114,5,525","132,178,5,1702","132,162,5"]|13:58:36:320
62|1.1|636136521034201254|0|50321.296875|14.7058862858|101.57859558091|89379|113023||50321.296875|211||21093.75|209.25|50321.296875|76bcc1|SCO297|0|2311|-1631.25|||3|3|2|1|1|132|18|["132,18,5,3732","132,114,5,525","132,178,5,1702","132,162,5"]|13:58:41:297
62|1.1|636136521084126246|0|50326.296875|14.70117633382|101.57033975392|88492|112498||50326.296875|209.25||20950|206.75|50326.296875|76bcc1|SCO297|0|2311|-2362.5|||3|3|2|1|1|132|18|["132,18,5,3732","132,114,5,525","132,178,5,1702","132,162,5"]|13:58:46:297
62|1.1|636136521134061239|0|50331.296875|14.69612842401|101.56171378264|87565|111936||50331.296875|207.5||20737.5|205|50331.296875|76bcc1|SCO297|0|2311|-2262.5|||3|3|2|1|1|132|18|["132,18,5,3732","132,114,5,525","132,178,5,1702","132,162,5"]|13:58:51:297
62|1.1|636136521183976230|0|50336.28125|14.69167596371|101.55421433746|86759|111441||50336.28125|206.25||20581.25|203.75|50336.28125|76bcc1|SCO297|0|2311|-2068.75|||3|3|2|1|1|132|18|["132,18,5,3732","132,114,5,525","132,178,5,1702","132,162,5"]|13:58:56:281
62|1.1|636136521233891221|0|50341.28125|14.68696064732|101.54610334954|85887|110916||50341.28125|204.75||20418.75|202.5|50341.28125|76bcc1|SCO297|0|2311|-1768.75|||3|3|2|1|1|132|18|["132,18,5,3732","132,114,5,525","132,178,5,1702","132,162,5"]|13:59:01:281
62|1.1|636136521283806212|0|50346.2578125|14.68236334795|101.53805137013|85021|110405||50346.2578125|203.75||20250|201.5|50346.2578125|76bcc1|SCO297|0|2311|-1612.5|||3|3|2|1|1|132|18|["132,18,5,3732","132,114,5,525","132,178,5,1702","132,162,5"]|13:59:06:258
62|1.1|636136521333721203|0|50351.2578125|14.67780896386|101.53056265377|84216|109898||50351.2578125|202.5||20200|200.25|50351.2578125|76bcc1|SCO297|0|2311|-1537.5|||3|3|2|1|1|132|18|["132,18,5,3732","132,114,5,525","132,178,5,1702","132,162,5"]|13:59:11:258
62|1.1|636136521383646195|0|50356.2578125|14.67278251169|101.52193131808|83288|109338||50356.2578125|201.25||20068.75|199|50356.2578125|76bcc1|SCO297|0|2311|-1518.75|||3|3|2|1|1|132|18|["132,18,5,3732","132,114,5,525","132,178,5,1702","132,162,5"]|13:59:16:258
62|1.1|636136521433581188|0|50361.2421875|14.66812620381|101.51377741488|82411|108820||50361.2421875|200||19943.75|197.75|50361.2421875|76bcc1|SCO297|0|2311|-1493.75|||3|3|2|1|1|132|18|["132,18,5,3732","132,114,5,525","132,178,5,1702","132,162,5"]|13:59:21:242
62|1.1|636136521483516181|0|50366.2421875|14.66316412456|101.50536602|81507|108269||50366.2421875|198.75||19825|196.5|50366.2421875|76bcc1|SCO297|0|2311|-1475|||3|3|2|1|1|132|18|["132,18,5,3732","132,114,5,525","132,178,5,1702","132,162,5"]|13:59:26:242
62|1.1|636136521533411170|0|50371.21875|14.65815376562|101.49704045568|80612|107711||50371.21875|197.25||19706.25|195.5|50371.21875|76bcc1|SCO297|0|2311|-1456.25|||3|3|2|1|1|132|5|["132,18,5,3732","132,114,5,525","132,178,5,1702","132,162,5"]|13:59:31:219
62|1.1|636136521583336162|0|50376.21875|14.65400707669|101.48988969715|79843|107250||50376.21875|196.25||19600|194.25|50376.21875|76bcc1|SCO297|0|2311|-1418.75|||3|3|2|1|1|132|18|["132,18,5,3732","132,114,5,525","132,178,5,1702","132,162,5"]|13:59:36:219
62|1.1|636136521633251153|0|50381.21875|14.64961898931|101.4825136334|79050|106762||50381.21875|195||19487.5|193|50381.21875|76bcc1|SCO297|0|2311|-1400|||3|3|2|1|1|132|18|["132,18,5,3732","132,114,5,525","132,178,5,1702","132,162,5"]|13:59:41:219
62|1.1|636136521683176145|0|50386.1953125|14.64476419826|101.47415051821|78151|106222||50386.1953125|193.75||19362.5|191.75|50386.1953125|76bcc1|SCO297|0|2311|-1418.75|||3|3|2|1|1|132|18|["132,18,5,3732","132,114,5,525","132,178,5,1702","132,162,5"]|13:59:46:195
62|1.1|636136521733091136|0|50391.1953125|14.64005961069|101.46617364054|77293|105698||50391.1953125|192.5||19237.5|190.5|50391.1953125|76bcc1|SCO297|0|2311|-1456.25|||3|3|2|1|1|132|18|["132,18,5,3732","132,114,5,525","132,178,5,1702","132,162,5"]|13:59:51:195
62|1.1|636136521783026129|0|50396.1796875|14.63546767573|101.45819676287|76435|105188||50396.1796875|191.25||19112.5|189.25|50396.1796875|76bcc1|SCO297|0|2311|-1518.75|||3|3|2|1|1|132|18|["132,18,5,3732","132,114,5,525","132,178,5,1702","132,162,5"]|13:59:56:180
62|1.1|636136521832941120|0|50401.1796875|14.63121906301|101.45094408055|75655|104715||50401.1796875|190||18993.75|188|50401.1796875|76bcc1|SCO297|0|2311|-1518.75|||3|3|2|1|1|132|18|["132,18,5,3732","132,114,5,525","132,178,5,1702","132,162,5"]|14:00:01:180
62|1.1|636136521882866112|0|50406.1796875|14.62631062786|101.44236638896|74732|104169||50406.1796875|189||18862.5|186.75|50406.1796875|76bcc1|SCO297|0|2311|-1493.75|||3|3|2|1|1|132|18|["132,18,5,3732","132,114,5,525","132,178,5,1702","132,162,5"]|14:00:06:180
62|1.1|636136521932791104|0|50411.15625|14.62176160818|101.4342875875|73863|103663||50411.15625|187.75||18737.5|185.5|50411.15625|76bcc1|SCO297|0|2311|-1475|||3|3|2|1|1|132|18|["132,18,5,3732","132,114,5,525","132,178,5,1702","132,162,5"]|14:00:11:156
62|1.1|636136521982696094|0|50416.15625|14.61666541868|101.42579572647|72950|103097||50416.15625|186.5||18606.25|184.5|50416.15625|76bcc1|SCO297|0|2311|-1456.25|||3|3|2|1|1|132|18|["132,18,5,3732","132,114,5,525","132,178,5,1702","132,162,5"]|14:00:16:156
62|1.1|636136522032481072|0|50421.140625|14.61284595876|101.41933161242|72255|102672||50421.140625|185.25||18500|183.25|50421.140625|76bcc1|SCO297|0|2311|-1456.25|||3|3|2|1|1|132|18|["132,18,5,3732","132,114,5,525","132,178,5,1702","132,162,5"]|14:00:21:141
62|1.1|636136522082536077|0|50426.140625|14.60804481181|101.41106505661|71365|102138||50426.140625|183.75||18362.5|181.75|50426.140625|76bcc1|SCO297|0|2311|-1493.75|||3|3|2|1|1|132|18|["132,18,5,3732","132,114,5,525","132,178,5,1702","132,162,5"]|14:00:26:141
62|1.1|636136522132341057|0|50431.140625|14.60344751244|101.40315791627|70515|101627||50431.140625|182.5||18243.75|180.5|50431.140625|76bcc1|SCO297|0|2311|-1537.5|||3|3|2|1|1|132|18|["132,18,5,3732","132,114,5,525","132,178,5,1702","132,162,5"]|14:00:31:141
62|1.1|636136522182256048|0|50436.1171875|14.59909697593|101.39579258134|69722|101144||50436.1171875|181.25||18125|179.25|50436.1171875|76bcc1|SCO297|0|2311|-1537.5|||3|3|2|1|1|132|18|["132,18,5,3732","132,114,5,525","132,178,5,1702"]|14:00:36:117
62|1.1|636136522232161038|0|50441.1171875|14.5945747783|101.38794981392|68879|100641||50441.1171875|180||18000|178|50441.1171875|76bcc1|SCO297|0|2311|-1537.5|||3|3|2|1|1|132|18|["132,18,5,3732","132,114,5,525","132,178,5,1702"]|14:00:41:117
62|1.1|636136522282096031|0|50446.1015625|14.5896395211|101.37949550376|67969|100092||50446.1015625|179||17862.5|176.75|50446.1015625|76bcc1|SCO297|0|2311|-1493.75|||3|3|2|1|1|132|18|["132,18,5,3732","132,114,5,525","132,178,5,1702"]|14:00:46:102
62|1.1|636136522332011022|0|50451.1015625|14.58535335751|101.37222672821|67187|99616||50451.1015625|177.75||17756.25|175.75|50451.1015625|76bcc1|SCO297|0|2311|-1437.5|||3|3|2|1|1|132|18|["132,18,5,3732","132,114,5,525","132,178,5,1702"]|14:00:51:102
62|1.1|636136522381926013|0|50456.1015625|14.58097063454|101.36478629154|66387|99129||50456.1015625|176.5||17637.5|174.5|50456.1015625|76bcc1|SCO297|0|2311|-1375|||3|3|2|1|1|132|18|["132,18,5,3732","132,114,5,525","132,178,5,1702"]|14:00:56:102
62|1.1|636136522431851005|0|50461.078125|14.57659327598|101.35728684636|65580|98642||50461.078125|175.25||17518.75|173.25|50461.078125|76bcc1|SCO297|0|2311|-1375|||3|3|2|1|1|132|18|["132,18,5,3732","132,114,5,525","132,178,5,1702"]|14:01:01:078
62|1.1|636136522481775997|0|50466.078125|14.57217300214|101.34968547739|64762|98151||50466.078125|174.5||17393.75|172|50466.078125|76bcc1|SCO297|0|2311|-1375|||3|3|2|1|1|132|114|["132,18,5,3732","132,114,5,525","132,178,5,1702"]|14:01:06:078
62|1.1|636136522531710990|0|50471.0625|14.56746305016|101.34138137071|63868|97627||50471.0625|172.75||17268.75|170.5|50471.0625|76bcc1|SCO297|0|2311|-1518.75|||3|3|2|1|1|132|18|["132,18,5,3732","132,114,5,525","132,178,5,1702"]|14:01:11:063
62|1.1|636136522581625981|0|50476.0625|14.56293012371|101.33346350155|63016|97124||50476.0625|171.5||17143.75|169.25|50476.0625|76bcc1|SCO297|0|2311|-1537.5|||3|3|2|1|1|132|18|["132,18,5,3732","132,114,5,525","132,178,5,1702"]|14:01:16:063
62|1.1|636136522631540972|0|50481.0625|14.5577749257|101.32500919139|62106|96551||50481.0625|170||16993.75|168|50481.0625|76bcc1|SCO297|0|2311|-1556.25|||3|3|2|1|1|132|5|["132,18,5,3732","132,114,5,525","132,178,5,1702"]|14:01:21:063
62|1.1|636136522681455963|0|50486.0390625|14.55397692342|101.31856653498|61413|96129||50486.0390625|169.25||16887.5|166.75|50486.0390625|76bcc1|SCO297|0|2311|-1556.25|||3|3|2|1|1|132|178|["132,18,5,3732","132,114,5,525","132,178,5,1702"]|14:01:26:039
62|1.1|636136522731380955|0|50491.0390625|14.54972294629|101.31137822558|60639|95657||50491.0390625|168||16750|165.25|50491.0390625|76bcc1|SCO297|0|2311|-1556.25|||3|3|2|1|1|132|178|["132,18,5,3732","132,114,5,525","132,178,5,1702"]|14:01:31:039
62|1.1|636136522781295946|0|50496.015625|14.54504518077|101.30336916145|59778|95137||50496.015625|166.75||16606.25|164|50496.015625|76bcc1|SCO297|0|2311|-1556.25|||3|3|2|1|1|132|178|["132,18,5,3732","132,114,5,525","132,178,5,1702"]|14:01:36:016
62|1.1|636136522831230939|0|50501.015625|14.54056589842|101.29571951279|58954|94639||50501.015625|165.5||16475|162.75|50501.015625|76bcc1|SCO297|0|2311|-1537.5|||3|3|2|1|1|132|178|["132,18,5,3732","132,114,5,525","132,178,5,1702"]|14:01:41:016
62|1.1|636136522881135929|0|50506.015625|14.53579157352|101.28762998251|58083|94109||50506.015625|163.75||16362.5|161.75|50506.015625|76bcc1|SCO297|0|2311|-1475|||3|3|2|1|1|132|5|["132,18,5,3732","132,114,5,525","132,178,5,1702"]|14:01:46:016
62|1.1|636136522931080923|0|50511|14.53185409658|101.28099420734|57369|93672||50511|163||16256.25|160.5|50511|76bcc1|SCO297|0|2311|-1456.25|||3|3|2|1|1|132|178|["132,18,5,3732","132,114,5,525","132,178,5,1702"]|14:01:51:000
62|1.1|636136522981005915|0|50516|14.52746064479|101.2734625757|56558|93184||50516|161.75||16131.25|159.25|50516|76bcc1|SCO297|0|2311|-1475|||3|3|2|1|1|132|178|["132,18,5,3732","132,114,5,525","132,178,5,1702"]|14:01:56:000
62|1.1|636136523030910905|0|50520.9765625|14.52346952375|101.26651030034|55810|92740||50520.9765625|160.5||16012.5|158|50520.9765625|76bcc1|SCO297|0|2311|-1456.25|||3|3|2|1|1|132|178|["132,18,5,3732","132,114,5,525","132,178,5,1702"]|14:02:00:977
62|1.1|636136523080825896|0|50525.9765625|14.51911898724|101.2591932451|55022|92257||50525.9765625|159.25||15893.75|156.75|50525.9765625|76bcc1|SCO297|0|2311|-1475|||3|3|2|1|1|132|114|["132,18,5,3732","132,114,5,525","132,178,5,1702"]|14:02:05:977
62|1.1|636136523130750888|0|50530.9765625|14.51440903526|101.25086768078|54126|91735||50530.9765625|158||15731.25|155.25|50530.9765625|76bcc1|SCO297|0|2311|-1537.5|||3|3|2|1|1|132|178|["132,18,5,3732","132,114,5,525","132,178,5,1702"]|14:02:10:977
62|1.1|636136523180685881|0|50535.9609375|14.5100853208|101.24332532032|53314|91254||50535.9609375|156.75||15600|154|50535.9609375|76bcc1|SCO297|0|2311|-1537.5|||3|3|2|1|1|132|178|["132,18,5,3732","132,114,5,525","132,178,5,1702"]|14:02:15:961
62|1.1|636136523230610873|0|50540.9609375|14.50600300479|101.23523579004|52443|90801||50540.9609375|155||15481.25|153|50540.9609375|76bcc1|SCO297|0|2311|-1456.25|||3|3|2|1|1|132|5|["132,18,5,3732","132,114,5,525","132,178,5,1702"]|14:02:20:961
62|1.1|636136523280525864|0|50545.9375|14.50306330811|101.22884141332|51754|90474||50545.9375|153.75||15368.75|151.75|50545.9375|76bcc1|SCO297|0|2311|-1456.25|||3|3|2|1|1|132|5|["132,18,5,3732","132,114,5,525","132,178,5,1702"]|14:02:25:938
62|1.1|636136523330440855|0|50550.9375|14.49969982304|101.22049439136|50855|90100||50550.9375|153||15243.75|150.5|50550.9375|76bcc1|SCO297|0|2311|-1475|||3|3|2|1|1|132|178|["132,18,5,3732","132,114,5,525","132,178,5,1702"]|14:02:30:938
62|1.1|636136523380355846|0|50555.9375|14.49718927916|101.21274281891|50020|89821||50555.9375|151.75||15131.25|149.25|50555.9375|76bcc1|SCO297|0|2311|-1437.5|||3|3|2|1|1|132|178|["132,18,5,3732","132,114,5,525","132,178,5,1702"]|14:02:35:938
62|1.1|636136523430280838|0|50560.921875|14.49509715926|101.20482494975|49167|89587||50560.921875|150.75||15031.25|148.25|50560.921875|76bcc1|SCO297|0|2311|-1375|||3|3|2|1|1|132|114|["132,18,5,3732","132,114,5,525","132,178,5,1702"]|14:02:40:922
62|1.1|636136523480205830|0|50565.921875|14.49310159874|101.19615069878|48232|89365||50565.921875|149.5||14893.75|147|50565.921875|76bcc1|SCO297|0|2311|-1400|||3|3|2|1|1|132|178|["132,18,5,3732","132,114,5,525","132,178,5,1702"]|14:02:45:922
62|1.1|636136523530120821|0|50570.8984375|14.49147618251|101.18837766869|47395|89183||50570.8984375|148||14793.75|145.75|50570.8984375|76bcc1|SCO297|0|2311|-1456.25|||3|3|2|1|1|132|178|["132,18,5,3732","132,114,5,525","132,178,5,1702"]|14:02:50:898
62|1.1|636136523580045813|0|50575.8984375|14.49027991908|101.17967659567|46457|89049||50575.8984375|146.25||14631.25|144.25|50575.8984375|76bcc1|SCO297|0|2311|-1593.75|||3|3|2|1|1|132|5|["132,18,5,3732","132,114,5,525","132,178,5,1702"]|14:02:55:898
62|1.1|636136523629970805|0|50580.8984375|14.48908902006|101.17213423521|45644|88916||50580.8984375|145.25||14512.5|143|50580.8984375|76bcc1|SCO297|0|2311|-1537.5|||3|3|2|1|1|132|5|["132,18,5,3732","132,114,5,525","132,178,5,1702"]|14:03:00:898
62|1.1|636136523679905798|0|50585.875|14.48762990054|101.16408762021|44777|88753||50585.875|144.25||14387.5|141.75|50585.875|76bcc1|SCO297|0|2311|-1537.5|||3|3|2|1|1|132|178|["132,18,5,3732","132,114,5,525","132,178,5,1702"]|14:03:05:875
62|1.1|636136523729820789|0|50590.875|14.48668576438|101.15554747949|43856|88647||50590.875|143.5||14275|140.75|50590.875|76bcc1|SCO297|0|2311|-1437.5|||3|3|2|1|1|132|178|["132,18,5,3732","132,114,5,525","132,178,5,1702"]|14:03:10:875
62|1.1|636136523779735780|0|50595.859375|14.48545195008|101.14742576275|42981|88509||50595.859375|142.5||14168.75|139.75|50595.859375|76bcc1|SCO297|0|2311|-1318.75|||3|3|2|1|1|132|114|["132,18,5,3732","132,114,5,525","132,178,5,1702"]|14:03:15:859
62|1.1|636136523829660772|0|50600.859375|14.4845507292|101.14073634348|42260|88408||50600.859375|141.5||14093.75|139|50600.859375|76bcc1|SCO297|0|2311|-1218.75|||3|3|2|1|1|132|114|["132,18,5,3732","132,114,5,525","132,178,5,1702"]|14:03:20:859
62|1.1|636136523879575763|0|50605.859375|14.48338665223|101.13221229599|41341|88278||50605.859375|140.5||14025|138.5|50605.859375|76bcc1|SCO297|0|2311|-1025|||3|3|2|1|1|132|5|["132,18,5,3732","132,114,5,525","132,178,5,1702"]|14:03:25:859
62|1.1|636136523929510756|0|50610.8359375|14.48249079576|101.12624170766|40698|88178||50610.8359375|140||13981.25|137.75|50610.8359375|76bcc1|SCO297|0|2311|-868.75|||3|3|2|1|1|132|5|["132,18,5,3732","132,114,5,525","132,178,5,1702"]|14:03:30:836
62|1.1|636136523979425747|0|50615.8359375|14.48126234587|101.11808244005|39818|88040||50615.8359375|139.5||13900|137|50615.8359375|76bcc1|SCO297|0|2311|-868.75|||3|3|2|1|1|132|178|["132,18,5,3732","132,114,5,525","132,178,5,1702"]|14:03:35:836
62|1.1|636136524029340738|0|50620.8203125|14.48008754008|101.1100626471|38954|87909||50620.8203125|138.5||13831.25|136.5|50620.8203125|76bcc1|SCO297|0|2311|-843.75|||3|3|2|1|1|132|178|["132,18,5,3732","132,114,5,525","132,178,5,1702"]|14:03:40:820
62|1.1|636136524079265730|0|50625.8203125|14.47898783603|101.10301381236|38194|87786||50625.8203125|137.5||13750|135.5|50625.8203125|76bcc1|SCO297|0|2311|-906.25|||3|3|2|1|1|132|178|["132,18,5,3732","132,114,5,525","132,178,5,1702"]|14:03:45:820
62|1.1|636136524129180721|0|50630.8203125|14.4778988608|101.09594351998|37432|87664||50630.8203125|136.5||13650|134.5|50630.8203125|76bcc1|SCO297|0|2311|-1006.25|||3|3|2|1|1|132|178|["132,18,5,3732","132,114,5,525","132,178,5,1702"]|14:03:50:820
62|1.1|636136524179105713|0|50635.796875|14.47656312271|101.08721562491|36491|87515||50635.796875|135||13506.25|133.25|50635.796875|76bcc1|SCO297|0|2311|-1162.5|||3|3|2|1|1|132|5|["132,18,5,3732","132,114,5,525","132,178,5,1702"]|14:03:55:797
62|1.1|636136524229030705|0|50640.796875|14.47567799506|101.08149716385|35875|87416||50640.796875|134.5||13425|132.25|50640.796875|76bcc1|SCO297|0|2311|-1181.25|||3|3|2|1|1|132|114|["132,18,5,3732","132,114,5,525","132,178,5,1702"]|14:04:00:797
62|1.1|636136524278955697|0|50645.78125|14.47461047747|101.07443223588|35113|87297||50645.78125|133.5||13331.25|131.25|50645.78125|76bcc1|SCO297|0|2311|-1162.5|||3|3|2|1|1|132|114|["132,18,5,3732","132,114,5,525","132,178,5,1702"]|14:04:05:781
62|1.1|636136524328870688|0|50650.78125|14.47352686665|101.06717418915|34331|87176||50650.78125|132.75||13237.5|130.25|50650.78125|76bcc1|SCO297|0|2311|-1162.5|||3|3|2|1|1|132|5|["132,18,5,3732","132,114,5,525","132,178,5,1702"]|14:04:10:781
62|1.1|636136524378795680|0|50655.78125|14.47236278968|101.05906320123|33456|87046||50655.78125|131.25||13112.5|129|50655.78125|76bcc1|SCO297|0|2311|-1318.75|||3|3|2|1|1|132|114|["132,18,5,3732","132,114,5,525","132,178,5,1702"]|14:04:15:781
62|1.1|636136524428730673|0|50660.7578125|14.47116116184|101.05109168797|32597|86912||50660.7578125|130||12981.25|127.75|50660.7578125|76bcc1|SCO297|0|2311|-1375|||3|3|2|1|1|132|5|["132,18,5,3732","132,114,5,525","132,178,5,1702"]|14:04:20:758
62|1.1|636136524478655665|0|50665.7578125|14.46999172046|101.04361370043|31791|86782||50665.7578125|129.25||12868.75|126.75|50665.7578125|76bcc1|SCO297|0|2311|-1356.25|||3|3|2|1|1|132|114|["132,18,5,3732","132,114,5,525","132,178,5,1702"]|14:04:25:758
62|1.1|636136524528570656|0|50670.7421875|14.46890274523|101.03711739992|31091|86660||50670.7421875|128||12768.75|125.75|50670.7421875|76bcc1|SCO297|0|2311|-1300|||3|3|2|1|1|132|114|["132,18,5,3732","132,114,5,525","132,178,5,1702"]|14:04:30:742
62|1.1|636136524578475646|0|50675.7421875|14.46780304118|101.03042798065|30370|86538||50675.7421875|127||12681.25|124.75|50675.7421875|76bcc1|SCO297|0|2311|-1237.5|||3|3|2|1|1|132|114|["132,18,5,3732","132,114,5,525"]|14:04:35:742
62|1.1|636136524628400638|0|50680.7421875|14.46669260831|101.02281588286|29549|86414||50680.7421875|125.75||12562.5|123.5|50680.7421875|76bcc1|SCO297|0|2311|-1300|||3|3|2|1|1|132|114|["132,18,5,3732","132,114,5,525"]|14:04:40:742
62|1.1|636136524678325630|0|50685.71875|14.46557681103|101.01525206476|28734|86289||50685.71875|124.75||12431.25|122.25|50685.71875|76bcc1|SCO297|0|2311|-1356.25|||3|3|2|1|1|132|114|["132,18,5,3732","132,114,5,525"]|14:04:45:719
62|1.1|636136524728270624|0|50690.71875|14.46452538667|101.00879867953|28038|86172||50690.71875|123.25||12331.25|121.25|50690.71875|76bcc1|SCO297|0|2311|-1356.25|||3|3|2|1|1|132|5|["132,18,5,3732","132,114,5,525"]|14:04:50:719
62|1.1|636136524778165613|0|50695.6953125|14.4634149538|101.00132069199|27232|86049||50695.6953125|122.25||12187.5|120|50695.6953125|76bcc1|SCO297|0|2311|-1418.75|||3|3|2|1|1|132|114|["132,18,5,3732","132,114,5,525"]|14:04:55:695
62|1.1|636136524828090605|0|50700.6953125|14.46232597857|100.99401972998|26445|85927||50700.6953125|121||12062.5|118.5|50700.6953125|76bcc1|SCO297|0|2311|-1493.75|||3|3|2|1|1|132|114|["132,18,5,3732","132,114,5,525"]|14:05:00:695
62|1.1|636136524878005596|0|50705.6953125|14.46124236775|100.98730885307|25722|85807||50705.6953125|119.75||11950|117.25|50705.6953125|76bcc1|SCO297|0|2311|-1475|||3|3|2|1|1|132|114|["132,18,5,3732","132,114,5,525"]|14:05:05:695
62|1.1|636136524927930588|0|50710.6796875|14.46018557898|100.98025465392|24961|85689||50710.6796875|118.5||11831.25|116.25|50710.6796875|76bcc1|SCO297|0|2311|-1456.25|||3|3|2|1|1|132|114|["132,18,5,3732","132,114,5,525"]|14:05:10:680
62|1.1|636136524977855580|0|50715.6796875|14.45894103586|100.97202028457|24073|85551||50715.6796875|117||11693.75|115|50715.6796875|76bcc1|SCO297|0|2311|-1400|||3|3|2|1|1|132|5|["132,18,5,3732","132,114,5,525"]|14:05:15:680
62|1.1|636136525027770571|0|50720.65625|14.45798617088|100.96557762816|23379|85444||50720.65625|116||11587.5|114|50720.65625|76bcc1|SCO297|0|2311|-1400|||3|3|2|1|1|132|5|["132,18,5,3732","132,114,5,525"]|14:05:20:656
62|1.1|636136525077705564|0|50725.65625|14.45688646683|100.95836249671|22601|85322||50725.65625|116||11475|112.75|50725.65625|76bcc1|SCO297|0|2311|-1400|||3|3|2|1|1|132|18|["132,18,5,3732","132,114,5,525"]|14:05:25:656
62|1.1|636136525127620555|0|50730.65625|14.45585650011|100.95176963682|21890|85207||50730.65625|114||11375|111.75|50730.65625|76bcc1|SCO297|0|2311|-1356.25|||3|3|2|1|1|132|114|["132,18,5,3732","132,114,5,525"]|14:05:30:656
62|1.1|636136525177535546|0|50735.640625|14.45481044016|100.94466179357|21124|85091||50735.640625|113||11268.75|110.5|50735.640625|76bcc1|SCO297|0|2311|-1337.5|||3|3|2|1|1|132|114|["132,18,5,3732","132,114,5,525"]|14:05:35:641
62|1.1|636136525227460538|0|50740.640625|14.45376974462|100.93753785709|20356|84975||50740.640625|111.75||11150|109.5|50740.640625|76bcc1|SCO297|0|2311|-1356.25|||3|3|2|1|1|132|114|["132,18,5,3732","132,114,5,525"]|14:05:40:641
62|1.1|636136525277395531|0|50745.6171875|14.45271832026|100.93021007303|19566|84858||50745.6171875|110.75||11031.25|108.25|50745.6171875|76bcc1|SCO297|0|2311|-1356.25|||3|3|2|1|1|132|114|["132,18,5,3732","132,114,5,525"]|14:05:45:617
62|1.1|636136525327310522|0|50750.6171875|14.45165616708|100.92290911102|18779|84740||50750.6171875|109.75||10931.25|107.25|50750.6171875|76bcc1|SCO297|0|2311|-1300|||3|3|2|1|1|132|114|["132,18,5,3732","132,114,5,525"]|14:05:50:617
62|1.1|636136525377225513|0|50755.6171875|14.45067984446|100.91574225926|18006|84631||50755.6171875|108.75||10831.25|106.25|50755.6171875|76bcc1|SCO297|0|2311|-1262.5|||3|3|2|1|1|132|114|["132,18,5,3732","132,114,5,525"]|14:05:55:617
62|1.1|636136525427170507|0|50760.6015625|14.44951040308|100.90743278817|17110|84501||50760.6015625|108||10737.5|105.5|50760.6015625|76bcc1|SCO297|0|2311|-1181.25|||3|3|2|1|1|132|114|["132,18,5,3732","132,114,5,525"]|14:06:00:602
62|1.1|636136525477075497|0|50765.6015625|14.4483409617|100.90020156349|16330|84372||50765.6015625|107.5||10675|105|50765.6015625|76bcc1|SCO297|0|2311|-981.25|||3|3|2|1|1|132|114|["132,18,5,3732","132,114,5,525"]|14:06:05:602
62|1.1|636136525527000489|0|50770.578125|14.44724125765|100.89308299142|15563|84249||50770.578125|106.75||10618.75|104.5|50770.578125|76bcc1|SCO297|0|2311|-768.75|||3|3|2|1|1|132|114|["132,18,5,3732","132,114,5,525"]|14:06:10:578
62|1.1|636136525576915480|0|50775.578125|14.44621129093|100.886313106|14833|84135||50775.578125|106.25||10568.75|104|50775.578125|76bcc1|SCO297|0|2311|-731.25|||3|3|2|1|1|132|114|["132,18,5,3732","132,114,5,525"]|14:06:15:578
62|1.1|636136525626830471|0|50780.578125|14.44505257837|100.87996700897|14149|84006||50780.578125|105.75||10525|103.5|50780.578125|76bcc1|SCO297|0|2311|-668.75|||3|3|2|1|1|132|114|["132,18,5,3732","132,114,5,525"]|14:06:20:578
62|1.1|636136525676755463|0|50785.5625|14.44405479811|100.87363164076|13466|83895||50785.5625|105.25||10487.5|103|50785.5625|76bcc1|SCO297|0|2311|-612.5|||3|3|2|1|1|132|114|["132,18,5,3732","132,114,5,525"]|14:06:25:563
62|1.1|636136525726680455|0|50790.5625|14.44315894164|100.86922209574|12991|83796||50790.5625|105||10475|102.75|50790.5625|76bcc1|SCO297|0|2311|-531.25|||3|3|2|1|1|132|114|["132,18,5,3732","132,114,5,525"]|14:06:30:563
62|1.1|636136525776595446|0|50795.5390625|14.44213433933|100.86237174417|12252|83682||50795.5390625|104.5||10443.75|102.5|50795.5390625|76bcc1|SCO297|0|2311|-475|||3|3|2|1|1|132|5|["132,18,5,3732","132,114,5,525"]|14:06:35:539
62|1.1|636136525826520438|0|50800.5390625|14.44103999969|100.85582179956|11546|83561||50800.5390625|104.25||10412.5|102.25|50800.5390625|76bcc1|SCO297|0|2311|-431.25|||3|3|2|1|1|132|114|["132,18,5,3732","132,114,5,525"]|14:06:40:539
62|1.1|636136525876445430|0|50805.5390625|14.44002076179|100.8497814739|10894|83448||50805.5390625|103.5||10368.75|101.75|50805.5390625|76bcc1|SCO297|0|2311|-450|||3|3|2|1|1|132|114|["132,18,5,3732","132,114,5,525"]|14:06:45:539
62|1.1|636136525926360421|0|50810.515625|14.43895860861|100.84307059699|10171|83330||50810.515625|102.75||10300|101|50810.515625|76bcc1|SCO297|0|2311|-587.5|||3|3|2|1|1|132|114|["132,18,5,3732","132,114,5,525"]|14:06:50:516
62|1.1|636136525976285413|0|50815.515625|14.43791254866|100.83639190654|9451|83214||50815.515625|101.75||10206.25|99.75|50815.515625|76bcc1|SCO297|0|2311|-1062.5|||3|3|2|1|1|132|114|["132,18,5,3732","132,114,5,525"]|14:06:55:516
62|1.1|636136526026200404|0|50820.5|14.43688258194|100.82992242808|8753|83100||50820.5|100.75||10087.5|98.5|50820.5|76bcc1|SCO297|0|2311|-1218.75|||3|3|2|1|1|132|114|["132,18,5,3732","132,114,5,525"]|14:07:00:500
62|1.1|636136526076145398|0|50825.5|14.43599208988|100.82407522118|8123|83001||50825.5|99.5||9956.25|97.5|50825.5|76bcc1|SCO297|0|2311|-1237.5|||3|3|2|1|1|132|5|["132,18,5,3732","132,114,5,525"]|14:07:05:500
62|1.1|636136526126060389|0|50830.5|14.43498894521|100.81761110713|7425|82890||50830.5|98.5||9837.5|96.25|50830.5|76bcc1|SCO297|0|2311|-1262.5|||3|3|2|1|1|132|114|["132,18,5,3732","132,114,5,525"]|14:07:10:500
62|1.1|636136526175975380|0|50835.4765625|14.43408235992|100.81177462905|6796|82789||50835.4765625|97.25||9718.75|95.25|50835.4765625|76bcc1|SCO297|0|2311|-1318.75|||3|3|2|1|1|132|114|["132,18,5,3732","132,114,5,525"]|14:07:15:477
62|1.1|636136526225890371|0|50840.4765625|14.43309530848|100.80519786239|6087|82680||50840.4765625|96||9581.25|94|50840.4765625|76bcc1|SCO297|0|2311|-1375|||3|3|2|1|1|132|114|["132,18,5,3732","132,114,5,525"]|14:07:20:477
62|1.1|636136526275815363|0|50845.4609375|14.43218335878|100.79932383344|5454|82579||50845.4609375|94.75||9456.25|92.5|50845.4609375|76bcc1|SCO297|0|2311|-1456.25|||3|3|2|1|1|132|114|["132,18,5,3732","132,114,5,525"]|14:07:25:461
62|1.1|636136526325750356|0|50850.4609375|14.43121240057|100.79265587181|4735|82471||50850.4609375|93.75||9325|91.25|50850.4609375|76bcc1|SCO297|0|2311|-1493.75|||3|3|2|1|1|132|114|["132,18,5,3732","132,114,5,525"]|14:07:30:461
62|1.1|636136526375705351|0|50855.4609375|14.43028972205|100.7865887241|4080|82369||50855.4609375|92.75||9231.25|90.25|50855.4609375|76bcc1|SCO297|0|2311|-1375|||3|3|2|1|1|132|114|["132,18,5,3732","132,114,5,525"]|14:07:35:461
62|1.1|636136526425580338|0|50860.4375|14.42934022148|100.7799904998|3369|82264||50860.4375|91.5||9131.25|89.25|50860.4375|76bcc1|SCO297|0|2311|-1318.75|||3|3|2|1|1|132|114|["132,18,5,3732","132,114,5,525"]|14:07:40:438
62|1.1|636136526475505330|0|50865.4375|14.42836389886|100.7735532078|2675|82156||50865.4375|90.5||9043.75|88.5|50865.4375|76bcc1|SCO297|0|2311|-1237.5|||3|3|2|1|1|132|5|["132,18,5,3732","132,114,5,525"]|14:07:45:438
62|1.1|636136526525430322|0|50870.421875|14.42740903388|100.76707836493|1977|82050||50870.421875|89.5||8931.25|87.25|50870.421875|76bcc1|SCO297|0|2311|-1262.5|||3|3|2|1|1|132|114|["132,18,5,3732","132,114,5,525"]|14:07:50:422
62|1.1|636136526575355314|0|50875.421875|14.42645953331|100.7610541325|1327|81945||50875.421875|88.5||8825|86.25|50875.421875|76bcc1|SCO297|0|2311|-1262.5|||3|3|2|1|1|132|114|["132,18,5,3732","132,114,5,525"]|14:07:55:422
62|1.1|636136526625270305|0|50880.421875|14.42551003274|100.75494406951|668|81840||50880.421875|87.5||8737.5|85.25|50880.421875|76bcc1|SCO297|0|2311|-1218.75|||3|3|2|1|1|132|114|["132,18,5,3732","132,114,5,525"]|14:08:00:422
62|1.1|636136526675195297|0|50885.3984375|14.42451225248|100.74813663322|-66|81730||50885.3984375|86.25||8618.75|84|50885.3984375|76bcc1|SCO297|0|2311|-1300|||3|3|2|1|1|132|114|["132,18,5,3732","132,114,5,525"]|14:08:05:398
62|1.1|636136526725130290|0|50890.3984375|14.42354129427|100.74205339228|-722|81622||50890.3984375|85.75||8518.75|83|50890.3984375|76bcc1|SCO297|0|2311|-1300|||3|3|2|1|1|132|5|["132,18,5,3732","132,114,5,525"]|14:08:10:398
62|1.1|636136526775035280|0|50895.375|14.42254887842|100.7354122527|-1438|81513||50895.375|84.25||8412.5|82|50895.375|76bcc1|SCO297|0|2311|-1262.5|||3|3|2|1|1|132|114|["132,18,5,3732","132,114,5,525"]|14:08:15:375
62|1.1|636136526824960272|0|50900.375|14.42156719139|100.72945239319|-2081|81404||50900.375|83.25||8318.75|81|50900.375|76bcc1|SCO297|0|2311|-1218.75|||3|3|2|1|1|132|114|["132,18,5,3732","132,114,5,525"]|14:08:20:375
62|1.1|636136526874875263|0|50905.375|14.42024754653|100.72281125361|-2797|81258||50905.375|82||8187.5|79.75|50905.375|76bcc1|SCO297|0|2311|-1300|||3|3|2|1|1|132|114|["132,18,5,3732","132,114,5,525"]|14:08:25:375
62|1.1|636136526924800255|0|50910.359375|14.41909956279|100.71653489391|-3474|81131||50910.359375|81||8068.75|78.75|50910.359375|76bcc1|SCO297|0|2311|-1318.75|||3|3|2|1|1|132|114|["132,18,5,3732","132,114,5,525"]|14:08:30:359
62|1.1|636136526974725247|0|50915.359375|14.41451835665|100.71098809397|-4072|80624||50915.359375|80||7968.75|77.75|50915.359375|76bcc1|SCO297|0|2311|-1281.25|||3|3|2|1|1|132|114|["132,18,5,3732","132,114,5,525"]|14:08:35:359
62|1.1|636136527024660240|0|50920.3359375|14.41067207468|100.70650344721|-4556|80199||50920.3359375|79||7875|76.75|50920.3359375|76bcc1|SCO297|0|2311|-1218.75|||3|3|2|1|1|132|5|["132,18,5,3732","132,114,5,525"]|14:08:40:336
62|1.1|636136527074565230|0|50925.3359375|14.40697599619|100.70134288479|-5112|79790||50925.3359375|78.75||7775|75.75|50925.3359375|76bcc1|SCO297|0|2311|-1218.75|||3|3|2|1|1|132|18|["132,18,5,3732","132,114,5,525"]|14:08:45:336
62|1.1|636136527124490222|0|50930.3359375|14.40226604421|100.6971103653|-5569|79269||50930.3359375|77.75||7668.75|74.75|50930.3359375|76bcc1|SCO297|0|2311|-1218.75|||3|3|2|1|1|132|18|["132,18,5,3732","132,114,5,525"]|14:08:50:336
62|1.1|636136527174405213|0|50935.3203125|14.39613452358|100.69451399086|-5849|78590||50935.3203125|76.75||7568.75|73.75|50935.3203125|76bcc1|SCO297|0|2311|-1200|||3|3|2|1|1|132|18|["132,18,5,3732","132,114,5,525"]|14:08:55:320
62|1.1|636136527224330205|0|50940.3203125|14.38881210393|100.69418676185|-5885|77780||50940.3203125|75.75||7462.5|72.75|50940.3203125|76bcc1|SCO297|0|2311|-1200|||3|3|2|1|1|132|18|["132,18,5,3732","132,114,5,525"]|14:09:00:320
62|1.1|636136527274245196|0|50945.296875|14.38254647305|100.69395609222|-5910|77087||50945.296875|74.75||7368.75|71.75|50945.296875|76bcc1|SCO297|0|2311|-1200|||3|3|2|1|1|132|18|["132,18,5,3732","132,114,5,525"]|14:09:05:297
62|1.1|636136527324170188|0|50950.296875|14.3765115118|100.69450326204|-5851|76419||50950.296875|74||7300|71|50950.296875|76bcc1|SCO297|0|2311|-1143.75|||3|3|2|1|1|132|18|["132,18,5,3732","132,114,5,525"]|14:09:10:297
62|1.1|636136527374095180|0|50955.296875|14.37079841515|100.69327481215|-5984|75787||50955.296875|73.5||7250|70.5|50955.296875|76bcc1|SCO297|0|2311|-1025|||3|3|2|1|1|132|18|["132,18,5,3732","132,114,5,525"]|14:09:15:297
62|1.1|636136527424030173|0|50960.28125|14.36559493745|100.69041021721|-6293|75211||50960.28125|72.5||7225|70.5|50960.28125|76bcc1|SCO297|0|2311|-750|||3|3|2|1|1|132|5|["132,18,5,3732","132,114,5,525"]|14:09:20:281
62|1.1|636136527473945164|0|50965.28125|14.36006959515|100.68984158975|-6354|74600||50965.28125|72.5||7162.5|69.75|50965.28125|76bcc1|SCO297|0|2311|-750|||3|3|2|1|1|132|18|["132,18,5,3732"]|14:09:25:281
62|1.1|636136527523860155|0|50970.2578125|14.35413119328|100.68905302148|-6440|73943||50970.2578125|72||7137.5|69.5|50970.2578125|76bcc1|SCO297|0|2311|-668.75|||3|3|2|1|1|132|18|["132,18,5,3732"]|14:09:30:258
62|1.1|636136527573785147|0|50975.2578125|14.34789238445|100.68845757197|-6504|73252||50975.2578125|71.5||7106.25|69|50975.2578125|76bcc1|SCO297|0|2311|-612.5|||3|3|2|1|1|132|18|["132,18,5,3732"]|14:09:35:258
62|1.1|636136527623710139|0|50980.2578125|14.3418574232|100.6868643422|-6676|72585||50980.2578125|71||7062.5|68.5|50980.2578125|76bcc1|SCO297|0|2311|-612.5|||3|3|2|1|1|132|18|["132,18,5,3732"]|14:09:40:258
62|1.1|636136527673635131|0|50985.2421875|14.33587074164|100.68561443467|-6811|71922||50985.2421875|70.25||6987.5|68|50985.2421875|76bcc1|SCO297|0|2311|-650|||3|3|2|1|1|132|18|["132,18,5,3732"]|14:09:45:242
62|1.1|636136527723560123|0|50990.2421875|14.32985187362|100.68461129|-6919|71257||50990.2421875|69.75||6925|67.25|50990.2421875|76bcc1|SCO297|0|2311|-668.75|||3|3|2|1|1|132|18|["132,18,5,3732"]|14:09:50:242
62|1.1|636136527773465113|0|50995.21875|14.32385446324|100.68390855229|-6995|70593||50995.21875|69.25||6875|66.75|50995.21875|76bcc1|SCO297|0|2311|-668.75|||3|3|2|1|1|132|18|["132,18,5,3732"]|14:09:55:219
62|1.1|636136527823390105|0|51000.21875|14.31780877317|100.68340429775|-7050|69924||51000.21875|68.75||6825|66.25|51000.21875|76bcc1|SCO297|0|2311|-650|||3|3|2|1|1|132|18|["132,18,5,3732"]|14:10:00:219
62|1.1|636136527873335099|0|51005.21875|14.3118703713|100.68248698364|-7149|69267||51005.21875|67.75||6731.25|65.5|51005.21875|76bcc1|SCO297|0|2311|-731.25|||3|3|2|1|1|132|18|["132,18,5,3732"]|14:10:05:219
62|1.1|636136527923250090|0|51010.1953125|14.30597488471|100.68152675425|-7253|68615||51010.1953125|66.75||6625|64.5|51010.1953125|76bcc1|SCO297|0|2311|-868.75|||3|3|2|1|1|132|18|["132,18,5,3732"]|14:10:10:195
62|1.1|636136527973155080|0|51015.1953125|14.30004721166|100.68060407573|-7353|67959||51015.1953125|66||6531.25|63.25|51015.1953125|76bcc1|SCO297|0|2311|-943.75|||3|3|2|1|1|132|18|["132,18,5,3732"]|14:10:15:195
62|1.1|636136528023070071|0|51020.1796875|14.29412490302|100.67987988038|-7431|67304||51020.1796875|65.5||6468.75|62.75|51020.1796875|76bcc1|SCO297|0|2311|-925|||3|3|2|1|1|132|18|["132,18,5,3732"]|14:10:20:180
62|1.1|636136528072995063|0|51025.1796875|14.28818650115|100.67909131211|-7516|66647||51025.1796875|65.25||6450|62.5|51025.1796875|76bcc1|SCO297|0|2311|-668.75|||3|3|2|1|1|132|18|["132,18,5,3732"]|14:10:25:180
62|1.1|636136528122920055|0|51030.1796875|14.28232320102|100.67818472682|-7614|65998||51030.1796875|65||6437.5|62.5|51030.1796875|76bcc1|SCO297|0|2311|-450|||3|3|2|1|1|132|18|["132,18,5,3732","132,114,4,525"]|14:10:30:180
62|1.1|636136528172845047|0|51035.15625|14.27657791791|100.67741225178|-7698|65362||51035.15625|64.75||6425|62.5|51035.15625|76bcc1|SCO297|0|2311|-337.5|||3|3|2|1|1|132|18|["132,18,5,3732","132,114,4,525"]|14:10:35:156
62|1.1|636136528222760038|0|51040.15625|14.27077362629|100.67672024289|-7772|64720||51040.15625|64.25||6387.5|62.25|51040.15625|76bcc1|SCO297|0|2311|-375|||3|3|2|1|1|132|18|["132,18,5,3732","132,114,4,525"]|14:10:40:156
62|1.1|636136528272675029|0|51045.140625|14.26663766618|100.67578683555|-7873|64263||51045.140625|62.75||6312.5|60.75|51045.140625|76bcc1|SCO297|0|2311|-868.75|||3|3|2|1|1|132|5|["132,18,5,3732","132,114,4,525"]|14:10:45:141
62|1.1|636136528322600021|0|51050.140625|14.26089238307|100.6749017079|-7969|63627||51050.140625|62.25||6193.75|60|51050.140625|76bcc1|SCO297|0|2311|-868.75|||3|3|2|1|1|132|18|["132,18,5,3732","132,114,4,525"]|14:10:50:141
62|1.1|636136528372515012|0|51055.140625|14.25516319319|100.6740434023|-8062|62993||51055.140625|61||6068.75|58.5|51055.140625|76bcc1|SCO297|0|2311|-1162.5|||3|3|2|1|1|132|5|["132,18,5,3732","132,114,4,525"]|14:10:55:141
62|1.1|636136528422450005|0|51060.1171875|14.24949301182|100.67321191875|-8152|62366||51060.1171875|60.5||5981.25|57.75|51060.1171875|76bcc1|SCO297|0|2311|-1162.5|||3|3|2|1|1|132|18|["132,18,5,3732"]|14:11:00:117
62|1.1|636136528472364996|0|51065.1171875|14.24381210163|100.6723804352|-8242|61737||51065.1171875|59.5||5875|56.75|51065.1171875|76bcc1|SCO297|0|2311|-1162.5|||3|3|2|1|1|132|18|["132,18,5,3732"]|14:11:05:117
