62|1.1|636136510307418683|0|49248.65625|18.5272773934|106.73841771233|633992|545278||49248.65625|370||37000|370|49248.65625|780aa1|HKE754|0|2231|0|||3|3|0|1|1|132|162|["132,178,5,1650","132,146,4,1662","132,162,5"]|13:40:48:656
62|1.1|636136510357363677|0|49253.640625|18.52505652766|106.74911434587|635133|545065||49253.640625|370||37006.25|370|49253.640625|780aa1|HKE754|0|2231|0|||3|3|0|1|1|132|162|["132,178,5,1650","132,146,4,1662","132,162,5"]|13:40:53:641
62|1.1|636136510407258666|0|49258.640625|18.52297513658|106.75981097941|636273|544866||49258.640625|370||37006.25|370|49258.640625|780aa1|HKE754|0|2231|0|||3|3|0|1|1|132|162|["132,178,5,1650","132,146,4,1662","132,162,5"]|13:40:58:641
62|1.1|636136510457183658|0|49263.6171875|18.5209473896|106.77109233364|637476|544676||49263.6171875|370||36993.75|370|49263.6171875|780aa1|HKE754|0|2231|0|||3|3|0|1|1|132|162|["132,178,5,1650","132,146,4,1662","132,162,5"]|13:41:03:617
62|1.1|636136510507108650|0|49268.6171875|18.51849585423|106.78352167161|638802|544442||49268.6171875|370||36968.75|370|49268.6171875|780aa1|HKE754|0|2231|0|||3|3|0|1|1|132|162|["132,178,5,1650","132,146,4,1662","132,162,5"]|13:41:08:617
62|1.1|636136510557023641|0|49273.6171875|18.51635545464|106.79474401733|639998|544239||49273.6171875|370||36956.25|370|49273.6171875|780aa1|HKE754|0|2231|0|||3|3|0|1|1|132|162|["132,178,5,1650","132,146,4,1662","132,162,5"]|13:41:13:617
62|1.1|636136510606948633|0|49278.6015625|18.51400584306|106.80573569342|641171|544012||49278.6015625|370||36906.25|370|49278.6015625|780aa1|HKE754|0|2231|0|||3|3|0|1|1|132|162|["132,178,5,1650","132,146,4,1662","132,162,5"]|13:41:18:602
62|1.1|636136510656863624|0|49283.6015625|18.51180643496|106.81704923411|642377|543803||49283.6015625|370||36862.5|370|49283.6015625|780aa1|HKE754|0|2231|0|||3|3|0|1|1|132|162|["132,178,5,1650","132,146,5,1823","132,162,5"]|13:41:23:602
62|1.1|636136510706788616|0|49288.578125|18.50918860288|106.82844860536|643594|543548||49288.578125|370||36800|370|49288.578125|780aa1|HKE754|0|2231|0|||3|3|0|1|1|132|162|["132,178,5,1650","132,146,5,1823","132,162,5"]|13:41:28:578
62|1.1|636136510756713608|0|49293.578125|18.50775630541|106.83871072169|644687|543420||49293.578125|370||36975|370|49293.578125|780aa1|HKE754|0|2231|0|||3|3|0|1|1|132|162|["132,178,5,1650","132,146,5,1823","132,162,5"]|13:41:33:578
62|1.1|636136510806638600|0|49298.578125|18.50547106675|106.84977749952|645867|543201||49298.578125|370||36962.5|370|49298.578125|780aa1|HKE754|0|2231|0|||3|3|0|1|1|132|162|["132,178,5,1650","132,146,5,1823","132,162,5"]|13:41:38:578
62|1.1|636136510856563592|0|49303.5625|18.50382419288|106.85918667466|646871|543048||49303.5625|370||37006.25|370|49303.5625|780aa1|HKE754|0|2231|0|||3|3|0|1|1|132|162|["132,178,4,1650","132,146,5,1823","132,162,5"]|13:41:43:563
62|1.1|636136510906478583|0|49308.5625|18.50172134416|106.8700978846|648034|542848||49308.5625|370.25||37018.75|370|49308.5625|780aa1|HKE754|0|2231|0|||3|3|0|1|1|132|162|["132,178,4,1650","132,146,5,1823","132,162,5"]|13:41:48:563
62|1.1|636136510956393574|0|49313.5390625|18.49960776662|106.88084816224|649181|542647||49313.5390625|370||37025|370|49313.5390625|780aa1|HKE754|0|2231|0|||3|3|0|1|1|132|162|["132,178,5,1847","132,146,5,1823","132,162,5"]|13:41:53:539
62|1.1|636136511006318566|0|49318.5390625|18.49717768889|106.89179692305|650350|542412||49318.5390625|370.25||37025|370|49318.5390625|780aa1|HKE754|0|2231|0|||3|3|0|1|1|132|162|["132,178,5,1847","132,146,5,1823","132,162,5"]|13:41:58:539
62|1.1|636136511056243558|0|49323.5390625|18.49488708582|106.90292270939|651537|542192||49323.5390625|370.25||37006.25|370|49323.5390625|780aa1|HKE754|0|2231|0|||3|3|0|1|1|132|146|["132,178,5,1847","132,146,5,1823","132,162,5"]|13:42:03:539
62|1.1|636136511106168550|0|49328.515625|18.49277887269|106.91421479244|652741|541993||49328.515625|370.25||36956.25|370|49328.515625|780aa1|HKE754|0|2231|0|||3|3|0|1|1|132|146|["132,178,5,1847","132,146,5,1823","132,162,5"]|13:42:08:516
62|1.1|636136511156083541|0|49333.515625|18.49081013422|106.92624179966|654023|541813||49333.515625|370.25||36856.25|370|49333.515625|780aa1|HKE754|0|2231|0|||3|3|0|1|1|132|146|["132,178,5,1847","132,146,5,1823","132,162,5"]|13:42:13:516
62|1.1|636136511206018534|0|49338.5|18.48900769246|106.9381186034|655288|541650||49338.5|370.25||36750|370.25|49338.5|780aa1|HKE754|0|2231|0|||3|3|0|1|1|132|146|["132,178,5,1847","132,146,5,1823","132,162,5"]|13:42:18:500
62|1.1|636136511255933525|0|49343.5|18.48766122555|106.94952333906|656502|541537||49343.5|370||36650|370|49343.5|780aa1|HKE754|0|2231|0|||3|3|0|1|1|132|146|["132,178,4,1847","132,146,5,1823","132,162,5"]|13:42:23:500
62|1.1|636136511305848516|0|49348.5|18.48755393735|106.96058475248|657675|541560||49348.5|370||36600|370|49348.5|780aa1|HKE754|0|2231|0|||3|3|0|1|1|132|146|["132,178,4,1847","132,146,5,1823","132,162,5"]|13:42:28:500
62|1.1|636136511355773508|0|49353.4765625|18.48601435168|106.97179100497|658869|541425||49353.4765625|370||36543.75|370|49353.4765625|780aa1|HKE754|0|2231|0|||3|3|0|1|1|132|146|["132,178,4,1847","132,146,5,1823","132,162,5"]|13:42:33:477
62|1.1|636136511405698500|0|49358.4765625|18.48032807708|106.98079784936|659843|540822||49358.4765625|370||37006.25|370|49358.4765625|780aa1|HKE754|0|2231|0|||3|3|0|1|1|132|162|["132,178,4,1847","132,146,5,1823","132,162,5"]|13:42:38:477
62|1.1|636136511455643494|0|49363.4609375|18.47787654171|106.99163395756|661000|540584||49363.4609375|370||37025|370|49363.4609375|780aa1|HKE754|0|2231|0|||3|3|0|1|1|132|162|["132,178,4,1847","132,146,5,1823","132,162,5"]|13:42:43:461
62|1.1|636136511505538483|0|49368.4609375|18.4757254133|107.00219111644|662127|540379||49368.4609375|370||37018.75|370|49368.4609375|780aa1|HKE754|0|2231|0|||3|3|0|1|1|132|162|["132,146,4,1823","132,162,5"]|13:42:48:461
62|1.1|636136511555463475|0|49373.4609375|18.47375667483|107.01200798674|663174|540192||49373.4609375|370||37031.25|370.25|49373.4609375|780aa1|HKE754|0|2231|0|||3|3|0|1|1|132|178|["132,178,4,1847","132,146,4,1823","132,162,5"]|13:42:53:461
62|1.1|636136511605388467|0|49378.4375|18.47137487679|107.02356292588|664408|539964||49378.4375|370.25||37012.5|370|49378.4375|780aa1|HKE754|0|2231|0|||3|3|0|1|1|132|146|["132,178,4,1847","132,146,4,1823","132,162,5"]|13:42:58:438
62|1.1|636136511655303458|0|49383.4375|18.46905745167|107.0351607803|665646|539744||49383.4375|370.25||36987.5|370|49383.4375|780aa1|HKE754|0|2231|0|||3|3|0|1|1|132|162|["132,178,5,1851","132,146,4,1823","132,162,5"]|13:43:03:438
62|1.1|636136511705228450|0|49388.421875|18.46672929773|107.04620073608|666824|539521||49388.421875|370.25||36981.25|370|49388.421875|780aa1|HKE754|0|2231|0|||3|3|0|1|1|132|146|["132,178,5,1851","132,146,4,1823","132,162,5"]|13:43:08:422
62|1.1|636136511755143441|0|49393.421875|18.4651575256|107.05575475029|667843|539377||49393.421875|370.25||37025|370|49393.421875|780aa1|HKE754|0|2231|0|||3|3|0|1|1|132|146|["132,178,5,1851","132,146,4,1823","132,162,5"]|13:43:13:422
62|1.1|636136511805068433|0|49398.421875|18.46275963433|107.06674642638|669017|539146||49398.421875|370.25||37031.25|370|49398.421875|780aa1|HKE754|0|2231|0|||3|3|0|1|1|132|163|["132,178,5,1851","132,146,4,1823","132,162,5"]|13:43:18:422
62|1.1|636136511854993425|0|49403.3984375|18.46067824325|107.07895582354|670319|538954||49403.3984375|370.25||36993.75|370|49403.3984375|780aa1|HKE754|0|2231|0|||3|3|0|1|1|132|146|["132,178,5,1851","132,146,4,1823","132,162,5"]|13:43:23:398
62|1.1|636136511904918417|0|49408.3984375|18.45826962316|107.09008160988|671507|538723||49408.3984375|370.25||36968.75|370|49408.3984375|780aa1|HKE754|0|2231|0|||3|3|0|1|1|132|146|["132,178,5,1851","132,146,4,1823","132,162,5"]|13:43:28:398
62|1.1|636136511954833408|0|49413.375|18.45618286767|107.10206570182|672785|538530||49413.375|370.25||36993.75|370|49413.375|780aa1|HKE754|0|2231|0|||3|3|0|1|1|132|163|["132,178,4,1851","132,146,4,1823","132,162,5"]|13:43:33:375
62|1.1|636136512004758400|0|49418.375|18.45395663752|107.11262822511|673913|538317||49418.375|370.25||37006.25|370|49418.375|780aa1|HKE754|0|2231|0|||3|3|0|1|1|132|163|["132,178,4,1851","132,146,4,1823","132,162,5"]|13:43:38:375
62|1.1|636136512054673391|0|49423.375|18.45166067004|107.12366281648|675091|538098||49423.375|370.25||37000|370|49423.375|780aa1|HKE754|0|2231|0|||3|3|0|1|1|132|162|["132,178,4,1851","132,146,4,1823","132,162,5"]|13:43:43:375
62|1.1|636136512104598383|0|49428.359375|18.44985822828|107.13332411889|676122|537929||49428.359375|370.25||37025|370|49428.359375|780aa1|HKE754|0|2231|0|||3|3|0|1|1|132|163|["132,178,4,1851","132,146,4,1823","132,162,5"]|13:43:48:359
62|1.1|636136512154523375|0|49433.359375|18.44751934552|107.14501316828|677370|537708||49433.359375|370.25||37012.5|370|49433.359375|780aa1|HKE754|0|2231|0|||3|3|0|1|1|132|178|["132,178,4,1851","132,146,4,1823","132,162,5"]|13:43:53:359
62|1.1|636136512204438366|0|49438.3359375|18.44529311537|107.15596192909|678539|537496||49438.3359375|370.25||37012.5|370|49438.3359375|780aa1|HKE754|0|2231|0|||3|3|0|1|1|132|178|["132,178,4,1851","132,146,4,1823","132,162,5"]|13:43:58:336
62|1.1|636136512254363358|0|49443.3359375|18.4432170887|107.16674439319|679690|537301||49443.3359375|370.25||37012.5|370|49443.3359375|780aa1|HKE754|0|2231|0|||3|3|0|1|1|132|163|["132,178,5,1857","132,162,5"]|13:44:03:336
62|1.1|636136512304278349|0|49448.3359375|18.44116251967|107.17792382363|680883|537109||49448.3359375|370.25||37012.5|370|49448.3359375|780aa1|HKE754|0|2231|0|||3|3|0|1|1|132|163|["132,178,5,1857","132,162,5"]|13:44:08:336
62|1.1|636136512354203341|0|49453.3203125|18.43886118778|107.18892086413|682058|536890||49453.3203125|370.25||37012.5|370|49453.3203125|780aa1|HKE754|0|2231|0|||3|3|0|1|1|132|163|["132,178,5,1857","132,162,5"]|13:44:13:320
62|1.1|636136512404138334|0|49458.3203125|18.43672078819|107.20016466749|683258|536689||49458.3203125|370.25||37006.25|370|49458.3203125|780aa1|HKE754|0|2231|0|||3|3|0|1|1|132|163|["132,178,5,1857","132,162,5"]|13:44:18:320
62|1.1|636136512454053325|0|49463.296875|18.43436044779|107.21138701321|684456|536464||49463.296875|370.25||36993.75|370|49463.296875|780aa1|HKE754|0|2231|0|||3|3|0|1|1|132|163|["132,178,5,1857","132,162,5"]|13:44:23:297
62|1.1|636136512503968316|0|49468.296875|18.43250436193|107.22070499338|685451|536288||49468.296875|370.25||37037.5|370|49468.296875|780aa1|HKE754|0|2231|0|||3|3|0|1|1|132|163|["132,178,5,1857","132,162,5"]|13:44:28:297
62|1.1|636136512553903309|0|49473.296875|18.43004746215|107.23155719481|686611|536052||49473.296875|370.25||37050|370|49473.296875|780aa1|HKE754|0|2231|0|||3|3|0|1|1|132|162|["132,178,5,1857","132,162,5"]|13:44:33:297
62|1.1|636136512603818300|0|49478.28125|18.42784268964|107.24198024344|687724|535841||49478.28125|370.25||37056.25|370|49478.28125|780aa1|HKE754|0|2231|0|||3|3|0|1|1|132|162|["132,178,5,1857","132,162,5"]|13:44:38:281
62|1.1|636136512653733291|0|49483.28125|18.42535896781|107.25277343636|688878|535601||49483.28125|370.25||37062.5|370|49483.28125|780aa1|HKE754|0|2231|0|||3|3|0|1|1|132|163|["132,178,5,1857","132,162,5"]|13:44:43:281
62|1.1|636136512703658283|0|49488.2578125|18.42310591561|107.26346470549|690021|535386||49488.2578125|370.25||37062.5|370|49488.2578125|780aa1|HKE754|0|2231|0|||3|3|0|1|1|132|163|["132,162,5"]|13:44:48:258
62|1.1|636136512753583275|0|49493.2578125|18.42094405838|107.27424716959|691172|535182||49493.2578125|370||37025|370|49493.2578125|780aa1|HKE754|0|2231|0|||3|3|0|1|1|132|163|["132,162,5"]|13:44:53:258
62|1.1|636136512803498266|0|49498.2578125|18.41835841276|107.28527639655|692351|534931||49498.2578125|370||36950|370|49498.2578125|780aa1|HKE754|0|2231|0|||3|3|0|1|1|132|162|["132,162,5"]|13:44:58:258
62|1.1|636136512853423258|0|49503.2421875|18.41648623367|107.29601058096|693497|534759||49503.2421875|370||36856.25|370|49503.2421875|780aa1|HKE754|0|2231|0|||3|3|0|1|1|132|162|["132,162,5"]|13:45:03:242
62|1.1|636136512903348250|0|49508.2421875|18.41406152035|107.30714173171|694686|534527||49508.2421875|370||36731.25|370|49508.2421875|780aa1|HKE754|0|2231|0|||3|3|0|1|1|132|162|["132,162,5"]|13:45:08:242
62|1.1|636136512953263241|0|49513.21875|18.41254875673|107.31809049252|695853|534396||49513.21875|370||36668.75|370|49513.21875|780aa1|HKE754|0|2231|0|||3|3|0|1|1|132|162|["132,162,5"]|13:45:13:219
62|1.1|636136513003188233|0|49518.21875|18.41042445037|107.32914117712|697033|534198||49518.21875|370||36625|370|49518.21875|780aa1|HKE754|0|2231|0|||3|3|0|1|1|132|162|["132,162,5"]|13:45:18:219
62|1.1|636136513053113225|0|49523.21875|18.40897605967|107.34027769228|698220|534074||49523.21875|370||36981.25|370|49523.21875|780aa1|HKE754|0|2231|0|||3|3|0|1|1|132|163|["132,162,5"]|13:45:23:219
62|1.1|636136513103028216|0|49528.1953125|18.40666936337|107.35106015638|699372|533854||49528.1953125|370||36975|370|49528.1953125|780aa1|HKE754|0|2231|0|||3|3|0|1|1|132|163|["132,162,5"]|13:45:28:195
62|1.1|636136513152953208|0|49533.1953125|18.40466307403|107.36186407812|700526|533667||49533.1953125|370||36956.25|370|49533.1953125|780aa1|HKE754|0|2231|0|||3|3|0|1|1|132|163|["132,162,5"]|13:45:33:195
62|1.1|636136513202878200|0|49538.1796875|18.40238319978|107.37264654222|701678|533450||49538.1796875|370||36893.75|370|49538.1796875|780aa1|HKE754|0|2231|0|||3|3|0|1|1|132|162|["132,162,5"]|13:45:38:180
62|1.1|636136513252803192|0|49543.1796875|18.40061830889|107.38318760787|702803|533290||49543.1796875|370||36862.5|370|49543.1796875|780aa1|HKE754|0|2231|0|||3|3|0|1|1|132|162|["132,162,5"]|13:45:43:180
62|1.1|636136513302718183|0|49548.1796875|18.398316977|107.39404517371|703963|533071||49548.1796875|370||36787.5|370|49548.1796875|780aa1|HKE754|0|2231|0|||3|3|0|1|1|132|162|["132,162,5"]|13:45:48:180
62|1.1|636136513352643175|0|49553.15625|18.39656281493|107.40455941731|705085|532912||49553.15625|369.75||36762.5|369.75|49553.15625|780aa1|HKE754|0|2231|0|||3|3|0|1|1|132|162|["132,162,5"]|13:45:53:156
62|1.1|636136513402568167|0|49558.15625|18.39479255963|107.41521849998|706223|532752||49558.15625|370||36743.75|369.75|49558.15625|780aa1|HKE754|0|2231|0|||3|3|0|1|1|132|163|["132,162,5"]|13:45:58:156
62|1.1|636136513452483158|0|49563.140625|18.39290965172|107.42427898847|707191|532573||49563.140625|369.75||36993.75|369.75|49563.140625|780aa1|HKE754|0|2231|0|||3|3|0|1|1|132|162|["132,162,5"]|13:46:03:141
62|1.1|636136513502408150|0|49568.140625|18.39092482002|107.43482541853|708317|532389||49568.140625|369.75||37012.5|369.75|49568.140625|780aa1|HKE754|0|2231|0|||3|3|0|1|1|132|163|["132,162,5"]|13:46:08:141
62|1.1|636136513552323141|0|49573.140625|18.38908482739|107.44584928108|709494|532222||49573.140625|369.75||37012.5|369.75|49573.140625|780aa1|HKE754|0|2231|0|||3|3|0|1|1|132|162|["132,162,5"]|13:46:13:141
62|1.1|636136513602248133|0|49578.1171875|18.38759352141|107.4568034063|710662|532094||49578.1171875|369.75||36906.25|369.75|49578.1171875|780aa1|HKE754|0|2231|0|||3|3|0|1|1|132|162|["132,162,5"]|13:46:18:117
62|1.1|636136513652173125|0|49583.1171875|18.38645090208|107.46819741314|711875|532006||49583.1171875|369.75||36756.25|369.75|49583.1171875|780aa1|HKE754|0|2231|0|||3|3|0|1|1|132|162|["132,162,5"]|13:46:23:117
62|1.1|636136513702088116|0|49588.1015625|18.38569452027|107.4795485047|713082|531961||49588.1015625|369.75||36631.25|369.75|49588.1015625|780aa1|HKE754|0|2231|0|||3|3|0|1|1|132|162|["132,162,5"]|13:46:28:102
62|1.1|636136513752013108|0|49593.1015625|18.38596274077|107.49090496067|714287|532030||49593.1015625|369.75||36606.25|369.75|49593.1015625|780aa1|HKE754|0|2231|0|||3|3|0|1|1|132|162|["132,162,5"]|13:46:33:102
62|1.1|636136513801938100|0|49598.1015625|18.38669766494|107.50171961123|715432|532149||49598.1015625|369.75||36625|369.75|49598.1015625|780aa1|HKE754|0|2231|0|||3|3|0|1|1|132|162|["132,162,5"]|13:46:38:102
62|1.1|636136513851853091|0|49603.078125|18.3868907837|107.51283466875|716611|532209||49603.078125|369.75||36618.75|369.75|49603.078125|780aa1|HKE754|0|2231|0|||3|3|0|1|1|132|162|["132,162,5"]|13:46:43:078
62|1.1|636136513901778083|0|49608.078125|18.38727702122|107.52387462453|717781|532291||49608.078125|369.75||36618.75|369.75|49608.078125|780aa1|HKE754|0|2231|0|||3|3|0|1|1|132|162|["132,162,5"]|13:46:48:078
62|1.1|636136513951543059|0|49613.0625|18.38759888582|107.53495213118|718956|532365||49613.0625|369.75||36618.75|369.75|49613.0625|780aa1|HKE754|0|2231|0|||3|3|0|1|1|132|162|["132,162,5"]|13:46:53:063
62|1.1|636136514001468051|0|49618.0625|18.38722337712|107.54587943435|720117|532361||49618.0625|369.75||36587.5|369.75|49618.0625|780aa1|HKE754|0|2231|0|||3|3|0|1|1|132|162|["132,162,5"]|13:46:58:063
62|1.1|636136514051383042|0|49623.0625|18.38684250401|107.55681210193|721279|532357||49623.0625|369.75||36543.75|369.75|49623.0625|780aa1|HKE754|0|2231|0|||3|3|0|1|1|132|162|[]|13:47:03:063
62|1.1|636136514101308034|0|49628.0390625|18.38647235972|107.56771258305|722437|532354||49628.0390625|369.75||36512.5|369.75|49628.0390625|780aa1|HKE754|0|2231|0|||3|3|0|1|1|132|162|[]|13:47:08:039
62|1.1|636136514151233026|0|49633.0390625|18.39185286295|107.57901539492|723617|532992||49633.0390625|370||36662.5|370|49633.0390625|780aa1|HKE754|0|2231|0|||3|3|0|1|1|132|162|["132,162,5"]|13:47:13:039
62|1.1|636136514201158018|0|49638.015625|18.39290965172|107.58986759635|724765|533147||49638.015625|370||36662.5|370|49638.015625|780aa1|HKE754|0|2231|0|||3|3|0|1|1|132|162|["132,162,5"]|13:47:18:016
62|1.1|636136514251083010|0|49643.015625|18.39396644049|107.60075734865|725917|533303||49643.015625|370||36668.75|370|49643.015625|780aa1|HKE754|0|2231|0|||3|3|0|1|1|132|162|[]|13:47:23:016
62|1.1|636136514300998001|0|49648.015625|18.39503932249|107.61166855859|727071|533460||49648.015625|370||36668.75|370|49648.015625|780aa1|HKE754|0|2231|0|||3|3|0|1|1|132|162|[]|13:47:28:016
