62|1.1|636136510338631804|0|49251.78125|6.44721079409|100.30018157617|-49819|-801694||49251.78125|400||39937.5|398.5|49251.78125|880046|THA418|0|2690|0|||3|3|0|1|1|132|66|["132,82,5","132,66,5","132,50,5"]|13:40:51:781
62|1.1|636136510388546795|0|49256.7578125|6.45821856341|100.29797680366|-50062|-800471||49256.7578125|400||39975|398.5|49256.7578125|880046|THA418|0|2690|0|||3|3|0|1|1|132|66|["132,82,5","132,66,5","132,50,5"]|13:40:56:758
62|1.1|636136510438471787|0|49261.7578125|6.46938726503|100.29580958202|-50301|-799231||49261.7578125|400||40000|398.5|49261.7578125|880046|THA418|0|2690|0|||3|3|0|1|1|132|66|["132,82,5","132,66,5","132,50,5"]|13:41:01:758
62|1.1|636136510488386778|0|49266.7421875|6.47957427962|100.29380329268|-50522|-798100||49266.7421875|400||39975|398.5|49266.7421875|880046|THA418|0|2690|0|||3|3|0|1|1|132|66|["132,82,5","132,66,5","132,50,5"]|13:41:06:742
62|1.1|636136510538311770|0|49271.7421875|6.49065715068|100.29202767297|-50718|-796869||49271.7421875|400||39962.5|398.5|49271.7421875|880046|THA418|0|2690|0|||3|3|0|1|1|132|66|["132,82,5","132,66,5","132,50,5"]|13:41:11:742
62|1.1|636136510588236762|0|49276.7421875|6.50163273354|100.29007502773|-50933|-795650||49276.7421875|400||39943.75|398.5|49276.7421875|880046|THA418|0|2690|0|||3|3|0|1|1|132|66|["132,82,5","132,66,5","132,50,5"]|13:41:16:742
62|1.1|636136510638161754|0|49281.71875|6.51291945218|100.28780051789|-51184|-794397||49281.71875|400||40000|398.5|49281.71875|880046|THA418|0|2690|0|||3|3|0|1|1|132|66|["132,82,5","132,66,5","132,50,5"]|13:41:21:719
62|1.1|636136510688076745|0|49286.71875|6.52385211976|100.28553137246|-51434|-793182||49286.71875|400||40006.25|398.5|49286.71875|880046|THA418|0|2690|0|||3|3|0|1|1|132|66|["132,82,5","132,66,5","132,50,5"]|13:41:26:719
62|1.1|636136510737991736|0|49291.6953125|6.53416788019|100.28363237132|-51643|-792037||49291.6953125|400||39975|398.5|49291.6953125|880046|THA418|0|2690|0|||3|3|0|1|1|132|66|["132,82,5","132,66,5","132,50,5"]|13:41:31:695
62|1.1|636136510787916728|0|49296.6953125|6.5442046913|100.28156170906|-51871|-790922||49296.6953125|400||39962.5|398.5|49296.6953125|880046|THA418|0|2690|0|||3|3|0|1|1|132|66|["132,82,5","132,66,5","132,50,5"]|13:41:36:695
62|1.1|636136510837841720|0|49301.6953125|6.55545385907|100.27953932649|-52094|-789673||49301.6953125|400||39975|398.5|49301.6953125|880046|THA418|0|2690|0|||3|3|0|1|1|132|66|["132,82,5","132,66,5","132,50,5"]|13:41:41:695
62|1.1|636136510887766712|0|49306.6796875|6.56648845044|100.27765105417|-52302|-788448||49306.6796875|400||39968.75|398.5|49306.6796875|880046|THA418|0|2690|0|||3|3|0|1|1|132|66|["132,82,5","132,66,5","132,50,5"]|13:41:46:680
62|1.1|636136510937681703|0|49311.6796875|6.57761423678|100.2756823157|-52519|-787212||49311.6796875|400||39975|398.5|49311.6796875|880046|THA418|0|2690|0|||3|3|0|1|1|132|66|["132,82,5","132,66,5","132,50,5"]|13:41:51:680
62|1.1|636136510987616696|0|49316.65625|6.58876148076|100.27340244145|-52770|-785974||49316.65625|400||40043.75|398.5|49316.65625|880046|THA418|0|2690|0|||3|3|0|1|1|132|66|["132,82,5","132,66,5","132,50,5"]|13:41:56:656
62|1.1|636136511037521686|0|49321.65625|6.59986580946|100.27146052503|-52984|-784741||49321.65625|400||40025|398.5|49321.65625|880046|THA418|0|2690|0|||3|3|0|1|1|132|66|["132,82,5","132,66,5","132,50,5"]|13:42:01:656
62|1.1|636136511087446678|0|49326.65625|6.61100768903|100.2695668883|-53192|-783504||49326.65625|400||40012.5|398.5|49326.65625|880046|THA418|0|2690|0|||3|3|0|1|1|132|66|["132,82,5","132,66,5","132,50,5"]|13:42:06:656
62|1.1|636136511137371670|0|49331.640625|6.62066899144|100.2673674802|-53434|-782431||49331.640625|400||39950|398.5|49331.640625|880046|THA418|0|2690|0|||3|3|0|1|1|132|50|["132,82,5","132,66,5","132,50,5"]|13:42:11:641
62|1.1|636136511187296662|0|49336.640625|6.63176795573|100.26515734328|-53678|-781198||49336.640625|400||39987.5|398.5|49336.640625|880046|THA418|0|2690|0|||3|3|0|1|1|132|50|["132,82,5","132,66,5","132,50,5"]|13:42:16:641
62|1.1|636136511237211653|0|49341.6171875|6.64309222524|100.26314032512|-53900|-779941||49341.6171875|400||40043.75|398.5|49341.6171875|880046|THA418|0|2690|0|||3|3|0|1|1|132|50|["132,82,5","132,66,5","132,50,5"]|13:42:21:617
62|1.1|636136511287136645|0|49346.6171875|6.65423410481|100.26126278162|-54107|-778704||49346.6171875|400||40056.25|398.5|49346.6171875|880046|THA418|0|2690|0|||3|3|0|1|1|132|66|["132,82,5","132,66,5","132,50,5"]|13:42:26:617
62|1.1|636136511337061637|0|49351.6171875|6.66524187413|100.2592672211|-54326|-777481||49351.6171875|400||40037.5|398.5|49351.6171875|880046|THA418|0|2690|0|||3|3|0|1|1|132|66|["132,210,2,2164","132,82,5","132,66,5","132,50,5"]|13:42:31:617
62|1.1|636136511386986629|0|49356.6015625|6.67637838929|100.25794221183|-54471|-776245||49356.6015625|400||40037.5|398.5|49356.6015625|880046|THA418|0|2690|0|||3|3|0|1|1|132|83|["132,210,2,2164","132,82,5","132,66,5","132,50,5"]|13:42:36:602
62|1.1|636136511436901620|0|49361.6015625|6.68623281046|100.25662793138|-54616|-775151||49361.6015625|400||39950|398.5|49361.6015625|880046|THA418|0|2690|0|||3|3|0|1|1|132|50|["132,210,2,2164","132,82,5","132,66,5","132,50,5"]|13:42:41:602
62|1.1|636136511486826612|0|49366.578125|6.69737469003|100.25516881186|-54776|-773914||49366.578125|400||39975|398.5|49366.578125|880046|THA418|0|2690|0|||3|3|0|1|1|132|66|["132,210,2,2164","132,82,5","132,66,5","132,50,5"]|13:42:46:578
62|1.1|636136511536741603|0|49371.578125|6.7088384342|100.25450898943|-54847|-772641||49371.578125|400||40006.25|398.5|49371.578125|880046|THA418|0|2690|0|||3|3|0|1|1|132|82|["132,210,2,2164","132,82,5","132,66,5","132,50,5"]|13:42:51:578
62|1.1|636136511586676596|0|49376.578125|6.72005541551|100.25523318478|-54765|-771396||49376.578125|400||40012.5|398.5|49376.578125|880046|THA418|0|2690|0|||3|3|0|1|1|132|82|["132,210,2,2164","132,82,5","132,66,5","132,50,5"]|13:42:56:578
62|1.1|636136511636591587|0|49381.5625|6.73001712488|100.25508834571|-54779|-770291||49381.5625|400||39975|398.5|49381.5625|880046|THA418|0|2690|0|||3|3|0|1|1|132|51|["132,210,2,2164","132,82,5","132,66,5","132,50,5"]|13:43:01:563
62|1.1|636136511686516579|0|49386.5625|6.74079958898|100.25593055808|-54684|-769094||49386.5625|400||39950|398.5|49386.5625|880046|THA418|0|2690|0|||3|3|0|1|1|132|51|["132,210,2,2164","132,82,5","132,66,5","132,50,5"]|13:43:06:563
62|1.1|636136511736431570|0|49391.5390625|6.75230088402|100.25650991436|-54618|-767817||49391.5390625|400||39962.5|398.5|49391.5390625|880046|THA418|0|2690|0|||3|3|0|1|1|132|83|["132,210,2,2164","132,82,5","132,66,5","132,50,5"]|13:43:11:539
62|1.1|636136511786356562|0|49396.5390625|6.76236988159|100.25734139791|-54524|-766700||49396.5390625|400||39956.25|398.5|49396.5390625|880046|THA418|0|2690|0|||3|3|0|1|1|132|82|["132,210,2,2164","132,82,5","132,66,5","132,50,5"]|13:43:16:539
62|1.1|636136511836271553|0|49401.5390625|6.77341520178|100.25836063581|-54409|-765474||49401.5390625|400||39950|398.5|49401.5390625|880046|THA418|0|2690|0|||3|3|0|1|1|132|82|["132,210,2,2164","132,82,5","132,66,5","132,50,5"]|13:43:21:539
62|1.1|636136511886196545|0|49406.515625|6.78430495408|100.25914383967|-54320|-764265||49406.515625|400||39981.25|398.5|49406.515625|880046|THA418|0|2690|0|||3|3|0|1|1|132|82|["132,210,2,2164","132,82,5","132,66,5","132,50,5"]|13:43:26:516
62|1.1|636136511936121537|0|49411.515625|6.79511960464|100.26014161993|-54207|-763065||49411.515625|400||39987.5|398.5|49411.515625|880046|THA418|0|2690|0|||3|3|0|1|1|132|82|["132,210,2,2164","132,82,5","132,66,5","132,50,5"]|13:43:31:516
62|1.1|636136511986036528|0|49416.5|6.80687302695|100.26124132398|-54083|-761761||49416.5|400||40062.5|398.5|49416.5|880046|THA418|0|2690|0|||3|3|0|1|1|132|50|["132,210,2,2164","132,82,5","132,66,5","132,50,5"]|13:43:36:500
62|1.1|636136512035971521|0|49421.5|6.81774132161|100.2623785789|-53956|-760555||49421.5|400||40068.75|398.5|49421.5|880046|THA418|0|2690|0|||3|3|0|1|1|132|50|["132,210,2,2164","132,82,5","132,66,5","132,50,5"]|13:43:41:500
62|1.1|636136512085896513|0|49426.5|6.82850769248|100.26358557115|-53820|-759360||49426.5|400||40006.25|398.5|49426.5|880046|THA418|0|2690|0|||3|3|0|1|1|132|50|["132,210,2,2164","132,82,5","132,66,5","132,50,5"]|13:43:46:500
62|1.1|636136512135801503|0|49431.4765625|6.83911313105|100.2647389193|-53690|-758183||49431.4765625|400||39993.75|398.5|49431.4765625|880046|THA418|0|2690|0|||3|3|0|1|1|132|50|["132,210,2,2164","132,82,5","132,66,5","132,50,5"]|13:43:51:477
62|1.1|636136512185736496|0|49436.4765625|6.84974002726|100.26589226745|-53560|-757004||49436.4765625|400||39987.5|398.5|49436.4765625|880046|THA418|0|2690|0|||3|3|0|1|1|132|50|["132,210,2,2164","132,82,5","132,66,5","132,50,5"]|13:43:56:477
62|1.1|636136512235661488|0|49441.4609375|6.86058149987|100.26717972585|-53416|-755801||49441.4609375|400||39981.25|398.5|49441.4609375|880046|THA418|0|2690|0|||3|3|0|1|1|132|50|["132,210,2,2164","132,82,5","132,66,5","132,50,5"]|13:44:01:461
62|1.1|636136512285576479|0|49446.4609375|6.87228127808|100.2684403622|-53274|-754503||49446.4609375|400||40006.25|398.5|49446.4609375|880046|THA418|0|2690|0|||3|3|0|1|1|132|50|["132,210,2,2164","132,82,5","132,66,5","132,50,5"]|13:44:06:461
62|1.1|636136512335501471|0|49451.4609375|6.88365382728|100.26985656644|-53115|-753241||49451.4609375|400||40075|398.5|49451.4609375|880046|THA418|0|2690|0|||3|3|0|1|1|132|82|["132,210,2,2164","132,82,5","132,66,5","132,50,5"]|13:44:11:461
62|1.1|636136512385426463|0|49456.4375|6.89497809679|100.27103673664|-52982|-751984||49456.4375|400||40381.25|398.5|49456.4375|880046|THA418|0|2690|0|||3|3|0|1|1|132|82|["132,210,2,2164","132,82,5","132,66,5","132,50,5"]|13:44:16:438
62|1.1|636136512435341454|0|49461.4375|6.90577128971|100.27199160162|-52874|-750787||49461.4375|400||40250|398.5|49461.4375|880046|THA418|0|2690|0|||3|3|0|1|1|132|83|["132,210,2,2164","132,82,5","132,66,5","132,50,5"]|13:44:21:438
62|1.1|636136512485256445|0|49466.421875|6.91645183002|100.27315567859|-52744|-749601||49466.421875|400||40262.5|398.5|49466.421875|880046|THA418|0|2690|0|||3|3|0|1|1|132|82|["132,210,2,2164","132,82,5","132,66,5","132,50,5"]|13:44:26:422
62|1.1|636136512535191438|0|49471.421875|6.92756152313|100.27453433196|-52589|-748368||49471.421875|400||40168.75|398.5|49471.421875|880046|THA418|0|2690|0|||3|3|0|1|1|132|82|["132,210,2,2164","132,82,5","132,66,5","132,50,5"]|13:44:31:422
62|1.1|636136512585096428|0|49476.421875|6.9387034027|100.27593444297|-52432|-747132||49476.421875|400||40081.25|398.5|49476.421875|880046|THA418|0|2690|0|||3|3|0|1|1|132|82|["132,210,2,2164","132,82,5","132,66,5","132,50,5"]|13:44:36:422
62|1.1|636136512635021420|0|49481.3984375|6.94979163817|100.27728627429|-52280|-745902||49481.3984375|400||40150|398.5|49481.3984375|880046|THA418|0|2690|0|||3|3|0|1|1|132|82|["132,210,2,2164","132,82,5","132,66,5","132,50,5"]|13:44:41:398
62|1.1|636136512684956413|0|49486.3984375|6.96015031388|100.27840743598|-52154|-744753||49486.3984375|400||40100|398.5|49486.3984375|880046|THA418|0|2690|0|||3|3|0|1|1|132|82|["132,210,2,2164","132,82,5","132,66,5","132,50,5"]|13:44:46:398
62|1.1|636136512734881405|0|49491.375|6.97049289636|100.2797592673|-52002|-743605||49491.375|400||39975|398.5|49491.375|880046|THA418|0|2690|0|||3|3|0|1|1|132|82|["132,210,2,2164","132,82,5","132,66,5","132,50,5"]|13:44:51:375
62|1.1|636136512784786395|0|49496.375|6.98179034382|100.2811540139|-51846|-742352||49496.375|400||39937.5|398.5|49496.375|880046|THA418|0|2690|0|||3|3|0|1|1|132|82|["132,210,2,2164","132,82,5","132,66,5","132,50,5"]|13:44:56:375
62|1.1|636136512834711387|0|49501.375|6.99284102842|100.2824414723|-51701|-741126||49501.375|400||39962.5|398.5|49501.375|880046|THA418|0|2690|0|||3|3|0|1|1|132|83|["132,210,2,2164","132,82,5","132,66,5","132,50,5"]|13:45:01:375
62|1.1|636136512884646380|0|49506.359375|7.00351083991|100.28376111716|-51553|-739942||49506.359375|400||39943.75|398.5|49506.359375|880046|THA418|0|2690|0|||3|3|0|1|1|132|51|["132,210,2,2164","132,82,5","132,66,5","132,50,5"]|13:45:06:359
62|1.1|636136512934561371|0|49511.359375|7.01419674463|100.28498956705|-51415|-738756||49511.359375|400||39968.75|398.5|49511.359375|880046|THA418|0|2690|0|||3|3|0|1|1|132|82|["132,210,2,2164","132,82,5","132,66,5","132,50,5"]|13:45:11:359
62|1.1|636136512984476362|0|49516.3359375|7.0253922683|100.28626629663|-51272|-737514||49516.3359375|400||40006.25|398.5|49516.3359375|880046|THA418|0|2690|0|||3|3|0|1|1|132|82|["132,210,2,2164","132,82,5","132,66,5","132,50,5"]|13:45:16:336
62|1.1|636136513034401354|0|49521.3359375|7.03653951228|100.28755375503|-51128|-736277||49521.3359375|400||40081.25|398.5|49521.3359375|880046|THA418|0|2690|0|||3|3|0|1|1|132|82|["132,210,2,2164","132,82,5","132,66,5","132,50,5"]|13:45:21:336
62|1.1|636136513084316345|0|49526.3359375|7.04679089979|100.28864809467|-51005|-735140||49526.3359375|400||40043.75|398.5|49526.3359375|880046|THA418|0|2690|0|||3|3|0|1|1|132|50|["132,210,2,2164","132,82,5","132,66,5","132,50,5"]|13:45:26:336
62|1.1|636136513134251338|0|49531.3203125|7.0577933047|100.28994091748|-50859|-733919||49531.3203125|400||40031.25|398.5|49531.3203125|880046|THA418|0|2690|0|||3|3|0|1|1|132|50|["132,210,2,2164","132,82,5","132,66,5","132,50,5"]|13:45:31:320
62|1.1|636136513184166329|0|49536.3203125|7.0688439893|100.29116400296|-50722|-732693||49536.3203125|400||39993.75|398.5|49536.3203125|880046|THA418|0|2690|0|||3|3|0|1|1|132|50|["132,210,2,2164","132,82,5","132,66,5","132,50,5"]|13:45:36:320
62|1.1|636136513234081320|0|49541.296875|7.07978202129|100.2923656308|-50587|-731480||49541.296875|400||39975|398.5|49541.296875|880046|THA418|0|2690|0|||3|3|0|1|1|132|50|["132,210,2,2164","132,82,5","132,66,5","132,50,5"]|13:45:41:297
62|1.1|636136513284006312|0|49546.296875|7.08980810358|100.29345460603|-50465|-730367||49546.296875|400||39950|398.5|49546.296875|880046|THA418|0|2690|0|||3|3|0|1|1|132|82|["132,210,2,2164","132,82,5","132,66,5","132,50,5"]|13:45:46:297
62|1.1|636136513333931304|0|49551.296875|7.10020433016|100.29458113213|-50338|-729214||49551.296875|400||39943.75|398.5|49551.296875|880046|THA418|0|2690|0|||3|3|0|1|1|132|82|["132,210,2,2164","132,82,5","132,66,5","132,50,5"]|13:45:51:297
62|1.1|636136513383856296|0|49556.28125|7.11161443023|100.29578275997|-50203|-727948||49556.28125|400||40000|398.5|49556.28125|880046|THA418|0|2690|0|||3|3|0|1|1|132|82|["132,210,2,2164","132,82,5","132,66,5","132,50,5"]|13:45:56:281
62|1.1|636136513433771287|0|49561.28125|7.12282068272|100.29697365899|-50070|-726705||49561.28125|400||40100|398.5|49561.28125|880046|THA418|0|2690|0|||3|3|0|1|1|132|82|["132,210,2,2164","132,82,5","132,66,5","132,50,5"]|13:46:01:281
62|1.1|636136513483706280|0|49566.2578125|7.13408057931|100.29807336304|-49946|-725456||49566.2578125|400||40350|398.5|49566.2578125|880046|THA418|0|2690|0|||3|3|0|1|1|132|82|["132,210,2,2164","132,82,5","132,66,5","132,50,5"]|13:46:06:258
62|1.1|636136513533621271|0|49571.2578125|7.14513662832|100.29900677038|-49841|-724229||49571.2578125|400||40243.75|398.5|49571.2578125|880046|THA418|0|2690|0|||3|3|0|1|1|132|82|["132,210,2,2164","132,82,5","132,66,5","132,50,5"]|13:46:11:258
62|1.1|636136513583536262|0|49576.2578125|7.15597810093|100.3000367371|-49725|-723026||49576.2578125|400||40150|398.5|49576.2578125|880046|THA418|0|2690|0|||3|3|0|1|1|132|82|["132,210,2,2164","132,82,5","132,66,5","132,50,5"]|13:46:16:258
62|1.1|636136513633461254|0|49581.2421875|7.16645479366|100.30135638196|-49577|-721864||49581.2421875|400||40025|398.5|49581.2421875|880046|THA418|0|2690|0|||3|3|0|1|1|132|83|["132,210,2,2164","132,82,5","132,66,5","132,50,5"]|13:46:21:242
62|1.1|636136513683376245|0|49586.2421875|7.17719434248|100.30259019626|-49438|-720673||49586.2421875|400||39975|398.5|49586.2421875|880046|THA418|0|2690|0|||3|3|0|1|1|132|82|["132,210,2,2164","132,82,5","132,66,5","132,50,5"]|13:46:26:242
62|1.1|636136513733301237|0|49591.21875|7.18703803483|100.30378645969|-49304|-719581||49591.21875|400||39931.25|398.5|49591.21875|880046|THA418|0|2690|0|||3|3|0|1|1|132|82|["132,210,2,2164","132,82,5","132,66,5","132,50,5"]|13:46:31:219
62|1.1|636136513783226229|0|49596.21875|7.19690318482|100.3049719943|-49172|-718486||49596.21875|400||39943.75|398.5|49596.21875|880046|THA418|0|2690|0|||3|3|0|1|1|132|82|["132,210,2,2164","132,82,5","132,66,5","132,50,5"]|13:46:36:219
62|1.1|636136513833141220|0|49601.21875|7.20853859011|100.30621117301|-49032|-717196||49601.21875|400||39956.25|398.5|49601.21875|880046|THA418|0|2690|0|||3|3|0|1|1|132|82|["132,210,2,2164","132,82,5","132,66,5","132,50,5"]|13:46:41:219
62|1.1|636136513883076213|0|49606.1953125|7.21964828322|100.30746108054|-48892|-715963||49606.1953125|400||39962.5|398.5|49606.1953125|880046|THA418|0|2690|0|||3|3|0|1|1|132|82|["132,210,2,2164","132,82,5","132,66,5","132,50,5"]|13:46:46:195
62|1.1|636136513932991204|0|49611.1953125|7.23074724751|100.30874853894|-48748|-714732||49611.1953125|400||39950|398.5|49611.1953125|880046|THA418|0|2690|0|||3|3|0|1|1|132|82|["132,210,2,2164","132,82,5","132,66,5","132,50,5"]|13:46:51:195
62|1.1|636136513982916196|0|49616.1796875|7.24167455068|100.30997698883|-48610|-713520||49616.1796875|400||39925|398.5|49616.1796875|880046|THA418|0|2690|0|||3|3|0|1|1|132|50|["132,210,2,2164","132,82,5","132,66,5","132,50,5"]|13:46:56:180
62|1.1|636136514032831187|0|49621.1796875|7.25258576062|100.31109815052|-48484|-712310||49621.1796875|400||39993.75|398.5|49621.1796875|880046|THA418|0|2690|0|||3|3|0|1|1|132|50|["132,210,2,2164","132,82,5","132,66,5","132,50,5"]|13:47:01:180
62|1.1|636136514085866490|0|49626.4765625|7.26402268274|100.31227832072|-48352|-711041||49626.4765625|400||40000|398.5|49626.4765625|880046|THA418|0|2690|0|||3|3|0|1|1|132|83|["132,210,2,2164","132,82,5","132,66,5","132,50,5"]|13:47:06:477
62|1.1|636136514135631466|0|49631.4765625|7.27485879094|100.31345312651|-48220|-709839||49631.4765625|400||40006.25|398.5|49631.4765625|880046|THA418|0|2690|0|||3|3|0|1|1|132|82|["132,210,2,2164","132,82,5","132,66,5","132,50,5"]|13:47:11:477
62|1.1|636136514185556458|0|49636.4609375|7.2850833564|100.3146279323|-48088|-708705||49636.4609375|400||39975|398.5|49636.4609375|880046|THA418|0|2690|0|||3|3|0|1|1|132|82|["132,210,2,2164","132,82,5","132,66,5","132,50,5"]|13:47:16:461
62|1.1|636136514235471449|0|49641.4609375|7.296134041|100.31581346691|-47955|-707479||49641.4609375|400||39987.5|398.5|49641.4609375|880046|THA418|0|2690|0|||3|3|0|1|1|132|82|["132,210,2,2164","132,82,5","132,66,5","132,50,5"]|13:47:21:461
62|1.1|636136514285396441|0|49646.4609375|7.30712571709|100.31704728121|-47817|-706260||49646.4609375|400||39993.75|398.5|49646.4609375|880046|THA418|0|2690|0|||3|3|0|1|1|132|82|["132,210,2,2164","132,82,5","132,66,5","132,50,5"]|13:47:26:461
62|1.1|636136514335321433|0|49651.4375|7.31801546939|100.31814698526|-47694|-705052||49651.4375|400||40006.25|398.5|49651.4375|880046|THA418|0|2690|0|||3|3|0|1|1|132|51|["132,210,2,2164","132,82,5","132,66,5","132,50,5"]|13:47:31:438
62|1.1|636136514385236424|0|49656.4375|7.3289105861|100.31937543515|-47556|-703843||49656.4375|400||40000|398.5|49656.4375|880046|THA418|0|2690|0|||3|3|0|1|1|132|51|["132,210,2,2164","132,82,5","132,66,5","132,50,5"]|13:47:36:438
62|1.1|636136514435161416|0|49661.421875|7.33975742312|100.32057169858|-47422|-702640||49661.421875|400||40000|398.5|49661.421875|880046|THA418|0|2690|0|||3|3|0|1|1|132|82|["132,210,2,2164","132,82,5","132,66,5","132,50,5"]|13:47:41:422
62|1.1|636136514485086408|0|49666.421875|7.35067936188|100.32185379257|-47278|-701429||49666.421875|400||39987.5|398.5|49666.421875|880046|THA418|0|2690|0|||3|3|0|1|1|132|83|["132,210,2,2164","132,82,5","132,66,5","132,50,5"]|13:47:46:422
62|1.1|636136514535011400|0|49671.421875|7.36138672424|100.3229964119|-47150|-700241||49671.421875|400||39987.5|398.5|49671.421875|880046|THA418|0|2690|0|||3|3|0|1|1|132|82|["132,210,2,2164","132,82,5","132,66,5","132,50,5"]|13:47:51:422
62|1.1|636136514584926391|0|49676.3984375|7.37149327268|100.32416048887|-47019|-699121||49676.3984375|400||39975|398.5|49676.3984375|880046|THA418|0|2690|0|||3|3|0|1|1|132|82|["132,210,2,2164","132,82,5","132,66,5","132,50,5"]|13:47:56:398
62|1.1|636136514634851383|0|49681.3984375|7.38235083852|100.3254103964|-46879|-697916||49681.3984375|400||39962.5|398.5|49681.3984375|880046|THA418|0|2690|0|||3|3|0|1|1|132|82|["132,210,2,2164","132,82,5","132,66,5","132,50,5"]|13:48:01:398
62|1.1|636136514684776375|0|49686.375|7.39348198927|100.32665493952|-46740|-696681||49686.375|400||39987.5|398.5|49686.375|880046|THA418|0|2690|0|||3|3|0|1|1|132|82|["132,210,2,2164","132,82,5","132,66,5","132,50,5"]|13:48:06:375
62|1.1|636136514734691366|0|49691.375|7.40440392803|100.32791021146|-46599|-695470||49691.375|400||39981.25|398.5|49691.375|880046|THA418|0|2690|0|||3|3|0|1|1|132|82|["132,210,2,2164","132,82,5","132,66,5","132,50,5"]|13:48:11:375
62|1.1|636136514784616358|0|49696.375|7.41437100181|100.32897772905|-46479|-694365||49696.375|400||39962.5|398.5|49696.375|880046|THA418|0|2690|0|||3|3|0|1|1|132|50|["132,210,2,2164","132,82,5","132,66,5","132,50,5"]|13:48:16:375
62|1.1|636136514834531349|0|49701.359375|7.42544314405|100.33021154335|-46341|-693137||49701.359375|400||39968.75|398.5|49701.359375|880046|THA418|0|2690|0|||3|3|0|1|1|132|50|["132,210,2,2164","132,82,5","132,66,5","132,50,5"]|13:48:21:359
62|1.1|636136514884456341|0|49706.359375|7.43601103175|100.33135416268|-46213|-691965||49706.359375|400||39987.5|398.5|49706.359375|880046|THA418|0|2690|0|||3|3|0|1|1|132|82|["132,210,2,2164","132,82,5","132,66,5","132,50,5"]|13:48:26:359
62|1.1|636136514934381333|0|49711.3359375|7.44712608927|100.33260407021|-46073|-690732||49711.3359375|400||40012.5|398.5|49711.3359375|880046|THA418|0|2690|0|||3|3|0|1|1|132|82|["132,210,2,2164","132,82,5","132,66,5","132,50,5"]|13:48:31:336
62|1.1|636136514984296324|0|49716.3359375|7.45846645201|100.33380033364|-45939|-689474||49716.3359375|400||40031.25|398.5|49716.3359375|880046|THA418|0|2690|0|||3|3|0|1|1|132|82|["132,210,2,2164","132,82,5","132,66,5","132,50,5"]|13:48:36:336
62|1.1|636136515034221316|0|49721.3359375|7.46961369599|100.33494295297|-45811|-688238||49721.3359375|400||40062.5|398.5|49721.3359375|880046|THA418|0|2690|0|||3|3|0|1|1|132|82|["132,210,2,2164","132,82,5","132,66,5","132,50,5"]|13:48:41:336
62|1.1|636136515084146308|0|49726.3203125|7.48057855003|100.33602656379|-45689|-687022||49726.3203125|400||40031.25|398.5|49726.3203125|880046|THA418|0|2690|0|||3|3|0|1|1|132|82|["132,210,2,2164","132,82,5","132,66,5","132,50,5"]|13:48:46:320
62|1.1|636136515134061299|0|49731.3203125|7.4909694122|100.3370511661|-45574|-685869||49731.3203125|400||40006.25|398.5|49731.3203125|880046|THA418|0|2690|0|||3|3|0|1|1|132|82|["132,210,2,2164","132,82,5","132,66,5","132,50,5"]|13:48:51:320
62|1.1|636136515183986291|0|49736.296875|7.50126371499|100.33803285313|-45464|-684728||49736.296875|400||39987.5|398.5|49736.296875|880046|THA418|0|2690|0|||3|3|0|1|1|132|82|["132,210,2,2164","132,82,5","132,66,5","132,50,5"]|13:48:56:297
62|1.1|636136515233911283|0|49741.296875|7.51161702629|100.33899308252|-45356|-683579||49741.296875|400||39981.25|398.5|49741.296875|880046|THA418|0|2690|0|||3|3|0|1|1|132|82|["132,210,2,2164","132,82,5","132,66,5","132,50,5"]|13:49:01:297
62|1.1|636136515283826274|0|49746.296875|7.52212590548|100.33980310843|-45265|-682414||49746.296875|400||39981.25|398.5|49746.296875|880046|THA418|0|2690|0|||3|3|0|1|1|132|82|["132,210,2,2164","132,82,5","132,66,5","132,50,5"]|13:49:06:297
62|1.1|636136515333751266|0|49751.28125|7.53235047094|100.34013033744|-45227|-681280||49751.28125|400||39993.75|398.5|49751.28125|880046|THA418|0|2690|0|||3|3|0|1|1|132|82|["132,210,2,2164","132,82,5","132,66,5","132,50,5"]|13:49:11:281
62|1.1|636136515383676258|0|49756.28125|7.54330459616|100.34068287167|-45164|-680065||49756.28125|400||40006.25|398.5|49756.28125|880046|THA418|0|2690|0|||3|3|0|1|1|132|82|["132,210,2,2164","132,82,5","132,66,5","132,50,5"]|13:49:16:281
62|1.1|636136515433591249|0|49761.2578125|7.55424799256|100.34119249062|-45107|-678852||49761.2578125|400||40000|398.5|49761.2578125|880046|THA418|0|2690|0|||3|3|0|1|1|132|82|["132,210,2,2164","132,82,5","132,66,5","132,50,5"]|13:49:21:258
62|1.1|636136515483516241|0|49766.2578125|7.5661784404|100.34173429603|-45045|-677528||49766.2578125|400||40025|398.5|49766.2578125|880046|THA418|0|2690|0|||3|3|0|1|1|132|82|["132,210,2,2164","132,82,5","132,66,5","132,50,5"]|13:49:26:258
62|1.1|636136515533441233|0|49771.2578125|7.57808206619|100.3419327792|-45021|-676208||49771.2578125|400||40025|398.5|49771.2578125|880046|THA418|0|2690|0|||3|3|0|1|1|132|82|["132,210,2,2164","132,82,5","132,66,5","132,50,5"]|13:49:31:258
62|1.1|636136515583366225|0|49776.2421875|7.5892990475|100.34233510995|-44975|-674964||49776.2421875|400||40037.5|398.5|49776.2421875|880046|THA418|0|2690|0|||3|3|0|1|1|132|210|["132,210,2,2164","132,82,5","132,66,5","132,50,5"]|13:49:36:242
62|1.1|636136515633281216|0|49781.2421875|7.60064477465|100.34256041517|-44948|-673706||49781.2421875|400||40025|398.5|49781.2421875|880046|THA418|0|2690|0|||3|3|0|1|1|132|82|["132,210,2,2164","132,82,5","132,66,5","132,50,5"]|13:49:41:242
62|1.1|636136515683206208|0|49786.21875|7.61155062018|100.34274280511|-44927|-672496||49786.21875|400||39987.5|398.5|49786.21875|880046|THA418|0|2690|0|||3|3|0|1|1|132|82|["132,210,2,2164","132,82,5","132,66,5","132,50,5"]|13:49:46:219
62|1.1|636136515733131200|0|49791.21875|7.62182346533|100.34282327126|-44916|-671357||49791.21875|400||39981.25|398.5|49791.21875|880046|THA418|0|2690|0|||3|3|0|1|1|132|51|["132,210,2,2164","132,82,5","132,66,5","132,50,5"]|13:49:51:219
62|1.1|636136515783046191|0|49796.21875|7.63131847103|100.34302175443|-44893|-670304||49796.21875|400||39975|398.5|49796.21875|880046|THA418|0|2690|0|||3|3|0|1|1|132|50|["132,210,2,2164","132,82,5","132,66,5","132,50,5"]|13:49:56:219
62|1.1|636136515832971183|0|49801.1953125|7.64276075756|100.34325242406|-44866|-669035||49801.1953125|400||40000|398.5|49801.1953125|880046|THA418|0|2690|0|||3|3|0|1|1|132|210|["132,210,2,2164","132,82,5","132,66,5","132,50,5"]|13:50:01:195
62|1.1|636136515882896175|0|49806.1953125|7.6539938321|100.34360647512|-44825|-667789||49806.1953125|400||40000|398.5|49806.1953125|880046|THA418|0|2690|0|||3|3|0|1|1|132|210|["132,210,2,2164","132,82,5","132,66,5","132,50,5"]|13:50:06:195
62|1.1|636136515932811166|0|49811.1796875|7.66447052483|100.34377277183|-44805|-666627||49811.1796875|400||39987.5|398.5|49811.1796875|880046|THA418|0|2690|0|||3|3|0|1|1|132|210|["132,210,2,2164","132,82,5","132,66,5","132,50,5"]|13:50:11:180
62|1.1|636136515982736158|0|49816.1796875|7.6761488454|100.34401953469|-44776|-665332||49816.1796875|400||40006.25|398.5|49816.1796875|880046|THA418|0|2690|0|||3|3|0|1|1|132|210|["132,210,2,2164","132,82,5","132,66,5","132,50,5"]|13:50:16:180
62|1.1|636136516032651149|0|49821.1796875|7.68781643715|100.34415364494|-44759|-664038||49821.1796875|400||40006.25|398.5|49821.1796875|880046|THA418|0|2690|0|||3|3|0|1|1|132|83|["132,210,2,2164","132,82,5","132,66,5","132,50,5"]|13:50:21:180
62|1.1|636136516082596143|0|49826.15625|7.69812146876|100.34437895016|-44733|-662895||49826.15625|400||39993.75|398.5|49826.15625|880046|THA418|0|2690|0|||3|3|0|1|1|132|210|["132,210,2,2164","132,82,5","132,66,5","132,50,5"]|13:50:26:156
62|1.1|636136516132501133|0|49831.15625|7.70934381448|100.34470617917|-44695|-661651||49831.15625|400||39981.25|398.5|49831.15625|880046|THA418|0|2690|0|||3|3|0|1|1|132|210|["132,210,2,2164","132,82,5","132,66,5","132,50,5"]|13:50:31:156
62|1.1|636136516182426125|0|49836.140625|7.72055006697|100.34497976408|-44663|-660409||49836.140625|400||39981.25|398.5|49836.140625|880046|THA418|0|2690|0|||3|3|0|1|1|132|210|["132,210,2,2164","132,82,5","132,66,5","132,50,5"]|13:50:36:141
62|1.1|636136516232341116|0|49841.140625|7.73178850592|100.34517288284|-44640|-659162||49841.140625|400||39993.75|398.5|49841.140625|880046|THA418|0|2690|0|||3|3|0|1|1|132|210|["132,210,2,2164","132,82,5","132,66,5","132,50,5"]|13:50:41:141
62|1.1|636136516282266108|0|49846.140625|7.74208280871|100.34533381514|-44621|-658021||49846.140625|400||39956.25|398.5|49846.140625|880046|THA418|0|2690|0|||3|3|0|1|1|132|210|["132,210,2,2164","132,82,5","132,66,5","132,50,5"]|13:50:46:141
62|1.1|636136516332181099|0|49851.1171875|7.75295646778|100.34547865421|-44603|-656815||49851.1171875|400||39987.5|398.5|49851.1171875|880046|THA418|0|2690|0|||3|3|0|1|1|132|83|["132,210,2,2164","132,82,5","132,66,5","132,50,5"]|13:50:51:117
62|1.1|636136516382106091|0|49856.1171875|7.76399642356|100.3457415103|-44573|-655591||49856.1171875|400||39993.75|398.5|49856.1171875|880046|THA418|0|2690|0|||3|3|0|1|1|132|210|["132,210,2,2164","132,82,5","132,66,5","132,50,5"]|13:50:56:117
62|1.1|636136516432031083|0|49861.1015625|7.77520267605|100.34609556136|-44532|-654348||49861.1015625|400||39987.5|398.5|49861.1015625|880046|THA418|0|2690|0|||3|3|0|1|1|132|210|["132,210,2,2164","132,82,5","132,66,5","132,50,5"]|13:51:01:102
62|1.1|636136516481956075|0|49866.1015625|7.78676834401|100.34621894279|-44517|-653066||49866.1015625|400||39981.25|398.5|49866.1015625|880046|THA418|0|2690|0|||3|3|0|1|1|132|50|["132,210,2,2164","132,82,5","132,66,5","132,50,5"]|13:51:06:102
62|1.1|636136516531871066|0|49871.1015625|7.79686952804|100.34646570565|-44488|-651946||49871.1015625|400||40000|398.5|49871.1015625|880046|THA418|0|2690|0|||3|3|0|1|1|132|50|["132,210,2,2164","132,82,5","132,66,5","132,50,5"]|13:51:11:102
62|1.1|636136516581796058|0|49876.078125|7.80817233991|100.34653007857|-44479|-650692||49876.078125|400||40043.75|398.5|49876.078125|880046|THA418|0|2690|0|||3|3|0|1|1|132|50|["132,210,2,2164","132,82,5","132,66,5","132,50,5"]|13:51:16:078
62|1.1|636136516631711049|0|49881.078125|7.81870267674|100.34677684143|-44450|-649524||49881.078125|400||39993.75|398.5|49881.078125|880046|THA418|0|2690|0|||3|3|0|1|1|132|210|["132,210,2,2164","132,82,5","132,66,5","132,50,5"]|13:51:21:078
62|1.1|636136516681636041|0|49886.0625|7.82947977643|100.3468680364|-44439|-648329||49886.0625|400||40000|398.5|49886.0625|880046|THA418|0|2690|0|||3|3|0|1|1|132|210|["132,210,2,2164","132,82,5","132,66,5","132,50,5"]|13:51:26:063
62|1.1|636136516731561033|0|49891.0625|7.84017640997|100.34713089249|-44408|-647143||49891.0625|400||39987.5|398.5|49891.0625|880046|THA418|0|2690|0|||3|3|0|1|1|132|210|["132,210,2,2164","132,82,5","132,66,5","132,50,5"]|13:51:31:063
62|1.1|636136516781476024|0|49896.0625|7.85098569612|100.34744202827|-44372|-645945||49896.0625|400||39975|398.5|49896.0625|880046|THA418|0|2690|0|||3|3|0|1|1|132|210|["132,210,2,2164","132,82,5","132,66,5","132,50,5"]|13:51:36:063
62|1.1|636136516831401016|0|49901.0390625|7.86254063526|100.34772097759|-44340|-644664||49901.0390625|400||40000|398.5|49901.0390625|880046|THA418|0|2690|0|||3|3|0|1|1|132|210|["132,210,2,2164","132,82,5","132,66,5","132,50,5"]|13:51:41:039
62|1.1|636136516881326008|0|49906.0390625|7.87309779414|100.34800529132|-44306|-643493||49906.0390625|400||39981.25|398.5|49906.0390625|880046|THA418|0|2690|0|||3|3|0|1|1|132|210|["132,210,2,2164","132,82,5","132,66,5","132,50,5"]|13:51:46:039
62|1.1|636136516931251000|0|49911.015625|7.88430941104|100.34840762207|-44260|-642250||49911.015625|400||39981.25|398.5|49911.015625|880046|THA418|0|2690|0|||3|3|0|1|1|132|210|["132,210,2,2164","132,82,5","132,66,5","132,50,5"]|13:51:51:016
62|1.1|636136516981165991|0|49916.015625|7.89445887476|100.34855782555|-44242|-641125||49916.015625|400||39987.5|398.5|49916.015625|880046|THA418|0|2690|0|||3|3|0|1|1|132|210|["132,210,2,2164","132,82,5","132,66,5","132,50,5"]|13:51:56:016
62|1.1|636136517031090983|0|49921.015625|7.90543982203|100.34882068164|-44212|-639907||49921.015625|400||39987.5|398.5|49921.015625|880046|THA418|0|2690|0|||3|3|0|1|1|132|210|["132,210,2,2164","132,82,5","132,66,5","132,50,5"]|13:52:01:016
62|1.1|636136517081045978|0|49926|7.91700548999|100.3491210886|-44177|-638625||49926|400||40012.5|397.75|49926|880046|THA418|0|2690|0|||3|3|0|1|1|132|210|["132,210,2,2164","132,82,5","132,66,5","132,50,5"]|13:52:06:000
62|1.1|636136517130930966|0|49931|7.92823320012|100.34942149556|-44142|-637380||49931|400||40012.5|397.75|49931|880046|THA418|0|2690|0|||3|3|0|1|1|132|210|["132,210,2,2164","132,82,5","132,66,5","132,50,5"]|13:52:11:000
62|1.1|636136517180855958|0|49935.9765625|7.93946627466|100.34986674159|-44091|-636134||49935.9765625|400||40012.5|397.75|49935.9765625|880046|THA418|0|2690|0|||3|3|0|1|1|132|210|["132,210,2,2164","132,82,5","132,66,5","132,50,5"]|13:52:15:977
62|1.1|636136517230780950|0|49940.9765625|7.95065643392|100.35012959768|-44060|-634894||49940.9765625|400||39993.75|397.75|49940.9765625|880046|THA418|0|2690|0|||3|3|0|1|1|132|83|["132,210,2,2164","132,82,5","132,66,5","132,50,5"]|13:52:20:977
62|1.1|636136517280695941|0|49945.9765625|7.96213627132|100.35022079265|-44049|-633621||49945.9765625|400||40068.75|397.75|49945.9765625|880046|THA418|0|2690|0|||3|3|0|1|1|132|50|["132,210,2,2164","132,82,5","132,66,5","132,50,5"]|13:52:25:977
62|1.1|636136517330620933|0|49950.9609375|7.97208188746|100.35032808085|-44035|-632518||49950.9609375|400||39981.25|397.75|49950.9609375|880046|THA418|0|2690|0|||3|3|0|1|1|132|50|["132,210,2,2164","132,82,5","132,66,5","132,50,5"]|13:52:30:961
62|1.1|636136517380535924|0|49955.9609375|7.98288044479|100.3506231234|-44001|-631321||49955.9609375|400||39987.5|397.75|49955.9609375|880046|THA418|0|2690|0|||3|3|0|1|1|132|50|["132,210,2,2164","132,82,5","132,66,5","132,50,5"]|13:52:35:961
62|1.1|636136517430460916|0|49960.9375|7.99427445163|100.35099326769|-43959|-630058||49960.9375|400||39993.75|397.75|49960.9375|880046|THA418|0|2690|0|||3|3|0|1|1|132|210|["132,210,2,2164","132,82,5","132,66,5","132,50,5"]|13:52:40:938
62|1.1|636136517480385908|0|49965.9375|8.0067037896|100.35124539496|-43929|-628680||49965.9375|400||39981.25|397.75|49965.9375|880046|THA418|0|2690|0|||3|3|0|1|1|132|51|["132,210,2,2164","132,82,5","132,66,5","132,50,5"]|13:52:45:938
62|1.1|636136517530300899|0|49970.9375|8.01579110014|100.35158335279|-43890|-627673||49970.9375|400||39968.75|397.75|49970.9375|880046|THA418|0|2690|0|||3|3|0|1|1|132|210|["132,210,2,2164","132,82,5","132,66,5","132,50,5"]|13:52:50:938
62|1.1|636136517580225891|0|49975.921875|8.02674522536|100.35190521739|-43853|-626458||49975.921875|400||39956.25|397.75|49975.921875|880046|THA418|0|2690|0|||3|3|0|1|1|132|210|["132,210,2,2164","132,82,5","132,66,5","132,50,5"]|13:52:55:922
62|1.1|636136517630150883|0|49980.921875|8.03818751189|100.35214661584|-43825|-625190||49980.921875|400||39993.75|397.75|49980.921875|880046|THA418|0|2690|0|||3|3|0|1|1|132|210|["132,210,2,2164","132,82,5","132,66,5","132,50,5"]|13:53:00:922
62|1.1|636136517680075875|0|49985.8984375|8.04927574736|100.3524470228|-43790|-623960||49985.8984375|400||40006.25|397.75|49985.8984375|880046|THA418|0|2690|0|||3|3|0|1|1|132|210|["132,210,2,2164","132,82,5","132,66,5","132,50,5"]|13:53:05:898
62|1.1|636136517730010868|0|49990.8984375|8.05972025363|100.35258113305|-43773|-622802||49990.8984375|400||39987.5|397.75|49990.8984375|880046|THA418|0|2690|0|||3|3|0|1|1|132|210|["132,210,2,2164","132,82,5","132,66,5","132,50,5"]|13:53:10:898
62|1.1|636136517779925859|0|49995.8984375|8.07217641365|100.35285471796|-43741|-621421||49995.8984375|400||39981.25|397.75|49995.8984375|880046|THA418|0|2690|0|||3|3|0|1|1|132|83|["132,210,2,2164","132,82,5","132,66,5","132,50,5"]|13:53:15:898
62|1.1|636136517829840850|0|50000.875|8.08229369091|100.35302637908|-43721|-620300||50000.875|400||39987.5|397.75|50000.875|880046|THA418|0|2690|0|||3|3|0|1|1|132|83|["132,210,2,2164","132,82,5","132,66,5","132,50,5"]|13:53:20:875
62|1.1|636136517879765842|0|50005.875|8.09116106064|100.35320340461|-43700|-619317||50005.875|400||39987.5|397.75|50005.875|880046|THA418|0|2690|0|||3|3|0|1|1|132|210|["132,210,2,2164","132,82,5","132,66,5","132,50,5"]|13:53:25:875
62|1.1|636136517929680833|0|50010.859375|8.10199716884|100.35341798101|-43675|-618115||50010.859375|400||39993.75|397.75|50010.859375|880046|THA418|0|2690|0|||3|3|0|1|1|132|210|["132,210,2,2164","132,82,5","132,66,5","132,50,5"]|13:53:30:859
62|1.1|636136517979605825|0|50015.859375|8.11292983642|100.35364865064|-43648|-616904||50015.859375|400||40000|397.75|50015.859375|880046|THA418|0|2690|0|||3|3|0|1|1|132|210|["132,210,2,2164","132,82,5","132,66,5","132,50,5"]|13:53:35:859
62|1.1|636136518029520816|0|50020.859375|8.12384641077|100.35391687114|-43617|-615693||50020.859375|400||40006.25|397.75|50020.859375|880046|THA418|0|2690|0|||3|3|0|1|1|132|210|["132,210,2,2164","132,82,5","132,66,5","132,50,5"]|13:53:40:859
62|1.1|636136518079455809|0|50025.8359375|8.13548718047|100.35423337133|-43580|-614403||50025.8359375|400||40031.25|397.75|50025.8359375|880046|THA418|0|2690|0|||3|3|0|1|1|132|210|["132,210,2,2164","132,82,5","132,66,5","132,50,5"]|13:53:45:836
62|1.1|636136518129390802|0|50030.8359375|8.14685436526|100.35461960885|-43536|-613143||50030.8359375|400||40075|397.75|50030.8359375|880046|THA418|0|2690|0|||3|3|0|1|1|132|50|["132,210,2,2164","132,82,5","132,66,5","132,50,5"]|13:53:50:836
62|1.1|636136518179295792|0|50035.8203125|8.15816254154|100.35488246494|-43505|-611889||50035.8203125|400||40150|397.75|50035.8203125|880046|THA418|0|2690|0|||3|3|0|1|1|132|50|["132,210,2,2164","132,82,5","132,66,5","132,50,5"]|13:53:55:820
62|1.1|636136518229210783|0|50040.8203125|8.16942780254|100.35515068544|-43474|-610641||50040.8203125|400||40200|397.75|50040.8203125|880046|THA418|0|2690|0|||3|3|0|1|1|132|210|["132,210,2,2164","132,82,5","132,66,5","132,50,5"]|13:54:00:820
62|1.1|636136518279135775|0|50045.8203125|8.1799205885|100.35539208389|-43446|-609478||50045.8203125|400||40012.5|397.75|50045.8203125|880046|THA418|0|2690|0|||3|3|0|1|1|132|210|["132,210,2,2164","132,82,5","132,66,5","132,50,5"]|13:54:05:820
62|1.1|636136518329100771|0|50050.796875|8.19128240888|100.35562811793|-43418|-608218||50050.796875|400||40006.25|397.75|50050.796875|880046|THA418|0|2690|0|||3|3|0|1|1|132|210|["132,210,2,2164","132,82,5","132,66,5","132,50,5"]|13:54:10:797
62|1.1|636136518378975758|0|50055.796875|8.20241892404|100.35605190632|-43369|-606984||50055.796875|400||39993.75|397.75|50055.796875|880046|THA418|0|2690|0|||3|3|0|1|1|132|210|["132,210,2,2164","132,82,5","132,66,5","132,50,5"]|13:54:15:797
62|1.1|636136518428900750|0|50060.78125|8.21473024499|100.35614310129|-43358|-605619||50060.78125|400||39981.25|397.75|50060.78125|880046|THA418|0|2690|0|||3|3|0|1|1|132|83|["132,210,2,2164","132,82,5","132,66,5","132,50,5"]|13:54:20:781
62|1.1|636136518478825742|0|50065.78125|8.22427353038|100.35640595738|-43327|-604561||50065.78125|400||39993.75|397.75|50065.78125|880046|THA418|0|2690|0|||3|3|0|1|1|132|210|["132,210,2,2164","132,82,5","132,66,5","132,50,5"]|13:54:25:781
62|1.1|636136518528740733|0|50070.78125|8.23537785908|100.35680292372|-43282|-603330||50070.78125|400||39981.25|397.75|50070.78125|880046|THA418|0|2690|0|||3|3|0|1|1|132|210|["132,210,2,2164","132,82,5","132,66,5","132,50,5"]|13:54:30:781
62|1.1|636136518578665725|0|50075.7578125|8.24584382299|100.3568994831|-43270|-602170||50075.7578125|400||39975|397.75|50075.7578125|880046|THA418|0|2690|0|||3|3|0|1|1|132|210|["132,210,2,2164","132,82,5","132,66,5","132,50,5"]|13:54:35:758
62|1.1|636136518628590717|0|50080.7578125|8.25717345691|100.35709260186|-43247|-600914||50080.7578125|400||39993.75|397.75|50080.7578125|880046|THA418|0|2690|0|||3|3|0|1|1|132|210|["132,210,2,2164","132,82,5","132,66,5","132,50,5"]|13:54:40:758
62|1.1|636136518678505708|0|50085.7421875|8.26706542895|100.35721598329|-43232|-599818||50085.7421875|400||39987.5|397.75|50085.7421875|880046|THA418|0|2690|0|||3|3|0|1|1|132|210|["132,210,2,2164","132,82,5","132,66,5","132,50,5"]|13:54:45:742
62|1.1|636136518728430700|0|50090.7421875|8.27974152978|100.3574895682|-43200|-598413||50090.7421875|400||39993.75|397.75|50090.7421875|880046|THA418|0|2690|0|||3|3|0|1|1|132|83|["132,210,2,2164","132,82,5","132,66,5","132,50,5"]|13:54:50:742
62|1.1|636136518778355692|0|50095.7421875|8.28857671305|100.35760758522|-43185|-597433||50095.7421875|400||40000|397.75|50095.7421875|880046|THA418|0|2690|0|||3|3|0|1|1|132|210|["132,210,2,2164","132,82,5","132,66,5","132,50,5"]|13:54:55:742
62|1.1|636136518828270683|0|50100.71875|8.30023894039|100.35782752603|-43159|-596141||50100.71875|400||40012.5|397.75|50100.71875|880046|THA418|0|2690|0|||3|3|0|1|1|132|210|["132,210,2,2164","132,82,5","132,66,5","132,50,5"]|13:55:00:719
62|1.1|636136518878195675|0|50105.71875|8.3114559217|100.35815475504|-43121|-594898||50105.71875|400||40025|397.75|50105.71875|880046|THA418|0|2690|0|||3|3|0|1|1|132|210|["132,210,2,2164","132,82,5","132,66,5","132,50,5"]|13:55:05:719
62|1.1|636136518928130668|0|50110.6953125|8.32266217419|100.35865364517|-43065|-593655||50110.6953125|400||40043.75|397.75|50110.6953125|880046|THA418|0|2690|0|||3|3|0|1|1|132|210|["132,210,2,2164","132,82,5","132,66,5","132,50,5"]|13:55:10:695
62|1.1|636136518978045659|0|50115.6953125|8.33415810482|100.35899696741|-43025|-592381||50115.6953125|400||40125|397.75|50115.6953125|880046|THA418|0|2690|0|||3|3|0|1|1|132|50|["132,210,2,2164","132,82,5","132,66,5","132,50,5"]|13:55:15:695
62|1.1|636136519027960650|0|50120.6953125|8.34466698401|100.35927055232|-42994|-591216||50120.6953125|400||40006.25|397.75|50120.6953125|880046|THA418|0|2690|0|||3|3|0|1|1|132|210|["132,210,2,2164","132,82,5","132,66,5","132,50,5"]|13:55:20:695
62|1.1|636136519077885642|0|50125.6796875|8.35520804966|100.35928128114|-42991|-590048||50125.6796875|400||39993.75|397.75|50125.6796875|880046|THA418|0|2690|0|||3|3|0|1|1|132|210|["132,210,2,2164","132,82,5","132,66,5","132,50,5"]|13:55:25:680
62|1.1|636136519127810634|0|50130.6796875|8.36593686966|100.35969970512|-42943|-588859||50130.6796875|400||39975|397.75|50130.6796875|880046|THA418|0|2690|0|||3|3|0|1|1|132|210|["132,210,2,2164","132,82,5","132,66,5","132,50,5"]|13:55:30:680
62|1.1|636136519177725625|0|50135.65625|8.37688563047|100.36005375618|-42902|-587645||50135.65625|400||39962.5|397.75|50135.65625|880046|THA418|0|2690|0|||3|3|0|1|1|132|210|["132,210,2,2164","132,82,5","132,66,5","132,50,5"]|13:55:35:656
62|1.1|636136519227650617|0|50140.65625|8.38823672203|100.360600926|-42840|-586387||50140.65625|400||39981.25|397.75|50140.65625|880046|THA418|0|2690|0|||3|3|0|1|1|132|210|["132,210,2,2164","132,82,5","132,66,5","132,50,5"]|13:55:40:656
62|1.1|636136519277565608|0|50145.65625|8.4002369072|100.36068139215|-42830|-585057||50145.65625|400||40031.25|397.75|50145.65625|880046|THA418|0|2690|0|||3|3|0|1|1|132|210|["132,210,2,2164","132,82,5","132,66,5","132,50,5"]|13:55:45:656
62|1.1|636136519327510602|0|50150.640625|8.41179721075|100.36070284979|-42826|-583776||50150.640625|400||40012.5|397.75|50150.640625|880046|THA418|0|2690|0|||3|3|0|1|1|132|83|["132,210,2,2164","132,82,5","132,66,5","132,50,5"]|13:55:50:641
62|1.1|636136519377415592|0|50155.640625|8.42300346324|100.36091742619|-42801|-582534||50155.640625|400||40012.5|397.75|50155.640625|880046|THA418|0|2690|0|||3|3|0|1|1|132|210|["132,210,2,2164","132,82,5","132,66,5","132,50,5"]|13:55:55:641
62|1.1|636136519427350585|0|50160.6171875|8.43309928286|100.36109445172|-42780|-581415||50160.6171875|400||39993.75|397.75|50160.6171875|880046|THA418|0|2690|0|||3|3|0|1|1|132|210|["132,210,2,2164","132,82,5","132,66,5","132,50,5"]|13:56:00:617
62|1.1|636136519477275577|0|50165.6171875|8.44441818796|100.3614055875|-42743|-580161||50165.6171875|400||39987.5|397.75|50165.6171875|880046|THA418|0|2690|0|||3|3|0|1|1|132|210|["132,210,2,2164","132,82,5","132,66,5","132,50,5"]|13:56:05:617
62|1.1|636136519527180567|0|50170.6171875|8.45561371163|100.36163089272|-42717|-578920||50170.6171875|400||39993.75|397.75|50170.6171875|880046|THA418|0|2690|0|||3|3|0|1|1|132|210|["132,210,2,2164","132,82,5","132,66,5","132,50,5"]|13:56:10:617
62|1.1|636136519577095558|0|50175.6015625|8.46677704884|100.36217806254|-42655|-577683||50175.6015625|400||39993.75|397.75|50175.6015625|880046|THA418|0|2690|0|||3|3|0|1|1|132|210|["132,210,2,2164","132,82,5","132,66,5","132,50,5"]|13:56:15:602
62|1.1|636136519627030551|0|50180.6015625|8.47693724138|100.36230144397|-42640|-576557||50180.6015625|400||39975|397.75|50180.6015625|880046|THA418|0|2690|0|||3|3|0|1|1|132|210|["132,210,2,2164","132,82,5","132,66,5","132,50,5"]|13:56:20:602
62|1.1|636136519676945542|0|50185.578125|8.48851363816|100.3626394018|-42601|-575274||50185.578125|400||39993.75|397.75|50185.578125|880046|THA418|0|2690|0|||3|3|0|1|1|132|210|["132,210,2,2164","132,82,5","132,66,5","132,50,5"]|13:56:25:578
62|1.1|636136519726870534|0|50190.578125|8.4996394245|100.36300418168|-42559|-574041||50190.578125|400||40000|397.75|50190.578125|880046|THA418|0|2690|0|||3|3|0|1|1|132|210|["132,210,2,2164","132,82,5","132,66,5","132,50,5"]|13:56:30:578
62|1.1|636136519776785525|0|50195.578125|8.51028777835|100.36329385982|-42526|-572861||50195.578125|400||39981.25|397.75|50195.578125|880046|THA418|0|2690|0|||3|3|0|1|1|132|50|["132,210,2,2164","132,82,5","132,66,5","132,50,5"]|13:56:35:578
62|1.1|636136519826710517|0|50200.5625|8.52133309854|100.36372301262|-42477|-571637||50200.5625|400||39975|397.75|50200.5625|880046|THA418|0|2690|0|||3|3|0|1|1|132|50|["132,210,2,2164","132,82,5","132,66,5","132,50,5"]|13:56:40:563
62|1.1|636136519876625508|0|50205.5625|8.53245888488|100.36423263157|-42419|-570404||50205.5625|400||39943.75|397.75|50205.5625|880046|THA418|0|2690|0|||3|3|0|1|1|132|210|["132,210,2,2164","132,82,5","132,66,5","132,50,5"]|13:56:45:563
62|1.1|636136519926550500|0|50210.5390625|8.54363295091|100.36439892828|-42399|-569166||50210.5390625|400||39906.25|397.75|50210.5390625|880046|THA418|0|2690|0|||3|3|0|1|1|132|210|["132,210,2,2164","132,82,5","132,66,5","132,50,5"]|13:56:50:539
62|1.1|636136519976495494|0|50215.5390625|8.5551074239|100.36454913176|-42381|-567894||50215.5390625|400||39968.75|397.75|50215.5390625|880046|THA418|0|2690|0|||3|3|0|1|1|132|210|["132,210,2,2164","132,82,5","132,66,5","132,50,5"]|13:56:55:539
62|1.1|636136520026400484|0|50220.5390625|8.56645315105|100.36480125903|-42351|-566637||50220.5390625|400||39987.5|397.75|50220.5390625|880046|THA418|0|2690|0|||3|3|0|1|1|132|210|["132,210,2,2164","132,82,5","132,66,5","132,50,5"]|13:57:00:539
62|1.1|636136520076315475|0|50225.515625|8.57757893739|100.36497292015|-42331|-565404||50225.515625|400||39987.5|397.75|50225.515625|880046|THA418|0|2690|0|||3|3|0|1|1|132|210|["132,210,2,2164","132,82,5","132,66,5","132,50,5"]|13:57:05:516
62|1.1|636136520126240467|0|50230.515625|8.58882274075|100.3653216068|-42291|-564158||50230.515625|400||39962.5|397.75|50230.515625|880046|THA418|0|2690|0|||3|3|0|1|1|132|210|["132,210,2,2164","132,82,5","132,66,5","132,50,5"]|13:57:10:516
62|1.1|636136520176155458|0|50235.5|8.59998607796|100.36560055612|-42258|-562920||50235.5|400||39918.75|397.75|50235.5|880046|THA418|0|2690|0|||3|3|0|1|1|132|210|["132,210,2,2164","132,82,5","132,66,5","132,50,5"]|13:57:15:500
62|1.1|636136520226080450|0|50240.5|8.61126206778|100.36592242072|-42221|-561671||50240.5|400||39875|397.75|50240.5|880046|THA418|0|2690|0|||3|3|0|1|1|132|210|["132,210,2,2164","132,82,5","132,66,5","132,50,5"]|13:57:20:500
62|1.1|636136520276015443|0|50245.5|8.62085363286|100.3658044037|-42233|-560608||50245.5|400||39962.5|397.75|50245.5|880046|THA418|0|2690|0|||3|3|0|1|1|132|210|["132,210,2,2164","132,82,5","132,66,5","132,50,5"]|13:57:25:500
62|1.1|636136520325920433|0|50250.4765625|8.63228519057|100.36605653097|-42203|-559341||50250.4765625|400||39968.75|397.75|50250.4765625|880046|THA418|0|2690|0|||3|3|0|1|1|132|210|["132,210,2,2164","132,82,5","132,66,5","132,50,5"]|13:57:30:477
62|1.1|636136520375845425|0|50255.4765625|8.64347534983|100.36647495495|-42156|-558101||50255.4765625|400||39956.25|397.75|50255.4765625|880046|THA418|0|2690|0|||3|3|0|1|1|132|210|["132,210,2,2164","132,82,5","132,66,5","132,50,5"]|13:57:35:477
62|1.1|636136520425770417|0|50260.4609375|8.65468160232|100.367038218|-42092|-556859||50260.4609375|400||39931.25|397.75|50260.4609375|880046|THA418|0|2690|0|||3|3|0|1|1|132|210|["132,210,2,2164","132,82,5","132,66,5","132,50,5"]|13:57:40:461
62|1.1|636136520475685408|0|50265.4609375|8.66596832096|100.36732253173|-42059|-555609||50265.4609375|400||39900|397.75|50265.4609375|880046|THA418|0|2690|0|||3|3|0|1|1|132|210|["132,210,2,2164","132,82,5","132,66,5","132,50,5"]|13:57:45:461
62|1.1|636136520525610400|0|50270.4609375|8.67722285314|100.36769267602|-42017|-554362||50270.4609375|400||39862.5|397.75|50270.4609375|880046|THA418|0|2690|0|||3|3|0|1|1|132|210|["132,210,2,2164","132,82,5","132,66,5","132,50,5"]|13:57:50:461
62|1.1|636136520575535392|0|50275.4375|8.68839155476|100.36790725242|-41991|-553124||50275.4375|400||39856.25|397.75|50275.4375|880046|THA418|0|2690|0|||3|3|0|1|1|132|210|["132,210,2,2164","132,82,5","132,66,5","132,50,5"]|13:57:55:438
62|1.1|636136520625460384|0|50280.4375|8.69947442582|100.36822911702|-41954|-551896||50280.4375|400||39762.5|397.75|50280.4375|880046|THA418|0|2690|0|||3|3|0|1|1|132|210|["132,210,2,2164","132,82,5","132,66,5","132,50,5"]|13:58:00:438
62|1.1|636136520675375375|0|50285.421875|8.7106753139|100.36849733752|-41923|-550655||50285.421875|400||39731.25|397.75|50285.421875|880046|THA418|0|2690|0|||3|3|0|1|1|132|210|["132,210,2,2164","132,82,5","132,66,5","132,50,5"]|13:58:05:422
62|1.1|636136520725310368|0|50290.421875|8.72179037142|100.36870654951|-41898|-549423||50290.421875|400||39743.75|397.75|50290.421875|880046|THA418|0|2690|0|||3|3|0|1|1|132|210|["132,210,2,2164","132,82,5","132,66,5","132,50,5"]|13:58:10:422
62|1.1|636136520775225359|0|50295.421875|8.73219196241|100.36863144777|-41905|-548271||50295.421875|400||39968.75|397.75|50295.421875|880046|THA418|0|2690|0|||3|3|0|1|1|132|210|["132,210,2,2164","132,82,5","132,66,5","132,50,5"]|13:58:15:422
62|1.1|636136520825150351|0|50300.3984375|8.74340357931|100.36887284622|-41877|-547029||50300.3984375|400||39968.75|397.75|50300.3984375|880046|THA418|0|2690|0|||3|3|0|1|1|132|66|["132,210,2,2164","132,82,5","132,66,5","132,50,5"]|13:58:20:398
62|1.1|636136520875065342|0|50305.3984375|8.75467956913|100.36921616846|-41838|-545779||50305.3984375|400||39956.25|397.75|50305.3984375|880046|THA418|0|2690|0|||3|3|0|1|1|132|66|["132,210,2,2164","132,82,5","132,66,5","132,50,5"]|13:58:25:398
62|1.1|636136520924990334|0|50310.375|8.76586972839|100.36921616846|-41836|-544539||50310.375|400||39993.75|397.75|50310.375|880046|THA418|0|2690|0|||3|3|0|1|1|132|210|["132,210,2,2164","132,82,5","132,66,5","132,50,5"]|13:58:30:375
62|1.1|636136520974915326|0|50315.375|8.77700624355|100.36947366014|-41806|-543305||50315.375|400||39993.75|397.75|50315.375|880046|THA418|0|2690|0|||3|3|0|1|1|132|66|["132,210,2,2164","132,82,5","132,66,5","132,50,5"]|13:58:35:375
62|1.1|636136521024830317|0|50320.375|8.78823395368|100.36967750772|-41782|-542061||50320.375|400||40000|397.75|50320.375|880046|THA418|0|2690|0|||3|3|0|1|1|132|66|["132,210,2,2164","132,82,5","132,66,5","132,50,5"]|13:58:40:375
62|1.1|636136521074755309|0|50325.359375|8.798705282|100.37001546555|-41743|-540901||50325.359375|400||39975|397.75|50325.359375|880046|THA418|0|2690|0|||3|3|0|1|1|132|66|["132,210,2,2164","132,82,5","132,66,5","132,50,5"]|13:58:45:359
62|1.1|636136521124670300|0|50330.359375|8.80883328808|100.36994036381|-41750|-539779||50330.359375|400||39975|397.75|50330.359375|880046|THA418|0|2690|0|||3|3|0|1|1|132|66|["132,210,2,2164","132,82,5","132,66,5","132,50,5"]|13:58:50:359
62|1.1|636136521174615294|0|50335.3359375|8.82035067635|100.3700422876|-41737|-538503||50335.3359375|400||39987.5|397.75|50335.3359375|880046|THA418|0|2690|0|||3|3|0|1|1|132|66|["132,210,2,2164","132,82,5","132,66,5","132,50,5"]|13:58:55:336
62|1.1|636136521224520284|0|50340.3359375|8.83027483485|100.37032660133|-41704|-537403||50340.3359375|400||39987.5|397.75|50340.3359375|880046|THA418|0|2690|0|||3|3|0|1|1|132|66|["132,210,2,2164","132,82,5","132,66,5","132,50,5"]|13:59:00:336
62|1.1|636136521274435275|0|50345.3359375|8.84133624827|100.37047680481|-41686|-536177||50345.3359375|400||39993.75|397.75|50345.3359375|880046|THA418|0|2690|0|||3|3|0|1|1|132|66|["132,210,2,2164","132,82,5","132,66,5","132,50,5"]|13:59:05:336
62|1.1|636136521324370268|0|50350.3203125|8.85340617077|100.37061627947|-41669|-534840||50350.3203125|400||40006.25|397.75|50350.3203125|880046|THA418|0|2690|0|||3|3|0|1|1|132|66|["132,210,2,2164","132,82,5","132,66,5","132,50,5"]|13:59:10:320
62|1.1|636136521374285259|0|50355.3203125|8.86522933041|100.37093814407|-41632|-533530||50355.3203125|400||40018.75|397.75|50355.3203125|880046|THA418|0|2690|0|||3|3|0|1|1|132|66|["132,210,2,2164","132,82,5","132,66,5","132,50,5"]|13:59:15:320
62|1.1|636136521424200250|0|50360.296875|8.87597424364|100.37124391544|-41597|-532340||50360.296875|400||40006.25|397.75|50360.296875|880046|THA418|0|2690|0|||3|3|0|1|1|132|66|["132,210,2,2164","132,82,5","132,66,5","132,50,5"]|13:59:20:297
62|1.1|636136521474125242|0|50365.296875|8.88723950464|100.37176426321|-41538|-531092||50365.296875|400||40012.5|397.75|50365.296875|880046|THA418|0|2690|0|||3|3|0|1|1|132|50|["132,210,2,2164","132,82,5","132,66,5","132,50,5"]|13:59:25:297
62|1.1|636136521524050234|0|50370.296875|8.89857450297|100.3722416957|-41484|-529836||50370.296875|400||40031.25|397.75|50370.296875|880046|THA418|0|2690|0|||3|3|0|1|1|132|50|["132,210,2,2164","132,82,5","132,66,5","132,50,5"]|13:59:30:297
62|1.1|636136521573965225|0|50375.28125|8.91025282354|100.37241872123|-41462|-528542||50375.28125|400||40012.5|397.75|50375.28125|880046|THA418|0|2690|0|||3|3|0|1|1|132|83|["132,210,2,2164","132,82,5","132,66,5","132,50,5"]|13:59:35:281
62|1.1|636136521623890217|0|50380.28125|8.92136251665|100.3726708485|-41433|-527311||50380.28125|400||40000|397.75|50380.28125|880046|THA418|0|2690|0|||3|3|0|1|1|132|51|["132,210,2,2164","132,82,5","132,66,5","132,50,5"]|13:59:40:281
62|1.1|636136521673815209|0|50385.2578125|8.93231127746|100.37292297577|-41404|-526098||50385.2578125|400||40000|397.75|50385.2578125|880046|THA418|0|2690|0|||3|3|0|1|1|132|51|["132,210,2,2164","132,82,5","132,66,5","132,50,5"]|13:59:45:258
62|1.1|636136521723730200|0|50390.2578125|8.94368919107|100.37323947596|-41367|-524838||50390.2578125|400||40000|397.75|50390.2578125|880046|THA418|0|2690|0|||3|3|0|1|1|132|50|["132,210,2,2164","132,82,5","132,66,5","132,50,5"]|13:59:50:258
62|1.1|636136521773655192|0|50395.2578125|8.95499200294|100.37387247634|-41296|-523585||50395.2578125|400||40006.25|397.75|50395.2578125|880046|THA418|0|2690|0|||3|3|0|1|1|132|50|["132,210,2,2164","132,82,5","132,66,5","132,50,5"]|13:59:55:258
62|1.1|636136521823430169|0|50400.2421875|8.96621434866|100.37447329026|-41228|-522342||50400.2421875|400||39993.75|397.75|50400.2421875|880046|THA418|0|2690|0|||3|3|0|1|1|132|50|["132,210,2,2164","132,82,5","132,66,5","132,50,5"]|14:00:00:242
62|1.1|636136521873495175|0|50405.2421875|8.97751716053|100.37496681598|-41172|-521090||50405.2421875|400||39956.25|397.75|50405.2421875|880046|THA418|0|2690|0|||3|3|0|1|1|132|50|["132,210,2,2164","132,82,5","132,66,5","132,50,5"]|14:00:05:242
62|1.1|636136521923270152|0|50410.21875|8.98869122656|100.37522967207|-41141|-519852||50410.21875|400||39850|398.5|50410.21875|880046|THA418|0|2690|0|||3|3|0|1|1|132|50|["132,210,2,2164","132,82,5","132,66,5","132,50,5"]|14:00:10:219
62|1.1|636136521973185143|0|50415.21875|8.99983847054|100.37532086704|-41130|-518617||50415.21875|400||39768.75|398.5|50415.21875|880046|THA418|0|2690|0|||3|3|0|1|1|132|82|["132,210,2,2164","132,82,5","132,66,5","132,50,5"]|14:00:15:219
62|1.1|636136522023110135|0|50420.21875|9.01100717216|100.37569637574|-41087|-517380||50420.21875|400||39687.5|398.5|50420.21875|880046|THA418|0|2690|0|||3|3|0|1|1|132|82|["132,210,2,2164","132,82,5","132,66,5","132,50,5"]|14:00:20:219
62|1.1|636136522073035127|0|50425.1953125|9.0221866026|100.37576611307|-41078|-516141||50425.1953125|400||39700|398.5|50425.1953125|880046|THA418|0|2690|0|||3|3|0|1|1|132|51|["132,210,2,2164","132,82,5","132,66,5","132,50,5"]|14:00:25:195
62|1.1|636136522122950118|0|50430.1953125|9.03340358391|100.37613089295|-41036|-514899||50430.1953125|400||39643.75|398.5|50430.1953125|880046|THA418|0|2690|0|||3|3|0|1|1|132|82|["132,210,2,2164","132,82,5","132,66,5","132,50,5"]|14:00:30:195
62|1.1|636136522172915114|0|50435.1796875|9.0445025482|100.37629718966|-41016|-513669||50435.1796875|400||39612.5|398.5|50435.1796875|880046|THA418|0|2690|0|||3|3|0|1|1|132|82|["132,210,2,2164","132,82,5","132,66,5","132,50,5"]|14:00:35:180
62|1.1|636136522222810103|0|50440.1796875|9.0556068769|100.37655468134|-40986|-512439||50440.1796875|400||39575|398.5|50440.1796875|880046|THA418|0|2690|0|||3|3|0|1|1|132|51|["132,210,2,2164","132,82,5","132,66,5","132,50,5"]|14:00:40:180
62|1.1|636136522272715093|0|50445.1796875|9.06658245976|100.37670488482|-40968|-511223||50445.1796875|400||39556.25|398.5|50445.1796875|880046|THA418|0|2690|0|||3|3|0|1|1|132|83|["132,210,2,2164","132,82,5","132,66,5","132,50,5"]|14:00:45:180
62|1.1|636136522322650086|0|50450.15625|9.0777082461|100.37691946122|-40943|-509990||50450.15625|400||39600|398.5|50450.15625|880046|THA418|0|2690|0|||3|3|0|1|1|132|51|["132,210,2,2164","132,82,5","132,66,5","132,50,5"]|14:00:50:156
62|1.1|636136522372565077|0|50455.15625|9.08734272646|100.37682290184|-40952|-508923||50455.15625|400||39950|398.5|50455.15625|880046|THA418|0|2690|0|||3|3|0|1|1|132|50|["132,210,2,2164","132,82,5","132,66,5","132,50,5"]|14:00:55:156
62|1.1|636136522422490069|0|50460.140625|9.09861335187|100.37719841054|-40909|-507675||50460.140625|400||39931.25|398.5|50460.140625|880046|THA418|0|2690|0|||3|3|0|1|1|132|50|["132,210,2,2164","132,82,5","132,66,5","132,50,5"]|14:01:00:141
62|1.1|636136522472405060|0|50465.140625|9.10990007051|100.37725205464|-40901|-506424||50465.140625|400||39975|398.5|50465.140625|880046|THA418|0|2690|0|||3|3|0|1|1|132|50|["132,210,2,2164","132,82,5","132,66,5","132,50,5"]|14:01:05:141
62|1.1|636136522522330052|0|50470.140625|9.12111705182|100.37769730067|-40851|-505182||50470.140625|400||39975|398.5|50470.140625|880046|THA418|0|2690|0|||3|3|0|1|1|132|50|["132,210,2,2164","132,82,5","132,66,5","132,50,5"]|14:01:10:141
62|1.1|636136522572265045|0|50475.1171875|9.13138989697|100.3775524616|-40865|-504044||50475.1171875|400||39981.25|398.5|50475.1171875|880046|THA418|0|2690|0|||3|3|0|1|1|132|50|["132,210,2,2164","132,82,5","132,66,5","132,50,5"]|14:01:15:117
62|1.1|636136522622170035|0|50480.1171875|9.14230647132|100.37786359738|-40830|-502835||50480.1171875|400||39981.25|398.5|50480.1171875|880046|THA418|0|2690|0|||3|3|0|1|1|132|50|["132,210,2,2164","132,82,5","132,66,5","132,50,5"]|14:01:20:117
62|1.1|636136522672095027|0|50485.1015625|9.15352345263|100.37829275018|-40781|-501592||50485.1015625|400||39968.75|398.5|50485.1015625|880046|THA418|0|2690|0|||3|3|0|1|1|132|50|["132,210,2,2164","132,82,5","132,66,5","132,50,5"]|14:01:25:102
62|1.1|636136522722010018|0|50490.1015625|9.16546462929|100.37836785192|-40771|-500269||50490.1015625|400||39987.5|398.5|50490.1015625|880046|THA418|0|2690|0|||3|3|0|1|1|132|51|["132,210,2,2164","132,82,5","132,66,5","132,50,5"]|14:01:30:102
62|1.1|636136522771945011|0|50495.1015625|9.1749113553|100.3786789877|-40735|-499223||50495.1015625|400||39987.5|398.5|50495.1015625|880046|THA418|0|2690|0|||3|3|0|1|1|132|82|["132,210,2,2164","132,82,5","132,66,5","132,50,5"]|14:01:35:102
62|1.1|636136522821860002|0|50500.078125|9.18668087084|100.37881846236|-40718|-497919||50500.078125|400||40006.25|398.5|50500.078125|880046|THA418|0|2690|0|||3|3|0|1|1|132|51|["132,210,2,2164","132,82,5","132,66,5","132,50,5"]|14:01:40:078
62|1.1|636136522871804996|0|50505.078125|9.19787639451|100.37919397106|-40675|-496679||50505.078125|400||40012.5|398.5|50505.078125|880046|THA418|0|2690|0|||3|3|0|1|1|132|82|["132,210,2,2164","132,82,5","132,66,5","132,50,5"]|14:01:45:078
62|1.1|636136522921699985|0|50510.0625|9.20898608762|100.37961239504|-40628|-495448||50510.0625|400||40012.5|398.5|50510.0625|880046|THA418|0|2690|0|||3|3|0|1|1|132|51|["132,210,2,2164","132,82,5","132,66,5","132,50,5"]|14:01:50:063
62|1.1|636136522971634978|0|50515.0625|9.21917846662|100.3796982256|-40617|-494319||50515.0625|400||39981.25|398.5|50515.0625|880046|THA418|0|2690|0|||3|3|0|1|1|132|82|["132,210,2,2164","132,82,5","132,66,5","132,50,5"]|14:01:55:063
62|1.1|636136523021549969|0|50520.0625|9.23025060886|100.38015420045|-40565|-493093||50520.0625|400||39975|398.5|50520.0625|880046|THA418|0|2690|0|||3|3|0|1|1|132|82|["132,210,2,2164","132,82,5","132,66,5","132,50,5"]|14:02:00:063
62|1.1|636136523071464960|0|50525.0390625|9.24155878514|100.38065309058|-40508|-491840||50525.0390625|400||39981.25|398.5|50525.0390625|880046|THA418|0|2690|0|||3|3|0|1|1|132|82|["132,210,2,2164","132,82,5","132,66,5","132,50,5"]|14:02:05:039
62|1.1|636136523121389952|0|50530.0390625|9.25292596993|100.38109833661|-40458|-490581||50530.0390625|400||39981.25|398.5|50530.0390625|880046|THA418|0|2690|0|||3|3|0|1|1|132|82|["132,210,2,2164","132,82,5","132,66,5","132,50,5"]|14:02:10:039
62|1.1|636136523171314944|0|50535.015625|9.26426096826|100.38143093003|-40419|-489325||50535.015625|400||40006.25|398.5|50535.015625|880046|THA418|0|2690|0|||3|3|0|1|1|132|50|["132,210,2,2164","132,82,5","132,66,5","132,50,5"]|14:02:15:016
62|1.1|636136523221259938|0|50540.015625|9.27547794957|100.3818439896|-40373|-488083||50540.015625|400||39968.75|398.5|50540.015625|880046|THA418|0|2690|0|||3|3|0|1|1|132|50|["132,210,2,2164","132,82,5","132,66,5","132,50,5"]|14:02:20:016
62|1.1|636136523271174929|0|50545.015625|9.28679149026|100.38209611687|-40343|-486830||50545.015625|400||39943.75|398.5|50545.015625|880046|THA418|0|2690|0|||3|3|0|1|1|132|50|["132,210,2,2164","132,82,5","132,66,5","132,50,5"]|14:02:25:016
62|1.1|636136523321079919|0|50550|9.29789045455|100.38249844762|-40297|-485601||50550|400||39868.75|398.5|50550|880046|THA418|0|2690|0|||3|3|0|1|1|132|50|["132,210,2,2164","132,82,5","132,66,5","132,50,5"]|14:02:30:000
62|1.1|636136523370994910|0|50555|9.30894650356|100.38276130371|-40267|-484376||50555|400||39800|398.5|50555|880046|THA418|0|2690|0|||3|3|0|1|1|132|50|["132,210,2,2164","132,82,5","132,66,5","132,50,5"]|14:02:35:000
62|1.1|636136523420919902|0|50559.9765625|9.32009911195|100.38309926154|-40228|-483141||50559.9765625|400||39743.75|398.5|50559.9765625|880046|THA418|0|2690|0|||3|3|0|1|1|132|83|["132,210,2,2164","132,82,5","132,66,5","132,50,5"]|14:02:39:977
62|1.1|636136523470834893|0|50564.9765625|9.33126781357|100.38325482943|-40209|-481904||50564.9765625|400||39706.25|398.5|50564.9765625|880046|THA418|0|2690|0|||3|3|0|1|1|132|50|["132,210,2,2164","132,82,5","132,66,5","132,50,5"]|14:02:44:977
62|1.1|636136523520759885|0|50569.9765625|9.34257598985|100.38349086347|-40182|-480651||50569.9765625|400||39718.75|398.5|50569.9765625|880046|THA418|0|2690|0|||3|3|0|1|1|132|82|["132,210,2,2164","132,82,5","132,66,5","132,50,5"]|14:02:49:977
62|1.1|636136523570684877|0|50574.9609375|9.3535998524|100.38369471105|-40158|-479430||50574.9609375|400||39706.25|398.5|50574.9609375|880046|THA418|0|2690|0|||3|3|0|1|1|132|82|["132,210,2,2164","132,82,5","132,66,5","132,50,5"]|14:02:54:961
62|1.1|636136523620609869|0|50579.9609375|9.36481683371|100.38394683832|-40129|-478188||50579.9609375|400||39693.75|398.5|50579.9609375|880046|THA418|0|2690|0|||3|3|0|1|1|132|82|["132,210,2,2164","132,82,5","132,66,5","132,50,5"]|14:02:59:961
62|1.1|636136523670524860|0|50584.9375|9.3762913067|100.38397366037|-40124|-476917||50584.9375|400||39962.5|398.5|50584.9375|880046|THA418|0|2690|0|||3|3|0|1|1|132|83|["132,210,2,2164","132,82,5","132,66,5","132,50,5"]|14:03:04:938
62|1.1|636136523720459853|0|50589.9375|9.38496019326|100.38395220273|-40125|-475957||50589.9375|400||39950|398.5|50589.9375|880046|THA418|0|2690|0|||3|3|0|1|1|132|82|["132,210,2,2164","132,82,5","132,66,5","132,50,5"]|14:03:09:938
62|1.1|636136523770374844|0|50594.9375|9.39638638656|100.38417750795|-40099|-474691||50594.9375|400||39968.75|398.5|50594.9375|880046|THA418|0|2690|0|||3|3|0|1|1|132|82|["132,210,2,2164","132,82,5","132,66,5","132,50,5"]|14:03:14:938
62|1.1|636136523823400146|0|50600.2421875|9.40822563943|100.38467639808|-40042|-473380||50600.2421875|400.25||39956.25|398.5|50600.2421875|880046|THA418|0|2690|0|||3|3|0|1|1|132|82|["132,210,2,2164","132,82,5","132,66,5","132,50,5"]|14:03:20:242
62|1.1|636136523873325138|0|50605.21875|9.41968401919|100.38480514392|-40026|-472111||50605.21875|400||39993.75|398.5|50605.21875|880046|THA418|0|2690|0|||3|3|0|1|1|132|51|["132,210,2,2164","132,82,5","132,66,5","132,50,5"]|14:03:25:219
62|1.1|636136523923250130|0|50610.21875|9.43088490727|100.38519138144|-39983|-470870||50610.21875|400||40000|398.5|50610.21875|880046|THA418|0|2690|0|||3|3|0|1|1|132|82|["132,210,2,2164","132,82,5","132,66,5","132,50,5"]|14:03:30:219
62|1.1|636136523973175122|0|50615.21875|9.44224672765|100.385277212|-39971|-469612||50615.21875|400||40000|398.5|50615.21875|880046|THA418|0|2690|0|||3|3|0|1|1|132|50|["132,210,2,2164","132,82,5","132,66,5","132,50,5"]|14:03:35:219
62|1.1|636136524023090113|0|50620.1953125|9.45335642076|100.38534158492|-39963|-468381||50620.1953125|400||40006.25|398.5|50620.1953125|880046|THA418|0|2690|0|||3|3|0|1|1|132|83|["132,210,2,2164","132,82,5","132,66,5","132,50,5"]|14:03:40:195
62|1.1|636136524073015105|0|50625.1953125|9.46450902915|100.38566344952|-39926|-467146||50625.1953125|400||40006.25|398.5|50625.1953125|880046|THA418|0|2690|0|||3|3|0|1|1|132|50|["132,210,2,2164","132,82,5","132,66,5","132,50,5"]|14:03:45:195
62|1.1|636136524122930096|0|50630.1796875|9.47567236636|100.38605505145|-39881|-465910||50630.1796875|400||40000|398.5|50630.1796875|880046|THA418|0|2690|0|||3|3|0|1|1|132|50|["132,210,2,2164","132,82,5","132,66,5","132,50,5"]|14:03:50:180
62|1.1|636136524172855088|0|50635.1796875|9.48579500803|100.38619989052|-39864|-464789||50635.1796875|400||39975|398.5|50635.1796875|880046|THA418|0|2690|0|||3|3|0|1|1|132|50|["132,210,2,2164","132,82,5","132,66,5","132,50,5"]|14:03:55:180
62|1.1|636136524222780080|0|50640.1796875|9.49689397232|100.38662904332|-39815|-463560||50640.1796875|400||39962.5|398.5|50640.1796875|880046|THA418|0|2690|0|||3|3|0|1|1|132|50|["132,210,2,2164","132,82,5","132,66,5","132,50,5"]|14:04:00:180
62|1.1|636136524272695071|0|50645.15625|9.50821287742|100.38676315357|-39799|-462306||50645.15625|400||39987.5|398.5|50645.15625|880046|THA418|0|2690|0|||3|3|0|1|1|132|82|["132,210,2,2164","132,82,5","132,66,5","132,50,5"]|14:04:05:156
62|1.1|636136524322620063|0|50650.15625|9.51916163823|100.38696700115|-39775|-461094||50650.15625|400||39981.25|398.5|50650.15625|880046|THA418|0|2690|0|||3|3|0|1|1|132|83|["132,210,2,2164","132,82,5","132,66,5","132,50,5"]|14:04:10:156
62|1.1|636136524372535054|0|50655.140625|9.52974025475|100.38741761159|-39724|-459922||50655.140625|400||39968.75|398.5|50655.140625|880046|THA418|0|2690|0|||3|3|0|1|1|132|82|["132,210,2,2164","132,82,5","132,66,5","132,50,5"]|14:04:15:141
62|1.1|636136524422470047|0|50660.140625|9.54109134631|100.38754635743|-39708|-458665||50660.140625|400||39993.75|398.5|50660.140625|880046|THA418|0|2690|0|||3|3|0|1|1|132|83|["132,210,2,2164","132,82,5","132,66,5","132,50,5"]|14:04:20:141
62|1.1|636136524472385038|0|50665.140625|9.55236197172|100.38799696787|-39657|-457417||50665.140625|400||39993.75|398.5|50665.140625|880046|THA418|0|2690|0|||3|3|0|1|1|132|82|["132,210,2,2164","132,82,5","132,66,5","132,50,5"]|14:04:25:141
62|1.1|636136524522310030|0|50670.1171875|9.56351458011|100.38813644253|-39640|-456182||50670.1171875|400||40000|398.5|50670.1171875|880046|THA418|0|2690|0|||3|3|0|1|1|132|82|["132,210,2,2164","132,82,5","132,66,5","132,50,5"]|14:04:30:117
62|1.1|636136524572225021|0|50675.1171875|9.57370695911|100.38820081545|-39631|-455053||50675.1171875|400||39981.25|398.5|50675.1171875|880046|THA418|0|2690|0|||3|3|0|1|1|132|82|["132,210,2,2164","132,82,5","132,66,5","132,50,5"]|14:04:35:117
62|1.1|636136524622150013|0|50680.1015625|9.58495612688|100.38884454465|-39559|-453807||50680.1015625|400||39968.75|398.5|50680.1015625|880046|THA418|0|2690|0|||3|3|0|1|1|132|82|["132,210,2,2164","132,82,5","132,66,5","132,50,5"]|14:04:40:102
62|1.1|636136524672075005|0|50685.1015625|9.59696704087|100.38877480732|-39565|-452477||50685.1015625|400||39987.5|398.5|50685.1015625|880046|THA418|0|2690|0|||3|3|0|1|1|132|83|["132,210,2,2164","132,82,5","132,66,5","132,50,5"]|14:04:45:102
62|1.1|636136524721999997|0|50690.1015625|9.6063172075|100.38901084136|-39538|-451441||50690.1015625|400||39981.25|398.5|50690.1015625|880046|THA418|0|2690|0|||3|3|0|1|1|132|82|["132,210,2,2164","132,82,5","132,66,5","132,50,5"]|14:04:50:102
62|1.1|636136524771914988|0|50695.078125|9.61675098495|100.38912885838|-39523|-450286||50695.078125|400||39987.5|398.5|50695.078125|880046|THA418|0|2690|0|||3|3|0|1|1|132|83|["132,210,2,2164","132,82,5","132,66,5","132,50,5"]|14:04:55:078
62|1.1|636136524821839980|0|50700.078125|9.62745834731|100.38932734155|-39500|-449100||50700.078125|400||39993.75|398.5|50700.078125|880046|THA418|0|2690|0|||3|3|0|1|1|132|50|["132,210,2,2164","132,82,5","132,66,5","132,50,5"]|14:05:00:078
62|1.1|636136524871754971|0|50705.0625|9.63829981992|100.38961701969|-39467|-447900||50705.0625|400||39987.5|398.5|50705.0625|880046|THA418|0|2690|0|||3|3|0|1|1|132|50|["132,210,2,2164","132,82,5","132,66,5","132,50,5"]|14:05:05:063
62|1.1|636136524921679963|0|50710.0625|9.64994595403|100.38991742665|-39432|-446610||50710.0625|400||40012.5|398.5|50710.0625|880046|THA418|0|2690|0|||3|3|0|1|1|132|50|["132,210,2,2164","132,82,5","132,66,5","132,50,5"]|14:05:10:063
62|1.1|636136524971604955|0|50715.0625|9.66112002006|100.39036803709|-39381|-445373||50715.0625|400||40018.75|398.5|50715.0625|880046|THA418|0|2690|0|||3|3|0|1|1|132|50|["132,210,2,2164","132,82,5","132,66,5","132,50,5"]|14:05:15:063
62|1.1|636136525021519946|0|50720.0390625|9.67226189963|100.39082937635|-39328|-444138||50720.0390625|400||40037.5|398.5|50720.0390625|880046|THA418|0|2690|0|||3|3|0|1|1|132|50|["132,210,2,2164","132,82,5","132,66,5","132,50,5"]|14:05:20:039
62|1.1|636136525071444938|0|50725.0390625|9.68373100821|100.39122634269|-39283|-442868||50725.0390625|400||40087.5|398.5|50725.0390625|880046|THA418|0|2690|0|||3|3|0|1|1|132|82|["132,210,2,2164","132,82,5","132,66,5","132,50,5"]|14:05:25:039
62|1.1|636136525121369930|0|50730.015625|9.69515720151|100.3913389953|-39270|-441603||50730.015625|400||40018.75|398.5|50730.015625|880046|THA418|0|2690|0|||3|3|0|1|1|132|82|["132,210,2,2164","132,82,5","132,66,5","132,50,5"]|14:05:30:016
62|1.1|636136525171284921|0|50735.015625|9.70651902189|100.39160185139|-39239|-440345||50735.015625|400||40018.75|398.5|50735.015625|880046|THA418|0|2690|0|||3|3|0|1|1|132|82|["132,210,2,2164","132,82,5","132,66,5","132,50,5"]|14:05:35:016
62|1.1|636136525221209913|0|50740.015625|9.71784865581|100.39181642779|-39214|-439090||50740.015625|400||40006.25|398.5|50740.015625|880046|THA418|0|2690|0|||3|3|0|1|1|132|82|["132,210,2,2164","132,82,5","132,66,5","132,50,5"]|14:05:40:016
62|1.1|636136525271134905|0|50745|9.72922656942|100.39205246183|-39186|-437830||50745|400||39987.5|398.5|50745|880046|THA418|0|2690|0|||3|3|0|1|1|132|82|["132,210,2,2164","132,82,5","132,66,5","132,50,5"]|14:05:45:000
62|1.1|636136525321049896|0|50750|9.740695678|100.39211683475|-39178|-436560||50750|400||39950|398.5|50750|880046|THA418|0|2690|0|||3|3|0|1|1|132|82|["132,210,2,2164","132,82,5","132,66,5","132,50,5"]|14:05:50:000
62|1.1|636136525370974888|0|50754.9765625|9.75178391347|100.39246015699|-39139|-435333||50754.9765625|400||39881.25|398.5|50754.9765625|880046|THA418|0|2690|0|||3|3|0|1|1|132|82|["132,210,2,2164","132,82,5","132,66,5","132,50,5"]|14:05:54:977
62|1.1|636136525420899880|0|50759.9765625|9.76311354739|100.39251380109|-39131|-434078||50759.9765625|400||39843.75|398.5|50759.9765625|880046|THA418|0|2690|0|||3|3|0|1|1|132|83|["132,210,2,2164","132,82,5","132,66,5","132,50,5"]|14:05:59:977
62|1.1|636136525470814871|0|50764.9765625|9.77433589311|100.39271228426|-39108|-432835||50764.9765625|400||39812.5|398.5|50764.9765625|880046|THA418|0|2690|0|||3|3|0|1|1|132|82|["132,210,2,2164","132,82,5","132,66,5","132,50,5"]|14:06:04:977
62|1.1|636136525520739863|0|50769.9609375|9.78504861988|100.39329700495|-39042|-431649||50769.9609375|400||39793.75|398.5|50769.9609375|880046|THA418|0|2690|0|||3|3|0|1|1|132|82|["132,18,5,3819","132,210,2,2164","132,82,5","132,66,5","132,50,5"]|14:06:09:961
62|1.1|636136525570664855|0|50774.9609375|9.79610466889|100.39357595427|-39009|-430425||50774.9609375|400||39800|398.5|50774.9609375|880046|THA418|0|2690|0|||3|3|0|1|1|132|82|["132,18,5,3819","132,210,2,2164","132,82,5","132,66,5","132,50,5"]|14:06:14:961
62|1.1|636136525620599848|0|50779.9375|9.80688713299|100.39404265794|-38957|-429231||50779.9375|400||39775|398.5|50779.9375|880046|THA418|0|2690|0|||3|3|0|1|1|132|50|["132,18,5,3819","132,210,2,2164","132,82,5","132,66,5","132,50,5"]|14:06:19:938
62|1.1|636136525670504838|0|50784.9375|9.81800219051|100.39436988695|-38919|-428000||50784.9375|400||39775|398.5|50784.9375|880046|THA418|0|2690|0|||3|3|0|1|1|132|50|["132,18,5,3819","132,210,2,2164","132,82,5","132,66,5","132,50,5"]|14:06:24:938
62|1.1|636136525720429830|0|50789.9375|9.82911188362|100.39459519217|-38893|-426770||50789.9375|400||39775|398.5|50789.9375|880046|THA418|0|2690|0|||3|3|0|1|1|132|50|["132,18,5,3819","132,210,2,2164","132,82,5","132,66,5","132,50,5"]|14:06:29:938
62|1.1|636136525770344821|0|50794.921875|9.84002845797|100.39487414149|-38861|-425561||50794.921875|400||39768.75|398.5|50794.921875|880046|THA418|0|2690|0|||3|3|0|1|1|132|50|["132,18,5,3819","132,210,2,2164","132,82,5","132,66,5","132,50,5"]|14:06:34:922
62|1.1|636136525820269813|0|50799.921875|9.85097721878|100.39519064168|-38825|-424349||50799.921875|400||39768.75|398.5|50799.921875|880046|THA418|0|2690|0|||3|3|0|1|1|132|50|["132,18,5,3819","132,210,2,2164","132,82,5","132,66,5","132,50,5"]|14:06:39:922
62|1.1|636136525870194805|0|50804.8984375|9.86201181015|100.39529792988|-38811|-423127||50804.8984375|400||39787.5|398.5|50804.8984375|880046|THA418|0|2690|0|||3|3|0|1|1|132|82|["132,18,5,3819","132,210,2,2164","132,82,5","132,66,5","132,50,5"]|14:06:44:898
62|1.1|636136525920119797|0|50809.8984375|9.87315368972|100.3955768792|-38779|-421893||50809.8984375|400||39800|398.5|50809.8984375|880046|THA418|0|2690|0|||3|3|0|1|1|132|82|["132,18,5,3819","132,210,2,2164","132,82,5","132,66,5","132,50,5"]|14:06:49:898
62|1.1|636136525970054790|0|50814.8984375|9.88437067103|100.39564661653|-38770|-420651||50814.8984375|400||39837.5|398.5|50814.8984375|880046|THA418|0|2690|0|||3|3|0|1|1|132|83|["132,18,5,3819","132,210,2,2164","132,82,5","132,66,5","132,50,5"]|14:06:54:898
62|1.1|636136526019959780|0|50819.875|9.89544817768|100.39591483703|-38739|-419425||50819.875|400||39850|398.5|50819.875|880046|THA418|0|2690|0|||3|3|0|1|1|132|82|["132,18,5,3819","132,210,2,2164","132,82,5","132,66,5","132,50,5"]|14:06:59:875
62|1.1|636136526069874771|0|50824.875|9.90665443017|100.39601676082|-38726|-418183||50824.875|400||39837.5|398.5|50824.875|880046|THA418|0|2690|0|||3|3|0|1|1|132|18|["132,18,5,3819","132,210,2,2164","132,82,5","132,66,5","132,50,5"]|14:07:04:875
62|1.1|636136526119799763|0|50829.859375|9.91760319098|100.39638690511|-38684|-416971||50829.859375|400||39781.25|398.5|50829.859375|880046|THA418|0|2690|0|||3|3|0|1|1|132|18|["132,18,5,3819","132,210,2,2164","132,82,5","132,66,5","132,50,5"]|14:07:09:859
62|1.1|636136526169724755|0|50834.859375|9.92847685005|100.39676241381|-38641|-415767||50834.859375|400||39781.25|398.5|50834.859375|880046|THA418|0|2690|0|||3|3|0|1|1|132|83|["132,18,5,3819","132,210,2,2164","132,82,5","132,66,5","132,50,5"]|14:07:14:859
62|1.1|636136526219639746|0|50839.859375|9.93957044993|100.39700381226|-38613|-414539||50839.859375|400||39800|398.5|50839.859375|880046|THA418|0|2690|0|||3|3|0|1|1|132|83|["132,18,5,3819","132,210,2,2164","132,82,5","132,66,5","132,50,5"]|14:07:19:859
62|1.1|636136526269564738|0|50844.8359375|9.95057285484|100.39730958363|-38578|-413321||50844.8359375|400||39812.5|398.5|50844.8359375|880046|THA418|0|2690|0|||3|3|0|1|1|132|5|["132,18,5,3819","132,210,2,2164","132,82,5","132,66,5","132,50,5"]|14:07:24:836
62|1.1|636136526319489730|0|50849.8359375|9.96162353944|100.39760999059|-38544|-412097||50849.8359375|400||39818.75|398.5|50849.8359375|880046|THA418|0|2690|0|||3|3|0|1|1|132|82|["132,18,5,3819","132,210,2,2164","132,82,5","132,66,5","132,50,5"]|14:07:29:836
62|1.1|636136526369404721|0|50854.8203125|9.97260985112|100.39781383817|-38520|-410881||50854.8203125|400||39825|398.5|50854.8203125|880046|THA418|0|2690|0|||3|3|0|1|1|132|82|["132,18,5,3819","132,210,2,2164","132,82,5","132,66,5","132,50,5"]|14:07:34:820
62|1.1|636136526419339714|0|50859.8203125|9.98351033224|100.39807132985|-38490|-409674||50859.8203125|400||39968.75|398.5|50859.8203125|880046|THA418|0|2690|0|||3|3|0|1|1|132|82|["132,18,5,3819","132,210,2,2164","132,82,5","132,66,5","132,50,5"]|14:07:39:820
62|1.1|636136526469264706|0|50864.8203125|9.99455565243|100.39851121147|-38440|-408451||50864.8203125|400||39943.75|398.5|50864.8203125|880046|THA418|0|2690|0|||3|3|0|1|1|132|50|["132,18,5,3819","132,210,2,2164","132,82,5","132,66,5","132,50,5"]|14:07:44:820
62|1.1|636136526519179697|0|50869.796875|10.00468902292|100.39883844048|-38403|-407329||50869.796875|400||39956.25|398.5|50869.796875|880046|THA418|0|2690|0|||3|3|0|1|1|132|50|["132,18,5,3819","132,210,2,2164","132,82,5","132,66,5","132,50,5"]|14:07:49:797
62|1.1|636136526569094688|0|50874.796875|10.01584163131|100.39941779676|-38338|-406094||50874.796875|400||39931.25|398.5|50874.796875|880046|THA418|0|2690|0|||3|3|0|1|1|132|50|["132,18,5,3819","132,210,2,2164","132,82,5","132,66,5","132,50,5"]|14:07:54:797
62|1.1|636136526619019680|0|50879.78125|10.02718199405|100.39956263583|-38320|-404839||50879.78125|400||39931.25|398.5|50879.78125|880046|THA418|0|2690|0|||3|3|0|1|1|132|50|["132,18,5,3819","132,210,2,2164","132,82,5","132,66,5","132,50,5"]|14:07:59:781
62|1.1|636136526668944672|0|50884.78125|10.03842579741|100.3998684072|-38285|-403594||50884.78125|400||39900|398.5|50884.78125|880046|THA418|0|2690|0|||3|3|0|1|1|132|82|["132,210,2,2164","132,82,5","132,66,5","132,50,5"]|14:08:04:781
62|1.1|636136526718859663|0|50889.78125|10.04958913462|100.40015272093|-38252|-402358||50889.78125|400||39868.75|398.5|50889.78125|880046|THA418|0|2690|0|||3|3|0|1|1|132|82|["132,210,2,2164","132,82,5","132,66,5","132,50,5"]|14:08:09:781
62|1.1|636136526768784655|0|50894.7578125|10.06083293798|100.4003512041|-38229|-401113||50894.7578125|400||39856.25|398.5|50894.7578125|880046|THA418|0|2690|0|||3|3|0|1|1|132|82|["132,210,2,2164","132,82,5","132,66,5","132,50,5"]|14:08:14:758
62|1.1|636136526818709647|0|50899.7578125|10.07207674134|100.4005657805|-38204|-399868||50899.7578125|400||39843.75|398.5|50899.7578125|880046|THA418|0|2690|0|||3|3|0|1|1|132|82|["132,210,2,2164","132,82,5","132,66,5","132,50,5"]|14:08:19:758
62|1.1|636136526868624638|0|50904.7421875|10.08347074818|100.40057650932|-38201|-398607||50904.7421875|400||39850|398.5|50904.7421875|880046|THA418|0|2690|0|||3|3|0|1|1|132|82|["132,210,2,2164","132,82,5","132,66,5","132,50,5"]|14:08:24:742
62|1.1|636136526918549630|0|50909.7421875|10.09455898365|100.40091446715|-38163|-397379||50909.7421875|400||39818.75|398.5|50909.7421875|880046|THA418|0|2690|0|||3|3|0|1|1|132|82|["132,210,2,2164","132,82,5","132,66,5","132,50,5"]|14:08:29:742
62|1.1|636136526968474622|0|50914.7421875|10.10571695645|100.40115050119|-38135|-396144||50914.7421875|400||39806.25|398.5|50914.7421875|880046|THA418|0|2690|0|||3|3|0|1|1|132|82|["132,210,2,2164","132,82,5","132,66,5","132,50,5"]|14:08:34:742
62|1.1|636136527018389613|0|50919.71875|10.1167944631|100.4014240861|-38103|-394917||50919.71875|400||39793.75|398.5|50919.71875|880046|THA418|0|2690|0|||3|3|0|1|1|132|82|["132,210,2,2164","132,82,5","132,66,5","132,50,5"]|14:08:39:719
62|1.1|636136527068314605|0|50924.71875|10.12792561385|100.40164402691|-38078|-393685||50924.71875|400||39831.25|398.5|50924.71875|880046|THA418|0|2690|0|||3|3|0|1|1|132|82|["132,18,5,3832","132,210,2,2164","132,82,5","132,66,5","132,50,5"]|14:08:44:719
62|1.1|636136527118239597|0|50929.6953125|10.13891728994|100.40194443387|-38043|-392468||50929.6953125|400||39843.75|398.5|50929.6953125|880046|THA418|0|2690|0|||3|3|0|1|1|132|82|["132,18,5,3832","132,210,2,2164","132,82,5","132,66,5","132,50,5"]|14:08:49:695
62|1.1|636136527168154588|0|50934.6953125|10.15006453392|100.40204099325|-38031|-391234||50934.6953125|400||39875|398.5|50934.6953125|880046|THA418|0|2690|0|||3|3|0|1|1|132|82|["132,18,5,3832","132,210,2,2164","132,82,5","132,66,5","132,50,5"]|14:08:54:695
62|1.1|636136527218079580|0|50939.6953125|10.1611044897|100.40251842574|-37977|-390011||50939.6953125|400||39868.75|398.5|50939.6953125|880046|THA418|0|2690|0|||3|3|0|1|1|132|82|["132,18,5,3832","132,210,2,2164","132,82,5","132,66,5","132,50,5"]|14:08:59:695
62|1.1|636136527268014573|0|50944.6796875|10.17221954722|100.40269545127|-37956|-388781||50944.6796875|400||39881.25|398.5|50944.6796875|880046|THA418|0|2690|0|||3|3|0|1|1|132|82|["132,18,5,3832","132,210,2,2164","132,82,5","132,66,5","132,50,5"]|14:09:04:680
62|1.1|636136527317919563|0|50949.6796875|10.18326486741|100.40317288376|-37902|-387558||50949.6796875|400||39875|398.5|50949.6796875|880046|THA418|0|2690|0|||3|3|0|1|1|132|50|["132,18,5,3832","132,210,2,2164","132,82,5","132,66,5","132,50,5"]|14:09:09:680
62|1.1|636136527367844555|0|50954.65625|10.19439601816|100.40331235842|-37886|-386326||50954.65625|400||39893.75|398.5|50954.65625|880046|THA418|0|2690|0|||3|3|0|1|1|132|50|["132,18,5,3832","132,210,2,2164","132,82,5","132,66,5","132,50,5"]|14:09:14:656
62|1.1|636136527417769547|0|50959.65625|10.20560763506|100.40352157041|-37861|-385085||50959.65625|400||39875|398.5|50959.65625|880046|THA418|0|2690|0|||3|3|0|1|1|132|82|["132,18,5,3832","132,210,2,2164","132,82,5","132,66,5","132,50,5"]|14:09:19:656
62|1.1|636136527467684538|0|50964.65625|10.21561225971|100.40376833327|-37833|-383977||50964.65625|400||39981.25|398.5|50964.65625|880046|THA418|0|2690|0|||3|3|0|1|1|132|82|["132,18,5,3832","132,210,2,2164","132,82,5","132,66,5","132,50,5"]|14:09:24:656
62|1.1|636136527517619531|0|50969.640625|10.22680778338|100.40409556228|-37795|-382738||50969.640625|400||39975|398.5|50969.640625|880046|THA418|0|2690|0|||3|3|0|1|1|132|82|["132,18,5,3832","132,210,2,2164","132,82,5","132,66,5","132,50,5"]|14:09:29:641
62|1.1|636136527567534522|0|50974.640625|10.23836272252|100.40419748607|-37782|-381458||50974.640625|400||40000|398.5|50974.640625|880046|THA418|0|2690|0|||3|3|0|1|1|132|82|["132,18,5,3832","132,210,2,2164","132,82,5","132,66,5","132,50,5"]|14:09:34:641
62|1.1|636136527617449513|0|50979.6171875|10.2496172547|100.40455153713|-37742|-380212||50979.6171875|400||40006.25|398.5|50979.6171875|880046|THA418|0|2690|0|||3|3|0|1|1|132|18|["132,18,5,3832","132,210,2,2164","132,82,5","132,66,5","132,50,5"]|14:09:39:617
62|1.1|636136527667374505|0|50984.6171875|10.2608825157|100.40485194409|-37707|-378965||50984.6171875|400||40012.5|398.5|50984.6171875|880046|THA418|0|2690|0|||3|3|0|1|1|132|82|["132,18,5,3832","132,210,2,2164","132,82,5","132,66,5","132,50,5"]|14:09:44:617
62|1.1|636136527717289496|0|50989.6171875|10.27215850552|100.40512016459|-37677|-377717||50989.6171875|400||40012.5|398.5|50989.6171875|880046|THA418|0|2690|0|||3|3|0|1|1|132|82|["132,18,5,3832","132,210,2,2164","132,82,5","132,66,5","132,50,5"]|14:09:49:617
62|1.1|636136527767224489|0|50994.6015625|10.28252791005|100.4053401054|-37651|-376569||50994.6015625|400||39993.75|398.5|50994.6015625|880046|THA418|0|2690|0|||3|3|0|1|1|132|82|["132,18,5,3832","132,210,2,2164","132,82,5","132,66,5","132,50,5"]|14:09:54:602
62|1.1|636136527817149481|0|50999.6015625|10.29398628981|100.40549030888|-37633|-375300||50999.6015625|400||40000|398.5|50999.6015625|880046|THA418|0|2690|0|||3|3|0|1|1|132|82|["132,18,5,3832","132,210,2,2164","132,82,5","132,66,5","132,50,5"]|14:09:59:602
62|1.1|636136527867064472|0|51004.578125|10.30538029665|100.4058229023|-37595|-374039||51004.578125|400||40006.25|398.5|51004.578125|880046|THA418|0|2690|0|||3|3|0|1|1|132|82|["132,18,5,3832","132,210,2,2164","132,82,5","132,66,5","132,50,5"]|14:10:04:578
62|1.1|636136527916979463|0|51009.578125|10.3167260238|100.40611258044|-37562|-372783||51009.578125|400||40018.75|398.5|51009.578125|880046|THA418|0|2690|0|||3|3|0|1|1|132|82|["132,18,5,3832","132,210,2,2164","132,82,5","132,66,5","132,50,5"]|14:10:09:578
62|1.1|636136527966904455|0|51014.578125|10.32787326778|100.40664902144|-37501|-371549||51014.578125|400||40012.5|398.5|51014.578125|880046|THA418|0|2690|0|||3|3|0|1|1|132|18|["132,18,5,3832","132,210,2,2164","132,82,5","132,66,5","132,50,5"]|14:10:14:578
62|1.1|636136528016829447|0|51019.5625|10.33913316437|100.40691187753|-37471|-370302||51019.5625|400||40006.25|398.5|51019.5625|880046|THA418|0|2690|0|||3|3|0|1|1|132|82|["132,18,5,3832","132,210,2,2164","132,82,5","132,66,5","132,50,5"]|14:10:19:563
62|1.1|636136528066744438|0|51024.5625|10.35041988301|100.4071640048|-37442|-369053||51024.5625|400||40000|398.5|51024.5625|880046|THA418|0|2690|0|||3|3|0|1|1|132|82|["132,18,5,3832","132,210,2,2164","132,82,5","132,66,5","132,50,5"]|14:10:24:563
62|1.1|636136528116669430|0|51029.5390625|10.36164222873|100.40731957269|-37423|-367811||51029.5390625|400||39987.5|398.5|51029.5390625|880046|THA418|0|2690|0|||3|3|0|1|1|132|82|["132,18,5,3832","132,210,2,2164","132,82,5","132,66,5","132,50,5"]|14:10:29:539
62|1.1|636136528166594422|0|51034.5390625|10.37195262475|100.4075931576|-37392|-366669||51034.5390625|400||39987.5|398.5|51034.5390625|880046|THA418|0|2690|0|||3|3|0|1|1|132|82|["132,18,5,3832","132,210,2,2164","132,82,5","132,66,5","132,50,5"]|14:10:34:539
62|1.1|636136528216509413|0|51039.5390625|10.3832447078|100.4079686663|-37349|-365419||51039.5390625|400||39981.25|398.5|51039.5390625|880046|THA418|0|2690|0|||3|3|0|1|1|132|82|["132,18,5,3832","132,210,2,2164","132,82,5","132,66,5","132,50,5"]|14:10:39:539
62|1.1|636136528266444406|0|51044.515625|10.39462262141|100.40821006475|-37321|-364160||51044.515625|400||39981.25|398.5|51044.515625|880046|THA418|0|2690|0|||3|3|0|1|1|132|82|["132,18,5,3832","132,210,2,2164","132,82,5","132,66,5","132,50,5"]|14:10:44:516
62|1.1|636136528316349396|0|51049.515625|10.40511540737|100.40837636146|-37301|-362998||51049.515625|400||39993.75|398.5|51049.515625|880046|THA418|0|2690|0|||3|3|0|1|1|132|82|["132,18,5,3832","132,210,2,2164","132,82,5","132,66,5","132,50,5"]|14:10:49:516
62|1.1|636136528366284389|0|51054.5|10.41644504129|100.40869286165|-37265|-361744||51054.5|400||39993.75|398.5|51054.5|880046|THA418|0|2690|0|||3|3|0|1|1|132|82|["132,18,5,3832","132,210,2,2164","132,82,5","132,66,5","132,50,5"]|14:10:54:500
62|1.1|636136528416199380|0|51059.5|10.42801070925|100.40881624308|-37250|-360464||51059.5|400||40006.25|398.5|51059.5|880046|THA418|0|2690|0|||3|3|0|1|1|132|82|["132,18,5,3832","132,210,2,2164","132,82,5","132,66,5","132,50,5"]|14:10:59:500
62|1.1|636136528466124372|0|51064.5|10.43859469018|100.40905227712|-37222|-359292||51064.5|400||39993.75|398.5|51064.5|880046|THA418|0|2690|0|||3|3|0|1|1|132|83|["132,18,5,3832","132,210,2,2164","132,82,5","132,66,5","132,50,5"]|14:11:04:500
