62|1.1|636136510344852426|0|49252.3984375|10.17197814877|100.38036877685|-40405|-388804||49252.3984375|379.75||37968.75|378|49252.3984375|880851|AIQ3111|0|2283|0|||3|3|0|1|1|132|83|["132,18,5,3747","132,210,2,2131","132,82,5","132,50,5"]|13:40:52:398
62|1.1|636136510394787419|0|49257.375|10.18244411268|100.38015420045|-40427|-387646||49257.375|379.75||37968.75|378|49257.375|880851|AIQ3111|0|2283|0|||3|3|0|1|1|132|83|["132,18,5,3747","132,210,2,2131","132,82,5","132,50,5"]|13:40:57:375
62|1.1|636136510444702410|0|49262.375|10.19396686536|100.3799664461|-40446|-386370||49262.375|379.75||37981.25|378|49262.375|880851|AIQ3111|0|2283|0|||3|3|0|1|1|132|83|["132,18,5,3747","132,210,2,2131","132,82,5","132,50,5"]|13:41:02:375
62|1.1|636136510494617401|0|49267.375|10.20483516002|100.3797518697|-40468|-385167||49267.375|379.75||37993.75|378|49267.375|880851|AIQ3111|0|2283|0|||3|3|0|1|1|132|18|["132,18,5,3747","132,210,2,2131","132,82,5","132,50,5"]|13:41:07:375
62|1.1|636136510544542393|0|49272.359375|10.21501144579|100.37965531032|-40477|-384040||49272.359375|379.75||37981.25|378|49272.359375|880851|AIQ3111|0|2283|0|||3|3|0|1|1|132|50|["132,18,5,3747","132,210,2,2131","132,82,5","132,50,5"]|13:41:12:359
62|1.1|636136510594467385|0|49277.359375|10.22536475709|100.37946755597|-40496|-382894||49277.359375|379.75||37981.25|378|49277.359375|880851|AIQ3111|0|2283|0|||3|3|0|1|1|132|50|["132,18,5,3747","132,210,2,2131","132,82,5","132,50,5"]|13:41:17:359
62|1.1|636136510644392377|0|49282.3359375|10.23560541578|100.37916714901|-40528|-381760||49282.3359375|379.75||37968.75|378|49282.3359375|880851|AIQ3111|0|2283|0|||3|3|0|1|1|132|50|["132,18,5,3747","132,210,2,2131","132,82,5","132,50,5"]|13:41:22:336
62|1.1|636136510694307368|0|49287.3359375|10.24610893056|100.37897403025|-40547|-380597||49287.3359375|379.75||37975|378|49287.3359375|880851|AIQ3111|0|2283|0|||3|3|0|1|1|132|50|["132,18,5,3747","132,210,2,2131","132,82,5","132,50,5"]|13:41:27:336
62|1.1|636136510744242361|0|49292.3359375|10.25667681826|100.37879700472|-40565|-379427||49292.3359375|379.75||37975|378|49292.3359375|880851|AIQ3111|0|2283|0|||3|3|0|1|1|132|50|["132,18,5,3747","132,210,2,2131","132,82,5","132,50,5"]|13:41:32:336
62|1.1|636136510794157352|0|49297.3203125|10.26720179068|100.37861997919|-40583|-378262||49297.3203125|379.75||37981.25|378|49297.3203125|880851|AIQ3111|0|2283|0|||3|3|0|1|1|132|50|["132,18,5,3747","132,210,2,2131","132,82,5","132,50,5"]|13:41:37:320
62|1.1|636136510844072343|0|49302.3203125|10.27780722925|100.37844295366|-40601|-377088||49302.3203125|380||37993.75|378|49302.3203125|880851|AIQ3111|0|2283|0|||3|3|0|1|1|132|50|["132,18,5,3747","132,210,2,2131","132,82,5","132,50,5"]|13:41:42:320
62|1.1|636136510894007336|0|49307.296875|10.288401939|100.3782498349|-40620|-375915||49307.296875|380||38006.25|378.5|49307.296875|880851|AIQ3111|0|2283|0|||3|3|0|1|1|132|50|["132,18,5,3747","132,210,2,2131","132,82,5","132,50,5"]|13:41:47:297
62|1.1|636136510943922327|0|49312.296875|10.29995151373|100.37809963142|-40635|-374636||49312.296875|380||38025|378.5|49312.296875|880851|AIQ3111|0|2283|0|||3|3|0|1|1|132|50|["132,18,5,3747","132,210,2,2131","132,82,5","132,50,5"]|13:41:52:297
62|1.1|636136510993837318|0|49317.296875|10.3108788169|100.3779279703|-40652|-373426||49317.296875|380||38043.75|378.5|49317.296875|880851|AIQ3111|0|2283|0|||3|3|0|1|1|132|18|["132,18,5,3747","132,210,2,2131","132,82,5","132,50,5"]|13:41:57:297
62|1.1|636136511043762310|0|49322.28125|10.32159690808|100.37781531769|-40663|-372240||49322.28125|380||38068.75|378.5|49322.28125|880851|AIQ3111|0|2283|0|||3|3|0|1|1|132|18|["132,18,5,3747","132,210,2,2131","132,82,5","132,50,5"]|13:42:02:281
62|1.1|636136511093687302|0|49327.28125|10.33240619423|100.37757391924|-40688|-371043||49327.28125|380||38100|378.5|49327.28125|880851|AIQ3111|0|2283|0|||3|3|0|1|1|132|18|["132,18,5,3747","132,210,2,2131","132,82,5","132,50,5"]|13:42:07:281
62|1.1|636136511143602293|0|49332.2578125|10.3431725651|100.37756319042|-40688|-369851||49332.2578125|380||38118.75|378.5|49332.2578125|880851|AIQ3111|0|2283|0|||3|3|0|1|1|132|18|["132,18,5,3747","132,210,2,2131","132,82,5","132,50,5"]|13:42:12:258
62|1.1|636136511193527285|0|49337.2578125|10.35442173287|100.37732179197|-40712|-368606||49337.2578125|380||38062.5|378.5|49337.2578125|880851|AIQ3111|0|2283|0|||3|3|0|1|1|132|66|["132,18,5,3747","132,210,2,2131","132,82,5","132,66,4","132,50,5"]|13:42:17:258
62|1.1|636136511243452277|0|49342.2578125|10.36503790026|100.37715549526|-40729|-367431||49342.2578125|380.25||38043.75|378.75|49342.2578125|880851|AIQ3111|0|2283|0|||3|3|0|1|1|132|66|["132,18,5,3747","132,210,2,2131","132,82,5","132,66,5","132,50,5"]|13:42:22:258
62|1.1|636136511293377269|0|49347.2421875|10.37447389745|100.37699456296|-40745|-366386||49347.2421875|380.25||38025|378.75|49347.2421875|880851|AIQ3111|0|2283|0|||3|3|0|1|1|132|18|["132,18,5,3747","132,210,2,2131","132,82,5","132,66,5","132,50,5"]|13:42:27:242
62|1.1|636136511343292260|0|49352.2421875|10.38553531087|100.37673707128|-40772|-365162||49352.2421875|380.25||38018.75|378.75|49352.2421875|880851|AIQ3111|0|2283|0|||3|3|0|1|1|132|66|["132,18,5,3747","132,210,2,2131","132,82,5","132,66,5","132,50,5"]|13:42:32:242
62|1.1|636136511393217252|0|49357.21875|10.3961192918|100.37652785929|-40793|-363990||49357.21875|380.25||38018.75|378.75|49357.21875|880851|AIQ3111|0|2283|0|||3|3|0|1|1|132|50|["132,18,5,3747","132,210,2,2131","132,82,5","132,66,5","132,50,5"]|13:42:37:219
62|1.1|636136511443132243|0|49362.21875|10.40596834856|100.37639374904|-40806|-362899||49362.21875|380.25||38012.5|378.75|49362.21875|880851|AIQ3111|0|2283|0|||3|3|0|1|1|132|50|["132,18,5,3747","132,210,2,2131","132,82,5","132,66,5","132,50,5"]|13:42:42:219
62|1.1|636136511493067236|0|49367.21875|10.41676690589|100.37622745233|-40823|-361704||49367.21875|380.25||38018.75|378.75|49367.21875|880851|AIQ3111|0|2283|0|||3|3|0|1|1|132|50|["132,18,5,3747","132,210,2,2131","132,82,5","132,66,5","132,50,5"]|13:42:47:219
62|1.1|636136511542982227|0|49372.1953125|10.42746890384|100.37616844382|-40828|-360519||49372.1953125|380||38031.25|378.75|49372.1953125|880851|AIQ3111|0|2283|0|||3|3|0|1|1|132|50|["132,18,5,3747","132,210,2,2131","132,82,5","132,66,5","132,50,5"]|13:42:52:195
62|1.1|636136511592897218|0|49377.1953125|10.43816553738|100.37608797767|-40835|-359335||49377.1953125|380||38031.25|378.5|49377.1953125|880851|AIQ3111|0|2283|0|||3|3|0|1|1|132|50|["132,18,5,3747","132,210,2,2131","132,82,5","132,66,5","132,50,5"]|13:42:57:195
62|1.1|636136511642832211|0|49382.1796875|10.44893190825|100.37582512158|-40862|-358143||49382.1796875|380||38043.75|378.5|49382.1796875|880851|AIQ3111|0|2283|0|||3|3|0|1|1|132|50|["132,18,5,3747","132,210,2,2131","132,82,5","132,66,5","132,50,5"]|13:43:02:180
62|1.1|636136511692747202|0|49387.1796875|10.45966072825|100.37561590959|-40884|-356955||49387.1796875|380||38050|378.5|49387.1796875|880851|AIQ3111|0|2283|0|||3|3|0|1|1|132|50|["132,18,5,3747","132,210,2,2131","132,82,5","132,66,5","132,50,5"]|13:43:07:180
62|1.1|636136511742662193|0|49392.1796875|10.4706309467|100.37512238387|-40936|-355741||49392.1796875|380||38043.75|378.5|49392.1796875|880851|AIQ3111|0|2283|0|||3|3|0|1|1|132|66|["132,18,5,3747","132,210,2,2131","132,82,5","132,66,5","132,50,5"]|13:43:12:180
62|1.1|636136511792587185|0|49397.15625|10.48157970751|100.37448938349|-41004|-354529||49397.15625|380||38031.25|378.5|49397.15625|880851|AIQ3111|0|2283|0|||3|3|0|1|1|132|83|["132,18,5,3747","132,210,2,2131","132,82,5","132,66,5","132,50,5"]|13:43:17:156
62|1.1|636136511842502176|0|49402.15625|10.49225488341|100.37411387479|-41043|-353347||49402.15625|380||38025|378.5|49402.15625|880851|AIQ3111|0|2283|0|||3|3|0|1|1|132|83|["132,18,5,3747","132,210,2,2131","132,82,5","132,66,5","132,50,5"]|13:43:22:156
62|1.1|636136511892427168|0|49407.140625|10.50280667788|100.37403877305|-41050|-352179||49407.140625|380||38031.25|378.5|49407.140625|880851|AIQ3111|0|2283|0|||3|3|0|1|1|132|66|["132,18,5,3747","132,210,2,2131","132,82,5","132,66,5","132,50,5"]|13:43:27:141
62|1.1|636136511942362161|0|49412.140625|10.51337456558|100.37389929839|-41063|-351009||49412.140625|380||38025|378.5|49412.140625|880851|AIQ3111|0|2283|0|||3|3|0|1|1|132|66|["132,18,5,3747","132,210,2,2131","132,82,5","132,66,5","132,50,5"]|13:43:32:141
62|1.1|636136511992277152|0|49417.140625|10.52397463974|100.37377055255|-41076|-349836||49417.140625|380||38031.25|378.5|49417.140625|880851|AIQ3111|0|2283|0|||3|3|0|1|1|132|66|["132,18,5,3747","132,210,2,2131","132,82,5","132,66,5","132,50,5"]|13:43:37:141
62|1.1|636136512042202144|0|49422.1171875|10.53435477309|100.37321265391|-41136|-348686||49422.1171875|380||37987.5|378.5|49422.1171875|880851|AIQ3111|0|2283|0|||3|3|0|1|1|132|66|["132,18,5,3747","132,210,2,2131","132,82,5","132,66,5","132,50,5"]|13:43:42:117
62|1.1|636136512092117135|0|49427.1171875|10.54513187278|100.37292297577|-41165|-347493||49427.1171875|380||37975|378.5|49427.1171875|880851|AIQ3111|0|2283|0|||3|3|0|1|1|132|5|["132,18,5,3747","132,210,2,2131","132,82,5","132,66,5","132,50,5"]|13:43:47:117
62|1.1|636136512142042127|0|49432.1015625|10.55458932761|100.37335212857|-41117|-346447||49432.1015625|380||37993.75|378.5|49432.1015625|880851|AIQ3111|0|2283|0|||3|3|0|1|1|132|5|["132,18,5,3747","132,210,2,2131","132,82,5","132,66,5","132,50,5"]|13:43:52:102
62|1.1|636136512191967119|0|49437.1015625|10.56525377469|100.37327166242|-41124|-345266||49437.1015625|380||37987.5|378.5|49437.1015625|880851|AIQ3111|0|2283|0|||3|3|0|1|1|132|66|["132,18,5,3747","132,210,2,2131","132,82,5","132,66,5","132,50,5"]|13:43:57:102
62|1.1|636136512241882110|0|49442.1015625|10.57596113705|100.37312682335|-41138|-344081||49442.1015625|380||38000|378.5|49442.1015625|880851|AIQ3111|0|2283|0|||3|3|0|1|1|132|50|["132,18,5,3747","132,210,2,2131","132,82,5","132,66,5","132,50,5"]|13:44:02:102
62|1.1|636136512291807102|0|49447.078125|10.58681333848|100.37304099279|-41146|-342880||49447.078125|380||38000|378.5|49447.078125|880851|AIQ3111|0|2283|0|||3|3|0|1|1|132|50|["132,18,5,3747","132,210,2,2131","132,82,5","132,66,5","132,50,5"]|13:44:07:078
62|1.1|636136512341722093|0|49452.078125|10.5976601755|100.37286396726|-41164|-341679||49452.078125|380||38018.75|377.25|49452.078125|880851|AIQ3111|0|2283|0|||3|3|0|1|1|132|50|["132,18,5,3747","132,210,2,2131","132,82,5","132,66,5","132,50,5"]|13:44:12:078
62|1.1|636136512391647085|0|49457.0625|10.6083353514|100.37278886552|-41171|-340497||49457.0625|380.25||38018.75|377.75|49457.0625|880851|AIQ3111|0|2283|0|||3|3|0|1|1|132|83|["132,18,5,3747","132,210,2,2131","132,82,5","132,66,5","132,50,5"]|13:44:17:063
62|1.1|636136512441572077|0|49462.0625|10.618313154|100.37264939086|-41184|-339393||49462.0625|380.25||38018.75|377.75|49462.0625|880851|AIQ3111|0|2283|0|||3|3|0|1|1|132|5|["132,18,5,3747","132,210,2,2131","132,82,5","132,66,5","132,50,5"]|13:44:22:063
62|1.1|636136512491497069|0|49467.0625|10.62898296549|100.3726172044|-41186|-338212||49467.0625|380.25||38018.75|377.75|49467.0625|880851|AIQ3111|0|2283|0|||3|3|0|1|1|132|66|["132,18,5,3747","132,210,2,2131","132,82,5","132,66,5","132,50,5"]|13:44:27:063
62|1.1|636136512541412060|0|49472.0390625|10.63886957312|100.372402628|-41208|-337117||49472.0390625|380.25||37993.75|377.75|49472.0390625|880851|AIQ3111|0|2283|0|||3|3|0|1|1|132|66|["132,18,5,3747","132,210,2,2131","132,82,5","132,66,5","132,50,5"]|13:44:32:039
62|1.1|636136512591337052|0|49477.0390625|10.64992025772|100.37215586514|-41233|-335894||49477.0390625|380||38000|377.25|49477.0390625|880851|AIQ3111|0|2283|0|||3|3|0|1|1|132|66|["132,18,5,3747","132,210,2,2131","132,82,5","132,66,5","132,50,5"]|13:44:37:039
62|1.1|636136512641262044|0|49482.015625|10.66084219648|100.37194128874|-41255|-334685||49482.015625|380||37993.75|377.25|49482.015625|880851|AIQ3111|0|2283|0|||3|3|0|1|1|132|83|["132,18,5,3747","132,210,2,2131","132,82,5","132,66,5","132,50,5"]|13:44:42:016
62|1.1|636136512691177035|0|49487.015625|10.67060005827|100.37188764464|-41260|-333605||49487.015625|380||37993.75|377.25|49487.015625|880851|AIQ3111|0|2283|0|||3|3|0|1|1|132|66|["132,18,5,3747","132,210,2,2131","132,82,5","132,66,5","132,50,5"]|13:44:47:016
62|1.1|636136512741102027|0|49492.015625|10.68190287014|100.37155505122|-41294|-332354||49492.015625|380||38006.25|377.25|49492.015625|880851|AIQ3111|0|2283|0|||3|3|0|1|1|132|66|["132,18,5,3747","132,210,2,2131","132,82,5","132,66,5","132,50,5"]|13:44:52:016
62|1.1|636136512791027019|0|49497|10.69262632573|100.37140484774|-41309|-331167||49497|380||38012.5|377.25|49497|880851|AIQ3111|0|2283|0|||3|3|0|1|1|132|66|["132,18,5,3747","132,210,2,2131","132,82,5","132,66,5","132,50,5"]|13:44:57:000
62|1.1|636136512840942010|0|49502|10.70218570435|100.37107225432|-41344|-330108||49502|380||37993.75|377.25|49502|880851|AIQ3111|0|2283|0|||3|3|0|1|1|132|66|["132,18,5,3747","132,210,2,2131","132,82,5","132,66,5","132,50,5"]|13:45:02:000
62|1.1|636136512890867002|0|49506.9765625|10.71238881217|100.37083085587|-41369|-328979||49506.9765625|380||37993.75|377.25|49506.9765625|880851|AIQ3111|0|2283|0|||3|3|0|1|1|132|66|["132,18,5,3747","132,210,2,2131","132,82,5","132,66,5","132,50,5"]|13:45:06:977
62|1.1|636136512940781993|0|49511.9765625|10.72403494628|100.37062164388|-41390|-327690||49511.9765625|380||38006.25|377.25|49511.9765625|880851|AIQ3111|0|2283|0|||3|3|0|1|1|132|66|["132,18,5,3747","132,210,2,2131","132,82,5","132,66,5","132,50,5"]|13:45:11:977
62|1.1|636136512990706985|0|49516.9765625|10.73445799491|100.37039097425|-41414|-326536||49516.9765625|380||38000|377.25|49516.9765625|880851|AIQ3111|0|2283|0|||3|3|0|1|1|132|66|["132,18,5,3747","132,210,2,2131","132,82,5","132,66,5","132,50,5"]|13:45:16:977
62|1.1|636136513040631977|0|49521.9609375|10.74455381453|100.37019249108|-41434|-325419||49521.9609375|380||37993.75|377.25|49521.9609375|880851|AIQ3111|0|2283|0|||3|3|0|1|1|132|66|["132,18,5,3747","132,210,2,2131","132,82,5","132,66,5","132,50,5"]|13:45:21:961
62|1.1|636136513090556969|0|49526.9609375|10.75517534633|100.37005301642|-41447|-324243||49526.9609375|380||38000|377.25|49526.9609375|880851|AIQ3111|0|2283|0|||3|3|0|1|1|132|50|["132,18,5,3747","132,210,2,2131","132,82,5","132,66,5","132,50,5"]|13:45:26:961
62|1.1|636136513140471960|0|49531.9375|10.76544282707|100.3698813553|-41464|-323107||49531.9375|380||38000|377.25|49531.9375|880851|AIQ3111|0|2283|0|||3|3|0|1|1|132|50|["132,18,5,3747","132,210,2,2131","132,82,5","132,66,5","132,50,5"]|13:45:31:938
62|1.1|636136513190396952|0|49536.9375|10.77580150278|100.36967750772|-41485|-321960||49536.9375|380||38000|377.25|49536.9375|880851|AIQ3111|0|2283|0|||3|3|0|1|1|132|50|["132,18,5,3747","132,210,2,2131","132,82,5","132,66,5","132,50,5"]|13:45:36:938
62|1.1|636136513240321944|0|49541.9375|10.787292069|100.36946293132|-41507|-320688||49541.9375|380||38006.25|377.25|49541.9375|880851|AIQ3111|0|2283|0|||3|3|0|1|1|132|66|["132,18,5,3747","132,210,2,2131","132,82,5","132,66,5","132,50,5"]|13:45:41:938
62|1.1|636136513290236935|0|49546.921875|10.79879336404|100.36921616846|-41532|-319415||49546.921875|380||38006.25|377.25|49546.921875|880851|AIQ3111|0|2283|0|||3|3|0|1|1|132|66|["132,18,5,3747","132,210,2,2131","132,82,5","132,66,2","132,50,5"]|13:45:46:922
62|1.1|636136513340161927|0|49551.921875|10.80979576895|100.36900159206|-41554|-318197||49551.921875|380||38006.25|377.25|49551.921875|880851|AIQ3111|0|2283|0|||3|3|0|1|1|132|18|["132,18,5,3747","132,210,2,2131","132,82,5","132,66,2","132,50,5"]|13:45:51:922
62|1.1|636136513390076918|0|49556.8984375|10.81975747832|100.36880310889|-41574|-317095||49556.8984375|380||37993.75|377.25|49556.8984375|880851|AIQ3111|0|2283|0|||3|3|0|1|1|132|5|["132,18,5,3747","132,210,2,2131","132,82,5","132,66,2","132,50,5"]|13:45:56:898
62|1.1|636136513440001910|0|49561.8984375|10.82925784843|100.36862071895|-41593|-316043||49561.8984375|380||37987.5|377.25|49561.8984375|880851|AIQ3111|0|2283|0|||3|3|0|1|1|132|18|["132,18,5,3747","132,210,2,2131","132,82,5","132,66,2","132,50,5"]|13:46:01:898
62|1.1|636136513489926902|0|49566.8984375|10.8406143044|100.36843832901|-41611|-314786||49566.8984375|380||38000|377.25|49566.8984375|880851|AIQ3111|0|2283|0|||3|3|0|1|1|132|18|["132,18,5,3747","132,210,2,2131","132,82,5","132,66,2","132,50,5"]|13:46:06:898
62|1.1|636136513539841893|0|49571.875|10.85195466714|100.36823984584|-41631|-313531||49571.875|380||38012.5|377.25|49571.875|880851|AIQ3111|0|2283|0|||3|3|0|1|1|132|18|["132,18,5,3747","132,210,2,2131","132,82,5","132,66,2","132,50,5"]|13:46:11:875
62|1.1|636136513589766885|0|49576.875|10.86181445272|100.3680574559|-41649|-312439||49576.875|380||38000|377.25|49576.875|880851|AIQ3111|0|2283|0|||3|3|0|1|1|132|18|["132,18,5,3747","132,210,2,2131","132,82,5","132,66,2","132,50,5"]|13:46:16:875
62|1.1|636136513639551863|0|49581.859375|10.87275248471|100.3678965236|-41665|-311229||49581.859375|380||38000|377.25|49581.859375|880851|AIQ3111|0|2283|0|||3|3|0|1|1|132|5|["132,18,5,3747","132,210,2,2131","132,82,5","132,66,2","132,50,5"]|13:46:21:859
62|1.1|636136513689466854|0|49586.859375|10.88366905906|100.36771949807|-41683|-310020||49586.859375|380||38006.25|377.25|49586.859375|880851|AIQ3111|0|2283|0|||3|3|0|1|1|132|18|["132,18,5,3747","132,210,2,2131","132,82,5","132,66,2","132,50,5"]|13:46:26:859
62|1.1|636136513739541861|0|49591.859375|10.89363076843|100.36754247254|-41701|-308918||49591.859375|380||37993.75|377.25|49591.859375|880851|AIQ3111|0|2283|0|||3|3|0|1|1|132|18|["132,18,5,3747","132,210,2,2131","132,82,5","132,50,5"]|13:46:31:859
62|1.1|636136513789456852|0|49596.8359375|10.90415037644|100.36736544701|-41718|-307754||49596.8359375|380||38000|377.25|49596.8359375|880851|AIQ3111|0|2283|0|||3|3|0|1|1|132|18|["132,18,5,3747","132,210,2,2131","132,82,5","132,50,5"]|13:46:36:836
62|1.1|636136513839381844|0|49601.8359375|10.91526006955|100.36721524353|-41733|-306524||49601.8359375|380||38006.25|377.25|49601.8359375|880851|AIQ3111|0|2283|0|||3|3|0|1|1|132|18|["132,18,5,3747","132,210,2,2131","132,82,5","132,50,5"]|13:46:41:836
62|1.1|636136513889146820|0|49606.8203125|10.92599961837|100.36698993831|-41756|-305335||49606.8203125|380||38000|377.25|49606.8203125|880851|AIQ3111|0|2283|0|||3|3|0|1|1|132|83|["132,18,5,3747","132,210,2,2131","132,82,5","132,50,5"]|13:46:46:820
62|1.1|636136513939061811|0|49611.8203125|10.93582185308|100.36688265011|-41766|-304248||49611.8203125|380||38000|377.25|49611.8203125|880851|AIQ3111|0|2283|0|||3|3|0|1|1|132|50|["132,18,5,3747","132,210,2,2131","132,82,5","132,50,5"]|13:46:51:820
62|1.1|636136513988996804|0|49616.8203125|10.94708174967|100.36661979402|-41793|-303002||49616.8203125|380||38006.25|377.25|49616.8203125|880851|AIQ3111|0|2283|0|||3|3|0|1|1|132|50|["132,18,5,3747","132,210,2,2131","132,82,5","132,50,5"]|13:46:56:820
62|1.1|636136514039071811|0|49621.796875|10.95778374762|100.36646959054|-41808|-301817||49621.796875|380||38012.5|377.25|49621.796875|880851|AIQ3111|0|2283|0|||3|3|0|1|1|132|50|["132,18,5,3747","132,210,2,2131","132,82,5","132,50,5"]|13:47:01:797
62|1.1|636136514088826786|0|49626.796875|10.96872177961|100.36628183619|-41826|-300607||49626.796875|380||38006.25|377.25|49626.796875|880851|AIQ3111|0|2283|0|||3|3|0|1|1|132|18|["132,18,5,3747","132,210,2,2131","132,82,5","132,50,5"]|13:47:06:797
62|1.1|636136514138751778|0|49631.78125|10.97844745494|100.36609408184|-41846|-299530||49631.78125|380||37993.75|377.25|49631.78125|880851|AIQ3111|0|2283|0|||3|3|0|1|1|132|18|["132,18,5,3747","132,210,2,2131","132,82,5","132,50,5"]|13:47:11:781
62|1.1|636136514188666769|0|49636.78125|10.98907971556|100.36598142923|-41856|-298353||49636.78125|380||37993.75|377.25|49636.78125|880851|AIQ3111|0|2283|0|||3|3|0|1|1|132|18|["132,18,5,3747","132,210,2,2131","132,82,5","132,50,5"]|13:47:16:781
62|1.1|636136514238591761|0|49641.78125|10.99967978972|100.36584731898|-41869|-297180||49641.78125|380||38000|377.25|49641.78125|880851|AIQ3111|0|2283|0|||3|3|0|1|1|132|18|["132,18,5,3747","132,210,2,2131","132,82,5","132,50,5"]|13:47:21:781
62|1.1|636136514288516753|0|49646.7578125|11.01038715208|100.3657507596|-41878|-295995||49646.7578125|380.25||38025|377.75|49646.7578125|880851|AIQ3111|0|2283|0|||3|3|0|1|1|132|18|["132,18,5,3747","132,210,2,2131","132,82,5","132,50,5"]|13:47:26:758
62|1.1|636136514338441745|0|49651.7578125|11.02116425177|100.36568102227|-41884|-294803||49651.7578125|380.25||38062.5|377.25|49651.7578125|880851|AIQ3111|0|2283|0|||3|3|0|1|1|132|18|["132,18,5,3747","132,210,2,2131","132,82,5","132,50,5"]|13:47:31:758
62|1.1|636136514388356736|0|49656.7421875|11.03179651239|100.36566492904|-41884|-293626||49656.7421875|380||38093.75|377.25|49656.7421875|880851|AIQ3111|0|2283|0|||3|3|0|1|1|132|18|["132,18,5,3747","132,210,2,2131","132,82,5","132,50,5"]|13:47:36:742
62|1.1|636136514438281728|0|49661.7421875|11.04248241711|100.36550399674|-41900|-292443||49661.7421875|380.25||38112.5|377.75|49661.7421875|880851|AIQ3111|0|2283|0|||3|3|0|1|1|132|18|["132,18,5,3747","132,210,2,2131","132,82,5","132,50,5"]|13:47:41:742
62|1.1|636136514488206720|0|49666.7421875|11.05321660152|100.3652143186|-41930|-291255||49666.7421875|380.25||38131.25|377.75|49666.7421875|880851|AIQ3111|0|2283|0|||3|3|0|1|1|132|18|["132,18,5,3747","132,210,2,2131","132,82,5","132,50,5"]|13:47:46:742
62|1.1|636136514538131712|0|49671.71875|11.06382204009|100.36506947953|-41944|-290081||49671.71875|380.25||38131.25|377.75|49671.71875|880851|AIQ3111|0|2283|0|||3|3|0|1|1|132|18|["132,18,5,3747","132,210,2,2131","132,82,5","132,50,5"]|13:47:51:719
62|1.1|636136514588046703|0|49676.71875|11.07443820748|100.36506411512|-41943|-288906||49676.71875|380.25||38131.25|377.75|49676.71875|880851|AIQ3111|0|2283|0|||3|3|0|1|1|132|18|["132,18,5,3747","132,210,2,2131","132,82,5","132,50,5"]|13:47:56:719
62|1.1|636136514637971695|0|49681.6953125|11.08497927313|100.36502656425|-41945|-287740||49681.6953125|380.25||38118.75|377.75|49681.6953125|880851|AIQ3111|0|2283|0|||3|3|0|1|1|132|18|["132,18,5,3747","132,210,2,2131","132,82,5","132,50,5"]|13:48:01:695
62|1.1|636136514687896687|0|49686.6953125|11.09550960996|100.36503192866|-41943|-286574||49686.6953125|380.25||38112.5|377.75|49686.6953125|880851|AIQ3111|0|2283|0|||3|3|0|1|1|132|18|["132,18,5,3747","132,210,2,2131","132,82,5","132,50,5"]|13:48:06:695
62|1.1|636136514737811678|0|49691.6953125|11.10675877773|100.36393222461|-42061|-285329||49691.6953125|380||38031.25|377.75|49691.6953125|880851|AIQ3111|0|2283|0|||3|3|0|1|1|132|18|["132,18,5,3747","132,210,2,2131","132,82,5"]|13:48:11:695
62|1.1|636136514787736670|0|49696.6796875|11.1163986225|100.36362645324|-42093|-284262||49696.6796875|380.25||38012.5|377.75|49696.6796875|880851|AIQ3111|0|2283|0|||3|3|0|1|1|132|18|["132,18,5,3747","132,210,2,2131","132,82,5"]|13:48:16:680
62|1.1|636136514837651661|0|49701.6796875|11.12620476398|100.36340114802|-42116|-283177||49701.6796875|380.25||38018.75|378|49701.6796875|880851|AIQ3111|0|2283|0|||3|3|0|1|1|132|18|["132,18,5,3747","132,210,2,2131","132,82,5"]|13:48:21:680
62|1.1|636136514887576653|0|49706.65625|11.13655807528|100.36320802926|-42136|-282031||49706.65625|380.25||38018.75|378|49706.65625|880851|AIQ3111|0|2283|0|||3|3|0|1|1|132|18|["132,18,5,3747","132,210,2,2131","132,82,5","132,50,5"]|13:48:26:656
62|1.1|636136514937501645|0|49711.65625|11.1480486415|100.36299345286|-42158|-280759||49711.65625|380.25||38025|378|49711.65625|880851|AIQ3111|0|2283|0|||3|3|0|1|1|132|18|["132,18,5,3747","132,210,2,2131","132,82,5","132,50,5"]|13:48:31:656
62|1.1|636136514987416636|0|49716.65625|11.15886865647|100.36278960528|-42178|-279562||49716.65625|380.25||38031.25|378|49716.65625|880851|AIQ3111|0|2283|0|||3|3|0|1|1|132|18|["132,18,5,3747","132,210,2,2131","132,82,5","132,50,5"]|13:48:36:656
62|1.1|636136515037341628|0|49721.640625|11.17028412095|100.36256966447|-42200|-278298||49721.640625|380.25||38031.25|378|49721.640625|880851|AIQ3111|0|2283|0|||3|3|0|1|1|132|18|["132,18,5,3747","132,210,2,2131","132,82,5","132,50,5"]|13:48:41:641
62|1.1|636136515087276621|0|49726.640625|11.17982204193|100.36241946099|-42215|-277243||49726.640625|380.25||38031.25|378|49726.640625|880851|AIQ3111|0|2283|0|||3|3|0|1|1|132|18|["132,18,5,3747","132,210,2,2131","132,82,5","132,50,5"]|13:48:46:641
62|1.1|636136515137181611|0|49731.6171875|11.19032555671|100.3622638931|-42231|-276080||49731.6171875|380.25||38037.5|378|49731.6171875|880851|AIQ3111|0|2283|0|||3|3|0|1|1|132|18|["132,18,5,3747","132,210,2,2131","132,82,5","132,50,5"]|13:48:51:617
62|1.1|636136515187106603|0|49736.6171875|11.20100073261|100.36209759639|-42247|-274899||49736.6171875|380.25||38050|378|49736.6171875|880851|AIQ3111|0|2283|0|||3|3|0|1|1|132|18|["132,18,5,3747","132,210,2,2131","132,82,5","132,50,5"]|13:48:56:617
62|1.1|636136515237031595|0|49741.6171875|11.21157934913|100.36193129968|-42263|-273728||49741.6171875|380.25||38075|378|49741.6171875|880851|AIQ3111|0|2283|0|||3|3|0|1|1|132|18|["132,18,5,3747","132,210,2,2131","132,82,5","132,50,5"]|13:49:01:617
62|1.1|636136515286946586|0|49746.6015625|11.22224379621|100.36197957937|-42256|-272548||49746.6015625|380.25||38100|378|49746.6015625|880851|AIQ3111|0|2283|0|||3|3|0|1|1|132|18|["132,18,5,3747","132,210,2,2131","132,82,5","132,50,5"]|13:49:06:602
62|1.1|636136515336871578|0|49751.6015625|11.23284387037|100.36201713024|-42251|-271375||49751.6015625|380.25||38112.5|378|49751.6015625|880851|AIQ3111|0|2283|0|||3|3|0|1|1|132|18|["132,18,5,3747","132,210,2,2131","132,82,5","132,50,5"]|13:49:11:602
62|1.1|636136515386796570|0|49756.578125|11.24342248689|100.36195275732|-42256|-270204||49756.578125|380.25||38112.5|377.75|49756.578125|880851|AIQ3111|0|2283|0|||3|3|0|1|1|132|18|["132,18,5,3747","132,210,2,2131","132,82,5","132,50,5"]|13:49:16:578
62|1.1|636136515436721562|0|49761.578125|11.25384553552|100.36218879136|-42229|-269050||49761.578125|380||38100|377.75|49761.578125|880851|AIQ3111|0|2283|0|||3|3|0|1|1|132|18|["132,18,5,3747","132,210,2,2131","132,82,5"]|13:49:21:578
62|1.1|636136515486646554|0|49766.578125|11.26439196558|100.36202785906|-42244|-267883||49766.578125|380||38093.75|377.75|49766.578125|880851|AIQ3111|0|2283|0|||3|3|0|1|1|132|18|["132,18,5,3747","132,210,2,2131","132,82,5"]|13:49:26:578
62|1.1|636136515536561545|0|49771.5625|11.27509396353|100.3611910111|-42334|-266699||49771.5625|380||38106.25|377.75|49771.5625|880851|AIQ3111|0|2283|0|||3|3|0|1|1|132|18|["132,18,5,3747","132,210,2,2131","132,82,5"]|13:49:31:563
62|1.1|636136515586476536|0|49776.5625|11.28562966477|100.36114809582|-42337|-265533||49776.5625|380||38093.75|377.75|49776.5625|880851|AIQ3111|0|2283|0|||3|3|0|1|1|132|18|["132,18,5,3747","132,210,2,2131","132,82,5"]|13:49:36:563
62|1.1|636136515636401528|0|49781.5390625|11.29625119657|100.3608155024|-42372|-264358||49781.5390625|380||38100|377.75|49781.5390625|880851|AIQ3111|0|2283|0|||3|3|0|1|1|132|18|["132,18,5,3747","132,210,2,2131","132,82,5"]|13:49:41:539
62|1.1|636136515686326520|0|49786.5390625|11.30670106725|100.36087451091|-42363|-263201||49786.5390625|380||38081.25|377.75|49786.5390625|880851|AIQ3111|0|2283|0|||3|3|0|1|1|132|18|["132,18,5,3747","132,210,2,2131","132,82,5"]|13:49:46:539
62|1.1|636136515736251512|0|49791.5390625|11.31715630234|100.36082623122|-42367|-262044||49791.5390625|379.75||38062.5|377.5|49791.5390625|880851|AIQ3111|0|2283|0|||3|3|0|1|1|132|18|["132,18,5,3747","132,210,2,2131","132,82,5"]|13:49:51:539
62|1.1|636136515786166503|0|49796.515625|11.32762226625|100.36082086681|-42366|-260886||49796.515625|379.75||38043.75|377.5|49796.515625|880851|AIQ3111|0|2283|0|||3|3|0|1|1|132|18|["132,18,5,3747","132,210,2,2131","132,82,5"]|13:49:56:516
62|1.1|636136515836101496|0|49801.515625|11.33813650985|100.360600926|-42388|-259722||49801.515625|379.75||38037.5|377.5|49801.515625|880851|AIQ3111|0|2283|0|||3|3|0|1|1|132|18|["132,18,5,3747","132,210,2,2131","132,82,5"]|13:50:01:516
62|1.1|636136515886016487|0|49806.5|11.34866148227|100.36037025637|-42412|-258557||49806.5|379.75||38031.25|377.5|49806.5|880851|AIQ3111|0|2283|0|||3|3|0|1|1|132|18|["132,18,5,3747","132,210,2,2131","132,82,5"]|13:50:06:500
62|1.1|636136515935941479|0|49811.5|11.35922936997|100.35998938326|-42452|-257388||49811.5|379.75||38037.5|377.5|49811.5|880851|AIQ3111|0|2283|0|||3|3|0|1|1|132|18|["132,18,5,3747","132,210,2,2131","132,82,5"]|13:50:11:500
62|1.1|636136515985856470|0|49816.5|11.36969533388|100.36002693413|-42446|-256230||49816.5|379.75||38031.25|377.5|49816.5|880851|AIQ3111|0|2283|0|||3|3|0|1|1|132|18|["132,18,5,3747","132,210,2,2131","132,82,5"]|13:50:16:500
62|1.1|636136516035781462|0|49821.4765625|11.38030613686|100.3599035527|-42457|-255055||49821.4765625|379.75||38018.75|377.5|49821.4765625|880851|AIQ3111|0|2283|0|||3|3|0|1|1|132|82|["132,18,5,3747","132,210,2,2131","132,82,5"]|13:50:21:477
62|1.1|636136516085696453|0|49826.4765625|11.39116906711|100.35895405213|-42559|-253853||49826.4765625|379.75||37981.25|377.5|49826.4765625|880851|AIQ3111|0|2283|0|||3|3|0|1|1|132|18|["132,18,5,3747","132,210,2,2131","132,82,5"]|13:50:26:477
62|1.1|636136516135621445|0|49831.4609375|11.40103958151|100.3587233825|-42583|-252761||49831.4609375|379.75||37962.5|377.5|49831.4609375|880851|AIQ3111|0|2283|0|||3|3|0|1|1|132|18|["132,18,5,3747","132,210,2,2131","132,82,5"]|13:50:31:461
62|1.1|636136516185556438|0|49836.4609375|11.41155382511|100.35856781461|-42598|-251597||49836.4609375|379.75||37950|377.5|49836.4609375|880851|AIQ3111|0|2283|0|||3|3|0|1|1|132|82|["132,18,5,3747","132,210,2,2131","132,82,5"]|13:50:36:461
62|1.1|636136516235461428|0|49841.4609375|11.42257232325|100.35825131442|-42631|-250378||49841.4609375|379.75||37975|377.5|49841.4609375|880851|AIQ3111|0|2283|0|||3|3|0|1|1|132|18|["132,18,5,3747","132,210,2,2131","132,82,5"]|13:50:41:461
62|1.1|636136516285386420|0|49846.4375|11.43313484654|100.35806892448|-42649|-249209||49846.4375|379.75||37975|377.5|49846.4375|880851|AIQ3111|0|2283|0|||3|3|0|1|1|132|18|["132,18,5,3747","132,210,2,2131","132,82,5"]|13:50:46:438
62|1.1|636136516335311412|0|49851.4375|11.44377247157|100.35800455156|-42654|-248032||49851.4375|379.75||37981.25|377.5|49851.4375|880851|AIQ3111|0|2283|0|||3|3|0|1|1|132|82|["132,18,5,3747","132,210,2,2131","132,82,5"]|13:50:51:438
62|1.1|636136516385236404|0|49856.421875|11.45429744399|100.357918721|-42662|-246867||49856.421875|379.75||37993.75|377.5|49856.421875|880851|AIQ3111|0|2283|0|||3|3|0|1|1|132|82|["132,18,5,3747","132,210,2,2131","132,82,5"]|13:50:56:422
62|1.1|636136516435151395|0|49861.421875|11.46490824697|100.35788117013|-42664|-245693||49861.421875|379.75||38018.75|377.5|49861.421875|880851|AIQ3111|0|2283|0|||3|3|0|1|1|132|82|["132,18,5,3747","132,210,2,2131","132,82,5"]|13:51:01:422
62|1.1|636136516485066386|0|49866.421875|11.47519718535|100.35745738174|-42709|-244554||49866.421875|380||38000|377.5|49866.421875|880851|AIQ3111|0|2283|0|||3|3|0|1|1|132|83|["132,18,5,3747","132,210,2,2131","132,82,5"]|13:51:06:422
62|1.1|636136516535001379|0|49871.3984375|11.48571679336|100.35714624596|-42741|-243390||49871.3984375|380||38000|377.75|49871.3984375|880851|AIQ3111|0|2283|0|||3|3|0|1|1|132|83|["132,18,5,3747","132,210,2,2131","132,82,5"]|13:51:11:398
62|1.1|636136516584916370|0|49876.3984375|11.4963597828|100.35697458484|-42758|-242212||49876.3984375|380||38012.5|377.75|49876.3984375|880851|AIQ3111|0|2283|0|||3|3|0|1|1|132|5|["132,18,5,3747","132,210,2,2131","132,82,5"]|13:51:16:398
62|1.1|636136516634841362|0|49881.375|11.50723344187|100.35667417788|-42789|-241009||49881.375|380||38006.25|377.75|49881.375|880851|AIQ3111|0|2283|0|||3|3|0|1|1|132|82|["132,18,5,3747","132,210,2,2131","132,82,5"]|13:51:21:375
62|1.1|636136516684766354|0|49886.375|11.51798371951|100.35650251676|-42806|-239819||49886.375|380||38006.25|377.75|49886.375|880851|AIQ3111|0|2283|0|||3|3|0|1|1|132|82|["132,18,5,3747","132,210,2,2131","132,82,5"]|13:51:26:375
62|1.1|636136516734681345|0|49891.375|11.52864816659|100.35634158446|-42822|-238639||49891.375|380||38018.75|377.75|49891.375|880851|AIQ3111|0|2283|0|||3|3|0|1|1|132|82|["132,18,5,3747","132,210,2,2131","132,82,5"]|13:51:31:375
62|1.1|636136516784606337|0|49896.359375|11.53939844423|100.3560948216|-42847|-237450||49896.359375|380||38000|377.75|49896.359375|880851|AIQ3111|0|2283|0|||3|3|0|1|1|132|83|["132,18,5,3747","132,210,2,2131","132,82,5"]|13:51:36:359
62|1.1|636136516834521328|0|49901.359375|11.54910266192|100.35594998253|-42861|-236376||49901.359375|380||37993.75|377.75|49901.359375|880851|AIQ3111|0|2283|0|||3|3|0|1|1|132|82|["132,18,5,3747","132,210,2,2131","132,82,5"]|13:51:41:359
62|1.1|636136516887566632|0|49906.65625|11.55952571055|100.35569785526|-42887|-235222||49906.65625|380||37993.75|377.75|49906.65625|880851|AIQ3111|0|2283|0|||3|3|0|1|1|132|18|["132,18,5,3747","132,210,2,2131","132,82,5"]|13:51:46:656
62|1.1|636136516937481623|0|49911.65625|11.56966980986|100.35547255004|-42910|-234100||49911.65625|380||37993.75|377.75|49911.65625|880851|AIQ3111|0|2283|0|||3|3|0|1|1|132|82|["132,18,5,3747","132,210,2,2131","132,82,5"]|13:51:51:656
62|1.1|636136516987406615|0|49916.640625|11.58106918111|100.35531698215|-42925|-232838||49916.640625|380||38006.25|377.75|49916.640625|880851|AIQ3111|0|2283|0|||3|3|0|1|1|132|18|["132,18,5,3747","132,210,2,2131","132,82,5"]|13:51:56:641
62|1.1|636136517037331607|0|49921.640625|11.59120791601|100.35509704134|-42947|-231716||49921.640625|380||38000|377.75|49921.640625|880851|AIQ3111|0|2283|0|||3|3|0|1|1|132|18|["132,18,5,3747","132,210,2,2131","132,82,5"]|13:52:01:641
62|1.1|636136517087256599|0|49926.6171875|11.60259119403|100.35489855817|-42967|-230457||49926.6171875|380.25||38018.75|377.75|49926.6171875|880851|AIQ3111|0|2283|0|||3|3|0|1|1|132|83|["132,18,5,3747","132,210,2,2131","132,82,5"]|13:52:06:617
62|1.1|636136517137171590|0|49931.6171875|11.6133575649|100.35472689705|-42984|-229265||49931.6171875|380||38037.5|377.75|49931.6171875|880851|AIQ3111|0|2283|0|||3|3|0|1|1|132|82|["132,18,5,3747","132,210,2,2131","132,82,5"]|13:52:11:617
62|1.1|636136517187096582|0|49936.6171875|11.62402737639|100.35462497326|-42993|-228084||49936.6171875|380||38056.25|377.75|49936.6171875|880851|AIQ3111|0|2283|0|||3|3|0|1|1|132|82|["132,18,5,3747","132,210,2,2131","132,82,5"]|13:52:16:617
62|1.1|636136517237021574|0|49941.6015625|11.63474546757|100.35450695624|-43004|-226898||49941.6015625|380||38075|377.75|49941.6015625|880851|AIQ3111|0|2283|0|||3|3|0|1|1|132|82|["132,18,5,3747","132,210,2,2131","132,82,5"]|13:52:21:602
62|1.1|636136517286936565|0|49946.6015625|11.64546892316|100.35442112568|-43012|-225712||49946.6015625|380||38093.75|377.75|49946.6015625|880851|AIQ3111|0|2283|0|||3|3|0|1|1|132|82|["132,18,5,3747","132,210,2,2131","132,82,5"]|13:52:26:602
62|1.1|636136517336861557|0|49951.578125|11.65608509055|100.35411535431|-43044|-224537||49951.578125|380||38112.5|377.75|49951.578125|880851|AIQ3111|0|2283|0|||3|3|0|1|1|132|82|["132,18,5,3747","132,210,2,2131","132,82,5"]|13:52:31:578
62|1.1|636136517386786549|0|49956.578125|11.66671198676|100.35402952375|-43051|-223361||49956.578125|380||38112.5|377.75|49956.578125|880851|AIQ3111|0|2283|0|||3|3|0|1|1|132|83|["132,18,5,3747","132,210,2,2131","132,82,5"]|13:52:36:578
62|1.1|636136517436711541|0|49961.578125|11.67725841682|100.35416899841|-43034|-222194||49961.578125|380||38112.5|377.75|49961.578125|880851|AIQ3111|0|2283|0|||3|3|0|1|1|132|83|["132,18,5,3747","132,210,2,2131","132,82,5"]|13:52:41:578
62|1.1|636136517486626532|0|49966.5625|11.68779411806|100.35415290518|-43034|-221028||49966.5625|380||38106.25|377.75|49966.5625|880851|AIQ3111|0|2283|0|||3|3|0|1|1|132|5|["132,18,5,3747","132,210,2,2131","132,82,5"]|13:52:46:563
62|1.1|636136517536551524|0|49971.5625|11.69833518371|100.3542709222|-43020|-219862||49971.5625|380||38100|377.75|49971.5625|880851|AIQ3111|0|2283|0|||3|3|0|1|1|132|82|["132,18,5,3747","132,210,2,2131","132,82,5"]|13:52:51:563
62|1.1|636136517586476516|0|49976.5390625|11.70783018941|100.35343407424|-43109|-218811||49976.5390625|380||38000|377.75|49976.5390625|880851|AIQ3111|0|2283|0|||3|3|0|1|1|132|82|["132,18,5,3747","132,210,2,2131","132,82,5"]|13:52:56:539
62|1.1|636136517636391507|0|49981.5390625|11.71796892431|100.35290836206|-43165|-217689||49981.5390625|380||37987.5|377.75|49981.5390625|880851|AIQ3111|0|2283|0|||3|3|0|1|1|132|82|["132,18,5,3747","132,210,2,2131","132,82,5"]|13:53:01:539
62|1.1|636136517686306498|0|49986.5390625|11.72839197294|100.35261868392|-43195|-216535||49986.5390625|380||37987.5|377.75|49986.5390625|880851|AIQ3111|0|2283|0|||3|3|0|1|1|132|82|["132,18,5,3747","132,210,2,2131","132,82,5"]|13:53:06:539
62|1.1|636136517736231490|0|49991.515625|11.73887403008|100.35237728547|-43219|-215376||49991.515625|380||37993.75|377.75|49991.515625|880851|AIQ3111|0|2283|0|||3|3|0|1|1|132|82|["132,18,5,3747","132,210,2,2131","132,82,5"]|13:53:11:516
62|1.1|636136517786156482|0|49996.515625|11.74952774834|100.35217343789|-43240|-214197||49996.515625|380||38000|377.75|49996.515625|880851|AIQ3111|0|2283|0|||3|3|0|1|1|132|82|["132,18,5,3747","132,210,2,2131","132,82,5"]|13:53:16:516
62|1.1|636136517836071473|0|50001.5|11.76010636486|100.35190521739|-43267|-213026||50001.5|380||38000|377.75|50001.5|880851|AIQ3111|0|2283|0|||3|3|0|1|1|132|82|["132,18,5,3747","132,210,2,2131","132,82,5"]|13:53:21:500
62|1.1|636136517885996465|0|50006.5|11.77132871058|100.35169064099|-43289|-211784||50006.5|380||38000|377.75|50006.5|880851|AIQ3111|0|2283|0|||3|3|0|1|1|132|5|["132,18,5,3747","132,210,2,2131","132,82,5"]|13:53:26:500
62|1.1|636136517935921457|0|50011.5|11.78139770815|100.35149215782|-43309|-210670||50011.5|380||38000|377.75|50011.5|880851|AIQ3111|0|2283|0|||3|3|0|1|1|132|82|["132,18,5,3747","132,210,2,2131","132,82,5"]|13:53:31:500
62|1.1|636136517985846449|0|50016.4765625|11.79309748636|100.35128294583|-43329|-209376||50016.4765625|380||38006.25|377.75|50016.4765625|880851|AIQ3111|0|2283|0|||3|3|0|1|1|132|82|["132,18,5,3747","132,210,2,2131","132,82,5"]|13:53:36:477
62|1.1|636136518035771441|0|50021.4765625|11.80430910326|100.35107909825|-43350|-208135||50021.4765625|380||38012.5|377.75|50021.4765625|880851|AIQ3111|0|2283|0|||3|3|0|1|1|132|82|["132,18,5,3747","132,210,2,2131","132,82,5"]|13:53:41:477
62|1.1|636136518085686432|0|50026.4609375|11.81417425325|100.35089670831|-43368|-207043||50026.4609375|380.25||38025|378|50026.4609375|880851|AIQ3111|0|2283|0|||3|3|0|1|1|132|82|["132,18,5,3747","132,210,2,2131","132,82,5"]|13:53:46:461
62|1.1|636136518135611424|0|50031.4609375|11.82432371697|100.3507304116|-43384|-205920||50031.4609375|380||38006.25|377.75|50031.4609375|880851|AIQ3111|0|2283|0|||3|3|0|1|1|132|82|["132,18,5,3747","132,210,2,2131","132,82,5"]|13:53:51:461
62|1.1|636136518185536416|0|50036.4609375|11.83467166386|100.35055338607|-43402|-204775||50036.4609375|380||38006.25|377.75|50036.4609375|880851|AIQ3111|0|2283|0|||3|3|0|1|1|132|82|["132,18,5,3747","132,210,2,2131","132,82,5"]|13:53:56:461
62|1.1|636136518235451407|0|50041.4375|11.84596374691|100.35037099613|-43420|-203526||50041.4375|380||38000|377.75|50041.4375|880851|AIQ3111|0|2283|0|||3|3|0|1|1|132|5|["132,18,5,3747","132,210,2,2131","132,82,5"]|13:54:01:438
62|1.1|636136518285376399|0|50046.4375|11.85676230424|100.35017251296|-43440|-202331||50046.4375|380||38006.25|377.75|50046.4375|880851|AIQ3111|0|2283|0|||3|3|0|1|1|132|82|["132,18,5,3747","132,210,2,2131","132,82,5"]|13:54:06:438
62|1.1|636136518335291390|0|50051.421875|11.86759304803|100.34999012302|-43458|-201132||50051.421875|380||38006.25|377.75|50051.421875|880851|AIQ3111|0|2283|0|||3|3|0|1|1|132|82|["132,18,5,3747","132,210,2,2131","132,82,5"]|13:54:11:422
62|1.1|636136518385216382|0|50056.421875|11.87884758021|100.34982382631|-43474|-199887||50056.421875|380||38000|377.75|50056.421875|880851|AIQ3111|0|2283|0|||3|3|0|1|1|132|82|["132,18,5,3747","132,210,2,2131","132,82,5"]|13:54:16:422
62|1.1|636136518435141374|0|50061.421875|11.88966223077|100.34964143637|-43492|-198690||50061.421875|380||38000|377.75|50061.421875|880851|AIQ3111|0|2283|0|||3|3|0|1|1|132|82|["132,18,5,3747","132,210,2,2131","132,82,5"]|13:54:21:422
62|1.1|636136518485056365|0|50066.3984375|11.89913041442|100.3494965973|-43506|-197643||50066.3984375|380||38000|377.75|50066.3984375|880851|AIQ3111|0|2283|0|||3|3|0|1|1|132|82|["132,18,5,3747","132,210,2,2131","132,82,5"]|13:54:26:398
62|1.1|636136518534981357|0|50071.3984375|11.90896874236|100.34933030059|-43522|-196554||50071.3984375|380||37993.75|377.75|50071.3984375|880851|AIQ3111|0|2283|0|||3|3|0|1|1|132|82|["132,18,5,3747","132,210,2,2131","132,82,5"]|13:54:31:398
62|1.1|636136518584906349|0|50076.375|11.92068997821|100.34914254624|-43541|-195257||50076.375|380||38006.25|377.75|50076.375|880851|AIQ3111|0|2283|0|||3|3|0|1|1|132|83|["132,18,5,3747","132,210,2,2131","132,82,5"]|13:54:36:375
62|1.1|636136518634821340|0|50081.375|11.93166556107|100.34896552071|-43559|-194042||50081.375|380||38000|377.75|50081.375|880851|AIQ3111|0|2283|0|||3|3|0|1|1|132|82|["132,18,5,3747","132,210,2,2131","132,82,5"]|13:54:41:375
62|1.1|636136518684746332|0|50086.375|11.94256067778|100.34877776636|-43577|-192837||50086.375|380||38000|377.75|50086.375|880851|AIQ3111|0|2283|0|||3|3|0|1|1|132|82|["132,18,5,3747","132,210,2,2131","132,82,5"]|13:54:46:375
62|1.1|636136518734671324|0|50091.359375|11.95325731132|100.34859537642|-43595|-191653||50091.359375|380||38000|377.75|50091.359375|880851|AIQ3111|0|2283|0|||3|3|0|1|1|132|82|["132,18,5,3747","132,210,2,2131","132,82,5"]|13:54:51:359
62|1.1|636136518784586315|0|50096.359375|11.9626343|100.34841835089|-43613|-190616||50096.359375|380||37993.75|377.75|50096.359375|880851|AIQ3111|0|2283|0|||3|3|0|1|1|132|82|["132,18,5,3747","132,210,2,2131","132,82,5"]|13:54:56:359
62|1.1|636136518834511307|0|50101.3359375|11.97375472193|100.34823059654|-43631|-189385||50101.3359375|380||38000|377.75|50101.3359375|880851|AIQ3111|0|2283|0|||3|3|0|1|1|132|83|["132,18,5,3747","132,210,2,2131","132,82,5"]|13:55:01:336
62|1.1|636136518884436299|0|50106.3359375|11.98390955006|100.34804284219|-43650|-188261||50106.3359375|380||38000|377.75|50106.3359375|880851|AIQ3111|0|2283|0|||3|3|0|1|1|132|82|["132,18,5,3747","132,210,2,2131","132,82,5"]|13:55:06:336
62|1.1|636136518934371292|0|50111.3359375|11.99449353099|100.34785508784|-43668|-187091||50111.3359375|380||38006.25|377.75|50111.3359375|880851|AIQ3111|0|2283|0|||3|3|0|1|1|132|82|["132,18,5,3747","132,210,2,2131","132,82,5"]|13:55:11:336
62|1.1|636136518984276282|0|50116.3203125|12.00507214751|100.34768342672|-43685|-185920||50116.3203125|380||38012.5|377.75|50116.3203125|880851|AIQ3111|0|2283|0|||3|3|0|1|1|132|82|["132,18,5,3747","132,210,2,2131","132,82,5"]|13:55:16:320
62|1.1|636136519034201274|0|50121.3203125|12.01490511104|100.3475654097|-43697|-184832||50121.3203125|380||37993.75|377.75|50121.3203125|880851|AIQ3111|0|2283|0|||3|3|0|1|1|132|82|["132,18,5,3747","132,210,2,2131","132,82,5"]|13:55:21:320
62|1.1|636136519084126266|0|50126.296875|12.02531743085|100.34731864684|-43722|-183680||50126.296875|380||38000|377.75|50126.296875|880851|AIQ3111|0|2283|0|||3|3|0|1|1|132|82|["132,18,5,3747","132,210,2,2131","132,82,5"]|13:55:26:297
62|1.1|636136519134201273|0|50131.296875|12.03555272513|100.34712552808|-43741|-182547||50131.296875|380||38000|377.75|50131.296875|880851|AIQ3111|0|2283|0|||3|3|0|1|1|132|82|["132,18,5,3747","132,210,2,2131","132,82,5"]|13:55:31:297
62|1.1|636136519183966249|0|50136.296875|12.04686626582|100.34688412963|-43765|-181296||50136.296875|380||38000|377.75|50136.296875|880851|AIQ3111|0|2283|0|||3|3|0|1|1|132|82|["132,18,5,3747","132,210,2,2131","132,82,5"]|13:55:36:297
62|1.1|636136519233881240|0|50141.28125|12.0567260514|100.34669637528|-43784|-180204||50141.28125|380||38000|377.75|50141.28125|880851|AIQ3111|0|2283|0|||3|3|0|1|1|132|82|["132,18,5,3747","132,210,2,2131","132,82,5"]|13:55:41:281
62|1.1|636136519283806232|0|50146.28125|12.06866186365|100.34647643447|-43806|-178884||50146.28125|380||38006.25|377.75|50146.28125|880851|AIQ3111|0|2283|0|||3|3|0|1|1|132|82|["132,18,5,3747","132,210,2,2131","132,82,5"]|13:55:46:281
62|1.1|636136519333731224|0|50151.2578125|12.07938531924|100.34628331571|-43825|-177697||50151.2578125|380||38012.5|377.75|50151.2578125|880851|AIQ3111|0|2283|0|||3|3|0|1|1|132|210|["132,18,5,3747","132,210,2,2131","132,82,5"]|13:55:51:258
62|1.1|636136519383646215|0|50156.2578125|12.09019460539|100.34614920546|-43838|-176501||50156.2578125|380||38018.75|377.75|50156.2578125|880851|AIQ3111|0|2283|0|||3|3|0|1|1|132|82|["132,18,5,3747","132,210,2,2131","132,82,5"]|13:55:56:258
62|1.1|636136519433581208|0|50161.2578125|12.09989882308|100.34593462906|-43859|-175427||50161.2578125|379.75||37975|377.5|50161.2578125|880851|AIQ3111|0|2283|0|||3|3|0|1|1|132|82|["132,18,5,3747","132,210,2,2131","132,82,5"]|13:56:01:258
62|1.1|636136519483486198|0|50166.2421875|12.11009656649|100.34570932384|-43882|-174299||50166.2421875|380||37968.75|377.5|50166.2421875|880851|AIQ3111|0|2283|0|||3|3|0|1|1|132|82|["132,18,5,3747","132,210,2,2131","132,82,5"]|13:56:06:242
62|1.1|636136519533411190|0|50171.2421875|12.12160322594|100.34550547626|-43902|-173026||50171.2421875|379.75||37968.75|377.5|50171.2421875|880851|AIQ3111|0|2283|0|||3|3|0|1|1|132|82|["132,18,5,3747","132,210,2,2131","132,82,5"]|13:56:11:242
62|1.1|636136519583346183|0|50176.21875|12.13226230861|100.3453660016|-43916|-171846||50176.21875|379.75||37975|377.5|50176.21875|880851|AIQ3111|0|2283|0|||3|3|0|1|1|132|82|["132,18,5,3747","132,210,2,2131","132,82,5"]|13:56:16:219
62|1.1|636136519633261174|0|50181.21875|12.1429321201|100.34517824725|-43934|-170666||50181.21875|380||37968.75|377.5|50181.21875|880851|AIQ3111|0|2283|0|||3|3|0|1|1|132|82|["132,18,5,3747","132,210,2,2131","132,82,5"]|13:56:21:219
62|1.1|636136519683176165|0|50186.21875|12.15375749948|100.34502804377|-43949|-169468||50186.21875|380||37993.75|377.75|50186.21875|880851|AIQ3111|0|2283|0|||3|3|0|1|1|132|82|["132,18,5,3747","132,210,2,2131","132,82,5"]|13:56:26:219
62|1.1|636136519733101157|0|50191.1953125|12.16468480265|100.34494757762|-43956|-168259||50191.1953125|380||38037.5|377.75|50191.1953125|880851|AIQ3111|0|2283|0|||3|3|0|1|1|132|82|["132,18,5,3747","132,210,2,2131","132,82,5"]|13:56:31:195
62|1.1|636136519783026149|0|50196.1953125|12.17568184315|100.34467935712|-43983|-167042||50196.1953125|380||38075|377.75|50196.1953125|880851|AIQ3111|0|2283|0|||3|3|0|1|1|132|82|["132,18,5,3747","132,210,2,2131","132,82,5"]|13:56:36:195
62|1.1|636136519832941140|0|50201.1796875|12.18620145116|100.34438431457|-44013|-165878||50201.1796875|380||38006.25|377.75|50201.1796875|880851|AIQ3111|0|2283|0|||3|3|0|1|1|132|82|["132,18,5,3747","132,210,2,2131","132,82,5"]|13:56:41:180
62|1.1|636136519882866132|0|50206.1796875|12.19607196556|100.34417510258|-44034|-164786||50206.1796875|380||38000|377.75|50206.1796875|880851|AIQ3111|0|2283|0|||3|3|0|1|1|132|83|["132,18,5,3747","132,210,2,2131","132,82,5"]|13:56:46:180
62|1.1|636136519932781123|0|50211.1796875|12.20702609078|100.34397661941|-44054|-163574||50211.1796875|380||38000|377.75|50211.1796875|880851|AIQ3111|0|2283|0|||3|3|0|1|1|132|83|["132,18,5,3747","132,210,2,2131","132,82,5"]|13:56:51:180
62|1.1|636136519982706115|0|50216.15625|12.21772808873|100.34379422947|-44072|-162390||50216.15625|380||38006.25|377.75|50216.15625|880851|AIQ3111|0|2283|0|||3|3|0|1|1|132|5|["132,18,5,3747","132,210,2,2131","132,82,5"]|13:56:56:156
62|1.1|636136520032631107|0|50221.15625|12.2277970863|100.34358501748|-44093|-161276||50221.15625|380||37993.75|377.75|50221.15625|880851|AIQ3111|0|2283|0|||3|3|0|1|1|132|5|["132,18,5,3747","132,210,2,2131","132,82,5"]|13:57:01:156
62|1.1|636136520082556099|0|50226.140625|12.23949686451|100.34340262754|-44111|-159981||50226.140625|380||38006.25|377.75|50226.140625|880851|AIQ3111|0|2283|0|||3|3|0|1|1|132|82|["132,18,5,3747","132,210,2,2131","132,82,5"]|13:57:06:141
62|1.1|636136520132471090|0|50231.140625|12.25081576961|100.34317732232|-44133|-158729||50231.140625|380||38006.25|377.75|50231.140625|880851|AIQ3111|0|2283|0|||3|3|0|1|1|132|82|["132,18,5,3747","132,210,2,2131","132,82,5"]|13:57:11:141
62|1.1|636136520182396082|0|50236.140625|12.26174307278|100.34299493238|-44151|-157520||50236.140625|380||38006.25|377.75|50236.140625|880851|AIQ3111|0|2283|0|||3|3|0|1|1|132|210|["132,18,5,3747","132,210,2,2131","132,82,5"]|13:57:16:141
62|1.1|636136520232321074|0|50241.1171875|12.27261673185|100.34282863567|-44167|-156317||50241.1171875|380||38012.5|377.75|50241.1171875|880851|AIQ3111|0|2283|0|||3|3|0|1|1|132|210|["132,18,5,3747","132,210,2,2131","132,82,5"]|13:57:21:117
62|1.1|636136520282236065|0|50246.1171875|12.28337773831|100.34267843219|-44182|-155126||50246.1171875|379.75||38025|377.75|50246.1171875|880851|AIQ3111|0|2283|0|||3|3|0|1|1|132|83|["132,18,5,3747","132,210,2,2131","132,82,5"]|13:57:26:117
62|1.1|636136520332161057|0|50251.1015625|12.29182668406|100.34248531343|-44201|-154191||50251.1015625|379.25||37925|377|50251.1015625|880851|AIQ3111|0|2283|0|||3|3|0|1|1|132|83|["132,18,5,3747","132,210,2,2131","132,82,5"]|13:57:31:102
62|1.1|636136520382086049|0|50256.1015625|12.30213171567|100.34230292349|-44219|-153051||50256.1015625|379||37875|376.25|50256.1015625|880851|AIQ3111|0|2283|0|||3|3|0|1|1|132|210|["132,18,5,3747","132,210,2,2131","132,82,5"]|13:57:36:102
62|1.1|636136520432001040|0|50261.1015625|12.31372420568|100.3420937115|-44240|-151768||50261.1015625|378||37800|375.5|50261.1015625|880851|AIQ3111|0|2283|-825|||3|3|2|1|1|132|210|["132,18,5,3747","132,210,2,2131","132,82,5"]|13:57:41:102
62|1.1|636136520481926032|0|50266.078125|12.32449057655|100.34191668597|-44258|-150577||50266.078125|377||37756.25|374.5|50266.078125|880851|AIQ3111|0|2283|-962.5|||3|3|2|1|1|132|210|["132,18,5,3747","132,210,2,2131","132,82,5"]|13:57:46:078
62|1.1|636136520531851024|0|50271.078125|12.33534277798|100.34175575367|-44273|-149376||50271.078125|376||37706.25|373.5|50271.078125|880851|AIQ3111|0|2283|-1062.5|||3|3|2|1|1|132|210|["132,18,5,3747","132,210,2,2131"]|13:57:51:078
62|1.1|636136520581776016|0|50276.0625|12.3460286827|100.34165382988|-44282|-148194||50276.0625|375||37656.25|372.25|50276.0625|880851|AIQ3111|0|2283|-1181.25|||3|3|2|1|1|132|210|["132,18,5,3747","132,210,2,2131"]|13:57:56:063
62|1.1|636136520631691007|0|50281.0625|12.35661266363|100.34166992311|-44279|-147023||50281.0625|373||37581.25|369.75|50281.0625|880851|AIQ3111|0|2283|-2068.75|||3|3|2|1|1|132|210|["132,18,5,3747","132,210,2,2131"]|13:58:01:063
62|1.1|636136520681615999|0|50286.0625|12.36713763605|100.34161627901|-44283|-145858||50286.0625|371||37343.75|367.25|50286.0625|880851|AIQ3111|0|2283|-2400|||3|3|2|1|1|132|210|["132,18,5,3747","132,210,2,2131"]|13:58:06:063
62|1.1|636136520731530990|0|50291.0390625|12.37755532027|100.34177721131|-44263|-144706||50291.0390625|369||37087.5|366.75|50291.0390625|880851|AIQ3111|0|2283|-2381.25|||3|3|2|1|1|132|210|["132,18,5,3747","132,210,2,2131"]|13:58:11:039
62|1.1|636136520781455982|0|50296.0390625|12.38813393679|100.34170747398|-44269|-143535||50296.0390625|367||36818.75|363|50296.0390625|880851|AIQ3111|0|2283|-2518.75|||3|3|2|1|1|132|210|["132,18,5,3747","132,210,2,2131"]|13:58:16:039
62|1.1|636136520831380974|0|50301.015625|12.39875010418|100.34162700783|-44276|-142361||50301.015625|363||36537.5|360.5|50301.015625|880851|AIQ3111|0|2283|-2675|||3|3|2|1|1|132|5|["132,18,5,3747","132,210,2,2131"]|13:58:21:016
62|1.1|636136520881295965|0|50306.015625|12.40919997486|100.34203470299|-44229|-141205||50306.015625|362||36268.75|358.25|50306.015625|880851|AIQ3111|0|2283|-2693.75|||3|3|2|1|1|132|210|["132,18,5,3747","132,210,2,2131"]|13:58:26:016
62|1.1|636136520931220957|0|50311.015625|12.41980541343|100.3421473556|-44216|-140031||50311.015625|358.5||36000|355.75|50311.015625|880851|AIQ3111|0|2283|-2775|||3|3|2|1|1|132|5|["132,18,5,3747","132,210,2,2131"]|13:58:31:016
62|1.1|636136520981145949|0|50316|12.43042158082|100.34242630492|-44183|-138857||50316|357||35718.75|353.5|50316|880851|AIQ3111|0|2283|-2793.75|||3|3|2|1|1|132|210|["132,18,5,3747","132,210,2,2131"]|13:58:36:000
62|1.1|636136521031060940|0|50321|12.44112357877|100.34227073703|-44198|-137673||50321|354||35425|350.75|50321|880851|AIQ3111|0|2283|-3168.75|||3|3|2|1|1|132|210|["132,18,5,3747","132,210,2,2131"]|13:58:41:000
62|1.1|636136521080985932|0|50325.9765625|12.45188994964|100.34198105889|-44228|-136482||50325.9765625|351||35106.25|347|50325.9765625|880851|AIQ3111|0|2283|-3506.25|||3|3|2|1|1|132|210|["132,18,5,3747","132,210,2,2131"]|13:58:45:977
62|1.1|636136521130920925|0|50330.9765625|12.46401351624|100.33979237961|-44464|-135140||50330.9765625|346.5||34612.5|343.75|50330.9765625|880851|AIQ3111|0|2283|-3625|||3|3|2|1|1|132|5|["132,18,5,3747","132,210,2,2131"]|13:58:50:977
62|1.1|636136521180825915|0|50335.9765625|12.4739698612|100.33939541327|-44505|-134038||50335.9765625|344.25||34350|341.25|50335.9765625|880851|AIQ3111|0|2283|-3443.75|||3|3|2|1|1|132|5|["132,18,5,3747","132,210,2,2131"]|13:58:55:977
62|1.1|636136521230750907|0|50340.9609375|12.48463967269|100.33903063339|-44543|-132858||50340.9609375|343||34068.75|340.75|50340.9609375|880851|AIQ3111|0|2283|-3387.5|||3|3|2|1|1|132|210|["132,18,5,3747","132,210,2,2131"]|13:59:00:961
62|1.1|636136521280675899|0|50345.9609375|12.49631262885|100.33867658233|-44579|-131566||50345.9609375|340||33743.75|335.25|50345.9609375|880851|AIQ3111|0|2283|-3425|||3|3|2|1|1|132|210|["132,18,5,3747","132,210,2,2131"]|13:59:05:961
62|1.1|636136521330590890|0|50350.9375|12.50774418656|100.33835471773|-44612|-130301||50350.9375|337||33450|332.25|50350.9375|880851|AIQ3111|0|2283|-3481.25|||3|3|2|1|1|132|210|["132,18,5,3747","132,210,2,2131"]|13:59:10:938
62|1.1|636136521380515882|0|50355.9375|12.51904163402|100.33814550574|-44633|-129051||50355.9375|332||33175|329.75|50355.9375|880851|AIQ3111|0|2283|-3387.5|||3|3|2|1|1|132|5|["132,18,5,3747","132,210,2,2131"]|13:59:15:938
62|1.1|636136521430440874|0|50360.9375|12.52863856351|100.33786655642|-44662|-127989||50360.9375|331||32931.25|327|50360.9375|880851|AIQ3111|0|2283|-3368.75|||3|3|2|1|1|132|210|["132,18,5,3747","132,210,2,2131"]|13:59:20:938
62|1.1|636136521480355865|0|50365.921875|12.53885776456|100.33771098853|-44676|-126859||50365.921875|328||32668.75|324.25|50365.921875|880851|AIQ3111|0|2283|-3325|||3|3|2|1|1|132|210|["132,18,5,3747","132,210,2,2131"]|13:59:25:922
62|1.1|636136521530280857|0|50370.921875|12.54944174549|100.33752859859|-44694|-125687||50370.921875|326||32418.75|321.75|50370.921875|880851|AIQ3111|0|2283|-3250|||3|3|2|1|1|132|210|["132,18,5,3747","132,210,2,2131"]|13:59:30:922
62|1.1|636136521580205849|0|50375.8984375|12.56130782041|100.3373193866|-44715|-124375||50375.8984375|322||32075|319.25|50375.8984375|880851|AIQ3111|0|2283|-3562.5|||3|3|2|1|1|132|210|["132,18,5,3747","132,210,2,2131"]|13:59:35:898
62|1.1|636136521630130841|0|50380.8984375|12.57365132782|100.33717454753|-44729|-123009||50380.8984375|318||31762.5|315.25|50380.8984375|880851|AIQ3111|0|2283|-3718.75|||3|3|2|1|1|132|5|["132,18,5,3747","132,210,2,2131"]|13:59:40:898
62|1.1|636136521679885816|0|50385.8984375|12.58502924143|100.33697069995|-44749|-121750||50385.8984375|316.25||31468.75|312.5|50385.8984375|880851|AIQ3111|0|2283|-3525|||3|3|2|1|1|132|210|["132,18,5,3747","132,210,2,2131"]|13:59:45:898
62|1.1|636136521729970824|0|50390.875|12.59623012951|100.33677758119|-44768|-120511||50390.875|314||31181.25|309.75|50390.875|880851|AIQ3111|0|2283|-3481.25|||3|3|2|1|1|132|210|["132,18,5,3747","132,210,2,2131"]|13:59:50:875
62|1.1|636136521779885815|0|50395.875|12.60710915299|100.33660592007|-44784|-119307||50395.875|311||30900|306.75|50395.875|880851|AIQ3111|0|2283|-3462.5|||3|3|2|1|1|132|210|["132,18,5,3747","132,210,2,2131"]|13:59:55:875
62|1.1|636136521829660792|0|50400.859375|12.61806327821|100.33641816572|-44803|-118095||50400.859375|308||30612.5|304|50400.859375|880851|AIQ3111|0|2283|-3462.5|||3|3|2|1|1|132|210|["132,18,5,3747","132,210,2,2131"]|14:00:00:859
62|1.1|636136521879605786|0|50405.859375|12.62888329318|100.33628405547|-44815|-116898||50405.859375|303.5||30312.5|301|50405.859375|880851|AIQ3111|0|2283|-3506.25|||3|3|2|1|1|132|83|["132,18,5,3747","132,210,2,2131"]|14:00:05:859
62|1.1|636136521929500775|0|50410.859375|12.64062598667|100.33607484348|-44836|-115599||50410.859375|300.75||30037.5|298.5|50410.859375|880851|AIQ3111|0|2283|-3506.25|||3|3|2|1|1|132|5|["132,18,5,3747","132,210,2,2131"]|14:00:10:859
62|1.1|636136521979415766|0|50415.8359375|12.64999224653|100.33590318236|-44853|-114563||50415.8359375|298||29800|296|50415.8359375|880851|AIQ3111|0|2283|-3700|||3|3|2|1|1|132|83|["132,18,5,3747","132,210,2,2131"]|14:00:15:836
62|1.1|636136522029340758|0|50420.8359375|12.66121995666|100.3357100636|-44872|-113320||50420.8359375|296||29518.75|292.25|50420.8359375|880851|AIQ3111|0|2283|-3975|||3|3|2|1|1|132|5|["132,18,5,3747","132,210,2,2131"]|14:00:20:836
62|1.1|636136522079265750|0|50425.8203125|12.67251740412|100.33551694484|-44891|-112071||50425.8203125|293.5||29262.5|290.5|50425.8203125|880851|AIQ3111|0|2283|-3206.25|||3|3|2|1|1|132|83|["132,18,5,3747","132,210,2,2131"]|14:00:25:820
62|1.1|636136522129190742|0|50430.8203125|12.68267759666|100.33531846167|-44911|-110946||50430.8203125|292||29050|288.75|50430.8203125|880851|AIQ3111|0|2283|-2793.75|||3|3|2|1|1|132|210|["132,18,5,3747","132,210,2,2131"]|14:00:30:820
62|1.1|636136522179105733|0|50435.8203125|12.69342250989|100.3351199785|-44930|-109757||50435.8203125|289.5||28806.25|287.5|50435.8203125|880851|AIQ3111|0|2283|-3068.75|||3|3|2|1|1|132|210|["132,18,5,3747","132,210,2,2131"]|14:00:35:820
62|1.1|636136522229030725|0|50440.796875|12.70531004245|100.33492149533|-44950|-108442||50440.796875|286.5||28568.75|283.5|50440.796875|880851|AIQ3111|0|2283|-2581.25|||3|3|2|1|1|132|83|["132,18,5,3747","132,210,2,2131"]|14:00:40:797
62|1.1|636136522278955717|0|50445.796875|12.71541122648|100.33471764775|-44970|-107325||50445.796875|285||28387.5|282.25|50445.796875|880851|AIQ3111|0|2283|-2162.5|||3|3|2|1|1|132|210|["132,18,5,3747","132,210,2,2131"]|14:00:45:797
62|1.1|636136522328870708|0|50450.78125|12.72571625809|100.3345298934|-44988|-106184||50450.78125|281.25||28137.5|279|50450.78125|880851|AIQ3111|0|2283|-2693.75|||3|3|2|1|1|132|5|["132,18,5,3747","132,210,2,2131"]|14:00:50:781
62|1.1|636136522378795700|0|50455.78125|12.73613394231|100.33434750346|-45006|-105032||50455.78125|279.25||27887.5|276.5|50455.78125|880851|AIQ3111|0|2283|-2775|||3|3|2|1|1|132|210|["132,18,5,3747","132,210,2,2131"]|14:00:55:781
62|1.1|636136522428710691|0|50460.78125|12.74686812672|100.33417047793|-45024|-103844||50460.78125|277||27618.75|274|50460.78125|880851|AIQ3111|0|2283|-2912.5|||3|3|2|1|1|132|210|["132,18,5,3747","132,210,2,2131"]|14:01:00:781
62|1.1|636136522478645684|0|50465.7578125|12.75755403144|100.33397735917|-45042|-102662||50465.7578125|274||27331.25|271.25|50465.7578125|880851|AIQ3111|0|2283|-3087.5|||3|3|2|1|1|132|114|["132,18,5,3747","132,114,5,582","132,210,2,2131"]|14:01:05:758
62|1.1|636136522528560675|0|50470.7578125|12.76958103866|100.33376814718|-45063|-101331||50470.7578125|270.75||27043.75|268|50470.7578125|880851|AIQ3111|0|2283|-3306.25|||3|3|2|1|1|132|83|["132,18,5,3747","132,114,5,582","132,210,2,2131"]|14:01:10:758
62|1.1|636136522578475666|0|50475.7421875|12.78070146059|100.33358039283|-45081|-100101||50475.7421875|269||26768.75|265.25|50475.7421875|880851|AIQ3111|0|2283|-3306.25|||3|3|2|1|1|132|210|["132,18,5,3747","132,114,5,582","132,210,2,2131"]|14:01:15:742
62|1.1|636136522628400658|0|50480.7421875|12.79213838271|100.33339263848|-45100|-98835||50480.7421875|267||26493.75|263.75|50480.7421875|880851|AIQ3111|0|2283|-2856.25|||3|3|2|1|1|132|210|["132,18,5,3747","132,114,5,582","132,210,2,2131"]|14:01:20:742
62|1.1|636136522678325650|0|50485.7421875|12.80309787234|100.33319951972|-45119|-97623||50485.7421875|265||26381.25|262|50485.7421875|880851|AIQ3111|0|2283|-2537.5|||3|3|2|1|1|132|210|["132,18,5,3747","132,114,5,582","132,210,2,2131"]|14:01:25:742
62|1.1|636136522728240641|0|50490.71875|12.81390179408|100.33300103655|-45138|-96428||50490.71875|263||26212.5|260|50490.71875|880851|AIQ3111|0|2283|-2418.75|||3|3|2|1|1|132|210|["132,18,5,3747","132,114,5,582","132,210,2,2131"]|14:01:30:719
62|1.1|636136522778165633|0|50495.71875|12.8243731224|100.33280255338|-45158|-95269||50495.71875|261||26006.25|258|50495.71875|880851|AIQ3111|0|2283|-2518.75|||3|3|2|1|1|132|210|["132,18,5,3747","132,114,5,582","132,210,2,2131"]|14:01:35:719
62|1.1|636136522828110627|0|50500.6953125|12.83377156872|100.33260943462|-45177|-94229||50500.6953125|259||25812.5|255.75|50500.6953125|880851|AIQ3111|0|2283|-2481.25|||3|3|2|1|1|132|114|["132,18,5,3747","132,114,4,582","132,210,2,2131"]|14:01:40:695
62|1.1|636136522878015617|0|50505.6953125|12.84329876088|100.33242704468|-45195|-93175||50505.6953125|257||25612.5|253.75|50505.6953125|880851|AIQ3111|0|2283|-2462.5|||3|3|2|1|1|132|114|["132,18,5,3747","132,114,4,582","132,210,2,2131"]|14:01:45:695
62|1.1|636136522927940609|0|50510.6953125|12.85470349654|100.33225001915|-45212|-91913||50510.6953125|254.25||25375|251.5|50510.6953125|880851|AIQ3111|0|2283|-2556.25|||3|3|2|1|1|132|114|["132,18,5,3747","132,114,5,585","132,210,2,2131"]|14:01:50:695
62|1.1|636136522977855600|0|50515.6796875|12.86582928288|100.33203544275|-45233|-90682||50515.6796875|252||25143.75|249.25|50515.6796875|880851|AIQ3111|0|2283|-2618.75|||3|3|2|1|1|132|83|["132,18,5,3747","132,114,5,585","132,210,2,2131"]|14:01:55:680
62|1.1|636136523027780592|0|50520.6796875|12.87652055201|100.33182623076|-45254|-89499||50520.6796875|251||24943.75|247|50520.6796875|880851|AIQ3111|0|2283|-2600|||3|3|2|1|1|132|210|["132,18,5,3747","132,114,5,585","132,210,2,2131"]|14:02:00:680
62|1.1|636136523077695583|0|50525.65625|12.88761415189|100.33158483231|-45278|-88272||50525.65625|247.5||24731.25|245.25|50525.65625|880851|AIQ3111|0|2283|-2400|||3|3|2|1|1|132|5|["132,18,5,3747","132,114,5,585","132,210,2,2131"]|14:02:05:656
62|1.1|636136523127620575|0|50530.65625|12.89627230963|100.3314185356|-45295|-87314||50530.65625|246||24575|243.5|50530.65625|880851|AIQ3111|0|2283|-2400|||3|3|2|1|1|132|210|["132,18,5,3747","132,114,5,585","132,210,2,2131"]|14:02:10:656
62|1.1|636136523177545567|0|50535.65625|12.90613745962|100.33123078125|-45313|-86223||50535.65625|244||24387.5|241.25|50535.65625|880851|AIQ3111|0|2283|-2462.5|||3|3|2|1|1|132|210|["132,18,5,3747","132,114,5,585","132,210,2,2131"]|14:02:15:656
62|1.1|636136523227460558|0|50540.640625|12.91597578756|100.33105375572|-45331|-85134||50540.640625|242||24193.75|238.75|50540.640625|880851|AIQ3111|0|2283|-2556.25|||3|3|2|1|1|132|210|["132,18,5,3747","132,114,5,585","132,210,2,2131"]|14:02:20:641
62|1.1|636136523277385550|0|50545.640625|12.92594286134|100.33089282342|-45347|-84031||50545.640625|240||24000|236.75|50545.640625|880851|AIQ3111|0|2283|-2556.25|||3|3|2|1|1|132|114|["132,18,5,3747","132,114,4,585","132,210,2,2131"]|14:02:25:641
62|1.1|636136523327310542|0|50550.6171875|12.93776602098|100.3308284505|-45351|-82723||50550.6171875|237.25||23712.5|234.75|50550.6171875|880851|AIQ3111|0|2283|-2481.25|||3|3|2|1|1|132|83|["132,18,5,3747","132,114,4,585","132,210,2,2131"]|14:02:30:617
62|1.1|636136523377225533|0|50555.6171875|12.9483982816|100.3306675182|-45367|-81547||50555.6171875|235.5||23493.75|232.75|50555.6171875|880851|AIQ3111|0|2283|-2481.25|||3|3|2|1|1|132|114|["132,18,5,3747","132,114,5,587","132,210,2,2131"]|14:02:35:617
62|1.1|636136523427160526|0|50560.6171875|12.95826343159|100.33042611975|-45391|-80455||50560.6171875|233.25||23293.75|230.75|50560.6171875|880851|AIQ3111|0|2283|-2400|||3|3|2|1|1|132|5|["132,18,5,3747","132,114,5,587","132,210,2,2131"]|14:02:40:617
62|1.1|636136523477085518|0|50565.6015625|12.96730246244|100.33023300099|-45410|-79456||50565.6015625|231.75||23125|229|50565.6015625|880851|AIQ3111|0|2283|-2243.75|||3|3|2|1|1|132|114|["132,18,5,3747","132,114,5,587","132,210,2,2131"]|14:02:45:602
62|1.1|636136523527000509|0|50570.6015625|12.97687793429|100.33004524664|-45429|-78396||50570.6015625|229.5||22931.25|227.25|50570.6015625|880851|AIQ3111|0|2283|-2243.75|||3|3|2|1|1|132|114|["132,18,5,3747","132,114,5,587","132,210,2,2131"]|14:02:50:602
62|1.1|636136523576915500|0|50575.578125|12.98665725372|100.32985749229|-45447|-77314||50575.578125|228||22725|225|50575.578125|880851|AIQ3111|0|2283|-2343.75|||3|3|2|1|1|132|210|["132,18,5,3747","132,114,5,587","132,210,2,2131"]|14:02:55:578
62|1.1|636136523626840492|0|50580.578125|12.99664042073|100.32967510235|-45465|-76209||50580.578125|226||22506.25|222.75|50580.578125|880851|AIQ3111|0|2283|-2481.25|||3|3|2|1|1|132|210|["132,18,5,3747","132,114,5,587","132,210,2,2131"]|14:03:00:578
62|1.1|636136523676755483|0|50585.578125|13.00715466433|100.32948198359|-45484|-75046||50585.578125|222.75||22275|220.75|50585.578125|880851|AIQ3111|0|2283|-2537.5|||3|3|2|1|1|132|83|["132,18,5,3747","132,114,5,587","132,210,2,2131"]|14:03:05:578
62|1.1|636136523726680475|0|50590.5625|13.0175991706|100.32932105129|-45500|-73891||50590.5625|220.75||22075|218.5|50590.5625|880851|AIQ3111|0|2283|-2618.75|||3|3|2|1|1|132|5|["132,18,5,3747","132,114,5,587","132,210,2,2131"]|14:03:10:563
62|1.1|636136523776605467|0|50595.5625|13.02845137203|100.32914402576|-45517|-72690||50595.5625|219.25||21862.5|216.5|50595.5625|880851|AIQ3111|0|2283|-2581.25|||3|3|2|1|1|132|114|["132,18,5,3747","132,114,5,587","132,210,2,2131"]|14:03:15:563
62|1.1|636136523826520458|0|50600.5390625|13.0379839286|100.32897236464|-45534|-71635||50600.5390625|217.25||21675|214.75|50600.5390625|880851|AIQ3111|0|2283|-2462.5|||3|3|2|1|1|132|114|["132,18,5,3747","132,114,5,587","132,210,2,2131"]|14:03:20:539
62|1.1|636136523876445450|0|50605.5390625|13.04751112076|100.32880606793|-45550|-70581||50605.5390625|215||21500|212.75|50605.5390625|880851|AIQ3111|0|2283|-2537.5|||3|3|2|1|1|132|114|["132,18,5,3747","132,114,5,587","132,210,2,2131"]|14:03:25:539
62|1.1|636136523926360441|0|50610.5390625|13.05752110982|100.32862367799|-45568|-69474||50610.5390625|213.25||21281.25|210.75|50610.5390625|880851|AIQ3111|0|2283|-2281.25|||3|3|2|1|1|132|114|["132,18,5,3747","132,114,5,587","132,210,2,2131"]|14:03:30:539
62|1.1|636136523976285433|0|50615.515625|13.06709121726|100.32845201687|-45585|-68415||50615.515625|210.75||21081.25|208.75|50615.515625|880851|AIQ3111|0|2283|-2306.25|||3|3|2|1|1|132|83|["132,18,5,3747","132,114,5,587","132,210,2,2131"]|14:03:35:516
62|1.1|636136524026210425|0|50620.515625|13.07650575681|100.32829644898|-45600|-67373||50620.515625|209.25||20893.75|206.75|50620.515625|880851|AIQ3111|0|2283|-2343.75|||3|3|2|1|1|132|83|["132,18,5,3747","132,114,5,587","132,210,2,2131"]|14:03:40:516
62|1.1|636136524076135417|0|50625.5|13.08629044065|100.32813015227|-45616|-66291||50625.5|208||20693.75|204.75|50625.5|880851|AIQ3111|0|2283|-2381.25|||3|3|2|1|1|132|18|["132,18,5,3747","132,114,5,587","132,210,2,2131"]|14:03:45:500
62|1.1|636136524126060409|0|50630.5|13.09671885369|100.32792630469|-45636|-65137||50630.5|205.25||20525|203.25|50630.5|880851|AIQ3111|0|2283|-2262.5|||3|3|2|1|1|132|5|["132,18,5,3747","132,114,5,587","132,210,2,2131"]|14:03:50:500
62|1.1|636136524175975400|0|50635.5|13.10619776616|100.32774927916|-45654|-64088||50635.5|204.25||20362.5|201.5|50635.5|880851|AIQ3111|0|2283|-2206.25|||3|3|2|1|1|132|18|["132,18,5,3747","132,114,5,587"]|14:03:55:500
62|1.1|636136524225900392|0|50640.4765625|13.11780098499|100.32754543158|-45674|-62804||50640.4765625|201.25||20125|199.25|50640.4765625|880851|AIQ3111|0|2283|-2281.25|||3|3|2|1|1|132|83|["132,18,5,3747","132,114,5,587"]|14:04:00:477
62|1.1|636136524275825384|0|50645.4765625|13.12703849901|100.32736840605|-45691|-61782||50645.4765625|200.5||19956.25|197.5|50645.4765625|880851|AIQ3111|0|2283|-2243.75|||3|3|2|1|1|132|18|["132,18,5,3747","132,114,5,587"]|14:04:05:477
62|1.1|636136524325750376|0|50650.4609375|13.13696802192|100.32718601611|-45709|-60684||50650.4609375|199||19768.75|195.75|50650.4609375|880851|AIQ3111|0|2283|-2206.25|||3|3|2|1|1|132|18|["132,18,5,3747","132,114,5,587"]|14:04:10:461
62|1.1|636136524375665367|0|50655.4609375|13.14728914676|100.32700362617|-45727|-59542||50655.4609375|197.75||19681.25|194.75|50655.4609375|880851|AIQ3111|0|2283|-1812.5|||3|3|2|1|1|132|18|["132,18,5,3747","132,114,5,587"]|14:04:15:461
62|1.1|636136524425590359|0|50660.4609375|13.15601167742|100.32679977859|-45747|-58577||50660.4609375|196.75||19593.75|194|50660.4609375|880851|AIQ3111|0|2283|-1356.25|||3|3|2|1|1|132|18|["132,18,5,3747"]|14:04:20:461
62|1.1|636136524475515351|0|50665.4375|13.16537257287|100.32662275306|-45765|-57541||50665.4375|195.75||19475|193.25|50665.4375|880851|AIQ3111|0|2283|-1237.5|||3|3|2|1|1|132|18|["132,18,5,3747"]|14:04:25:438
62|1.1|636136524525430342|0|50670.4375|13.17396099328|100.3264296343|-45784|-56591||50670.4375|194.5||19431.25|192.5|50670.4375|880851|AIQ3111|0|2283|-1100|||3|3|2|1|1|132|5|["132,18,5,3747"]|14:04:30:438
62|1.1|636136524575365335|0|50675.421875|13.18445914365|100.32622578672|-45804|-55429||50675.421875|193.75||19318.75|191.25|50675.421875|880851|AIQ3111|0|2283|-1143.75|||3|3|2|1|1|132|18|["132,18,5,3747"]|14:04:35:422
62|1.1|636136524625270325|0|50680.421875|13.19421164103|100.32604339678|-45822|-54350||50680.421875|192.75||19225|190.25|50680.421875|880851|AIQ3111|0|2283|-1181.25|||3|3|2|1|1|132|18|["132,18,5,3747"]|14:04:40:422
62|1.1|636136524675195317|0|50685.421875|13.20295026492|100.32585027802|-45841|-53384||50685.421875|191.75||19131.25|189.25|50685.421875|880851|AIQ3111|0|2283|-1181.25|||3|3|2|1|1|132|18|["132,18,5,3747"]|14:04:45:422
62|1.1|636136524725120309|0|50690.3984375|13.21223069422|100.32565715926|-45860|-52357||50690.3984375|190.75||19031.25|188.25|50690.3984375|880851|AIQ3111|0|2283|-1200|||3|3|2|1|1|132|18|["132,18,5,3747"]|14:04:50:398
62|1.1|636136524775045301|0|50695.3984375|13.22213875949|100.32548013373|-45878|-51260||50695.3984375|189||18906.25|187|50695.3984375|880851|AIQ3111|0|2283|-1262.5|||3|3|2|1|1|132|5|["132,18,5,3747"]|14:04:55:398
62|1.1|636136524824960292|0|50700.375|13.2308881122|100.32531920143|-45894|-50292||50700.375|188.75||18831.25|186.25|50700.375|880851|AIQ3111|0|2283|-1218.75|||3|3|2|1|1|132|18|["132,18,5,3747"]|14:05:00:375
62|1.1|636136524874885284|0|50705.375|13.24147209313|100.32512071826|-45913|-49122||50705.375|187.75||18712.5|185.25|50705.375|880851|AIQ3111|0|2283|-1218.75|||3|3|2|1|1|132|18|["132,18,5,3747"]|14:05:05:375
62|1.1|636136524924810276|0|50710.375|13.25140161604|100.32494369273|-45931|-48023||50710.375|186.5||18612.5|184|50710.375|880851|AIQ3111|0|2283|-1237.5|||3|3|2|1|1|132|18|["132,18,5,3747"]|14:05:10:375
62|1.1|636136524974725267|0|50715.359375|13.25995784999|100.32473448074|-45951|-47076||50715.359375|185.5||18512.5|183|50715.359375|880851|AIQ3111|0|2283|-1218.75|||3|3|2|1|1|132|18|["132,18,5,3747"]|14:05:15:359
62|1.1|636136525024660260|0|50720.359375|13.27033261893|100.32454672639|-45970|-45928||50720.359375|184.5||18393.75|182|50720.359375|880851|AIQ3111|0|2283|-1262.5|||3|3|2|1|1|132|18|["132,18,5,3747"]|14:05:20:359
62|1.1|636136525074565250|0|50725.3359375|13.27901759872|100.32434824322|-45990|-44968||50725.3359375|183.5||18312.5|181|50725.3359375|880851|AIQ3111|0|2283|-1200|||3|3|2|1|1|132|18|["132,18,5,3747"]|14:05:25:336
62|1.1|636136525124490242|0|50730.3359375|13.28828193479|100.32416048887|-46008|-43942||50730.3359375|182.5||18212.5|180|50730.3359375|880851|AIQ3111|0|2283|-1200|||3|3|2|1|1|132|18|["132,18,5,3747"]|14:05:30:336
62|1.1|636136525174415234|0|50735.3359375|13.29912877181|100.32395127688|-46029|-42742||50735.3359375|181.5||18087.5|179|50735.3359375|880851|AIQ3111|0|2283|-1218.75|||3|3|2|1|1|132|18|["132,18,5,3747"]|14:05:35:336
62|1.1|636136525224340226|0|50740.3203125|13.30896709975|100.32376888694|-46047|-41654||50740.3203125|180||17981.25|177.5|50740.3203125|880851|AIQ3111|0|2283|-1318.75|||3|3|2|1|1|132|18|["132,18,5,3747"]|14:05:40:320
62|1.1|636136525274265218|0|50745.3203125|13.31705126562|100.32355431054|-46068|-40759||50745.3203125|179||17893.75|177|50745.3203125|880851|AIQ3111|0|2283|-1218.75|||3|3|2|1|1|132|18|["132,18,5,3747"]|14:05:45:320
62|1.1|636136525324180209|0|50750.296875|13.32625122877|100.32336119178|-46087|-39741||50750.296875|178||17793.75|175.5|50750.296875|880851|AIQ3111|0|2283|-1281.25|||3|3|2|1|1|132|18|["132,18,5,3747"]|14:05:50:297
62|1.1|636136525374105201|0|50755.296875|13.33681911647|100.32316270861|-46107|-38572||50755.296875|176.75||17656.25|174.5|50755.296875|880851|AIQ3111|0|2283|-1281.25|||3|3|2|1|1|132|5|["132,18,5,3747"]|14:05:55:297
62|1.1|636136525424020192|0|50760.296875|13.34648578329|100.32296958985|-46126|-37503||50760.296875|176||17537.5|173.5|50760.296875|880851|AIQ3111|0|2283|-1262.5|||3|3|2|1|1|132|18|["132,18,5,3747"]|14:06:00:297
62|1.1|636136525473945184|0|50765.28125|13.3560397975|100.32278719991|-46144|-36446||50765.28125|175||17437.5|172.5|50765.28125|880851|AIQ3111|0|2283|-1262.5|||3|3|2|1|1|132|18|["132,18,5,3747"]|14:06:05:281
62|1.1|636136525523870176|0|50770.28125|13.36367335293|100.32255116587|-46168|-35601||50770.28125|173.75||17343.75|171.5|50770.28125|880851|AIQ3111|0|2283|-1218.75|||3|3|2|1|1|132|18|["132,18,5,3747"]|14:06:10:281
62|1.1|636136525573785167|0|50775.2578125|13.37270701937|100.32237414034|-46186|-34602||50775.2578125|172.75||17237.5|170.25|50775.2578125|880851|AIQ3111|0|2283|-1262.5|||3|3|2|1|1|132|18|["132,18,5,3747"]|14:06:15:258
62|1.1|636136525623710159|0|50780.2578125|13.38185870283|100.32219711481|-46203|-33589||50780.2578125|171.75||17137.5|169.25|50780.2578125|880851|AIQ3111|0|2283|-1262.5|||3|3|2|1|1|132|18|["132,18,5,3747"]|14:06:20:258
62|1.1|636136525673625150|0|50785.2578125|13.39105866598|100.32202545369|-46220|-32571||50785.2578125|171||17037.5|168.5|50785.2578125|880851|AIQ3111|0|2283|-1200|||3|3|2|1|1|132|18|["132,18,5,3747"]|14:06:25:258
62|1.1|636136525723550142|0|50790.2421875|13.40053757845|100.32179478406|-46243|-31522||50790.2421875|170.25||16956.25|167.75|50790.2421875|880851|AIQ3111|0|2283|-1125|||3|3|2|1|1|132|18|["132,18,5,3747"]|14:06:30:242
62|1.1|636136525773475134|0|50795.2421875|13.40965171104|100.32162848735|-46259|-30514||50795.2421875|169.5||16887.5|167|50795.2421875|880851|AIQ3111|0|2283|-1025|||3|3|2|1|1|132|18|["132,18,5,3747"]|14:06:35:242
62|1.1|636136525823400126|0|50800.21875|13.41824013145|100.32158557207|-46262|-29564||50800.21875|168.75||16825|166.25|50800.21875|880851|AIQ3111|0|2283|-962.5|||3|3|2|1|1|132|114|["132,18,5,3747","132,114,4,587"]|14:06:40:219
62|1.1|636136525873325118|0|50805.21875|13.42698411975|100.32145146182|-46275|-28596||50805.21875|168||16762.5|165.75|50805.21875|880851|AIQ3111|0|2283|-925|||3|3|2|1|1|132|114|["132,18,5,3747","132,114,4,587"]|14:06:45:219
62|1.1|636136525923240109|0|50810.21875|13.43560472662|100.32140854654|-46278|-27643||50810.21875|167||16687.5|165|50810.21875|880851|AIQ3111|0|2283|-843.75|||3|3|2|1|1|132|114|["132,18,5,3747","132,114,5,605"]|14:06:50:219
62|1.1|636136525973155100|0|50815.1953125|13.44425751995|100.32116178368|-46303|-26685||50815.1953125|166.5||16618.75|164.25|50815.1953125|880851|AIQ3111|0|2283|-868.75|||3|3|2|1|1|132|18|["132,18,5,3747","132,114,5,605"]|14:06:55:195
62|1.1|636136526023080092|0|50820.1953125|13.45247579607|100.32105985989|-46312|-25776||50820.1953125|165.75||16550|163.5|50820.1953125|880851|AIQ3111|0|2283|-887.5|||3|3|2|1|1|132|114|["132,18,5,3747","132,114,5,605"]|14:07:00:195
62|1.1|636136526073015085|0|50825.1796875|13.45991086833|100.32069508001|-46351|-24953||50825.1796875|165||16500|163|50825.1796875|880851|AIQ3111|0|2283|-825|||3|3|2|1|1|132|114|["132,18,5,3747","132,114,5,605"]|14:07:05:180
62|1.1|636136526122940077|0|50830.1796875|13.46835981408|100.3204751392|-46373|-24018||50830.1796875|164.5||16431.25|162.25|50830.1796875|880851|AIQ3111|0|2283|-825|||3|3|2|1|1|132|18|["132,18,5,3747","132,114,5,605"]|14:07:10:180
62|1.1|636136526172845067|0|50835.1796875|13.4771681753|100.32021228311|-46399|-23044||50835.1796875|164||16368.75|161.75|50835.1796875|880851|AIQ3111|0|2283|-750|||3|3|2|1|1|132|18|["132,18,5,3747","132,114,5,605"]|14:07:15:180
62|1.1|636136526222770059|0|50840.15625|13.48531671409|100.31990651174|-46431|-22143||50840.15625|163.25||16318.75|161.25|50840.15625|880851|AIQ3111|0|2283|-706.25|||3|3|2|1|1|132|114|["132,18,5,3747","132,114,5,605"]|14:07:20:156
62|1.1|636136526272705052|0|50845.15625|13.49222070976|100.31971875739|-46450|-21379||50845.15625|162.75||16268.75|160.75|50845.15625|880851|AIQ3111|0|2283|-668.75|||3|3|2|1|1|132|18|["132,18,5,3747","132,114,5,605"]|14:07:25:156
62|1.1|636136526322630044|0|50850.140625|13.49988108724|100.31952027422|-46470|-20531||50850.140625|162.25||16206.25|160|50850.140625|880851|AIQ3111|0|2283|-668.75|||3|3|2|1|1|132|18|["132,18,5,3747","132,114,5,605"]|14:07:30:141
62|1.1|636136526372545035|0|50855.140625|13.50754682913|100.31933788428|-46488|-19683||50855.140625|161.5||16156.25|159.5|50855.140625|880851|AIQ3111|0|2283|-668.75|||3|3|2|1|1|132|18|["132,18,5,3747","132,114,5,605"]|14:07:35:141
62|1.1|636136526422460026|0|50860.140625|13.51629081743|100.31917158757|-46505|-18716||50860.140625|160.75||16062.5|158.5|50860.140625|880851|AIQ3111|0|2283|-806.25|||3|3|2|1|1|132|18|["132,18,5,3747","132,114,5,605"]|14:07:40:141
62|1.1|636136526472385018|0|50865.1171875|13.52402093224|100.3190267485|-46519|-17860||50865.1171875|159.25||15943.75|157.5|50865.1171875|880851|AIQ3111|0|2283|-1062.5|||3|3|2|1|1|132|5|["132,18,5,3747","132,114,5,605"]|14:07:45:117
62|1.1|636136526522300009|0|50870.1171875|13.53072108033|100.31888190943|-46533|-17119||50870.1171875|158.25||15825|156|50870.1171875|880851|AIQ3111|0|2283|-1281.25|||3|3|2|1|1|132|18|["132,18,5,3747","132,114,5,605"]|14:07:50:117
62|1.1|636136526572225001|0|50875.1015625|13.53911101757|100.31871024831|-46550|-16191||50875.1015625|156.75||15662.5|154.5|50875.1015625|880851|AIQ3111|0|2283|-1575|||3|3|2|1|1|132|18|["132,18,5,3747","132,114,5,605"]|14:07:55:102
62|1.1|636136526622149993|0|50880.1015625|13.54740975984|100.31854931601|-46566|-15273||50880.1015625|155.25||15481.25|152.75|50880.1015625|880851|AIQ3111|0|2283|-1768.75|||3|3|2|1|1|132|18|["132,18,5,3747","132,114,5,605"]|14:08:00:102
62|1.1|636136526672064984|0|50885.1015625|13.55549929012|100.3183830193|-46582|-14377||50885.1015625|153.75||15318.75|151.25|50885.1015625|880851|AIQ3111|0|2283|-1868.75|||3|3|2|1|1|132|18|["132,18,5,3747","132,114,5,605"]|14:08:05:102
62|1.1|636136526721989976|0|50890.078125|13.56237646374|100.31825427346|-46595|-13616||50890.078125|152.25||15175|149.75|50890.078125|880851|AIQ3111|0|2283|-1812.5|||3|3|2|1|1|132|18|["132,18,5,3747","132,114,5,605"]|14:08:10:078
62|1.1|636136526771914968|0|50895.078125|13.57047135843|100.31809870557|-46610|-12721||50895.078125|150.75||15031.25|148.25|50895.078125|880851|AIQ3111|0|2283|-1793.75|||3|3|2|1|1|132|18|["132,18,5,3747","132,114,5,605"]|14:08:15:078
62|1.1|636136526821829959|0|50900.0625|13.57821756647|100.31794850209|-46625|-11864||50900.0625|149.5||14937.5|147.5|50900.0625|880851|AIQ3111|0|2283|-1218.75|||3|3|2|1|1|132|5|["132,18,5,3747","132,114,5,605"]|14:08:20:063
62|1.1|636136526871754951|0|50905.0625|13.58468704493|100.31781975625|-46638|-11148||50905.0625|148.75||14837.5|146.5|50905.0625|880851|AIQ3111|0|2283|-1237.5|||3|3|2|1|1|132|18|["132,18,5,3747","132,114,5,605"]|14:08:25:063
62|1.1|636136526921679943|0|50910.0625|13.59313599068|100.31765882395|-46653|-10213||50910.0625|147.75||14725|145.5|50910.0625|880851|AIQ3111|0|2283|-1281.25|||3|3|2|1|1|132|18|["132,18,5,3747","132,114,5,605"]|14:08:30:063
62|1.1|636136526971604935|0|50915.0390625|13.60037794418|100.31750862047|-46668|-9412||50915.0390625|147.25||14693.75|145.25|50915.0390625|880851|AIQ3111|0|2283|-787.5|||3|3|2|1|1|132|18|["132,18,5,3747","132,114,5,605"]|14:08:35:039
62|1.1|636136527021519926|0|50920.0390625|13.6076306265|100.31734768817|-46684|-8610||50920.0390625|146.75||14662.5|145|50920.0390625|880851|AIQ3111|0|2283|-631.25|||3|3|2|1|1|132|18|["132,18,5,3747","132,114,5,605"]|14:08:40:039
62|1.1|636136527071454919|0|50925.015625|13.61604202138|100.31719748469|-46699|-7679||50925.015625|146.5||14606.25|144.25|50925.015625|880851|AIQ3111|0|2283|-612.5|||3|3|2|1|1|132|18|["132,18,5,3747"]|14:08:45:016
62|1.1|636136527121359909|0|50930.015625|13.62284409326|100.31704728121|-46714|-6926||50930.015625|145.75||14587.5|143.75|50930.015625|880851|AIQ3111|0|2283|-587.5|||3|3|2|1|1|132|18|["132,18,5,3747"]|14:08:50:016
62|1.1|636136527171284901|0|50935.015625|13.63089070826|100.31687562009|-46731|-6036||50935.015625|145||14481.25|142.75|50935.015625|880851|AIQ3111|0|2283|-750|||3|3|2|1|1|132|18|["132,18,5,3747"]|14:08:55:016
62|1.1|636136527221209893|0|50940|13.63856181456|100.31670932338|-46747|-5187||50940|143.75||14406.25|141.75|50940|880851|AIQ3111|0|2283|-943.75|||3|3|2|1|1|132|18|["132,18,5,3747"]|14:09:00:000
62|1.1|636136527271124884|0|50945|13.64470942842|100.31654839108|-46763|-4507||50945|141.75||14218.75|140|50945|880851|AIQ3111|0|2283|-1356.25|||3|3|2|1|1|132|18|["132,18,5,3747"]|14:09:05:000
62|1.1|636136527321059877|0|50949.9765625|13.65155977999|100.3163981876|-46778|-3749||50949.9765625|140||13993.75|137.75|50949.9765625|880851|AIQ3111|0|2283|-1931.25|||3|3|2|1|1|132|18|["132,18,5,3747"]|14:09:09:977
62|1.1|636136527370974868|0|50954.9765625|13.65871053852|100.31626944176|-46791|-2958||50954.9765625|138.5||13812.5|136|50954.9765625|880851|AIQ3111|0|2283|-2162.5|||3|3|2|1|1|132|18|["132,18,5,3747"]|14:09:14:977
62|1.1|636136527420899860|0|50959.9765625|13.66690199259|100.31630162822|-46786|-2052||50959.9765625|137.75||13643.75|135.25|50959.9765625|880851|AIQ3111|0|2283|-1868.75|||3|3|2|1|1|132|18|["132,18,5,3747"]|14:09:19:977
62|1.1|636136527470814851|0|50964.9609375|13.67374697975|100.31898383322|-46494|-1295||50964.9609375|137||13643.75|135|50964.9609375|880851|AIQ3111|0|2283|-1675|||3|3|2|1|1|132|18|["132,18,5,3747"]|14:09:24:961
62|1.1|636136527520739843|0|50969.9609375|13.68046858548|100.32237950475|-46125|-552||50969.9609375|136.5||13606.25|134.25|50969.9609375|880851|AIQ3111|0|2283|-1337.5|||3|3|2|1|1|132|18|["132,18,5,3747"]|14:09:29:961
62|1.1|636136527573765145|0|50975.2578125|13.68784464923|100.32703581263|-45620|263||50975.2578125|136||13568.75|133.75|50975.2578125|880851|AIQ3111|0|2283|-868.75|||3|3|2|1|1|132|18|["132,18,5,3747"]|14:09:35:258
62|1.1|636136527623700138|0|50980.2578125|13.69412100893|100.33172967138|-45111|957||50980.2578125|135.75||13531.25|133.5|50980.2578125|880851|AIQ3111|0|2283|-631.25|||3|3|2|1|1|132|18|["132,18,5,3747"]|14:09:40:258
62|1.1|636136527673615129|0|50985.2421875|13.70060658062|100.33501805471|-44755|1674||50985.2421875|135.5||13525|133.25|50985.2421875|880851|AIQ3111|0|2283|-475|||3|3|2|1|1|132|18|["132,18,5,3747"]|14:09:45:242
62|1.1|636136527723540121|0|50990.2421875|13.70657716895|100.33842981947|-44384|2334||50990.2421875|135||13487.5|133|50990.2421875|880851|AIQ3111|0|2283|-450|||3|3|2|1|1|132|18|["132,18,5,3747"]|14:09:50:242
62|1.1|636136527773455112|0|50995.21875|13.71281597778|100.34199178771|-43998|3023||50995.21875|134.5||13443.75|132.5|50995.21875|880851|AIQ3111|0|2283|-475|||3|3|2|1|1|132|18|["132,18,5,3747"]|14:09:55:219
62|1.1|636136527823380104|0|51000.21875|13.71779415026|100.34465789948|-43708|3574||51000.21875|133.25||13337.5|131.5|51000.21875|880851|AIQ3111|0|2283|-768.75|||3|3|2|1|1|132|18|["132,18,5,3747"]|14:10:00:219
62|1.1|636136527873305096|0|51005.21875|13.72419389139|100.34824668977|-43319|4281||51005.21875|132.25||13231.25|130|51005.21875|880851|AIQ3111|0|2283|-1237.5|||3|3|2|1|1|132|18|["132,18,5,3747"]|14:10:05:219
62|1.1|636136527923230088|0|51010.1953125|13.72957975903|100.35139023403|-42978|4877||51010.1953125|131.5||13131.25|129.25|51010.1953125|880851|AIQ3111|0|2283|-1218.75|||3|3|2|1|1|132|18|["132,18,5,3747"]|14:10:10:195
62|1.1|636136527973145079|0|51015.1953125|13.73597413575|100.3549682955|-42590|5583||51015.1953125|130.5||13025|128.25|51015.1953125|880851|AIQ3111|0|2283|-1200|||3|3|2|1|1|132|18|["132,18,5,3747"]|14:10:15:195
62|1.1|636136528023070071|0|51020.1796875|13.74199836818|100.35850344169|-42206|6249||51020.1796875|129.5||12937.5|127.5|51020.1796875|880851|AIQ3111|0|2283|-1125|||3|3|2|1|1|132|18|["132,18,5,3747"]|14:10:20:180
62|1.1|636136528072985062|0|51025.1796875|13.74711601532|100.36152896893|-41878|6815||51025.1796875|128.5||12850|126.5|51025.1796875|880851|AIQ3111|0|2283|-1100|||3|3|2|1|1|132|18|["132,18,5,3747"]|14:10:25:180
62|1.1|636136528122910054|0|51030.1796875|13.75345138353|100.36514458127|-41486|7515||51030.1796875|127.25||12718.75|125.25|51030.1796875|880851|AIQ3111|0|2283|-1181.25|||3|3|2|1|1|132|18|["132,18,5,3747"]|14:10:30:180
62|1.1|636136528172825045|0|51035.15625|13.75898745465|100.36845442224|-41127|8127||51035.15625|126||12612.5|124.25|51035.15625|880851|AIQ3111|0|2283|-1237.5|||3|3|2|1|1|132|18|["132,18,5,3747"]|14:10:35:156
62|1.1|636136528222750037|0|51040.15625|13.76544620429|100.37219341601|-40722|8841||51040.15625|124.75||12487.5|122.75|51040.15625|880851|AIQ3111|0|2283|-1418.75|||3|3|2|1|1|132|18|["132,18,5,3747"]|14:10:40:156
62|1.1|636136528272675029|0|51045.140625|13.77158308933|100.37578757071|-40332|9519||51045.140625|123.75||12368.75|121.5|51045.140625|880851|AIQ3111|0|2283|-1475|||3|3|2|1|1|132|18|["132,18,5,3747"]|14:10:45:141
62|1.1|636136528322600021|0|51050.140625|13.77740883859|100.37930125926|-39951|10163||51050.140625|122.5||12231.25|120.5|51050.140625|880851|AIQ3111|0|2283|-1437.5|||3|3|2|1|1|132|18|["132,18,5,3747"]|14:10:50:141
62|1.1|636136528372515012|0|51055.140625|13.78283762151|100.38244480352|-39610|10763||51055.140625|121.75||12143.75|119.5|51055.140625|880851|AIQ3111|0|2283|-1375|||3|3|2|1|1|132|5|["132,18,5,3747"]|14:10:55:141
62|1.1|636136528422440004|0|51060.1171875|13.78872237928|100.38588875474|-39237|11414||51060.1171875|121.75||12031.25|118.25|51060.1171875|880851|AIQ3111|0|2283|-1375|||3|3|2|1|1|132|18|["132,18,5,3747"]|14:11:00:117
62|1.1|636136528472354995|0|51065.1171875|13.79413506897|100.38912885838|-38885|12012||51065.1171875|120||12006.25|118.25|51065.1171875|880851|AIQ3111|0|2283|-825|||3|3|2|1|1|132|18|["132,18,5,3747"]|14:11:05:117
