62|1.1|636136510301198061|0|49248.015625|15.55430527817|103.03563907424|245402|207993||49248.015625|199||19856.25|196.75|49248.015625|881226|NOK9118|0|2218|843.75|||3|3|1|1|1|132|178|["132,178,5,1770","132,146,5,1792","132,162,5"]|13:40:48:016
62|1.1|636136510351123053|0|49253.015625|15.55050191148|103.03025857101|244828|207566||49253.015625|199.75||19937.5|197.5|49253.015625|881226|NOK9118|0|2218|887.5|||3|3|1|1|1|132|178|["132,178,5,1770","132,146,5,1792","132,162,5"]|13:40:53:016
62|1.1|636136510401038044|0|49258.015625|15.54677901094|103.02487806778|244255|207148||49258.015625|200.75||20012.5|198.5|49258.015625|881226|NOK9118|0|2218|906.25|||3|3|1|1|1|132|178|["132,18,5,3756","132,178,5,1770","132,146,5,1792","132,162,5"]|13:40:58:016
62|1.1|636136510450963036|0|49263|15.54313657655|103.01945464927|243677|206739||49263|201.5||20093.75|199.5|49263|881226|NOK9118|0|2218|887.5|||3|3|1|1|1|132|178|["132,18,5,3756","132,178,5,1770","132,146,5,1792","132,162,5"]|13:41:03:000
62|1.1|636136510500888028|0|49268|15.53927956576|103.01418679865|243116|206306||49268|202.25||20175|200.25|49268|881226|NOK9118|0|2218|906.25|||3|3|1|1|1|132|178|["132,18,5,3756","132,178,5,1770","132,146,5,1792","132,162,5"]|13:41:08:000
62|1.1|636136510550813020|0|49272.9765625|15.53554057199|103.00882775306|242544|205887||49272.9765625|203||20256.25|200.75|49272.9765625|881226|NOK9118|0|2218|906.25|||3|3|1|1|1|132|178|["132,18,5,3756","132,178,5,1770","132,146,5,1792","132,162,5"]|13:41:12:977
62|1.1|636136510600748013|0|49277.9765625|15.53180157822|103.00350625834|241977|205467||49277.9765625|203.75||20337.5|201.5|49277.9765625|881226|NOK9118|0|2218|906.25|||3|3|1|1|1|132|178|["132,18,5,3756","132,178,5,1770","132,146,5,1792","132,162,5"]|13:41:17:977
62|1.1|636136510650643002|0|49282.9765625|15.52816450824|102.99805601778|241396|205059||49282.9765625|204.5||20406.25|202.5|49282.9765625|881226|NOK9118|0|2218|906.25|||3|3|1|1|1|132|162|["132,18,5,3756","132,178,5,1770","132,146,5,1792","132,162,5"]|13:41:22:977
62|1.1|636136510700567994|0|49287.9609375|15.52439332801|102.99283644685|240840|204636||49287.9609375|205.5||20500|203.25|49287.9609375|881226|NOK9118|0|2218|925|||3|3|1|1|1|132|178|["132,18,5,3756","132,178,5,1770","132,146,5,1792","132,162,5"]|13:41:27:961
62|1.1|636136510750512988|0|49292.9609375|15.52067579188|102.98752031654|240274|204218||49292.9609375|206.25||20575|204.25|49292.9609375|881226|NOK9118|0|2218|925|||3|3|1|1|1|132|178|["132,18,5,3756","132,178,5,1770","132,146,5,1792","132,162,5"]|13:41:32:961
62|1.1|636136510800407977|0|49297.9375|15.51692606929|102.98226319474|239713|203797||49297.9375|207.25||20662.5|205.25|49297.9375|881226|NOK9118|0|2218|925|||3|3|1|1|1|132|178|["132,18,5,3756","132,178,5,1770","132,146,5,1792","132,162,5"]|13:41:37:938
62|1.1|636136510850332969|0|49302.9375|15.51329436372|102.97681831859|239133|203390||49302.9375|208||20743.75|206.25|49302.9375|881226|NOK9118|0|2218|925|||3|3|1|1|1|132|162|["132,18,5,3756","132,178,5,1770","132,146,5,1792","132,162,5"]|13:41:42:938
62|1.1|636136510900277963|0|49307.9375|15.50956073436|102.9715665612|238573|202971||49307.9375|209||20837.5|206.75|49307.9375|881226|NOK9118|0|2218|943.75|||3|3|1|1|1|132|178|["132,18,5,3756","132,178,5,1770","132,146,5,1792","132,162,5"]|13:41:47:938
62|1.1|636136510950192954|0|49312.921875|15.50619188488|102.96605731213|237985|202592||49312.921875|209.75||20925|207.5|49312.921875|881226|NOK9118|0|2218|906.25|||3|3|1|1|1|132|178|["132,18,5,3756","132,178,5,1770","132,146,5,1792","132,162,5"]|13:41:52:922
62|1.1|636136511000107945|0|49317.921875|15.50250653521|102.96063389362|237407|202178||49317.921875|210||21000|208.25|49317.921875|881226|NOK9118|0|2218|806.25|||3|3|1|1|1|132|162|["132,18,5,3756","132,178,5,1770","132,146,5,1792","132,162,5"]|13:41:57:922
62|1.1|636136511050022936|0|49322.8984375|15.4985851515|102.95551088207|236861|201739||49322.8984375|210.5||21068.75|208.5|49322.8984375|881226|NOK9118|0|2218|650|||3|3|1|1|1|132|162|["132,18,5,3756","132,178,5,1770","132,146,5,1792","132,162,5"]|13:42:02:898
62|1.1|636136511099937927|0|49327.8984375|15.49486225096|102.95019475176|236295|201321||49327.8984375|211||21112.5|209.25|49327.8984375|881226|NOK9118|0|2218|587.5|||3|3|1|1|1|132|162|["132,18,5,3756","132,178,5,1770","132,146,5,1792","132,162,5"]|13:42:07:898
62|1.1|636136511149862919|0|49332.8984375|15.49106424868|102.94501809611|235743|200895||49332.8984375|211.5||21143.75|209.5|49332.8984375|881226|NOK9118|0|2218|587.5|||3|3|1|1|1|132|162|["132,18,5,3756","132,178,5,1770","132,146,5,1792","132,162,5"]|13:42:12:898
62|1.1|636136511199777910|0|49337.875|15.4872126023|102.93977170313|235184|200463||49337.875|211.75||21168.75|209.75|49337.875|881226|NOK9118|0|2218|531.25|||3|3|1|1|1|132|162|["132,18,5,3756","132,178,5,1770","132,146,5,1792","132,162,5"]|13:42:17:875
62|1.1|636136511249702902|0|49342.875|15.48329121859|102.93459504748|234632|200024||49342.875|212.25||21218.75|210.25|49342.875|881226|NOK9118|0|2218|493.75|||3|3|1|1|1|132|162|["132,18,5,3756","132,178,5,1770","132,146,5,1792","132,162,5"]|13:42:22:875
62|1.1|636136511299627894|0|49347.875|15.47968633507|102.92916090015|234052|199619||49347.875|212.75||21250|210.5|49347.875|881226|NOK9118|0|2218|512.5|||3|3|1|1|1|132|162|["132,18,5,3756","132,178,5,1770","132,146,5,1792","132,162,5"]|13:42:27:875
62|1.1|636136511349552886|0|49352.859375|15.47588296838|102.92375357487|233476|199192||49352.859375|213.25||21287.5|211.25|49352.859375|881226|NOK9118|0|2218|512.5|||3|3|1|1|1|132|162|["132,18,5,3756","132,178,5,1770","132,146,5,1792","132,162,5"]|13:42:32:859
62|1.1|636136511399467877|0|49357.859375|15.47182211001|102.91855009717|232922|198738||49357.859375|213.5||21337.5|211.5|49357.859375|881226|NOK9118|0|2218|493.75|||3|3|1|1|1|132|162|["132,18,5,3756","132,178,5,1770","132,146,5,1792","132,162,5"]|13:42:37:859
62|1.1|636136511449392869|0|49362.8359375|15.46788999748|102.91321250922|232352|198297||49362.8359375|214||21375|211.75|49362.8359375|881226|NOK9118|0|2218|493.75|||3|3|1|1|1|132|162|["132,18,5,3756","132,178,5,1770","132,146,5,1792","132,162,5"]|13:42:42:836
62|1.1|636136511499307860|0|49367.8359375|15.46389887644|102.90786419245|231782|197850||49367.8359375|214.5||21425|212.25|49367.8359375|881226|NOK9118|0|2218|493.75|||3|3|1|1|1|132|162|["132,18,5,3756","132,178,5,1770","132,146,5,1792","132,162,5"]|13:42:47:836
62|1.1|636136511549232852|0|49372.8203125|15.45991311981|102.90244613835|231205|197403||49372.8203125|215||21468.75|212.75|49372.8203125|881226|NOK9118|0|2218|512.5|||3|3|1|1|1|132|162|["132,18,5,3756","132,178,5,1770","132,146,5,1792","132,162,5"]|13:42:52:820
62|1.1|636136511599167845|0|49377.8203125|15.45602392256|102.89695298251|230619|196967||49377.8203125|215.25||21512.5|213.25|49377.8203125|881226|NOK9118|0|2218|493.75|||3|3|1|1|1|132|162|["132,18,5,3756","132,178,5,1770","132,146,5,1792","132,162,5"]|13:42:57:820
62|1.1|636136511649082836|0|49382.8203125|15.45204889475|102.89137936052|230025|196521||49382.8203125|215.75||21562.5|213.5|49382.8203125|881226|NOK9118|0|2218|493.75|||3|3|1|1|1|132|162|["132,18,5,3756","132,178,5,1770","132,146,5,1792","132,162,5"]|13:43:02:820
62|1.1|636136511698997827|0|49387.796875|15.44797730756|102.88598276406|229450|196065||49387.796875|216||21606.25|214.25|49387.796875|881226|NOK9118|0|2218|475|||3|3|1|1|1|132|162|["132,18,5,3756","132,178,5,1770","132,146,5,1792","132,162,5"]|13:43:07:797
62|1.1|636136511748922819|0|49392.796875|15.44403983062|102.88034476915|228848|195623||49392.796875|216.5||21643.75|214.25|49392.796875|881226|NOK9118|0|2218|475|||3|3|1|1|1|132|162|["132,18,5,3756","132,178,5,1770","132,146,5,1792","132,162,5"]|13:43:12:797
62|1.1|636136511798847811|0|49397.78125|15.4401667266|102.87471750306|228248|195189||49397.78125|217||21687.5|214.75|49397.78125|881226|NOK9118|0|2218|493.75|||3|3|1|1|1|132|162|["132,18,5,3756","132,178,5,1770","132,146,5,1792","132,162,5"]|13:43:17:781
62|1.1|636136511848772803|0|49402.78125|15.43618633438|102.86907950815|227647|194742||49402.78125|217.5||21725|215.25|49402.78125|881226|NOK9118|0|2218|512.5|||3|3|1|1|1|132|162|["132,18,5,3756","132,178,5,1770","132,146,5,1792","132,162,5"]|13:43:22:781
62|1.1|636136511898687794|0|49407.78125|15.43232395918|102.86338250473|227039|194309||49407.78125|217.75||21768.75|215.75|49407.78125|881226|NOK9118|0|2218|493.75|||3|3|1|1|1|132|162|["132,18,5,3756","132,178,5,1770","132,146,5,1792","132,162,5"]|13:43:27:781
62|1.1|636136511948612786|0|49412.7578125|15.42847767721|102.85770159454|226433|193878||49412.7578125|218.25||21806.25|216.25|49412.7578125|881226|NOK9118|0|2218|493.75|||3|3|1|1|1|132|162|["132,18,5,3756","132,178,5,1770","132,146,5,1792","132,162,5"]|13:43:32:758
62|1.1|636136511998527777|0|49417.7578125|15.42462066642|102.85188120969|225812|193445||49417.7578125|218.75||21850|216.5|49417.7578125|881226|NOK9118|0|2218|0|||3|3|0|1|1|132|162|["132,18,5,3756","132,178,5,1770","132,146,5,1792","132,162,5"]|13:43:37:758
62|1.1|636136512048452769|0|49422.7421875|15.42046861308|102.84637196062|225224|192980||49422.7421875|219.25||21893.75|216.75|49422.7421875|881226|NOK9118|0|2218|0|||3|3|0|1|1|132|162|["132,18,5,3756","132,178,5,1770","132,146,5,1792","132,162,5"]|13:43:42:742
62|1.1|636136512098387762|0|49427.7421875|15.41639166148|102.84068568602|224618|192523||49427.7421875|219.5||21937.5|217.25|49427.7421875|881226|NOK9118|0|2218|0|||3|3|0|1|1|132|162|["132,18,5,3756","132,178,5,1770","132,146,5,1792","132,162,5"]|13:43:47:742
62|1.1|636136512148292752|0|49432.7421875|15.41264193889|102.83483847912|223994|192102||49432.7421875|219.5||21968.75|217.25|49432.7421875|881226|NOK9118|0|2218|0|||3|3|0|1|1|132|162|["132,18,5,3756","132,178,5,1770","132,146,5,1792","132,162,5"]|13:43:52:742
62|1.1|636136512198237746|0|49437.71875|15.40852207201|102.82915220452|223387|191640||49437.71875|219.75||21981.25|217.5|49437.71875|881226|NOK9118|0|2218|0|||3|3|0|1|1|132|162|["132,18,5,3756","132,178,5,1770","132,146,5,1792","132,162,5"]|13:43:57:719
62|1.1|636136512248142736|0|49442.71875|15.40444512041|102.82346056551|222780|191183||49442.71875|219.75||22000|217.5|49442.71875|881226|NOK9118|0|2218|0|||3|3|0|1|1|132|162|["132,18,5,3756","132,178,5,1770","132,146,5,1792","132,162,5"]|13:44:02:719
62|1.1|636136512298057727|0|49447.6953125|15.40036816881|102.81770455358|222166|190726||49447.6953125|219.75||21993.75|217.5|49447.6953125|881226|NOK9118|0|2218|0|||3|3|0|1|1|132|162|["132,18,5,3756","132,178,5,1770","132,146,5,1792","132,162,5"]|13:44:07:695
62|1.1|636136512347992720|0|49452.6953125|15.39637168336|102.81185734668|221542|190278||49452.6953125|220||21993.75|217.75|49452.6953125|881226|NOK9118|0|2218|0|||3|3|0|1|1|132|162|["132,18,5,3756","132,178,5,1770","132,146,5,1792","132,162,5"]|13:44:12:695
62|1.1|636136512397907711|0|49457.6953125|15.3921552571|102.8060745127|220925|189806||49457.6953125|220||21993.75|217.75|49457.6953125|881226|NOK9118|0|2218|0|||3|3|0|1|1|132|162|["132,18,5,3756","132,178,5,1770","132,146,5,1792","132,162,5"]|13:44:17:695
62|1.1|636136512447822702|0|49462.6796875|15.38796565289|102.80030240754|220309|189336||49462.6796875|220||22000|217.75|49462.6796875|881226|NOK9118|0|2218|0|||3|3|0|1|1|132|162|["132,18,5,3756","132,178,5,1770","132,146,5,1792","132,162,5"]|13:44:22:680
62|1.1|636136512497747694|0|49467.6796875|15.38401744713|102.7941655225|219654|188893||49467.6796875|220||21993.75|217.75|49467.6796875|881226|NOK9118|0|2218|0|||3|3|0|1|1|132|162|["132,18,5,3756","132,178,5,1770","132,146,5,1792","132,162,5"]|13:44:27:680
62|1.1|636136512547672686|0|49472.65625|15.38004778373|102.78816811212|219014|188448||49472.65625|220||21993.75|217.75|49472.65625|881226|NOK9118|0|2218|0|||3|3|0|1|1|132|162|["132,18,5,3756","132,178,5,1770","132,146,5,1792","132,162,5"]|13:44:32:656
62|1.1|636136512597587677|0|49477.65625|15.37571870486|102.78239064255|218398|187963||49477.65625|220||21987.5|217.75|49477.65625|881226|NOK9118|0|2218|0|||3|3|0|1|1|132|162|["132,18,5,3756","132,178,5,1770","132,146,5,1792","132,162,5"]|13:44:37:656
62|1.1|636136512647512669|0|49482.65625|15.37144327009|102.77636104571|217754|187484||49482.65625|220||21981.25|217.75|49482.65625|881226|NOK9118|0|2218|0|||3|3|0|1|1|132|162|["132,18,5,3756","132,178,5,1770","132,146,5,1792","132,162,5"]|13:44:42:656
62|1.1|636136512697447662|0|49487.640625|15.36718392855|102.77042264384|217121|187007||49487.640625|220||21975|217.75|49487.640625|881226|NOK9118|0|2218|0|||3|3|0|1|1|132|162|["132,18,5,3756","132,178,5,1770","132,146,5,1792","132,162,5"]|13:44:47:641
62|1.1|636136512747352652|0|49492.640625|15.36286021409|102.76431794526|216469|186523||49492.640625|220||21975|217.75|49492.640625|881226|NOK9118|0|2218|0|||3|3|0|1|1|132|162|["132,18,5,3756","132,178,5,1770","132,146,5,1792","132,162,5"]|13:44:52:641
62|1.1|636136512797277644|0|49497.6171875|15.35871888957|102.75819715345|215816|186058||49497.6171875|220||21968.75|217.75|49497.6171875|881226|NOK9118|0|2218|0|||3|3|0|1|1|132|162|["132,18,5,3756","132,178,5,1770","132,146,5,1792","132,162,5"]|13:44:57:617
62|1.1|636136512847222638|0|49502.6171875|15.35425033604|102.75215682779|215171|185558||49502.6171875|220||21968.75|217.75|49502.6171875|881226|NOK9118|0|2218|0|||3|3|0|1|1|132|162|["132,18,5,3756","132,178,5,1770","132,146,5,1792","132,162,5"]|13:45:02:617
62|1.1|636136512897137629|0|49507.6171875|15.34964767226|102.74625597679|214541|185043||49507.6171875|220||21968.75|218|49507.6171875|881226|NOK9118|0|2218|0|||3|3|0|1|1|132|162|["132,18,5,3756","132,178,5,1770","132,146,5,1792","132,162,5"]|13:45:07:617
62|1.1|636136512947052620|0|49512.6015625|15.34511474581|102.74023710877|213899|184536||49512.6015625|220||21975|218|49512.6015625|881226|NOK9118|0|2218|0|||3|3|0|1|1|132|162|["132,18,5,3756","132,178,5,1770","132,146,5,1792","132,162,5"]|13:45:12:602
62|1.1|636136512996967611|0|49517.6015625|15.34067301433|102.73416996106|213252|184038||49517.6015625|220||21968.75|218|49517.6015625|881226|NOK9118|0|2218|0|||3|3|0|1|1|132|162|["132,18,5,3756","132,178,5,1770","132,146,5,1792","132,162,5"]|13:45:17:602
62|1.1|636136513046912605|0|49522.578125|15.33648877453|102.72782386403|212574|183569||49522.578125|220||21975|218|49522.578125|881226|NOK9118|0|2218|0|||3|3|0|1|1|132|162|["132,18,5,3756","132,178,5,1770","132,146,5,1792","132,162,5"]|13:45:22:578
62|1.1|636136513096827596|0|49527.578125|15.33197730572|102.72174062309|211925|183064||49527.578125|220||21968.75|218|49527.578125|881226|NOK9118|0|2218|0|||3|3|0|1|1|132|162|["132,18,5,3756","132,178,5,1770","132,146,5,1792","132,162,5"]|13:45:27:578
62|1.1|636136513146732586|0|49532.578125|15.32758385393|102.71549644985|211258|182572||49532.578125|220||21968.75|218|49532.578125|881226|NOK9118|0|2218|0|||3|3|0|1|1|132|162|["132,18,5,3756","132,178,5,1770","132,146,5,1792","132,162,5"]|13:45:32:578
62|1.1|636136513196657578|0|49537.5625|15.32340497854|102.70917181046|210583|182103||49537.5625|220||21962.5|218|49537.5625|881226|NOK9118|0|2218|0|||3|3|0|1|1|132|162|["132,18,5,3756","132,178,5,1770","132,146,5,1792","132,162,5"]|13:45:37:563
62|1.1|636136513246592571|0|49542.5625|15.31857700954|102.7030778407|209933|181563||49542.5625|220||21962.5|218|49542.5625|881226|NOK9118|0|2218|0|||3|3|0|1|1|132|162|["132,18,5,3756","132,178,5,1770","132,146,5,1792","132,162,5"]|13:45:42:563
62|1.1|636136513296497561|0|49547.5390625|15.31440886297|102.69666200634|209247|181096||49547.5390625|220||21962.5|218|49547.5390625|881226|NOK9118|0|2218|0|||3|3|0|1|1|132|162|["132,18,5,3756","132,178,5,1770","132,146,5,1792","132,162,5"]|13:45:47:539
62|1.1|636136513346432554|0|49552.5390625|15.30940923285|102.69069141801|208610|180537||49552.5390625|220||21962.5|218|49552.5390625|881226|NOK9118|0|2218|0|||3|3|0|1|1|132|162|["132,18,5,3756","132,178,5,1770","132,146,5,1792","132,162,5"]|13:45:52:539
62|1.1|636136513396337544|0|49557.5390625|15.30540201858|102.68409855812|207906|180087||49557.5390625|220||21956.25|218|49557.5390625|881226|NOK9118|0|2218|0|||3|3|0|1|1|132|162|["132,18,5,3756","132,178,5,1770","132,146,5,1792","132,162,5"]|13:45:57:539
62|1.1|636136513446272537|0|49562.515625|15.30121241437|102.67775246109|207228|179618||49562.515625|220||21956.25|218|49562.515625|881226|NOK9118|0|2218|0|||3|3|0|1|1|132|162|["132,18,5,3756","132,178,5,1770","132,146,5,1792","132,162,5"]|13:46:02:516
62|1.1|636136513496177527|0|49567.515625|15.29666339469|102.67149219462|206559|179109||49567.515625|220||21956.25|218|49567.515625|881226|NOK9118|0|2218|0|||3|3|0|1|1|132|162|["132,18,5,3756","132,178,5,1770","132,146,5,1792","132,162,5"]|13:46:07:516
62|1.1|636136513546102519|0|49572.5|15.29195344271|102.66544650455|205914|178582||49572.5|220||21956.25|218|49572.5|881226|NOK9118|0|2218|0|||3|3|0|1|1|132|162|["132,18,5,3756","132,178,5,1770","132,146,5,1792","132,162,5"]|13:46:12:500
62|1.1|636136513596017510|0|49577.5|15.2873883298|102.65913259398|205240|178071||49577.5|220||21956.25|218|49577.5|881226|NOK9118|0|2218|0|||3|3|0|1|1|132|162|["132,18,5,3756","132,178,5,1770","132,146,5,1792","132,162,5"]|13:46:17:500
62|1.1|636136513645942502|0|49582.5|15.28263546254|102.65293133602|204578|177539||49582.5|220||21956.25|218|49582.5|881226|NOK9118|0|2218|0|||3|3|0|1|1|132|162|["132,18,5,3756","132,178,5,1770","132,146,5,1792","132,162,5"]|13:46:22:500
62|1.1|636136513695867494|0|49587.4765625|15.27828492603|102.64657987458|203900|177052||49587.4765625|220||21950|218|49587.4765625|881226|NOK9118|0|2218|0|||3|3|0|1|1|132|162|["132,18,5,3756","132,178,5,1770","132,146,5,1792","132,114,4","132,162,5"]|13:46:27:477
62|1.1|636136513745792486|0|49592.4765625|15.27375736399|102.64031960811|203231|176545||49592.4765625|219.75||21950|218|49592.4765625|881226|NOK9118|0|2218|0|||3|3|0|1|1|132|162|["132,18,5,3756","132,178,5,1770","132,146,5,1792","132,114,4","132,162,5"]|13:46:32:477
62|1.1|636136513795717478|0|49597.4609375|15.26954093773|102.6338769517|202543|176073||49597.4609375|220||21937.5|218|49597.4609375|881226|NOK9118|0|2218|0|||3|3|0|1|1|132|162|["132,18,5,3756","132,178,5,1770","132,146,5,1792","132,114,4","132,162,5"]|13:46:37:461
62|1.1|636136513845632469|0|49602.4609375|15.26516894358|102.62757376995|201869|175583||49602.4609375|220||21937.5|218|49602.4609375|881226|NOK9118|0|2218|0|||3|3|0|1|1|132|162|["132,18,5,3756","132,178,5,1770","132,146,5,1792","132,114,4","132,162,5"]|13:46:42:461
62|1.1|636136513895557461|0|49607.4609375|15.26084522912|102.62113111354|201181|175099||49607.4609375|220||21943.75|218|49607.4609375|881226|NOK9118|0|2218|0|||3|3|0|1|1|132|162|["132,18,5,3756","132,114,5,530","132,178,5,1770","132,146,5,1792","132,162,5"]|13:46:47:461
62|1.1|636136513945492454|0|49612.4375|15.25641422646|102.61473673682|200498|174603||49612.4375|220||21950|218|49612.4375|881226|NOK9118|0|2218|0|||3|3|0|1|1|132|146|["132,18,5,3756","132,114,5,530","132,178,5,1770","132,146,5,1792","132,162,5"]|13:46:52:438
62|1.1|636136513995397444|0|49617.4375|15.25174182535|102.60830480923|199811|174080||49617.4375|220||21950|218|49617.4375|881226|NOK9118|0|2218|0|||3|3|0|1|1|132|146|["132,18,5,3756","132,114,5,530","132,178,5,1770","132,146,5,1792","132,162,5"]|13:46:57:438
62|1.1|636136514045322436|0|49622.421875|15.24731082269|102.60188361046|199125|173584||49622.421875|220||21950|218|49622.421875|881226|NOK9118|0|2218|0|||3|3|0|1|1|132|162|["132,18,5,3756","132,114,5,530","132,178,5,1770","132,146,5,1792","132,162,5"]|13:47:02:422
62|1.1|636136514095237427|0|49627.421875|15.24263842158|102.59561797958|198456|173061||49627.421875|220||21950|218|49627.421875|881226|NOK9118|0|2218|0|||3|3|0|1|1|132|146|["132,18,5,3756","132,114,5,530","132,178,5,1770","132,146,5,1792","132,162,5"]|13:47:07:422
62|1.1|636136514145162419|0|49632.421875|15.23781045258|102.58917532317|197767|172521||49632.421875|220||21962.5|218|49632.421875|881226|NOK9118|0|2218|0|||3|3|0|1|1|132|146|["132,18,5,3756","132,114,5,530","132,178,5,1770","132,146,5,1792","132,162,5"]|13:47:12:422
62|1.1|636136514195087411|0|49637.3984375|15.23317560234|102.58278094645|197084|172003||49637.3984375|220||21956.25|218|49637.3984375|881226|NOK9118|0|2218|0|||3|3|0|1|1|132|146|["132,18,5,3756","132,114,5,530","132,178,5,1770","132,146,5,1792","132,162,5"]|13:47:17:398
62|1.1|636136514245022404|0|49642.3984375|15.22871241322|102.57635974768|196398|171503||49642.3984375|220||21950|218|49642.3984375|881226|NOK9118|0|2218|0|||3|3|0|1|1|132|146|["132,18,5,3756","132,114,5,530","132,178,5,1770","132,146,5,1792","132,162,5"]|13:47:22:398
62|1.1|636136514294907392|0|49647.375|15.22407219857|102.57007802357|195727|170984||49647.375|220||21943.75|218|49647.375|881226|NOK9118|0|2218|0|||3|3|0|1|1|132|146|["132,18,5,3756","132,114,5,530","132,178,5,1770","132,146,5,1792","132,162,5"]|13:47:27:375
62|1.1|636136514344832384|0|49652.375|15.21951245007|102.56379629946|195056|170474||49652.375|220||21943.75|218|49652.375|881226|NOK9118|0|2218|0|||3|3|0|1|1|132|146|["132,18,5,3756","132,114,5,530","132,178,5,1770","132,146,5,1792","132,162,5"]|13:47:32:375
62|1.1|636136514394757376|0|49657.375|15.21487223542|102.55741265156|194374|169955||49657.375|220||21937.5|218|49657.375|881226|NOK9118|0|2218|0|||3|3|0|1|1|132|146|["132,18,5,3756","132,114,5,530","132,178,5,1770","132,146,5,1792","132,162,5"]|13:47:37:375
62|1.1|636136514444682368|0|49662.359375|15.21037685984|102.55093780869|193682|169452||49662.359375|220||21937.5|218|49662.359375|881226|NOK9118|0|2218|0|||3|3|0|1|1|132|146|["132,18,5,3756","132,114,5,530","132,178,5,1770","132,146,5,1792","132,162,5"]|13:47:42:359
62|1.1|636136514494607360|0|49667.359375|15.205956586|102.54437177085|192980|168957||49667.359375|220||21943.75|218|49667.359375|881226|NOK9118|0|2218|0|||3|3|0|1|1|132|146|["132,18,5,3756","132,114,5,530","132,178,5,1770","132,146,5,1792","132,162,5"]|13:47:47:359
62|1.1|636136514544522351|0|49672.3359375|15.20147193924|102.53796666531|192295|168455||49672.3359375|220||21943.75|218|49672.3359375|881226|NOK9118|0|2218|0|||3|3|0|1|1|132|146|["132,18,5,3756","132,114,5,530","132,178,5,1770","132,146,5,1792","132,162,5"]|13:47:52:336
62|1.1|636136514594307329|0|49677.3359375|15.19699265689|102.53147572921|191602|167954||49677.3359375|220||21950|218|49677.3359375|881226|NOK9118|0|2218|0|||3|3|0|1|1|132|146|["132,18,5,3756","132,114,5,530","132,178,5,1770","132,146,5,1792","132,162,5"]|13:47:57:336
62|1.1|636136514644232321|0|49682.3359375|15.19244363721|102.52509208131|190919|167445||49682.3359375|219.75||21931.25|218|49682.3359375|881226|NOK9118|0|2218|0|||3|3|0|1|1|132|146|["132,18,5,3756","132,114,5,530","132,178,5,1770","132,146,5,1792","132,162,5"]|13:48:02:336
62|1.1|636136514694287326|0|49687.3203125|15.18779269374|102.51867088254|190233|166925||49687.3203125|220||21943.75|218|49687.3203125|881226|NOK9118|0|2218|0|||3|3|0|1|1|132|146|["132,18,5,3756","132,114,5,530","132,178,5,1770","132,146,5,1792","132,162,5"]|13:48:07:320
62|1.1|636136514744072304|0|49692.3203125|15.18312029263|102.51196537004|189516|166402||49692.3203125|220||21962.5|218|49692.3203125|881226|NOK9118|0|2218|0|||3|3|0|1|1|132|146|["132,18,5,3756","132,114,5,530","132,178,5,1770","132,146,5,1792","132,162,5"]|13:48:12:320
62|1.1|636136514793987295|0|49697.296875|15.17851762885|102.5056139086|188837|165888||49697.296875|220||21956.25|218|49697.296875|881226|NOK9118|0|2218|0|||3|3|0|1|1|132|146|["132,18,5,3756","132,114,5,530","132,178,5,1770","132,146,5,1792","132,162,5"]|13:48:17:297
62|1.1|636136514843912287|0|49702.296875|15.17404907532|102.49909615045|188140|165388||49702.296875|220||21956.25|218|49702.296875|881226|NOK9118|0|2218|0|||3|3|0|1|1|132|146|["132,18,5,3756","132,114,5,530","132,178,5,1770","132,146,5,1792","132,162,5"]|13:48:22:297
62|1.1|636136514893847280|0|49707.296875|15.16937667421|102.49262667199|187449|164865||49707.296875|220||21956.25|218|49707.296875|881226|NOK9118|0|2218|0|||3|3|0|1|1|132|146|["132,18,5,3756","132,114,5,530","132,178,5,1770","132,146,5,1792","132,162,5"]|13:48:27:297
62|1.1|636136514943762271|0|49712.28125|15.16495640037|102.48611964266|186753|164371||49712.28125|220||21943.75|218|49712.28125|881226|NOK9118|0|2218|0|||3|3|0|1|1|132|18|["132,18,5,3756","132,114,5,530","132,178,5,1770","132,146,5,1792","132,162,5"]|13:48:32:281
62|1.1|636136514993677262|0|49717.28125|15.16040201628|102.47942485898|186037|163861||49717.28125|220||21968.75|218|49717.28125|881226|NOK9118|0|2218|0|||3|3|0|1|1|132|146|["132,18,5,3756","132,114,5,530","132,178,5,1770","132,146,5,1792","132,162,5"]|13:48:37:281
62|1.1|636136515043602254|0|49722.2578125|15.15589591188|102.47296610934|185346|163357||49722.2578125|220||21962.5|218|49722.2578125|881226|NOK9118|0|2218|0|||3|3|0|1|1|132|146|["132,18,5,3756","132,114,5,530","132,178,5,1770","132,146,5,1792","132,162,5"]|13:48:42:258
62|1.1|636136515093517245|0|49727.2578125|15.15094992586|102.46649663088|184655|162804||49727.2578125|220||21962.5|218|49727.2578125|881226|NOK9118|0|2218|0|||3|3|0|1|1|132|146|["132,18,5,3756","132,114,5,530","132,178,5,1770","132,146,5,1792","132,162,5"]|13:48:47:258
62|1.1|636136515143442237|0|49732.2578125|15.14635262649|102.45981794043|183940|162290||49732.2578125|220||21968.75|218|49732.2578125|881226|NOK9118|0|2218|0|||3|3|0|1|1|132|146|["132,18,5,3756","132,114,5,530","132,178,5,1770","132,146,5,1792","132,162,5"]|13:48:52:258
62|1.1|636136515193357228|0|49737.2421875|15.14173386948|102.45326799582|183240|161774||49737.2421875|220||21975|218|49737.2421875|881226|NOK9118|0|2218|0|||3|3|0|1|1|132|146|["132,18,5,3756","132,114,5,530","132,178,5,1770","132,146,5,1792","132,162,5"]|13:48:57:242
62|1.1|636136515243292221|0|49742.2421875|15.13710438365|102.44672878003|182541|161256||49742.2421875|220||21975|218|49742.2421875|881226|NOK9118|0|2218|0|||3|3|0|1|1|132|146|["132,18,5,3756","132,114,5,530","132,178,5,1770","132,146,5,1792","132,162,5"]|13:49:02:242
62|1.1|636136515293227214|0|49747.21875|15.13244807577|102.44040414064|181865|160735||49747.21875|219.75||21956.25|218|49747.21875|881226|NOK9118|0|2218|0|||3|3|0|1|1|132|146|["132,18,5,3756","132,114,5,530","132,178,5,1770","132,146,5,1792","132,162,5"]|13:49:07:219
62|1.1|636136515343122203|0|49752.21875|15.1275289118|102.43424579796|181206|160186||49752.21875|220||21943.75|218|49752.21875|881226|NOK9118|0|2218|0|||3|3|0|1|1|132|146|["132,18,5,3756","132,114,5,530","132,178,5,1770","132,146,5,1792","132,162,5"]|13:49:12:219
62|1.1|636136515393047195|0|49757.21875|15.1226472987|102.42787824329|180526|159641||49757.21875|219.75||21925|218|49757.21875|881226|NOK9118|0|2218|0|||3|3|0|1|1|132|146|["132,18,5,3756","132,114,5,530","132,178,5,1770","132,146,5,1792","132,162,5"]|13:49:17:219
62|1.1|636136515442972187|0|49762.1953125|15.11793734672|102.42151068862|179845|159115||49762.1953125|219.75||21912.5|218|49762.1953125|881226|NOK9118|0|2218|0|||3|3|0|1|1|132|146|["132,18,5,3756","132,114,5,530","132,178,5,1770","132,146,5,1792","132,162,5"]|13:49:22:195
62|1.1|636136515492887178|0|49767.1953125|15.11332395412|102.41491246432|179139|158599||49767.1953125|219.75||21906.25|218|49767.1953125|881226|NOK9118|0|2218|0|||3|3|0|1|1|132|146|["132,18,5,3756","132,114,5,530","132,178,5,1770","132,146,5,1792","132,162,5"]|13:49:27:195
62|1.1|636136515542812170|0|49772.1796875|15.10877493444|102.40837861294|178440|158090||49772.1796875|219.75||21925|218|49772.1796875|881226|NOK9118|0|2218|0|||3|3|0|1|1|132|146|["132,18,5,3756","132,114,5,530","132,178,5,1770","132,146,5,1792","132,162,5"]|13:49:32:180
62|1.1|636136515592737162|0|49777.1796875|15.10411326215|102.4017052869|177726|157569||49777.1796875|220||21931.25|218|49777.1796875|881226|NOK9118|0|2218|0|||3|3|0|1|1|132|146|["132,18,5,3756","132,114,5,530","132,178,5,1770","132,146,5,1792","132,162,5"]|13:49:37:180
62|1.1|636136515642682156|0|49782.1796875|15.09937648812|102.39523044403|177034|157040||49782.1796875|220||21943.75|218|49782.1796875|881226|NOK9118|0|2218|0|||3|3|0|1|1|132|146|["132,18,5,3756","132,114,5,530","132,178,5,1770","132,146,5,1792","132,162,5"]|13:49:42:180
62|1.1|636136515692577145|0|49787.15625|15.09475773111|102.38873414352|176339|156524||49787.15625|220||21943.75|218|49787.15625|881226|NOK9118|0|2218|0|||3|3|0|1|1|132|146|["132,18,5,3756","132,114,5,530","132,178,5,1770","132,146,5,1792","132,162,5"]|13:49:47:156
62|1.1|636136515742522139|0|49792.15625|15.08974200776|102.38241486854|175663|155964||49792.15625|220||21943.75|218|49792.15625|881226|NOK9118|0|2218|0|||3|3|0|1|1|132|146|["132,18,5,3756","132,114,5,530","132,178,5,1770","132,146,5,1792","132,162,5"]|13:49:52:156
62|1.1|636136515792427129|0|49797.140625|15.08510715752|102.37588638157|174965|155446||49797.140625|220||21943.75|218|49797.140625|881226|NOK9118|0|2218|0|||3|3|0|1|1|132|146|["132,18,5,3756","132,114,5,530","132,178,5,1770","132,146,5,1792","132,162,5"]|13:49:57:141
62|1.1|636136515842352121|0|49802.140625|15.08053131579|102.36922914876|174252|154934||49802.140625|220||21943.75|218|49802.140625|881226|NOK9118|0|2218|0|||3|3|0|1|1|132|146|["132,18,5,3756","132,114,5,530","132,178,5,1770","132,146,5,1792","132,162,5"]|13:50:02:141
62|1.1|636136515892287114|0|49807.140625|15.07621296574|102.36263628887|173547|154451||49807.140625|220||21937.5|218|49807.140625|881226|NOK9118|0|2218|0|||3|3|0|1|1|132|146|["132,18,5,3756","132,114,5,530","132,178,5,1770","132,146,5,1792","132,162,5"]|13:50:07:141
62|1.1|636136515942192104|0|49812.1171875|15.07180342072|102.3560541578|172842|153958||49812.1171875|220||21937.5|218|49812.1171875|881226|NOK9118|0|2218|0|||3|3|0|1|1|132|146|["132,18,5,3756","132,114,5,530","132,178,5,1770","132,146,5,1792","132,162,5"]|13:50:12:117
62|1.1|636136515992127097|0|49817.1171875|15.06721685017|102.34952030642|172143|153446||49817.1171875|220||21943.75|218|49817.1171875|881226|NOK9118|0|2218|0|||3|3|0|1|1|132|146|["132,18,5,3756","132,114,5,530","132,178,5,1770","132,146,5,1792","132,162,5"]|13:50:17:117
62|1.1|636136516042032087|0|49822.1015625|15.06274293223|102.34287916684|171432|152946||49822.1015625|220||21943.75|218|49822.1015625|881226|NOK9118|0|2218|0|||3|3|0|1|1|132|146|["132,18,5,3756","132,114,5,530","132,178,5,1770","132,146,5,1792","132,162,5"]|13:50:22:102
62|1.1|636136516091967080|0|49827.1015625|15.05823682783|102.33637213751|170736|152442||49827.1015625|220||21943.75|218|49827.1015625|881226|NOK9118|0|2218|0|||3|3|0|1|1|132|146|["132,18,5,3756","132,114,5,530","132,178,5,1770","132,146,5,1792","132,162,5"]|13:50:27:102
62|1.1|636136516141872070|0|49832.1015625|15.0538219184|102.32979537085|170032|151949||49832.1015625|220||21943.75|218|49832.1015625|881226|NOK9118|0|2218|0|||3|3|0|1|1|132|146|["132,18,5,3756","132,114,5,530","132,178,5,1770","132,146,5,1792","132,162,5"]|13:50:32:102
62|1.1|636136516191817064|0|49837.078125|15.0494231022|102.32332052798|169339|151457||49837.078125|220||21943.75|218|49837.078125|881226|NOK9118|0|2218|0|||3|3|0|1|1|132|146|["132,18,5,3756","132,114,5,530","132,178,5,1770","132,146,5,1792","132,162,5"]|13:50:37:078
62|1.1|636136516241722054|0|49842.078125|15.04489554016|102.31676521896|168637|150951||49842.078125|220||21950|218|49842.078125|881226|NOK9118|0|2218|0|||3|3|0|1|1|132|146|["132,18,5,3756","132,114,5,530","132,178,5,1770","132,146,5,1792","132,162,5"]|13:50:42:078
62|1.1|636136516291637045|0|49847.0625|15.04024459669|102.31031719814|167947|150432||49847.0625|219.75||21956.25|218|49847.0625|881226|NOK9118|0|2218|0|||3|3|0|1|1|132|146|["132,18,5,3756","132,114,5,530","132,178,5,1770","132,146,5,1792","132,162,5"]|13:50:47:063
62|1.1|636136516341562037|0|49852.0625|15.03544344974|102.30397646552|167269|149896||49852.0625|219.75||21943.75|218|49852.0625|881226|NOK9118|0|2218|0|||3|3|0|1|1|132|146|["132,18,5,3756","132,114,5,530","132,178,5,1770","132,146,5,1792","132,162,5"]|13:50:52:063
62|1.1|636136516391477028|0|49857.0625|15.03061011633|102.297689377|166596|149356||49857.0625|220||21950|218|49857.0625|881226|NOK9118|0|2218|0|||3|3|0|1|1|132|146|["132,18,5,3756","132,114,5,530","132,178,5,1770","132,146,5,1792","132,162,5"]|13:50:57:063
62|1.1|636136516441402020|0|49862.0390625|15.02605036783|102.29117698326|165899|148847||49862.0390625|220||21962.5|218|49862.0390625|881226|NOK9118|0|2218|0|||3|3|0|1|1|132|146|["132,18,5,3756","132,114,5,530","132,178,5,1770","132,146,5,1792","132,162,5"]|13:51:02:039
62|1.1|636136516491327012|0|49867.0390625|15.02124922088|102.284814793|165218|148311||49867.0390625|220||21962.5|218|49867.0390625|881226|NOK9118|0|2218|0|||3|3|0|1|1|132|146|["132,18,5,3756","132,114,5,530","132,178,5,1770","132,146,5,1792","132,162,5"]|13:51:07:039
62|1.1|636136516541242003|0|49872.015625|15.01656609095|102.27840432305|164532|147788||49872.015625|219.75||21950|218|49872.015625|881226|NOK9118|0|2218|0|||3|3|0|1|1|132|146|["132,18,5,3756","132,114,5,530","132,178,5,1770","132,146,5,1792","132,162,5"]|13:51:12:016
62|1.1|636136516591166995|0|49877.015625|15.01202243568|102.27202603956|163849|147281||49877.015625|219.75||21937.5|218|49877.015625|881226|NOK9118|0|2218|0|||3|3|0|1|1|132|146|["132,18,5,3756","132,114,5,530","132,178,5,1770","132,146,5,1792","132,162,5"]|13:51:17:016
62|1.1|636136516641091987|0|49882.015625|15.00723738196|102.26559947638|163161|146746||49882.015625|219.75||21925|218|49882.015625|881226|NOK9118|0|2218|0|||3|3|0|1|1|132|146|["132,18,5,3756","132,114,5,530","132,178,5,1770","132,146,5,1792","132,162,5"]|13:51:22:016
62|1.1|636136516691016979|0|49887|15.0023772265|102.25920509966|162477|146204||49887|220||21931.25|218|49887|881226|NOK9118|0|2218|0|||3|3|0|1|1|132|146|["132,18,5,3756","132,114,5,530","132,178,5,1770","132,146,5,1792","132,162,5"]|13:51:27:000
62|1.1|636136516740941971|0|49892|14.99808033409|102.25270879915|161781|145724||49892|219.75||21931.25|218|49892|881226|NOK9118|0|2218|0|||3|3|0|1|1|132|146|["132,18,5,3756","132,114,5,530","132,178,5,1770","132,146,5,1792","132,162,5"]|13:51:32:000
62|1.1|636136516790846961|0|49896.9765625|14.99354204323|102.24643243945|161109|145217||49896.9765625|220||21925|218|49896.9765625|881226|NOK9118|0|2218|0|||3|3|0|1|1|132|146|["132,18,5,3756","132,114,5,530","132,178,5,1770","132,146,5,1792","132,162,5"]|13:51:36:977
62|1.1|636136516840771953|0|49901.9765625|14.98884818448|102.2399683254|160417|144693||49901.9765625|220||21937.5|218|49901.9765625|881226|NOK9118|0|2218|0|||3|3|0|1|1|132|146|["132,18,5,3756","132,114,5,530","132,178,5,1770","132,146,5,1792","132,162,5"]|13:51:41:977
62|1.1|636136516890706946|0|49906.9765625|14.9842455207|102.23344520284|159718|144179||49906.9765625|220||21943.75|218|49906.9765625|881226|NOK9118|0|2218|0|||3|3|0|1|1|132|146|["132,18,5,3756","132,114,5,530","132,178,5,1770","132,146,5,1792","132,162,5"]|13:51:46:977
62|1.1|636136516940611936|0|49911.9609375|14.97945510257|102.22727613134|159058|143645||49911.9609375|220||21937.5|218|49911.9609375|881226|NOK9118|0|2218|0|||3|3|0|1|1|132|146|["132,18,5,3756","132,114,5,530","132,178,5,1770","132,146,5,1792","132,162,5"]|13:51:51:961
62|1.1|636136516990536928|0|49916.9609375|14.97493290494|102.22075837319|158360|143140||49916.9609375|220||21943.75|218|49916.9609375|881226|NOK9118|0|2218|0|||3|3|0|1|1|132|146|["132,18,5,3756","132,114,5,530","132,178,5,1770","132,146,5,1792","132,162,5"]|13:51:56:961
62|1.1|636136517040461920|0|49921.9375|14.97034096998|102.21448201349|157688|142627||49921.9375|220||21937.5|218|49921.9375|881226|NOK9118|0|2218|0|||3|3|0|1|1|132|146|["132,18,5,3756","132,114,5,530","132,178,5,1770","132,146,5,1792","132,162,5"]|13:52:01:938
62|1.1|636136517090386912|0|49926.9375|14.96575439943|102.20792134006|156985|142115||49926.9375|220||21937.5|218|49926.9375|881226|NOK9118|0|2218|0|||3|3|0|1|1|132|146|["132,18,5,3756","132,114,5,530","132,178,5,1770","132,146,5,1792","132,162,5"]|13:52:06:938
62|1.1|636136517140321905|0|49931.9375|14.96107663391|102.20174690415|156324|141593||49931.9375|220||21937.5|218|49931.9375|881226|NOK9118|0|2218|0|||3|3|0|1|1|132|146|["132,18,5,3756","132,114,5,530","132,178,5,1770","132,146,5,1792","132,162,5"]|13:52:11:938
62|1.1|636136517190226895|0|49936.921875|14.9564042328|102.19546518004|155652|141072||49936.921875|220||21937.5|218|49936.921875|881226|NOK9118|0|2218|0|||3|3|0|1|1|132|146|["132,18,5,3756","132,114,5,530","132,178,5,1770","132,146,5,1792","132,162,5"]|13:52:16:922
62|1.1|636136517240151887|0|49941.921875|14.95203223865|102.18902788804|154962|140584||49941.921875|220||21937.5|218|49941.921875|881226|NOK9118|0|2218|0|||3|3|0|1|1|132|146|["132,18,5,3756","132,114,5,530","132,178,5,1770","132,146,5,1792","132,162,5"]|13:52:21:922
62|1.1|636136517290086880|0|49946.8984375|14.94734374431|102.18261205368|154275|140060||49946.8984375|220||21937.5|218|49946.8984375|881226|NOK9118|0|2218|0|||3|3|0|1|1|132|146|["132,18,5,3756","132,114,5,530","132,178,5,1770","132,146,5,1792","132,162,5"]|13:52:26:898
62|1.1|636136517339991870|0|49951.8984375|14.94297711457|102.17609965994|153577|139573||49951.8984375|220||21937.5|218|49951.8984375|881226|NOK9118|0|2218|0|||3|3|0|1|1|132|146|["132,18,5,3756","132,114,5,530","132,178,5,1770","132,146,5,1792","132,162,5"]|13:52:31:898
62|1.1|636136517389916862|0|49956.8984375|14.93840663725|102.16965700353|152887|139063||49956.8984375|220||21943.75|218|49956.8984375|881226|NOK9118|0|2218|0|||3|3|0|1|1|132|146|["132,18,5,3756","132,114,5,530","132,178,5,1770","132,146,5,1792","132,162,5"]|13:52:36:898
62|1.1|636136517439841854|0|49961.875|14.93397027018|102.16326262681|152202|138567||49961.875|220||21931.25|218|49961.875|881226|NOK9118|0|2218|0|||3|3|0|1|1|132|146|["132,18,5,3756","132,114,5,530","132,178,5,1770","132,146,5,1792","132,162,5"]|13:52:41:875
62|1.1|636136517490076877|0|49966.875|14.92948562342|102.15687897891|151518|138067||49966.875|220||21931.25|218|49966.875|881226|NOK9118|0|2218|0|||3|3|0|1|1|132|146|["132,18,5,3756","132,114,5,530","132,178,5,1770","132,146,5,1792","132,162,5"]|13:52:46:875
62|1.1|636136517539691838|0|49971.859375|14.9250224343|102.15055970393|150841|137569||49971.859375|220||21943.75|218|49971.859375|881226|NOK9118|0|2218|0|||3|3|0|1|1|132|146|["132,18,5,3756","132,114,5,530","132,178,5,1770","132,146,5,1792","132,162,5"]|13:52:51:859
62|1.1|636136517589626831|0|49976.859375|14.9204090417|102.14419214926|150159|137054||49976.859375|220||21950|218|49976.859375|881226|NOK9118|0|2218|0|||3|3|0|1|1|132|146|["132,18,5,3756","132,114,5,530","132,178,5,1770","132,146,5,1792","132,162,5"]|13:52:56:859
62|1.1|636136517639551823|0|49981.859375|14.91601558991|102.13776558608|149470|136564||49981.859375|220||21950|218|49981.859375|881226|NOK9118|0|2218|0|||3|3|0|1|1|132|18|["132,18,5,3756","132,114,5,530","132,178,5,1770","132,146,5,1792","132,162,5"]|13:53:01:859
62|1.1|636136517689446812|0|49986.8359375|14.91162213812|102.13141412464|148789|136073||49986.8359375|220||21950|218|49986.8359375|881226|NOK9118|0|2218|0|||3|3|0|1|1|132|18|["132,18,5,3756","132,114,5,530","132,178,5,1770","132,146,5,1792","132,162,5"]|13:53:06:836
62|1.1|636136517739381805|0|49991.8359375|14.90707311844|102.12503584115|148106|135566||49991.8359375|220||21956.25|218|49991.8359375|881226|NOK9118|0|2218|0|||3|3|0|1|1|132|146|["132,18,5,3756","132,114,5,530","132,178,5,1770","132,146,5,1792","132,162,5"]|13:53:11:836
62|1.1|636136517789286795|0|49996.8203125|14.90258310727|102.11870583735|147427|135065||49996.8203125|220||21962.5|218|49996.8203125|881226|NOK9118|0|2218|0|||3|3|0|1|1|132|146|["132,18,5,3756","132,114,5,530","132,178,5,1770","132,146,5,1792","132,162,5"]|13:53:16:820
62|1.1|636136517839211787|0|50001.8203125|14.89799117231|102.11244557088|146757|134553||50001.8203125|220||21962.5|218|50001.8203125|881226|NOK9118|0|2218|0|||3|3|0|1|1|132|146|["132,18,5,3756","132,114,5,530","132,178,5,1770","132,146,5,1792","132,162,5"]|13:53:21:820
62|1.1|636136517889156781|0|50006.8203125|14.89373719518|102.10581516012|146046|134078||50006.8203125|220||21962.5|218|50006.8203125|881226|NOK9118|0|2218|0|||3|3|0|1|1|132|146|["132,18,5,3756","132,114,5,530","132,178,5,1770","132,146,5,1792","132,162,5"]|13:53:26:820
62|1.1|636136517939051770|0|50011.796875|14.88931692134|102.09936177489|145354|133585||50011.796875|220||21950|218|50011.796875|881226|NOK9118|0|2218|0|||3|3|0|1|1|132|18|["132,18,5,3756","132,114,5,530","132,178,5,1770","132,146,5,1792","132,162,5"]|13:53:31:797
62|1.1|636136517988976762|0|50016.796875|14.88519169005|102.09261334711|144630|133124||50016.796875|220||21943.75|218|50016.796875|881226|NOK9118|0|2218|0|||3|3|0|1|1|132|18|["132,18,5,3756","132,114,5,530","132,178,5,1770","132,146,5,1792","132,162,5"]|13:53:36:797
62|1.1|636136518038931757|0|50021.78125|14.88100208584|102.08596147871|143917|132656||50021.78125|220||21943.75|218|50021.78125|881226|NOK9118|0|2218|0|||3|3|0|1|1|132|18|["132,18,5,3756","132,114,5,530","132,178,5,1770","132,146,5,1792","132,162,5"]|13:53:41:781
62|1.1|636136518088816745|0|50026.78125|14.87686076132|102.07916477124|143188|132194||50026.78125|220||21937.5|218|50026.78125|881226|NOK9118|0|2218|0|||3|3|0|1|1|132|18|["132,18,5,3756","132,114,5,530","132,178,5,1770","132,146,5,1792","132,162,5"]|13:53:46:781
62|1.1|636136518138741737|0|50031.78125|14.87254241127|102.07250217402|142474|131712||50031.78125|219.75||21912.5|218|50031.78125|881226|NOK9118|0|2218|0|||3|3|0|1|1|132|18|["132,18,5,3756","132,114,5,530","132,178,5,1770","132,162,5"]|13:53:51:781
62|1.1|636136518188666729|0|50036.7578125|14.86846545967|102.06579129711|141754|131256||50036.7578125|219.75||21906.25|218|50036.7578125|881226|NOK9118|0|2218|0|||3|3|0|1|1|132|18|["132,18,5,3756","132,114,5,530","132,178,5,1770","132,162,5"]|13:53:56:758
62|1.1|636136518238581720|0|50041.7578125|14.86410419434|102.05917697958|141045|130769||50041.7578125|220||21912.5|218|50041.7578125|881226|NOK9118|0|2218|0|||3|3|0|1|1|132|18|["132,18,5,3756","132,114,5,530","132,178,5,1770","132,162,5"]|13:54:01:758
62|1.1|636136518288506712|0|50046.7421875|14.85994141218|102.0525894841|140338|130305||50046.7421875|219.75||21906.25|218|50046.7421875|881226|NOK9118|0|2218|0|||3|3|0|1|1|132|18|["132,18,5,3756","132,114,5,530","132,178,5,1770","132,162,5"]|13:54:06:742
62|1.1|636136518338431704|0|50051.7421875|14.85556941803|102.04600198862|139632|129817||50051.7421875|219.75||21900|218|50051.7421875|881226|NOK9118|0|2218|0|||3|3|0|1|1|132|18|["132,18,5,3756","132,114,5,530","132,178,5,1770","132,162,5"]|13:54:11:742
62|1.1|636136518388356696|0|50056.7421875|14.85134762736|102.03945740842|138930|129346||50056.7421875|219.75||21906.25|218|50056.7421875|881226|NOK9118|0|2218|0|||3|3|0|1|1|132|18|["132,18,5,3756","132,114,5,530","132,178,5,1770","132,162,5"]|13:54:16:742
62|1.1|636136518438271687|0|50061.71875|14.84721703166|102.0329020994|138227|128885||50061.71875|219.75||21906.25|218|50061.71875|881226|NOK9118|0|2218|0|||3|3|0|1|1|132|18|["132,18,5,3756","132,114,5,530","132,178,5,1770","132,162,5"]|13:54:21:719
62|1.1|636136518488186678|0|50066.71875|14.84281821546|102.02639507007|137529|128394||50066.71875|219.75||21900|218|50066.71875|881226|NOK9118|0|2218|0|||3|3|0|1|1|132|18|["132,18,5,3756","132,114,5,530","132,178,5,1770","132,162,5"]|13:54:26:719
62|1.1|636136518538111670|0|50071.6953125|14.83851595864|102.01988267633|136831|127914||50071.6953125|220||21912.5|218|50071.6953125|881226|NOK9118|0|2218|0|||3|3|0|1|1|132|18|["132,18,5,3756","132,114,5,530","132,178,5,1770","132,162,5"]|13:54:31:695
62|1.1|636136518588036662|0|50076.6953125|14.83394548132|102.0134829352|136145|127405||50076.6953125|220||21918.75|218|50076.6953125|881226|NOK9118|0|2218|0|||3|3|0|1|1|132|18|["132,18,5,3756","132,114,5,530","132,178,5,1770","132,162,5"]|13:54:36:695
62|1.1|636136518637951653|0|50081.6953125|14.82956275835|102.00697590587|135447|126916||50081.6953125|220||21925|218|50081.6953125|881226|NOK9118|0|2218|0|||3|3|0|1|1|132|18|["132,18,5,3756","132,114,5,530","132,178,5,1770","132,162,5"]|13:54:41:695
62|1.1|636136518687876645|0|50086.6796875|14.82511566246|102.00050642741|134753|126420||50086.6796875|220||21931.25|218|50086.6796875|881226|NOK9118|0|2218|0|||3|3|0|1|1|132|18|["132,18,5,3756","132,114,5,530","132,178,5,1770","132,162,5"]|13:54:46:680
62|1.1|636136518737821639|0|50091.6796875|14.82103334645|101.99381164373|134035|125964||50091.6796875|220||21937.5|218|50091.6796875|881226|NOK9118|0|2218|0|||3|3|0|1|1|132|18|["132,18,5,3756","132,114,5,530","132,178,5,1770","132,162,5"]|13:54:51:680
62|1.1|636136518787716628|0|50096.65625|14.81679009814|101.98726169912|133332|125491||50096.65625|220||21931.25|218|50096.65625|881226|NOK9118|0|2218|0|||3|3|0|1|1|132|18|["132,18,5,3756","132,114,5,530","132,178,5,1770","132,162,5"]|13:54:56:656
62|1.1|636136518837651621|0|50101.65625|14.81245029045|101.9807600342|132635|125007||50101.65625|220||21925|218|50101.65625|881226|NOK9118|0|2218|0|||3|3|0|1|1|132|18|["132,18,5,3756","132,114,5,530","132,178,5,1770","132,162,5"]|13:55:01:656
62|1.1|636136518887566612|0|50106.65625|14.80816412686|101.97428519133|131940|124529||50106.65625|220||21925|218|50106.65625|881226|NOK9118|0|2218|0|||3|3|0|1|1|132|18|["132,18,5,3756","132,114,5,530","132,178,5,1770","132,162,5"]|13:55:06:656
62|1.1|636136518937511606|0|50111.640625|14.8039477006|101.9677245179|131236|124059||50111.640625|220||21925|218|50111.640625|881226|NOK9118|0|2218|0|||3|3|0|1|1|132|18|["132,18,5,3756","132,114,5,530","132,178,5,1770","132,162,5"]|13:55:11:641
62|1.1|636136518987406595|0|50116.640625|14.80017115596|101.96095999689|130510|123637||50116.640625|220||21937.5|218|50116.640625|881226|NOK9118|0|2218|0|||3|3|0|1|1|132|18|["132,18,5,3756","132,114,5,530","132,178,5,1770","132,162,5"]|13:55:16:641
62|1.1|636136519037331587|0|50121.6171875|14.79618003492|101.95443150992|129809|123192||50121.6171875|220||21943.75|218|50121.6171875|881226|NOK9118|0|2218|0|||3|3|0|1|1|132|18|["132,18,5,3756","132,114,5,530","132,178,5,1770","132,162,5"]|13:55:21:617
62|1.1|636136519087266580|0|50126.6171875|14.79223719357|101.94766698891|129083|122751||50126.6171875|220||21950|218|50126.6171875|881226|NOK9118|0|2218|0|||3|3|0|1|1|132|18|["132,18,5,3756","132,114,5,530","132,178,5,1770","132,162,5"]|13:55:26:617
62|1.1|636136519137171570|0|50131.6171875|14.78730193637|101.94156765474|128429|122202||50131.6171875|220||21950|218|50131.6171875|881226|NOK9118|0|2218|0|||3|3|0|1|1|132|18|["132,18,5,3756","132,114,5,530","132,178,5,1770","132,162,5"]|13:55:31:617
62|1.1|636136519187116564|0|50136.6015625|14.78306405247|101.93502843895|127727|121729||50136.6015625|220||21950|218|50136.6015625|881226|NOK9118|0|2218|0|||3|3|0|1|1|132|18|["132,18,5,3756","132,114,5,530","132,178,5,1770","132,162,5"]|13:55:36:602
62|1.1|636136519237021554|0|50141.6015625|14.77860622776|101.928617969|127040|121233||50141.6015625|220||21943.75|218|50141.6015625|881226|NOK9118|0|2218|0|||3|3|0|1|1|132|18|["132,18,5,3756","132,114,5,530","132,178,5,1770","132,162,5"]|13:55:41:602
62|1.1|636136519286956547|0|50146.578125|14.77416449628|101.92227187197|126359|120737||50146.578125|220||21943.75|218|50146.578125|881226|NOK9118|0|2218|0|||3|3|0|1|1|132|18|["132,18,5,3756","132,114,5,530","132,178,5,1770","132,162,5"]|13:55:46:578
62|1.1|636136519336861537|0|50151.578125|14.76959938337|101.91593650376|125679|120229||50151.578125|220||21943.75|218|50151.578125|881226|NOK9118|0|2218|0|||3|3|0|1|1|132|18|["132,18,5,3756","132,114,5,530","132,178,5,1770","132,162,5"]|13:55:51:578
62|1.1|636136519386776528|0|50156.578125|14.76535613506|101.90939192356|124977|119756||50156.578125|220||21956.25|218|50156.578125|881226|NOK9118|0|2218|0|||3|3|0|1|1|132|18|["132,18,5,3756","132,114,5,530","132,178,5,1770","132,162,5"]|13:55:56:578
62|1.1|636136519436711521|0|50161.5625|14.7609787765|101.90291171628|124281|119268||50161.5625|220||21943.75|218|50161.5625|881226|NOK9118|0|2218|0|||3|3|0|1|1|132|18|["132,18,5,3756","132,114,5,530","132,178,5,1770","132,162,5"]|13:56:01:563
62|1.1|636136519486626512|0|50166.5625|14.75679990111|101.8963242208|123574|118802||50166.5625|220||21943.75|218|50166.5625|881226|NOK9118|0|2218|0|||3|3|0|1|1|132|18|["132,18,5,3756","132,114,5,530","132,178,5,1770","132,162,5"]|13:56:06:563
62|1.1|636136519536541503|0|50171.5390625|14.75247618665|101.88989229321|122884|118320||50171.5390625|220||21943.75|218|50171.5390625|881226|NOK9118|0|2218|0|||3|3|0|1|1|132|18|["132,18,5,3756","132,114,5,530","132,178,5,1770","132,162,5"]|13:56:11:539
62|1.1|636136519586466495|0|50176.5390625|14.74845287915|101.88332625537|122179|117871||50176.5390625|220||21937.5|218|50176.5390625|881226|NOK9118|0|2218|0|||3|3|0|1|1|132|18|["132,18,5,3756","132,114,5,530","132,178,5,1770","132,162,5"]|13:56:16:539
62|1.1|636136519636391487|0|50181.5390625|14.74427400376|101.8768514125|121484|117405||50181.5390625|220||21950|218|50181.5390625|881226|NOK9118|0|2218|0|||3|3|0|1|1|132|18|["132,18,5,3756","132,114,5,530","132,178,5,1770","132,162,5"]|13:56:21:539
62|1.1|636136519686316479|0|50186.515625|14.74008439955|101.87038729845|120790|116939||50186.515625|220||21956.25|218|50186.515625|881226|NOK9118|0|2218|0|||3|3|0|1|1|132|18|["132,18,5,3756","132,114,5,530","132,178,5,1770","132,162,5"]|13:56:26:516
62|1.1|636136519736231470|0|50191.515625|14.73594843944|101.86397146409|120101|116477||50191.515625|220||21956.25|218|50191.515625|881226|NOK9118|0|2218|0|||3|3|0|1|1|132|18|["132,18,5,3756","132,114,5,530","132,178,5,1770","132,162,5"]|13:56:31:516
62|1.1|636136519786156462|0|50196.5|14.73171055554|101.85740542625|119397|116005||50196.5|220||21956.25|218|50196.5|881226|NOK9118|0|2218|0|||3|3|0|1|1|132|18|["132,18,5,3756","132,114,5,530","132,178,5,1770","132,162,5"]|13:56:36:500
62|1.1|636136519836081454|0|50201.5|14.72690404418|101.85124171916|118735|115470||50201.5|219.75||21937.5|218|50201.5|881226|NOK9118|0|2218|0|||3|3|0|1|1|132|18|["132,18,5,3756","132,114,5,530","132,178,5,1770","132,162,5"]|13:56:41:500
62|1.1|636136519886026448|0|50206.5|14.72232283804|101.84494390182|118059|114960||50206.5|219.75||21931.25|218|50206.5|881226|NOK9118|0|2218|0|||3|3|0|1|1|132|18|["132,18,5,3756","132,114,5,530","132,178,5,1770","132,162,5"]|13:56:46:500
62|1.1|636136519935941439|0|50211.4765625|14.71592846132|101.84035733127|117569|114250||50211.4765625|219.75||21918.75|218|50211.4765625|881226|NOK9118|0|2218|0|||3|3|0|1|1|132|18|["132,18,5,3756","132,114,5,530","132,178,5,1770","132,162,5"]|13:56:51:477
62|1.1|636136519985836428|0|50216.4765625|14.71009734765|101.83546498935|117044|113602||50216.4765625|220||21912.5|218|50216.4765625|881226|NOK9118|0|2218|0|||3|3|0|1|1|132|18|["132,18,5,3756","132,114,5,530","132,178,5,1770","132,162,5"]|13:56:56:477
62|1.1|636136520035771421|0|50221.4609375|14.70274810595|101.83265403851|116746|112787||50221.4609375|220||21925|218|50221.4609375|881226|NOK9118|0|2218|0|||3|3|0|1|1|132|18|["132,18,5,3756","132,114,5,530","132,178,5,1770","132,162,5"]|13:57:01:461
62|1.1|636136520085686412|0|50226.4609375|14.69566708475|101.83017568109|116482|112003||50226.4609375|220||21931.25|218|50226.4609375|881226|NOK9118|0|2218|0|||3|3|0|1|1|132|18|["132,18,5,3756","132,114,5,530","132,178,5,1770","132,162,5"]|13:57:06:461
62|1.1|636136520135601403|0|50231.4609375|14.68821591926|101.82896868884|116356|111178||50231.4609375|220||21950|218|50231.4609375|881226|NOK9118|0|2218|0|||3|3|0|1|1|132|18|["132,18,5,3756","132,114,5,530","132,178,5,1770","132,162,5"]|13:57:11:461
62|1.1|636136520185526395|0|50236.4375|14.68080766905|101.82853417163|116313|110357||50236.4375|220.25||21956.25|218|50236.4375|881226|NOK9118|0|2218|0|||3|3|0|1|1|132|18|["132,18,5,3756","132,114,5,530","132,178,5,1770","132,162,5"]|13:57:16:438
62|1.1|636136520235461388|0|50241.4375|14.67324385095|101.82850734958|116314|109521||50241.4375|220.25||21975|218.5|50241.4375|881226|NOK9118|0|2218|0|||3|3|0|1|1|132|18|["132,18,5,3756","132,114,5,530","132,178,5,1770","132,162,5"]|13:57:21:438
62|1.1|636136520285366378|0|50246.421875|14.66596971099|101.82907597704|116379|108716||50246.421875|220||21975|218|50246.421875|881226|NOK9118|0|2218|0|||3|3|0|1|1|132|18|["132,18,5,3756","132,114,5,530","132,178,5,1770","132,162,5"]|13:57:26:422
62|1.1|636136520335291370|0|50251.421875|14.65865802016|101.82865218865|116337|107906||50251.421875|220||21962.5|218|50251.421875|881226|NOK9118|0|2218|0|||3|3|0|1|1|132|18|["132,18,5,3756","132,114,5,530","132,178,5,1770","132,162,5"]|13:57:31:422
62|1.1|636136520385216362|0|50256.421875|14.65152871927|101.82859318014|116334|107117||50256.421875|220||21962.5|218|50256.421875|881226|NOK9118|0|2218|0|||3|3|0|1|1|132|18|["132,18,5,3756","132,114,5,530","132,178,5,1770","132,162,5"]|13:57:36:422
62|1.1|636136520435131353|0|50261.3984375|14.64447988453|101.82852344281|116330|106337||50261.3984375|220||21950|218|50261.3984375|881226|NOK9118|0|2218|0|||3|3|0|1|1|132|18|["132,18,5,3756","132,114,5,530","132,178,5,1770","132,162,5"]|13:57:41:398
62|1.1|636136520485056345|0|50266.3984375|14.63753833799|101.82829277318|116309|105569||50266.3984375|220||21950|218|50266.3984375|881226|NOK9118|0|2218|0|||3|3|0|1|1|132|18|["132,18,5,3756","132,114,5,530","132,178,5,1770","132,162,5"]|13:57:46:398
62|1.1|636136520534981337|0|50271.375|14.6304090371|101.82834641728|116318|104780||50271.375|220||21943.75|218|50271.375|881226|NOK9118|0|2218|0|||3|3|0|1|1|132|18|["132,18,5,3756","132,114,5,530","132,178,5,1770","132,162,5"]|13:57:51:375
62|1.1|636136520584896328|0|50276.375|14.62313489714|101.82846979871|116335|103975||50276.375|219.75||21931.25|218|50276.375|881226|NOK9118|0|2218|0|||3|3|0|1|1|132|18|["132,18,5,3756","132,114,5,530","132,178,5,1770","132,162,5"]|13:57:56:375
62|1.1|636136520634821320|0|50281.375|14.61609142681|101.82849125635|116341|103196||50281.375|220||21925|218|50281.375|881226|NOK9118|0|2218|0|||3|3|0|1|1|132|18|["132,18,5,3756","132,114,5,530","132,178,5,1770","132,162,5"]|13:58:01:375
62|1.1|636136520684746312|0|50286.359375|14.60894603269|101.82865218865|116362|102405||50286.359375|219.75||21912.5|218|50286.359375|881226|NOK9118|0|2218|0|||3|3|0|1|1|132|18|["132,18,5,3756","132,114,5,530","132,178,5,1770","132,162,5"]|13:58:06:359
62|1.1|636136520734661303|0|50291.359375|14.60180063857|101.82878093449|116380|101615||50291.359375|220||21918.75|218|50291.359375|881226|NOK9118|0|2218|0|||3|3|0|1|1|132|18|["132,18,5,3756","132,114,5,530","132,178,5,1770","132,162,5"]|13:58:11:359
62|1.1|636136520784586295|0|50296.3359375|14.59477862588|101.82893113797|116400|100838||50296.3359375|220||21931.25|218|50296.3359375|881226|NOK9118|0|2218|0|||3|3|0|1|1|132|18|["132,18,5,3756","132,114,5,530","132,178,5,1770","132,162,5"]|13:58:16:336
62|1.1|636136520834501286|0|50301.3359375|14.58769224027|101.82910279909|116422|100053||50301.3359375|219.75||21931.25|218|50301.3359375|881226|NOK9118|0|2218|0|||3|3|0|1|1|132|18|["132,18,5,3756","132,114,5,530","132,178,5,1770","132,162,5"]|13:58:21:336
62|1.1|636136520884426278|0|50306.3359375|14.58097063454|101.82772414572|116276|99309||50306.3359375|219.75||21912.5|218|50306.3359375|881226|NOK9118|0|2218|0|||3|3|0|1|1|132|18|["132,18,5,3756","132,114,5,530","132,178,5,1770","132,162,5"]|13:58:26:336
62|1.1|636136520934351270|0|50311.3203125|14.57390034216|101.82694630627|116196|98526||50311.3203125|219.75||21906.25|218|50311.3203125|881226|NOK9118|0|2218|0|||3|3|0|1|1|132|18|["132,18,5,3756","132,114,5,530","132,178,5,1770","132,162,5"]|13:58:31:320
62|1.1|636136520984266261|0|50316.3203125|14.56762934687|101.82289617672|115763|97830||50316.3203125|219.75||21900|218|50316.3203125|881226|NOK9118|0|2218|0|||3|3|0|1|1|132|18|["132,18,5,3756","132,114,5,530","132,178,5,1770","132,162,5"]|13:58:36:320
62|1.1|636136521034191253|0|50321.296875|14.56164266531|101.81924837792|115373|97166||50321.296875|219.75||21893.75|218|50321.296875|881226|NOK9118|0|2218|0|||3|3|0|1|1|132|18|["132,18,5,3756","132,114,5,530","132,178,5,1770","132,162,5"]|13:58:41:297
62|1.1|636136521084126246|0|50326.296875|14.55620851798|101.81475300234|114891|96563||50326.296875|220||21906.25|218|50326.296875|881226|NOK9118|0|2218|0|||3|3|0|1|1|132|18|["132,18,5,3756","132,114,5,530","132,178,5,1770","132,162,5"]|13:58:46:297
62|1.1|636136521134031236|0|50331.296875|14.5518204306|101.80918474476|114293|96074||50331.296875|220||21918.75|218|50331.296875|881226|NOK9118|0|2218|0|||3|3|0|1|1|132|18|["132,18,5,3756","132,114,5,530","132,178,5,1770","132,162,5"]|13:58:51:297
62|1.1|636136521183966229|0|50336.28125|14.54788295366|101.80362185159|113695|95636||50336.28125|220||21925|218|50336.28125|881226|NOK9118|0|2218|0|||3|3|0|1|1|132|18|["132,18,5,3756","132,114,5,530","132,178,5,1770","132,162,5"]|13:58:56:281
62|1.1|636136521233881220|0|50341.28125|14.54455165505|101.79739913599|113026|95264||50341.28125|220||21937.5|218|50341.28125|881226|NOK9118|0|2218|0|||3|3|0|1|1|132|18|["132,18,5,3756","132,114,5,530","132,178,5,1770","132,162,5"]|13:59:01:281
62|1.1|636136521283796211|0|50346.2578125|14.54175143303|101.79096184399|112334|94951||50346.2578125|219.75||21931.25|218|50346.2578125|881226|NOK9118|0|2218|0|||3|3|0|1|1|132|18|["132,18,5,3756","132,114,5,530","132,178,5,1770","132,162,5"]|13:59:06:258
62|1.1|636136521333721203|0|50351.2578125|14.53787832901|101.7849590692|111689|94520||50351.2578125|219.75||21912.5|218|50351.2578125|881226|NOK9118|0|2218|0|||3|3|0|1|1|132|18|["132,18,5,3756","132,114,5,530","132,178,5,1770","132,162,5"]|13:59:11:258
62|1.1|636136521383646195|0|50356.2578125|14.5352444037|101.77845203987|110989|94225||50356.2578125|219.75||21906.25|218|50356.2578125|881226|NOK9118|0|2218|0|||3|3|0|1|1|132|18|["132,18,5,3756","132,114,5,530","132,178,5,1770","132,162,5"]|13:59:16:258
62|1.1|636136521433581188|0|50361.2421875|14.53402668263|101.771440756|110234|94087||50361.2421875|219.75||21906.25|218|50361.2421875|881226|NOK9118|0|2218|0|||3|3|0|1|1|132|18|["132,18,5,3756","132,114,5,530","132,178,5,1770","132,162,5"]|13:59:21:242
62|1.1|636136521483486178|0|50366.2421875|14.53244954609|101.76456358238|109493|93909||50366.2421875|219.75||21912.5|218|50366.2421875|881226|NOK9118|0|2218|0|||3|3|0|1|1|132|18|["132,18,5,3756","132,114,5,530","132,178,5,1770","132,162,5"]|13:59:26:242
62|1.1|636136521533411170|0|50371.21875|14.53099579098|101.75753620528|108736|93745||50371.21875|219.75||21918.75|218|50371.21875|881226|NOK9118|0|2218|0|||3|3|0|1|1|132|18|["132,18,5,3756","132,114,5,530","132,178,5,1770","132,162,5"]|13:59:31:219
62|1.1|636136521583336162|0|50376.21875|14.52962786643|101.75052492141|107981|93591||50376.21875|219.75||21931.25|218|50376.21875|881226|NOK9118|0|2218|0|||3|3|0|1|1|132|18|["132,18,5,3756","132,114,5,530","132,178,5,1770","132,162,5"]|13:59:36:219
62|1.1|636136521633251153|0|50381.21875|14.52825994188|101.74345462903|107219|93436||50381.21875|219.75||21931.25|218|50381.21875|881226|NOK9118|0|2218|0|||3|3|0|1|1|132|18|["132,18,5,3756","132,114,5,530","132,178,5,1770","132,162,5"]|13:59:41:219
62|1.1|636136521683176145|0|50386.1953125|14.52770204324|101.73596054826|106412|93371||50386.1953125|219.75||21931.25|218|50386.1953125|881226|NOK9118|0|2218|0|||3|3|0|1|1|132|18|["132,18,5,3756","132,114,5,530","132,178,5,1770","132,162,5"]|13:59:46:195
62|1.1|636136521733091136|0|50391.1953125|14.52682228|101.72847719631|105605|93270||50391.1953125|220||21931.25|218|50391.1953125|881226|NOK9118|0|2218|0|||3|3|0|1|1|132|18|["132,18,5,3756","132,114,5,530","132,178,5,1770","132,162,5"]|13:59:51:195
62|1.1|636136521783026129|0|50396.1796875|14.52649505099|101.72094556467|104794|93230||50396.1796875|219.75||21937.5|218|50396.1796875|881226|NOK9118|0|2218|0|||3|3|0|1|1|132|18|["132,18,5,3756","132,114,5,530","132,178,5,1770","132,162,5"]|13:59:56:180
62|1.1|636136521832941120|0|50401.1796875|14.52593178794|101.71355340769|103997|93165||50401.1796875|219.75||21937.5|218|50401.1796875|881226|NOK9118|0|2218|0|||3|3|0|1|1|132|18|["132,18,5,3756","132,114,5,530","132,178,5,1770","132,162,5"]|14:00:01:180
62|1.1|636136521882866112|0|50406.1796875|14.5258030421|101.70601104723|103184|93147||50406.1796875|219.75||21931.25|218|50406.1796875|881226|NOK9118|0|2218|0|||3|3|0|1|1|132|18|["132,18,5,3756","132,114,5,530","132,178,5,1770","132,162,5"]|14:00:06:180
62|1.1|636136521932791104|0|50411.15625|14.52555627924|101.69849014441|102374|93117||50411.15625|220||21937.5|218|50411.15625|881226|NOK9118|0|2218|0|||3|3|0|1|1|132|18|["132,18,5,3756","132,114,5,530","132,178,5,1770","132,162,5"]|14:00:11:156
62|1.1|636136521982696094|0|50416.15625|14.5251593129|101.69112480948|101580|93070||50416.15625|220||21950|218|50416.15625|881226|NOK9118|0|2218|0|||3|3|0|1|1|132|18|["132,18,5,3756","132,114,5,530","132,178,5,1770","132,162,5"]|14:00:16:156
62|1.1|636136522032481072|0|50421.140625|14.52475161774|101.68360927107|100770|93021||50421.140625|219.75||21950|218|50421.140625|881226|NOK9118|0|2218|0|||3|3|0|1|1|132|18|["132,18,5,3756","132,114,5,530","132,178,5,1770","132,162,5"]|14:00:21:141
62|1.1|636136522082536077|0|50426.140625|14.52418299028|101.67609373266|99960|92955||50426.140625|218.75||21912.5|217|50426.140625|881226|NOK9118|0|2218|0|||3|3|0|1|1|132|18|["132,18,5,3756","132,114,5,530","132,178,5,1770","132,162,5"]|14:00:26:141
62|1.1|636136522132341057|0|50431.140625|14.52351243903|101.66869621127|99163|92878||50431.140625|218||21862.5|215.75|50431.140625|881226|NOK9118|0|2218|0|||3|3|0|1|1|132|178|["132,18,5,3756","132,114,5,530","132,178,5,1770","132,162,5"]|14:00:31:141
62|1.1|636136522182256048|0|50436.1171875|14.52320666766|101.66100364733|98334|92841||50436.1171875|216.75||21750|214.5|50436.1171875|881226|NOK9118|0|2218|-1318.75|||3|3|2|1|1|132|178|["132,18,5,3756","132,114,5,530","132,178,5,1770","132,162,5"]|14:00:36:117
62|1.1|636136522232161038|0|50441.1171875|14.5229062607|101.65282292208|97452|92804||50441.1171875|215.5||21575|213.5|50441.1171875|881226|NOK9118|0|2218|-1262.5|||3|3|2|1|1|132|162|["132,18,5,3756","132,114,5,530","132,178,5,1770","132,162,5"]|14:00:41:117
62|1.1|636136522282096031|0|50446.1015625|14.52263267579|101.64491578174|96600|92771||50446.1015625|214.5||21406.25|212.5|50446.1015625|881226|NOK9118|0|2218|-1262.5|||3|3|2|1|1|132|162|["132,18,5,3756","132,114,5,530","132,178,5,1770","132,162,5"]|14:00:46:102
62|1.1|636136522332011022|0|50451.1015625|14.52220352299|101.63672969208|95718|92720||50451.1015625|213.25||21262.5|211.25|50451.1015625|881226|NOK9118|0|2218|-1300|||3|3|2|1|1|132|162|["132,18,5,3756","132,114,5,530","132,178,5,1770","132,162,5"]|14:00:51:102
62|1.1|636136522381926013|0|50456.1015625|14.52180655665|101.62886546702|94870|92673||50456.1015625|211.75||21112.5|209.75|50456.1015625|881226|NOK9118|0|2218|-1437.5|||3|3|2|1|1|132|162|["132,18,5,3756","132,114,5,530","132,178,5,1770","132,162,5"]|14:00:56:102
62|1.1|636136522431851005|0|50461.078125|14.52130766652|101.62052380947|93971|92614||50461.078125|210.5||20956.25|208.5|50461.078125|881226|NOK9118|0|2218|-1556.25|||3|3|2|1|1|132|162|["132,18,5,3756","132,114,5,530","132,178,5,1770","132,162,5"]|14:01:01:078
62|1.1|636136522481775997|0|50466.078125|14.52087314931|101.61249865211|93106|92563||50466.078125|209.5||20837.5|207|50466.078125|881226|NOK9118|0|2218|-1593.75|||3|3|2|1|1|132|178|["132,18,5,3756","132,114,5,530","132,178,5,1770","132,162,5"]|14:01:06:078
62|1.1|636136522531710990|0|50471.0625|14.52053519148|101.604071164|92198|92522||50471.0625|208.25||20712.5|205.75|50471.0625|881226|NOK9118|0|2218|-1575|||3|3|2|1|1|132|178|["132,18,5,3756","132,114,5,530","132,178,5,1770","132,162,5"]|14:01:11:063
62|1.1|636136522581625981|0|50476.0625|14.52000411489|101.59552565887|91277|92460||50476.0625|206.75||20568.75|204.5|50476.0625|881226|NOK9118|0|2218|-1537.5|||3|3|2|1|1|132|162|["132,18,5,3756","132,114,5,530","132,178,5,1770","132,162,5"]|14:01:16:063
62|1.1|636136522631540972|0|50481.0625|14.51975735203|101.5872805607|90388|92430||50481.0625|205.75||20450|203.25|50481.0625|881226|NOK9118|0|2218|-1537.5|||3|3|2|1|1|132|114|["132,18,5,3756","132,114,5,530","132,178,5,1770","132,162,5"]|14:01:21:063
62|1.1|636136522681455963|0|50486.0390625|14.51932283482|101.57874578439|89468|92378||50486.0390625|204.5||20343.75|202.25|50486.0390625|881226|NOK9118|0|2218|-1493.75|||3|3|2|1|1|132|178|["132,18,5,3756","132,114,5,530","132,178,5,1770","132,162,5"]|14:01:26:039
62|1.1|636136522731380955|0|50491.0390625|14.51875420736|101.57010371988|88537|92312||50491.0390625|203||20193.75|200.75|50491.0390625|881226|NOK9118|0|2218|-1493.75|||3|3|2|1|1|132|162|["132,18,5,3756","132,114,5,530","132,178,5,1770","132,162,5"]|14:01:31:039
62|1.1|636136522781295946|0|50496.015625|14.51833041897|101.56174060469|87636|92262||50496.015625|202||20081.25|199.5|50496.015625|881226|NOK9118|0|2218|-1493.75|||3|3|2|1|1|132|178|["132,18,5,3756","132,114,5,530","132,178,5,1770","132,162,5"]|14:01:36:016
62|1.1|636136522831230939|0|50501.015625|14.51765986772|101.55295370111|86689|92185||50501.015625|200.5||19956.25|198.25|50501.015625|881226|NOK9118|0|2218|-1518.75|||3|3|2|1|1|132|178|["132,18,5,3756","132,114,5,530","132,178,5,1770","132,162,5"]|14:01:41:016
62|1.1|636136522881135929|0|50506.015625|14.51730581666|101.54424189927|85750|92142||50506.015625|199.25||19831.25|197|50506.015625|881226|NOK9118|0|2218|-1556.25|||3|3|2|1|1|132|178|["132,18,5,3756","132,114,5,530","132,178,5,1770","132,162,5"]|14:01:46:016
62|1.1|636136522931080923|0|50511|14.51659771454|101.53526724134|84783|92060||50511|198||19700|195.5|50511|881226|NOK9118|0|2218|-1593.75|||3|3|2|1|1|132|178|["132,18,5,3756","132,114,5,530","132,178,5,1770","132,162,5"]|14:01:51:000
62|1.1|636136522981005915|0|50516|14.51612028205|101.52611555788|83796|92004||50516|196.75||19562.5|194.25|50516|881226|NOK9118|0|2218|-1593.75|||3|3|2|1|1|132|178|["132,18,5,3756","132,114,5,530","132,178,5,1770","132,162,5"]|14:01:56:000
62|1.1|636136523030910905|0|50520.9765625|14.51555165459|101.51741448486|82859|91938||50520.9765625|195.5||19437.5|193|50520.9765625|881226|NOK9118|0|2218|-1556.25|||3|3|2|1|1|132|178|["132,18,5,3756","132,114,5,530","132,178,5,1770","132,162,5"]|14:02:00:977
62|1.1|636136523080825896|0|50525.9765625|14.51514395943|101.50865440333|81914|91890||50525.9765625|194||19306.25|191.75|50525.9765625|881226|NOK9118|0|2218|-1556.25|||3|3|2|1|1|132|178|["132,18,5,3756","132,114,5,530","132,178,5,1770","132,162,5"]|14:02:05:977
62|1.1|636136523130750888|0|50530.9765625|14.51467189135|101.50001233882|80983|91835||50530.9765625|192.75||19168.75|190.25|50530.9765625|881226|NOK9118|0|2218|-1593.75|||3|3|2|1|1|132|178|["132,18,5,3756","132,114,5,530","132,178,5,1770","132,162,5"]|14:02:10:977
62|1.1|636136523180685881|0|50535.9609375|14.51429638265|101.49116106232|80029|91790||50535.9609375|191.25||19031.25|189|50535.9609375|881226|NOK9118|0|2218|-1612.5|||3|3|2|1|1|132|178|["132,18,5,3756","132,114,5,530","132,178,5,1770","132,162,5"]|14:02:15:961
62|1.1|636136523230610873|0|50540.9609375|14.51388332308|101.48261019278|79107|91742||50540.9609375|190.25||18906.25|187.75|50540.9609375|881226|NOK9118|0|2218|-1575|||3|3|2|1|1|132|178|["132,18,5,3756","132,114,5,530","132,178,5,1770"]|14:02:20:961
62|1.1|636136523280525864|0|50545.9375|14.51335224649|101.47361944162|78138|91680||50545.9375|188.75||18768.75|186.5|50545.9375|881226|NOK9118|0|2218|-1556.25|||3|3|2|1|1|132|178|["132,18,5,3756","132,114,5,530","132,178,5,1770"]|14:02:25:938
62|1.1|636136523330440855|0|50550.9375|14.51282653431|101.46473597866|77181|91619||50550.9375|187.5||18643.75|185|50550.9375|881226|NOK9118|0|2218|-1575|||3|3|2|1|1|132|178|["132,18,5,3756","132,114,5,530","132,178,5,1770"]|14:02:30:938
62|1.1|636136523380355846|0|50555.9375|14.5122310848|101.4561743803|76258|91550||50555.9375|186||18500|183.5|50555.9375|881226|NOK9118|0|2218|-1631.25|||3|3|2|1|1|132|178|["132,18,5,3756","132,114,5,530","132,178,5,1770"]|14:02:35:938
62|1.1|636136523430280838|0|50560.921875|14.51167318616|101.44752695138|75326|91486||50560.921875|184.75||18368.75|182.25|50560.921875|881226|NOK9118|0|2218|-1631.25|||3|3|2|1|1|132|178|["132,18,5,3756","132,114,5,530","132,178,5,1770"]|14:02:40:922
62|1.1|636136523480205830|0|50565.921875|14.51093826199|101.43871322575|74376|91402||50565.921875|183.5||18237.5|181|50565.921875|881226|NOK9118|0|2218|-1593.75|||3|3|2|1|1|132|178|["132,18,5,3756","132,114,5,530","132,178,5,1770"]|14:02:45:922
62|1.1|636136523530120821|0|50570.8984375|14.51004776993|101.42991559335|73428|91300||50570.8984375|182.25||18112.5|179.75|50570.8984375|881226|NOK9118|0|2218|-1556.25|||3|3|2|1|1|132|178|["132,18,5,3756","132,114,5,530","132,178,5,1770"]|14:02:50:898
62|1.1|636136523580045813|0|50575.8984375|14.50936112545|101.4210911389|72477|91222||50575.8984375|180.75||17981.25|178.5|50575.8984375|881226|NOK9118|0|2218|-1556.25|||3|3|2|1|1|132|178|["132,18,5,3756","132,114,5,530","132,178,5,1770"]|14:02:55:898
62|1.1|636136523629970805|0|50580.8984375|14.50893733706|101.4121325742|71512|91172||50580.8984375|179.5||17837.5|177|50580.8984375|881226|NOK9118|0|2218|-1575|||3|3|2|1|1|132|178|["132,18,5,3756","132,114,5,530","132,178,5,1770"]|14:03:00:898
62|1.1|636136523679905798|0|50585.875|14.50825069258|101.40361925553|70594|91093||50585.875|178||17700|175.75|50585.875|881226|NOK9118|0|2218|-1612.5|||3|3|2|1|1|132|178|["132,18,5,3756","132,114,5,530","132,178,5,1770"]|14:03:05:875
62|1.1|636136523729820789|0|50590.875|14.50770888717|101.39505765717|69671|91031||50590.875|176.75||17568.75|174.5|50590.875|881226|NOK9118|0|2218|-1612.5|||3|3|2|1|1|132|178|["132,18,5,3756","132,114,5,530","132,178,5,1770"]|14:03:10:875
62|1.1|636136523779735780|0|50595.859375|14.50725291232|101.38636731297|68734|90978||50595.859375|175.5||17437.5|173.25|50595.859375|881226|NOK9118|0|2218|-1537.5|||3|3|2|1|1|132|178|["132,18,5,3756","132,114,5,530","132,178,5,1770"]|14:03:15:859
62|1.1|636136523829660772|0|50600.859375|14.50701151387|101.37750530765|67779|90949||50600.859375|174.25||17325|172|50600.859375|881226|NOK9118|0|2218|-1518.75|||3|3|2|1|1|132|114|["132,18,5,3756","132,114,5,530","132,178,5,1770"]|14:03:20:859
62|1.1|636136523879585764|0|50605.859375|14.50647507287|101.3687881414|66840|90887||50605.859375|173||17212.5|170.75|50605.859375|881226|NOK9118|0|2218|-1556.25|||3|3|2|1|1|132|114|["132,18,5,3756","132,114,5,530","132,178,5,1770"]|14:03:25:859
62|1.1|636136523929510756|0|50610.8359375|14.50604592007|101.36047867031|65944|90837||50610.8359375|171.5||17062.5|169|50610.8359375|881226|NOK9118|0|2218|-1593.75|||3|3|2|1|1|132|178|["132,18,5,3756","132,114,5,530","132,178,5,1770"]|14:03:30:836
62|1.1|636136523979425747|0|50615.8359375|14.50569723342|101.35233013152|65066|90796||50615.8359375|170.25||16918.75|167.5|50615.8359375|881226|NOK9118|0|2218|-1631.25|||3|3|2|1|1|132|178|["132,18,5,3756","132,114,5,530","132,178,5,1770"]|14:03:35:836
62|1.1|636136524029340738|0|50620.8203125|14.5053109959|101.34378462639|64145|90751||50620.8203125|169.25||16806.25|166.5|50620.8203125|881226|NOK9118|0|2218|-1537.5|||3|3|2|1|1|132|178|["132,18,5,3756","132,114,5,530","132,178,5,1770"]|14:03:40:820
62|1.1|636136524079265730|0|50625.8203125|14.50493012279|101.33557707909|63260|90707||50625.8203125|167.75||16681.25|165.5|50625.8203125|881226|NOK9118|0|2218|-1475|||3|3|2|1|1|132|178|["132,18,5,3756","132,114,5,530","132,178,5,1770"]|14:03:45:820
62|1.1|636136524129180721|0|50630.8203125|14.50438295297|101.32734270974|62373|90644||50630.8203125|166.5||16550|164|50630.8203125|881226|NOK9118|0|2218|-1493.75|||3|3|2|1|1|132|178|["132,18,5,3756","132,114,5,530","132,178,5,1770"]|14:03:50:820
62|1.1|636136524179105713|0|50635.796875|14.50372849495|101.31921026418|61496|90569||50635.796875|165.25||16425|162.75|50635.796875|881226|NOK9118|0|2218|-1518.75|||3|3|2|1|1|132|178|["132,18,5,3756","132,114,5,530","132,178,5,1770"]|14:03:55:797
62|1.1|636136524229030705|0|50640.796875|14.50320814718|101.310637937|60572|90510||50640.796875|164||16300|161.5|50640.796875|881226|NOK9118|0|2218|-1556.25|||3|3|2|1|1|132|178|["132,18,5,3756","132,114,5,530","132,178,5,1770"]|14:04:00:797
62|1.1|636136524278955697|0|50645.78125|14.5025751468|101.30245721175|59690|90437||50645.78125|162.75||16175|160.25|50645.78125|881226|NOK9118|0|2218|-1556.25|||3|3|2|1|1|132|178|["132,18,5,3756","132,114,5,530","132,178,5,1770"]|14:04:05:781
62|1.1|636136524328870688|0|50650.78125|14.50215135841|101.29434622383|58816|90388||50650.78125|161.5||16043.75|159|50650.78125|881226|NOK9118|0|2218|-1537.5|||3|3|2|1|1|132|178|["132,18,5,3756","132,114,5,530","132,178,5,1770"]|14:04:10:781
62|1.1|636136524378795680|0|50655.78125|14.50153981567|101.28619768504|57938|90319||50655.78125|160.25||15925|157.75|50655.78125|881226|NOK9118|0|2218|-1475|||3|3|2|1|1|132|178|["132,18,5,3756","132,114,5,530","132,178,5,1770"]|14:04:15:781
62|1.1|636136524428730673|0|50660.7578125|14.5012876884|101.27755562053|57006|90289||50660.7578125|159||15800|156.5|50660.7578125|881226|NOK9118|0|2218|-1456.25|||3|3|2|1|1|132|178|["132,18,5,3756","132,114,5,530","132,178,5,1770"]|14:04:20:758
62|1.1|636136524478655665|0|50665.7578125|14.50050448454|101.26944463261|56132|90200||50665.7578125|157.75||15662.5|155.25|50665.7578125|881226|NOK9118|0|2218|-1493.75|||3|3|2|1|1|132|178|["132,18,5,3756","132,114,5,530","132,178,5,1770"]|14:04:25:758
62|1.1|636136524528570656|0|50670.7421875|14.50011288261|101.26115125475|55238|90155||50670.7421875|156.5||15537.5|154|50670.7421875|881226|NOK9118|0|2218|-1518.75|||3|3|2|1|1|132|178|["132,18,5,3756","132,114,5,530","132,178,5,1770"]|14:04:30:742
62|1.1|636136524578485647|0|50675.7421875|14.49959789925|101.25294907186|54354|90096||50675.7421875|155.25||15406.25|152.75|50675.7421875|881226|NOK9118|0|2218|-1493.75|||3|3|2|1|1|132|178|["132,18,5,3756","132,114,5,530","132,178,5,1770"]|14:04:35:742
62|1.1|636136524628400638|0|50680.7421875|14.49947988223|101.24450012611|53443|90081||50680.7421875|154.25||15293.75|151.75|50680.7421875|881226|NOK9118|0|2218|-1437.5|||3|3|2|1|1|132|178|["132,18,5,3756","132,114,5,530","132,178,5,1770"]|14:04:40:742
62|1.1|636136524678325630|0|50685.71875|14.49926530583|101.23619601943|52548|90056||50685.71875|153||15175|150.5|50685.71875|881226|NOK9118|0|2218|-1418.75|||3|3|2|1|1|132|178|["132,18,5,3756","132,114,5,530","132,178,5,1770"]|14:04:45:719
62|1.1|636136524728270624|0|50690.71875|14.49868594955|101.22814404002|51680|89990||50690.71875|151.75||15056.25|149.25|50690.71875|881226|NOK9118|0|2218|-1437.5|||3|3|2|1|1|132|178|["132,18,5,3756","132,114,5,530","132,178,5,1770"]|14:04:50:719
62|1.1|636136524778175614|0|50695.6953125|14.49792420333|101.22021544204|50825|89903||50695.6953125|150.5||14956.25|148|50695.6953125|881226|NOK9118|0|2218|-1456.25|||3|3|2|1|1|132|114|["132,18,5,3756","132,114,5,530","132,178,5,1770"]|14:04:55:695
62|1.1|636136524828090605|0|50700.6953125|14.4972107368|101.21232439493|49975|89823||50700.6953125|149.5||14856.25|147|50700.6953125|881226|NOK9118|0|2218|-1437.5|||3|3|2|1|1|132|114|["132,18,5,3756","132,114,5,530","132,178,5,1770"]|14:05:00:695
62|1.1|636136524878005596|0|50705.6953125|14.49648654145|101.20451381397|49133|89741||50705.6953125|148.75||14756.25|146|50705.6953125|881226|NOK9118|0|2218|-1300|||3|3|2|1|1|132|178|["132,18,5,3756","132,114,5,530","132,178,5,1770"]|14:05:05:695
62|1.1|636136524927930588|0|50710.6796875|14.49577307492|101.1965905804|48279|89660||50710.6796875|148||14668.75|145.5|50710.6796875|881226|NOK9118|0|2218|-1100|||3|3|2|1|1|132|178|["132,18,5,3756","132,114,5,530","132,178,5,1770"]|14:05:10:680
62|1.1|636136524977855580|0|50715.6796875|14.4947967523|101.18879072826|47438|89551||50715.6796875|147.25||14593.75|145|50715.6796875|881226|NOK9118|0|2218|-962.5|||3|3|2|1|1|132|178|["132,18,5,3756","132,114,5,530","132,178,5,1770"]|14:05:15:680
62|1.1|636136525027800574|0|50720.65625|14.49357366682|101.18105524904|46605|89414||50720.65625|146.5||14525|144.25|50720.65625|881226|NOK9118|0|2218|-906.25|||3|3|2|1|1|132|178|["132,18,5,3756","132,114,5,530","132,178,5,1770"]|14:05:20:656
62|1.1|636136525077715565|0|50725.65625|14.4922754796|101.17338414274|45778|89269||50725.65625|145.75||14462.5|143.5|50725.65625|881226|NOK9118|0|2218|-887.5|||3|3|2|1|1|132|178|["132,18,5,3756","132,114,5,530","132,178,5,1770"]|14:05:25:656
62|1.1|636136525127620555|0|50730.65625|14.49071443629|101.16580959582|44962|89095||50730.65625|144.75||14393.75|142.5|50730.65625|881226|NOK9118|0|2218|-943.75|||3|3|2|1|1|132|114|["132,18,5,3756","132,114,5,530","132,178,5,1770"]|14:05:30:656
62|1.1|636136525177535546|0|50735.640625|14.48869741813|101.15841207443|44165|88870||50735.640625|144||14306.25|141.75|50735.640625|881226|NOK9118|0|2218|-981.25|||3|3|2|1|1|132|178|["132,18,5,3756","132,114,5,530","132,178,5,1770"]|14:05:35:641
62|1.1|636136525227460538|0|50740.640625|14.48699153575|101.1508321631|43348|88680||50740.640625|143.25||14243.75|141|50740.640625|881226|NOK9118|0|2218|-962.5|||3|3|2|1|1|132|178|["132,18,5,3756","132,114,5,530","132,178,5,1770"]|14:05:40:641
62|1.1|636136525277395531|0|50745.6171875|14.48556460269|101.14328980264|42535|88521||50745.6171875|142.5||14193.75|140.25|50745.6171875|881226|NOK9118|0|2218|-943.75|||3|3|2|1|1|132|114|["132,18,5,3756","132,114,5,530","132,178,5,1770"]|14:05:45:617
62|1.1|636136525327310522|0|50750.6171875|14.48432542398|101.13600493386|41750|88382||50750.6171875|141.75||14106.25|139.5|50750.6171875|881226|NOK9118|0|2218|-925|||3|3|2|1|1|132|114|["132,18,5,3756","132,114,5,530","132,178,5,1770"]|14:05:50:617
62|1.1|636136525377235514|0|50755.6171875|14.48330082167|101.12816216644|40905|88267||50755.6171875|141||14025|138.75|50755.6171875|881226|NOK9118|0|2218|-906.25|||3|3|2|1|1|132|178|["132,18,5,3756","132,114,5,530","132,178,5,1770"]|14:05:55:617
62|1.1|636136525427170507|0|50760.6015625|14.48210992265|101.12017455995|40043|88134||50760.6015625|140||13937.5|138|50760.6015625|881226|NOK9118|0|2218|-925|||3|3|2|1|1|132|178|["132,18,5,3756","132,114,5,530","132,178,5,1770"]|14:06:00:602
62|1.1|636136525477075497|0|50765.6015625|14.48086001512|101.11254100452|39221|87995||50765.6015625|139.5||13862.5|137|50765.6015625|881226|NOK9118|0|2218|-943.75|||3|3|2|1|1|132|178|["132,18,5,3756","132,114,5,530","132,178,5,1770"]|14:06:05:602
62|1.1|636136525527010490|0|50770.578125|14.4794545397|101.10488599145|38396|87838||50770.578125|138.5||13800|136.25|50770.578125|881226|NOK9118|0|2218|-962.5|||3|3|2|1|1|132|114|["132,18,5,3756","132,114,5,530","132,178,5,1770"]|14:06:10:578
62|1.1|636136525576925481|0|50775.578125|14.47803833546|101.09727925807|37576|87680||50775.578125|138||13718.75|135.5|50775.578125|881226|NOK9118|0|2218|-925|||3|3|2|1|1|132|114|["132,18,5,3756","132,114,5,530","132,178,5,1770"]|14:06:15:578
62|1.1|636136525626840472|0|50780.578125|14.47673478383|101.08949549916|36737|87535||50780.578125|137||13631.25|134.75|50780.578125|881226|NOK9118|0|2218|-925|||3|3|2|1|1|132|178|["132,18,5,3756","132,114,5,530","132,178,5,1770"]|14:06:20:578
62|1.1|636136525676785466|0|50785.5625|14.47554924922|101.08188876578|35917|87402||50785.5625|136.25||13543.75|134|50785.5625|881226|NOK9118|0|2218|-925|||3|3|2|1|1|132|178|["132,18,5,3756","132,114,5,530","132,178,5,1770"]|14:06:25:563
62|1.1|636136525726690456|0|50790.5625|14.47431543492|101.07399235426|35066|87265||50790.5625|135.5||13487.5|133.25|50790.5625|881226|NOK9118|0|2218|-925|||3|3|2|1|1|132|114|["132,18,5,3756","132,114,5,530","132,178,5,1770"]|14:06:30:563
62|1.1|636136525776605447|0|50795.5390625|14.47308698503|101.06614422243|34220|87128||50795.5390625|134.75||13393.75|132.5|50795.5390625|881226|NOK9118|0|2218|-925|||3|3|2|1|1|132|114|["132,18,5,3756","132,114,5,530","132,178,5,1770"]|14:06:35:539
62|1.1|636136525826520438|0|50800.5390625|14.47184244191|101.0582960906|33374|86989||50800.5390625|134||13306.25|131.75|50800.5390625|881226|NOK9118|0|2218|-906.25|||3|3|2|1|1|132|178|["132,18,5,3756","132,114,5,530","132,178,5,1770"]|14:06:40:539
62|1.1|636136525876465432|0|50805.5390625|14.47071591581|101.05070008604|32555|86863||50805.5390625|133.25||13262.5|131|50805.5390625|881226|NOK9118|0|2218|-906.25|||3|3|2|1|1|132|114|["132,18,5,3756","132,114,5,530","132,178,5,1770"]|14:06:45:539
62|1.1|636136525926370422|0|50810.515625|14.46943382182|101.04320064086|31747|86720||50810.515625|132.5||13175|130.25|50810.515625|881226|NOK9118|0|2218|-906.25|||3|3|2|1|1|132|178|["132,18,5,3756","132,114,5,530","132,178,5,1770"]|14:06:50:516
62|1.1|636136525976295414|0|50815.515625|14.46842531274|101.03543833959|30910|86607||50815.515625|131.75||13100|129.5|50815.515625|881226|NOK9118|0|2218|-906.25|||3|3|2|1|1|132|178|["132,18,5,3756","132,114,5,530","132,178,5,1770"]|14:06:55:516
62|1.1|636136526026210405|0|50820.5|14.46728269341|101.02778869093|30085|86480||50820.5|131||13018.75|128.75|50820.5|881226|NOK9118|0|2218|-906.25|||3|3|2|1|1|132|178|["132,18,5,3756","132,114,5,530","132,178,5,1770"]|14:07:00:500
62|1.1|636136526076155399|0|50825.5|14.46605960793|101.02017122873|29264|86344||50825.5|130.25||12931.25|127.75|50825.5|881226|NOK9118|0|2218|-962.5|||3|3|2|1|1|132|178|["132,18,5,3756","132,114,5,530","132,178,5,1770"]|14:07:05:500
62|1.1|636136526126070390|0|50830.5|14.46501891239|101.0125913174|28447|86228||50830.5|129.5||12856.25|127|50830.5|881226|NOK9118|0|2218|-943.75|||3|3|2|1|1|132|178|["132,18,5,3756","132,114,5,530","132,178,5,1770"]|14:07:10:500
62|1.1|636136526175975380|0|50835.4765625|14.46383874219|101.00494166874|27622|86096||50835.4765625|128.75||12775|126.5|50835.4765625|881226|NOK9118|0|2218|-887.5|||3|3|2|1|1|132|178|["132,18,5,3756","132,114,5,530","132,178,5,1770"]|14:07:15:477
62|1.1|636136526225890371|0|50840.4765625|14.46295897895|100.9969808843|26764|85998||50840.4765625|128.5||12712.5|125.75|50840.4765625|881226|NOK9118|0|2218|-868.75|||3|3|2|1|1|132|18|["132,18,5,3756","132,114,5,530","132,178,5,1770"]|14:07:20:477
62|1.1|636136526275815363|0|50845.4609375|14.46211140217|100.98908983719|25913|85903||50845.4609375|127.5||12656.25|125|50845.4609375|881226|NOK9118|0|2218|-906.25|||3|3|2|1|1|132|18|["132,18,5,3756","132,114,5,530","132,178,5,1770"]|14:07:25:461
62|1.1|636136526325750356|0|50850.4609375|14.46103852017|100.98140263766|25085|85784||50850.4609375|126.75||12593.75|124|50850.4609375|881226|NOK9118|0|2218|-943.75|||3|3|2|1|1|132|18|["132,18,5,3756","132,114,5,530","132,178,5,1770"]|14:07:30:461
62|1.1|636136526375705351|0|50855.4609375|14.4599280873|100.97371007372|24256|85660||50855.4609375|126.25||12587.5|124|50855.4609375|881226|NOK9118|0|2218|-668.75|||3|3|2|1|1|132|114|["132,18,5,3756","132,114,5,530","132,178,5,1770"]|14:07:35:461
62|1.1|636136526425580338|0|50860.4375|14.45895712909|100.96619453531|23445|85552||50860.4375|126||12537.5|123.5|50860.4375|881226|NOK9118|0|2218|-587.5|||3|3|2|1|1|132|18|["132,18,5,3756","132,114,5,530","132,178,5,1770"]|14:07:40:438
62|1.1|636136526475505330|0|50865.4375|14.45797007765|100.95884529361|22653|85442||50865.4375|125.25||12475|123|50865.4375|881226|NOK9118|0|2218|-631.25|||3|3|2|1|1|132|18|["132,18,5,3756","132,114,5,530","132,178,5,1770"]|14:07:45:438
62|1.1|636136526525420321|0|50870.421875|14.45696693298|100.95172672154|21885|85330||50870.421875|124.5||12406.25|122.25|50870.421875|881226|NOK9118|0|2218|-706.25|||3|3|2|1|1|132|18|["132,18,5,3756","132,114,5,530","132,178,5,1770"]|14:07:50:422
62|1.1|636136526575345313|0|50875.421875|14.45607644092|100.94565420942|21231|85231||50875.421875|123.75||12337.5|121.25|50875.421875|881226|NOK9118|0|2218|-787.5|||3|3|2|1|1|132|114|["132,18,5,3756","132,114,4,530"]|14:07:55:422
62|1.1|636136526625270305|0|50880.421875|14.45518594886|100.93928129034|20544|85132||50880.421875|123.25||12293.75|120.5|50880.421875|881226|NOK9118|0|2218|-806.25|||3|3|2|1|1|132|114|["132,18,5,3756","132,114,4,530"]|14:08:00:422
62|1.1|636136526675185296|0|50885.3984375|14.45423644829|100.93155117553|19710|85026||50885.3984375|122.25||12162.5|119.75|50885.3984375|881226|NOK9118|0|2218|-843.75|||3|3|2|1|1|132|18|["132,18,5,3756","132,114,4,530"]|14:08:05:398
62|1.1|636136526725120289|0|50890.3984375|14.45323866803|100.92500123092|19004|84915||50890.3984375|120.5||12031.25|118.5|50890.3984375|881226|NOK9118|0|2218|-1043.75|||3|3|2|1|1|132|114|["132,18,5,3756","132,114,5,607"]|14:08:10:398
62|1.1|636136526775035280|0|50895.375|14.45230526069|100.91875705768|18331|84811||50895.375|119.5||11912.5|117.25|50895.375|881226|NOK9118|0|2218|-1181.25|||3|3|2|1|1|132|114|["132,18,5,3756","132,114,5,607"]|14:08:15:375
62|1.1|636136526824960272|0|50900.375|14.45131284484|100.91213201133|17617|84701||50900.375|118.75||11831.25|116.5|50900.375|881226|NOK9118|0|2218|-1162.5|||3|3|2|1|1|132|114|["132,18,5,3756","132,114,5,607"]|14:08:20:375
62|1.1|636136526874875263|0|50905.375|14.45033652222|100.90485250696|16832|84593||50905.375|118||11750|115.75|50905.375|881226|NOK9118|0|2218|-1062.5|||3|3|2|1|1|132|114|["132,18,5,3756","132,114,5,607"]|14:08:25:375
62|1.1|636136526924800255|0|50910.359375|14.44938702165|100.89740134147|16028|84487||50910.359375|117||11668.75|114.75|50910.359375|881226|NOK9118|0|2218|-1025|||3|3|2|1|1|132|114|["132,18,5,3756","132,114,5,607"]|14:08:30:359
62|1.1|636136526974725247|0|50915.359375|14.44797081741|100.89145757519|15388|84330||50915.359375|116||11587.5|114|50915.359375|881226|NOK9118|0|2218|-1043.75|||3|3|2|1|1|132|114|["132,18,5,3756","132,114,5,607"]|14:08:35:359
62|1.1|636136527024660240|0|50920.3359375|14.44645268938|100.88532069015|14726|84161||50920.3359375|115||11487.5|112.75|50920.3359375|881226|NOK9118|0|2218|-1100|||3|3|2|1|1|132|114|["132,18,5,3756","132,114,5,607"]|14:08:40:336
62|1.1|636136527074565230|0|50925.3359375|14.44513304452|100.87899068635|14044|84015||50925.3359375|114.25||11400|112|50925.3359375|881226|NOK9118|0|2218|-1125|||3|3|2|1|1|132|114|["132,18,5,3756","132,114,5,607"]|14:08:45:336
62|1.1|636136527124490222|0|50930.3359375|14.44396896755|100.87303082684|13401|83886||50930.3359375|113.75||11337.5|111.25|50930.3359375|881226|NOK9118|0|2218|-1025|||3|3|2|1|1|132|114|["132,18,5,3756","132,114,5,607"]|14:08:50:336
62|1.1|636136527174405213|0|50935.3203125|14.44275661089|100.86638968726|12685|83751||50935.3203125|113.5||11256.25|110.75|50935.3203125|881226|NOK9118|0|2218|-943.75|||3|3|2|1|1|132|18|["132,18,5,3756","132,114,5,607"]|14:08:55:320
62|1.1|636136527224330205|0|50940.3203125|14.44150670336|100.86040837011|12040|83613||50940.3203125|112||11187.5|110|50940.3203125|881226|NOK9118|0|2218|-925|||3|3|2|1|1|132|114|["132,18,5,3756","132,114,5,607"]|14:09:00:320
62|1.1|636136527274245196|0|50945.296875|14.44048210105|100.85398180693|11347|83499||50945.296875|111||11093.75|109|50945.296875|881226|NOK9118|0|2218|-981.25|||3|3|2|1|1|132|114|["132,18,5,3756","132,114,5,607"]|14:09:05:297
62|1.1|636136527324170188|0|50950.296875|14.4393287529|100.84796293891|10698|83371||50950.296875|110||10987.5|107.75|50950.296875|881226|NOK9118|0|2218|-1125|||3|3|2|1|1|132|114|["132,18,5,3756","132,114,5,607"]|14:09:10:297
62|1.1|636136527374095180|0|50955.296875|14.43837925233|100.84246978307|10106|83266||50955.296875|109.25||10893.75|107|50955.296875|881226|NOK9118|0|2218|-1125|||3|3|2|1|1|132|114|["132,18,5,3756","132,114,5,607"]|14:09:15:297
62|1.1|636136527424030173|0|50960.28125|14.43738683648|100.83569989765|9376|83156||50960.28125|108.75||10831.25|106.5|50960.28125|881226|NOK9118|0|2218|-1006.25|||3|3|2|1|1|132|114|["132,18,5,3756","132,114,5,607"]|14:09:20:281
62|1.1|636136527473945164|0|50965.28125|14.43650707324|100.82934843621|8691|83058||50965.28125|108||10768.75|105.75|50965.28125|881226|NOK9118|0|2218|-887.5|||3|3|2|1|1|132|114|["132,18,5,3756","132,114,5,607"]|14:09:25:281
62|1.1|636136527523860155|0|50970.2578125|14.43555757267|100.82281994924|7987|82953||50970.2578125|107.5||10687.5|105|50970.2578125|881226|NOK9118|0|2218|-887.5|||3|3|2|1|1|132|18|["132,18,5,3756","132,114,5,607"]|14:09:30:258
62|1.1|636136527573775146|0|50975.2578125|14.43453833477|100.81651140308|7307|82840||50975.2578125|106.5||10587.5|104.25|50975.2578125|881226|NOK9118|0|2218|-962.5|||3|3|2|1|1|132|18|["132,18,5,3756","132,114,5,607"]|14:09:35:258
62|1.1|636136527623710139|0|50980.2578125|14.43371758004|100.81054081475|6663|82749||50980.2578125|105.25||10500|103|50980.2578125|881226|NOK9118|0|2218|-1043.75|||3|3|2|1|1|132|114|["132,18,5,3756","132,114,5,607"]|14:09:40:258
62|1.1|636136527673635131|0|50985.2421875|14.43270370655|100.80456486201|6019|82636||50985.2421875|104.5||10425|102.25|50985.2421875|881226|NOK9118|0|2218|-1006.25|||3|3|2|1|1|132|114|["132,18,5,3756","132,114,5,607"]|14:09:45:242
62|1.1|636136527723560123|0|50990.2421875|14.43170592629|100.79812757001|5325|82526||50990.2421875|104.25||10343.75|101.5|50990.2421875|881226|NOK9118|0|2218|-981.25|||3|3|2|1|1|132|18|["132,18,5,3756","132,114,5,607"]|14:09:50:242
62|1.1|636136527773465113|0|50995.21875|14.4306384087|100.79166882037|4628|82408||50995.21875|103.25||10262.5|100.75|50995.21875|881226|NOK9118|0|2218|-962.5|||3|3|2|1|1|132|18|["132,18,5,3756","132,114,5,607"]|14:09:55:219
62|1.1|636136527823390105|0|51000.21875|14.42960844198|100.78565531676|3980|82294||51000.21875|101.75||10168.75|99.75|51000.21875|881226|NOK9118|0|2218|-1025|||3|3|2|1|1|132|114|["132,18,5,3756","132,114,5,607"]|14:10:00:219
62|1.1|636136527873325098|0|51005.21875|14.42861066172|100.77915365184|3279|82183||51005.21875|101.5||10081.25|98.75|51005.21875|881226|NOK9118|0|2218|-1062.5|||3|3|2|1|1|132|18|["132,18,5,3756","132,114,5,607"]|14:10:05:219
62|1.1|636136527923250090|0|51010.1953125|14.42736075419|100.77339763991|2658|82045||51010.1953125|100.5||9981.25|97.75|51010.1953125|881226|NOK9118|0|2218|-1125|||3|3|2|1|1|132|18|["132,18,5,3756","132,114,5,607"]|14:10:10:195
62|1.1|636136527973155080|0|51015.1953125|14.42539201572|100.76807614519|2084|81827||51015.1953125|99.5||9881.25|96.75|51015.1953125|881226|NOK9118|0|2218|-1162.5|||3|3|2|1|1|132|18|["132,18,5,3756","132,114,5,607"]|14:10:15:195
62|1.1|636136528023070071|0|51020.1796875|14.42106293685|100.76305505743|1543|81348||51020.1796875|98.25||9762.5|95.75|51020.1796875|881226|NOK9118|0|2218|-1218.75|||3|3|2|1|1|132|18|["132,18,5,3756","132,114,5,607"]|14:10:20:180
62|1.1|636136528072995063|0|51025.1796875|14.4150816197|100.75875280061|1079|80686||51025.1796875|97||9618.75|94.25|51025.1796875|881226|NOK9118|0|2218|-1375|||3|3|2|1|1|132|18|["132,18,5,3756","132,114,5,607"]|14:10:25:180
62|1.1|636136528122920055|0|51030.1796875|14.40940070951|100.75506745094|681|80058||51030.1796875|95.75||9475|92.75|51030.1796875|881226|NOK9118|0|2218|-1475|||3|3|2|1|1|132|18|["132,18,5,3756","132,114,5,607"]|14:10:30:180
62|1.1|636136528172835046|0|51035.15625|14.40363933317|100.75214384749|366|79420||51035.15625|94.5||9337.5|91.25|51035.15625|881226|NOK9118|0|2218|-1518.75|||3|3|2|1|1|132|18|["132,18,5,3756","132,114,5,607"]|14:10:35:156
62|1.1|636136528222760038|0|51040.15625|14.39739515993|100.75073300766|214|78729||51040.15625|93.25||9218.75|90.25|51040.15625|881226|NOK9118|0|2218|-1475|||3|3|2|1|1|132|18|["132,18,5,3756","132,114,5,607"]|14:10:40:156
62|1.1|636136528272685030|0|51045.140625|14.39194491937|100.74827074347|-52|78126||51045.140625|92.5||9125|89.25|51045.140625|881226|NOK9118|0|2218|-1356.25|||3|3|2|1|1|132|18|["132,18,5,3756","132,114,5,607"]|14:10:45:141
62|1.1|636136528322610022|0|51050.140625|14.38644103471|100.74567436903|-332|77517||51050.140625|91.75||9056.25|88.75|51050.140625|881226|NOK9118|0|2218|-1162.5|||3|3|2|1|1|132|18|["132,18,5,3756","132,114,5,607"]|14:10:50:141
62|1.1|636136528372525013|0|51055.140625|14.38099615856|100.74313163869|-606|76915||51055.140625|90.75||8975|88|51055.140625|881226|NOK9118|0|2218|-1081.25|||3|3|2|1|1|132|18|["132,18,5,3756","132,114,5,607"]|14:10:55:141
62|1.1|636136528422460006|0|51060.1171875|14.37562101974|100.74060500158|-878|76320||51060.1171875|89.75||8893.75|87.25|51060.1171875|881226|NOK9118|0|2218|-1043.75|||3|3|2|1|1|132|18|["132,18,5,3756","132,114,5,607"]|14:11:00:117
62|1.1|636136528472364996|0|51065.1171875|14.37027806738|100.73887766156|-1065|75729||51065.1171875|88.5||8781.25|86|51065.1171875|881226|NOK9118|0|2218|-1162.5|||3|3|2|1|1|132|18|["132,18,5,3756","132,114,5,607"]|14:11:05:117
