62|1.1|636136510301178059|0|49248.015625|13.72679026583|100.85721118175|11731|4535||49248.015625|66.5||6550|63.5|49248.015625|882da2|KMI803|0|2033|-1181.25|||3|3|2|1|1|132|18|["132,18,5,3612"]|13:40:48:016
62|1.1|636136510351103051|0|49253.015625|13.73209566732|100.85866493686|11888|5122||49253.015625|65.5||6450|62.5|49253.015625|882da2|KMI803|0|2033|-1200|||3|3|2|1|1|132|18|["132,18,5,3612"]|13:40:53:016
62|1.1|636136510401018042|0|49258.015625|13.73742789086|100.86012405638|12046|5712||49258.015625|64.25||6331.25|61.5|49258.015625|882da2|KMI803|0|2033|-1237.5|||3|3|2|1|1|132|18|["132,18,5,3612"]|13:40:58:016
62|1.1|636136510450953035|0|49263|13.74267964825|100.86156708267|12202|6294||49263|63.25||6218.75|60.25|49263|882da2|KMI803|0|2033|-1281.25|||3|3|2|1|1|132|18|["132,18,5,3612"]|13:41:03:000
62|1.1|636136510500868026|0|49268|13.74801187179|100.86302083778|12359|6883||49268|62.25||6118.75|59.25|49268|882da2|KMI803|0|2033|-1281.25|||3|3|2|1|1|132|18|["132,18,5,3612"]|13:41:08:000
62|1.1|636136510550803019|0|49272.9765625|13.75324753595|100.86444777084|12513|7463||49272.9765625|61.25||6018.75|58.25|49272.9765625|882da2|KMI803|0|2033|-1262.5|||3|3|2|1|1|132|18|["132,18,5,3612"]|13:41:12:977
62|1.1|636136510600708009|0|49277.9765625|13.75853684421|100.86586933949|12666|8048||49277.9765625|60.25||5925|57.25|49277.9765625|882da2|KMI803|0|2033|-1237.5|||3|3|2|1|1|132|18|["132,18,5,3612"]|13:41:17:977
62|1.1|636136510650623000|0|49282.9765625|13.76389052539|100.86731236578|12822|8640||49282.9765625|59.25||5825|56.25|49282.9765625|882da2|KMI803|0|2033|-1218.75|||3|3|2|1|1|132|18|["132,18,5,3612"]|13:41:22:977
62|1.1|636136510700547992|0|49287.9609375|13.76924420657|100.86878221412|12980|9233||49287.9609375|58.25||5731.25|55.25|49287.9609375|882da2|KMI803|0|2033|-1200|||3|3|2|1|1|132|18|["132,18,5,3612"]|13:41:27:961
62|1.1|636136510750472984|0|49292.9609375|13.77453887924|100.87021451159|13135|9818||49292.9609375|57.5||5650|54.5|49292.9609375|882da2|KMI803|0|2033|-1143.75|||3|3|2|1|1|132|18|["132,18,5,3612"]|13:41:32:961
62|1.1|636136510800397976|0|49297.9375|13.77981209427|100.87163071583|13288|10402||49297.9375|56.5||5562.5|53.75|49297.9375|882da2|KMI803|0|2033|-1125|||3|3|2|1|1|132|18|["132,18,5,3612"]|13:41:37:938
62|1.1|636136510850312967|0|49302.9375|13.78501020756|100.87303619125|13440|10977||49302.9375|55.75||5487.5|52.75|49302.9375|882da2|KMI803|0|2033|-1081.25|||3|3|2|1|1|132|18|["132,18,5,3612"]|13:41:42:938
62|1.1|636136510900237959|0|49307.9375|13.79034779551|100.87452213282|13600|11568||49307.9375|54.75||5393.75|52|49307.9375|882da2|KMI803|0|2033|-1062.5|||3|3|2|1|1|132|18|["132,18,5,3612"]|13:41:47:938
62|1.1|636136510950152950|0|49312.921875|13.79566392582|100.87593833706|13753|12156||49312.921875|53.75||5287.5|51|49312.921875|882da2|KMI803|0|2033|-1100|||3|3|2|1|1|132|18|["132,18,5,3612"]|13:41:52:922
62|1.1|636136511000087943|0|49317.921875|13.80089422557|100.87734381248|13905|12735||49317.921875|53||5212.5|50|49317.921875|882da2|KMI803|0|2033|-1081.25|||3|3|2|1|1|132|18|["132,18,5,3612"]|13:41:57:922
62|1.1|636136511050002934|0|49322.8984375|13.80610306768|100.87874392349|14056|13311||49322.8984375|52||5118.75|49.25|49322.8984375|882da2|KMI803|0|2033|-1081.25|||3|3|2|1|1|132|18|["132,18,5,3612"]|13:42:02:898
62|1.1|636136511099927926|0|49327.8984375|13.81136018948|100.88017085655|14210|13893||49327.8984375|51.5||5068.75|48.5|49327.8984375|882da2|KMI803|0|2033|-1006.25|||3|3|2|1|1|132|18|["132,18,5,3612"]|13:42:07:898
62|1.1|636136511149842917|0|49332.8984375|13.81660658246|100.88161388284|14365|14473||49332.8984375|51.25||5050|48.5|49332.8984375|882da2|KMI803|0|2033|-668.75|||3|3|2|1|1|132|18|["132,18,5,3612"]|13:42:12:898
62|1.1|636136511199767909|0|49337.875|13.82184224662|100.88301935826|14517|15053||49337.875|51.5||5093.75|49|49337.875|882da2|KMI803|0|2033|0|||3|3|0|1|1|132|18|["132,18,5,3612"]|13:42:17:875
62|1.1|636136511249692901|0|49342.875|13.82709400401|100.8844355625|14670|15634||49342.875|51.5||5131.25|49.5|49342.875|882da2|KMI803|0|2033|0|||3|3|0|1|1|132|18|["132,18,5,3612"]|13:42:22:875
62|1.1|636136511299607892|0|49347.875|13.83233503258|100.88585713115|14823|16214||49347.875|51.5||5150|49.5|49347.875|882da2|KMI803|0|2033|0|||3|3|0|1|1|132|18|["132,18,5,3612"]|13:42:27:875
62|1.1|636136511349532884|0|49352.859375|13.83751168823|100.88726260657|14975|16787||49352.859375|51.5||5156.25|49.5|49352.859375|882da2|KMI803|0|2033|0|||3|3|0|1|1|132|18|["132,18,5,3612"]|13:42:32:859
62|1.1|636136511399457876|0|49357.859375|13.84270443711|100.88868953963|15129|17361||49357.859375|51.5||5156.25|49.5|49357.859375|882da2|KMI803|0|2033|0|||3|3|0|1|1|132|18|["132,18,5,3612"]|13:42:37:859
62|1.1|636136511449372867|0|49362.8359375|13.84778453338|100.89008428623|15279|17923||49362.8359375|51.25||5125|49|49362.8359375|882da2|KMI803|0|2033|0|||3|3|0|1|1|132|18|["132,18,5,3612"]|13:42:42:836
62|1.1|636136511499297859|0|49367.8359375|13.85291290934|100.89148976165|15431|18491||49367.8359375|51.25||5118.75|49|49367.8359375|882da2|KMI803|0|2033|0|||3|3|0|1|1|132|18|["132,18,5,3612"]|13:42:47:836
62|1.1|636136511549222851|0|49372.8203125|13.85781598008|100.8928576862|15578|19034||49372.8203125|51.25||5118.75|49|49372.8203125|882da2|KMI803|0|2033|0|||3|3|0|1|1|132|18|["132,18,5,3612"]|13:42:52:820
62|1.1|636136511599137842|0|49377.8203125|13.86282633902|100.89423097516|15726|19588||49377.8203125|51.25||5125|49|49377.8203125|882da2|KMI803|0|2033|0|||3|3|0|1|1|132|18|["132,18,5,3612"]|13:42:57:820
62|1.1|636136511649062834|0|49382.8203125|13.86765430802|100.8955935353|15874|20122||49382.8203125|51.25||5125|49|49382.8203125|882da2|KMI803|0|2033|0|||3|3|0|1|1|132|18|["132,18,5,3612"]|13:43:02:820
62|1.1|636136511698977825|0|49387.796875|13.87182245459|100.89684344283|16008|20583||49387.796875|51||5100|49|49387.796875|882da2|KMI803|0|2033|0|||3|3|0|1|1|132|18|["132,18,5,3612"]|13:43:07:797
62|1.1|636136511748902817|0|49392.796875|13.87625345725|100.89810407918|16144|21074||49392.796875|50||4993.75|47.75|49392.796875|882da2|KMI803|0|2033|-493.75|||3|3|2|1|1|132|18|["132,18,5,3612"]|13:43:12:797
62|1.1|636136511798827809|0|49397.78125|13.88085612103|100.89932716466|16276|21583||49397.78125|49||4862.5|46.5|49397.78125|882da2|KMI803|0|2033|-706.25|||3|3|2|1|1|132|18|["132,18,5,3612"]|13:43:17:781
62|1.1|636136511848762802|0|49402.78125|13.88561971711|100.90058780101|16412|22110||49402.78125|48||4731.25|45.25|49402.78125|882da2|KMI803|0|2033|-887.5|||3|3|2|1|1|132|18|["132,18,5,3612"]|13:43:22:781
62|1.1|636136511898677793|0|49407.78125|13.89045841493|100.90189135264|16553|22646||49407.78125|47||4612.5|44.25|49407.78125|882da2|KMI803|0|2033|-1025|||3|3|2|1|1|132|18|["132,18,5,3612"]|13:43:27:781
62|1.1|636136511948602785|0|49412.7578125|13.89498061256|100.90320563309|16694|23146||49412.7578125|46||4506.25|43.25|49412.7578125|882da2|KMI803|0|2033|-1100|||3|3|2|1|1|132|18|["132,18,5,3612"]|13:43:32:758
62|1.1|636136511998517776|0|49417.7578125|13.89965301367|100.90442871857|16826|23663||49417.7578125|45||4406.25|42|49417.7578125|882da2|KMI803|0|2033|-1143.75|||3|3|2|1|1|132|18|["132,18,5,3612"]|13:43:37:758
62|1.1|636136512048442768|0|49422.7421875|13.90435760124|100.9054104056|16932|24184||49422.7421875|44||4312.5|41|49422.7421875|882da2|KMI803|0|2033|-1181.25|||3|3|2|1|1|132|18|["132,18,5,3612"]|13:43:42:742
62|1.1|636136512098377761|0|49427.7421875|13.90918020583|100.90576445666|16970|24717||49427.7421875|43.25||4256.25|40.25|49427.7421875|882da2|KMI803|0|2033|-1125|||3|3|2|1|1|132|18|["132,18,5,3612"]|13:43:47:742
62|1.1|636136512148282751|0|49432.7421875|13.91411546303|100.90450918472|16834|25263||49432.7421875|42.25||4175|39.5|49432.7421875|882da2|KMI803|0|2033|-1100|||3|3|2|1|1|132|18|["132,18,5,3612"]|13:43:52:742
62|1.1|636136512198207743|0|49437.71875|13.91873422004|100.90049124163|16399|25774||49437.71875|41.25||4062.5|38.5|49437.71875|882da2|KMI803|0|2033|-1125|||3|3|2|1|1|132|18|["132,18,5,3612"]|13:43:57:719
62|1.1|636136512248132735|0|49442.71875|13.92267706139|100.8961299763|15927|26210||49442.71875|40.25||3962.5|37.5|49442.71875|882da2|KMI803|0|2033|-1143.75|||3|3|2|1|1|132|18|["132,18,5,3612"]|13:44:02:719
62|1.1|636136512298047726|0|49447.6953125|13.92552019869|100.8909801427|15371|26524||49447.6953125|39.25||3856.25|36.5|49447.6953125|882da2|KMI803|0|2033|-1162.5|||3|3|2|1|1|132|18|["132,18,5,3612"]|13:44:07:695
62|1.1|636136512347992720|0|49452.6953125|13.92683984355|100.88509002052|14734|26669||49452.6953125|38.25||3737.5|35.25|49452.6953125|882da2|KMI803|0|2033|-1181.25|||3|3|2|1|1|132|18|["132,18,5,3612"]|13:44:12:695
62|1.1|636136512397897710|0|49457.6953125|13.92704905554|100.87936619505|14116|26693||49457.6953125|37||3600|34.25|49457.6953125|882da2|KMI803|0|2033|-1237.5|||3|3|2|1|1|132|18|["132,18,5,3612"]|13:44:17:695
62|1.1|636136512447812701|0|49462.6796875|13.92630340255|100.87416271735|13553|26610||49462.6796875|36||3487.5|33|49462.6796875|882da2|KMI803|0|2033|-1281.25|||3|3|2|1|1|132|18|["132,18,5,3612"]|13:44:22:680
62|1.1|636136512497737693|0|49467.6796875|13.92493011359|100.86940448568|13039|26458||49467.6796875|35||3387.5|32|49467.6796875|882da2|KMI803|0|2033|-1281.25|||3|3|2|1|1|132|18|["132,18,5,3612"]|13:44:27:680
62|1.1|636136512547662685|0|49472.65625|13.92369629929|100.86494129656|12557|26321||49472.65625|34||3300|31|49472.65625|882da2|KMI803|0|2033|-1262.5|||3|3|2|1|1|132|18|["132,18,5,3612"]|13:44:32:656
62|1.1|636136512597577676|0|49477.65625|13.92076733143|100.86100918403|12132|25996||49477.65625|33||3206.25|30|49477.65625|882da2|KMI803|0|2033|-1218.75|||3|3|2|1|1|132|18|["132,18,5,3612"]|13:44:37:656
62|1.1|636136512647502668|0|49482.65625|13.91749504133|100.85756523281|11760|25634||49482.65625|32||3106.25|29|49482.65625|882da2|KMI803|0|2033|-1218.75|||3|3|2|1|1|132|18|["132,18,5,3612"]|13:44:42:656
62|1.1|636136512697437661|0|49487.640625|13.9138311493|100.8545557988|11435|25229||49487.640625|31.5||3075|28.5|49487.640625|882da2|KMI803|0|2033|-1100|||3|3|2|1|1|132|18|["132,18,5,3612"]|13:44:47:641
62|1.1|636136512747342651|0|49492.640625|13.91037646926|100.85141761895|11096|24846||49492.640625|30.75||3018.75|28|49492.640625|882da2|KMI803|0|2033|-981.25|||3|3|2|1|1|132|18|["132,18,5,3612"]|13:44:52:641
62|1.1|636136512797267643|0|49497.6171875|13.9075547896|100.84759279462|10683|24534||49497.6171875|30||2950|27.25|49497.6171875|882da2|KMI803|0|2033|-906.25|||3|3|2|1|1|132|18|["132,18,5,3612"]|13:44:57:617
62|1.1|636136512847182634|0|49502.6171875|13.90502278808|100.84339246159|10229|24254||49502.6171875|29.5||2900|26.75|49502.6171875|882da2|KMI803|0|2033|-825|||3|3|2|1|1|132|18|["132,18,5,3612"]|13:45:02:617
62|1.1|636136512897117627|0|49507.6171875|13.90243177805|100.83929405235|9786|23967||49507.6171875|29||2856.25|26.5|49507.6171875|882da2|KMI803|0|2033|-750|||3|3|2|1|1|132|18|["132,18,5,3612"]|13:45:07:617
62|1.1|636136512947032618|0|49512.6015625|13.89992123417|100.83538876187|9364|23689||49512.6015625|28.25||2775|25.75|49512.6015625|882da2|KMI803|0|2033|-731.25|||3|3|2|1|1|132|18|["132,18,5,3612"]|13:45:12:602
62|1.1|636136512996947609|0|49517.6015625|13.8973087665|100.83163903928|8959|23400||49517.6015625|27.75||2725|25.25|49517.6015625|882da2|KMI803|0|2033|-706.25|||3|3|2|1|1|132|18|["132,18,5,3612"]|13:45:17:602
62|1.1|636136513046872601|0|49522.578125|13.89454609535|100.8279483252|8560|23094||49522.578125|27.25||2681.25|24.75|49522.578125|882da2|KMI803|0|2033|-687.5|||3|3|2|1|1|132|18|["132,18,5,3612"]|13:45:22:578
62|1.1|636136513096797593|0|49527.578125|13.89163322072|100.82422542466|8158|22772||49527.578125|26.5||2600|24|49527.578125|882da2|KMI803|0|2033|-706.25|||3|3|2|1|1|132|18|["132,18,5,3612"]|13:45:27:578
62|1.1|636136513146722585|0|49532.578125|13.88882763429|100.82051861735|7757|22461||49532.578125|26||2550|23.5|49532.578125|882da2|KMI803|0|2033|-706.25|||3|3|2|1|1|132|18|["132,18,5,3612"]|13:45:32:578
62|1.1|636136513196647577|0|49537.5625|13.8859362173|100.81681717445|7357|22141||49537.5625|25.5||2506.25|23|49537.5625|882da2|KMI803|0|2033|-687.5|||3|3|2|1|1|132|18|["132,18,5,3612"]|13:45:37:563
62|1.1|636136513246562568|0|49542.5625|13.88300724944|100.81309963832|6956|21817||49542.5625|24.75||2425|22.25|49542.5625|882da2|KMI803|0|2033|-706.25|||3|3|2|1|1|132|18|["132,18,5,3612"]|13:45:42:563
62|1.1|636136513296487560|0|49547.5390625|13.88007291717|100.80939819542|6556|21492||49547.5390625|24.25||2375|21.75|49547.5390625|882da2|KMI803|0|2033|-706.25|||3|3|2|1|1|132|18|["132,18,5,3612"]|13:45:47:539
62|1.1|636136513346402551|0|49552.5390625|13.87727805956|100.80571821016|6158|21183||49552.5390625|23.75||2331.25|21.25|49552.5390625|882da2|KMI803|0|2033|-687.5|||3|3|2|1|1|132|18|["132,18,5,3612"]|13:45:52:539
62|1.1|636136513396317542|0|49557.5390625|13.87452075282|100.80208650459|5765|20877||49557.5390625|23.5||2312.5|21|49557.5390625|882da2|KMI803|0|2033|-612.5|||3|3|2|1|1|132|18|["132,18,5,3612"]|13:45:57:539
62|1.1|636136513446242534|0|49562.515625|13.87168297993|100.79840651933|5368|20564||49562.515625|23.25||2300|20.75|49562.515625|882da2|KMI803|0|2033|-493.75|||3|3|2|1|1|132|18|["132,18,5,3612"]|13:46:02:516
62|1.1|636136513496167526|0|49567.515625|13.86896322406|100.79473189848|4971|20263||49567.515625|22.5||2218.75|20.25|49567.515625|882da2|KMI803|0|2033|-512.5|||3|3|2|1|1|132|18|["132,18,5,3612"]|13:46:07:516
62|1.1|636136513546082517|0|49572.5|13.86618982409|100.79112165055|4580|19956||49572.5|21.75||2125|19.5|49572.5|882da2|KMI803|0|2033|-612.5|||3|3|2|1|1|132|18|["132,18,5,3612"]|13:46:12:500
62|1.1|636136513596007509|0|49577.5|13.86345397499|100.78749530939|4188|19653||49577.5|21.5||2106.25|19|49577.5|882da2|KMI803|0|2033|-612.5|||3|3|2|1|1|132|18|["132,18,5,3612"]|13:46:17:500
62|1.1|636136513645932501|0|49582.5|13.86068057502|100.7839065191|3801|19346||49582.5|21.25||2093.75|18.75|49582.5|882da2|KMI803|0|2033|-550|||3|3|2|1|1|132|18|["132,18,5,3612"]|13:46:22:500
62|1.1|636136513695847492|0|49587.4765625|13.85780525126|100.78055376285|3438|19028||49587.4765625|21.5||2131.25|19|49587.4765625|882da2|KMI803|0|2033|0|||3|3|0|1|1|132|18|["132,18,5,3612"]|13:46:27:477
62|1.1|636136513745772484|0|49592.4765625|13.854661707|100.77759260853|3118|18680||49592.4765625|21.5||2125|19.5|49592.4765625|882da2|KMI803|0|2033|0|||3|3|0|1|1|132|18|["132,18,5,3612"]|13:46:32:477
62|1.1|636136513795697476|0|49597.4609375|13.85070277242|100.77576870913|2921|18242||49597.4609375|21.5||2106.25|19.5|49597.4609375|882da2|KMI803|0|2033|0|||3|3|0|1|1|132|18|["132,18,5,3612"]|13:46:37:461
62|1.1|636136513845612467|0|49602.4609375|13.84534909124|100.77620322634|2968|17649||49602.4609375|21.5||2112.5|19.5|49602.4609375|882da2|KMI803|0|2033|0|||3|3|0|1|1|132|18|["132,18,5,3612"]|13:46:42:461
62|1.1|636136513895537459|0|49607.4609375|13.84051575783|100.77635879423|2985|17115||49607.4609375|21.5||2125|19.5|49607.4609375|882da2|KMI803|0|2033|0|||3|3|0|1|1|132|18|["132,18,5,3612"]|13:46:47:461
62|1.1|636136513945462451|0|49612.4375|13.83600428902|100.77677721821|3030|16616||49612.4375|21.5||2137.5|19.5|49612.4375|882da2|KMI803|0|2033|0|||3|3|0|1|1|132|18|["132,18,5,3612"]|13:46:52:438
62|1.1|636136513995227427|0|49617.4375|13.83172885425|100.77712054045|3067|16142||49617.4375|21.25||2118.75|19|49617.4375|882da2|KMI803|0|2033|0|||3|3|0|1|1|132|18|["132,18,5,3612"]|13:46:57:438
62|1.1|636136514045302434|0|49622.421875|13.82768408911|100.77699715902|3054|15695||49622.421875|21.5||2156.25|19.5|49622.421875|882da2|KMI803|0|2033|0|||3|3|0|1|1|132|18|["132,18,5,3612"]|13:47:02:422
62|1.1|636136514095067410|0|49627.421875|13.82368760366|100.77629978572|2979|15253||49627.421875|21.5||2168.75|19.5|49627.421875|882da2|KMI803|0|2033|0|||3|3|0|1|1|132|18|["132,18,5,3612"]|13:47:07:422
62|1.1|636136514144992402|0|49632.421875|13.81971794026|100.77532882751|2874|14814||49632.421875|21.5||2168.75|19.5|49632.421875|882da2|KMI803|0|2033|0|||3|3|0|1|1|132|18|["132,18,5,3612"]|13:47:12:422
62|1.1|636136514195067409|0|49637.3984375|13.81556052251|100.77394480973|2724|14354||49637.3984375|21.5||2168.75|19.5|49637.3984375|882da2|KMI803|0|2033|0|||3|3|0|1|1|132|18|["132,18,5,3612"]|13:47:17:398
62|1.1|636136514244832385|0|49642.3984375|13.8114782065|100.77277000394|2597|13902||49642.3984375|21.5||2162.5|19.5|49642.3984375|882da2|KMI803|0|2033|0|||3|3|0|1|1|132|18|["132,18,5,3612"]|13:47:22:398
62|1.1|636136514294767378|0|49647.375|13.80743880577|100.77142353703|2452|13455||49647.375|21.5||2156.25|19.5|49647.375|882da2|KMI803|0|2033|0|||3|3|0|1|1|132|18|["132,18,5,3612"]|13:47:27:375
62|1.1|636136514344672368|0|49652.375|13.8035388797|100.77017899391|2317|13024||49652.375|21.5||2156.25|19.5|49652.375|882da2|KMI803|0|2033|0|||3|3|0|1|1|132|18|["132,18,5,3612"]|13:47:32:375
62|1.1|636136514394607361|0|49657.375|13.79964431804|100.768832527|2172|12593||49657.375|21.25||2125|19|49657.375|882da2|KMI803|0|2033|0|||3|3|0|1|1|132|18|["132,18,5,3612"]|13:47:37:375
62|1.1|636136514444522352|0|49662.359375|13.79572293433|100.76751824655|2029|12159||49662.359375|20.75||2062.5|19|49662.359375|882da2|KMI803|0|2033|0|||3|3|0|1|1|132|18|["132,18,5,3612"]|13:47:42:359
62|1.1|636136514494447344|0|49667.359375|13.7918444659|100.76642927132|1912|11730||49667.359375|20||1968.75|18|49667.359375|882da2|KMI803|0|2033|-550|||3|3|2|1|1|132|18|["132,18,5,3612"]|13:47:47:359
62|1.1|636136514544362335|0|49672.3359375|13.78793381101|100.76525446553|1785|11297||49672.3359375|19||1850|16.75|49672.3359375|882da2|KMI803|0|2033|-868.75|||3|3|2|1|1|132|18|["132,18,5,3612"]|13:47:52:336
62|1.1|636136514594287327|0|49677.3359375|13.78398560525|100.76423522763|1675|10860||49677.3359375|17.75||1706.25|15.25|49677.3359375|882da2|KMI803|0|2033|-1125|||3|3|2|1|1|132|18|["132,18,5,3612"]|13:47:57:336
62|1.1|636136514644212319|0|49682.3359375|13.77992474688|100.76311943035|1554|10411||49682.3359375|16.75||1606.25|14|49682.3359375|882da2|KMI803|0|2033|-1218.75|||3|3|2|1|1|132|18|["132,18,5,3612"]|13:48:02:336
62|1.1|636136514694127310|0|49687.3203125|13.77591753261|100.76203581953|1437|9968||49687.3203125|16||1543.75|13.25|49687.3203125|882da2|KMI803|0|2033|-1181.25|||3|3|2|1|1|132|18|["132,18,5,3612"]|13:48:07:320
62|1.1|636136514744052302|0|49692.3203125|13.77192104716|100.76090929343|1315|9526||49692.3203125|15.5||1512.5|12.75|49692.3203125|882da2|KMI803|0|2033|-1025|||3|3|2|1|1|132|18|["132,18,5,3612"]|13:48:12:320
62|1.1|636136514793977294|0|49697.296875|13.76799966345|100.7598739623|1203|9092||49697.296875|14.75||1437.5|12.25|49697.296875|882da2|KMI803|0|2033|-906.25|||3|3|2|1|1|132|18|["132,18,5,3612"]|13:48:17:297
62|1.1|636136514843892285|0|49702.296875|13.76412119502|100.75887618204|1095|8663||49702.296875|14||1362.5|11.5|49702.296875|882da2|KMI803|0|2033|-868.75|||3|3|2|1|1|132|18|["132,18,5,3612"]|13:48:22:297
62|1.1|636136514893817277|0|49707.296875|13.76027491305|100.75784621532|984|8237||49707.296875|13.5||1318.75|11|49707.296875|882da2|KMI803|0|2033|-806.25|||3|3|2|1|1|132|18|["132,18,5,3612"]|13:48:27:297
62|1.1|636136514943732268|0|49712.28125|13.75653591928|100.75690207916|882|7823||49712.28125|12.75||1237.5|10.5|49712.28125|882da2|KMI803|0|2033|-787.5|||3|3|2|1|1|132|18|["132,18,5,3612"]|13:48:32:281
62|1.1|636136514993667261|0|49717.28125|13.75294176458|100.75608132443|793|7426||49717.28125|12||1162.5|9.75|49717.28125|882da2|KMI803|0|2033|-806.25|||3|3|2|1|1|132|18|["132,18,5,3612"]|13:48:37:281
62|1.1|636136515043592253|0|49722.2578125|13.74952463541|100.75529812057|708|7048||49722.2578125|11.25||1087.5|9|49722.2578125|882da2|KMI803|0|2033|-843.75|||3|3|2|1|1|132|18|["132,18,5,3612"]|13:48:42:258
62|1.1|636136515093507244|0|49727.2578125|13.74611823506|100.75437007764|608|6671||49727.2578125|10.5||1012.5|8|49727.2578125|882da2|KMI803|0|2033|-868.75|||3|3|2|1|1|132|18|["132,18,5,3612"]|13:48:47:258
62|1.1|636136515143432236|0|49732.2578125|13.74309270782|100.75360296701|525|6336||49732.2578125|10||968.75|7.5|49732.2578125|882da2|KMI803|0|2033|-825|||3|3|2|1|1|132|18|["132,18,5,3612"]|13:48:52:258
62|1.1|636136515193347227|0|49737.2421875|13.74021738406|100.75268028849|425|6018||49737.2421875|9.5||925|7|49737.2421875|882da2|KMI803|0|2033|-768.75|||3|3|2|1|1|132|18|["132,18,5,3612"]|13:48:57:242
62|1.1|636136515243282220|0|49742.2421875|13.73785167925|100.75207947457|360|5756||49742.2421875|9||875|6.75|49742.2421875|882da2|KMI803|0|2033|-706.25|||3|3|2|1|1|132|18|["132,18,5,3612"]|13:49:02:242
62|1.1|636136515293197211|0|49747.21875|13.73539477947|100.75140892332|288|5484||49747.21875|8.5||825|6.25|49747.21875|882da2|KMI803|0|2033|-650|||3|3|2|1|1|132|18|["132,18,5,3612"]|13:49:07:219
62|1.1|636136515343112202|0|49752.21875|13.73277694739|100.75065254151|206|5195||49752.21875|8||775|5.75|49752.21875|882da2|KMI803|0|2033|-612.5|||3|3|2|1|1|132|18|["132,18,5,3612"]|13:49:12:219
62|1.1|636136515393037194|0|49757.21875|13.73023958146|100.75003026995|139|4914||49757.21875|7.5||725|5.25|49757.21875|882da2|KMI803|0|2033|-612.5|||3|3|2|1|1|132|18|["132,18,5,3612"]|13:49:17:219
62|1.1|636136515442962186|0|49762.1953125|13.72732670683|100.74912904907|41|4592||49762.1953125|7||675|4.75|49762.1953125|882da2|KMI803|0|2033|-587.5|||3|3|2|1|1|132|18|["132,18,5,3612"]|13:49:22:195
62|1.1|636136515492877177|0|49767.1953125|13.72470351034|100.74851214192|-25|4302||49767.1953125|6.5||625|4.25|49767.1953125|882da2|KMI803|0|2033|-587.5|||3|3|2|1|1|132|18|["132,18,5,3612"]|13:49:27:195
62|1.1|636136515542802169|0|49772.1796875|13.72184964422|100.74771820924|-112|3986||49772.1796875|5.75||543.75|3.5|49772.1796875|882da2|KMI803|0|2033|-650|||3|3|2|1|1|132|18|["132,18,5,3612"]|13:49:32:180
62|1.1|636136515592717160|0|49777.1796875|13.71924254096|100.74722468352|-165|3697||49777.1796875|5.25||500|3|49777.1796875|882da2|KMI803|0|2033|-668.75|||3|3|2|1|1|132|18|["132,18,5,3612"]|13:49:37:180
62|1.1|636136515642642152|0|49782.1796875|13.71632966633|100.74642002202|-252|3375||49782.1796875|4.75||450|2.5|49782.1796875|882da2|KMI803|0|2033|-668.75|||3|3|2|1|1|132|18|["132,18,5,3612"]|13:49:42:180
62|1.1|636136515692567144|0|49787.15625|13.7134167917|100.74560999611|-339|3053||49787.15625|4.5||437.5|2|49787.15625|882da2|KMI803|0|2033|-612.5|||3|3|2|1|1|132|18|["132,18,5,3612"]|13:49:47:156
62|1.1|636136515742482135|0|49792.15625|13.71060584086|100.74486970753|-420|2742||49792.15625|4.5||418.75|1.75|49792.15625|882da2|KMI803|0|2033|-612.5|||3|3|2|1|1|132|18|["132,18,5,3612"]|13:49:52:156
62|1.1|636136515792407127|0|49797.140625|13.70760713567|100.74412941895|-500|2410||49797.140625|3.25||281.25|1|49797.140625|882da2|KMI803|0|2033|-631.25|||3|3|2|1|1|132|18|["132,18,5,3612"]|13:49:57:141
62|1.1|636136515842332119|0|49802.140625|13.70472108309|100.74347496093|-571|2091||49802.140625|2.75||256.25|0.5|49802.140625|882da2|KMI803|0|2033|-631.25|||3|3|2|1|1|132|18|["132,18,5,3612"]|13:50:02:141
62|1.1|636136515892257111|0|49807.140625|13.70187258138|100.74273467235|-650|1776||49807.140625|2.75||206.25|0|49807.140625|882da2|KMI803|0|2033|-631.25|||3|3|2|1|1|132|18|["132,18,5,3612"]|13:50:07:141
62|1.1|636136515942172102|0|49812.1171875|13.69902944408|100.74202120582|-728|1461||49812.1171875|2.75||162.5|8191.5|49812.1171875|882da2|KMI803|0|2033|-631.25|||3|3|2|1|1|132|18|["132,18,5,3612"]|13:50:12:117
62|1.1|636136515992097094|0|49817.1171875|13.69617557796|100.74128628165|-807|1145||49817.1171875|2.75||118.75|8191|49817.1171875|882da2|KMI803|0|2033|-631.25|||3|3|2|1|1|132|18|[]|13:50:17:117
62|1.1|636136516042012085|0|49822.1015625|13.69333244066|100.74055672189|-886|831||49822.1015625|2.75||75|8190.25|49822.1015625|882da2|KMI803|0|2033|-631.25|||3|3|2|1|1|132|18|[]|13:50:22:102
