62|1.1|636136510304308372|0|49248.3359375|16.87221743374|99.52210609213|-130812|353040||49248.3359375|320||31975|320|49248.3359375|8832aa|TLM520|0|2608|0|||3|3|0|1|1|132|98|["132,18,5,3639","132,98,5,3859","132,114,5,444","132,178,5,1824","132,146,5,1790"]|13:40:48:336
62|1.1|636136510354233364|0|49253.3359375|16.88223278721|99.51853875948|-131187|354152||49253.3359375|320||31993.75|320|49253.3359375|8832aa|TLM520|0|2608|0|||3|3|0|1|1|132|98|["132,18,5,3639","132,98,5,3859","132,114,5,444","132,178,5,1824","132,146,5,1790"]|13:40:53:336
62|1.1|636136510404148355|0|49258.3203125|16.89219986099|99.51507871503|-131549|355258||49258.3203125|320||32006.25|320|49258.3203125|8832aa|TLM520|0|2608|0|||3|3|0|1|1|132|98|["132,18,5,3639","132,98,5,3859","132,114,5,444","132,178,5,1824","132,146,5,1790"]|13:40:58:320
62|1.1|636136510454073347|0|49263.3203125|16.90232786707|99.51177423847|-131895|356382||49263.3203125|320||32012.5|320|49263.3203125|8832aa|TLM520|0|2608|0|||3|3|0|1|1|132|18|["132,18,5,3639","132,98,5,3859","132,114,5,444","132,178,5,1824","132,146,5,1790"]|13:41:03:320
62|1.1|636136510503988338|0|49268.296875|16.91242368669|99.5085180416|-132236|357502||49268.296875|320||32012.5|320|49268.296875|8832aa|TLM520|0|2608|0|||3|3|0|1|1|132|18|["132,18,5,3639","132,98,5,3859","132,114,5,444","132,178,4,1824","132,146,5,1790"]|13:41:08:297
62|1.1|636136510553913330|0|49273.296875|16.92189723475|99.50540131939|-132562|358553||49273.296875|320||32031.25|320|49273.296875|8832aa|TLM520|0|2608|0|||3|3|0|1|1|132|18|["132,18,5,3639","132,98,5,3859","132,114,5,444","132,178,4,1824","132,146,5,1790"]|13:41:13:297
62|1.1|636136510603838322|0|49278.296875|16.9321164358|99.50223095308|-132894|359687||49278.296875|320||32037.5|320|49278.296875|8832aa|TLM520|0|2608|0|||3|3|0|1|1|132|18|["132,18,5,3639","132,98,5,3859","132,114,5,444","132,178,4,1824","132,146,5,1790"]|13:41:18:297
62|1.1|636136510653753313|0|49283.28125|16.9424697471|99.49873335776|-133260|360836||49283.28125|320||31981.25|320|49283.28125|8832aa|TLM520|0|2608|0|||3|3|0|1|1|132|18|["132,18,5,3639","132,98,5,3859","132,114,5,444","132,178,4,1824","132,146,5,1790"]|13:41:23:281
62|1.1|636136510703688306|0|49288.28125|16.95275868548|99.49541815238|-133607|361977||49288.28125|319.5||31975|319.75|49288.28125|8832aa|TLM520|0|2608|0|||3|3|0|1|1|132|18|["132,18,5,3639","132,98,5,3859","132,114,5,444","132,178,4,1824","132,146,5,1790"]|13:41:28:281
62|1.1|636136510753593296|0|49293.2578125|16.96298861535|99.49203320967|-133961|363113||49293.2578125|318.5||31950|318|49293.2578125|8832aa|TLM520|0|2608|-981.25|||3|3|2|1|1|132|18|["132,18,5,3639","132,98,5,3859","132,114,5,444","132,178,4,1824","132,146,5,1790"]|13:41:33:258
62|1.1|636136510803518288|0|49298.2578125|16.97204373943|99.48872873311|-134308|364118||49298.2578125|317.25||31787.5|317|49298.2578125|8832aa|TLM520|0|2608|-1262.5|||3|3|2|1|1|132|18|["132,18,5,3639","132,98,5,3859","132,114,5,444","132,146,5,1790"]|13:41:38:258
62|1.1|636136510853443280|0|49303.2578125|16.98139390606|99.48537061245|-134660|365156||49303.2578125|316||31675|315.75|49303.2578125|8832aa|TLM520|0|2608|-1356.25|||3|3|2|1|1|132|18|["132,18,5,3639","132,98,5,3859","132,114,5,444","132,146,5,1790"]|13:41:43:258
62|1.1|636136510903368272|0|49308.2421875|16.99161847152|99.48202858502|-135009|366291||49308.2421875|314.5||31506.25|314.25|49308.2421875|8832aa|TLM520|0|2608|-1575|||3|3|2|1|1|132|18|["132,18,5,3639","132,98,5,3859","132,114,5,444","132,146,5,1790"]|13:41:48:242
62|1.1|636136510953283263|0|49313.2421875|17.00203079133|99.47872947287|-135354|367446||49313.2421875|312.5||31287.5|312.5|49313.2421875|8832aa|TLM520|0|2608|-1712.5|||3|3|2|1|1|132|147|["132,18,5,3639","132,98,5,3859","132,114,5,444","132,146,5,1790"]|13:41:53:242
62|1.1|636136511003208255|0|49318.21875|17.012153433|99.47535525898|-135707|368569||49318.21875|311||31112.5|311|49318.21875|8832aa|TLM520|0|2608|-1768.75|||3|3|2|1|1|132|147|["132,18,5,3639","132,98,5,3859","132,114,5,444","132,146,5,1790"]|13:41:58:219
62|1.1|636136511053143248|0|49323.21875|17.02220633734|99.47203468919|-136054|369685||49323.21875|310.25||30956.25|306.5|49323.21875|8832aa|TLM520|0|2608|-1768.75|||3|3|2|1|1|132|18|["132,18,5,3639","132,98,5,3859","132,114,5,444","132,146,5,1790"]|13:42:03:219
62|1.1|636136511103048238|0|49328.21875|17.03222705522|99.46903061959|-136368|370797||49328.21875|308.25||30793.75|305.25|49328.21875|8832aa|TLM520|0|2608|-1768.75|||3|3|2|1|1|132|98|["132,18,5,3639","132,98,5,3859","132,114,5,444","132,146,5,1790"]|13:42:08:219
62|1.1|636136511152973230|0|49333.1953125|17.04193127291|99.46577442272|-136709|371874||49333.1953125|307||30643.75|303.5|49333.1953125|8832aa|TLM520|0|2608|-1812.5|||3|3|2|1|1|132|98|["132,18,5,3639","132,98,5,3859","132,114,5,444","132,146,5,1790"]|13:42:13:195
62|1.1|636136511202898222|0|49338.1953125|17.0514745583|99.46232510709|-137070|372933||49338.1953125|305||30500|302|49338.1953125|8832aa|TLM520|0|2608|-1831.25|||3|3|2|1|1|132|147|["132,18,5,3639","132,98,5,3859","132,114,5,444","132,146,5,1790"]|13:42:18:195
62|1.1|636136511252823214|0|49343.1796875|17.06054577561|99.45942832569|-137373|373940||49343.1796875|303.75||30368.75|300.25|49343.1796875|8832aa|TLM520|0|2608|-1868.75|||3|3|2|1|1|132|18|["132,18,5,3639","132,98,5,3859","132,114,5,444","132,146,5,1790"]|13:42:23:180
62|1.1|636136511302738205|0|49348.1796875|17.07038410355|99.45630623907|-137699|375032||49348.1796875|301.75||30225|298.5|49348.1796875|8832aa|TLM520|0|2608|-2025|||3|3|2|1|1|132|18|["132,18,5,3639","132,98,5,3859","132,114,5,444","132,146,5,1790"]|13:42:28:180
62|1.1|636136511352673198|0|49353.1796875|17.07917637154|99.45307149984|-138038|376008||49353.1796875|300||29993.75|296.5|49353.1796875|8832aa|TLM520|0|2608|-2206.25|||3|3|2|1|1|132|18|["132,18,5,3639","132,98,5,3859","132,114,5,444","132,146,5,1790"]|13:42:33:180
62|1.1|636136511402598190|0|49358.15625|17.08927755557|99.44963827744|-138397|377129||49358.15625|298.5||29793.75|294.75|49358.15625|8832aa|TLM520|0|2608|-2143.75|||3|3|2|1|1|132|18|["132,18,5,3639","132,98,5,3859","132,114,5,444","132,146,5,1790"]|13:42:38:156
62|1.1|636136511452523182|0|49363.15625|17.09835413729|99.44640890262|-138735|378137||49363.15625|297.25||29668.75|293.75|49363.15625|8832aa|TLM520|0|2608|-1793.75|||3|3|2|1|1|132|18|["132,18,5,3639","132,98,5,3859","132,114,5,444","132,146,5,1790"]|13:42:43:156
62|1.1|636136511502428172|0|49368.140625|17.1080690838|99.44320098544|-139070|379215||49368.140625|295.75||29518.75|292.25|49368.140625|8832aa|TLM520|0|2608|-1675|||3|3|2|1|1|132|18|["132,18,5,3639","132,98,5,3859","132,114,5,444","132,146,5,1790"]|13:42:48:141
62|1.1|636136511552343163|0|49373.140625|17.11694181794|99.44000379708|-139405|380200||49373.140625|294.25||29400|291|49373.140625|8832aa|TLM520|0|2608|-1631.25|||3|3|2|1|1|132|18|["132,18,5,3639","132,98,5,3859","132,114,5,444","132,146,5,1790"]|13:42:53:141
62|1.1|636136511602268155|0|49378.140625|17.12693571377|99.43655984586|-139765|381309||49378.140625|292.5||29212.5|289|49378.140625|8832aa|TLM520|0|2608|-1931.25|||3|3|2|1|1|132|18|["132,18,5,3639","132,98,5,3859","132,114,5,444","132,146,5,1790"]|13:42:58:141
62|1.1|636136511652193147|0|49383.1171875|17.13662383823|99.43338947955|-140096|382385||49383.1171875|290.75||29050|287.25|49383.1171875|8832aa|TLM520|0|2608|-2087.5|||3|3|2|1|1|132|18|["132,18,5,3639","132,98,5,3859","132,114,5,444","132,146,5,1790"]|13:43:03:117
62|1.1|636136511702118139|0|49388.1171875|17.14633342033|99.43013864709|-140436|383462||49388.1171875|289||28881.25|285.5|49388.1171875|8832aa|TLM520|0|2608|-2106.25|||3|3|2|1|1|132|18|["132,18,5,3639","132,98,5,3859","132,114,5,444","132,146,5,1790"]|13:43:08:117
62|1.1|636136511752043131|0|49393.1015625|17.15564067168|99.42653376357|-140813|384496||49393.1015625|287.5||28687.5|283.75|49393.1015625|8832aa|TLM520|0|2608|-2050|||3|3|2|1|1|132|18|["132,18,5,3639","132,98,5,3859","132,114,5,444","132,146,5,1790"]|13:43:13:102
62|1.1|636136511801958122|0|49398.1015625|17.16429346501|99.42326147347|-141156|385457||49398.1015625|285.75||28556.25|285.25|49398.1015625|8832aa|TLM520|0|2608|-2006.25|||3|3|2|1|1|132|18|["132,18,5,3639","132,98,5,3859","132,114,5,444","132,146,5,1790"]|13:43:18:102
62|1.1|636136511851873113|0|49403.1015625|17.17391721655|99.41986580194|-141511|386525||49403.1015625|284||28368.75|283.5|49403.1015625|8832aa|TLM520|0|2608|-2025|||3|3|2|1|1|132|18|["132,18,5,3639","132,98,5,3859","132,114,5,444","132,146,5,1790"]|13:43:23:102
62|1.1|636136511901818107|0|49408.078125|17.18336394256|99.41661496948|-141851|387574||49408.078125|282.5||28206.25|282|49408.078125|8832aa|TLM520|0|2608|-1987.5|||3|3|2|1|1|132|18|["132,18,5,3639","132,98,5,3859","132,114,5,444","132,146,5,1790"]|13:43:28:078
62|1.1|636136511951723097|0|49413.078125|17.19288577031|99.41332658615|-142195|388631||49413.078125|280.5||28018.75|280.25|49413.078125|8832aa|TLM520|0|2608|-1987.5|||3|3|2|1|1|132|98|["132,18,5,3639","132,98,5,3859","132,114,5,444","132,146,5,1790"]|13:43:33:078
62|1.1|636136512001648089|0|49418.0625|17.2011415973|99.41011330456|-142531|389548||49418.0625|279||27906.25|278.75|49418.0625|8832aa|TLM520|0|2608|-1950|||3|3|2|1|1|132|98|["132,18,5,3639","132,98,5,3859","132,114,5,444","132,146,5,1790"]|13:43:38:063
62|1.1|636136512051563080|0|49423.0625|17.2108511794|99.406808828|-142876|390625||49423.0625|277.5||27706.25|277|49423.0625|8832aa|TLM520|0|2608|-1968.75|||3|3|2|1|1|132|18|["132,18,5,3639","132,98,5,3859","132,114,5,444","132,146,5,1790"]|13:43:43:063
62|1.1|636136512101488072|0|49428.0625|17.22021207485|99.40353117349|-143219|391665||49428.0625|275.75||27537.5|275.25|49428.0625|8832aa|TLM520|0|2608|-1968.75|||3|3|2|1|1|132|18|["132,18,5,3639","132,98,5,3859","132,114,5,444","132,146,5,1790"]|13:43:48:063
62|1.1|636136512151403063|0|49433.0390625|17.22945495328|99.40030716308|-143556|392691||49433.0390625|274.25||27362.5|273.75|49433.0390625|8832aa|TLM520|0|2608|-1987.5|||3|3|2|1|1|132|18|["132,18,5,3639","132,98,5,3859","132,114,5,444","132,146,5,1790"]|13:43:53:039
62|1.1|636136512201328055|0|49438.0390625|17.23880511991|99.39707242385|-143893|393729||49438.0390625|272.5||27193.75|272|49438.0390625|8832aa|TLM520|0|2608|-1950|||3|3|2|1|1|132|18|["132,18,5,3639","132,98,5,3859","132,114,5,444","132,146,5,1790"]|13:43:58:039
62|1.1|636136512251263048|0|49443.015625|17.24815528654|99.39392887959|-144222|394767||49443.015625|270.75||27012.5|270.25|49443.015625|8832aa|TLM520|0|2608|-1987.5|||3|3|2|1|1|132|18|["132,18,5,3639","132,98,5,3859","132,114,5,444","132,146,5,1790"]|13:44:03:016
62|1.1|636136512301168038|0|49448.015625|17.25737134292|99.39071023359|-144558|395790||49448.015625|268.5||26818.75|268.25|49448.015625|8832aa|TLM520|0|2608|-2162.5|||3|3|2|1|1|132|18|["132,18,5,3639","132,98,5,3859","132,114,5,444","132,146,5,1790"]|13:44:08:016
62|1.1|636136512351093030|0|49453.015625|17.26659812812|99.38751840964|-144891|396815||49453.015625|266.25||26600|266|49453.015625|8832aa|TLM520|0|2608|-2418.75|||3|3|2|1|1|132|18|["132,18,5,3639","132,98,5,3859","132,114,5,444","132,146,5,1790"]|13:44:13:016
62|1.1|636136512401028023|0|49458|17.27585173537|99.38443387389|-145213|397842||49458|264.25||26387.5|263.5|49458|8832aa|TLM520|0|2608|-2618.75|||3|3|2|1|1|132|18|["132,18,5,3639","132,98,5,3859","132,114,5,444","132,146,5,1790"]|13:44:18:000
62|1.1|636136512450933013|0|49463|17.28515898672|99.38139225342|-145530|398875||49463|262.25||26181.25|261.5|49463|8832aa|TLM520|0|2608|-2537.5|||3|3|2|1|1|132|18|["132,18,5,3639","132,98,5,3859","132,114,5,444"]|13:44:23:000
62|1.1|636136512500858005|0|49467.9765625|17.29444478043|99.37823261593|-145860|399906||49467.9765625|260.25||25968.75|259.5|49467.9765625|8832aa|TLM520|0|2608|-2481.25|||3|3|2|1|1|132|18|["132,18,5,3639","132,98,5,3859","132,114,5,444"]|13:44:27:977
62|1.1|636136512550782997|0|49472.9765625|17.30368229445|99.37501396993|-146196|400932||49472.9765625|259.5||25775|257.75|49472.9765625|8832aa|TLM520|0|2608|-2443.75|||3|3|2|1|1|132|114|["132,18,5,3639","132,98,5,3859","132,114,5,444"]|13:44:32:977
62|1.1|636136512600717990|0|49477.9765625|17.31317730015|99.37190797654|-146520|401986||49477.9765625|257||25593.75|256.5|49477.9765625|8832aa|TLM520|0|2608|-2087.5|||3|3|2|1|1|132|18|["132,18,5,3639","132,98,5,3859","132,114,5,444"]|13:44:37:977
62|1.1|636136512650622980|0|49482.9609375|17.3223772633|99.36836210153|-146891|403008||49482.9609375|255.75||25425|255.25|49482.9609375|8832aa|TLM520|0|2608|-1850|||3|3|2|1|1|132|18|["132,18,5,3639","132,98,5,3859","132,114,5,444","132,146,4,1790"]|13:44:42:961
62|1.1|636136512700547972|0|49487.9609375|17.33207611658|99.36504153174|-147237|404085||49487.9609375|254.25||25256.25|254|49487.9609375|8832aa|TLM520|0|2608|-1731.25|||3|3|2|1|1|132|18|["132,18,5,3639","132,98,5,3859","132,114,5,444","132,146,4,1790"]|13:44:47:961
62|1.1|636136512750472964|0|49492.9375|17.34139946116|99.36159221611|-147597|405120||49492.9375|252.75||25137.5|252.5|49492.9375|8832aa|TLM520|0|2608|-1712.5|||3|3|2|1|1|132|18|["132,18,5,3639","132,98,5,3859","132,114,5,444","132,146,4,1790"]|13:44:52:938
62|1.1|636136512800387955|0|49497.9375|17.35118950941|99.3583145616|-147939|406207||49497.9375|251.5||25012.5|251|49497.9375|8832aa|TLM520|0|2608|-1712.5|||3|3|2|1|1|132|18|["132,18,5,3639","132,98,5,3859","132,114,5,444","132,146,4,1790"]|13:44:57:938
62|1.1|636136512850302946|0|49502.9375|17.36079716772|99.35495107653|-148290|407274||49502.9375|250||24887.5|249.5|49502.9375|8832aa|TLM520|0|2608|-1712.5|||3|3|2|1|1|132|18|["132,18,5,3639","132,98,5,3859","132,114,5,444","132,146,4,1790"]|13:45:02:938
62|1.1|636136512900227938|0|49507.921875|17.3704423769|99.35156076941|-148644|408345||49507.921875|248.75||24737.5|248.25|49507.921875|8832aa|TLM520|0|2608|-1712.5|||3|3|2|1|1|132|98|["132,18,5,3639","132,98,5,3859","132,114,5,444","132,146,4,1790"]|13:45:07:922
62|1.1|636136512950162931|0|49512.921875|17.38006612844|99.34808999614|-149006|409414||49512.921875|247.25||24600|246.75|49512.921875|8832aa|TLM520|0|2608|-1693.75|||3|3|2|1|1|132|98|["132,18,5,3639","132,98,5,3859","132,114,5,444","132,146,4,1790"]|13:45:12:922
62|1.1|636136513000077922|0|49517.8984375|17.38984544787|99.34476406194|-149353|410500||49517.8984375|245.75||24456.25|245.25|49517.8984375|8832aa|TLM520|0|2608|-1731.25|||3|3|2|1|1|132|98|["132,18,5,3639","132,98,5,3859","132,114,5,444","132,146,4,1790"]|13:45:17:898
62|1.1|636136513050002914|0|49522.8984375|17.39949065705|99.34132011072|-149712|411571||49522.8984375|244||24287.5|243.5|49522.8984375|8832aa|TLM520|0|2608|-1931.25|||3|3|2|1|1|132|98|["132,18,5,3639","132,98,5,3859","132,114,5,444","132,146,4,1790"]|13:45:22:898
62|1.1|636136513099917905|0|49527.8984375|17.40925924766|99.33798881211|-150060|412655||49527.8984375|241.75||24087.5|240.75|49527.8984375|8832aa|TLM520|0|2608|-2693.75|||3|3|2|1|1|132|98|["132,18,5,3639","132,98,5,3859","132,114,5,444","132,146,4,1790"]|13:45:27:898
62|1.1|636136513149852898|0|49532.875|17.41890982125|99.33456095412|-150417|413727||49532.875|240||23881.25|238.5|49532.875|8832aa|TLM520|0|2608|-2618.75|||3|3|2|1|1|132|98|["132,18,5,3639","132,98,5,3859","132,114,5,444","132,146,4,1790"]|13:45:32:875
62|1.1|636136513199757888|0|49537.875|17.42861403894|99.33120283346|-150767|414805||49537.875|238.25||23668.75|236.75|49537.875|8832aa|TLM520|0|2608|-2537.5|||3|3|2|1|1|132|98|["132,98,5,3859","132,114,5,444"]|13:45:37:875
62|1.1|636136513249682880|0|49542.859375|17.438087587|99.3277374246|-151129|415857||49542.859375|236.5||23481.25|235|49542.859375|8832aa|TLM520|0|2608|-2362.5|||3|3|2|1|1|132|114|["132,98,5,3859","132,114,5,444"]|13:45:42:859
62|1.1|636136513299607872|0|49547.859375|17.44765769444|99.32436857512|-151480|416920||49547.859375|235||23300|233.5|49547.859375|8832aa|TLM520|0|2608|-2206.25|||3|3|2|1|1|132|114|["132,98,5,3859","132,114,5,444"]|13:45:47:859
62|1.1|636136513349522863|0|49552.859375|17.45732436126|99.32111774266|-151819|417993||49552.859375|234||23168.75|232.5|49552.859375|8832aa|TLM520|0|2608|-1850|||3|3|2|1|1|132|114|["132,98,5,3859","132,114,5,444"]|13:45:52:859
62|1.1|636136513399467857|0|49557.8359375|17.46671207876|99.31777571523|-152167|419036||49557.8359375|233.25||23100|232.5|49557.8359375|8832aa|TLM520|0|2608|-1181.25|||3|3|2|1|1|132|114|["132,98,5,3859","132,114,5,444"]|13:45:57:836
62|1.1|636136513449372847|0|49562.8359375|17.47621781328|99.31462680656|-152495|420091||49562.8359375|232.75||23062.5|232.5|49562.8359375|8832aa|TLM520|0|2608|-868.75|||3|3|2|1|1|132|114|["132,98,5,3859","132,114,5,444"]|13:46:02:836
62|1.1|636136513499297839|0|49567.8203125|17.48547142053|99.3113759741|-152834|421119||49567.8203125|232.25||23050|231.75|49567.8203125|8832aa|TLM520|0|2608|-668.75|||3|3|2|1|1|132|114|["132,98,5,3859","132,114,5,444"]|13:46:07:820
62|1.1|636136513549222831|0|49572.8203125|17.49482158716|99.30826998071|-153157|422157||49572.8203125|231.75||23037.5|231.5|49572.8203125|8832aa|TLM520|0|2608|-587.5|||3|3|2|1|1|132|114|["132,98,5,3859","132,114,5,444"]|13:46:12:820
62|1.1|636136513599147823|0|49577.8203125|17.50387671124|99.30517471614|-153479|423163||49577.8203125|231.25||23037.5|231|49577.8203125|8832aa|TLM520|0|2608|-587.5|||3|3|2|1|1|132|114|["132,98,5,3859","132,114,5,444"]|13:46:17:820
62|1.1|636136513649062814|0|49582.796875|17.51222909761|99.30234767207|-153774|424091||49582.796875|230.5||23031.25|230.5|49582.796875|8832aa|TLM520|0|2608|-612.5|||3|3|2|1|1|132|98|["132,98,5,3859","132,114,5,444"]|13:46:22:797
62|1.1|636136513698997807|0|49587.796875|17.52064049249|99.29912366166|-154110|425025||49587.796875|230||22962.5|230|49587.796875|8832aa|TLM520|0|2608|-612.5|||3|3|2|1|1|132|98|["132,98,5,3859","132,114,5,444"]|13:46:27:797
62|1.1|636136513748922799|0|49592.78125|17.52928792141|99.29622151585|-154412|425985||49592.78125|229.5||22912.5|229.25|49592.78125|8832aa|TLM520|0|2608|-612.5|||3|3|2|1|1|132|98|["132,98,5,3859","132,114,5,444"]|13:46:32:781
62|1.1|636136513798827789|0|49597.78125|17.53785488418|99.29335692091|-154710|426937||49597.78125|229||22875|229|49597.78125|8832aa|TLM520|0|2608|-650|||3|3|2|1|1|132|98|["132,98,5,3859","132,114,5,444"]|13:46:37:781
62|1.1|636136513848742780|0|49602.78125|17.546448669|99.29060497858|-154996|427891||49602.78125|228.5||22818.75|228.5|49602.78125|8832aa|TLM520|0|2608|-631.25|||3|3|2|1|1|132|98|["132,98,5,3859","132,114,5,444"]|13:46:42:781
62|1.1|636136513898667772|0|49607.7578125|17.55469913158|99.28760090898|-155309|428808||49607.7578125|228||22775|225|49607.7578125|8832aa|TLM520|0|2608|-612.5|||3|3|2|1|1|132|98|["132,98,5,3859","132,114,5,444"]|13:46:47:758
62|1.1|636136513948592764|0|49612.7578125|17.56296568739|99.28470412758|-155611|429726||49612.7578125|227.5||22725|224.5|49612.7578125|8832aa|TLM520|0|2608|-612.5|||3|3|2|1|1|132|98|["132,98,5,3859","132,114,5,444"]|13:46:52:758
62|1.1|636136513998497754|0|49617.7421875|17.57114104823|99.28184489705|-155909|430634||49617.7421875|226.75||22675|223.75|49617.7421875|8832aa|TLM520|0|2608|-612.5|||3|3|2|1|1|132|98|["132,98,5,3859","132,114,5,444"]|13:46:57:742
62|1.1|636136514048422746|0|49622.7421875|17.57928422261|99.27895348006|-156210|431538||49622.7421875|226.25||22612.5|223|49622.7421875|8832aa|TLM520|0|2608|-650|||3|3|2|1|1|132|114|["132,98,5,3859","132,114,5,444"]|13:47:02:742
62|1.1|636136514098347738|0|49627.7421875|17.58733083761|99.27612107158|-156505|432432||49627.7421875|225.75||22556.25|222.5|49627.7421875|8832aa|TLM520|0|2608|-631.25|||3|3|2|1|1|132|114|["132,98,5,3859","132,114,5,444"]|13:47:07:742
62|1.1|636136514148272730|0|49632.71875|17.59529162205|99.27334767161|-156793|433317||49632.71875|225.5||22518.75|222|49632.71875|8832aa|TLM520|0|2608|-612.5|||3|3|2|1|1|132|114|["132,98,5,3859","132,114,5,444"]|13:47:12:719
62|1.1|636136514198197722|0|49637.71875|17.60324704208|99.27074593276|-157064|434200||49637.71875|224.75||22475|221.75|49637.71875|8832aa|TLM520|0|2608|-631.25|||3|3|2|1|1|132|114|["132,98,5,3859","132,114,5,444"]|13:47:17:719
62|1.1|636136514248112713|0|49642.6953125|17.61093424161|99.26790815987|-157359|435054||49642.6953125|223.75||22400|220.75|49642.6953125|8832aa|TLM520|0|2608|-806.25|||3|3|2|1|1|132|114|["132,98,5,3859","132,114,5,444"]|13:47:22:695
62|1.1|636136514297907692|0|49647.6953125|17.61869117847|99.26511330226|-157650|435916||49647.6953125|222.75||22293.75|219.5|49647.6953125|8832aa|TLM520|0|2608|-1025|||3|3|2|1|1|132|114|["132,98,5,3859","132,114,5,444"]|13:47:27:695
62|1.1|636136514347832684|0|49652.6953125|17.62643738651|99.2623989108|-157933|436776||49652.6953125|221.5||22175|218|49652.6953125|8832aa|TLM520|0|2608|-1181.25|||3|3|2|1|1|132|114|["132,98,5,3859","132,114,5,444"]|13:47:32:695
62|1.1|636136514397877688|0|49657.6796875|17.63414067927|99.25973816344|-158209|437632||49657.6796875|220.25||22050|216.75|49657.6796875|8832aa|TLM520|0|2608|-1337.5|||3|3|2|1|1|132|114|["132,98,5,3859","132,114,5,444"]|13:47:37:680
62|1.1|636136514447652665|0|49662.6796875|17.64175277706|99.25690039055|-158505|438477||49662.6796875|219||21900|215.25|49662.6796875|8832aa|TLM520|0|2608|-1456.25|||3|3|2|1|1|132|114|["132,98,5,3859","132,114,5,444"]|13:47:42:680
62|1.1|636136514497577657|0|49667.65625|17.64931659516|99.25412162617|-158795|439318||49667.65625|217.25||21750|214|49667.65625|8832aa|TLM520|0|2608|-1493.75|||3|3|2|1|1|132|98|["132,98,5,3859","132,114,5,444"]|13:47:47:656
62|1.1|636136514547512650|0|49672.65625|17.6568482268|99.25127848887|-159091|440155||49672.65625|216||21612.5|212.75|49672.65625|8832aa|TLM520|0|2608|-1518.75|||3|3|2|1|1|132|98|["132,98,5,3859","132,114,5,444"]|13:47:52:656
62|1.1|636136514597437642|0|49677.65625|17.66442277372|99.2484514448|-159385|440996||49677.65625|214.75||21462.5|211.5|49677.65625|8832aa|TLM520|0|2608|-1537.5|||3|3|2|1|1|132|98|["132,98,5,3859","132,114,5,444"]|13:47:57:656
62|1.1|636136514647352633|0|49682.640625|17.67188466803|99.24559757868|-159683|441826||49682.640625|213.5||21318.75|210|49682.640625|8832aa|TLM520|0|2608|-1575|||3|3|2|1|1|132|98|["132,98,5,3859","132,114,5,444"]|13:48:02:641
62|1.1|636136514697257623|0|49687.640625|17.67957186756|99.24299047542|-159953|442679||49687.640625|212.25||21168.75|208.75|49687.640625|8832aa|TLM520|0|2608|-1593.75|||3|3|2|1|1|132|98|["132,98,5,3859","132,114,5,444"]|13:48:07:641
62|1.1|636136514747192616|0|49692.6171875|17.6871571433|99.24038873657|-160224|443522||49692.6171875|211||21018.75|208|49692.6171875|8832aa|TLM520|0|2608|-1631.25|||3|3|2|1|1|132|98|["132,98,5,3859","132,114,5,444"]|13:48:12:617
62|1.1|636136514797127609|0|49697.6171875|17.69485507165|99.23791574356|-160480|444377||49697.6171875|209.75||20893.75|205.75|49697.6171875|8832aa|TLM520|0|2608|-1612.5|||3|3|2|1|1|132|98|["132,98,5,3859","132,114,5,444"]|13:48:17:617
62|1.1|636136514847032599|0|49702.6171875|17.70239743211|99.23524963179|-160758|445215||49702.6171875|208.5||20762.5|204.75|49702.6171875|8832aa|TLM520|0|2608|-1575|||3|3|2|1|1|132|114|["132,98,5,3859","132,114,5,444"]|13:48:22:617
62|1.1|636136514896947590|0|49707.6015625|17.71004708077|99.23271226586|-161021|446065||49707.6015625|207||20618.75|203.25|49707.6015625|8832aa|TLM520|0|2608|-1593.75|||3|3|2|1|1|132|114|["132,98,5,3859","132,114,5,444"]|13:48:27:602
62|1.1|636136514946872582|0|49712.6015625|17.71756798359|99.22999250999|-161304|446900||49712.6015625|205.5||20475|201.75|49712.6015625|8832aa|TLM520|0|2608|-1612.5|||3|3|2|1|1|132|114|["132,98,5,3859","132,114,5,444"]|13:48:32:602
62|1.1|636136514996797574|0|49717.578125|17.72511570846|99.22736394909|-161577|447739||49717.578125|204.25||20343.75|200.5|49717.578125|8832aa|TLM520|0|2608|-1631.25|||3|3|2|1|1|132|114|["132,98,5,3859","132,114,5,444"]|13:48:37:578
62|1.1|636136515046712565|0|49722.578125|17.73273853507|99.22487486285|-161836|448585||49722.578125|202.75||20200|199|49722.578125|8832aa|TLM520|0|2608|-1693.75|||3|3|2|1|1|132|114|["132,98,5,3859","132,114,5,444"]|13:48:42:578
62|1.1|636136515096637557|0|49727.578125|17.74035599727|99.22239114102|-162093|449432||49727.578125|201.25||20056.25|197.5|49727.578125|8832aa|TLM520|0|2608|-1731.25|||3|3|2|1|1|132|114|["132,98,5,3859","132,114,5,444"]|13:48:47:578
62|1.1|636136515146562549|0|49732.5625|17.74789835773|99.21985377509|-162357|450270||49732.5625|199.75||19912.5|196|49732.5625|8832aa|TLM520|0|2608|-1768.75|||3|3|2|1|1|132|114|["132,98,5,3859","132,114,5,444"]|13:48:52:563
62|1.1|636136515196497542|0|49737.5625|17.75544071819|99.21726812947|-162625|451107||49737.5625|198.5||19775|194.5|49737.5625|8832aa|TLM520|0|2608|-1731.25|||3|3|2|1|1|132|114|["132,98,5,3859","132,114,5,444"]|13:48:57:563
62|1.1|636136515246422534|0|49742.5390625|17.76305281598|99.21483268733|-162878|451953||49742.5390625|197||19631.25|193.25|49742.5390625|8832aa|TLM520|0|2608|-1693.75|||3|3|2|1|1|132|114|["132,98,5,3859","132,114,5,444"]|13:49:02:539
62|1.1|636136515296327524|0|49747.5390625|17.77067564259|99.21225240612|-163146|452800||49747.5390625|194.75||19468.75|191.5|49747.5390625|8832aa|TLM520|0|2608|-1768.75|||3|3|2|1|1|132|98|["132,98,5,3859","132,114,5,444"]|13:49:07:539
62|1.1|636136515346242515|0|49752.5390625|17.77823946069|99.20975795547|-163405|453640||49752.5390625|193.25||19318.75|190|49752.5390625|8832aa|TLM520|0|2608|-1831.25|||3|3|2|1|1|132|98|["132,98,5,3859","132,114,5,444"]|13:49:12:539
62|1.1|636136515396167507|0|49757.515625|17.78569062618|99.20723131836|-163667|454468||49757.515625|192.25||19193.75|188.75|49757.515625|8832aa|TLM520|0|2608|-1656.25|||3|3|2|1|1|132|98|["132,98,5,3859","132,114,5,444"]|13:49:17:516
62|1.1|636136515446092499|0|49762.515625|17.793211529|99.2047315033|-163926|455303||49762.515625|191||19062.5|187.5|49762.515625|8832aa|TLM520|0|2608|-1575|||3|3|2|1|1|132|98|["132,98,5,3859","132,114,5,444"]|13:49:22:516
62|1.1|636136515496017491|0|49767.5|17.80053394865|99.20208684917|-164201|456117||49767.5|189.75||18943.75|186.25|49767.5|8832aa|TLM520|0|2608|-1537.5|||3|3|2|1|1|132|98|["132,98,5,3859","132,114,5,444"]|13:49:27:500
62|1.1|636136515545932482|0|49772.5|17.80795829209|99.19959239852|-164460|456942||49772.5|188.5||18825|185|49772.5|8832aa|TLM520|0|2608|-1537.5|||3|3|2|1|1|132|98|["132,98,5,3859","132,114,5,444"]|13:49:32:500
62|1.1|636136515595867475|0|49777.5|17.81523243205|99.19693701557|-164736|457750||49777.5|187.25||18700|185.25|49777.5|8832aa|TLM520|0|2608|-1537.5|||3|3|2|1|1|132|98|["132,98,5,3859","132,114,5,444"]|13:49:37:500
62|1.1|636136515645772465|0|49782.4765625|17.8225548517|99.19448011579|-164991|458564||49782.4765625|186.25||18593.75|184|49782.4765625|8832aa|TLM520|0|2608|-1493.75|||3|3|2|1|1|132|114|["132,98,5,3859","132,114,5,444"]|13:49:42:477
62|1.1|636136515695707458|0|49787.4765625|17.82976461874|99.19191592781|-165257|459365||49787.4765625|185||18475|182.75|49787.4765625|8832aa|TLM520|0|2608|-1518.75|||3|3|2|1|1|132|114|["132,98,5,3859","132,114,5,444"]|13:49:47:477
62|1.1|636136515745622449|0|49792.4609375|17.83691001286|99.18936246865|-165522|460159||49792.4609375|183.75||18350|181.5|49792.4609375|8832aa|TLM520|0|2608|-1518.75|||3|3|2|1|1|132|114|["132,98,5,3859","132,114,5,444"]|13:49:52:461
62|1.1|636136515795537440|0|49797.4609375|17.84391056791|99.18678218744|-165791|460937||49797.4609375|182.5||18218.75|181|49797.4609375|8832aa|TLM520|0|2608|-1537.5|||3|3|2|1|1|132|114|["132,98,5,3859","132,114,5,444"]|13:49:57:461
62|1.1|636136515845452431|0|49802.4609375|17.85097549588|99.18437893176|-166040|461722||49802.4609375|181||18075|178.75|49802.4609375|8832aa|TLM520|0|2608|-1556.25|||3|3|2|1|1|132|114|["132,98,5,3859","132,114,5,444"]|13:50:02:461
62|1.1|636136515895387424|0|49807.4375|17.85793850006|99.1819327608|-166294|462496||49807.4375|179.5||17912.5|177.25|49807.4375|8832aa|TLM520|0|2608|-1631.25|||3|3|2|1|1|132|114|["132,98,5,3859","132,114,5,444"]|13:50:07:438
62|1.1|636136515945312416|0|49812.4375|17.86490150424|99.17948658984|-166548|463269||49812.4375|178||17750|175.75|49812.4375|8832aa|TLM520|0|2608|-1693.75|||3|3|2|1|1|132|114|["132,98,5,3859","132,114,5,444"]|13:50:12:438
62|1.1|636136515995227407|0|49817.421875|17.87176258463|99.17698141037|-166808|464032||49817.421875|176.5||17587.5|174.25|49817.421875|8832aa|TLM520|0|2608|-1750|||3|3|2|1|1|132|114|["132,98,5,3859","132,114,5,444"]|13:50:17:422
62|1.1|636136516045142398|0|49822.421875|17.87859684297|99.17441722239|-167074|464791||49822.421875|174.75||17418.75|172.5|49822.421875|8832aa|TLM520|0|2608|-1831.25|||3|3|2|1|1|132|114|["132,98,5,3859","132,114,5,444"]|13:50:22:422
62|1.1|636136516095067390|0|49827.421875|17.88564567771|99.17199250907|-167326|465574||49827.421875|173.25||17243.75|171|49827.421875|8832aa|TLM520|0|2608|-1868.75|||3|3|2|1|1|132|114|["132,98,5,3859","132,114,5,444"]|13:50:27:422
62|1.1|636136516144992382|0|49832.3984375|17.89263013953|99.16941222786|-167594|466351||49832.3984375|171.25||17093.75|169.5|49832.3984375|8832aa|TLM520|0|2608|-1812.5|||3|3|2|1|1|132|98|["132,98,5,3859","132,114,5,444"]|13:50:32:398
62|1.1|636136516194907373|0|49837.3984375|17.89963069458|99.16692314162|-167852|467129||49837.3984375|170||16943.75|168.25|49837.3984375|8832aa|TLM520|0|2608|-1768.75|||3|3|2|1|1|132|98|["132,98,5,3859","132,114,5,444"]|13:50:37:398
62|1.1|636136516244852367|0|49842.375|17.90640594441|99.16420875016|-168135|467882||49842.375|168.5||16793.75|166.75|49842.375|8832aa|TLM520|0|2608|-1750|||3|3|2|1|1|132|98|["132,98,5,3859","132,114,5,444"]|13:50:42:375
62|1.1|636136516294757357|0|49847.375|17.91335821977|99.16168211305|-168397|468655||49847.375|167.25||16643.75|165.25|49847.375|8832aa|TLM520|0|2608|-1750|||3|3|2|1|1|132|98|["132,98,5,3859","132,114,5,444"]|13:50:47:375
62|1.1|636136516344672348|0|49852.375|17.92033195277|99.15919302681|-168655|469430||49852.375|166||16506.25|164|49852.375|8832aa|TLM520|0|2608|-1693.75|||3|3|2|1|1|132|98|["132,98,5,3859","132,114,5,444"]|13:50:52:375
62|1.1|636136516394597340|0|49857.359375|17.92727349931|99.1567736779|-168906|470201||49857.359375|165||16387.5|162.75|49857.359375|8832aa|TLM520|0|2608|-1631.25|||3|3|2|1|1|132|98|["132,98,5,3859","132,114,5,444"]|13:50:57:359
62|1.1|636136516444532333|0|49862.359375|17.93414530852|99.15417193905|-169176|470965||49862.359375|164||16275|161.75|49862.359375|8832aa|TLM520|0|2608|-1518.75|||3|3|2|1|1|132|114|["132,98,5,3859","132,114,5,444"]|13:51:02:359
62|1.1|636136516494447324|0|49867.3359375|17.9410010245|99.15181696306|-169421|471727||49867.3359375|162.75||16181.25|160.5|49867.3359375|8832aa|TLM520|0|2608|-1456.25|||3|3|2|1|1|132|114|["132,98,5,3859","132,114,5,444"]|13:51:07:336
62|1.1|636136516544362315|0|49872.3359375|17.94786210489|99.14938688533|-169673|472489||49872.3359375|161.75||16087.5|159.5|49872.3359375|8832aa|TLM520|0|2608|-1400|||3|3|2|1|1|132|114|["132,98,5,3859","132,114,5,444"]|13:51:12:336
62|1.1|636136516594277306|0|49877.3359375|17.95455152416|99.14669395151|-169953|473233||49877.3359375|160.75||15981.25|159.25|49877.3359375|8832aa|TLM520|0|2608|-1300|||3|3|2|1|1|132|114|["132,98,5,3859","132,114,5,444"]|13:51:17:336
62|1.1|636136516644202298|0|49882.3203125|17.96076887535|99.14324463588|-170313|473925||49882.3203125|159.75||15893.75|157.75|49882.3203125|8832aa|TLM520|0|2608|-1218.75|||3|3|2|1|1|132|114|["132,98,5,3859","132,114,5,444"]|13:51:22:320
62|1.1|636136516697237601|0|49887.6171875|17.96721153176|99.13924278602|-170733|474642||49887.6171875|159||15806.25|156.75|49887.6171875|8832aa|TLM520|0|2608|-1143.75|||3|3|2|1|1|132|114|["132,98,5,3859","132,114,5,444"]|13:51:27:617
62|1.1|636136516747162593|0|49892.6171875|17.9731874845|99.13555207194|-171119|475308||49892.6171875|158||15737.5|155.25|49892.6171875|8832aa|TLM520|0|2608|-1100|||3|3|2|1|1|132|114|["132,98,5,3859","132,114,5,444"]|13:51:32:617
62|1.1|636136516797087585|0|49897.6171875|17.97919025929|99.13192036637|-171499|475976||49897.6171875|157||15656.25|154.25|49897.6171875|8832aa|TLM520|0|2608|-1062.5|||3|3|2|1|1|132|114|["132,98,5,3859","132,114,5,444"]|13:51:37:617
62|1.1|636136516847002576|0|49902.6015625|17.98513938998|99.12854078807|-171853|476638||49902.6015625|156.25||15568.75|153.5|49902.6015625|8832aa|TLM520|0|2608|-1062.5|||3|3|2|1|1|132|114|["132,98,5,3859","132,114,5,444"]|13:51:42:602
62|1.1|636136516896927568|0|49907.6015625|17.99101878334|99.12502173511|-172221|477293||49907.6015625|155.25||15481.25|152.5|49907.6015625|8832aa|TLM520|0|2608|-1062.5|||3|3|2|1|1|132|114|["132,98,5,3859","132,114,5,444"]|13:51:47:602
62|1.1|636136516946852560|0|49912.578125|17.99678552409|99.12154023302|-172585|477935||49912.578125|154.5||15400|151.75|49912.578125|8832aa|TLM520|0|2608|-1043.75|||3|3|2|1|1|132|114|["132,98,5,3859","132,114,5,444"]|13:51:52:578
62|1.1|636136516996777552|0|49917.578125|18.00238596813|99.11786561217|-172970|478559||49917.578125|153.75||15325|151.25|49917.578125|8832aa|TLM520|0|2608|-906.25|||3|3|2|1|1|132|98|["132,98,5,3859","132,114,5,444"]|13:51:57:578
62|1.1|636136517046692543|0|49922.578125|18.00814734447|99.11470061027|-173301|479201||49922.578125|152.75||15250|150.5|49922.578125|8832aa|TLM520|0|2608|-925|||3|3|2|1|1|132|98|["132,98,5,3859","132,114,5,444"]|13:52:02:578
62|1.1|636136517096617535|0|49927.5625|18.01364586472|99.11112791321|-173675|479813||49927.5625|152||15168.75|149.5|49927.5625|8832aa|TLM520|0|2608|-943.75|||3|3|2|1|1|132|98|["132,98,5,3859","132,114,5,444"]|13:52:07:563
62|1.1|636136517146532526|0|49932.5625|18.01933750373|99.1078502587|-174018|480446||49932.5625|151.25||15081.25|148.75|49932.5625|8832aa|TLM520|0|2608|-943.75|||3|3|2|1|1|132|98|["132,98,5,3859","132,114,5,444"]|13:52:12:563
62|1.1|636136517196457518|0|49937.5390625|18.02483602398|99.10458869742|-174359|481059||49937.5390625|150.5||15006.25|148|49937.5390625|8832aa|TLM520|0|2608|-981.25|||3|3|2|1|1|132|98|["132,98,5,3859","132,114,5,444"]|13:52:17:539
62|1.1|636136517246372509|0|49942.5390625|18.03036673069|99.10122521235|-174711|481675||49942.5390625|149.75||14925|147|49942.5390625|8832aa|TLM520|0|2608|-981.25|||3|3|2|1|1|132|114|["132,98,5,3859","132,114,5,444"]|13:52:22:539
62|1.1|636136517296297501|0|49947.5390625|18.0357365051|99.09772761703|-175077|482273||49947.5390625|149||14843.75|146.25|49947.5390625|8832aa|TLM520|0|2608|-962.5|||3|3|2|1|1|132|114|["132,98,5,3859","132,114,5,444"]|13:52:27:539
62|1.1|636136517346222493|0|49952.515625|18.04122966094|99.09462162364|-175402|482884||49952.515625|148.25||14775|145.5|49952.515625|8832aa|TLM520|0|2608|-962.5|||3|3|2|1|1|132|114|["132,98,5,3859","132,114,5,444"]|13:52:32:516
62|1.1|636136517396137484|0|49957.515625|18.04666917268|99.09149953702|-175728|483490||49957.515625|147.25||14693.75|144.75|49957.515625|8832aa|TLM520|0|2608|-962.5|||3|3|2|1|1|132|114|["132,98,5,3859","132,114,5,444"]|13:52:37:516
62|1.1|636136517446062476|0|49962.5|18.05203358268|99.08839354363|-176053|484087||49962.5|146.25||14600|143.75|49962.5|8832aa|TLM520|0|2608|-1043.75|||3|3|2|1|1|132|114|["132,98,5,3859","132,114,5,444"]|13:52:42:500
62|1.1|636136517496007470|0|49967.5|18.05726388243|99.08495495682|-176413|484670||49967.5|145||14493.75|142.5|49967.5|8832aa|TLM520|0|2608|-1162.5|||3|3|2|1|1|132|114|["132,98,5,3859","132,114,5,444"]|13:52:47:500
62|1.1|636136517545902459|0|49972.5|18.06258537715|99.08164511585|-176759|485263||49972.5|144||14368.75|141.25|49972.5|8832aa|TLM520|0|2608|-1281.25|||3|3|2|1|1|132|114|["132,98,5,3859","132,114,5,444"]|13:52:52:500
62|1.1|636136517595827451|0|49977.4765625|18.06778349044|99.07833527488|-177105|485842||49977.4765625|142.75||14250|140|49977.4765625|8832aa|TLM520|0|2608|-1356.25|||3|3|2|1|1|132|114|["132,98,5,3859","132,114,5,444"]|13:52:57:477
62|1.1|636136517645752443|0|49982.4765625|18.07311571398|99.07525073913|-177428|486436||49982.4765625|141.5||14125|138.75|49982.4765625|8832aa|TLM520|0|2608|-1418.75|||3|3|2|1|1|132|114|["132,98,5,3859","132,114,5,444"]|13:53:02:477
62|1.1|636136517695667434|0|49987.4609375|18.07834064932|99.07187116083|-177782|487018||49987.4609375|140.25||13987.5|137.25|49987.4609375|8832aa|TLM520|0|2608|-1475|||3|3|2|1|1|132|114|["132,98,5,3859","132,114,5,444"]|13:53:07:461
62|1.1|636136517745592426|0|49992.4609375|18.08365677963|99.06864715042|-178119|487610||49992.4609375|138.75||13837.5|136|49992.4609375|8832aa|TLM520|0|2608|-1556.25|||3|3|2|1|1|132|114|["132,98,5,3859","132,114,5,444"]|13:53:12:461
62|1.1|636136517795517418|0|49997.4609375|18.08890853702|99.06540704678|-178457|488195||49997.4609375|137.5||13706.25|134.5|49997.4609375|8832aa|TLM520|0|2608|-1575|||3|3|2|1|1|132|114|["132,98,5,3859","132,114,5,444"]|13:53:17:461
62|1.1|636136517845442410|0|50002.4375|18.09413883677|99.06207038376|-178807|488778||50002.4375|135.75||13556.25|133.25|50002.4375|8832aa|TLM520|0|2608|-1631.25|||3|3|2|1|1|132|98|["132,98,5,3859","132,114,5,444"]|13:53:22:438
62|1.1|636136517895357401|0|50007.4375|18.09934767888|99.05874981397|-179154|489358||50007.4375|134.75||13425|132.5|50007.4375|8832aa|TLM520|0|2608|-1593.75|||3|3|2|1|1|132|98|["132,98,5,3859","132,114,5,444"]|13:53:27:438
62|1.1|636136517945282393|0|50012.421875|18.10458334304|99.05547215946|-179497|489941||50012.421875|133.5||13300|130.75|50012.421875|8832aa|TLM520|0|2608|-1493.75|||3|3|2|1|1|132|98|["132,98,5,3859","132,114,5,444","132,194,5,3515"]|13:53:32:422
62|1.1|636136517995197384|0|50017.421875|18.10980827838|99.05218377613|-179841|490523||50017.421875|132.5||13187.5|129.5|50017.421875|8832aa|TLM520|0|2608|-1456.25|||3|3|2|1|1|132|98|["132,98,5,3859","132,114,5,444","132,194,5,3515"]|13:53:37:422
62|1.1|636136518045122376|0|50022.421875|18.11504930695|99.04893830808|-180180|491107||50022.421875|131.25||13062.5|128.5|50022.421875|8832aa|TLM520|0|2608|-1437.5|||3|3|2|1|1|132|114|["132,98,5,3859","132,114,5,444","132,194,5,3515"]|13:53:42:422
62|1.1|636136518095047368|0|50027.3984375|18.12031715757|99.04573575531|-180515|491693||50027.3984375|130||12931.25|127.25|50027.3984375|8832aa|TLM520|0|2608|-1456.25|||3|3|2|1|1|132|114|["132,98,5,3859","132,114,5,444","132,194,5,3515"]|13:53:47:398
62|1.1|636136518144962359|0|50032.3984375|18.12555818614|99.04252247372|-180851|492278||50032.3984375|128.75||12806.25|126.5|50032.3984375|8832aa|TLM520|0|2608|-1493.75|||3|3|2|1|1|132|114|["132,98,5,3859","132,114,5,444","132,194,5,3515"]|13:53:52:398
62|1.1|636136518194887351|0|50037.375|18.13075629943|99.03928773449|-181189|492857||50037.375|127.5||12687.5|124.75|50037.375|8832aa|TLM520|0|2608|-1456.25|||3|3|2|1|1|132|194|["132,98,5,3859","132,114,5,444","132,194,5,3515"]|13:53:57:375
62|1.1|636136518244812343|0|50042.375|18.13601878564|99.03597789352|-181535|493443||50042.375|126.25||12550|123.5|50042.375|8832aa|TLM520|0|2608|-1493.75|||3|3|2|1|1|132|114|["132,98,5,3859","132,114,5,444","132,194,5,3515"]|13:54:02:375
62|1.1|636136518294727334|0|50047.375|18.14126517862|99.03270560342|-181877|494027||50047.375|125||12425|122|50047.375|8832aa|TLM520|0|2608|-1493.75|||3|3|2|1|1|132|114|["132,98,5,3859","132,114,5,444","132,194,5,3515"]|13:54:07:375
62|1.1|636136518344652326|0|50052.359375|18.14649547837|99.02954060152|-182208|494610||50052.359375|123.75||12306.25|121|50052.359375|8832aa|TLM520|0|2608|-1456.25|||3|3|2|1|1|132|114|["132,98,5,3859","132,114,5,444","132,194,5,3515"]|13:54:12:359
62|1.1|636136518394577318|0|50057.359375|18.15170432048|99.02628440465|-182548|495191||50057.359375|122.75||12206.25|120|50057.359375|8832aa|TLM520|0|2608|-1400|||3|3|2|1|1|132|114|["132,98,5,3859","132,114,5,444","132,194,5,3515"]|13:54:17:359
62|1.1|636136518444492309|0|50062.3359375|18.15687561172|99.02312476716|-182879|495767||50062.3359375|121.5||12093.75|118.75|50062.3359375|8832aa|TLM520|0|2608|-1400|||3|3|2|1|1|132|114|["132,98,5,3859","132,114,5,444","132,194,5,3515"]|13:54:22:336
62|1.1|636136518494437303|0|50067.3359375|18.16208981824|99.01998658731|-183206|496347||50067.3359375|120.5||11993.75|117.75|50067.3359375|8832aa|TLM520|0|2608|-1356.25|||3|3|2|1|1|132|114|["132,98,5,3859","132,114,5,444","132,194,5,3515"]|13:54:27:336
62|1.1|636136518544342293|0|50072.3359375|18.16721282979|99.01675184808|-183545|496918||50072.3359375|119.5||11900|116.75|50072.3359375|8832aa|TLM520|0|2608|-1318.75|||3|3|2|1|1|132|114|["132,98,5,3859","132,114,5,444","132,194,5,3515"]|13:54:32:336
62|1.1|636136518594267285|0|50077.3203125|18.17239484985|99.01351710885|-183882|497496||50077.3203125|118.25||11775|115.5|50077.3203125|8832aa|TLM520|0|2608|-1300|||3|3|2|1|1|132|114|["132,98,5,3859","132,114,5,444","132,194,5,3515"]|13:54:37:320
62|1.1|636136518644182276|0|50082.3203125|18.17749103935|99.0101643526|-184233|498064||50082.3203125|117||11668.75|114.5|50082.3203125|8832aa|TLM520|0|2608|-1337.5|||3|3|2|1|1|132|114|["132,98,5,3859","132,114,5,444","132,194,5,3515"]|13:54:42:320
62|1.1|636136518694107268|0|50087.296875|18.18259795767|99.00681159635|-184584|498633||50087.296875|115.5||11531.25|113|50087.296875|8832aa|TLM520|0|2608|-1437.5|||3|3|2|1|1|132|98|["132,98,5,3859","132,114,5,444","132,194,5,3515"]|13:54:47:297
62|1.1|636136518744022259|0|50092.296875|18.18769414717|99.00353930625|-184926|499201||50092.296875|114.5||11412.5|112.25|50092.296875|8832aa|TLM520|0|2608|-1475|||3|3|2|1|1|132|98|["132,98,5,3859","132,114,5,444"]|13:54:52:297
62|1.1|636136518793957252|0|50097.296875|18.19281179431|99.00018118559|-185277|499771||50097.296875|113.5||11293.75|111.25|50097.296875|8832aa|TLM520|0|2608|-1400|||3|3|2|1|1|132|98|["132,98,5,3859","132,114,5,444"]|13:54:57:297
62|1.1|636136518843872243|0|50102.28125|18.19787043294|98.99700545487|-185609|500335||50102.28125|112.5||11200|109.75|50102.28125|8832aa|TLM520|0|2608|-1356.25|||3|3|2|1|1|132|114|["132,98,5,3859","132,114,5,444"]|13:55:02:281
62|1.1|636136518893797235|0|50107.28125|18.2029451648|98.99370634272|-185954|500901||50107.28125|111.5||11093.75|108.75|50107.28125|8832aa|TLM520|0|2608|-1300|||3|3|2|1|1|132|114|["132,98,5,3859","132,114,5,444"]|13:55:07:281
62|1.1|636136518943712226|0|50112.2578125|18.20797161697|98.99040723057|-186299|501461||50112.2578125|110.25||10981.25|107.5|50112.2578125|8832aa|TLM520|0|2608|-1318.75|||3|3|2|1|1|132|114|["132,98,5,3859","132,114,5,444"]|13:55:12:258
62|1.1|636136518993637218|0|50117.2578125|18.21296588268|98.98703838109|-186651|502018||50117.2578125|109||10862.5|106.5|50117.2578125|8832aa|TLM520|0|2608|-1356.25|||3|3|2|1|1|132|114|["132,98,5,3859","132,114,5,444"]|13:55:17:258
62|1.1|636136519043562210|0|50122.2578125|18.21797087721|98.98376609099|-186993|502576||50122.2578125|107.5||10725|105|50122.2578125|8832aa|TLM520|0|2608|-1493.75|||3|3|2|1|1|132|114|["132,98,5,3859","132,114,5,444"]|13:55:22:258
62|1.1|636136519093477201|0|50127.2421875|18.22302951584|98.98059572468|-187324|503139||50127.2421875|106.5||10606.25|103.75|50127.2421875|8832aa|TLM520|0|2608|-1518.75|||3|3|2|1|1|132|114|["132,98,5,3859","132,114,5,444"]|13:55:27:242
62|1.1|636136519143402193|0|50132.2421875|18.2279969595|98.97725906166|-187673|503693||50132.2421875|105.75||10500|103.25|50132.2421875|8832aa|TLM520|0|2608|-1400|||3|3|2|1|1|132|114|["132,98,5,3859","132,114,5,444"]|13:55:32:242
62|1.1|636136519193327185|0|50137.21875|18.23296440316|98.97396531392|-188017|504247||50137.21875|104.75||10412.5|102|50137.21875|8832aa|TLM520|0|2608|-1181.25|||3|3|2|1|1|132|114|["132,98,5,3859","132,114,5,444"]|13:55:37:219
62|1.1|636136519243242176|0|50142.21875|18.23804449943|98.97066083736|-188363|504813||50142.21875|103.5||10306.25|101|50142.21875|8832aa|TLM520|0|2608|-1162.5|||3|3|2|1|1|132|114|["132,98,5,3859","132,114,5,444"]|13:55:42:219
62|1.1|636136519293167168|0|50147.21875|18.24325870595|98.9675709372|-188685|505394||50147.21875|102.25||10187.5|99.75|50147.21875|8832aa|TLM520|0|2608|-1300|||3|3|2|1|1|132|114|["132,98,5,3859","132,114,5,444"]|13:55:47:219
62|1.1|636136519343092160|0|50152.1953125|18.24930439602|98.96658925017|-188783|506065||50152.1953125|101.25||10075|98.5|50152.1953125|8832aa|TLM520|0|2608|-1337.5|||3|3|2|1|1|132|114|["132,98,5,3859","132,114,5,444"]|13:55:52:195
62|1.1|636136519393027153|0|50157.1953125|18.2551945182|98.96583823277|-188857|506719||50157.1953125|100.5||9987.5|97.75|50157.1953125|8832aa|TLM520|0|2608|-1262.5|||3|3|2|1|1|132|114|["132,98,5,3859","132,114,5,444"]|13:55:57:195
62|1.1|636136519442932143|0|50162.1796875|18.26080569106|98.96484581692|-188957|507342||50162.1796875|99.5||9900|96.75|50162.1796875|8832aa|TLM520|0|2608|-1162.5|||3|3|2|1|1|132|114|["132,98,5,3859","132,114,5,444"]|13:56:02:180
62|1.1|636136519492857135|0|50167.1796875|18.26648123684|98.96410552834|-189030|507972||50167.1796875|98.5||9800|96|50167.1796875|8832aa|TLM520|0|2608|-1143.75|||3|3|2|1|1|132|114|["132,98,5,3859","132,114,5,444"]|13:56:07:180
62|1.1|636136519542772126|0|50172.1796875|18.27227479964|98.96339206181|-189100|508615||50172.1796875|97.5||9712.5|95|50172.1796875|8832aa|TLM520|0|2608|-1100|||3|3|2|1|1|132|98|["132,98,5,3859","132,114,5,444"]|13:56:12:180
62|1.1|636136519592707119|0|50177.15625|18.27807372685|98.9630111887|-189135|509258||50177.15625|96.75||9631.25|94.25|50177.15625|8832aa|TLM520|0|2608|-1081.25|||3|3|2|1|1|132|98|["132,98,5,3859","132,114,5,444"]|13:56:17:156
62|1.1|636136519642622110|0|50182.15625|18.28377609468|98.96233527304|-189201|509891||50182.15625|96||9556.25|93.5|50182.15625|8832aa|TLM520|0|2608|-1043.75|||3|3|2|1|1|132|98|["132,98,5,3859","132,114,5,444"]|13:56:22:156
62|1.1|636136519692547102|0|50187.140625|18.28942481841|98.96171300148|-189262|510518||50187.140625|95.25||9475|92.75|50187.140625|8832aa|TLM520|0|2608|-1006.25|||3|3|2|1|1|132|114|["132,98,5,3859","132,114,5,444"]|13:56:27:141
62|1.1|636136519742462093|0|50192.140625|18.29512718624|98.96127311986|-189303|511151||50192.140625|94.5||9400|92|50192.140625|8832aa|TLM520|0|2608|-981.25|||3|3|2|1|1|132|114|["132,98,5,3859","132,114,5,444"]|13:56:32:141
62|1.1|636136519792387085|0|50197.140625|18.3008456473|98.96112291638|-189313|511785||50197.140625|93.5||9306.25|91.25|50197.140625|8832aa|TLM520|0|2608|-1025|||3|3|2|1|1|132|114|["132,98,5,3859","132,114,5,444"]|13:56:37:141
62|1.1|636136519842312077|0|50202.1171875|18.30655337954|98.96106390787|-189314|512418||50202.1171875|92.5||9212.5|90|50202.1171875|8832aa|TLM520|0|2608|-1025|||3|3|2|1|1|132|114|["132,98,5,3859","132,114,5,444"]|13:56:42:117
62|1.1|636136519892227068|0|50207.1171875|18.31221283209|98.96109609433|-189305|513046||50207.1171875|91.75||9125|89.25|50207.1171875|8832aa|TLM520|0|2608|-1006.25|||3|3|2|1|1|132|114|["132,98,5,3859","132,114,5,444"]|13:56:47:117
62|1.1|636136519942142059|0|50212.1015625|18.31785619141|98.96119801812|-189289|513671||50212.1015625|91.25||9068.75|88.75|50212.1015625|8832aa|TLM520|0|2608|-887.5|||3|3|2|1|1|132|114|["132,98,5,3859","132,114,5,444"]|13:56:52:102
62|1.1|636136519992067051|0|50217.1015625|18.32347272868|98.96143405216|-189259|514294||50217.1015625|90.75||9018.75|88.25|50217.1015625|8832aa|TLM520|0|2608|-768.75|||3|3|2|1|1|132|114|["132,98,5,3859","132,114,5,444"]|13:56:57:102
62|1.1|636136520041992043|0|50222.1015625|18.32903025744|98.96184711173|-189210|514910||50222.1015625|90.5||8987.5|88|50222.1015625|8832aa|TLM520|0|2608|-650|||3|3|2|1|1|132|114|["132,98,5,3859","132,114,5,444"]|13:57:02:102
62|1.1|636136520091917035|0|50227.078125|18.33449122682|98.9623138154|-189155|515515||50227.078125|90.25||8968.75|87.75|50227.078125|8832aa|TLM520|0|2608|-531.25|||3|3|2|1|1|132|114|["132,98,5,3859","132,114,5,444"]|13:57:07:078
62|1.1|636136520141832026|0|50232.078125|18.33987173005|98.96253375621|-189127|516111||50232.078125|90.5||8993.75|88|50232.078125|8832aa|TLM520|0|2608|0|||3|3|0|1|1|132|114|["132,98,5,3859","132,114,5,444"]|13:57:12:078
62|1.1|636136520191757018|0|50237.0625|18.34509130098|98.96241037478|-189135|516690||50237.0625|90.5||9006.25|88|50237.0625|8832aa|TLM520|0|2608|0|||3|3|0|1|1|132|114|["132,98,5,3859","132,114,5,444"]|13:57:17:063
62|1.1|636136520241682010|0|50242.0625|18.35020358371|98.96249620534|-189121|517257||50242.0625|90.5||9025|88|50242.0625|8832aa|TLM520|0|2608|0|||3|3|0|1|1|132|114|["132,98,5,3859","132,114,5,444"]|13:57:22:063
62|1.1|636136520291597001|0|50247.0625|18.35550362079|98.96259812913|-189105|517845||50247.0625|90.25||9025|88|50247.0625|8832aa|TLM520|0|2608|0|||3|3|0|1|1|132|98|["132,98,5,3859","132,114,5,444"]|13:57:27:063
62|1.1|636136520341531994|0|50252.0390625|18.36042278476|98.96263031559|-189097|518390||50252.0390625|89.25||8962.5|87|50252.0390625|8832aa|TLM520|0|2608|0|||3|3|0|1|1|132|114|["132,98,5,3859","132,114,5,444"]|13:57:32:039
62|1.1|636136520391436984|0|50257.0390625|18.36547605898|98.96246938329|-189109|518951||50257.0390625|88||8837.5|85.5|50257.0390625|8832aa|TLM520|0|2608|-1262.5|||3|3|2|1|1|132|98|["132,98,5,3859","132,114,5,444"]|13:57:37:039
62|1.1|636136520441361976|0|50262.015625|18.37054542643|98.96248547652|-189103|519513||50262.015625|86.5||8681.25|84.25|50262.015625|8832aa|TLM520|0|2608|-1437.5|||3|3|2|1|1|132|98|["132,98,5,3859","132,114,5,444"]|13:57:42:016
62|1.1|636136520491286968|0|50267.015625|18.375786455|98.9623674595|-189110|520094||50267.015625|85||8493.75|82.5|50267.015625|8832aa|TLM520|0|2608|-1675|||3|3|2|1|1|132|114|["132,98,5,3859","132,114,5,444"]|13:57:47:016
62|1.1|636136520541211960|0|50272.015625|18.38102211916|98.96227090012|-189115|520675||50272.015625|83.5||8306.25|80.75|50272.015625|8832aa|TLM520|0|2608|-1812.5|||3|3|2|1|1|132|114|["132,98,5,3859","132,114,5,444"]|13:57:52:016
62|1.1|636136520591126951|0|50277|18.38639725798|98.96219043397|-189119|521271||50277|82||8131.25|79.75|50277|8832aa|TLM520|0|2608|-1887.5|||3|3|2|1|1|132|114|["132,98,5,3859","132,114,5,444"]|13:57:57:000
62|1.1|636136520641051943|0|50282|18.39168656624|98.96205632372|-189128|521857||50282|80.25||7968.75|77.5|50282|8832aa|TLM520|0|2608|-1850|||3|3|2|1|1|132|114|["132,98,5,3859","132,114,5,444"]|13:58:02:000
62|1.1|636136520690976935|0|50286.9765625|18.3971368068|98.96198122198|-189131|522462||50286.9765625|78.75||7812.5|76|50286.9765625|8832aa|TLM520|0|2608|-1831.25|||3|3|2|1|1|132|114|["132,98,5,3859","132,114,5,444"]|13:58:06:977
62|1.1|636136520740891926|0|50291.9765625|18.40264605587|98.96195976434|-189128|523073||50291.9765625|77.5||7662.5|74.75|50291.9765625|8832aa|TLM520|0|2608|-1812.5|||3|3|2|1|1|132|114|["132,98,5,3859","132,114,5,444"]|13:58:11:977
62|1.1|636136520790836920|0|50296.9765625|18.40814457612|98.96198658639|-189120|523683||50296.9765625|76||7531.25|73.25|50296.9765625|8832aa|TLM520|0|2608|-1750|||3|3|2|1|1|132|114|["132,98,5,3859","132,114,5,444"]|13:58:16:977
62|1.1|636136520840741910|0|50301.9609375|18.41357335904|98.96208314577|-189104|524285||50301.9609375|75.25||7400|72|50301.9609375|8832aa|TLM520|0|2608|-1712.5|||3|3|2|1|1|132|98|["132,98,5,3859","132,114,5,444"]|13:58:21:961
62|1.1|636136520890656901|0|50306.9609375|18.4189699555|98.96209387459|-189098|524883||50306.9609375|74.25||7300|70.75|50306.9609375|8832aa|TLM520|0|2608|-1631.25|||3|3|2|1|1|132|98|["132,98,5,3859","132,114,5,444"]|13:58:26:961
62|1.1|636136520940581893|0|50311.9375|18.42432363668|98.96210996782|-189091|525477||50311.9375|73.25||7200|69.75|50311.9375|8832aa|TLM520|0|2608|-1518.75|||3|3|2|1|1|132|98|["132,98,5,3859","132,114,5,444"]|13:58:31:938
62|1.1|636136520990506885|0|50316.9375|18.4296451314|98.96213678987|-189083|526067||50316.9375|72.25||7112.5|69|50316.9375|8832aa|TLM520|0|2608|-1400|||3|3|2|1|1|132|98|["132,98,5,3859","132,114,5,444"]|13:58:36:938
62|1.1|636136521040421876|0|50321.9375|18.43492907525|98.96221189161|-189070|526653||50321.9375|71.5||7043.75|68|50321.9375|8832aa|TLM520|0|2608|-1281.25|||3|3|2|1|1|132|98|["132,98,5,3859","132,114,5,444"]|13:58:41:938
62|1.1|636136521090346868|0|50326.921875|18.44013791736|98.96223334925|-189063|527230||50326.921875|70.75||6981.25|68.5|50326.921875|8832aa|TLM520|0|2608|0|||3|3|0|1|1|132|98|["132,98,5,3859","132,114,5,444"]|13:58:46:922
62|1.1|636136521140271860|0|50331.921875|18.44530384419|98.96217970515|-189064|527803||50331.921875|70.25||6931.25|68.25|50331.921875|8832aa|TLM520|0|2608|0|||3|3|0|1|1|132|98|["132,98,5,3859"]|13:58:51:922
62|1.1|636136521190186851|0|50336.8984375|18.45031956754|98.96217970515|-189059|528360||50336.8984375|69.75||6893.75|67.75|50336.8984375|8832aa|TLM520|0|2608|0|||3|3|0|1|1|132|98|["132,98,5,3859"]|13:58:56:898
62|1.1|636136521240111843|0|50341.8984375|18.45488468045|98.96221725602|-189050|528866||50341.8984375|68.5||6843.75|66.25|50341.8984375|8832aa|TLM520|0|2608|0|||3|3|0|1|1|132|98|["132,98,5,3859"]|13:59:01:898
62|1.1|636136521290036835|0|50346.8984375|18.45949270864|98.96221189161|-189047|529377||50346.8984375|68||6793.75|65.75|50346.8984375|8832aa|TLM520|0|2608|-412.5|||3|3|2|1|1|132|98|["132,98,5,3859"]|13:59:06:898
62|1.1|636136521339951826|0|50351.875|18.46384324515|98.96219579838|-189044|529860||50351.875|67.25||6718.75|65|50351.875|8832aa|TLM520|0|2608|-587.5|||3|3|2|1|1|132|98|["132,98,5,3859"]|13:59:11:875
62|1.1|636136521389876818|0|50356.875|18.46822596812|98.96214751869|-189045|530345||50356.875|66.25||6618.75|64|50356.875|8832aa|TLM520|0|2608|-806.25|||3|3|2|1|1|132|98|["132,98,5,3859"]|13:59:16:875
62|1.1|636136521439801810|0|50361.859375|18.47275889457|98.96208314577|-189048|530848||50361.859375|65.25||6506.25|62.75|50361.859375|8832aa|TLM520|0|2608|-981.25|||3|3|2|1|1|132|98|["132,98,5,3859"]|13:59:21:859
62|1.1|636136521489716801|0|50366.859375|18.47731864307|98.96213678987|-189038|531354||50366.859375|64.25||6393.75|61.75|50366.859375|8832aa|TLM520|0|2608|-1100|||3|3|2|1|1|132|98|["132,98,5,3859"]|13:59:26:859
62|1.1|636136521539641793|0|50371.859375|18.48191594244|98.96213142546|-189034|531864||50371.859375|63||6262.5|60.25|50371.859375|8832aa|TLM520|0|2608|-1237.5|||3|3|2|1|1|132|98|["132,98,5,3859"]|13:59:31:859
62|1.1|636136521589566785|0|50376.8359375|18.48652933504|98.96215824751|-189027|532375||50376.8359375|61.75||6118.75|59|50376.8359375|8832aa|TLM520|0|2608|-1356.25|||3|3|2|1|1|132|98|["132,98,5,3859"]|13:59:36:836
62|1.1|636136521639331761|0|50381.8359375|18.49121246497|98.96209387459|-189029|532895||50381.8359375|60.75||5993.75|57.75|50381.8359375|8832aa|TLM520|0|2608|-1418.75|||3|3|2|1|1|132|98|["132,98,5,3859"]|13:59:41:836
62|1.1|636136521689256753|0|50386.8203125|18.49589023049|98.96209387459|-189024|533414||50386.8203125|60||5906.25|56.75|50386.8203125|8832aa|TLM520|0|2608|-1356.25|||3|3|2|1|1|132|98|["132,98,5,3859"]|13:59:46:820
62|1.1|636136521739331760|0|50391.8203125|18.5005626316|98.962099239|-189019|533932||50391.8203125|59||5812.5|55.75|50391.8203125|8832aa|TLM520|0|2608|-1300|||3|3|2|1|1|132|98|["132,98,5,3859"]|13:59:51:820
62|1.1|636136521789246751|0|50396.8203125|18.5052296683|98.96211533223|-189013|534449||50396.8203125|58.5||5756.25|55.25|50396.8203125|8832aa|TLM520|0|2608|-1125|||3|3|2|1|1|132|98|["132,98,5,3859"]|13:59:56:820
62|1.1|636136521839011727|0|50401.796875|18.50988597618|98.96215824751|-189004|534966||50401.796875|57.75||5693.75|54.75|50401.796875|8832aa|TLM520|0|2608|-1006.25|||3|3|2|1|1|132|98|["132,98,5,3859"]|14:00:01:797
62|1.1|636136521888946720|0|50406.796875|18.51447791114|98.96221189161|-188994|535475||50406.796875|57.25||5650|54.25|50406.796875|8832aa|TLM520|0|2608|-868.75|||3|3|2|1|1|132|98|["132,98,5,3859"]|14:00:06:797
62|1.1|636136521938861711|0|50411.78125|18.5190698461|98.96227090012|-188983|535984||50411.78125|56.5||5587.5|53.75|50411.78125|8832aa|TLM520|0|2608|-825|||3|3|2|1|1|132|98|["132,98,5,3859"]|14:00:11:781
62|1.1|636136521988776702|0|50416.78125|18.52365641665|98.96225480689|-188981|536493||50416.78125|55.75||5506.25|53|50416.78125|8832aa|TLM520|0|2608|-843.75|||3|3|2|1|1|132|98|["132,98,5,3859"]|14:00:16:781
62|1.1|636136522038711695|0|50421.78125|18.52823225838|98.9622601713|-188976|537000||50421.78125|55||5425|52|50421.78125|8832aa|TLM520|0|2608|-887.5|||3|3|2|1|1|132|98|["132,98,5,3859"]|14:00:21:781
62|1.1|636136522088626686|0|50426.7578125|18.53283492216|98.96225480689|-188972|537511||50426.7578125|53.25||5318.75|51|50426.7578125|8832aa|TLM520|0|2608|-981.25|||3|3|2|1|1|132|98|["132,98,5,3859"]|14:00:26:758
62|1.1|636136522138551678|0|50431.7578125|18.53747513681|98.96228699335|-188964|538025||50431.7578125|52.5||5225|50|50431.7578125|8832aa|TLM520|0|2608|-1025|||3|3|2|1|1|132|98|["132,98,5,3859"]|14:00:31:758
62|1.1|636136522188466669|0|50436.7421875|18.54209389382|98.96228699335|-188960|538537||50436.7421875|51.5||5125|49|50436.7421875|8832aa|TLM520|0|2608|-1081.25|||3|3|2|1|1|132|98|["132,98,5,3859"]|14:00:36:742
62|1.1|636136522238391661|0|50441.7421875|18.54672337965|98.96228699335|-188955|539051||50441.7421875|50.5||5018.75|48|50441.7421875|8832aa|TLM520|0|2608|-1143.75|||3|3|2|1|1|132|98|["132,98,5,3859"]|14:00:41:742
62|1.1|636136522288316653|0|50446.7421875|18.55137968753|98.96226553571|-188953|539567||50446.7421875|49.5||4906.25|46.75|50446.7421875|8832aa|TLM520|0|2608|-1200|||3|3|2|1|1|132|98|["132,98,5,3859"]|14:00:46:742
62|1.1|636136522338231644|0|50451.71875|18.556030631|98.96227090012|-188948|540083||50451.71875|48.75||4818.75|46|50451.71875|8832aa|TLM520|0|2608|-1181.25|||3|3|2|1|1|132|98|["132,98,5,3859"]|14:00:51:719
62|1.1|636136522388156636|0|50456.71875|18.56072448975|98.96227090012|-188943|540604||50456.71875|47.75||4725|45|50456.71875|8832aa|TLM520|0|2608|-1181.25|||3|3|2|1|1|132|98|["132,98,5,3859"]|14:00:56:719
62|1.1|636136522438081628|0|50461.6953125|18.56539689086|98.96231917981|-188934|541122||50461.6953125|47||4637.5|44|50461.6953125|8832aa|TLM520|0|2608|-1143.75|||3|3|2|1|1|132|98|["132,98,5,3859"]|14:01:01:695
62|1.1|636136522487996619|0|50466.6953125|18.57009074961|98.96233527304|-188928|541642||50466.6953125|46.25||4562.5|43.25|50466.6953125|8832aa|TLM520|0|2608|-1081.25|||3|3|2|1|1|132|98|["132,98,5,3859"]|14:01:06:695
62|1.1|636136522537921611|0|50471.6953125|18.57479533718|98.96233527304|-188923|542164||50471.6953125|45.5||4487.5|42.5|50471.6953125|8832aa|TLM520|0|2608|-1043.75|||3|3|2|1|1|132|98|["132,98,5,3859"]|14:01:11:695
62|1.1|636136522587846603|0|50476.6796875|18.57947846711|98.96234063745|-188918|542684||50476.6796875|44.75||4412.5|41.75|50476.6796875|8832aa|TLM520|0|2608|-1006.25|||3|3|2|1|1|132|98|["132,98,5,3859"]|14:01:16:680
62|1.1|636136522637771595|0|50481.6796875|18.58417769027|98.9623674595|-188911|543205||50481.6796875|44||4337.5|41|50481.6796875|8832aa|TLM520|0|2608|-962.5|||3|3|2|1|1|132|98|["132,98,5,3859"]|14:01:21:680
62|1.1|636136522687696587|0|50486.65625|18.5888608202|98.96236209509|-188907|543724||50486.65625|43||4231.25|40.25|50486.65625|8832aa|TLM520|0|2608|-1006.25|||3|3|2|1|1|132|98|["132,98,5,3859"]|14:01:26:656
62|1.1|636136522737611578|0|50491.65625|18.59356540777|98.96238355273|-188900|544246||50491.65625|42.25||4143.75|39.25|50491.65625|8832aa|TLM520|0|2608|-1025|||3|3|2|1|1|132|98|["132,98,5,3859"]|14:01:31:656
62|1.1|636136522787556572|0|50496.65625|18.59826999534|98.96238891714|-188895|544768||50496.65625|41.5||4062.5|38.25|50496.65625|8832aa|TLM520|0|2608|-1025|||3|3|2|1|1|132|98|["132,98,5,3859"]|14:01:36:656
62|1.1|636136522837451561|0|50501.640625|18.60292093881|98.96243183242|-188886|545284||50501.640625|40.75||3987.5|37.5|50501.640625|8832aa|TLM520|0|2608|-1006.25|||3|3|2|1|1|132|98|["132,98,5,3859"]|14:01:41:641
62|1.1|636136522887376553|0|50506.640625|18.60756651787|98.96244256124|-188880|545799||50506.640625|39.75||3881.25|36.75|50506.640625|8832aa|TLM520|0|2608|-1043.75|||3|3|2|1|1|132|98|["132,98,5,3859"]|14:01:46:641
62|1.1|636136522937301545|0|50511.6171875|18.61211017314|98.96244256124|-188876|546303||50511.6171875|38.25||3800|35.75|50511.6171875|8832aa|TLM520|0|2608|-1043.75|||3|3|2|1|1|132|98|["132,98,5,3859"]|14:01:51:617
62|1.1|636136522987226537|0|50516.6171875|18.61664309959|98.96245865447|-188870|546806||50516.6171875|37.5||3718.75|35|50516.6171875|8832aa|TLM520|0|2608|-1025|||3|3|2|1|1|132|98|["132,98,5,3859"]|14:01:56:617
62|1.1|636136523037151529|0|50521.6171875|18.62114383958|98.96246401888|-188865|547305||50521.6171875|36.75||3637.5|34.25|50521.6171875|8832aa|TLM520|0|2608|-981.25|||3|3|2|1|1|132|98|["132,98,5,3859"]|14:02:01:617
62|1.1|636136523087086522|0|50526.6015625|18.62554265578|98.96249084093|-188858|547793||50526.6015625|36||3562.5|33.5|50526.6015625|8832aa|TLM520|0|2608|-962.5|||3|3|2|1|1|132|98|["132,98,5,3859"]|14:02:06:602
62|1.1|636136523136991512|0|50531.6015625|18.62980736173|98.96252302739|-188850|548265||50531.6015625|35.25||3481.25|32.75|50531.6015625|8832aa|TLM520|0|2608|-962.5|||3|3|2|1|1|132|98|["132,98,5,3859"]|14:02:11:602
62|1.1|636136523186906503|0|50536.578125|18.63373947426|98.96256057826|-188843|548702||50536.578125|34.5||3406.25|31.75|50536.578125|8832aa|TLM520|0|2608|-962.5|||3|3|2|1|1|132|98|["132,98,5,3859"]|14:02:16:578
62|1.1|636136523236831495|0|50541.578125|18.63741945952|98.96256057826|-188839|549110||50541.578125|33.75||3325|31|50541.578125|8832aa|TLM520|0|2608|-943.75|||3|3|2|1|1|132|98|["132,98,5,3859"]|14:02:21:578
62|1.1|636136523286756487|0|50546.578125|18.64102970745|98.96258740031|-188833|549510||50546.578125|33.25||3275|30.5|50546.578125|8832aa|TLM520|0|2608|-906.25|||3|3|2|1|1|132|98|["132,98,5,3859"]|14:02:26:578
62|1.1|636136523336681479|0|50551.5625|18.64473651476|98.96257130708|-188831|549921||50551.5625|32.5||3200|29.75|50551.5625|8832aa|TLM520|0|2608|-887.5|||3|3|2|1|1|132|98|["132,98,5,3859"]|14:02:31:563
62|1.1|636136523386596470|0|50556.5625|18.64849696617|98.96257130708|-188827|550339||50556.5625|31.75||3118.75|29|50556.5625|8832aa|TLM520|0|2608|-887.5|||3|3|2|1|1|132|98|["132,98,5,3859"]|14:02:36:563
62|1.1|636136523436531463|0|50561.5390625|18.65228960404|98.96258740031|-188822|550759||50561.5390625|31.25||3068.75|28.5|50561.5390625|8832aa|TLM520|0|2608|-843.75|||3|3|2|1|1|132|98|["132,98,5,3859"]|14:02:41:539
62|1.1|636136523486436453|0|50566.5390625|18.65608224191|98.96259812913|-188817|551180||50566.5390625|30.5||2993.75|27.75|50566.5390625|8832aa|TLM520|0|2608|-843.75|||3|3|2|1|1|132|98|["132,98,5,3859"]|14:02:46:539
62|1.1|636136523536361445|0|50571.5390625|18.65990706624|98.96263568|-188810|551604||50571.5390625|30||2937.5|27|50571.5390625|8832aa|TLM520|0|2608|-806.25|||3|3|2|1|1|132|98|["132,98,5,3859"]|14:02:51:539
62|1.1|636136523586296438|0|50576.515625|18.66366215324|98.96263568|-188806|552021||50576.515625|29.25||2862.5|26.5|50576.515625|8832aa|TLM520|0|2608|-806.25|||3|3|2|1|1|132|98|["132,98,5,3859"]|14:02:56:516
62|1.1|636136523636211429|0|50581.515625|18.66748697757|98.96261958677|-188804|552445||50581.515625|28.5||2781.25|25.75|50581.515625|8832aa|TLM520|0|2608|-843.75|||3|3|2|1|1|132|98|["132,98,5,3859"]|14:03:01:516
62|1.1|636136523686126420|0|50586.5|18.67129034426|98.96263568|-188799|552867||50586.5|27.75||2693.75|24.75|50586.5|8832aa|TLM520|0|2608|-887.5|||3|3|2|1|1|132|98|["132,98,5,3859"]|14:03:06:500
62|1.1|636136523736041411|0|50591.5|18.67511516859|98.96265713764|-188793|553291||50591.5|27.25||2643.75|24.25|50591.5|8832aa|TLM520|0|2608|-868.75|||3|3|2|1|1|132|98|["132,98,5,3859"]|14:03:11:500
62|1.1|636136523785966403|0|50596.5|18.67896145056|98.96264104441|-188791|553718||50596.5|25.75||2562.5|23.25|50596.5|8832aa|TLM520|0|2608|-868.75|||3|3|2|1|1|132|98|["132,98,5,3859"]|14:03:16:500
62|1.1|636136523835881394|0|50601.4765625|18.68273263079|98.96266786646|-188784|554136||50601.4765625|25.25||2500|22.75|50601.4765625|8832aa|TLM520|0|2608|-843.75|||3|3|2|1|1|132|98|["132,98,5,3859"]|14:03:21:477
62|1.1|636136523885806386|0|50606.4765625|18.68653063307|98.96269468851|-188778|554557||50606.4765625|24.5||2425|22|50606.4765625|8832aa|TLM520|0|2608|-843.75|||3|3|2|1|1|132|98|["132,98,5,3859"]|14:03:26:477
62|1.1|636136523935731378|0|50611.4609375|18.69033399976|98.96269468851|-188774|554979||50611.4609375|24||2368.75|21.5|50611.4609375|8832aa|TLM520|0|2608|-806.25|||3|3|2|1|1|132|98|["132,98,5,3859"]|14:03:31:461
62|1.1|636136523985656370|0|50616.4609375|18.69413200204|98.96271614615|-188768|555400||50616.4609375|23.25||2293.75|20.75|50616.4609375|8832aa|TLM520|0|2608|-806.25|||3|3|2|1|1|132|98|["132,98,5,3859"]|14:03:36:461
62|1.1|636136524035571361|0|50621.4609375|18.69792463991|98.96275906143|-188760|555821||50621.4609375|22.75||2237.5|20.25|50621.4609375|8832aa|TLM520|0|2608|-787.5|||3|3|2|1|1|132|98|["132,98,5,3859"]|14:03:41:461
62|1.1|636136524085496353|0|50626.4375|18.70171191337|98.96278051907|-188754|556241||50626.4375|22||2162.5|19.5|50626.4375|8832aa|TLM520|0|2608|-806.25|||3|3|2|1|1|132|98|["132,98,5,3859"]|14:03:46:438
62|1.1|636136524135411344|0|50631.4375|18.70551528006|98.96279124789|-188749|556663||50631.4375|21.25||2081.25|18.75|50631.4375|8832aa|TLM520|0|2608|-825|||3|3|2|1|1|132|98|["132,98,5,3859"]|14:03:51:438
62|1.1|636136524185336336|0|50636.421875|18.70930255352|98.96280734112|-188744|557083||50636.421875|20.75||2025|18|50636.421875|8832aa|TLM520|0|2608|-825|||3|3|2|1|1|132|98|["132,98,5,3859"]|14:03:56:422
62|1.1|636136524235261328|0|50641.421875|18.71313274226|98.96281806994|-188739|557508||50641.421875|20||1950|17.25|50641.421875|8832aa|TLM520|0|2608|-825|||3|3|2|1|1|132|98|["132,98,5,3859"]|14:04:01:422
62|1.1|636136524285176319|0|50646.421875|18.71695220218|98.96284489199|-188732|557931||50646.421875|19.25||1868.75|16.5|50646.421875|8832aa|TLM520|0|2608|-868.75|||3|3|2|1|1|132|98|["132,98,5,3859"]|14:04:06:422
62|1.1|636136524335101311|0|50651.3984375|18.72072874682|98.96286098522|-188727|558350||50651.3984375|18.75||1818.75|15.75|50651.3984375|8832aa|TLM520|0|2608|-843.75|||3|3|2|1|1|132|98|["132,98,5,3859"]|14:04:11:398
62|1.1|636136524385026303|0|50656.3984375|18.72455357115|98.96288780727|-188721|558774||50656.3984375|18||1737.5|15.25|50656.3984375|8832aa|TLM520|0|2608|-843.75|||3|3|2|1|1|132|98|["132,98,5,3859"]|14:04:16:398
62|1.1|636136524434941294|0|50661.375|18.7283354802|98.96290926491|-188715|559194||50661.375|17.25||1650|14.5|50661.375|8832aa|TLM520|0|2608|-868.75|||3|3|2|1|1|132|98|["132,98,5,3859"]|14:04:21:375
62|1.1|636136524484866286|0|50666.375|18.73212811807|98.96293072255|-188709|559615||50666.375|16.75||1612.5|13.75|50666.375|8832aa|TLM520|0|2608|-843.75|||3|3|2|1|1|132|98|["132,98,5,3859"]|14:04:26:375
62|1.1|636136524534791278|0|50671.375|18.73593148476|98.96294145137|-188704|560037||50671.375|16||1525|13|50671.375|8832aa|TLM520|0|2608|-843.75|||3|3|2|1|1|132|98|["132,98,5,3859"]|14:04:31:375
62|1.1|636136524584706269|0|50676.359375|18.73972948704|98.96296290901|-188698|560458||50676.359375|15||1487.5|12.5|50676.359375|8832aa|TLM520|0|2608|-768.75|||3|3|2|1|1|132|98|["132,98,5,3859"]|14:04:36:359
62|1.1|636136524634631261|0|50681.359375|18.74350066727|98.96299509547|-188691|560876||50681.359375|14.25||1412.5|12|50681.359375|8832aa|TLM520|0|2608|-768.75|||3|3|2|1|1|132|98|["132,98,5,3859"]|14:04:41:359
62|1.1|636136524684556253|0|50686.3359375|18.74722356781|98.96303264634|-188684|561289||50686.3359375|13.5||1331.25|11.25|50686.3359375|8832aa|TLM520|0|2608|-806.25|||3|3|2|1|1|132|98|["132,98,5,3859"]|14:04:46:336
62|1.1|636136524734481245|0|50691.3359375|18.75094646835|98.96307019721|-188676|561702||50691.3359375|13||1275|10.5|50691.3359375|8832aa|TLM520|0|2608|-806.25|||3|3|2|1|1|132|98|["132,98,5,3859"]|14:04:51:336
62|1.1|636136524784396236|0|50696.3359375|18.75465327566|98.96313457013|-188666|562113||50696.3359375|12.25||1200|9.75|50696.3359375|8832aa|TLM520|0|2608|-806.25|||3|3|2|1|1|132|98|["132,98,5,3859"]|14:04:56:336
62|1.1|636136524834321228|0|50701.3203125|18.758268888|98.96319357864|-188656|562514||50701.3203125|11.5||1125|9|50701.3203125|8832aa|TLM520|0|2608|-843.75|||3|3|2|1|1|132|98|["132,98,5,3859"]|14:05:01:320
62|1.1|636136524884246220|0|50706.3203125|18.76200251736|98.96323649392|-188648|562928||50706.3203125|11.5||1056.25|8.5|50706.3203125|8832aa|TLM520|0|2608|-843.75|||3|3|2|1|1|132|98|["132,98,5,3859"]|14:05:06:320
62|1.1|636136524934171212|0|50711.296875|18.76572005349|98.96326868038|-188641|563340||50711.296875|11.5||981.25|7.75|50711.296875|8832aa|TLM520|0|2608|-843.75|||3|3|2|1|1|132|98|[]|14:05:11:297
62|1.1|636136524984106205|0|50716.296875|18.76795164805|98.96320967187|-188645|563588||50716.296875|11.25||1181.25|7.75|50716.296875|8832aa|TLM520|0|2608|-375|||3|3|2|1|1|132|98|["132,98,5,3859"]|14:05:16:297
62|1.1|636136525034011195|0|50721.296875|18.76937858111|98.96324185833|-188640|563747||50721.296875|11.5||1168.75|9|50721.296875|8832aa|TLM520|0|2608|0|||3|3|0|1|1|132|98|["132,98,5,3859"]|14:05:21:297
62|1.1|636136525083926186|0|50726.28125|18.77133122635|98.96323649392|-188639|563963||50726.28125|11.5||1156.25|9|50726.28125|8832aa|TLM520|0|2608|0|||3|3|0|1|1|132|98|["132,98,5,3859"]|14:05:26:281
62|1.1|636136525133851178|0|50731.28125|18.77306929519|98.96323112951|-188638|564156||50731.28125|11.75||1193.75|9.5|50731.28125|8832aa|TLM520|0|2608|0|||3|3|0|1|1|132|98|["132,98,5,3859"]|14:05:31:281
62|1.1|636136525183776170|0|50736.2578125|18.77459815204|98.96322040069|-188637|564325||50736.2578125|11.75||1193.75|9.5|50736.2578125|8832aa|TLM520|0|2608|0|||3|3|0|1|1|132|98|["132,98,5,3859"]|14:05:36:258
62|1.1|636136525233691161|0|50741.2578125|18.77675464486|98.96324722274|-188632|564565||50741.2578125|11.75||1212.5|9.75|50741.2578125|8832aa|TLM520|0|2608|0|||3|3|0|1|1|132|98|["132,98,5,3859"]|14:05:41:258
62|1.1|636136525283616153|0|50746.2578125|18.77880384948|98.96327404479|-188627|564792||50746.2578125|11.75||1225|9.75|50746.2578125|8832aa|TLM520|0|2608|0|||3|3|0|1|1|132|98|[]|14:05:46:258
62|1.1|636136525333541145|0|50751.2421875|18.78080477441|98.96331159566|-188622|565014||50751.2421875|11.75||1237.5|9.75|50751.2421875|8832aa|TLM520|0|2608|0|||3|3|0|1|1|132|98|[]|14:05:51:242
62|1.1|636136525383456136|0|50756.2421875|18.78281642816|98.96333841771|-188617|565237||50756.2421875|11.75||1250|9.75|50756.2421875|8832aa|TLM520|0|2608|0|||3|3|0|1|1|132|98|[]|14:05:56:242
62|1.1|636136525433381128|0|50761.21875|18.77405098222|98.96356908734|-188601|564264||50761.21875|12||1187.5|9.75|50761.21875|8832aa|TLM520|0|2608|0|||3|3|0|1|1|132|98|["132,98,5,3859"]|14:06:01:219
62|1.1|636136525483306120|0|50766.21875|18.77196959114|98.96371392641|-188588|564033||50766.21875|12||1150|9.75|50766.21875|8832aa|TLM520|0|2608|0|||3|3|0|1|1|132|98|["132,98,5,3859"]|14:06:06:219
62|1.1|636136525533231112|0|50771.21875|18.76987210683|98.96384803666|-188575|563801||50771.21875|12||1106.25|10|50771.21875|8832aa|TLM520|0|2608|0|||3|3|0|1|1|132|98|[]|14:06:11:219
62|1.1|636136525583146103|0|50776.1953125|18.76780144457|98.96399287573|-188562|563571||50776.1953125|12||1068.75|10|50776.1953125|8832aa|TLM520|0|2608|0|||3|3|0|1|1|132|98|[]|14:06:16:195
