62|1.1|636136513714409348|0|49588.5390625|6.9319978902|100.3913389953|-39636|-747893||49588.5390625|4.75||475|3.25|49588.5390625|884364|BKP297|0|2737|2306.25|||3|3|1|1|1|132|50|["132,50,5"]|13:46:28:539
62|1.1|636136513733301237|0|49591.21875|6.93198179697|100.39059870672|-39717|-747894||49591.21875|5||593.75|4.25|49591.21875|884364|BKP297|0|2737|2306.25|||3|3|1|1|1|132|51|["132,50,5"]|13:46:31:219
62|1.1|636136513783226229|0|49596.21875|6.93209444958|100.38861923943|-39937|-747882||49596.21875|7||781.25|6.25|49596.21875|884364|BKP297|0|2737|2343.75|||3|3|1|1|1|132|50|["132,50,5"]|13:46:36:219
62|1.1|636136513833141220|0|49601.21875|6.93185305113|100.38606578027|-40220|-747908||49601.21875|9.75||1043.75|8.5|49601.21875|884364|BKP297|0|2737|2418.75|||3|3|1|1|1|132|50|["132,50,5"]|13:46:41:219
62|1.1|636136513883076213|0|49606.1953125|6.93157946622|100.3833460244|-40522|-747938||49606.1953125|12.25||1306.25|11.25|49606.1953125|884364|BKP297|0|2737|2537.5|||3|3|1|1|1|132|50|["132,50,5"]|13:46:46:195
62|1.1|636136513932991204|0|49611.1953125|6.93129515249|100.38007909871|-40884|-747970||49611.1953125|15.25||1568.75|13.75|49611.1953125|884364|BKP297|0|2737|2637.5|||3|3|1|1|1|132|51|["132,50,5"]|13:46:51:195
62|1.1|636136513982906195|0|49616.1796875|6.93102693199|100.37774021595|-41144|-747999||49616.1796875|16.5||1718.75|15.5|49616.1796875|884364|BKP297|0|2737|2206.25|||3|3|1|1|1|132|51|["132,50,5"]|13:46:56:180
62|1.1|636136514032831187|0|49621.1796875|6.93073725385|100.3748166125|-41468|-748030||49621.1796875|17.75||1862.5|17.25|49621.1796875|884364|BKP297|0|2737|2025|||3|3|1|1|1|132|50|["132,50,5"]|13:47:01:180
62|1.1|636136514082746178|0|49626.1796875|6.93105375404|100.37209149222|-41770|-747995||49626.1796875|19.5||2025|18.5|49626.1796875|884364|BKP297|0|2737|1950|||3|3|1|1|1|132|51|["132,50,5"]|13:47:06:180
62|1.1|636136514132671170|0|49631.15625|6.93305467897|100.36930199902|-42079|-747773||49631.15625|21.5||2237.5|20.75|49631.15625|884364|BKP297|0|2737|2162.5|||3|3|1|1|1|132|51|["132,50,5"]|13:47:11:156
62|1.1|636136514182446147|0|49636.15625|6.93530236676|100.36688265011|-42347|-747523||49636.15625|22.75||2418.75|22.75|49636.15625|884364|BKP297|0|2737|2162.5|||3|3|1|1|1|132|51|["132,50,5"]|13:47:16:156
62|1.1|636136514232511153|0|49641.140625|6.93743203753|100.36417362306|-42647|-747286||49641.140625|25.5||2556.25|23.75|49641.140625|884364|BKP297|0|2737|1931.25|||3|3|1|1|1|132|51|["132,50,5"]|13:47:21:141
62|1.1|636136514282286130|0|49646.140625|6.93890188587|100.3617810962|-42912|-747123||49646.140625|27||2712.5|25.75|49646.140625|884364|BKP297|0|2737|1950|||3|3|1|1|1|132|51|["132,50,4"]|13:47:26:141
62|1.1|636136514332351136|0|49651.140625|6.94047902241|100.35888967921|-43233|-746947||49651.140625|28.5||2906.25|27.5|49651.140625|884364|BKP297|0|2737|1987.5|||3|3|1|1|1|132|51|["132,50,4"]|13:47:31:141
62|1.1|636136514382146115|0|49656.1171875|6.94190059106|100.35597144017|-43556|-746789||49656.1171875|30.25||3125|29.5|49656.1171875|884364|BKP297|0|2737|2187.5|||3|3|1|1|1|132|51|["132,50,5"]|13:47:36:117
62|1.1|636136514432051105|0|49661.1171875|6.94323096474|100.353090752|-43876|-746641||49661.1171875|31.5||3325|31.5|49661.1171875|884364|BKP297|0|2737|2262.5|||3|3|1|1|1|132|50|["132,50,5"]|13:47:41:117
62|1.1|636136514481976097|0|49666.1015625|6.94477591482|100.35031735203|-44183|-746469||49666.1015625|35||3518.75|33.5|49666.1015625|884364|BKP297|0|2737|2262.5|||3|3|1|1|1|132|51|["132,50,5"]|13:47:46:102
62|1.1|636136514531891088|0|49671.1015625|6.94610092409|100.34775852846|-44466|-746322||49671.1015625|36.75||3706.25|35.5|49671.1015625|884364|BKP297|0|2737|2281.25|||3|3|1|1|1|132|51|["132,50,5"]|13:47:51:102
62|1.1|636136514581816080|0|49676.1015625|6.9476083233|100.34492075557|-44781|-746154||49676.1015625|38.25||3900|37.5|49676.1015625|884364|BKP297|0|2737|2306.25|||3|3|1|1|1|132|51|["132,50,5"]|13:47:56:102
62|1.1|636136514631751073|0|49681.078125|6.94909426487|100.34213126237|-45090|-745989||49681.078125|39.5||4075|39.25|49681.078125|884364|BKP297|0|2737|2225|||3|3|1|1|1|132|51|["132,50,5"]|13:48:01:078
62|1.1|636136514681666064|0|49686.078125|6.95067676582|100.33927739625|-45406|-745813||49686.078125|41.75||4243.75|40.75|49686.078125|884364|BKP297|0|2737|2125|||3|3|1|1|1|132|50|["132,50,5"]|13:48:06:078
62|1.1|636136514731581055|0|49691.0625|6.95236655497|100.33627332665|-45739|-745625||49691.0625|43.5||4375|42.25|49691.0625|884364|BKP297|0|2737|1950|||3|3|1|1|1|132|51|["132,50,5"]|13:48:11:063
62|1.1|636136514781506047|0|49696.0625|6.9537237507|100.33385397774|-46007|-745474||49696.0625|44.75||4525|43.75|49696.0625|884364|BKP297|0|2737|1950|||3|3|1|1|1|132|50|["132,50,5"]|13:48:16:063
62|1.1|636136514831421038|0|49701.0625|6.95525260755|100.33120932361|-46300|-745304||49701.0625|46||4643.75|44.75|49701.0625|884364|BKP297|0|2737|1750|||3|3|1|1|1|132|50|["132,50,5"]|13:48:21:063
62|1.1|636136514881346030|0|49706.0390625|6.95679755763|100.32854321184|-46596|-745132||49706.0390625|47.25||4781.25|46.25|49706.0390625|884364|BKP297|0|2737|1675|||3|3|1|1|1|132|50|["132,50,5"]|13:48:26:039
62|1.1|636136514931281023|0|49711.0390625|6.95840151622|100.32580736274|-46899|-744954||49711.0390625|48.5||4906.25|47.5|49711.0390625|884364|BKP297|0|2737|1612.5|||3|3|1|1|1|132|50|["132,50,5"]|13:48:31:039
62|1.1|636136514981186013|0|49716.015625|6.96009130537|100.3228354796|-47228|-744766||49716.015625|50||5081.25|49.25|49716.015625|884364|BKP297|0|2737|1712.5|||3|3|1|1|1|132|50|["132,50,5"]|13:48:36:016
62|1.1|636136515031111005|0|49721.015625|6.96210832353|100.31958464714|-47588|-744541||49721.015625|52||5225|50.5|49721.015625|884364|BKP297|0|2737|1750|||3|3|1|1|1|132|83|["132,50,5"]|13:48:41:016
62|1.1|636136515081025996|0|49726.015625|6.96349234131|100.317149205|-47858|-744388||49726.015625|53.5||5343.75|52.25|49726.015625|884364|BKP297|0|2737|1750|||3|3|1|1|1|132|83|["132,50,5"]|13:48:46:016
62|1.1|636136515130950988|0|49731|6.965149944|100.31420950832|-48184|-744203||49731|55||5518.75|53.75|49731|884364|BKP297|0|2737|1793.75|||3|3|1|1|1|132|83|["132,50,5"]|13:48:51:000
62|1.1|636136515180885981|0|49736|6.96685046197|100.31126981164|-48510|-744014||49736|56||5668.75|55.25|49736|884364|BKP297|0|2737|1768.75|||3|3|1|1|1|132|83|["132,50,5"]|13:48:56:000
62|1.1|636136515230810973|0|49740.9765625|6.9684222341|100.30852323372|-48814|-743839||49740.9765625|57.25||5775|56.25|49740.9765625|884364|BKP297|0|2737|1475|||3|3|1|1|1|132|83|["132,50,5"]|13:49:00:977
62|1.1|636136515280715963|0|49745.9765625|6.97004765033|100.30573910493|-49122|-743658||49745.9765625|58||5887.5|57.25|49745.9765625|884364|BKP297|0|2737|1418.75|||3|3|1|1|1|132|50|["132,50,5"]|13:49:05:977
62|1.1|636136515330640955|0|49750.9765625|6.97200565998|100.3024507216|-49487|-743440||49750.9765625|60||6018.75|58.5|49750.9765625|884364|BKP297|0|2737|1418.75|||3|3|1|1|1|132|51|["132,50,5"]|13:49:10:977
62|1.1|636136515380565947|0|49755.9609375|6.97345405068|100.29989726244|-49770|-743279||49755.9609375|60.75||6087.5|59.5|49755.9609375|884364|BKP297|0|2737|1337.5|||3|3|1|1|1|132|51|["132,50,5"]|13:49:15:961
62|1.1|636136515430480938|0|49760.9609375|6.97527795008|100.29678590464|-50114|-743076||49760.9609375|61.5||6181.25|60.25|49760.9609375|884364|BKP297|0|2737|1218.75|||3|3|1|1|1|132|83|["132,50,5"]|13:49:20:961
62|1.1|636136515480405930|0|49765.9375|6.97706429861|100.29365845361|-50461|-742878||49765.9375|62.25||6262.5|60.75|49765.9375|884364|BKP297|0|2737|1143.75|||3|3|1|1|1|132|83|["132,50,5"]|13:49:25:938
62|1.1|636136515530330922|0|49770.9375|6.97888819801|100.29038616351|-50823|-742675||49770.9375|63.25||6331.25|62.25|49770.9375|884364|BKP297|0|2737|1062.5|||3|3|1|1|1|132|50|["132,50,5"]|13:49:30:938
62|1.1|636136515580285917|0|49775.9375|6.98059408039|100.28725871248|-51170|-742485||49775.9375|64||6400|62.75|49775.9375|884364|BKP297|0|2737|981.25|||3|3|1|1|1|132|50|["132,50,5"]|13:49:35:938
62|1.1|636136515630170905|0|49780.921875|6.98267547147|100.28365382896|-51569|-742253||49780.921875|64.75||6512.5|63.5|49780.921875|884364|BKP297|0|2737|962.5|||3|3|1|1|1|132|50|["132,50,5"]|13:49:40:922
62|1.1|636136515680085896|0|49785.921875|6.98452082851|100.28044054737|-51925|-742048||49785.921875|65.5||6600|64.25|49785.921875|884364|BKP297|0|2737|981.25|||3|3|1|1|1|132|50|["132,50,5"]|13:49:45:922
62|1.1|636136515730020889|0|49790.8984375|6.98653784667|100.27706633348|-52299|-741824||49790.8984375|66.5||6656.25|65.25|49790.8984375|884364|BKP297|0|2737|981.25|||3|3|1|1|1|132|50|["132,50,5"]|13:49:50:898
62|1.1|636136515779935880|0|49795.8984375|6.98872652595|100.2733756194|-52708|-741580||49795.8984375|67.25||6750|66.25|49795.8984375|884364|BKP297|0|2737|1006.25|||3|3|1|1|1|132|50|["132,50,5"]|13:49:55:898
62|1.1|636136515829860872|0|49800.8984375|6.99071135765|100.26986729526|-53096|-741360||49800.8984375|68||6812.5|66.75|49800.8984375|884364|BKP297|0|2737|943.75|||3|3|1|1|1|132|50|["132,50,5"]|13:50:00:898
62|1.1|636136515879775863|0|49805.875|6.99341502029|100.26528072471|-53605|-741059||49805.875|69||6918.75|67.5|49805.875|884364|BKP297|0|2737|906.25|||3|3|1|1|1|132|51|["132,50,5"]|13:50:05:875
62|1.1|636136515929700855|0|49810.875|6.99522819087|100.26202989225|-53965|-740857||49810.875|69.75||6993.75|68.25|49810.875|884364|BKP297|0|2737|925|||3|3|1|1|1|132|51|["132,50,5"]|13:50:10:875
62|1.1|636136515979635848|0|49815.859375|6.99728812431|100.25829089848|-54379|-740628||49815.859375|70.75||7087.5|69.25|49815.859375|884364|BKP297|0|2737|943.75|||3|3|1|1|1|132|51|["132,50,5"]|13:50:15:859
62|1.1|636136516029540838|0|49820.859375|6.99932660011|100.25476648111|-54769|-740401||49820.859375|71.5||7187.5|70.25|49820.859375|884364|BKP297|0|2737|981.25|||3|3|1|1|1|132|51|["132,50,5"]|13:50:20:859
62|1.1|636136516079475831|0|49825.859375|7.00141872001|100.25126352138|-55157|-740168||49825.859375|73||7306.25|71.25|49825.859375|884364|BKP297|0|2737|1081.25|||3|3|1|1|1|132|66|["132,66,5","132,50,5"]|13:50:25:859
62|1.1|636136516129390822|0|49830.8359375|7.00366104339|100.24750306997|-55574|-739919||49830.8359375|73.75||7456.25|72.75|49830.8359375|884364|BKP297|0|2737|1356.25|||3|3|1|1|1|132|50|["132,66,5","132,50,5"]|13:50:30:836
62|1.1|636136516179305813|0|49835.8359375|7.00576389211|100.24388209322|-55975|-739685||49835.8359375|75.75||7581.25|74.5|49835.8359375|884364|BKP297|0|2737|1575|||3|3|1|1|1|132|51|["132,66,5","132,50,5"]|13:50:35:836
62|1.1|636136516229250807|0|49840.8203125|7.00789356288|100.24028793852|-56373|-739448||49840.8203125|77||7712.5|75.5|49840.8203125|884364|BKP297|0|2737|1537.5|||3|3|1|1|1|132|51|["132,66,5","132,50,5"]|13:50:40:820
62|1.1|636136516279145796|0|49845.8203125|7.01000177601|100.23663477531|-56778|-739213||49845.8203125|77.75||7818.75|76.25|49845.8203125|884364|BKP297|0|2737|1437.5|||3|3|1|1|1|132|51|["132,66,5","132,50,5"]|13:50:45:820
62|1.1|636136516329070788|0|49850.8203125|7.01257669281|100.23211794209|-57278|-738926||49850.8203125|79.5||7956.25|78.25|49850.8203125|884364|BKP297|0|2737|1437.5|||3|3|1|1|1|132|83|["132,66,5","132,50,5"]|13:50:50:820
62|1.1|636136516379005781|0|49855.796875|7.0144488719|100.22889393168|-57635|-738718||49855.796875|80.5||8068.75|79.25|49855.796875|884364|BKP297|0|2737|1418.75|||3|3|1|1|1|132|50|["132,66,5","132,50,5"]|13:50:55:797
62|1.1|636136516428920772|0|49860.796875|7.01672338174|100.22502082766|-58064|-738465||49860.796875|82||8206.25|80.5|49860.796875|884364|BKP297|0|2737|1518.75|||3|3|1|1|1|132|50|["132,66,5","132,50,5"]|13:51:00:797
62|1.1|636136516478835763|0|49865.78125|7.01878331518|100.22118527451|-58489|-738236||49865.78125|83.25||8343.75|82.25|49865.78125|884364|BKP297|0|2737|1575|||3|3|1|1|1|132|50|["132,66,5","132,50,5"]|13:51:05:781
62|1.1|636136516528770756|0|49870.78125|7.02080033334|100.21762330627|-58883|-738011||49870.78125|85||8493.75|83.5|49870.78125|884364|BKP297|0|2737|1712.5|||3|3|1|1|1|132|83|["132,66,5","132,50,5"]|13:51:10:781
62|1.1|636136516578675746|0|49875.78125|7.02291391088|100.21394332101|-59291|-737776||49875.78125|86.25||8668.75|85.25|49875.78125|884364|BKP297|0|2737|1768.75|||3|3|1|1|1|132|50|["132,66,5","132,50,5"]|13:51:15:781
62|1.1|636136516628620740|0|49880.7578125|7.02509186134|100.2102901578|-59696|-737534||49880.7578125|87.5||8837.5|86.75|49880.7578125|884364|BKP297|0|2737|1831.25|||3|3|1|1|1|132|50|["132,66,5","132,50,5"]|13:51:20:758
62|1.1|636136516678525730|0|49885.7578125|7.02701768453|100.20714661354|-60044|-737319||49885.7578125|88.75||8918.75|87.75|49885.7578125|884364|BKP297|0|2737|1556.25|||3|3|1|1|1|132|50|["132,66,5","132,50,5"]|13:51:25:758
62|1.1|636136516728450722|0|49890.7421875|7.02914199089|100.20331106039|-60469|-737083||49890.7421875|90.25||9037.5|88.75|49890.7421875|884364|BKP297|0|2737|1300|||3|3|1|1|1|132|83|["132,66,5","132,50,5"]|13:51:30:742
62|1.1|636136516778375714|0|49895.7421875|7.03074594948|100.2003123552|-60801|-736904||49895.7421875|91.25||9118.75|89.75|49895.7421875|884364|BKP297|0|2737|1218.75|||3|3|1|1|1|132|51|["132,66,5","132,50,5"]|13:51:35:742
62|1.1|636136516828290705|0|49900.7421875|7.03259667093|100.19639097149|-61235|-736698||49900.7421875|92||9231.25|90.75|49900.7421875|884364|BKP297|0|2737|1162.5|||3|3|1|1|1|132|51|["132,66,5","132,50,5"]|13:51:40:742
62|1.1|636136516878215697|0|49905.71875|7.03459759586|100.19281291002|-61632|-736475||49905.71875|92.75||9318.75|91.5|49905.71875|884364|BKP297|0|2737|1100|||3|3|1|1|1|132|66|["132,66,5","132,50,5"]|13:51:45:719
62|1.1|636136516928140689|0|49910.71875|7.03649123259|100.18886470426|-62069|-736265||49910.71875|93.5||9412.5|92.5|49910.71875|884364|BKP297|0|2737|1081.25|||3|3|1|1|1|132|66|["132,66,5","132,50,5"]|13:51:50:719
62|1.1|636136516978055680|0|49915.6953125|7.03863699659|100.1855602277|-62435|-736026||49915.6953125|94.25||9475|93.25|49915.6953125|884364|BKP297|0|2737|1043.75|||3|3|1|1|1|132|66|["132,66,5","132,50,5"]|13:51:55:695
62|1.1|636136517028000674|0|49920.6953125|7.04129774395|100.18176758983|-62855|-735730||49920.6953125|95.5||9556.25|93.75|49920.6953125|884364|BKP297|0|2737|981.25|||3|3|1|1|1|132|83|["132,66,5","132,50,5"]|13:52:00:695
62|1.1|636136517077925666|0|49925.6953125|7.04293925341|100.17905319837|-63155|-735547||49925.6953125|96||9618.75|94.75|49925.6953125|884364|BKP297|0|2737|981.25|||3|3|1|1|1|132|83|["132,66,5","132,50,5"]|13:52:05:695
62|1.1|636136517127820655|0|49930.6796875|7.04509574623|100.17559851833|-63538|-735307||49930.6796875|96.75||9693.75|95.5|49930.6796875|884364|BKP297|0|2737|943.75|||3|3|1|1|1|132|66|["132,66,5","132,50,5"]|13:52:10:680
62|1.1|636136517177745647|0|49935.6796875|7.04711276439|100.17217602475|-63917|-735083||49935.6796875|97.5||9756.25|96.25|49935.6796875|884364|BKP297|0|2737|943.75|||3|3|1|1|1|132|66|["132,66,5","132,50,5"]|13:52:15:680
62|1.1|636136517227660638|0|49940.65625|7.04911905373|100.16784158147|-64397|-734859||49940.65625|98.25||9837.5|97.25|49940.65625|884364|BKP297|0|2737|925|||3|3|1|1|1|132|50|["132,66,5","132,50,5"]|13:52:20:656
62|1.1|636136517277595631|0|49945.65625|7.05140429239|100.16400066391|-64822|-734605||49945.65625|99.75||9975|98.25|49945.65625|884364|BKP297|0|2737|1062.5|||3|3|1|1|1|132|83|["132,66,5","132,50,5"]|13:52:25:656
62|1.1|636136517327500621|0|49950.65625|7.05343203937|100.1603475007|-65227|-734379||49950.65625|100.75||10081.25|99.25|49950.65625|884364|BKP297|0|2737|1200|||3|3|1|1|1|132|50|["132,66,5","132,50,5"]|13:52:30:656
62|1.1|636136517377445615|0|49955.640625|7.05548124399|100.1571288547|-65583|-734151||49955.640625|101.75||10187.5|100.25|49955.640625|884364|BKP297|0|2737|1262.5|||3|3|1|1|1|132|50|["132,66,5","132,50,5"]|13:52:35:641
62|1.1|636136517427350605|0|49960.640625|7.05774502501|100.15347032708|-65988|-733899||49960.640625|102.75||10331.25|101.5|49960.640625|884364|BKP297|0|2737|1356.25|||3|3|1|1|1|132|50|["132,66,5","132,50,5"]|13:52:40:641
62|1.1|636136517477275597|0|49965.6171875|7.05974594994|100.14955430778|-66422|-733676||49965.6171875|104||10462.5|103.25|49965.6171875|884364|BKP297|0|2737|1418.75|||3|3|1|1|1|132|66|["132,66,5","132,50,5"]|13:52:45:617
62|1.1|636136517527190588|0|49970.6171875|7.06169323077|100.14619618712|-66794|-733459||49970.6171875|105.25||10556.25|104.25|49970.6171875|884364|BKP297|0|2737|1418.75|||3|3|1|1|1|132|66|["132,66,5","132,50,5"]|13:52:50:617
62|1.1|636136517577125581|0|49975.6171875|7.063855088|100.14267176975|-67184|-733219||49975.6171875|106.5||10656.25|105.25|49975.6171875|884364|BKP297|0|2737|1356.25|||3|3|1|1|1|132|51|["132,66,5","132,50,5"]|13:52:55:617
62|1.1|636136517627040572|0|49980.6015625|7.06573799591|100.13955504754|-67529|-733009||49980.6015625|107||10725|105.75|49980.6015625|884364|BKP297|0|2737|1125|||3|3|1|1|1|132|51|["132,82,5","132,66,5","132,50,5"]|13:53:00:602
62|1.1|636136517676955563|0|49985.6015625|7.06780865817|100.13613255396|-67908|-732779||49985.6015625|107.75||10806.25|106.5|49985.6015625|884364|BKP297|0|2737|962.5|||3|3|1|1|1|132|66|["132,82,5","132,66,5","132,50,5"]|13:53:05:602
62|1.1|636136517726900557|0|49990.578125|7.06978812546|100.13260277218|-68299|-732558||49990.578125|108.75||10881.25|107.25|49990.578125|884364|BKP297|0|2737|925|||3|3|1|1|1|132|66|["132,82,5","132,66,5","132,50,5"]|13:53:10:578
62|1.1|636136517776805547|0|49995.578125|7.07170321983|100.12944313469|-68649|-732345||49995.578125|109.5||10975|108.25|49995.578125|884364|BKP297|0|2737|962.5|||3|3|1|1|1|132|66|["132,82,5","132,66,5","132,50,5"]|13:53:15:578
62|1.1|636136517826720538|0|50000.578125|7.07383825501|100.12567195446|-69066|-732107||50000.578125|110.5||11081.25|109.25|50000.578125|884364|BKP297|0|2737|1043.75|||3|3|1|1|1|132|66|["132,82,5","132,66,5","132,50,5"]|13:53:20:578
62|1.1|636136517876665532|0|50005.5625|7.07598938342|100.12173447752|-69502|-731868||50005.5625|111.25||11175|110.25|50005.5625|884364|BKP297|0|2737|1081.25|||3|3|1|1|1|132|66|["132,82,5","132,66,5","132,50,5"]|13:53:25:563
62|1.1|636136517926570522|0|50010.5625|7.07801176599|100.11833344158|-69879|-731643||50010.5625|112.25||11231.25|110.75|50010.5625|884364|BKP297|0|2737|1025|||3|3|1|1|1|132|51|["132,82,5","132,66,5","132,50,5"]|13:53:30:563
62|1.1|636136517976505515|0|50015.5390625|7.07988394508|100.11482511744|-70267|-731434||50015.5390625|113.25||11312.5|111.75|50015.5390625|884364|BKP297|0|2737|1025|||3|3|1|1|1|132|83|["132,82,5","132,66,5","132,50,5"]|13:53:35:539
62|1.1|636136518026460510|0|50020.5390625|7.08201898026|100.11092519137|-70699|-731196||50020.5390625|114||11425|112.75|50020.5390625|884364|BKP297|0|2737|1062.5|||3|3|1|1|1|132|50|["132,82,5","132,66,5","132,50,5"]|13:53:40:539
62|1.1|636136518076335497|0|50025.5390625|7.08412719339|100.10722374847|-71109|-730962||50025.5390625|114.75||11506.25|113.5|50025.5390625|884364|BKP297|0|2737|1043.75|||3|3|1|1|1|132|50|["132,82,5","132,66,5","132,50,5"]|13:53:45:539
62|1.1|636136518126260489|0|50030.515625|7.08613348273|100.10335600886|-71537|-730738||50030.515625|115.5||11587.5|114.25|50030.515625|884364|BKP297|0|2737|1006.25|||3|3|1|1|1|132|50|["132,82,5","132,66,5","132,50,5"]|13:53:50:516
62|1.1|636136518176175480|0|50035.515625|7.08830070437|100.09992815087|-71917|-730497||50035.515625|116.75||11681.25|115.25|50035.515625|884364|BKP297|0|2737|1025|||3|3|1|1|1|132|51|["132,82,5","132,66,5","132,50,5"]|13:53:55:516
62|1.1|636136518226110473|0|50040.5|7.0903552734|100.09630180971|-72318|-730268||50040.5|117.75||11781.25|116.25|50040.5|884364|BKP297|0|2737|1125|||3|3|1|1|1|132|66|["132,82,5","132,66,5","132,50,5"]|13:54:00:500
62|1.1|636136518276015463|0|50045.5|7.09247957976|100.09277202793|-72709|-730032||50045.5|118.5||11868.75|117.25|50045.5|884364|BKP297|0|2737|1143.75|||3|3|1|1|1|132|66|["132,82,5","132,66,5","132,50,5"]|13:54:05:500
62|1.1|636136518325960457|0|50050.5|7.09460388612|100.08886137304|-73142|-729795||50050.5|119.25||11956.25|118.25|50050.5|884364|BKP297|0|2737|1081.25|||3|3|1|1|1|132|66|["132,82,5","132,66,5","132,50,5"]|13:54:10:500
62|1.1|636136518375865447|0|50055.4765625|7.09674965012|100.08550325238|-73514|-729556||50055.4765625|119.75||11993.75|118.25|50055.4765625|884364|BKP297|0|2737|843.75|||3|3|1|1|1|132|66|["132,82,5","132,66,5","132,50,5"]|13:54:15:477
62|1.1|636136518425780438|0|50060.4765625|7.09871302418|100.08189836886|-73913|-729337||50060.4765625|120.25||12050|119.25|50060.4765625|884364|BKP297|0|2737|750|||3|3|1|1|1|132|66|["132,82,5","132,66,5","132,50,5"]|13:54:20:477
62|1.1|636136518475705430|0|50065.4609375|7.10118065278|100.07772485788|-74375|-729063||50065.4609375|121.25||12125|119.5|50065.4609375|884364|BKP297|0|2737|768.75|||3|3|1|1|1|132|51|["132,82,5","132,66,5","132,50,5"]|13:54:25:461
62|1.1|636136518525630422|0|50070.4609375|7.10319230653|100.07373910125|-74816|-728838||50070.4609375|122||12206.25|120.25|50070.4609375|884364|BKP297|0|2737|806.25|||3|3|1|1|1|132|66|["132,82,5","132,66,5","132,50,5"]|13:54:30:461
62|1.1|636136518575565415|0|50075.4609375|7.10538098581|100.06957631909|-75277|-728595||50075.4609375|123||12306.25|121.5|50075.4609375|884364|BKP297|0|2737|981.25|||3|3|1|1|1|132|66|["132,82,5","132,66,5","132,50,5"]|13:54:35:461
62|1.1|636136518625470405|0|50080.4375|7.10738727515|100.06549936749|-75729|-728371||50080.4375|124||12418.75|122.75|50080.4375|884364|BKP297|0|2737|1162.5|||3|3|1|1|1|132|66|["132,82,5","132,66,5","132,50,5"]|13:54:40:438
62|1.1|636136518675395397|0|50085.4375|7.10972615791|100.06173355167|-76145|-728111||50085.4375|125.25||12531.25|123.75|50085.4375|884364|BKP297|0|2737|1281.25|||3|3|1|1|1|132|66|["132,82,5","132,66,5","132,50,5"]|13:54:45:438
62|1.1|636136518725340391|0|50090.421875|7.11188265073|100.05763514243|-76599|-727870||50090.421875|126.25||12656.25|125.25|50090.421875|884364|BKP297|0|2737|1300|||3|3|1|1|1|132|66|["132,82,5","132,66,5","132,50,5"]|13:54:50:422
62|1.1|636136518775235380|0|50095.421875|7.1143341861|100.05403562332|-76997|-727597||50095.421875|127||12737.5|125.75|50095.421875|884364|BKP297|0|2737|1181.25|||3|3|1|1|1|132|51|["132,82,5","132,66,5","132,50,5"]|13:54:55:422
62|1.1|636136518825170373|0|50100.421875|7.11634047544|100.05052729918|-77386|-727374||50100.421875|127.75||12818.75|126.5|50100.421875|884364|BKP297|0|2737|1081.25|||3|3|1|1|1|132|66|["132,82,5","132,66,5","132,50,5"]|13:55:00:422
62|1.1|636136518875075363|0|50105.3984375|7.11900658721|100.04664346634|-77815|-727077||50105.3984375|128.5||12893.75|127.25|50105.3984375|884364|BKP297|0|2737|1006.25|||3|3|1|1|1|132|50|["132,82,5","132,66,5","132,50,5"]|13:55:05:398
62|1.1|636136518925010356|0|50110.3984375|7.12128646146|100.04294202344|-78225|-726823||50110.3984375|129.25||12962.5|128.25|50110.3984375|884364|BKP297|0|2737|943.75|||3|3|1|1|1|132|50|["132,82,5","132,66,5","132,50,5"]|13:55:10:398
62|1.1|636136518974925347|0|50115.375|7.12401158174|100.03945515694|-78611|-726520||50115.375|130.25||13043.75|128.75|50115.375|884364|BKP297|0|2737|943.75|||3|3|1|1|1|132|66|["132,82,5","132,66,5","132,50,5"]|13:55:15:375
62|1.1|636136519024850339|0|50120.375|7.12647921034|100.03553377323|-79045|-726245||50120.375|131||13143.75|129.5|50120.375|884364|BKP297|0|2737|962.5|||3|3|1|1|1|132|66|["132,82,5","132,66,5","132,50,5"]|13:55:20:375
62|1.1|636136519074765330|0|50125.375|7.12912922888|100.03164457598|-79475|-725950||50125.375|131.75||13212.5|130.5|50125.375|884364|BKP297|0|2737|962.5|||3|3|1|1|1|132|66|["132,82,5","132,66,5","132,50,5"]|13:55:25:375
62|1.1|636136519124690322|0|50130.359375|7.13157003543|100.02809333656|-79868|-725679||50130.359375|132.5||13287.5|131.25|50130.359375|884364|BKP297|0|2737|925|||3|3|1|1|1|132|66|["132,82,5","132,66,5","132,50,5"]|13:55:30:359
62|1.1|636136519174765329|0|50135.359375|7.13437025745|100.02425778341|-80293|-725367||50135.359375|133.25||13350|131.75|50135.359375|884364|BKP297|0|2737|887.5|||3|3|1|1|1|132|66|["132,82,5","132,66,5","132,50,5"]|13:55:35:359
62|1.1|636136519224530305|0|50140.3359375|7.13696126748|100.02086747629|-80668|-725078||50140.3359375|134||13425|132.5|50140.3359375|884364|BKP297|0|2737|887.5|||3|3|1|1|1|132|66|["132,82,5","132,66,5","132,50,5"]|13:55:40:336
62|1.1|636136519274455297|0|50145.3359375|7.13955764192|100.01694609258|-81101|-724789||50145.3359375|134.75||13500|133.25|50145.3359375|884364|BKP297|0|2737|868.75|||3|3|1|1|1|132|66|["132,82,5","132,66,5","132,50,5"]|13:55:45:336
62|1.1|636136519324380289|0|50150.3359375|7.1422827622|100.01351823459|-81481|-724486||50150.3359375|135.25||13543.75|134.25|50150.3359375|884364|BKP297|0|2737|787.5|||3|3|1|1|1|132|66|["132,82,5","132,66,5","132,50,5"]|13:55:50:336
62|1.1|636136519374295280|0|50155.3203125|7.14465919583|100.00981679169|-81890|-724221||50155.3203125|136||13606.25|134.25|50155.3203125|884364|BKP297|0|2737|768.75|||3|3|1|1|1|132|66|["132,82,5","132,66,5","132,50,5"]|13:55:55:320
62|1.1|636136519424240274|0|50160.3203125|7.14705172269|100.00604561146|-82308|-723955||50160.3203125|136.75||13675|134.75|50160.3203125|884364|BKP297|0|2737|768.75|||3|3|1|1|1|132|66|["132,82,5","132,66,5","132,50,5"]|13:56:00:320
62|1.1|636136519474135263|0|50165.296875|7.14966955477|100.00248364322|-82702|-723664||50165.296875|137.5||13756.25|135.5|50165.296875|884364|BKP297|0|2737|843.75|||3|3|1|1|1|132|66|["132,82,5","132,66,5","132,50,5"]|13:56:05:297
62|1.1|636136519524060255|0|50170.296875|7.1522069207|99.99901286995|-83086|-723381||50170.296875|138.25||13812.5|136.25|50170.296875|884364|BKP297|0|2737|868.75|||3|3|1|1|1|132|66|["132,82,5","132,66,5","132,50,5"]|13:56:10:297
62|1.1|636136519573975246|0|50175.296875|7.15502323595|99.9950700286|-83522|-723068||50175.296875|139||13893.75|137.25|50175.296875|884364|BKP297|0|2737|887.5|||3|3|1|1|1|132|66|["132,82,5","132,66,5","132,50,5"]|13:56:15:297
62|1.1|636136519623920240|0|50180.28125|7.15761961039|99.99123983986|-83946|-722779||50180.28125|139.75||13968.75|137.75|50180.28125|884364|BKP297|0|2737|887.5|||3|3|1|1|1|132|66|["132,82,5","132,66,5","132,50,5"]|13:56:20:281
62|1.1|636136519673825230|0|50185.28125|7.16033400185|99.98722189677|-84390|-722476||50185.28125|140.5||14056.25|138.5|50185.28125|884364|BKP297|0|2737|906.25|||3|3|1|1|1|132|66|["132,82,5","132,66,5","132,50,5"]|13:56:25:281
62|1.1|636136519723750222|0|50190.2578125|7.16270507107|99.98345071654|-84807|-722212||50190.2578125|141.25||14118.75|139.25|50190.2578125|884364|BKP297|0|2737|906.25|||3|3|1|1|1|132|50|["132,82,5","132,66,5","132,50,5"]|13:56:30:258
62|1.1|636136519773665213|0|50195.2578125|7.165242437|99.97938449376|-85258|-721930||50195.2578125|141.75||14200|140.25|50195.2578125|884364|BKP297|0|2737|906.25|||3|3|1|1|1|132|66|["132,82,5","132,66,5","132,50,5"]|13:56:35:258
62|1.1|636136519823590205|0|50200.2578125|7.16772615883|99.97554894061|-85682|-721653||50200.2578125|142.5||14256.25|140.5|50200.2578125|884364|BKP297|0|2737|887.5|||3|3|1|1|1|132|66|["132,82,5","132,66,5","132,50,5"]|13:56:40:258
62|1.1|636136519873525198|0|50205.2421875|7.17036544855|99.97163828572|-86115|-721359||50205.2421875|143||14337.5|141.5|50205.2421875|884364|BKP297|0|2737|868.75|||3|3|1|1|1|132|50|["132,82,5","132,66,5","132,50,5"]|13:56:45:242
62|1.1|636136519923440189|0|50210.2421875|7.17295109417|99.96759888499|-86561|-721071||50210.2421875|144||14425|142.25|50210.2421875|884364|BKP297|0|2737|868.75|||3|3|1|1|1|132|51|["132,82,5","132,66,5","132,50,5"]|13:56:50:242
62|1.1|636136519973365181|0|50215.21875|7.17560647712|99.96373650979|-86989|-720775||50215.21875|144.5||14493.75|142.75|50215.21875|884364|BKP297|0|2737|887.5|||3|3|1|1|1|132|50|["132,82,5","132,66,5","132,50,5"]|13:56:55:219
62|1.1|636136520023280172|0|50220.21875|7.17851398734|99.96004579571|-87397|-720452||50220.21875|145.5||14556.25|143.5|50220.21875|884364|BKP297|0|2737|806.25|||3|3|1|1|1|132|83|["132,82,5","132,66,5","132,50,5"]|13:57:00:219
62|1.1|636136520073205164|0|50225.21875|7.18097088712|99.95667694623|-87769|-720178||50225.21875|146.25||14631.25|144.25|50225.21875|884364|BKP297|0|2737|825|||3|3|1|1|1|132|83|["132,82,5","132,66,5","132,50,5"]|13:57:05:219
62|1.1|636136520123120155|0|50230.1953125|7.18344388013|99.95250343525|-88231|-719903||50230.1953125|146.75||14725|145.25|50230.1953125|884364|BKP297|0|2737|906.25|||3|3|1|1|1|132|82|["132,82,5","132,66,5","132,50,5"]|13:57:10:195
62|1.1|636136520173045147|0|50235.1953125|7.1863245683|99.94839429719|-88686|-719582||50235.1953125|147.75||14800|145.75|50235.1953125|884364|BKP297|0|2737|925|||3|3|1|1|1|132|51|["132,82,5","132,66,5","132,50,5"]|13:57:15:195
62|1.1|636136520222970139|0|50240.1796875|7.18858834932|99.94482160013|-89081|-719330||50240.1796875|148.25||14856.25|146.5|50240.1796875|884364|BKP297|0|2737|868.75|||3|3|1|1|1|132|51|["132,82,5","132,66,5","132,50,5"]|13:57:20:180
62|1.1|636136520272885130|0|50245.1796875|7.1912061814|99.94124890307|-89476|-719038||50245.1796875|148.75||14912.5|147.25|50245.1796875|884364|BKP297|0|2737|806.25|||3|3|1|1|1|132|82|["132,82,5","132,66,5","132,50,5"]|13:57:25:180
62|1.1|636136520322810122|0|50250.1796875|7.19397421696|99.93717195147|-89927|-718730||50250.1796875|149.5||14993.75|147.75|50250.1796875|884364|BKP297|0|2737|806.25|||3|3|1|1|1|132|82|["132,82,5","132,66,5","132,50,5"]|13:57:30:180
62|1.1|636136520372725113|0|50255.15625|7.19696755774|99.93319692366|-90367|-718397||50255.15625|150.5||15068.75|148.5|50255.15625|884364|BKP297|0|2737|868.75|||3|3|1|1|1|132|83|["132,82,5","132,66,5","132,50,5"]|13:57:35:156
62|1.1|636136520422650105|0|50260.15625|7.20007891554|99.92886784479|-90846|-718050||50260.15625|151.25||15137.5|149.25|50260.15625|884364|BKP297|0|2737|843.75|||3|3|1|1|1|132|51|["132,82,5","132,66,5","132,50,5"]|13:57:40:156
62|1.1|636136520472565096|0|50265.140625|7.20228905246|99.92543462239|-91225|-717804||50265.140625|151.75||15193.75|149.75|50265.140625|884364|BKP297|0|2737|825|||3|3|1|1|1|132|51|["132,82,5","132,66,5","132,50,5"]|13:57:45:141
62|1.1|636136520522500089|0|50270.140625|7.20492297777|99.92140595048|-91671|-717511||50270.140625|152.25||15268.75|150.5|50270.140625|884364|BKP297|0|2737|806.25|||3|3|1|1|1|132|51|["132,82,5","132,66,5","132,50,5"]|13:57:50:141
62|1.1|636136520572415080|0|50275.140625|7.20779293712|99.91705541397|-92152|-717191||50275.140625|153||15331.25|151.25|50275.140625|884364|BKP297|0|2737|825|||3|3|1|1|1|132|50|["132,82,5","132,66,5","132,50,5"]|13:57:55:141
62|1.1|636136520622330071|0|50280.1171875|7.21027129454|99.91359536952|-92535|-716915||50280.1171875|153.75||15387.5|151.75|50280.1171875|884364|BKP297|0|2737|787.5|||3|3|1|1|1|132|50|["132,82,5","132,66,5","132,50,5"]|13:58:00:117
62|1.1|636136520672255063|0|50285.1171875|7.21300177923|99.90978127401|-92957|-716611||50285.1171875|154.5||15456.25|152.5|50285.1171875|884364|BKP297|0|2737|768.75|||3|3|1|1|1|132|51|["132,82,5","132,66,5","132,50,5"]|13:58:05:117
62|1.1|636136520722180055|0|50290.1015625|7.21544795019|99.90625149223|-93347|-716338||50290.1015625|155||15531.25|153.25|50290.1015625|884364|BKP297|0|2737|806.25|||3|3|1|1|1|132|50|["132,82,5","132,66,5","132,50,5"]|13:58:10:102
62|1.1|636136520772105047|0|50295.1015625|7.21821598575|99.90228719324|-93785|-716030||50295.1015625|155.75||15600|153.75|50295.1015625|884364|BKP297|0|2737|887.5|||3|3|1|1|1|132|50|["132,82,5","132,66,5","132,50,5"]|13:58:15:102
62|1.1|636136520822040040|0|50300.1015625|7.22096792808|99.8984033604|-94215|-715724||50300.1015625|156.75||15681.25|155.25|50300.1015625|884364|BKP297|0|2737|925|||3|3|1|1|1|132|83|["132,82,5","132,66,5","132,50,5"]|13:58:20:102
62|1.1|636136520871945030|0|50305.078125|7.22348920078|99.89447124787|-94650|-715443||50305.078125|157.25||15756.25|155.5|50305.078125|884364|BKP297|0|2737|887.5|||3|3|1|1|1|132|50|["132,82,5","132,66,5","132,50,5"]|13:58:25:078
62|1.1|636136520921860021|0|50310.078125|7.22606948199|99.89057668621|-95081|-715155||50310.078125|158||15831.25|156.25|50310.078125|884364|BKP297|0|2737|887.5|||3|3|1|1|1|132|82|["132,82,5","132,66,5","132,50,5"]|13:58:30:078
62|1.1|636136520971785013|0|50315.0625|7.22899844985|99.88636025995|-95547|-714829||50315.0625|158.75||15906.25|157.25|50315.0625|884364|BKP297|0|2737|843.75|||3|3|1|1|1|132|51|["132,82,5","132,66,5","132,50,5"]|13:58:35:063
62|1.1|636136521021710005|0|50320.0625|7.23158409547|99.88235304568|-95990|-714541||50320.0625|159.25||15968.75|157.25|50320.0625|884364|BKP297|0|2737|0|||3|3|0|1|1|132|51|["132,82,5","132,66,5","132,50,5"]|13:58:40:063
62|1.1|636136521071624996|0|50325.0625|7.23418583432|99.87818489911|-96451|-714251||50325.0625|159.5||16025|157.25|50325.0625|884364|BKP297|0|2737|0|||3|3|0|1|1|132|82|["132,82,5","132,66,5","132,50,5"]|13:58:45:063
62|1.1|636136521121569990|0|50330.0390625|7.23721136156|99.87392555757|-96922|-713914||50330.0390625|159.75||16025|157.75|50330.0390625|884364|BKP297|0|2737|0|||3|3|0|1|1|132|83|["132,82,5","132,66,5","132,50,5"]|13:58:50:039
62|1.1|636136521171484981|0|50335.0390625|7.23999549035|99.87007391119|-97348|-713604||50335.0390625|159.75||16018.75|157.75|50335.0390625|884364|BKP297|0|2737|0|||3|3|0|1|1|132|83|["132,82,5","132,66,5","132,50,5"]|13:58:55:039
62|1.1|636136521221399972|0|50340.015625|7.24283326324|99.86603987487|-97794|-713288||50340.015625|159.75||16000|157.75|50340.015625|884364|BKP297|0|2737|0|||3|3|0|1|1|132|51|["132,82,5","132,66,5","132,50,5"]|13:59:00:016
62|1.1|636136521271314963|0|50345.015625|7.24528479861|99.86261201688|-98173|-713015||50345.015625|159.75||15993.75|157.75|50345.015625|884364|BKP297|0|2737|0|||3|3|0|1|1|132|51|["132,82,5","132,66,5","132,50,5"]|13:59:05:016
62|1.1|636136521324360267|0|50350.3203125|7.24840688523|99.85811127689|-98671|-712667||50350.3203125|159.75||15993.75|157.75|50350.3203125|884364|BKP297|0|2737|0|||3|3|0|1|1|132|82|["132,82,5","132,66,5","132,50,5"]|13:59:10:320
62|1.1|636136521374275258|0|50355.3203125|7.25156652272|99.85332622317|-99200|-712315||50355.3203125|159.75||15993.75|157.75|50355.3203125|884364|BKP297|0|2737|0|||3|3|0|1|1|132|50|["132,82,5","132,66,5","132,50,5"]|13:59:15:320
62|1.1|636136521424200250|0|50360.296875|7.25429700741|99.84877720349|-99703|-712010||50360.296875|159.75||16000|157.75|50360.296875|884364|BKP297|0|2737|0|||3|3|0|1|1|132|50|["132,82,5","132,66,5","132,50,5"]|13:59:20:297
62|1.1|636136521474115241|0|50365.296875|7.25762294161|99.84436765847|-100190|-711640||50365.296875|159.75||15987.5|157.75|50365.296875|884364|BKP297|0|2737|0|||3|3|0|1|1|132|51|["132,82,5","132,66,5","132,50,5"]|13:59:25:297
62|1.1|636136521524040233|0|50370.296875|7.26065919767|99.83959333357|-100718|-711302||50370.296875|159.75||15993.75|157.75|50370.296875|884364|BKP297|0|2737|0|||3|3|0|1|1|132|51|["132,82,5","132,66,5","132,50,5"]|13:59:30:297
62|1.1|636136521573965225|0|50375.28125|7.26348087733|99.83565585663|-101154|-710988||50375.28125|159.75||15987.5|157.75|50375.28125|884364|BKP297|0|2737|0|||3|3|0|1|1|132|50|["132,82,5","132,66,5","132,50,5"]|13:59:35:281
62|1.1|636136521623880216|0|50380.28125|7.26661369277|99.83088153173|-101682|-710638||50380.28125|159.75||16000|157.75|50380.28125|884364|BKP297|0|2737|0|||3|3|0|1|1|132|50|["132,82,5","132,66,5","132,50,5"]|13:59:40:281
62|1.1|636136521673655193|0|50385.2578125|7.26981624554|99.82606429155|-102214|-710281||50385.2578125|159.5||15987.5|157.75|50385.2578125|884364|BKP297|0|2737|0|||3|3|0|1|1|132|82|["132,82,5","132,66,5","132,50,5"]|13:59:45:258
62|1.1|636136521723570184|0|50390.2578125|7.2729597898|99.82118267845|-102754|-709931||50390.2578125|159.5||15981.25|157.5|50390.2578125|884364|BKP297|0|2737|0|||3|3|0|1|1|132|82|["132,82,5","132,66,5","132,50,5"]|13:59:50:258
62|1.1|636136521773495176|0|50395.2578125|7.27600677468|99.81673021815|-103247|-709592||50395.2578125|159.5||15968.75|157.5|50395.2578125|884364|BKP297|0|2737|0|||3|3|0|1|1|132|82|["132,82,5","132,66,5","132,50,5"]|13:59:55:258
62|1.1|636136521823420168|0|50400.2421875|7.27953119205|99.81183787623|-103787|-709199||50400.2421875|159.75||15987.5|157.75|50400.2421875|884364|BKP297|0|2737|0|||3|3|0|1|1|132|51|["132,82,5","132,66,5","132,50,5"]|14:00:00:242
62|1.1|636136521873335159|0|50405.2421875|7.28285176184|99.80711719543|-104309|-708829||50405.2421875|159.75||15993.75|157.75|50405.2421875|884364|BKP297|0|2737|0|||3|3|0|1|1|132|82|["132,82,5","132,66,5","132,50,5"]|14:00:05:242
62|1.1|636136521923270152|0|50410.21875|7.28590411113|99.8025949978|-104809|-708489||50410.21875|159.5||15981.25|157.5|50410.21875|884364|BKP297|0|2737|0|||3|3|0|1|1|132|82|["132,82,5","132,66,5","132,50,5"]|14:00:10:219
62|1.1|636136521973175142|0|50415.21875|7.2892139521|99.79766510501|-105354|-708120||50415.21875|159.75||15981.25|157.75|50415.21875|884364|BKP297|0|2737|0|||3|3|0|1|1|132|82|["132,82,5","132,66,5","132,50,5"]|14:00:15:219
62|1.1|636136522023110135|0|50420.21875|7.29260962363|99.79291760216|-105879|-707742||50420.21875|159.75||15987.5|157.75|50420.21875|884364|BKP297|0|2737|0|||3|3|0|1|1|132|82|["132,82,5","132,66,5","132,50,5"]|14:00:20:219
62|1.1|636136522073025126|0|50425.1953125|7.29610185454|99.78789114999|-106434|-707353||50425.1953125|159.75||15987.5|157.75|50425.1953125|884364|BKP297|0|2737|0|||3|3|0|1|1|132|51|["132,82,5","132,66,5","132,50,5"]|14:00:25:195
62|1.1|636136522122950118|0|50430.1953125|7.29906837327|99.78373373224|-106894|-707022||50430.1953125|159.75||15987.5|157.75|50430.1953125|884364|BKP297|0|2737|0|||3|3|0|1|1|132|82|["132,82,5","132,66,5","132,50,5"]|14:00:30:195
62|1.1|636136522172875110|0|50435.1796875|7.30266789238|99.77862144951|-107459|-706621||50435.1796875|159.75||15993.75|157.75|50435.1796875|884364|BKP297|0|2737|0|||3|3|0|1|1|132|50|["132,82,5","132,66,5","132,50,5"]|14:00:35:180
62|1.1|636136522222790101|0|50440.1796875|7.30590263161|99.77398659927|-107971|-706261||50440.1796875|159.75||15987.5|157.75|50440.1796875|884364|BKP297|0|2737|0|||3|3|0|1|1|132|50|["132,82,5","132,66,5","132,50,5"]|14:00:40:180
62|1.1|636136522272715093|0|50445.1796875|7.30906763351|99.7691747235|-108503|-705907||50445.1796875|159.75||15987.5|157.75|50445.1796875|884364|BKP297|0|2737|0|||3|3|0|1|1|132|50|["132,82,5","132,66,5","132,50,5"]|14:00:45:180
62|1.1|636136522322640085|0|50450.15625|7.31256522883|99.7642394663|-109049|-705518||50450.15625|159.75||15987.5|157.75|50450.15625|884364|BKP297|0|2737|0|||3|3|0|1|1|132|51|["132,82,5","132,66,5","132,50,5"]|14:00:50:156
62|1.1|636136522372555076|0|50455.15625|7.31595017154|99.75906817506|-109620|-705141||50455.15625|159.75||15993.75|157.75|50455.15625|884364|BKP297|0|2737|0|||3|3|0|1|1|132|51|["132,82,5","132,66,5","132,50,5"]|14:00:55:156
62|1.1|636136522422480068|0|50460.140625|7.31916345313|99.75418656196|-110160|-704782||50460.140625|159.5||15981.25|157.75|50460.140625|884364|BKP297|0|2737|0|||3|3|0|1|1|132|82|["132,82,5","132,66,5","132,50,5"]|14:01:00:141
62|1.1|636136522472395059|0|50465.140625|7.32242501441|99.74929958445|-110700|-704419||50465.140625|159.5||15968.75|157.5|50465.140625|884364|BKP297|0|2737|0|||3|3|0|1|1|132|82|["132,82,5","132,66,5","132,50,5"]|14:01:05:141
62|1.1|636136522522320051|0|50470.140625|7.32572412656|99.74435359843|-111246|-704051||50470.140625|159.5||15968.75|157.5|50470.140625|884364|BKP297|0|2737|0|||3|3|0|1|1|132|82|["132,82,5","132,66,5","132,50,5"]|14:01:10:141
62|1.1|636136522572245043|0|50475.1171875|7.33011221394|99.73877461203|-111863|-703562||50475.1171875|159.5||15962.5|157.5|50475.1171875|884364|BKP297|0|2737|0|||3|3|0|1|1|132|51|["132,82,5","132,66,5","132,50,5"]|14:01:15:117
62|1.1|636136522622160034|0|50480.1171875|7.33300363093|99.73415585502|-112373|-703240||50480.1171875|159.5||15975|157.5|50480.1171875|884364|BKP297|0|2737|0|||3|3|0|1|1|132|51|["132,82,5","132,66,5","132,50,5"]|14:01:20:117
62|1.1|636136522672085026|0|50485.1015625|7.33632420072|99.72927424192|-112913|-702870||50485.1015625|159.5||15962.5|157.5|50485.1015625|884364|BKP297|0|2737|0|||3|3|0|1|1|132|82|["132,82,5","132,66,5","132,50,5"]|14:01:25:102
62|1.1|636136522722010018|0|50490.1015625|7.33990226219|99.72444090851|-113447|-702471||50490.1015625|159.5||15962.5|157.5|50490.1015625|884364|BKP297|0|2737|0|||3|3|0|1|1|132|82|["132,82,5","132,66,5","132,50,5"]|14:01:30:102
62|1.1|636136522771935010|0|50495.1015625|7.34348032366|99.71950565131|-113992|-702072||50495.1015625|159.5||15950|157.5|50495.1015625|884364|BKP297|0|2737|0|||3|3|0|1|1|132|82|["132,82,5","132,66,5","132,50,5"]|14:01:35:102
62|1.1|636136522821850001|0|50500.078125|7.34703156308|99.71415733454|-114583|-701676||50500.078125|159.5||15962.5|157.5|50500.078125|884364|BKP297|0|2737|0|||3|3|0|1|1|132|82|["132,82,5","132,66,5","132,50,5"]|14:01:40:078
62|1.1|636136522871774993|0|50505.078125|7.35075446362|99.70897531448|-115156|-701261||50505.078125|159.5||15950|157.5|50505.078125|884364|BKP297|0|2737|0|||3|3|0|1|1|132|51|["132,82,5","132,66,5","132,50,5"]|14:01:45:078
62|1.1|636136522921689984|0|50510.0625|7.35350640595|99.70454967623|-115645|-700954||50510.0625|159.5||15956.25|157.5|50510.0625|884364|BKP297|0|2737|0|||3|3|0|1|1|132|51|["132,82,5","132,66,5","132,50,5"]|14:01:50:063
62|1.1|636136522971614976|0|50515.0625|7.35664995021|99.69904579157|-116254|-700604||50515.0625|159.5||15962.5|157.5|50515.0625|884364|BKP297|0|2737|0|||3|3|0|1|1|132|82|["132,82,5","132,66,5","132,50,5"]|14:01:55:063
62|1.1|636136523021539968|0|50520.0625|7.36043185926|99.69379403418|-116834|-700182||50520.0625|159.5||15962.5|157.5|50520.0625|884364|BKP297|0|2737|0|||3|3|0|1|1|132|50|["132,82,5","132,66,5","132,50,5"]|14:02:00:063
62|1.1|636136523071454959|0|50525.0390625|7.36355931029|99.68905726015|-117357|-699833||50525.0390625|159.5||15975|157.5|50525.0390625|884364|BKP297|0|2737|0|||3|3|0|1|1|132|50|["132,82,5","132,66,5","132,50,5"]|14:02:05:039
62|1.1|636136523121379951|0|50530.0390625|7.36714810058|99.68386987568|-117931|-699433||50530.0390625|159.5||15981.25|157.5|50530.0390625|884364|BKP297|0|2737|0|||3|3|0|1|1|132|50|["132,82,5","132,66,5","132,50,5"]|14:02:10:039
62|1.1|636136523171304943|0|50535.015625|7.37093537404|99.67845718599|-118528|-699011||50535.015625|159.5||15981.25|157.75|50535.015625|884364|BKP297|0|2737|0|||3|3|0|1|1|132|51|["132,82,5","132,66,5","132,50,5"]|14:02:15:016
62|1.1|636136523221229935|0|50540.015625|7.37377851134|99.6736345814|-119061|-698694||50540.015625|159.75||15993.75|157.75|50540.015625|884364|BKP297|0|2737|0|||3|3|0|1|1|132|82|["132,82,5","132,66,5","132,50,5"]|14:02:20:016
62|1.1|636136523271154927|0|50545.015625|7.37732975076|99.66852766308|-119626|-698298||50545.015625|159.75||16006.25|157.75|50545.015625|884364|BKP297|0|2737|0|||3|3|0|1|1|132|82|["132,82,5","132,66,5","132,50,5"]|14:02:25:016
62|1.1|636136523321069918|0|50550|7.380891719|99.66350121091|-120181|-697901||50550|159.5||16000|157.75|50550|884364|BKP297|0|2737|0|||3|3|0|1|1|132|82|["132,82,5","132,66,5","132,50,5"]|14:02:30:000
62|1.1|636136523370994910|0|50555|7.38419083115|99.6587751657|-120703|-697533||50555|159.5||15981.25|157.5|50555|884364|BKP297|0|2737|0|||3|3|0|1|1|132|82|["132,82,5","132,66,5","132,50,5"]|14:02:35:000
62|1.1|636136523420909901|0|50559.9765625|7.38805320635|99.65364142533|-121270|-697102||50559.9765625|159.5||15962.5|157.5|50559.9765625|884364|BKP297|0|2737|0|||3|3|0|1|1|132|51|["132,82,5","132,66,5","132,50,5"]|14:02:39:977
62|1.1|636136523470834893|0|50564.9765625|7.39093925893|99.64942499907|-121736|-696781||50564.9765625|159.5||15962.5|157.5|50564.9765625|884364|BKP297|0|2737|0|||3|3|0|1|1|132|82|["132,82,5","132,66,5","132,50,5"]|14:02:44:977
62|1.1|636136523520749884|0|50569.9765625|7.39435102369|99.64465067417|-122264|-696400||50569.9765625|159.5||15956.25|157.5|50569.9765625|884364|BKP297|0|2737|0|||3|3|0|1|1|132|82|["132,82,5","132,66,5","132,50,5"]|14:02:49:977
62|1.1|636136523570684877|0|50574.9609375|7.3977896105|99.63910923864|-122876|-696017||50574.9609375|159.5||15968.75|157.5|50574.9609375|884364|BKP297|0|2737|0|||3|3|0|1|1|132|82|["132,82,5","132,66,5","132,50,5"]|14:02:54:961
62|1.1|636136523620599868|0|50579.9609375|7.40106726501|99.63408278647|-123431|-695651||50579.9609375|159.5||15981.25|157.5|50579.9609375|884364|BKP297|0|2737|0|||3|3|0|1|1|132|82|["132,82,5","132,66,5","132,50,5"]|14:02:59:961
62|1.1|636136523670514859|0|50584.9375|7.40446830095|99.62923335983|-123967|-695272||50584.9375|159.5||15975|157.5|50584.9375|884364|BKP297|0|2737|0|||3|3|0|1|1|132|82|["132,82,5","132,66,5","132,50,5"]|14:03:04:938
62|1.1|636136523720439851|0|50589.9375|7.40841650671|99.62410498387|-124533|-694832||50589.9375|159.75||15975|157.75|50589.9375|884364|BKP297|0|2737|0|||3|3|0|1|1|132|82|["132,82,5","132,66,5","132,50,5"]|14:03:09:938
62|1.1|636136523770364843|0|50594.9375|7.41187118675|99.61939503189|-125053|-694447||50594.9375|159.75||15981.25|157.75|50594.9375|884364|BKP297|0|2737|0|||3|3|0|1|1|132|82|["132,82,5","132,66,5","132,50,5"]|14:03:14:938
62|1.1|636136523820279834|0|50599.921875|7.41549752791|99.61434175767|-125611|-694042||50599.921875|159.75||15987.5|157.75|50599.921875|884364|BKP297|0|2737|0|||3|3|0|1|1|132|82|["132,82,5","132,66,5","132,50,5"]|14:03:19:922
62|1.1|636136523870204826|0|50604.921875|7.41887710621|99.60958889041|-126136|-693665||50604.921875|159.75||15981.25|157.75|50604.921875|884364|BKP297|0|2737|0|||3|3|0|1|1|132|50|["132,82,5","132,66,5","132,50,5"]|14:03:24:922
62|1.1|636136523920129818|0|50609.8984375|7.42194554873|99.6044873365|-126700|-693323||50609.8984375|159.75||15987.5|157.75|50609.8984375|884364|BKP297|0|2737|0|||3|3|0|1|1|132|82|["132,82,5","132,66,5","132,50,5"]|14:03:29:898
62|1.1|636136523970044809|0|50614.8984375|7.42580255952|99.59906391799|-127299|-692893||50614.8984375|159.75||15975|157.75|50614.8984375|884364|BKP297|0|2737|0|||3|3|0|1|1|132|82|["132,82,5","132,66,5","132,50,5"]|14:03:34:898
62|1.1|636136524019969801|0|50619.8984375|7.42867788328|99.5946168221|-127790|-692572||50619.8984375|159.75||15981.25|157.75|50619.8984375|884364|BKP297|0|2737|0|||3|3|0|1|1|132|82|["132,82,5","132,66,5","132,50,5"]|14:03:39:898
62|1.1|636136524069894793|0|50624.875|7.43219693624|99.5895742767|-128347|-692180||50624.875|159.75||15981.25|157.75|50624.875|884364|BKP297|0|2737|0|||3|3|0|1|1|132|82|["132,82,5","132,66,5","132,50,5"]|14:03:44:875
62|1.1|636136524119809784|0|50629.875|7.43553896367|99.58403820558|-128959|-691807||50629.875|159.75||15993.75|157.75|50629.875|884364|BKP297|0|2737|0|||3|3|0|1|1|132|82|["132,82,5","132,66,5","132,50,5"]|14:03:49:875
62|1.1|636136524169734776|0|50634.859375|7.43884344023|99.57918341453|-129495|-691438||50634.859375|159.75||15993.75|157.75|50634.859375|884364|BKP297|0|2737|0|||3|3|0|1|1|132|82|["132,82,5","132,66,5","132,50,5"]|14:03:54:859
62|1.1|636136524219659768|0|50639.859375|7.44233567114|99.57389410627|-130079|-691049||50639.859375|159.75||16000|157.75|50639.859375|884364|BKP297|0|2737|0|||3|3|0|1|1|132|82|["132,82,5","132,66,5","132,50,5"]|14:03:59:859
62|1.1|636136524269584760|0|50644.859375|7.4455328595|99.5684921454|-130676|-690692||50644.859375|159.75||16012.5|157.75|50644.859375|884364|BKP297|0|2737|0|||3|3|0|1|1|132|82|["132,82,5","132,66,5","132,50,5"]|14:04:04:859
62|1.1|636136524319499751|0|50649.8359375|7.44993704011|99.56357298143|-131219|-690201||50649.8359375|159.75||15981.25|157.75|50649.8359375|884364|BKP297|0|2737|0|||3|3|0|1|1|132|83|["132,82,5","132,66,5","132,50,5"]|14:04:09:836
62|1.1|636136524369464747|0|50654.8359375|7.45276944859|99.55956040275|-131662|-689885||50654.8359375|159.75||15975|157.75|50654.8359375|884364|BKP297|0|2737|0|||3|3|0|1|1|132|82|["132,82,5","132,66,5","132,50,5"]|14:04:14:836
62|1.1|636136524419339734|0|50659.8203125|7.45601491664|99.55463587437|-132206|-689523||50659.8203125|159.75||15981.25|157.75|50659.8203125|884364|BKP297|0|2737|0|||3|3|0|1|1|132|82|["132,82,5","132,66,5","132,50,5"]|14:04:19:820
62|1.1|636136524469264726|0|50664.8203125|7.45938913053|99.54974353245|-132746|-689147||50664.8203125|159.75||15981.25|157.75|50664.8203125|884364|BKP297|0|2737|0|||3|3|0|1|1|132|82|["132,82,5","132,66,5","132,50,5"]|14:04:24:820
62|1.1|636136524519189718|0|50669.8203125|7.46273115796|99.54434693599|-133342|-688774||50669.8203125|159.75||15993.75|157.75|50669.8203125|884364|BKP297|0|2737|0|||3|3|0|1|1|132|82|["132,82,5","132,66,5","132,50,5"]|14:04:29:820
62|1.1|636136524569104709|0|50674.796875|7.46656671111|99.53912736506|-133918|-688346||50674.796875|159.75||15993.75|157.75|50674.796875|884364|BKP297|0|2737|0|||3|3|0|1|1|132|82|["132,82,5","132,66,5","132,50,5"]|14:04:34:797
62|1.1|636136524619029701|0|50679.796875|7.47009649289|99.5338917009|-134497|-687952||50679.796875|159.75||15993.75|157.75|50679.796875|884364|BKP297|0|2737|0|||3|3|0|1|1|132|51|["132,82,5","132,66,5","132,50,5"]|14:04:39:797
62|1.1|636136524668954693|0|50684.78125|7.47361554585|99.52867212997|-135073|-687559||50684.78125|159.75||16000|157.75|50684.78125|884364|BKP297|0|2737|0|||3|3|0|1|1|132|50|["132,82,5","132,66,5","132,50,5"]|14:04:44:781
62|1.1|636136524718869684|0|50689.78125|7.47690929359|99.524289407|-135557|-687192||50689.78125|159.75||15975|157.75|50689.78125|884364|BKP297|0|2737|0|||3|3|0|1|1|132|82|["132,82,5","132,66,5","132,50,5"]|14:04:49:781
62|1.1|636136524768804677|0|50694.78125|7.48006893108|99.51912348017|-136127|-686839||50694.78125|159.75||15987.5|157.75|50694.78125|884364|BKP297|0|2737|0|||3|3|0|1|1|132|50|["132,82,5","132,66,5","132,50,5"]|14:04:54:781
62|1.1|636136524818719668|0|50699.7578125|7.48346996702|99.51395218893|-136698|-686460||50699.7578125|159.75||15993.75|157.75|50699.7578125|884364|BKP297|0|2737|0|||3|3|0|1|1|132|51|["132,82,5","132,66,5","132,50,5"]|14:04:59:758
62|1.1|636136524868634659|0|50704.7578125|7.48685490973|99.50902766055|-137242|-686082||50704.7578125|159.75||15993.75|157.75|50704.7578125|884364|BKP297|0|2737|0|||3|3|0|1|1|132|51|["132,82,5","132,66,5","132,50,5"]|14:05:04:758
62|1.1|636136524918559651|0|50709.7421875|7.49020766598|99.5041728695|-137778|-685708||50709.7421875|159.5||15975|157.5|50709.7421875|884364|BKP297|0|2737|0|||3|3|0|1|1|132|83|["132,82,5","132,66,5","132,50,5"]|14:05:09:742
62|1.1|636136524968484643|0|50714.7421875|7.49379109186|99.49911959528|-138336|-685308||50714.7421875|159.5||15962.5|157.5|50714.7421875|884364|BKP297|0|2737|0|||3|3|0|1|1|132|83|["132,82,5","132,66,5","132,50,5"]|14:05:14:742
62|1.1|636136525018399634|0|50719.7421875|7.49791632315|99.49365326149|-138939|-684848||50719.7421875|159.5||15950|157.5|50719.7421875|884364|BKP297|0|2737|0|||3|3|0|1|1|132|83|["132,82,5","132,66,5","132,50,5"]|14:05:19:742
62|1.1|636136525068324626|0|50724.71875|7.50068972312|99.48960313194|-139386|-684539||50724.71875|159.5||15950|157.5|50724.71875|884364|BKP297|0|2737|0|||3|3|0|1|1|132|83|["132,82,5","132,66,5","132,50,5"]|14:05:24:719
62|1.1|636136525118249618|0|50729.71875|7.50401029291|99.4844854848|-139951|-684168||50729.71875|159.5||15956.25|157.5|50729.71875|884364|BKP297|0|2737|0|||3|3|0|1|1|132|51|["132,82,5","132,66,5","132,50,5"]|14:05:29:719
62|1.1|636136525168164609|0|50734.6953125|7.50745960854|99.47914789685|-140541|-683783||50734.6953125|159.5||15968.75|157.5|50734.6953125|884364|BKP297|0|2737|0|||3|3|0|1|1|132|51|["132,82,5","132,66,5","132,50,5"]|14:05:34:695
62|1.1|636136525218089601|0|50739.6953125|7.51079090715|99.47400879207|-141108|-683411||50739.6953125|159.5||15968.75|157.5|50739.6953125|884364|BKP297|0|2737|0|||3|3|0|1|1|132|66|["132,82,5","132,66,5","132,50,5"]|14:05:39:695
62|1.1|636136525268014593|0|50744.6953125|7.5142509516|99.46860146679|-141705|-683025||50744.6953125|159.5||15981.25|157.5|50744.6953125|884364|BKP297|0|2737|0|||3|3|0|1|1|132|66|["132,82,5","132,66,5","132,50,5"]|14:05:44:695
62|1.1|636136525317939585|0|50749.6796875|7.5177914622|99.46331215853|-142289|-682630||50749.6796875|159.5||15987.5|157.5|50749.6796875|884364|BKP297|0|2737|0|||3|3|0|1|1|132|66|["132,82,5","132,66,5","132,50,5"]|14:05:49:680
62|1.1|636136525367854576|0|50754.6796875|7.52111203199|99.45832862164|-142839|-682259||50754.6796875|159.5||15981.25|157.5|50754.6796875|884364|BKP297|0|2737|0|||3|3|0|1|1|132|66|["132,82,5","132,66,5","132,50,5"]|14:05:54:680
62|1.1|636136525417779568|0|50759.65625|7.52478665284|99.45343627972|-143379|-681849||50759.65625|159.5||15968.75|157.5|50759.65625|884364|BKP297|0|2737|0|||3|3|0|1|1|132|83|["132,82,5","132,66,5","132,50,5"]|14:05:59:656
62|1.1|636136525467704560|0|50764.65625|7.52825742611|99.44856003103|-143917|-681462||50764.65625|159.5||15968.75|157.5|50764.65625|884364|BKP297|0|2737|0|||3|3|0|1|1|132|51|["132,82,5","132,66,5","132,50,5"]|14:06:04:656
62|1.1|636136525517619551|0|50769.65625|7.53178184348|99.44361404501|-144463|-681069||50769.65625|159.75||15962.5|157.5|50769.65625|884364|BKP297|0|2737|0|||3|3|0|1|1|132|50|["132,82,5","132,66,5","132,50,5"]|14:06:09:656
62|1.1|636136525567544543|0|50774.640625|7.53503267594|99.43862514371|-145014|-680706||50774.640625|159.5||15968.75|157.5|50774.640625|884364|BKP297|0|2737|0|||3|3|0|1|1|132|50|["132,82,5","132,66,5","132,50,5"]|14:06:14:641
62|1.1|636136525617469535|0|50779.640625|7.53818694902|99.43340557278|-145590|-680353||50779.640625|159.5||15975|157.5|50779.640625|884364|BKP297|0|2737|0|||3|3|0|1|1|132|50|["132,82,5","132,66,5","132,50,5"]|14:06:19:641
62|1.1|636136525667384526|0|50784.6171875|7.54185620546|99.42848640881|-146133|-679944||50784.6171875|159.5||15975|157.5|50784.6171875|884364|BKP297|0|2737|0|||3|3|0|1|1|132|51|["132,82,5","132,66,5","132,50,5"]|14:06:24:617
62|1.1|636136525717309518|0|50789.6171875|7.54502120736|99.42310590558|-146727|-679591||50789.6171875|159.5||15987.5|157.5|50789.6171875|884364|BKP297|0|2737|0|||3|3|0|1|1|132|50|["132,82,5","132,66,5","132,50,5"]|14:06:29:617
62|1.1|636136525767234510|0|50794.6171875|7.54872265026|99.41835303832|-147252|-679178||50794.6171875|159.5||15968.75|157.5|50794.6171875|884364|BKP297|0|2737|0|||3|3|0|1|1|132|83|["132,82,5","132,66,5","132,50,5"]|14:06:34:617
62|1.1|636136525817159502|0|50799.6015625|7.55215587266|99.41384156951|-147749|-678795||50799.6015625|159.5||15962.5|157.5|50799.6015625|884364|BKP297|0|2737|0|||3|3|0|1|1|132|83|["132,82,5","132,66,5","132,50,5"]|14:06:39:602
62|1.1|636136525867084494|0|50804.6015625|7.55566956121|99.40911015989|-148271|-678403||50804.6015625|159.5||15950|157.5|50804.6015625|884364|BKP297|0|2737|0|||3|3|0|1|1|132|66|["132,82,5","132,66,5","132,50,5"]|14:06:44:602
62|1.1|636136525916989484|0|50809.578125|7.5592583515|99.40411052977|-148823|-678002||50809.578125|159.5||15950|157.5|50809.578125|884364|BKP297|0|2737|0|||3|3|0|1|1|132|51|["132,82,5","132,66,5","132,50,5"]|14:06:49:578
62|1.1|636136525966914476|0|50814.578125|7.56271839595|99.39878367064|-149411|-677616||50814.578125|159.5||15962.5|157.5|50814.578125|884364|BKP297|0|2737|0|||3|3|0|1|1|132|51|["132,82,5","132,66,5","132,50,5"]|14:06:54:578
62|1.1|636136526016839468|0|50819.578125|7.56643593208|99.39353191325|-149990|-677201||50819.578125|159.5||15956.25|157.5|50819.578125|884364|BKP297|0|2737|0|||3|3|0|1|1|132|83|["132,82,5","132,66,5","132,50,5"]|14:06:59:578
62|1.1|636136526066764460|0|50824.5625|7.56967067131|99.38839280847|-150557|-676840||50824.5625|159.5||15962.5|157.5|50824.5625|884364|BKP297|0|2737|0|||3|3|0|1|1|132|83|["132,82,5","132,66,5","132,50,5"]|14:07:04:563
62|1.1|636136526116679451|0|50829.5625|7.57290004613|99.38341463599|-151107|-676479||50829.5625|159.5||15962.5|157.5|50829.5625|884364|BKP297|0|2737|0|||3|3|0|1|1|132|66|["132,82,5","132,66,5","132,50,5"]|14:07:09:563
62|1.1|636136526166604443|0|50834.5390625|7.57623134474|99.37862421786|-151635|-676107||50834.5390625|159.75||15956.25|157.5|50834.5390625|884364|BKP297|0|2737|0|||3|3|0|1|1|132|66|["132,82,5","132,66,5","132,50,5"]|14:07:14:539
62|1.1|636136526216529435|0|50839.5390625|7.57970211801|99.37391426588|-152155|-675720||50839.5390625|159.75||15975|157.75|50839.5390625|884364|BKP297|0|2737|0|||3|3|0|1|1|132|51|["132,82,5","132,66,5","132,50,5"]|14:07:19:539
62|1.1|636136526266444426|0|50844.5390625|7.58300123016|99.369257958|-152669|-675352||50844.5390625|159.75||15981.25|157.75|50844.5390625|884364|BKP297|0|2737|0|||3|3|0|1|1|132|66|["132,82,5","132,66,5","132,50,5"]|14:07:24:539
62|1.1|636136526316369418|0|50849.515625|7.58638080846|99.36442462459|-153202|-674974||50849.515625|159.5||15962.5|157.5|50849.515625|884364|BKP297|0|2737|0|||3|3|0|1|1|132|66|["132,82,5","132,66,5","132,50,5"]|14:07:29:516
62|1.1|636136526366294410|0|50854.515625|7.58976575117|99.35857205328|-153848|-674596||50854.515625|159.5||15968.75|157.5|50854.515625|884364|BKP297|0|2737|0|||3|3|0|1|1|132|50|["132,82,5","132,66,5","132,50,5"]|14:07:34:516
62|1.1|636136526416209401|0|50859.5|7.5934296432|99.35341149086|-154418|-674187||50859.5|159.5||15968.75|157.5|50859.5|884364|BKP297|0|2737|0|||3|3|0|1|1|132|50|["132,82,5","132,66,5","132,50,5"]|14:07:39:500
62|1.1|636136526466134393|0|50864.5|7.59674484858|99.34850305571|-154959|-673817||50864.5|159.5||15968.75|157.5|50864.5|884364|BKP297|0|2737|0|||3|3|0|1|1|132|50|["132,82,5","132,66,5","132,50,5"]|14:07:44:500
62|1.1|636136526516059385|0|50869.5|7.60027999477|99.34358925615|-155501|-673422||50869.5|159.75||15975|157.75|50869.5|884364|BKP297|0|2737|0|||3|3|0|1|1|132|50|["132,82,5","132,66,5","132,50,5"]|14:07:49:500
62|1.1|636136526565974376|0|50874.4765625|7.60347718313|99.33864327013|-156047|-673065||50874.4765625|159.5||15981.25|157.75|50874.4765625|884364|BKP297|0|2737|0|||3|3|0|1|1|132|66|["132,82,5","132,66,5","132,50,5"]|14:07:54:477
62|1.1|636136526615899368|0|50879.4765625|7.60689967671|99.33399769107|-156559|-672683||50879.4765625|159.75||15987.5|157.75|50879.4765625|884364|BKP297|0|2737|0|||3|3|0|1|1|132|66|["132,82,5","132,66,5","132,50,5"]|14:07:59:477
62|1.1|636136526665824360|0|50884.4609375|7.61033826352|99.32853672169|-157162|-672299||50884.4609375|159.5||15993.75|157.5|50884.4609375|884364|BKP297|0|2737|0|||3|3|0|1|1|132|66|["132,82,5","132,66,5","132,50,5"]|14:08:04:461
62|1.1|636136526715739351|0|50889.4609375|7.61375002828|99.32330642194|-157739|-671918||50889.4609375|159.5||15975|157.5|50889.4609375|884364|BKP297|0|2737|0|||3|3|0|1|1|132|83|["132,82,5","132,66,5","132,50,5"]|14:08:09:461
62|1.1|636136526765664343|0|50894.4609375|7.61712960658|99.31827460536|-158294|-671540||50894.4609375|159.5||15968.75|157.5|50894.4609375|884364|BKP297|0|2737|0|||3|3|0|1|1|132|66|["132,82,5","132,66,5","132,50,5"]|14:08:14:461
62|1.1|636136526815589335|0|50899.4375|7.62057892221|99.31329106847|-158844|-671155||50899.4375|159.5||15968.75|157.5|50899.4375|884364|BKP297|0|2737|0|||3|3|0|1|1|132|66|["132,82,5","132,66,5","132,50,5"]|14:08:19:438
62|1.1|636136526865504326|0|50904.4375|7.62411943281|99.30813050605|-159413|-670760||50904.4375|159.5||15968.75|157.5|50904.4375|884364|BKP297|0|2737|0|||3|3|0|1|1|132|66|["132,82,5","132,66,5","132,50,5"]|14:08:24:438
62|1.1|636136526915429318|0|50909.421875|7.62741854496|99.30275000282|-160007|-670391||50909.421875|159.5||15981.25|157.5|50909.421875|884364|BKP297|0|2737|0|||3|3|0|1|1|132|66|["132,82,5","132,66,5","132,50,5"]|14:08:29:422
62|1.1|636136526965354310|0|50914.421875|7.6309268691|99.29762699127|-160572|-669999||50914.421875|159.5||15981.25|157.5|50914.421875|884364|BKP297|0|2737|0|||3|3|0|1|1|132|66|["132,82,5","132,66,5","132,50,5"]|14:08:34:422
62|1.1|636136527015269301|0|50919.421875|7.63443519324|99.2929760478|-161085|-669608||50919.421875|159.5||15962.5|157.5|50919.421875|884364|BKP297|0|2737|0|||3|3|0|1|1|132|83|["132,82,5","132,66,5","132,50,5"]|14:08:39:422
62|1.1|636136527065194293|0|50924.3984375|7.63799716148|99.2879335024|-161641|-669210||50924.3984375|159.5||15968.75|157.5|50924.3984375|884364|BKP297|0|2737|0|||3|3|0|1|1|132|66|["132,82,5","132,66,5","132,50,5"]|14:08:44:398
62|1.1|636136527115119285|0|50929.3984375|7.64129627363|99.28259591445|-162230|-668841||50929.3984375|159.5||15981.25|157.5|50929.3984375|884364|BKP297|0|2737|0|||3|3|0|1|1|132|66|["132,82,5","132,66,5","132,50,5"]|14:08:49:398
62|1.1|636136527165034276|0|50934.375|7.64439690261|99.27767675048|-162773|-668495||50934.375|159.5||15975|157.5|50934.375|884364|BKP297|0|2737|0|||3|3|0|1|1|132|66|["132,82,5","132,66,5","132,50,5"]|14:08:54:375
62|1.1|636136527214959268|0|50939.375|7.64747070954|99.27232843371|-163363|-668151||50939.375|159.75||15981.25|157.5|50939.375|884364|BKP297|0|2737|0|||3|3|0|1|1|132|50|["132,82,5","132,66,5","132,50,5"]|14:08:59:375
62|1.1|636136527264884260|0|50944.375|7.65113460157|99.26735026123|-163912|-667742||50944.375|159.75||16006.25|157.75|50944.375|884364|BKP297|0|2737|0|||3|3|0|1|1|132|50|["132,82,5","132,66,5","132,50,5"]|14:09:04:375
62|1.1|636136527314799251|0|50949.359375|7.65492187503|99.26330013168|-164358|-667320||50949.359375|159.75||15987.5|157.75|50949.359375|884364|BKP297|0|2737|0|||3|3|0|1|1|132|83|["132,82,5","132,66,5","132,50,5"]|14:09:09:359
62|1.1|636136527364724243|0|50954.359375|7.65811369898|99.25842388299|-164896|-666963||50954.359375|159.75||15993.75|157.75|50954.359375|884364|BKP297|0|2737|0|||3|3|0|1|1|132|66|["132,82,5","132,66,5","132,50,5"]|14:09:14:359
62|1.1|636136527414649235|0|50959.3359375|7.66146645523|99.25373538865|-165413|-666589||50959.3359375|159.75||15981.25|157.75|50959.3359375|884364|BKP297|0|2737|0|||3|3|0|1|1|132|66|["132,82,5","132,66,5","132,50,5"]|14:09:19:336
62|1.1|636136527464564226|0|50964.3359375|7.66477093179|99.24805984287|-166039|-666219||50964.3359375|159.75||16006.25|157.75|50964.3359375|884364|BKP297|0|2737|0|||3|3|0|1|1|132|66|["132,82,5","132,66,5","132,50,5"]|14:09:24:336
62|1.1|636136527514489218|0|50969.3359375|7.66810759481|99.24317286536|-166578|-665847||50969.3359375|159.75||16000|157.75|50969.3359375|884364|BKP297|0|2737|0|||3|3|0|1|1|132|66|["132,82,5","132,66,5","132,50,5"]|14:09:29:336
62|1.1|636136527564414210|0|50974.3203125|7.67169102069|99.23814104878|-167133|-665446||50974.3203125|159.75||15993.75|157.75|50974.3203125|884364|BKP297|0|2737|0|||3|3|0|1|1|132|83|["132,82,5","132,66,5","132,50,5"]|14:09:34:320
62|1.1|636136527614329201|0|50979.3203125|7.67525835334|99.23300730841|-167699|-665048||50979.3203125|159.75||16000|157.75|50979.3203125|884364|BKP297|0|2737|0|||3|3|0|1|1|132|66|["132,82,5","132,66,5","132,50,5"]|14:09:39:320
62|1.1|636136527664254193|0|50984.296875|7.67865938928|99.22768581369|-168286|-664668||50984.296875|159.75||16012.5|157.75|50984.296875|884364|BKP297|0|2737|0|||3|3|0|1|1|132|66|["132,82,5","132,66,5","132,50,5"]|14:09:44:297
62|1.1|636136527714179185|0|50989.296875|7.68214089137|99.22256280214|-168851|-664279||50989.296875|159.75||16006.25|157.75|50989.296875|884364|BKP297|0|2737|0|||3|3|0|1|1|132|66|["132,82,5","132,66,5","132,50,5"]|14:09:49:297
62|1.1|636136527764094176|0|50994.296875|7.68541318147|99.21776165519|-169380|-663913||50994.296875|159.75||16000|157.75|50994.296875|884364|BKP297|0|2737|0|||3|3|0|1|1|132|66|["132,82,5","132,66,5","132,50,5"]|14:09:54:297
62|1.1|636136527814019168|0|50999.28125|7.68893223443|99.21271910979|-169936|-663520||50999.28125|159.75||16000|157.75|50999.28125|884364|BKP297|0|2737|0|||3|3|0|1|1|132|66|["132,82,5","132,66,5","132,50,5"]|14:09:59:281
62|1.1|636136527863944160|0|51004.28125|7.69271950789|99.20766047116|-170494|-663097||51004.28125|159.75||15987.5|157.75|51004.28125|884364|BKP297|0|2737|0|||3|3|0|1|1|132|66|["132,82,5","132,66,5","132,50,5"]|14:10:04:281
62|1.1|636136527913869152|0|51009.2578125|7.69585768774|99.20292906154|-171016|-662747||51009.2578125|159.75||15987.5|158|51009.2578125|884364|BKP297|0|2737|0|||3|3|0|1|1|132|66|["132,82,5","132,66,5","132,50,5"]|14:10:09:258
62|1.1|636136527963784143|0|51014.2578125|7.69926408809|99.1977577703|-171586|-662366||51014.2578125|159.75||15993.75|158|51014.2578125|884364|BKP297|0|2737|0|||3|3|0|1|1|132|66|["132,82,5","132,66,5","132,50,5"]|14:10:14:258
62|1.1|636136528013699134|0|51019.2578125|7.70247736968|99.19238263148|-172179|-662007||51019.2578125|159.75||16006.25|158|51019.2578125|884364|BKP297|0|2737|0|||3|3|0|1|1|132|66|["132,82,5","132,66,5","132,50,5"]|14:10:19:258
62|1.1|636136528063624126|0|51024.2421875|7.70573356655|99.18782824739|-172681|-661643||51024.2421875|159.75||15993.75|158|51024.2421875|884364|BKP297|0|2737|0|||3|3|0|1|1|132|66|["132,82,5","132,66,5","132,50,5"]|14:10:24:242
62|1.1|636136528113549118|0|51029.2421875|7.70945110268|99.18294126988|-173219|-661228||51029.2421875|159.75||15987.5|158|51029.2421875|884364|BKP297|0|2737|0|||3|3|0|1|1|132|66|["132,82,5","132,66,5","132,50,5"]|14:10:29:242
62|1.1|636136528163484111|0|51034.21875|7.71266974868|99.178284962|-173733|-660868||51034.21875|159.5||15981.25|158|51034.21875|884364|BKP297|0|2737|0|||3|3|0|1|1|132|66|["132,82,5","132,66,5","132,50,5"]|14:10:34:219
62|1.1|636136528213399102|0|51039.21875|7.71620489487|99.17334434039|-174277|-660473||51039.21875|159.5||15968.75|158|51039.21875|884364|BKP297|0|2737|0|||3|3|0|1|1|132|66|["132,82,5","132,66,5","132,50,5"]|14:10:39:219
62|1.1|636136528263314093|0|51044.21875|7.7194396341|99.16894015978|-174763|-660112||51044.21875|159.5||15956.25|158|51044.21875|884364|BKP297|0|2737|0|||3|3|0|1|1|132|66|["132,82,5","132,66,5","132,50,5"]|14:10:44:219
62|1.1|636136528313229084|0|51049.1953125|7.72281384799|99.16338263102|-175376|-659734||51049.1953125|159.5||15962.5|158|51049.1953125|884364|BKP297|0|2737|0|||3|3|0|1|1|132|66|["132,82,5","132,66,5","132,50,5"]|14:10:49:195
62|1.1|636136528363154076|0|51054.1953125|7.72604322281|99.15809332276|-175959|-659373||51054.1953125|159.5||15968.75|158|51054.1953125|884364|BKP297|0|2737|0|||3|3|0|1|1|132|66|["132,82,5","132,66,5","132,50,5"]|14:10:54:195
62|1.1|636136528413079068|0|51059.1796875|7.72966419956|99.1533404555|-176483|-658969||51059.1796875|159.5||15962.5|158|51059.1796875|884364|BKP297|0|2737|0|||3|3|0|1|1|132|51|["132,82,5","132,66,5","132,50,5"]|14:10:59:180
62|1.1|636136528462994059|0|51064.1796875|7.73290966761|99.14881825787|-176981|-658606||51064.1796875|159.5||15962.5|158|51064.1796875|884364|BKP297|0|2737|0|||3|3|0|1|1|132|51|["132,82,5","132,66,5","132,50,5"]|14:11:04:180
