62|1.1|636136510304298371|0|49248.3359375|16.25821242955|99.72445700174|-109549|284932||49248.3359375|359.75||35987.5|357.25|49248.3359375|885306|THD166|0|2282|0|||3|3|0|1|1|132|98|["132,18,5,3640","132,98,5,3863","132,114,5,449","132,178,5,1779","132,146,5,1798"]|13:40:48:336
62|1.1|636136510354223363|0|49253.3359375|16.26824924066|99.72107742344|-109905|286045||49253.3359375|359.75||35981.25|357.25|49253.3359375|885306|THD166|0|2282|0|||3|3|0|1|1|132|98|["132,18,5,3640","132,98,5,3863","132,114,5,449","132,178,5,1779","132,146,5,1798"]|13:40:53:336
62|1.1|636136510404148355|0|49258.3203125|16.27882785718|99.71765492986|-110266|287219||49258.3203125|359.75||35968.75|357|49258.3203125|885306|THD166|0|2282|0|||3|3|0|1|1|132|98|["132,18,5,3640","132,98,5,3863","132,114,5,449","132,178,5,1779","132,146,5,1798"]|13:40:58:320
62|1.1|636136510454073347|0|49263.3203125|16.28802245592|99.71444701268|-110604|288238||49263.3203125|359.75||35975|357|49263.3203125|885306|THD166|0|2282|0|||3|3|0|1|1|132|18|["132,18,5,3640","132,98,5,3863","132,114,5,449","132,178,5,1779","132,146,5,1798"]|13:41:03:320
62|1.1|636136510503988338|0|49268.296875|16.29886929294|99.71097623941|-110970|289441||49268.296875|359.75||35962.5|357|49268.296875|885306|THD166|0|2282|0|||3|3|0|1|1|132|18|["132,18,5,3640","132,98,5,3863","132,114,5,449","132,178,5,1779","132,146,5,1798"]|13:41:08:297
62|1.1|636136510553903329|0|49273.296875|16.30995752841|99.70738208471|-111348|290670||49273.296875|359.75||35962.5|357|49273.296875|885306|THD166|0|2282|0|||3|3|0|1|1|132|147|["132,18,5,3640","132,98,5,3863","132,114,5,449","132,178,5,1779","132,146,5,1798"]|13:41:13:297
62|1.1|636136510603838322|0|49278.296875|16.31988705132|99.70408297256|-111696|291771||49278.296875|359.75||35968.75|359.75|49278.296875|885306|THD166|0|2282|0|||3|3|0|1|1|132|147|["132,18,5,3640","132,98,5,3863","132,114,5,449","132,178,5,1779","132,146,5,1798"]|13:41:18:297
62|1.1|636136510653753313|0|49283.28125|16.3299077692|99.70076776718|-112045|292883||49283.28125|359.75||35975|359.75|49283.28125|885306|THD166|0|2282|0|||3|3|0|1|1|132|18|["132,18,5,3640","132,98,5,3863","132,114,5,449","132,178,5,1779","132,146,5,1798"]|13:41:23:281
62|1.1|636136510703688306|0|49288.28125|16.34028790255|99.69742037534|-112398|294034||49288.28125|359.75||35962.5|359.75|49288.28125|885306|THD166|0|2282|0|||3|3|0|1|1|132|18|["132,18,5,3640","132,98,5,3863","132,114,5,449","132,178,5,1779","132,146,5,1798"]|13:41:28:281
62|1.1|636136510753593296|0|49293.2578125|16.35068949354|99.69402470381|-112755|295187||49293.2578125|359.75||35950|359.5|49293.2578125|885306|THD166|0|2282|0|||3|3|0|1|1|132|18|["132,18,5,3640","132,98,5,3863","132,114,5,449","132,178,5,1779","132,146,5,1798"]|13:41:33:258
62|1.1|636136510803518288|0|49298.2578125|16.3610749913|99.69064512551|-113111|296339||49298.2578125|359.75||35937.5|359.75|49298.2578125|885306|THD166|0|2282|0|||3|3|0|1|1|132|18|["132,18,5,3640","132,98,5,3863","132,114,5,449","132,178,5,1779","132,146,5,1798"]|13:41:38:258
62|1.1|636136510853433279|0|49303.2578125|16.37193255714|99.68708315727|-113486|297543||49303.2578125|359.75||35931.25|359.75|49303.2578125|885306|THD166|0|2282|0|||3|3|0|1|1|132|18|["132,18,5,3640","132,98,5,3863","132,114,5,449","132,178,5,1779","132,146,5,1798"]|13:41:43:258
62|1.1|636136510903358271|0|49308.2421875|16.38227513962|99.68378404512|-113833|298690||49308.2421875|359.75||35918.75|359.75|49308.2421875|885306|THD166|0|2282|0|||3|3|0|1|1|132|18|["132,18,5,3640","132,98,5,3863","132,114,5,449","132,178,5,1779","132,146,5,1798"]|13:41:48:242
62|1.1|636136510953283263|0|49313.2421875|16.39225830663|99.68040446682|-114189|299797||49313.2421875|359.75||35962.5|359.75|49313.2421875|885306|THD166|0|2282|0|||3|3|0|1|1|132|147|["132,18,5,3640","132,98,5,3863","132,114,5,449","132,178,5,1779","132,146,5,1798"]|13:41:53:242
62|1.1|636136511003198254|0|49318.21875|16.40128660866|99.67733065989|-114513|300799||49318.21875|359.75||35975|359.75|49318.21875|885306|THD166|0|2282|0|||3|3|0|1|1|132|5|["132,18,5,3640","132,98,5,3863","132,114,5,449","132,178,5,1779","132,146,5,1798"]|13:41:58:219
62|1.1|636136511053143248|0|49323.21875|16.41119467393|99.6740100901|-114862|301897||49323.21875|359.75||35987.5|359.75|49323.21875|885306|THD166|0|2282|0|||3|3|0|1|1|132|18|["132,18,5,3640","132,98,5,3863","132,114,5,449","132,178,5,1779","132,146,5,1798"]|13:42:03:219
62|1.1|636136511103048238|0|49328.21875|16.42148361231|99.67081290174|-115198|303039||49328.21875|359.75||36000|359.75|49328.21875|885306|THD166|0|2282|0|||3|3|0|1|1|132|98|["132,18,5,3640","132,98,5,3863","132,114,5,449","132,178,5,1779","132,146,5,1798"]|13:42:08:219
62|1.1|636136511152973230|0|49333.1953125|16.43270595803|99.66724020468|-115574|304283||49333.1953125|359.75||35968.75|359.75|49333.1953125|885306|THD166|0|2282|0|||3|3|0|1|1|132|98|["132,18,5,3640","132,98,5,3863","132,114,5,449","132,178,5,1779","132,146,5,1798"]|13:42:13:195
62|1.1|636136511202898222|0|49338.1953125|16.44228142988|99.66390354166|-115926|305345||49338.1953125|359.75||35981.25|359.75|49338.1953125|885306|THD166|0|2282|0|||3|3|0|1|1|132|147|["132,18,5,3640","132,98,5,3863","132,114,5,449","132,178,5,1779","132,146,5,1798"]|13:42:18:195
62|1.1|636136511252813213|0|49343.1796875|16.45206611372|99.66058833628|-116274|306430||49343.1796875|359.75||35981.25|359.75|49343.1796875|885306|THD166|0|2282|0|||3|3|0|1|1|132|18|["132,18,5,3640","132,98,5,3863","132,114,5,449","132,178,5,1779","132,146,5,1798"]|13:42:23:180
62|1.1|636136511302738205|0|49348.1796875|16.46196881458|99.6572731309|-116624|307529||49348.1796875|359.75||35981.25|359.75|49348.1796875|885306|THD166|0|2282|0|||3|3|0|1|1|132|18|["132,18,5,3640","132,98,5,3863","132,114,5,449","132,178,5,1779","132,146,5,1798"]|13:42:28:180
62|1.1|636136511352653196|0|49353.1796875|16.47242941408|99.65393110347|-116975|308689||49353.1796875|359.75||35981.25|359.75|49353.1796875|885306|THD166|0|2282|0|||3|3|0|1|1|132|18|["132,18,5,3640","132,98,5,3863","132,114,5,449","132,178,5,1779","132,146,5,1798"]|13:42:33:180
62|1.1|636136511402588189|0|49358.15625|16.48291147122|99.65054079635|-117331|309851||49358.15625|359.75||35968.75|359.75|49358.15625|885306|THD166|0|2282|0|||3|3|0|1|1|132|18|["132,18,5,3640","132,98,5,3863","132,114,5,449","132,178,5,1779","132,146,5,1798"]|13:42:38:156
62|1.1|636136511452523182|0|49363.15625|16.49306093494|99.64713976041|-117689|310977||49363.15625|359.75||35975|359.75|49363.15625|885306|THD166|0|2282|0|||3|3|0|1|1|132|147|["132,18,5,3640","132,98,5,3863","132,114,5,449","132,178,5,1779","132,146,5,1798"]|13:42:43:156
62|1.1|636136511502418171|0|49368.140625|16.50317284779|99.64382455503|-118038|312099||49368.140625|359.75||35975|359.75|49368.140625|885306|THD166|0|2282|0|||3|3|0|1|1|132|18|["132,18,5,3640","132,98,5,3863","132,114,5,449","132,178,5,1779","132,146,5,1798"]|13:42:48:141
62|1.1|636136511552343163|0|49373.140625|16.51409478655|99.64028404443|-118410|313310||49373.140625|359.75||35962.5|359.75|49373.140625|885306|THD166|0|2282|0|||3|3|0|1|1|132|18|["132,18,5,3640","132,98,5,3863","132,114,5,449","132,178,5,1779","132,146,5,1798"]|13:42:53:141
62|1.1|636136511602268155|0|49378.140625|16.52438908934|99.63686691526|-118769|314452||49378.140625|359.75||35968.75|359.75|49378.140625|885306|THD166|0|2282|0|||3|3|0|1|1|132|18|["132,18,5,3640","132,98,5,3863","132,114,5,449","132,178,5,1779","132,146,5,1798"]|13:42:58:141
62|1.1|636136511652183146|0|49383.1171875|16.53413622231|99.63359462516|-119113|315533||49383.1171875|359.75||35975|359.75|49383.1171875|885306|THD166|0|2282|0|||3|3|0|1|1|132|18|["132,18,5,3640","132,98,5,3863","132,114,5,449","132,178,5,1779","132,146,5,1798"]|13:43:03:117
62|1.1|636136511702118139|0|49388.1171875|16.5445914574|99.63018822481|-119471|316693||49388.1171875|359.75||35975|359.75|49388.1171875|885306|THD166|0|2282|0|||3|3|0|1|1|132|18|["132,18,5,3640","132,98,5,3863","132,114,5,449","132,178,5,1779","132,146,5,1798"]|13:43:08:117
62|1.1|636136511752043131|0|49393.1015625|16.55550803175|99.62654042601|-119854|317904||49393.1015625|359.75||35968.75|359.75|49393.1015625|885306|THD166|0|2282|0|||3|3|0|1|1|132|18|["132,18,5,3640","132,98,5,3863","132,114,5,449","132,178,5,1779","132,146,5,1798"]|13:43:13:102
62|1.1|636136511801948121|0|49398.1015625|16.56539463938|99.6232091274|-120205|319001||49398.1015625|359.75||35975|359.75|49398.1015625|885306|THD166|0|2282|0|||3|3|0|1|1|132|18|["132,18,5,3640","132,98,5,3863","132,114,5,449","132,178,5,1779","132,146,5,1798"]|13:43:18:102
62|1.1|636136511851873113|0|49403.1015625|16.5757050354|99.61990465084|-120552|320144||49403.1015625|359.75||35975|359.75|49403.1015625|885306|THD166|0|2282|0|||3|3|0|1|1|132|18|["132,18,5,3640","132,98,5,3863","132,114,5,449","132,178,5,1779","132,146,5,1798"]|13:43:23:102
62|1.1|636136511901818107|0|49408.078125|16.58618172813|99.61656262341|-120903|321306||49408.078125|359.75||35975|359.75|49408.078125|885306|THD166|0|2282|0|||3|3|0|1|1|132|18|["132,18,5,3640","132,98,5,3863","132,114,5,449","132,178,5,1779","132,146,5,1798"]|13:43:28:078
62|1.1|636136511951723097|0|49413.078125|16.59608442899|99.6131776807|-121259|322405||49413.078125|359.75||35981.25|359.75|49413.078125|885306|THD166|0|2282|0|||3|3|0|1|1|132|98|["132,18,5,3640","132,98,5,3863","132,114,5,449","132,178,5,1779","132,146,5,1798"]|13:43:33:078
62|1.1|636136512001648089|0|49418.0625|16.60642701147|99.60969617861|-121624|323552||49418.0625|359.75||35993.75|359.75|49418.0625|885306|THD166|0|2282|0|||3|3|0|1|1|132|98|["132,18,5,3640","132,98,5,3863","132,114,5,449","132,178,5,1779","132,146,5,1798"]|13:43:38:063
62|1.1|636136512051563080|0|49423.0625|16.61637262761|99.60638633764|-121972|324655||49423.0625|359.75||35975|359.75|49423.0625|885306|THD166|0|2282|0|||3|3|0|1|1|132|18|["132,18,5,3640","132,98,5,3863","132,114,5,449","132,178,5,1779","132,146,5,1798"]|13:43:43:063
62|1.1|636136512101488072|0|49428.0625|16.62685468475|99.60293702201|-122334|325818||49428.0625|359.75||35950|359.75|49428.0625|885306|THD166|0|2282|0|||3|3|0|1|1|132|18|["132,18,5,3640","132,98,5,3863","132,114,5,449","132,178,5,1779","132,146,5,1798"]|13:43:48:063
62|1.1|636136512151403063|0|49433.0390625|16.63720263164|99.5994447911|-122701|326966||49433.0390625|359.5||35937.5|359.75|49433.0390625|885306|THD166|0|2282|0|||3|3|0|1|1|132|18|["132,18,5,3640","132,98,5,3863","132,114,5,449","132,178,5,1779","132,146,5,1798"]|13:43:53:039
62|1.1|636136512201328055|0|49438.0390625|16.64788317195|99.59584527199|-123079|328151||49438.0390625|358.75||35875|359|49438.0390625|885306|THD166|0|2282|0|||3|3|0|1|1|132|18|["132,18,5,3640","132,98,5,3863","132,114,5,449","132,178,5,1779","132,146,5,1798"]|13:43:58:039
62|1.1|636136512251263048|0|49443.015625|16.6573513556|99.59248715133|-123432|329201||49443.015625|358||35825|357.75|49443.015625|885306|THD166|0|2282|-887.5|||3|3|2|1|1|132|18|["132,18,5,3640","132,98,5,3863","132,114,5,449","132,178,5,1779","132,146,5,1798"]|13:44:03:016
62|1.1|636136512301168038|0|49448.015625|16.66787632802|99.58911293744|-123786|330369||49448.015625|357.25||35781.25|357|49448.015625|885306|THD166|0|2282|-962.5|||3|3|2|1|1|132|18|["132,18,5,3640","132,98,5,3863","132,114,5,449","132,178,5,1779","132,146,5,1798"]|13:44:08:016
62|1.1|636136512351093030|0|49453.015625|16.67868024976|99.58551341833|-124164|331568||49453.015625|356.5||35662.5|356.25|49453.015625|885306|THD166|0|2282|-925|||3|3|2|1|1|132|18|["132,18,5,3640","132,98,5,3863","132,114,5,449","132,178,5,1779","132,146,5,1798"]|13:44:13:016
62|1.1|636136512401018022|0|49458|16.689215951|99.58221430618|-124510|332736||49458|356||35612.5|355.75|49458|885306|THD166|0|2282|-868.75|||3|3|2|1|1|132|18|["132,18,5,3640","132,98,5,3863","132,114,5,449","132,178,5,1779","132,146,5,1798"]|13:44:18:000
62|1.1|636136512450933013|0|49463|16.69834081241|99.57896883813|-124851|333748||49463|355.5||35556.25|355|49463|885306|THD166|0|2282|-843.75|||3|3|2|1|1|132|146|["132,18,5,3640","132,98,5,3863","132,114,5,449","132,178,5,1779","132,146,5,1798"]|13:44:23:000
62|1.1|636136512500858005|0|49467.9765625|16.70827033532|99.57565899716|-125199|334850||49467.9765625|354||35431.25|354|49467.9765625|885306|THD166|0|2282|-906.25|||3|3|2|1|1|132|147|["132,18,5,3640","132,98,5,3863","132,114,5,449","132,178,5,1779","132,146,5,1798"]|13:44:27:977
62|1.1|636136512550782997|0|49472.9765625|16.71861828221|99.57231160532|-125550|335998||49472.9765625|353||35287.5|352.75|49472.9765625|885306|THD166|0|2282|-1318.75|||3|3|2|1|1|132|18|["132,18,5,3640","132,98,5,3863","132,114,5,449","132,178,5,1779","132,146,5,1798"]|13:44:32:977
62|1.1|636136512600697988|0|49477.9765625|16.7274641943|99.56927534926|-125868|336980||49477.9765625|351.75||35193.75|351.75|49477.9765625|885306|THD166|0|2282|-1475|||3|3|2|1|1|132|18|["132,18,5,3640","132,98,5,3863","132,114,5,449","132,178,5,1779","132,146,5,1798"]|13:44:37:977
62|1.1|636136512650622980|0|49482.9609375|16.73725960696|99.5659708727|-126215|338066||49482.9609375|350.75||35093.75|350.5|49482.9609375|885306|THD166|0|2282|-1418.75|||3|3|2|1|1|132|18|["132,18,5,3640","132,98,5,3863","132,114,5,449","132,178,5,1779","132,146,5,1798"]|13:44:42:961
62|1.1|636136512700547972|0|49487.9609375|16.74675997707|99.56287024372|-126540|339120||49487.9609375|349.75||34975|349.5|49487.9609375|885306|THD166|0|2282|-1300|||3|3|2|1|1|132|18|["132,18,5,3640","132,98,5,3863","132,114,5,449","132,178,5,1779","132,146,5,1798"]|13:44:47:961
62|1.1|636136512750462963|0|49492.9375|16.75666267793|99.55960331803|-126883|340219||49492.9375|348.5||34856.25|348.25|49492.9375|885306|THD166|0|2282|-1300|||3|3|2|1|1|132|18|["132,18,5,3640","132,98,5,3863","132,114,5,449","132,178,5,1779","132,146,5,1798"]|13:44:52:938
62|1.1|636136512800387955|0|49497.9375|16.76664048053|99.55634712116|-127224|341326||49497.9375|347||34731.25|346.75|49497.9375|885306|THD166|0|2282|-1437.5|||3|3|2|1|1|132|18|["132,18,5,3640","132,98,5,3863","132,114,5,449","132,178,5,1779","132,146,5,1798"]|13:44:57:938
62|1.1|636136512850302946|0|49502.9375|16.77663437636|99.5531499328|-127559|342435||49502.9375|345.5||34531.25|345.25|49502.9375|885306|THD166|0|2282|-1593.75|||3|3|2|1|1|132|18|["132,18,5,3640","132,98,5,3863","132,114,5,449","132,178,5,1779","132,146,5,1798"]|13:45:02:938
62|1.1|636136512900227938|0|49507.921875|16.78656389927|99.55001711736|-127888|343537||49507.921875|344||34343.75|343.5|49507.921875|885306|THD166|0|2282|-1831.25|||3|3|2|1|1|132|18|["132,18,5,3640","132,98,5,3863","132,114,5,449","132,178,5,1779","132,146,5,1798"]|13:45:07:922
62|1.1|636136512950152930|0|49512.921875|16.79574240478|99.54703986981|-128200|344555||49512.921875|342.5||34212.5|342|49512.921875|885306|THD166|0|2282|-1850|||3|3|2|1|1|132|18|["132,18,5,3640","132,98,5,3863","132,114,5,449","132,178,5,1779","132,146,5,1798"]|13:45:12:922
62|1.1|636136513000077922|0|49517.8984375|16.80499064762|99.54400361375|-128518|345581||49517.8984375|341||34068.75|340.5|49517.8984375|885306|THD166|0|2282|-1793.75|||3|3|2|1|1|132|18|["132,18,5,3640","132,98,5,3863","132,114,5,449","132,178,5,1779","132,146,5,1798"]|13:45:17:898
62|1.1|636136513050002914|0|49522.8984375|16.81491480612|99.54066158632|-128869|346682||49522.8984375|339.25||33906.25|339|49522.8984375|885306|THD166|0|2282|-1793.75|||3|3|2|1|1|132|18|["132,18,5,3640","132,98,5,3863","132,114,5,449","132,178,5,1779","132,146,5,1798"]|13:45:22:898
62|1.1|636136513099917905|0|49527.8984375|16.82448491356|99.53752340647|-129197|347744||49527.8984375|337.75||33737.5|337.5|49527.8984375|885306|THD166|0|2282|-1850|||3|3|2|1|1|132|147|["132,18,5,3640","132,98,5,3863","132,114,5,449","132,178,5,1779","132,146,5,1798"]|13:45:27:898
62|1.1|636136513149852898|0|49532.875|16.83431251268|99.53429939606|-129535|348835||49532.875|336||33568.75|335.75|49532.875|885306|THD166|0|2282|-1887.5|||3|3|2|1|1|132|18|["132,18,5,3640","132,98,5,3863","132,114,5,449","132,178,5,1779","132,146,5,1798"]|13:45:32:875
62|1.1|636136513199757888|0|49537.875|16.84418302708|99.53114512298|-129866|349930||49537.875|334.5||33406.25|334.25|49537.875|885306|THD166|0|2282|-1931.25|||3|3|2|1|1|132|18|["132,18,5,3640","132,98,5,3863","132,114,5,449","132,178,5,1779","132,146,5,1798"]|13:45:37:875
62|1.1|636136513249682880|0|49542.859375|16.85414473645|99.52790501934|-130205|351035||49542.859375|333.75||33231.25|332.5|49542.859375|885306|THD166|0|2282|-1931.25|||3|3|2|1|1|132|146|["132,18,5,3640","132,98,5,3863","132,114,5,449","132,178,5,1779","132,146,5,1798"]|13:45:42:859
62|1.1|636136513299597871|0|49547.859375|16.86347880985|99.52462736483|-130549|352071||49547.859375|332||33100|331|49547.859375|885306|THD166|0|2282|-1950|||3|3|2|1|1|132|146|["132,18,5,3640","132,98,5,3863","132,114,5,449","132,178,5,1779","132,146,5,1798"]|13:45:47:859
62|1.1|636136513349522863|0|49552.859375|16.87216915405|99.52152673585|-130874|353035||49552.859375|330.25||32950|329.25|49552.859375|885306|THD166|0|2282|-1931.25|||3|3|2|1|1|132|146|["132,18,5,3640","132,98,5,3863","132,114,5,449","132,178,5,1779","132,146,5,1798"]|13:45:52:859
62|1.1|636136513399447855|0|49557.8359375|16.88084876943|99.51852266625|-131189|353998||49557.8359375|328||32793.75|327.75|49557.8359375|885306|THD166|0|2282|-1931.25|||3|3|2|1|1|132|147|["132,18,5,3640","132,98,5,3863","132,114,5,449","132,178,5,1779","132,146,5,1798"]|13:45:57:836
62|1.1|636136513449362846|0|49562.8359375|16.89012383432|99.51540057963|-131516|355028||49562.8359375|326.75||32650|326.25|49562.8359375|885306|THD166|0|2282|-1850|||3|3|2|1|1|132|147|["132,18,5,3640","132,98,5,3863","132,114,5,449","132,178,5,1779","132,146,5,1798"]|13:46:02:836
62|1.1|636136513499287838|0|49567.8203125|16.89988706052|99.51232140829|-131838|356111||49567.8203125|325.5||32518.75|325|49567.8203125|885306|THD166|0|2282|-1731.25|||3|3|2|1|1|132|147|["132,18,5,3640","132,98,5,3863","132,114,5,449","132,178,5,1779","132,146,5,1798"]|13:46:07:820
62|1.1|636136513549222831|0|49572.8203125|16.90917285423|99.50931733869|-132153|357141||49572.8203125|324.25||32387.5|323.75|49572.8203125|885306|THD166|0|2282|-1631.25|||3|3|2|1|1|132|147|["132,18,5,3640","132,98,5,3863","132,114,5,449","132,178,5,1779","132,146,5,1798"]|13:46:12:820
62|1.1|636136513599147823|0|49577.8203125|16.91853911409|99.50624889617|-132474|358180||49577.8203125|323.25||32268.75|322.5|49577.8203125|885306|THD166|0|2282|-1575|||3|3|2|1|1|132|147|["132,18,5,3640","132,98,5,3863","132,114,5,449","132,178,5,1779","132,146,5,1798"]|13:46:17:820
62|1.1|636136513649062814|0|49582.796875|16.92800193333|99.50328237744|-132784|359231||49582.796875|321.5||32131.25|321.25|49582.796875|885306|THD166|0|2282|-1575|||3|3|2|1|1|132|98|["132,18,5,3640","132,98,5,3863","132,114,5,449","132,178,5,1779","132,146,5,1798"]|13:46:22:797
62|1.1|636136513698977805|0|49587.796875|16.93809775295|99.50006909585|-133121|360351||49587.796875|320.25||31950|320|49587.796875|885306|THD166|0|2282|-1593.75|||3|3|2|1|1|132|98|["132,18,5,3640","132,98,5,3863","132,114,5,449","132,178,5,1779","132,146,5,1798"]|13:46:27:797
62|1.1|636136513748912798|0|49592.78125|16.94746937722|99.49701674656|-133440|361391||49592.78125|318.75||31818.75|318.5|49592.78125|885306|THD166|0|2282|-1631.25|||3|3|2|1|1|132|98|["132,18,5,3640","132,98,5,3863","132,114,5,449","132,178,5,1779","132,146,5,1798"]|13:46:32:781
62|1.1|636136513798817788|0|49597.78125|16.95691610323|99.49377127851|-133780|362439||49597.78125|317||31668.75|317|49597.78125|885306|THD166|0|2282|-1693.75|||3|3|2|1|1|132|147|["132,18,5,3640","132,98,5,3863","132,114,5,449","132,178,5,1779","132,146,5,1798"]|13:46:37:781
62|1.1|636136513848742780|0|49602.78125|16.96592831203|99.49075111568|-134096|363439||49602.78125|316||31562.5|315.75|49602.78125|885306|THD166|0|2282|-1675|||3|3|2|1|1|132|147|["132,18,5,3640","132,98,5,3863","132,114,5,449","132,178,5,1779","132,146,5,1798"]|13:46:42:781
62|1.1|636136513898667772|0|49607.7578125|16.97533212276|99.48778459695|-134406|364483||49607.7578125|314.75||31425|314.25|49607.7578125|885306|THD166|0|2282|-1693.75|||3|3|2|1|1|132|98|["132,18,5,3640","132,98,5,3863","132,114,5,449","132,178,5,1779","132,146,5,1798"]|13:46:47:758
62|1.1|636136513948582763|0|49612.7578125|16.98520800157|99.48438356101|-134762|365579||49612.7578125|313.5||31262.5|312.75|49612.7578125|885306|THD166|0|2282|-1731.25|||3|3|2|1|1|132|98|["132,18,5,3640","132,98,5,3863","132,114,5,449","132,178,5,1779","132,146,5,1798"]|13:46:52:758
62|1.1|636136513998357740|0|49617.7421875|16.99426312565|99.48122928793|-135093|366584||49617.7421875|312.25||31143.75|311.25|49617.7421875|885306|THD166|0|2282|-1712.5|||3|3|2|1|1|132|146|["132,18,5,3640","132,98,5,3863","132,114,5,449","132,178,5,1779","132,146,5,1798"]|13:46:57:742
62|1.1|636136514048282732|0|49622.7421875|17.00352746172|99.478155481|-135414|367612||49622.7421875|311||31000|310|49622.7421875|885306|THD166|0|2282|-1675|||3|3|2|1|1|132|98|["132,18,5,3640","132,98,5,3863","132,114,5,449","132,178,5,1779","132,146,5,1798"]|13:47:02:742
62|1.1|636136514098337737|0|49627.7421875|17.01282934866|99.47507630966|-135737|368644||49627.7421875|309.25||30875|309|49627.7421875|885306|THD166|0|2282|-1556.25|||3|3|2|1|1|132|147|["132,18,5,3640","132,98,5,3863","132,114,5,449","132,178,5,1779","132,146,5,1798"]|13:47:07:742
62|1.1|636136514148272730|0|49632.71875|17.02210441355|99.47212051975|-136046|369674||49632.71875|308.5||30743.75|304.75|49632.71875|885306|THD166|0|2282|-1537.5|||3|3|2|1|1|132|146|["132,18,5,3640","132,98,5,3863","132,114,5,449","132,178,5,1779","132,146,5,1798"]|13:47:12:719
62|1.1|636136514198187721|0|49637.71875|17.03075720688|99.46915400102|-136356|370634||49637.71875|306.75||30631.25|303.25|49637.71875|885306|THD166|0|2282|-1575|||3|3|2|1|1|132|147|["132,18,5,3640","132,98,5,3863","132,114,5,449","132,178,5,1779","132,146,5,1798"]|13:47:17:719
62|1.1|636136514247952697|0|49642.6953125|17.04030585668|99.46602118558|-136684|371694||49642.6953125|305.5||30456.25|301.75|49642.6953125|885306|THD166|0|2282|-1656.25|||3|3|2|1|1|132|146|["132,18,5,3640","132,98,5,3863","132,114,5,449","132,146,5,1798"]|13:47:22:695
62|1.1|636136514297897691|0|49647.6953125|17.04951118424|99.46299565834|-137000|372716||49647.6953125|304||30318.75|300|49647.6953125|885306|THD166|0|2282|-1793.75|||3|3|2|1|1|132|146|["132,18,5,3640","132,98,5,3863","132,114,5,449","132,146,5,1798"]|13:47:27:695
62|1.1|636136514347802681|0|49652.6953125|17.05885062205|99.46005059725|-137308|373752||49652.6953125|302.5||30175|298.5|49652.6953125|885306|THD166|0|2282|-1768.75|||3|3|2|1|1|132|146|["132,18,5,3640","132,98,5,3863","132,114,5,449","132,146,5,1798"]|13:47:32:695
62|1.1|636136514397717672|0|49657.6796875|17.0659048212|99.45716454467|-137610|374535||49657.6796875|301.5||30106.25|297.5|49657.6796875|885306|THD166|0|2282|-1693.75|||3|3|2|1|1|132|146|["132,18,5,3640","132,98,5,3863","132,114,5,449","132,146,5,1798"]|13:47:37:680
62|1.1|636136514447642664|0|49662.6796875|17.07522280137|99.45413365302|-137927|375569||49662.6796875|299.75||29950|296.5|49662.6796875|885306|THD166|0|2282|-1475|||3|3|2|1|1|132|147|["132,18,5,3640","132,98,5,3863","132,114,5,449","132,146,5,1798"]|13:47:42:680
62|1.1|636136514497567656|0|49667.65625|17.08453005272|99.45112421901|-138242|376602||49667.65625|298.5||29831.25|295.25|49667.65625|885306|THD166|0|2282|-1418.75|||3|3|2|1|1|132|98|["132,18,5,3640","132,98,5,3863","132,114,5,449","132,146,5,1798"]|13:47:47:656
62|1.1|636136514547502649|0|49672.65625|17.09319357487|99.44820597997|-138547|377564||49672.65625|297.5||29718.75|294.25|49672.65625|885306|THD166|0|2282|-1418.75|||3|3|2|1|1|132|98|["132,18,5,3640","132,98,5,3863","132,114,5,449","132,146,5,1798"]|13:47:52:656
62|1.1|636136514597427641|0|49677.65625|17.1019536564|99.44533065621|-138847|378536||49677.65625|296.25||29600|293|49677.65625|885306|THD166|0|2282|-1437.5|||3|3|2|1|1|132|98|["132,18,5,3640","132,98,5,3863","132,114,5,449","132,146,5,1798"]|13:47:57:656
62|1.1|636136514647332631|0|49682.640625|17.1109658652|99.44231585779|-139162|379536||49682.640625|294.5||29450|291.5|49682.640625|885306|THD166|0|2282|-1537.5|||3|3|2|1|1|132|147|["132,18,5,3640","132,98,5,3863","132,114,5,449","132,146,5,1798"]|13:48:02:641
62|1.1|636136514697257623|0|49687.640625|17.11925387865|99.43949954254|-139457|380457||49687.640625|293.5||29350|290.25|49687.640625|885306|THD166|0|2282|-1575|||3|3|2|1|1|132|147|["132,18,5,3640","132,98,5,3863","132,114,5,449","132,146,5,1798"]|13:48:07:641
62|1.1|636136514747192616|0|49692.6171875|17.1282929095|99.43651156617|-139769|381460||49692.6171875|292||29200|288.75|49692.6171875|885306|THD166|0|2282|-1593.75|||3|3|2|1|1|132|147|["132,18,5,3640","132,98,5,3863","132,114,5,449","132,146,5,1798"]|13:48:12:617
62|1.1|636136514797117608|0|49697.6171875|17.13702080457|99.43359332713|-140074|382429||49697.6171875|290.25||29043.75|287.25|49697.6171875|885306|THD166|0|2282|-1693.75|||3|3|2|1|1|132|147|["132,18,5,3640","132,98,5,3863","132,114,5,449","132,146,5,1798"]|13:48:17:617
62|1.1|636136514847022598|0|49702.6171875|17.14594718281|99.43073946101|-140372|383420||49702.6171875|289.5||28900|285.75|49702.6171875|885306|THD166|0|2282|-1731.25|||3|3|2|1|1|132|146|["132,18,5,3640","132,98,5,3863","132,114,5,449","132,146,5,1798"]|13:48:22:617
62|1.1|636136514896937589|0|49707.6015625|17.15451950999|99.4278373152|-140675|384371||49707.6015625|288||28737.5|284.25|49707.6015625|885306|THD166|0|2282|-1768.75|||3|3|2|1|1|132|146|["132,18,5,3640","132,98,5,3863","132,114,5,449","132,146,5,1798"]|13:48:27:602
62|1.1|636136514946862581|0|49712.6015625|17.16336005767|99.42490298293|-140982|385352||49712.6015625|286.5||28581.25|285.75|49712.6015625|885306|THD166|0|2282|-1793.75|||3|3|2|1|1|132|146|["132,18,5,3640","132,98,5,3863","132,114,5,449","132,146,5,1798"]|13:48:32:602
62|1.1|636136514996787573|0|49717.578125|17.17168562199|99.42209203209|-141275|386276||49717.578125|285||28450|284.25|49717.578125|885306|THD166|0|2282|-1793.75|||3|3|2|1|1|132|146|["132,18,5,3640","132,98,5,3863","132,114,5,449","132,146,5,1798"]|13:48:37:578
62|1.1|636136515046712565|0|49722.578125|17.17986634724|99.41924353038|-141573|387185||49722.578125|283||28318.75|282.75|49722.578125|885306|THD166|0|2282|-1812.5|||3|3|2|1|1|132|147|["132,18,5,3640","132,98,5,3863","132,114,5,449","132,146,5,1798"]|13:48:42:578
62|1.1|636136515096627556|0|49727.578125|17.18793441988|99.41647013041|-141863|388080||49727.578125|281.75||28175|281.25|49727.578125|885306|THD166|0|2282|-1768.75|||3|3|2|1|1|132|147|["132,18,5,3640","132,98,5,3863","132,114,5,449","132,146,5,1798"]|13:48:47:578
62|1.1|636136515146562549|0|49732.5625|17.1965818488|99.41357871342|-142165|389040||49732.5625|280.25||28025|280|49732.5625|885306|THD166|0|2282|-1712.5|||3|3|2|1|1|132|147|["132,18,5,3640","132,98,5,3863","132,114,5,449","132,146,5,1798"]|13:48:52:563
62|1.1|636136515196467539|0|49737.5625|17.20520245567|99.41073021171|-142463|389997||49737.5625|279.25||27875|278.5|49737.5625|885306|THD166|0|2282|-1675|||3|3|2|1|1|132|146|["132,18,5,3640","132,98,5,3863","132,114,5,449","132,146,5,1798"]|13:48:57:563
62|1.1|636136515246412533|0|49742.5390625|17.21335635887|99.40802118466|-142745|390902||49742.5390625|277.75||27731.25|277.25|49742.5390625|885306|THD166|0|2282|-1675|||3|3|2|1|1|132|146|["132,18,5,3640","132,98,5,3863","132,114,5,449","132,146,5,1798"]|13:49:02:539
62|1.1|636136515296317523|0|49747.5390625|17.22179994021|99.40525851351|-143034|391839||49747.5390625|275.75||27581.25|275.5|49747.5390625|885306|THD166|0|2282|-1731.25|||3|3|2|1|1|132|98|["132,18,5,3640","132,98,5,3863","132,114,5,449","132,146,5,1798"]|13:49:07:539
62|1.1|636136515346232514|0|49752.5390625|17.23032935211|99.40245292708|-143327|392786||49752.5390625|274.25||27425|274|49752.5390625|885306|THD166|0|2282|-1768.75|||3|3|2|1|1|132|98|["132,18,5,3640","132,98,5,3863","132,114,5,449","132,146,5,1798"]|13:49:12:539
62|1.1|636136515396157506|0|49757.515625|17.23920208625|99.39953468804|-143631|393771||49757.515625|273||27262.5|272.5|49757.515625|885306|THD166|0|2282|-1793.75|||3|3|2|1|1|132|98|["132,18,5,3640","132,98,5,3863","132,114,5,449","132,146,5,1798"]|13:49:17:516
62|1.1|636136515446082498|0|49762.515625|17.24845032909|99.39638577937|-143960|394798||49762.515625|271.75||27068.75|271.25|49762.515625|885306|THD166|0|2282|-1731.25|||3|3|2|1|1|132|98|["132,18,5,3640","132,98,5,3863","132,114,5,449","132,146,5,1798"]|13:49:22:516
62|1.1|636136515496007490|0|49767.5|17.25812236032|99.39308130281|-144305|395872||49767.5|270.5||26856.25|269.75|49767.5|885306|THD166|0|2282|-1693.75|||3|3|2|1|1|132|98|["132,18,5,3640","132,98,5,3863","132,114,5,449","132,146,5,1798"]|13:49:27:500
62|1.1|636136515545922481|0|49772.5|17.26741888285|99.39003968234|-144622|396904||49772.5|269||26693.75|268.5|49772.5|885306|THD166|0|2282|-1693.75|||3|3|2|1|1|132|98|["132,18,5,3640","132,98,5,3863","132,114,5,449","132,146,5,1798"]|13:49:32:500
62|1.1|636136515595847473|0|49777.5|17.27624870171|99.38699269746|-144940|397884||49777.5|267.75||26550|267.75|49777.5|885306|THD166|0|2282|-1712.5|||3|3|2|1|1|132|98|["132,18,5,3640","132,98,5,3863","132,114,5,449","132,146,5,1798"]|13:49:37:500
62|1.1|636136515645772465|0|49782.4765625|17.28512680026|99.38416565339|-145235|398870||49782.4765625|266.25||26406.25|265.5|49782.4765625|885306|THD166|0|2282|-1712.5|||3|3|2|1|1|132|146|["132,18,5,3640","132,98,5,3863","132,114,5,449","132,146,5,1798"]|13:49:42:477
62|1.1|636136515695707458|0|49787.4765625|17.29384933092|99.38133860932|-145530|399838||49787.4765625|264.75||26275|264|49787.4765625|885306|THD166|0|2282|-1731.25|||3|3|2|1|1|132|114|["132,18,5,3640","132,98,5,3863","132,114,5,449","132,146,5,1798"]|13:49:47:477
62|1.1|636136515745612448|0|49792.4609375|17.30246993779|99.37850620084|-145825|400795||49792.4609375|263.5||26150|262.5|49792.4609375|885306|THD166|0|2282|-1731.25|||3|3|2|1|1|132|114|["132,18,5,3640","132,98,5,3863","132,114,5,449","132,146,5,1798"]|13:49:52:461
62|1.1|636136515795537440|0|49797.4609375|17.31091351913|99.3756416059|-146124|401732||49797.4609375|262||26025|261.25|49797.4609375|885306|THD166|0|2282|-1712.5|||3|3|2|1|1|132|114|["132,18,5,3640","132,98,5,3863","132,114,5,449","132,146,5,1798"]|13:49:57:461
62|1.1|636136515845452431|0|49802.4609375|17.31951266836|99.37286284152|-146414|402687||49802.4609375|260.75||25906.25|260|49802.4609375|885306|THD166|0|2282|-1656.25|||3|3|2|1|1|132|146|["132,18,5,3640","132,98,5,3863","132,114,5,449","132,146,5,1798"]|13:50:02:461
62|1.1|636136515895377423|0|49807.4375|17.3277953174|99.36996606012|-146716|403607||49807.4375|259.25||25781.25|258.75|49807.4375|885306|THD166|0|2282|-1593.75|||3|3|2|1|1|132|146|["132,18,5,3640","132,98,5,3863","132,114,5,449","132,146,5,1798"]|13:50:07:438
62|1.1|636136515945302415|0|49812.4375|17.33638910222|99.36726776189|-146997|404561||49812.4375|257.75||25618.75|257.25|49812.4375|885306|THD166|0|2282|-1656.25|||3|3|2|1|1|132|146|["132,18,5,3640","132,98,5,3863","132,114,5,449","132,146,5,1798"]|13:50:12:438
62|1.1|636136515995217406|0|49817.421875|17.34473612418|99.36443535341|-147293|405488||49817.421875|256.25||25468.75|255.5|49817.421875|885306|THD166|0|2282|-1731.25|||3|3|2|1|1|132|146|["132,18,5,3640","132,98,5,3863","132,114,5,449","132,146,5,1798"]|13:50:17:422
62|1.1|636136516045142398|0|49822.421875|17.35303486645|99.36159221611|-147589|406409||49822.421875|254.75||25325|254|49822.421875|885306|THD166|0|2282|-1793.75|||3|3|2|1|1|132|146|["132,18,5,3640","132,98,5,3863","132,114,5,449","132,146,5,1798"]|13:50:22:422
62|1.1|636136516095057389|0|49827.421875|17.36117267642|99.35865788384|-147896|407313||49827.421875|253.5||25206.25|252.5|49827.421875|885306|THD166|0|2282|-1793.75|||3|3|2|1|1|132|114|["132,18,5,3640","132,98,5,3863","132,114,5,449","132,146,5,1798"]|13:50:27:422
62|1.1|636136516144992382|0|49832.3984375|17.36949287633|99.35585229741|-148188|408237||49832.3984375|251.5||25075|251.25|49832.3984375|885306|THD166|0|2282|-1731.25|||3|3|2|1|1|132|98|["132,18,5,3640","132,98,5,3863","132,114,5,449","132,146,5,1798"]|13:50:32:398
62|1.1|636136516194907373|0|49837.3984375|17.37766823717|99.35286968545|-148499|409145||49837.3984375|250||24943.75|249.75|49837.3984375|885306|THD166|0|2282|-1712.5|||3|3|2|1|1|132|98|["132,18,5,3640","132,98,5,3863","132,114,5,449","132,146,5,1798"]|13:50:37:398
62|1.1|636136516244852367|0|49842.375|17.38600989472|99.34998899728|-148800|410071||49842.375|248.75||24800|248.25|49842.375|885306|THD166|0|2282|-1693.75|||3|3|2|1|1|132|98|["132,18,5,3640","132,98,5,3863","132,114,5,449","132,146,5,1798"]|13:50:42:375
62|1.1|636136516294747356|0|49847.375|17.3942603573|99.34696347004|-149116|410987||49847.375|247.75||24668.75|247.25|49847.375|885306|THD166|0|2282|-1612.5|||3|3|2|1|1|132|98|["132,18,5,3640","132,98,5,3863","132,114,5,449","132,146,5,1798"]|13:50:47:375
62|1.1|636136516344672348|0|49852.375|17.40253227752|99.344045231|-149420|411906||49852.375|246.5||24550|246|49852.375|885306|THD166|0|2282|-1556.25|||3|3|2|1|1|132|98|["132,18,5,3640","132,98,5,3863","132,114,5,449","132,146,5,1798"]|13:50:52:375
62|1.1|636136516394597340|0|49857.359375|17.41070763836|99.34108944109|-149729|412814||49857.359375|245.5||24431.25|245.5|49857.359375|885306|THD166|0|2282|-1493.75|||3|3|2|1|1|132|98|["132,18,5,3640","132,98,5,3863","132,114,5,449"]|13:50:57:359
62|1.1|636136516444522332|0|49862.359375|17.41885617715|99.3380907359|-150042|413719||49862.359375|244.25||24306.25|243.5|49862.359375|885306|THD166|0|2282|-1537.5|||3|3|2|1|1|132|114|["132,18,5,3640","132,98,5,3863","132,114,5,449"]|13:51:02:359
62|1.1|636136516494437323|0|49867.3359375|17.42713346178|99.33526905624|-150336|414638||49867.3359375|242.75||24175|242|49867.3359375|885306|THD166|0|2282|-1575|||3|3|2|1|1|132|114|["132,18,5,3640","132,98,5,3863","132,114,5,449"]|13:51:07:336
62|1.1|636136516544362315|0|49872.3359375|17.43527663616|99.33234545279|-150641|415542||49872.3359375|241.25||24043.75|240.75|49872.3359375|885306|THD166|0|2282|-1593.75|||3|3|2|1|1|132|114|["132,18,5,3640","132,98,5,3863","132,114,5,449"]|13:51:12:336
62|1.1|636136516594277306|0|49877.3359375|17.443451997|99.32942184934|-150946|416450||49877.3359375|240||23912.5|239.25|49877.3359375|885306|THD166|0|2282|-1612.5|||3|3|2|1|1|132|114|["132,18,5,3640","132,98,5,3863","132,114,5,449"]|13:51:17:336
62|1.1|636136516644202298|0|49882.3203125|17.45154689169|99.32656261881|-151244|417349||49882.3203125|238.75||23793.75|238|49882.3203125|885306|THD166|0|2282|-1612.5|||3|3|2|1|1|132|114|["132,98,5,3863","132,114,5,449"]|13:51:22:320
62|1.1|636136516694137291|0|49887.3203125|17.45969543048|99.32365510859|-151547|418254||49887.3203125|237.5||23662.5|236.75|49887.3203125|885306|THD166|0|2282|-1575|||3|3|2|1|1|132|114|["132,98,5,3863","132,114,5,449"]|13:51:27:320
62|1.1|636136516744042281|0|49892.296875|17.4676991302|99.32068858986|-151857|419143||49892.296875|236||23531.25|235.5|49892.296875|885306|THD166|0|2282|-1593.75|||3|3|2|1|1|132|114|["132,98,5,3863","132,114,5,449"]|13:51:32:297
62|1.1|636136516793967273|0|49897.296875|17.47582084694|99.3178132661|-152157|420045||49897.296875|234.75||23400|234|49897.296875|885306|THD166|0|2282|-1593.75|||3|3|2|1|1|132|114|["132,98,5,3863","132,114,5,449"]|13:51:37:297
62|1.1|636136516843892265|0|49902.296875|17.48392647045|99.31500231526|-152449|420945||49902.296875|233.5||23287.5|232.75|49902.296875|885306|THD166|0|2282|-1556.25|||3|3|2|1|1|132|114|["132,98,5,3863","132,114,5,449"]|13:51:42:297
62|1.1|636136516893807256|0|49907.28125|17.49195162781|99.31216454237|-152745|421837||49907.28125|232.5||23175|231.75|49907.28125|885306|THD166|0|2282|-1493.75|||3|3|2|1|1|132|114|["132,98,5,3863","132,114,5,449"]|13:51:47:281
62|1.1|636136516943732248|0|49912.28125|17.49987486138|99.3092302101|-153051|422717||49912.28125|231.25||23068.75|230.5|49912.28125|885306|THD166|0|2282|-1456.25|||3|3|2|1|1|132|114|["132,98,5,3863","132,114,5,449"]|13:51:52:281
62|1.1|636136516993667241|0|49917.2578125|17.50785710346|99.30639780162|-153346|423604||49917.2578125|230||22956.25|229.5|49917.2578125|885306|THD166|0|2282|-1437.5|||3|3|2|1|1|132|114|["132,98,5,3863","132,114,5,449"]|13:51:57:258
62|1.1|636136517043592233|0|49922.2578125|17.51585543877|99.30360294401|-153637|424492||49922.2578125|228.75||22850|228.25|49922.2578125|885306|THD166|0|2282|-1375|||3|3|2|1|1|132|98|["132,98,5,3863","132,114,5,449"]|13:52:02:258
62|1.1|636136517093497223|0|49927.2578125|17.52399861315|99.30095828988|-153912|425396||49927.2578125|228||22750|228|49927.2578125|885306|THD166|0|2282|-1262.5|||3|3|2|1|1|132|98|["132,98,5,3863","132,114,5,449"]|13:52:07:258
62|1.1|636136517143422215|0|49932.2421875|17.5317501856|99.2980185932|-154219|426257||49932.2421875|227||22675|226.75|49932.2421875|885306|THD166|0|2282|-1181.25|||3|3|2|1|1|132|98|["132,98,5,3863","132,114,5,449"]|13:52:12:242
62|1.1|636136517193347207|0|49937.2421875|17.53961441066|99.29526665087|-154506|427130||49937.2421875|226.25||22593.75|225.75|49937.2421875|885306|THD166|0|2282|-1143.75|||3|3|2|1|1|132|98|["132,98,5,3863","132,114,5,449"]|13:52:17:242
62|1.1|636136517243272199|0|49942.21875|17.5474142628|99.292546895|-154789|427997||49942.21875|225||22506.25|221.75|49942.21875|885306|THD166|0|2282|-1181.25|||3|3|2|1|1|132|114|["132,98,5,3863","132,114,5,449"]|13:52:22:219
62|1.1|636136517293187190|0|49947.21875|17.55517656407|99.28982177472|-155073|428859||49947.21875|223.5||22393.75|220.25|49947.21875|885306|THD166|0|2282|-1475|||3|3|2|1|1|132|114|["132,98,5,3863","132,114,5,449"]|13:52:27:219
62|1.1|636136517343102181|0|49952.21875|17.56298714503|99.28715566295|-155350|429726||49952.21875|222||22250|218.25|49952.21875|885306|THD166|0|2282|-1731.25|||3|3|2|1|1|132|114|["132,98,5,3863","132,114,5,449"]|13:52:32:219
62|1.1|636136517393037174|0|49957.1953125|17.5706958022|99.2846075682|-155615|430583||49957.1953125|220.25||22093.75|216.5|49957.1953125|885306|THD166|0|2282|-1912.5|||3|3|2|1|1|132|114|["132,98,5,3863","132,114,5,449"]|13:52:37:195
62|1.1|636136517442952165|0|49962.1953125|17.57851174757|99.28204874463|-155881|431451||49962.1953125|218.75||21925|215|49962.1953125|885306|THD166|0|2282|-1850|||3|3|2|1|1|132|114|["132,98,5,3863","132,114,5,449"]|13:52:42:195
62|1.1|636136517492867156|0|49967.1796875|17.58612384536|99.27935581081|-156162|432296||49967.1796875|217.25||21750|213.5|49967.1796875|885306|THD166|0|2282|-1812.5|||3|3|2|1|1|132|114|["132,98,5,3863","132,114,5,449"]|13:52:47:180
62|1.1|636136517542792148|0|49972.1796875|17.59379495166|99.27665214817|-156443|433148||49972.1796875|215.75||21581.25|212|49972.1796875|885306|THD166|0|2282|-1831.25|||3|3|2|1|1|132|114|["132,98,5,3863","132,114,5,449"]|13:52:52:180
62|1.1|636136517592717140|0|49977.1796875|17.60141241386|99.27386801938|-156734|433994||49977.1796875|214.25||21412.5|210.5|49977.1796875|885306|THD166|0|2282|-1793.75|||3|3|2|1|1|132|114|["132,98,5,3863","132,114,5,449"]|13:52:57:180
62|1.1|636136517642642132|0|49982.15625|17.60904060488|99.27112680587|-157019|434842||49982.15625|212.75||21250|209|49982.15625|885306|THD166|0|2282|-1793.75|||3|3|2|1|1|132|114|["132,98,5,3863","132,114,5,449"]|13:53:02:156
62|1.1|636136517692587126|0|49987.15625|17.61654541447|99.26823538888|-157320|435676||49987.15625|211.5||21093.75|207.75|49987.15625|885306|THD166|0|2282|-1750|||3|3|2|1|1|132|114|["132,98,5,3863","132,114,5,449"]|13:53:07:156
62|1.1|636136517742482115|0|49992.140625|17.62418969872|99.2655102686|-157604|436525||49992.140625|210||20937.5|206.25|49992.140625|885306|THD166|0|2282|-1731.25|||3|3|2|1|1|132|114|["132,98,5,3863","132,114,5,449"]|13:53:12:141
62|1.1|636136517792407107|0|49997.140625|17.63180179651|99.2627744195|-157889|437370||49997.140625|208.5||20787.5|204.75|49997.140625|885306|THD166|0|2282|-1750|||3|3|2|1|1|132|114|["132,98,5,3863","132,114,5,449"]|13:53:17:141
62|1.1|636136517842322098|0|50002.140625|17.63952654691|99.26001174835|-158176|438228||50002.140625|207||20643.75|203.5|50002.140625|885306|THD166|0|2282|-1675|||3|3|2|1|1|132|98|["132,98,5,3863","132,114,5,449"]|13:53:22:141
62|1.1|636136517892247090|0|50007.1171875|17.64709036501|99.2572490772|-158464|439069||50007.1171875|205.75||20506.25|202.25|50007.1171875|885306|THD166|0|2282|-1593.75|||3|3|2|1|1|132|98|["132,98,5,3863","132,114,5,449"]|13:53:27:117
62|1.1|636136517942172082|0|50012.1171875|17.65473464926|99.25455614338|-158744|439918||50012.1171875|204.5||20381.25|201.25|50012.1171875|885306|THD166|0|2282|-1537.5|||3|3|2|1|1|132|98|["132,98,5,3863","132,114,5,449"]|13:53:32:117
62|1.1|636136517992087073|0|50017.1015625|17.66232528941|99.25189539602|-159021|440761||50017.1015625|203.5||20262.5|200|50017.1015625|885306|THD166|0|2282|-1518.75|||3|3|2|1|1|132|98|["132,98,5,3863","132,114,5,449"]|13:53:37:102
62|1.1|636136518042022066|0|50022.1015625|17.6699373872|99.24918100456|-159303|441607||50022.1015625|202.25||20131.25|198.5|50022.1015625|885306|THD166|0|2282|-1537.5|||3|3|2|1|1|132|114|["132,98,5,3863","132,114,5,449"]|13:53:42:102
62|1.1|636136518091947058|0|50027.1015625|17.6775012053|99.24642906223|-159590|442447||50027.1015625|200.75||20006.25|197.25|50027.1015625|885306|THD166|0|2282|-1575|||3|3|2|1|1|132|114|["132,98,5,3863","132,114,5,449"]|13:53:47:102
62|1.1|636136518141852048|0|50032.078125|17.6851186675|99.24384878102|-159858|443293||50032.078125|199.25||19868.75|195.75|50032.078125|885306|THD166|0|2282|-1631.25|||3|3|2|1|1|132|114|["132,98,5,3863","132,114,5,449"]|13:53:52:078
62|1.1|636136518191787041|0|50037.078125|17.69275758734|99.24125777099|-160127|444142||50037.078125|197.75||19725|194.25|50037.078125|885306|THD166|0|2282|-1693.75|||3|3|2|1|1|132|114|["132,98,5,3863","132,114,5,449"]|13:53:57:078
62|1.1|636136518241692031|0|50042.0625|17.70032676985|99.23859702363|-160404|444983||50042.0625|196.5||19587.5|192.75|50042.0625|885306|THD166|0|2282|-1675|||3|3|2|1|1|132|114|["132,98,5,3863","132,114,5,449"]|13:54:02:063
62|1.1|636136518291627024|0|50047.0625|17.70791741|99.23592554745|-160682|445826||50047.0625|195.5||19468.75|191.75|50047.0625|885306|THD166|0|2282|-1537.5|||3|3|2|1|1|132|114|["132,98,5,3863","132,114,5,449"]|13:54:07:063
62|1.1|636136518341542015|0|50052.0625|17.71556705866|99.23341500357|-160942|446676||50052.0625|194.25||19356.25|190.75|50052.0625|885306|THD166|0|2282|-1437.5|||3|3|2|1|1|132|114|["132,98,5,3863","132,114,5,449"]|13:54:12:063
62|1.1|636136518391467007|0|50057.0390625|17.72305577502|99.23073279857|-161221|447508||50057.0390625|193||19243.75|189.5|50057.0390625|885306|THD166|0|2282|-1418.75|||3|3|2|1|1|132|114|["132,98,5,3863","132,114,5,449"]|13:54:17:039
62|1.1|636136518441381998|0|50062.0390625|17.73050694051|99.22800767829|-161505|448336||50062.0390625|191.75||19137.5|188.5|50062.0390625|885306|THD166|0|2282|-1418.75|||3|3|2|1|1|132|114|["132,98,5,3863","132,114,5,449"]|13:54:22:039
62|1.1|636136518491306990|0|50067.015625|17.7380117501|99.22537375298|-161779|449169||50067.015625|190.75||19025|187.25|50067.015625|885306|THD166|0|2282|-1418.75|||3|3|2|1|1|132|114|["132,98,5,3863","132,114,5,449"]|13:54:27:016
62|1.1|636136518541251984|0|50072.015625|17.74546291559|99.22281492941|-162044|449997||50072.015625|189.5||18931.25|186|50072.015625|885306|THD166|0|2282|-1400|||3|3|2|1|1|132|114|["132,98,5,3863","132,114,5,449"]|13:54:32:016
62|1.1|636136518591156974|0|50077.015625|17.75298918282|99.22028292789|-162307|450833||50077.015625|188||18806.25|184.5|50077.015625|885306|THD166|0|2282|-1493.75|||3|3|2|1|1|132|114|["132,98,5,3863","132,114,5,449"]|13:54:37:016
62|1.1|636136518641071965|0|50082|17.76037597539|99.21768118904|-162578|451654||50082|186.5||18668.75|183|50082|885306|THD166|0|2282|-1593.75|||3|3|2|1|1|132|114|["132,98,5,3863","132,114,5,449"]|13:54:42:000
62|1.1|636136518691006958|0|50087|17.76793442908|99.21530475541|-162824|452493||50087|184.75||18525|181.75|50087|885306|THD166|0|2282|-1675|||3|3|2|1|1|132|98|["132,98,5,3863","132,114,5,449"]|13:54:47:000
62|1.1|636136518740911948|0|50091.9765625|17.77524611991|99.21259036395|-163106|453306||50091.9765625|183.5||18375|180.25|50091.9765625|885306|THD166|0|2282|-1693.75|||3|3|2|1|1|132|98|["132,98,5,3863","132,114,5,449"]|13:54:51:977
62|1.1|636136518790846941|0|50096.9765625|17.78268655658|99.20999398951|-163376|454133||50096.9765625|182||18206.25|178.5|50096.9765625|885306|THD166|0|2282|-1750|||3|3|2|1|1|132|98|["132,98,5,3863","132,114,5,449"]|13:54:56:977
62|1.1|636136518840751931|0|50101.9765625|17.79008407797|99.20735469979|-163650|454955||50101.9765625|180.25||18031.25|176.75|50101.9765625|885306|THD166|0|2282|-1850|||3|3|2|1|1|132|114|["132,98,5,3863","132,114,5,449"]|13:55:01:977
62|1.1|636136518890686924|0|50106.9609375|17.79743868408|99.2046778592|-163929|455772||50106.9609375|178.5||17837.5|175|50106.9609375|885306|THD166|0|2282|-1968.75|||3|3|2|1|1|132|114|["132,98,5,3863","132,114,5,449"]|13:55:06:961
62|1.1|636136518940601915|0|50111.9609375|17.80472891727|99.20184008631|-164224|456582||50111.9609375|177||17662.5|173.5|50111.9609375|885306|THD166|0|2282|-1968.75|||3|3|2|1|1|132|114|["132,98,5,3863","132,114,5,449"]|13:55:11:961
62|1.1|636136518990526907|0|50116.9375|17.81213716748|99.19926516951|-164491|457405||50116.9375|175.75||17506.25|172.75|50116.9375|885306|THD166|0|2282|-1887.5|||3|3|2|1|1|132|114|["132,98,5,3863","132,114,5,449"]|13:55:16:938
62|1.1|636136519040441898|0|50121.9375|17.8196044262|99.19675462563|-164752|458235||50121.9375|174.25||17362.5|172|50121.9375|885306|THD166|0|2282|-1812.5|||3|3|2|1|1|132|114|["132,98,5,3863","132,114,5,449"]|13:55:21:938
62|1.1|636136519090366890|0|50126.9375|17.82707704933|99.1942709038|-165009|459065||50126.9375|173||17225|170.75|50126.9375|885306|THD166|0|2282|-1712.5|||3|3|2|1|1|132|114|["132,98,5,3863","132,114,5,449"]|13:55:26:938
62|1.1|636136519140291882|0|50131.921875|17.83448529954|99.19176035992|-165270|459888||50131.921875|171.75||17106.25|169.75|50131.921875|885306|THD166|0|2282|-1575|||3|3|2|1|1|132|114|["132,98,5,3863","132,114,5,449"]|13:55:31:922
62|1.1|636136519190206873|0|50136.921875|17.84194182944|99.1892283584|-165533|460717||50136.921875|170.75||16987.5|168.75|50136.921875|885306|THD166|0|2282|-1475|||3|3|2|1|1|132|114|["132,98,5,3863","132,114,5,449"]|13:55:36:922
62|1.1|636136519240131865|0|50141.8984375|17.84933398642|99.18669099247|-165796|461538||50141.8984375|169.5||16881.25|167.5|50141.8984375|885306|THD166|0|2282|-1418.75|||3|3|2|1|1|132|114|["132,98,5,3863","132,114,5,449"]|13:55:41:898
62|1.1|636136519290046856|0|50146.8984375|17.85671005017|99.18409461803|-166065|462358||50146.8984375|168.5||16781.25|166.5|50146.8984375|885306|THD166|0|2282|-1356.25|||3|3|2|1|1|132|114|["132,98,5,3863","132,114,5,449"]|13:55:46:898
62|1.1|636136519339971848|0|50151.8984375|17.86401101218|99.18136413334|-166349|463169||50151.8984375|167.5||16681.25|165.5|50151.8984375|885306|THD166|0|2282|-1300|||3|3|2|1|1|132|114|["132,98,5,3863","132,114,5,449"]|13:55:51:898
62|1.1|636136519389896840|0|50156.875|17.87130124537|99.17869265716|-166627|463979||50156.875|166.25||16575|164.5|50156.875|885306|THD166|0|2282|-1300|||3|3|2|1|1|132|114|["132,98,5,3863","132,114,5,449"]|13:55:56:875
62|1.1|636136519439811831|0|50161.875|17.87865048707|99.17619820651|-166885|464796||50161.875|165||16475|163.25|50161.875|885306|THD166|0|2282|-1318.75|||3|3|2|1|1|132|114|["132,98,5,3863","132,114,5,449"]|13:56:01:875
62|1.1|636136519489736823|0|50166.859375|17.88573687268|99.17338189126|-167179|465584||50166.859375|163.75||16362.5|162|50166.859375|885306|THD166|0|2282|-1400|||3|3|2|1|1|132|114|["132,98,5,3863","132,114,5,449"]|13:56:06:859
62|1.1|636136519539661815|0|50171.859375|17.89300028382|99.17082306769|-167444|466391||50171.859375|162.25||16237.5|160.5|50171.859375|885306|THD166|0|2282|-1493.75|||3|3|2|1|1|132|98|["132,98,5,3863","132,114,5,449"]|13:56:11:859
62|1.1|636136519589596808|0|50176.859375|17.90024760173|99.16828033735|-167708|467196||50176.859375|160.75||16093.75|159.25|50176.859375|885306|THD166|0|2282|-1556.25|||3|3|2|1|1|132|98|["132,98,5,3863","132,114,5,449"]|13:56:16:859
62|1.1|636136519639501798|0|50181.8359375|17.90734471616|99.1655713103|-167989|467985||50181.8359375|159.75||15956.25|157.75|50181.8359375|885306|THD166|0|2282|-1631.25|||3|3|2|1|1|132|114|["132,98,5,3863","132,114,5,449"]|13:56:21:836
62|1.1|636136519689426790|0|50186.8359375|17.91447401705|99.16291056294|-168266|468777||50186.8359375|158.25||15818.75|156.5|50186.8359375|885306|THD166|0|2282|-1612.5|||3|3|2|1|1|132|114|["132,98,5,3863","132,114,5,449"]|13:56:26:836
62|1.1|636136519739341781|0|50191.8203125|17.92172669937|99.16050730726|-168515|469583||50191.8203125|157||15681.25|155|50191.8203125|885306|THD166|0|2282|-1631.25|||3|3|2|1|1|132|114|["132,98,5,3863","132,114,5,449"]|13:56:31:820
62|1.1|636136519789296776|0|50196.8203125|17.92888282231|99.15792166164|-168783|470379||50196.8203125|155.5||15531.25|154|50196.8203125|885306|THD166|0|2282|-1712.5|||3|3|2|1|1|132|114|["132,98,5,3863","132,114,5,449"]|13:56:36:820
62|1.1|636136519839191765|0|50201.8203125|17.93602285202|99.15531992279|-169053|471172||50201.8203125|154||15375|152|50201.8203125|885306|THD166|0|2282|-1693.75|||3|3|2|1|1|132|114|["132,98,5,3863","132,114,5,449"]|13:56:41:820
62|1.1|636136519889116757|0|50206.796875|17.94314142409|99.15276646363|-169318|471963||50206.796875|153||15250|151|50206.796875|885306|THD166|0|2282|-1556.25|||3|3|2|1|1|132|114|["132,98,5,3863","132,114,5,449"]|13:56:46:797
62|1.1|636136519939031748|0|50211.796875|17.95039947082|99.15052414025|-169550|472770||50211.796875|151.75||15125|149.75|50211.796875|885306|THD166|0|2282|-1493.75|||3|3|2|1|1|132|114|["132,98,5,3863","132,114,5,449"]|13:56:51:797
62|1.1|636136519988956740|0|50216.78125|17.95752877171|99.1480833337|-169803|473562||50216.78125|150.25||15000|148.5|50216.78125|885306|THD166|0|2282|-1518.75|||3|3|2|1|1|132|114|["132,98,5,3863","132,114,5,449"]|13:56:56:781
62|1.1|636136520038881732|0|50221.78125|17.96464734378|99.1456157051|-170059|474353||50221.78125|149||14868.75|147|50221.78125|885306|THD166|0|2282|-1537.5|||3|3|2|1|1|132|114|["132,98,5,3863","132,114,5,449"]|13:57:01:781
62|1.1|636136520091917035|0|50227.078125|17.97223798393|99.14299787302|-170330|475196||50227.078125|147.5||14718.75|145.5|50227.078125|885306|THD166|0|2282|-1593.75|||3|3|2|1|1|132|114|["132,98,5,3863","132,114,5,449"]|13:57:07:078
62|1.1|636136520141832026|0|50232.078125|17.97939410687|99.14058388852|-170580|475992||50232.078125|146.5||14587.5|144.5|50232.078125|885306|THD166|0|2282|-1575|||3|3|2|1|1|132|114|["132,98,5,3863","132,114,5,449"]|13:57:12:078
62|1.1|636136520191757018|0|50237.0625|17.98644294161|99.13806261582|-170842|476775||50237.0625|145.25||14475|142.5|50237.0625|885306|THD166|0|2282|-1518.75|||3|3|2|1|1|132|114|["132,98,5,3863","132,114,5,449"]|13:57:17:063
62|1.1|636136520241682010|0|50242.0625|17.99367416629|99.13577201275|-171078|477579||50242.0625|144.25||14362.5|141.5|50242.0625|885306|THD166|0|2282|-1418.75|||3|3|2|1|1|132|114|["132,98,5,3863","132,114,5,449"]|13:57:22:063
62|1.1|636136520291597001|0|50247.0625|18.000814196|99.13341167235|-171323|478372||50247.0625|143||14250|140.5|50247.0625|885306|THD166|0|2282|-1356.25|||3|3|2|1|1|132|114|["132,98,5,3863","132,114,5,449"]|13:57:27:063
62|1.1|636136520341521993|0|50252.0390625|18.00779865782|99.13090112847|-171583|479149||50252.0390625|141.5||14143.75|139|50252.0390625|885306|THD166|0|2282|-1418.75|||3|3|2|1|1|132|98|["132,98,5,3863","132,114,5,449"]|13:57:32:039
62|1.1|636136520391436984|0|50257.0390625|18.01483139933|99.12842813546|-171839|479930||50257.0390625|140.25||14012.5|137.75|50257.0390625|885306|THD166|0|2282|-1475|||3|3|2|1|1|132|114|["132,98,5,3863","132,114,5,449"]|13:57:37:039
62|1.1|636136520441361976|0|50262.015625|18.02183731879|99.12602487978|-172088|480709||50262.015625|139||13881.25|136.5|50262.015625|885306|THD166|0|2282|-1518.75|||3|3|2|1|1|132|114|["132,98,5,3863","132,114,5,449"]|13:57:42:016
62|1.1|636136520491286968|0|50267.015625|18.02885933148|99.12355188677|-172344|481489||50267.015625|138||13762.5|135.25|50267.015625|885306|THD166|0|2282|-1518.75|||3|3|2|1|1|132|114|["132,98,5,3863","132,114,5,449"]|13:57:47:016
62|1.1|636136520541211960|0|50272.015625|18.03580624243|99.12091796146|-172618|482261||50272.015625|136.75||13643.75|134.25|50272.015625|885306|THD166|0|2282|-1456.25|||3|3|2|1|1|132|114|["132,98,5,3863","132,114,5,449"]|13:57:52:016
62|1.1|636136520591126951|0|50277|18.04270487369|99.11834304466|-172885|483028||50277|135.75||13531.25|133.5|50277|885306|THD166|0|2282|-1418.75|||3|3|2|1|1|132|114|["132,98,5,3863","132,114,5,449"]|13:57:57:000
62|1.1|636136520641051943|0|50282|18.04951230998|99.11568766171|-173161|483785||50282|134.5||13425|131.75|50282|885306|THD166|0|2282|-1375|||3|3|2|1|1|132|114|["132,98,5,3863","132,114,5,449"]|13:58:02:000
62|1.1|636136520690976935|0|50286.9765625|18.05637875478|99.11317711783|-173421|484548||50286.9765625|133.5||13318.75|130.75|50286.9765625|885306|THD166|0|2282|-1337.5|||3|3|2|1|1|132|114|["132,98,5,3863","132,114,5,449"]|13:58:06:977
62|1.1|636136520740891926|0|50291.9765625|18.06330420809|99.11078995538|-173668|485318||50291.9765625|132.25||13212.5|129.75|50291.9765625|885306|THD166|0|2282|-1318.75|||3|3|2|1|1|132|114|["132,98,5,3863","132,114,5,449"]|13:58:11:977
62|1.1|636136520790836920|0|50296.9765625|18.0702296614|99.10841352175|-173914|486088||50296.9765625|131||13087.5|128.5|50296.9765625|885306|THD166|0|2282|-1375|||3|3|2|1|1|132|114|["132,98,5,3863","132,114,5,449"]|13:58:16:977
62|1.1|636136520840741910|0|50301.9609375|18.07706391974|99.10590297787|-174174|486848||50301.9609375|129.5||12943.75|127|50301.9609375|885306|THD166|0|2282|-1537.5|||3|3|2|1|1|132|114|["132,98,5,3863","132,114,5,449"]|13:58:21:961
62|1.1|636136520890656901|0|50306.9609375|18.08387135603|99.10337634076|-174436|487604||50306.9609375|128||12793.75|125.5|50306.9609375|885306|THD166|0|2282|-1675|||3|3|2|1|1|132|114|["132,98,5,3863","132,114,5,449"]|13:58:26:961
62|1.1|636136520940581893|0|50311.9375|18.09067342791|99.10091944098|-174691|488360||50311.9375|126.75||12656.25|124|50311.9375|885306|THD166|0|2282|-1693.75|||3|3|2|1|1|132|114|["132,98,5,3863","132,114,5,449"]|13:58:31:938
62|1.1|636136520990506885|0|50316.9375|18.09755060153|99.09856446499|-174935|489125||50316.9375|125.5||12518.75|122.75|50316.9375|885306|THD166|0|2282|-1656.25|||3|3|2|1|1|132|114|["132,98,5,3863","132,114,5,449"]|13:58:36:938
62|1.1|636136521040421876|0|50321.9375|18.10433658018|99.09618266695|-175181|489880||50321.9375|124.25||12393.75|121.5|50321.9375|885306|THD166|0|2282|-1593.75|||3|3|2|1|1|132|114|["132,98,5,3863","132,114,5,449"]|13:58:41:938
62|1.1|636136521090346868|0|50326.921875|18.11112792324|99.09376868245|-175431|490634||50326.921875|123||12268.75|120.25|50326.921875|885306|THD166|0|2282|-1537.5|||3|3|2|1|1|132|114|["132,98,5,3863","132,114,5,449"]|13:58:46:922
62|1.1|636136521140271860|0|50331.921875|18.11793535953|99.0913278759|-175684|491391||50331.921875|121.75||12137.5|119.25|50331.921875|885306|THD166|0|2282|-1493.75|||3|3|2|1|1|132|114|["132,98,5,3863","132,114,5,449"]|13:58:51:922
62|1.1|636136521190186851|0|50336.8984375|18.12472670259|99.08894071345|-175931|492146||50336.8984375|120.25||12006.25|117.75|50336.8984375|885306|THD166|0|2282|-1537.5|||3|3|2|1|1|132|114|["132,98,5,3863","132,114,5,449"]|13:58:56:898
62|1.1|636136521240111843|0|50341.8984375|18.13148049478|99.08657500864|-176176|492897||50341.8984375|119||11875|116.5|50341.8984375|885306|THD166|0|2282|-1556.25|||3|3|2|1|1|132|114|["132,98,5,3863","132,114,5,449"]|13:59:01:898
62|1.1|636136521290036835|0|50346.8984375|18.13829865989|99.08427367675|-176414|493654||50346.8984375|117.75||11743.75|115|50346.8984375|885306|THD166|0|2282|-1575|||3|3|2|1|1|132|114|["132,98,5,3863","132,114,5,449"]|13:59:06:898
62|1.1|636136521339951826|0|50351.875|18.14500417239|99.08180604815|-176669|494400||50351.875|116.5||11612.5|113.75|50351.875|885306|THD166|0|2282|-1575|||3|3|2|1|1|132|114|["132,98,5,3863","132,114,5,449"]|13:59:11:875
62|1.1|636136521389876818|0|50356.875|18.15179015104|99.07945107216|-176913|495154||50356.875|115.5||11500|113.25|50356.875|885306|THD166|0|2282|-1456.25|||3|3|2|1|1|132|114|["132,98,5,3863","132,114,5,449","132,194,5,3520"]|13:59:16:875
62|1.1|636136521439801810|0|50361.859375|18.15854930764|99.07705318089|-177161|495906||50361.859375|114.5||11387.5|111.75|50361.859375|885306|THD166|0|2282|-1418.75|||3|3|2|1|1|132|114|["132,98,5,3863","132,114,5,449","132,194,5,3520"]|13:59:21:859
62|1.1|636136521489716801|0|50366.859375|18.16522263368|99.07450508614|-177425|496648||50366.859375|113.25||11281.25|110.75|50366.859375|885306|THD166|0|2282|-1356.25|||3|3|2|1|1|132|114|["132,98,5,3863","132,114,5,449","132,194,5,3520"]|13:59:26:859
62|1.1|636136521539641793|0|50371.859375|18.17191741736|99.07199454226|-177686|497392||50371.859375|112||11168.75|109.5|50371.859375|885306|THD166|0|2282|-1318.75|||3|3|2|1|1|132|194|["132,98,5,3863","132,114,5,449","132,194,5,3520"]|13:59:31:859
62|1.1|636136521589566785|0|50376.8359375|18.17861220104|99.06964493068|-177929|498136||50376.8359375|110.75||11050|108.25|50376.8359375|885306|THD166|0|2282|-1375|||3|3|2|1|1|132|114|["132,98,5,3863","132,114,5,449","132,194,5,3520"]|13:59:36:836
62|1.1|636136521639331761|0|50381.8359375|18.18525870503|99.06725240382|-178176|498875||50381.8359375|109.5||10931.25|107|50381.8359375|885306|THD166|0|2282|-1437.5|||3|3|2|1|1|132|114|["132,98,5,3863","132,114,5,449","132,194,5,3520"]|13:59:41:836
62|1.1|636136521689256753|0|50386.8203125|18.19186765815|99.06492424988|-178417|499610||50386.8203125|108.25||10812.5|105.75|50386.8203125|885306|THD166|0|2282|-1456.25|||3|3|2|1|1|132|114|["132,98,5,3863","132,114,5,449","132,194,5,3520"]|13:59:46:820
62|1.1|636136521739331760|0|50391.8203125|18.19861608593|99.0628428588|-178632|500360||50391.8203125|106.75||10668.75|104.25|50391.8203125|885306|THD166|0|2282|-1556.25|||3|3|2|1|1|132|114|["132,98,5,3863","132,114,5,449","132,194,5,3520"]|13:59:51:820
62|1.1|636136521789246751|0|50396.8203125|18.20524649669|99.06062735747|-178860|501097||50396.8203125|105.5||10531.25|103|50396.8203125|885306|THD166|0|2282|-1593.75|||3|3|2|1|1|132|114|["132,98,5,3863","132,114,5,449","132,194,5,3520"]|13:59:56:820
62|1.1|636136521839011727|0|50401.796875|18.21176961925|99.05818655092|-179113|501823||50401.796875|104||10387.5|101.5|50401.796875|885306|THD166|0|2282|-1631.25|||3|3|2|1|1|132|114|["132,98,5,3863","132,114,5,449","132,194,5,3520"]|14:00:01:797
62|1.1|636136521888946720|0|50406.796875|18.21834638591|99.05579402406|-179361|502554||50406.796875|102.75||10250|100.25|50406.796875|885306|THD166|0|2282|-1631.25|||3|3|2|1|1|132|114|["132,98,5,3863","132,114,5,449","132,194,5,3520"]|14:00:06:797
62|1.1|636136521938861711|0|50411.78125|18.2248856017|99.05348732776|-179599|503281||50411.78125|101.5||10118.75|99|50411.78125|885306|THD166|0|2282|-1612.5|||3|3|2|1|1|132|114|["132,98,5,3863","132,114,5,449"]|14:00:11:781
62|1.1|636136521988776702|0|50416.78125|18.23141408867|99.05108407208|-179848|504007||50416.78125|100||9975|97.5|50416.78125|885306|THD166|0|2282|-1612.5|||3|3|2|1|1|132|114|["132,98,5,3863","132,114,5,449"]|14:00:16:781
62|1.1|636136522038711695|0|50421.78125|18.23806595707|99.04879883342|-180084|504746||50421.78125|98.75||9843.75|96.25|50421.78125|885306|THD166|0|2282|-1593.75|||3|3|2|1|1|132|114|["132,98,5,3863","132,114,5,449"]|14:00:21:781
62|1.1|636136522088626686|0|50426.7578125|18.24466954578|99.04652432358|-180319|505481||50426.7578125|97.5||9712.5|95|50426.7578125|885306|THD166|0|2282|-1556.25|||3|3|2|1|1|132|114|["132,98,5,3863","132,114,5,449"]|14:00:26:758
62|1.1|636136522138551678|0|50431.7578125|18.25125167685|99.04412643231|-180567|506212||50431.7578125|96.25||9587.5|93.75|50431.7578125|885306|THD166|0|2282|-1518.75|||3|3|2|1|1|132|114|["132,98,5,3863","132,114,5,449"]|14:00:31:758
62|1.1|636136522188466669|0|50436.7421875|18.25784453674|99.04169635458|-180819|506946||50436.7421875|95.25||9468.75|92.5|50436.7421875|885306|THD166|0|2282|-1475|||3|3|2|1|1|132|98|["132,98,5,3863","132,114,5,449"]|14:00:36:742
62|1.1|636136522238391661|0|50441.7421875|18.26433547284|99.03942184474|-181054|507667||50441.7421875|94||9362.5|91.5|50441.7421875|885306|THD166|0|2282|-1418.75|||3|3|2|1|1|132|114|["132,98,5,3863","132,114,5,449"]|14:00:41:742
62|1.1|636136522288316653|0|50446.7421875|18.27088541745|99.03713124167|-181290|508395||50446.7421875|92.75||9250|90.25|50446.7421875|885306|THD166|0|2282|-1375|||3|3|2|1|1|132|114|["132,98,5,3863","132,114,5,449"]|14:00:46:742
62|1.1|636136522338231644|0|50451.71875|18.27747827734|99.03480845214|-181530|509128||50451.71875|92||9137.5|89.25|50451.71875|885306|THD166|0|2282|-1375|||3|3|2|1|1|132|98|["132,98,5,3863","132,114,5,449"]|14:00:51:719
62|1.1|636136522388156636|0|50456.71875|18.28401212872|99.03250712025|-181768|509855||50456.71875|91||9025|88|50456.71875|885306|THD166|0|2282|-1375|||3|3|2|1|1|132|98|["132,98,5,3863","132,114,5,449"]|14:00:56:719
62|1.1|636136522438071627|0|50461.6953125|18.29041186985|99.030227246|-182004|510567||50461.6953125|89.25||8906.25|86.75|50461.6953125|885306|THD166|0|2282|-1418.75|||3|3|2|1|1|132|114|["132,98,5,3863","132,114,5,449"]|14:01:01:695
62|1.1|636136522487996619|0|50466.6953125|18.29695645005|99.02795810057|-182238|511294||50466.6953125|87.75||8762.5|85.5|50466.6953125|885306|THD166|0|2282|-1493.75|||3|3|2|1|1|132|114|["132,98,5,3863","132,114,5,449"]|14:01:06:695
62|1.1|636136522537921611|0|50471.6953125|18.30349566584|99.02564067545|-182477|512021||50471.6953125|87.25||8643.75|84|50471.6953125|885306|THD166|0|2282|-1537.5|||3|3|2|1|1|132|98|["132,98,5,3863","132,114,5,449"]|14:01:11:695
62|1.1|636136522587846603|0|50476.6796875|18.30999733076|99.02345736058|-182703|512744||50476.6796875|86.25||8518.75|82.75|50476.6796875|885306|THD166|0|2282|-1537.5|||3|3|2|1|1|132|98|["132,98,5,3863","132,114,5,449"]|14:01:16:680
62|1.1|636136522637761594|0|50481.6796875|18.31638097866|99.02120430838|-182936|513454||50481.6796875|84.5||8418.75|82|50481.6796875|885306|THD166|0|2282|-1375|||3|3|2|1|1|132|114|["132,98,5,3863","132,114,5,449"]|14:01:21:680
62|1.1|636136522687686586|0|50486.65625|18.32285582153|99.01894052736|-183169|514174||50486.65625|84.25||8318.75|81|50486.65625|885306|THD166|0|2282|-1337.5|||3|3|2|1|1|132|98|["132,98,5,3863","132,114,5,449"]|14:01:26:656
62|1.1|636136522737611578|0|50491.65625|18.32926092707|99.01666601752|-183404|514886||50491.65625|83.25||8218.75|80|50491.65625|885306|THD166|0|2282|-1281.25|||3|3|2|1|1|132|98|["132,98,5,3863","132,114,5,449"]|14:01:31:656
62|1.1|636136522787526569|0|50496.65625|18.33573040553|99.01442369414|-183636|515606||50496.65625|82||8106.25|79|50496.65625|885306|THD166|0|2282|-1318.75|||3|3|2|1|1|132|98|["132,98,5,3863","132,114,5,449"]|14:01:36:656
62|1.1|636136522837451561|0|50501.640625|18.34216769753|99.01225110809|-183860|516321||50501.640625|81||7993.75|78.75|50501.640625|885306|THD166|0|2282|-1375|||3|3|2|1|1|132|98|["132,98,5,3863","132,114,5,449"]|14:01:41:641
62|1.1|636136522887376553|0|50506.640625|18.34839577754|99.01003560676|-184089|517014||50506.640625|78.75||7868.75|76.25|50506.640625|885306|THD166|0|2282|-1375|||3|3|2|1|1|132|98|["132,98,5,3863","132,114,5,449"]|14:01:46:641
62|1.1|636136522937301545|0|50511.6171875|18.35462922196|99.00771818164|-184328|517707||50511.6171875|77.5||7737.5|75|50511.6171875|885306|THD166|0|2282|-1400|||3|3|2|1|1|132|98|["132,98,5,3863","132,114,5,449"]|14:01:51:617
62|1.1|636136522987216536|0|50516.6171875|18.36090558166|99.00553486677|-184554|518405||50516.6171875|76.25||7606.25|73.75|50516.6171875|885306|THD166|0|2282|-1456.25|||3|3|2|1|1|132|98|["132,98,5,3863","132,114,5,449"]|14:01:56:617
62|1.1|636136523037141528|0|50521.6171875|18.36719267018|99.00318525519|-184797|519104||50521.6171875|75||7468.75|72.25|50521.6171875|885306|THD166|0|2282|-1493.75|||3|3|2|1|1|132|98|["132,98,5,3863","132,114,5,449"]|14:02:01:617
62|1.1|636136523087086522|0|50526.6015625|18.3733724705|99.00084100802|-185039|519792||50526.6015625|74||7337.5|71.25|50526.6015625|885306|THD166|0|2282|-1493.75|||3|3|2|1|1|132|98|["132,98,5,3863","132,114,5,449"]|14:02:06:602
62|1.1|636136523136991512|0|50531.6015625|18.37957372846|98.99862550669|-185268|520481||50531.6015625|73.25||7250|70.25|50531.6015625|885306|THD166|0|2282|-1375|||3|3|2|1|1|132|98|["132,98,5,3863","132,114,5,449"]|14:02:11:602
62|1.1|636136523186896502|0|50536.578125|18.38584472375|98.99646364946|-185491|521179||50536.578125|72.75||7200|70|50536.578125|885306|THD166|0|2282|-925|||3|3|2|1|1|132|98|["132,98,5,3863","132,114,5,449"]|14:02:16:578
62|1.1|636136523236821494|0|50541.578125|18.39194942233|98.99421059726|-185724|521858||50541.578125|72.25||7156.25|69.75|50541.578125|885306|THD166|0|2282|-531.25|||3|3|2|1|1|132|98|["132,98,5,3863","132,114,5,449"]|14:02:21:578
62|1.1|636136523286746486|0|50546.578125|18.39796292594|98.99198973152|-185953|522526||50546.578125|72||7137.5|69.75|50546.578125|885306|THD166|0|2282|-450|||3|3|2|1|1|132|98|["132,98,5,3863","132,114,5,449"]|14:02:26:578
62|1.1|636136523336681479|0|50551.5625|18.40387450576|98.9898332387|-186176|523184||50551.5625|71.5||7112.5|69|50551.5625|885306|THD166|0|2282|-431.25|||3|3|2|1|1|132|98|["132,98,5,3863","132,114,5,449"]|14:02:31:563
62|1.1|636136523386586469|0|50556.5625|18.40973244148|98.98775721203|-186390|523835||50556.5625|71||7075|68.5|50556.5625|885306|THD166|0|2282|-475|||3|3|2|1|1|132|98|["132,98,5,3863","132,114,5,449"]|14:02:36:563
62|1.1|636136523436511461|0|50561.5390625|18.4156976654|98.98567045654|-186605|524499||50561.5390625|70.5||7031.25|68|50561.5390625|885306|THD166|0|2282|-512.5|||3|3|2|1|1|132|98|["132,98,5,3863","132,114,5,449"]|14:02:41:539
62|1.1|636136523486436453|0|50566.5390625|18.42152341466|98.98365880279|-186813|525147||50566.5390625|70||6981.25|67.5|50566.5390625|885306|THD166|0|2282|-568.75|||3|3|2|1|1|132|98|["132,98,5,3863","132,114,5,449"]|14:02:46:539
62|1.1|636136523536351444|0|50571.5390625|18.42719896044|98.98169542873|-187015|525778||50571.5390625|69.75||6943.75|67|50571.5390625|885306|THD166|0|2282|-550|||3|3|2|1|1|132|98|["132,98,5,3863","132,114,5,449"]|14:02:51:539
62|1.1|636136523586276436|0|50576.515625|18.43278331125|98.97971059703|-187220|526399||50576.515625|69.25||6893.75|66.5|50576.515625|885306|THD166|0|2282|-550|||3|3|2|1|1|132|98|["132,98,5,3863","132,114,5,449"]|14:02:56:516
62|1.1|636136523636201428|0|50581.515625|18.43829256032|98.97768821446|-187429|527012||50581.515625|68.5||6818.75|66|50581.515625|885306|THD166|0|2282|-612.5|||3|3|2|1|1|132|98|["132,98,5,3863"]|14:03:01:516
62|1.1|636136523686116419|0|50586.5|18.44376962293|98.97559609456|-187645|527621||50586.5|67.5||6706.25|65.25|50586.5|885306|THD166|0|2282|-843.75|||3|3|2|1|1|132|98|["132,98,5,3863"]|14:03:06:500
62|1.1|636136523736041411|0|50591.5|18.44921449908|98.97371318665|-187839|528227||50591.5|65||6512.5|62.5|50591.5|885306|THD166|0|2282|-1400|||3|3|2|1|1|132|98|["132,98,5,3863"]|14:03:11:500
62|1.1|636136523785966403|0|50596.5|18.45486858722|98.97169080408|-188048|528856||50596.5|63.75||6362.5|61.25|50596.5|885306|THD166|0|2282|-1493.75|||3|3|2|1|1|132|98|["132,98,5,3863"]|14:03:16:500
62|1.1|636136523835881394|0|50601.4765625|18.46051731095|98.96967915033|-188256|529484||50601.4765625|63||6256.25|60.25|50601.4765625|885306|THD166|0|2282|-1437.5|||3|3|2|1|1|132|98|["132,98,5,3863"]|14:03:21:477
62|1.1|636136523885806386|0|50606.4765625|18.46613384822|98.96781233565|-188448|530108||50606.4765625|62.25||6175|59.5|50606.4765625|885306|THD166|0|2282|-1300|||3|3|2|1|1|132|98|["132,98,5,3863"]|14:03:26:477
62|1.1|636136523935731378|0|50611.4609375|18.47178793636|98.96588114805|-188647|530737||50611.4609375|61.75||6112.5|59|50611.4609375|885306|THD166|0|2282|-1081.25|||3|3|2|1|1|132|98|["132,98,5,3863"]|14:03:31:461
62|1.1|636136523985656370|0|50616.4609375|18.47743666009|98.96443812176|-188794|531365||50616.4609375|61||6056.25|58.5|50616.4609375|885306|THD166|0|2282|-943.75|||3|3|2|1|1|132|98|["132,98,5,3863"]|14:03:36:461
62|1.1|636136524035571361|0|50621.4609375|18.48318730761|98.96339206181|-188899|532004||50621.4609375|60||5968.75|57.5|50621.4609375|885306|THD166|0|2282|-962.5|||3|3|2|1|1|132|98|["132,98,5,3863"]|14:03:41:461
62|1.1|636136524085496353|0|50626.4375|18.48902378569|98.96298973106|-188936|532651||50626.4375|59.25||5881.25|56.5|50626.4375|885306|THD166|0|2282|-981.25|||3|3|2|1|1|132|98|["132,98,5,3863"]|14:03:46:438
62|1.1|636136524135411344|0|50631.4375|18.49483344172|98.96263031559|-188969|533296||50631.4375|58.5||5800|55.75|50631.4375|885306|THD166|0|2282|-1006.25|||3|3|2|1|1|132|98|["132,98,5,3863"]|14:03:51:438
62|1.1|636136524185336336|0|50636.421875|18.50057336042|98.9624211036|-188985|533932||50636.421875|58||5737.5|55|50636.421875|885306|THD166|0|2282|-943.75|||3|3|2|1|1|132|98|["132,98,5,3863"]|14:03:56:422
62|1.1|636136524235261328|0|50641.421875|18.50632400794|98.96229235776|-188993|534570||50641.421875|57.5||5687.5|54.75|50641.421875|885306|THD166|0|2282|-843.75|||3|3|2|1|1|132|98|["132,98,5,3863"]|14:04:01:422
62|1.1|636136524285176319|0|50646.421875|18.51201028254|98.96243719683|-188973|535201||50646.421875|56.75||5625|54|50646.421875|885306|THD166|0|2282|-806.25|||3|3|2|1|1|132|98|["132,98,5,3863"]|14:04:06:422
62|1.1|636136524335101311|0|50651.3984375|18.51765364186|98.96236209509|-188975|535827||50651.3984375|56||5550|53.25|50651.3984375|885306|THD166|0|2282|-825|||3|3|2|1|1|132|98|["132,98,5,3863"]|14:04:11:398
62|1.1|636136524385026303|0|50656.3984375|18.52328627236|98.9623138154|-188975|536452||50656.3984375|55||5437.5|52.25|50656.3984375|885306|THD166|0|2282|-906.25|||3|3|2|1|1|132|98|["132,98,5,3863"]|14:04:16:398
62|1.1|636136524434941294|0|50661.375|18.52885989435|98.96234600186|-188966|537070||50661.375|54.25||5350|51.25|50661.375|885306|THD166|0|2282|-981.25|||3|3|2|1|1|132|98|["132,98,5,3863"]|14:04:21:375
62|1.1|636136524484866286|0|50666.375|18.53446033839|98.96229235776|-188966|537691||50666.375|53.25||5237.5|50.25|50666.375|885306|THD166|0|2282|-1043.75|||3|3|2|1|1|132|98|["132,98,5,3863"]|14:04:26:375
62|1.1|636136524534791278|0|50671.375|18.54002323156|98.96228699335|-188962|538308||50671.375|52.5||5150|49.25|50671.375|885306|THD166|0|2282|-1081.25|||3|3|2|1|1|132|98|["132,98,5,3863"]|14:04:31:375
62|1.1|636136524584706269|0|50676.359375|18.54545737889|98.96231917981|-188953|538911||50676.359375|51||5081.25|48.5|50676.359375|885306|THD166|0|2282|-1043.75|||3|3|2|1|1|132|98|["132,98,5,3863"]|14:04:36:359
62|1.1|636136524634631261|0|50681.359375|18.55096662796|98.96228162894|-188952|539521||50681.359375|50||4987.5|47.5|50681.359375|885306|THD166|0|2282|-1043.75|||3|3|2|1|1|132|98|["132,98,5,3863"]|14:04:41:359
62|1.1|636136524684556253|0|50686.3359375|18.55639541088|98.96221725602|-188953|540124||50686.3359375|49||4881.25|46.5|50686.3359375|885306|THD166|0|2282|-1100|||3|3|2|1|1|132|98|["132,98,5,3863"]|14:04:46:336
62|1.1|636136524734481245|0|50691.3359375|18.56186710908|98.96221725602|-188948|540730||50691.3359375|48||4768.75|45.5|50691.3359375|885306|THD166|0|2282|-1162.5|||3|3|2|1|1|132|98|["132,98,5,3863"]|14:04:51:336
62|1.1|636136524784396236|0|50696.3359375|18.56733880728|98.96225480689|-188939|541337||50696.3359375|46.75||4637.5|44.25|50696.3359375|885306|THD166|0|2282|-1262.5|||3|3|2|1|1|132|98|["132,98,5,3863"]|14:04:56:336
62|1.1|636136524834321228|0|50701.3203125|18.57278904784|98.96228699335|-188930|541941||50701.3203125|45.5||4500|42.75|50701.3203125|885306|THD166|0|2282|-1375|||3|3|2|1|1|132|98|["132,98,5,3863"]|14:05:01:320
62|1.1|636136524884236219|0|50706.3203125|18.57824465281|98.96228162894|-188926|542547||50706.3203125|44.5||4387.5|41.5|50706.3203125|885306|THD166|0|2282|-1418.75|||3|3|2|1|1|132|98|["132,98,5,3863"]|14:05:06:320
62|1.1|636136524934161211|0|50711.296875|18.58366807132|98.96231917981|-188916|543148||50711.296875|43.5||4275|40.5|50711.296875|885306|THD166|0|2282|-1400|||3|3|2|1|1|132|98|["132,98,5,3863"]|14:05:11:297
62|1.1|636136524984106205|0|50716.296875|18.58911831188|98.9623674595|-188906|543753||50716.296875|42.5||4175|39.5|50716.296875|885306|THD166|0|2282|-1375|||3|3|2|1|1|132|98|["132,98,5,3863"]|14:05:16:297
62|1.1|636136525034011195|0|50721.296875|18.59451490834|98.96237282391|-188900|544351||50721.296875|41.5||4075|38.5|50721.296875|885306|THD166|0|2282|-1337.5|||3|3|2|1|1|132|98|["132,98,5,3863"]|14:05:21:297
62|1.1|636136525083926186|0|50726.28125|18.59983640306|98.96243183242|-188889|544941||50726.28125|40.75||3993.75|37.5|50726.28125|885306|THD166|0|2282|-1262.5|||3|3|2|1|1|132|98|["132,98,5,3863"]|14:05:26:281
62|1.1|636136525133851178|0|50731.28125|18.60512571132|98.96248011211|-188879|545528||50731.28125|39.75||3893.75|36.75|50731.28125|885306|THD166|0|2282|-1200|||3|3|2|1|1|132|98|["132,98,5,3863"]|14:05:31:281
62|1.1|636136525183766169|0|50736.2578125|18.6103721043|98.96248547652|-188873|546110||50736.2578125|39||3812.5|36|50736.2578125|885306|THD166|0|2282|-1143.75|||3|3|2|1|1|132|98|["132,98,5,3863"]|14:05:36:258
62|1.1|636136525233691161|0|50741.2578125|18.61555948877|98.96245865447|-188871|546685||50741.2578125|38||3712.5|35|50741.2578125|885306|THD166|0|2282|-1143.75|||3|3|2|1|1|132|98|["132,98,5,3863"]|14:05:41:258
62|1.1|636136525283616153|0|50746.2578125|18.62068786473|98.96249084093|-188863|547254||50746.2578125|37.25||3631.25|34|50746.2578125|885306|THD166|0|2282|-1100|||3|3|2|1|1|132|98|["132,98,5,3863"]|14:05:46:258
62|1.1|636136525333531144|0|50751.2421875|18.62569822367|98.96251766298|-188855|547810||50751.2421875|36.5||3556.25|33.25|50751.2421875|885306|THD166|0|2282|-1062.5|||3|3|2|1|1|132|98|["132,98,5,3863"]|14:05:51:242
62|1.1|636136525383456136|0|50756.2421875|18.6306495741|98.96254448503|-188847|548359||50756.2421875|35.5||3450|32.5|50756.2421875|885306|THD166|0|2282|-1081.25|||3|3|2|1|1|132|98|["132,98,5,3863"]|14:05:56:242
62|1.1|636136525433381128|0|50761.21875|18.63504302589|98.96259276472|-188838|548846||50761.21875|34||3381.25|31.5|50761.21875|885306|THD166|0|2282|-1043.75|||3|3|2|1|1|132|98|["132,98,5,3863"]|14:06:01:219
62|1.1|636136525483306120|0|50766.21875|18.63967251172|98.96258740031|-188834|549360||50766.21875|33.25||3300|30.75|50766.21875|885306|THD166|0|2282|-1025|||3|3|2|1|1|132|98|["132,98,5,3863"]|14:06:06:219
62|1.1|636136525533221111|0|50771.21875|18.64428590432|98.96261422236|-188827|549871||50771.21875|32.25||3200|29.75|50771.21875|885306|THD166|0|2282|-1043.75|||3|3|2|1|1|132|98|["132,98,5,3863"]|14:06:11:219
62|1.1|636136525583146103|0|50776.1953125|18.64880810195|98.96259812913|-188824|550373||50776.1953125|31.25||3093.75|28.75|50776.1953125|885306|THD166|0|2282|-1100|||3|3|2|1|1|132|98|["132,98,5,3863"]|14:06:16:195
62|1.1|636136525633071095|0|50781.1953125|18.65327129107|98.96259812913|-188820|550868||50781.1953125|30.5||3006.25|27.75|50781.1953125|885306|THD166|0|2282|-1100|||3|3|2|1|1|132|98|["132,98,5,3863"]|14:06:21:195
62|1.1|636136525682986086|0|50786.1796875|18.65764328522|98.96261422236|-188814|551353||50786.1796875|29.5||2906.25|26.75|50786.1796875|885306|THD166|0|2282|-1143.75|||3|3|2|1|1|132|98|["132,98,5,3863"]|14:06:26:180
62|1.1|636136525732911078|0|50791.1796875|18.66199382173|98.96261958677|-188809|551836||50791.1796875|28.75||2825|26|50791.1796875|885306|THD166|0|2282|-1125|||3|3|2|1|1|132|98|["132,98,5,3863"]|14:06:31:180
62|1.1|636136525782826069|0|50796.1796875|18.66627998532|98.96266786646|-188800|552311||50796.1796875|28.25||2781.25|25.25|50796.1796875|885306|THD166|0|2282|-1043.75|||3|3|2|1|1|132|98|["132,98,5,3863"]|14:06:36:180
62|1.1|636136525832751061|0|50801.15625|18.67043740307|98.9626893241|-188794|552772||50801.15625|27.5||2706.25|24.75|50801.15625|885306|THD166|0|2282|-962.5|||3|3|2|1|1|132|98|["132,98,5,3863"]|14:06:41:156
62|1.1|636136525882676053|0|50806.15625|18.67446607498|98.96271078174|-188788|553219||50806.15625|26.75||2625|24|50806.15625|885306|THD166|0|2282|-925|||3|3|2|1|1|132|98|["132,98,5,3863"]|14:06:46:156
62|1.1|636136525932591044|0|50811.140625|18.67840355192|98.96271078174|-188784|553655||50811.140625|26.25||2568.75|23.5|50811.140625|885306|THD166|0|2282|-868.75|||3|3|2|1|1|132|98|["132,98,5,3863"]|14:06:51:141
62|1.1|636136525982516036|0|50816.140625|18.68221228302|98.96271078174|-188780|554078||50816.140625|25.75||2525|23|50816.140625|885306|THD166|0|2282|-806.25|||3|3|2|1|1|132|98|["132,98,5,3863"]|14:06:56:141
62|1.1|636136526032441028|0|50821.140625|18.68596200561|98.96273760379|-188774|554494||50821.140625|25.25||2481.25|22.5|50821.140625|885306|THD166|0|2282|-731.25|||3|3|2|1|1|132|98|["132,98,5,3863"]|14:07:01:141
62|1.1|636136526082356019|0|50826.1171875|18.68957761795|98.96276979025|-188767|554895||50826.1171875|24.5||2393.75|21.75|50826.1171875|885306|THD166|0|2282|-731.25|||3|3|2|1|1|132|98|["132,98,5,3863"]|14:07:06:117
62|1.1|636136526132281011|0|50831.1171875|18.69318786588|98.96276979025|-188763|555295||50831.1171875|23.75||2306.25|21|50831.1171875|885306|THD166|0|2282|-787.5|||3|3|2|1|1|132|98|["132,98,5,3863"]|14:07:11:117
62|1.1|636136526182206003|0|50836.1015625|18.69667473238|98.96279124789|-188758|555682||50836.1015625|23||2218.75|20.25|50836.1015625|885306|THD166|0|2282|-843.75|||3|3|2|1|1|132|98|["132,98,5,3863"]|14:07:16:102
62|1.1|636136526232130995|0|50841.1015625|18.70014014124|98.96280734112|-188753|556067||50841.1015625|22.5||2175|19.5|50841.1015625|885306|THD166|0|2282|-843.75|||3|3|2|1|1|132|98|["132,98,5,3863"]|14:07:21:102
62|1.1|636136526282065988|0|50846.1015625|18.70358945687|98.96283416317|-188747|556449||50846.1015625|22||2131.25|19|50846.1015625|885306|THD166|0|2282|-806.25|||3|3|2|1|1|132|98|["132,98,5,3863"]|14:07:26:102
62|1.1|636136526331970978|0|50851.078125|18.70690466225|98.96281806994|-188745|556817||50851.078125|20.75||2062.5|18.5|50851.078125|885306|THD166|0|2282|-750|||3|3|2|1|1|132|98|["132,98,5,3863"]|14:07:31:078
62|1.1|636136526381885969|0|50856.078125|18.71037543552|98.96283416317|-188740|557202||50856.078125|20.25||2006.25|17.75|50856.078125|885306|THD166|0|2282|-750|||3|3|2|1|1|132|98|["132,98,5,3863"]|14:07:36:078
62|1.1|636136526431810961|0|50861.0625|18.7137979291|98.96286098522|-188734|557581||50861.0625|19.75||1956.25|17.25|50861.0625|885306|THD166|0|2282|-731.25|||3|3|2|1|1|132|98|["132,98,5,3863"]|14:07:41:063
62|1.1|636136526481725952|0|50866.0625|18.71724724473|98.96287171404|-188729|557964||50866.0625|19.25||1906.25|16.75|50866.0625|885306|THD166|0|2282|-687.5|||3|3|2|1|1|132|98|["132,98,5,3863"]|14:07:46:063
62|1.1|636136526531660945|0|50871.0625|18.72070728918|98.96289853609|-188723|558348||50871.0625|18.5||1825|16|50871.0625|885306|THD166|0|2282|-706.25|||3|3|2|1|1|132|98|["132,98,5,3863"]|14:07:51:063
62|1.1|636136526581575936|0|50876.0390625|18.72416196922|98.96291462932|-188718|558731||50876.0390625|18||1768.75|15.5|50876.0390625|885306|THD166|0|2282|-731.25|||3|3|2|1|1|132|98|["132,98,5,3863"]|14:07:56:039
62|1.1|636136526631500928|0|50881.0390625|18.72760055603|98.96293608696|-188713|559112||50881.0390625|17.5||1712.5|15|50881.0390625|885306|THD166|0|2282|-706.25|||3|3|2|1|1|132|98|["132,98,5,3863"]|14:08:01:039
62|1.1|636136526681425920|0|50886.015625|18.73099622756|98.9629575446|-188707|559489||50886.015625|16.75||1631.25|14.25|50886.015625|885306|THD166|0|2282|-750|||3|3|2|1|1|132|98|["132,98,5,3863"]|14:08:06:016
62|1.1|636136526731350912|0|50891.015625|18.7343972635|98.96297363783|-188702|559866||50891.015625|16.25||1581.25|13.5|50891.015625|885306|THD166|0|2282|-750|||3|3|2|1|1|132|98|["132,98,5,3863"]|14:08:11:016
62|1.1|636136526781265903|0|50896.015625|18.73777147739|98.96300582429|-188696|560240||50896.015625|15.75||1531.25|13|50896.015625|885306|THD166|0|2282|-731.25|||3|3|2|1|1|132|98|["132,98,5,3863"]|14:08:16:016
62|1.1|636136526831190895|0|50901|18.74112423364|98.96301655311|-188691|560612||50901|15||1443.75|12.25|50901|885306|THD166|0|2282|-750|||3|3|2|1|1|132|98|["132,98,5,3863"]|14:08:21:000
62|1.1|636136526881105886|0|50906|18.74447162548|98.96304873957|-188684|560984||50906|14.5||1393.75|11.75|50906|885306|THD166|0|2282|-750|||3|3|2|1|1|132|98|["132,98,5,3863"]|14:08:26:000
62|1.1|636136526931030878|0|50910.9765625|18.7477546444|98.96309165485|-188677|561348||50910.9765625|14||1343.75|11.25|50910.9765625|885306|THD166|0|2282|-731.25|||3|3|2|1|1|132|98|["132,98,5,3863"]|14:08:30:977
62|1.1|636136526980955870|0|50915.9765625|18.75104302773|98.96312384131|-188670|561712||50915.9765625|13.25||1256.25|10.5|50915.9765625|885306|THD166|0|2282|-750|||3|3|2|1|1|132|98|["132,98,5,3863"]|14:08:35:977
62|1.1|636136527030870861|0|50920.9765625|18.75429386019|98.963172121|-188662|562073||50920.9765625|12.75||1212.5|10|50920.9765625|885306|THD166|0|2282|-750|||3|3|2|1|1|132|98|["132,98,5,3863"]|14:08:40:977
62|1.1|636136527080795853|0|50925.9609375|18.75749641296|98.96323649392|-188652|562428||50925.9609375|12.25||1168.75|9.25|50925.9609375|885306|THD166|0|2282|-731.25|||3|3|2|1|1|132|98|["132,98,5,3863"]|14:08:45:961
62|1.1|636136527130720845|0|50930.9609375|18.76058094871|98.96327404479|-188645|562771||50930.9609375|11.5||1081.25|8.75|50930.9609375|885306|THD166|0|2282|-731.25|||3|3|2|1|1|132|98|["132,98,5,3863"]|14:08:50:961
62|1.1|636136527180635836|0|50935.9375|18.76386933204|98.96331159566|-188638|563135||50935.9375|11.5||1012.5|8.25|50935.9375|885306|THD166|0|2282|-731.25|||3|3|2|1|1|132|98|["132,98,5,3863"]|14:08:55:938
62|1.1|636136527230560828|0|50940.9375|18.76715771537|98.96335987535|-188630|563500||50940.9375|11.5||943.75|8|50940.9375|885306|THD166|0|2282|-731.25|||3|3|2|1|1|132|98|[]|14:09:00:938
62|1.1|636136527280475819|0|50945.9375|18.76806966507|98.96331159566|-188634|563601||50945.9375|11.5||1306.25|9.25|50945.9375|885306|THD166|0|2282|0|||3|3|0|1|1|132|98|["132,98,5,3863"]|14:09:05:938
62|1.1|636136527330400811|0|50950.921875|18.76920691999|98.96340815504|-188623|563728||50950.921875|11.75||1212.5|9.5|50950.921875|885306|THD166|0|2282|0|||3|3|0|1|1|132|98|["132,98,5,3863"]|14:09:10:922
62|1.1|636136527380325803|0|50955.921875|18.77149752306|98.96346179914|-188615|563981||50955.921875|11.75||1212.5|9.75|50955.921875|885306|THD166|0|2282|0|||3|3|0|1|1|132|98|["132,98,5,3863"]|14:09:15:922
62|1.1|636136527430250795|0|50960.8984375|18.77352527004|98.96351007883|-188608|564206||50960.8984375|11.75||1218.75|9.75|50960.8984375|885306|THD166|0|2282|0|||3|3|0|1|1|132|98|[]|14:09:20:898
62|1.1|636136527480165786|0|50965.8984375|18.77544572882|98.96355835852|-188601|564419||50965.8984375|11.75||1212.5|9.75|50965.8984375|885306|THD166|0|2282|0|||3|3|0|1|1|132|98|[]|14:09:25:898
