62|1.1|636136520104398283|0|50227.359375|19.56181459072|106.19030375617|572826|658634||50227.359375|318||31562.5|||88809c|X|0|2523||||3|3|3|1|1|132|146|["132,146,5,1842"]|13:57:07:359
62|1.1|636136520141842027|0|50232.078125|19.56202380271|106.19438607218|573256|658669||50232.078125|318||31700|||88809c|X|0|2523||||3|3|3|1|1|132|146|["132,146,5,1842"]|13:57:12:078
62|1.1|636136520191777020|0|50237.0625|19.5465152934|106.20395617962|574311|656972||50237.0625|319||31843.75|319.25|50237.0625|88809c|HVN179|0|2523|1200|||3|3|1|1|1|132|146|["132,146,5,1842"]|13:57:17:063
62|1.1|636136520241682010|0|50242.0625|19.53536804942|106.20993749677|574976|655750||50242.0625|319.5||32006.25|320.25|50242.0625|88809c|HVN179|0|2523|1043.75|||3|3|1|1|1|132|146|["132,146,5,1842"]|13:57:22:063
62|1.1|636136520291607002|0|50247.0625|19.52485917023|106.21583834777|575630|654599||50247.0625|319.75||32068.75|320.5|50247.0625|88809c|HVN179|0|2523|825|||3|3|1|1|1|132|146|["132,146,5,1842"]|13:57:27:063
62|1.1|636136520341531994|0|50252.0390625|19.51401769762|106.22240975002|576355|653412||50252.0390625|320||32087.5|320.5|50252.0390625|88809c|HVN179|0|2523|631.25|||3|3|1|1|1|132|146|["132,146,5,1842"]|13:57:32:039
62|1.1|636136520391446985|0|50257.0390625|19.50653971008|106.22645451516|576804|652592||50257.0390625|320||32068.75|320.5|50257.0390625|88809c|HVN179|0|2523|412.5|||3|3|1|1|1|132|146|["132,146,5,1842"]|13:57:37:039
62|1.1|636136520441371977|0|50262.015625|19.49538173728|106.23290253598|577518|651371||50262.015625|320||32056.25|320.25|50262.015625|88809c|HVN179|0|2523|0|||3|3|0|1|1|132|146|["132,146,5,1842"]|13:57:42:016
62|1.1|636136520491286968|0|50267.015625|19.48699716445|106.23840105623|578123|650455||50267.015625|320||32150|320.25|50267.015625|88809c|HVN179|0|2523|0|||3|3|0|1|1|132|146|["132,146,5,1842"]|13:57:47:016
62|1.1|636136520541211960|0|50272.015625|19.47850530342|106.24396931381|578736|649526||50272.015625|320||32243.75|320.25|50272.015625|88809c|HVN179|0|2523|0|||3|3|0|1|1|132|146|[]|13:57:52:016
62|1.1|636136520591136952|0|50277|19.469589654|106.24805162982|579194|648547||50277|320||32031.25|320.25|50277|88809c|HVN179|0|2523|0|||3|3|0|1|1|132|146|["132,146,5,1842"]|13:57:57:000
62|1.1|636136520641051943|0|50282|19.45486971296|106.25679561812|580160|646936||50282|320||31981.25|320.25|50282|88809c|HVN179|0|2523|0|||3|3|0|1|1|132|146|["132,146,5,1842"]|13:58:02:000
62|1.1|636136520690976935|0|50286.9765625|19.44592724149|106.26234241806|580773|645958||50286.9765625|320||32025|320.25|50286.9765625|88809c|HVN179|0|2523|0|||3|3|0|1|1|132|146|["132,146,5,1842"]|13:58:06:977
62|1.1|636136520740911928|0|50291.9765625|19.43677019362|106.26803942148|581401|644956||50291.9765625|320||32068.75|320.25|50291.9765625|88809c|HVN179|0|2523|0|||3|3|0|1|1|132|146|[]|13:58:11:977
62|1.1|636136520790836920|0|50296.9765625|19.42752195078|106.27377397577|582035|643945||50296.9765625|320||32106.25|320.25|50296.9765625|88809c|HVN179|0|2523|0|||3|3|0|1|1|132|146|[]|13:58:16:977
62|1.1|636136521258833715|0|50342.5625|19.34877777639|106.31819129057|586962|635320||50342.5625|319.75||31706.25|||88809c|X|0|2335||||3|3|3|1|1|132|146|["132,146,5,1844"]|13:59:02:563
62|1.1|636136521290036835|0|50346.8984375|19.34532846076|106.32458566729|587647|634955||50346.8984375|319.75||31787.5|||88809c|X|0|2335||||3|3|3|1|1|132|146|["132,146,5,1844"]|13:59:06:898
62|1.1|636136521339961827|0|50351.875|19.34135879736|106.33191345135|588433|634535||50351.875|319.75||31887.5|||88809c|X|0|2335||||3|3|3|1|1|132|146|["132,146,5,1844"]|13:59:11:875
62|1.1|636136521389876818|0|50356.875|19.33737304073|106.3392895151|589223|634114||50356.875|319.75||31987.5|||88809c|X|0|2335||||3|3|3|1|1|132|146|[]|13:59:16:875
62|1.1|636136521439801810|0|50361.859375|19.33340337733|106.34661729916|590009|633694||50361.859375|319.75||32081.25|||88809c|X|0|2335||||3|3|3|1|1|132|146|[]|13:59:21:859
62|1.1|636136521489756805|0|50366.859375|19.30202694324|106.3480871475|590265|630210||50366.859375|319.75||8131.25|||88809c|X|0|2335||||3|3|3|1|1|132|146|["132,146,4,1844"]|13:59:26:859
62|1.1|636136521539641793|0|50371.859375|19.28914163042|106.35577971144|591116|628801||50371.859375|||10400|||88809c|X|0|2335|||||||1|1|132|146|["132,146,4,1844"]|13:59:31:859
62|1.1|636136521589566785|0|50376.8359375|19.2802796251|106.36121385877|591714|627831||50376.8359375|320||31725|||88809c|X|0|2335||||3|3|3|1|1|132|146|["132,146,5,1845"]|13:59:36:836
62|1.1|636136521639481776|0|50381.8359375|19.27287137489|106.3656287682|592202|627021||50381.8359375|320||31743.75|320|50381.8359375|88809c|HVN179|0|2335|0|||3|3|0|1|1|132|146|["132,146,5,1845"]|13:59:41:836
62|1.1|636136521689426770|0|50386.8203125|19.26323689453|106.37120239019|592820|625966||50386.8203125|319.75||31806.25|320|50386.8203125|88809c|HVN179|0|2335|0|||3|3|0|1|1|132|146|["132,146,5,1845"]|13:59:46:820
62|1.1|636136521739351762|0|50391.8203125|19.25127426023|106.37808492822|593584|624657||50391.8203125|319.75||31868.75|319.75|50391.8203125|88809c|HVN179|0|2335|0|||3|3|0|1|1|132|146|["132,146,5,1845"]|13:59:51:820
62|1.1|636136521789256752|0|50396.8203125|19.2439625694|106.38243010032|594066|623857||50396.8203125|319.75||31831.25|319.75|50396.8203125|88809c|HVN179|0|2335|0|||3|3|0|1|1|132|146|["132,146,5,1845"]|13:59:56:820
62|1.1|636136521839021728|0|50401.796875|19.23486453004|106.38773550181|594654|622861||50401.796875|319.75||31825|319.75|50401.796875|88809c|HVN179|0|2335|0|||3|3|0|1|1|132|146|["132,146,5,1845"]|14:00:01:797
62|1.1|636136521888946720|0|50406.796875|19.22409279476|106.39398503946|595348|621682||50406.796875|319.75||31843.75|319.75|50406.796875|88809c|HVN179|0|2335|0|||3|3|0|1|1|132|146|["132,146,5,1845"]|14:00:06:797
62|1.1|636136521938881713|0|50411.78125|19.2117761094|106.40107678948|596134|620334||50411.78125|320||31868.75|320|50411.78125|88809c|HVN179|0|2335|0|||3|3|0|1|1|132|146|["132,146,5,1845"]|14:00:11:781
62|1.1|636136521988786703|0|50416.78125|19.20275317178|106.40637682656|596722|619347||50416.78125|319.75||31850|319.75|50416.78125|88809c|HVN179|0|2335|0|||3|3|0|1|1|132|146|["132,146,5,1845"]|14:00:16:781
62|1.1|636136522038731697|0|50421.78125|19.19368195447|106.41168759246|597312|618354||50421.78125|319.75||31831.25|319.75|50421.78125|88809c|HVN179|0|2335|0|||3|3|0|1|1|132|146|["132,146,5,1845"]|14:00:21:781
62|1.1|636136522088636687|0|50426.7578125|19.18374706715|106.41743823998|597950|617267||50426.7578125|319.75||31831.25|319.75|50426.7578125|88809c|HVN179|0|2335|0|||3|3|0|1|1|132|146|["132,146,5,1845"]|14:00:26:758
62|1.1|636136522138561679|0|50431.7578125|19.1759954947|106.42207845463|598464|616419||50431.7578125|320||31812.5|320|50431.7578125|88809c|HVN179|0|2335|0|||3|3|0|1|1|132|146|["132,146,5,1845"]|14:00:31:758
62|1.1|636136522188476670|0|50436.7421875|19.16599623446|106.42793102594|599113|615325||50436.7421875|319.75||31812.5|319.75|50436.7421875|88809c|HVN179|0|2335|0|||3|3|0|1|1|132|146|["132,146,5,1845"]|14:00:36:742
62|1.1|636136522238411663|0|50441.7421875|19.15779405157|106.43285555432|599659|614427||50441.7421875|320||31800|320|50441.7421875|88809c|HVN179|0|2335|0|||3|3|0|1|1|132|146|["132,146,5,1845"]|14:00:41:742
62|1.1|636136522288336655|0|50446.7421875|19.14967769924|106.43775326065|600202|613540||50446.7421875|319.75||31775|319.75|50446.7421875|88809c|HVN179|0|2335|0|||3|3|0|1|1|132|146|["132,146,5,1845"]|14:00:46:742
62|1.1|636136522338231644|0|50451.71875|19.14202268617|106.44243102617|600720|612703||50451.71875|319.75||31756.25|319.75|50451.71875|88809c|HVN179|0|2335|0|||3|3|0|1|1|132|146|["132,146,5,1845"]|14:00:51:719
62|1.1|636136522388156636|0|50456.71875|19.1312563153|106.44868056382|601414|611525||50456.71875|319.75||31768.75|319.75|50456.71875|88809c|HVN179|0|2335|0|||3|3|0|1|1|132|146|["132,146,5,1845"]|14:00:56:719
62|1.1|636136522438081628|0|50461.6953125|19.12261425079|106.45385721947|601988|610580||50461.6953125|319.75||31756.25|319.75|50461.6953125|88809c|HVN179|0|2335|0|||3|3|0|1|1|132|146|["132,146,5,1845"]|14:01:01:695
62|1.1|636136522487996619|0|50466.6953125|19.11300659248|106.45954885848|602619|609529||50466.6953125|319.5||31750|319.5|50466.6953125|88809c|HVN179|0|2335|0|||3|3|0|1|1|132|146|["132,146,5,1845"]|14:01:06:695
62|1.1|636136522537921611|0|50471.6953125|19.1044879094|106.46467187003|603187|608597||50471.6953125|319.5||31731.25|319.5|50471.6953125|88809c|HVN179|0|2335|0|||3|3|0|1|1|132|146|["132,146,5,1845"]|14:01:11:695
62|1.1|636136522587846603|0|50476.6796875|19.09700455745|106.46930672027|603700|607779||50476.6796875|319.5||31700|319.5|50476.6796875|88809c|HVN179|0|2335|0|||3|3|0|1|1|132|146|["132,146,5,1845"]|14:01:16:680
62|1.1|636136522637771595|0|50481.6796875|19.08593777962|106.47564745289|604405|606568||50481.6796875|319.5||31731.25|319.5|50481.6796875|88809c|HVN179|0|2335|0|||3|3|0|1|1|132|146|["132,146,5,1845"]|14:01:21:680
62|1.1|636136522687696587|0|50486.65625|19.07692020641|106.48100649848|605000|605582||50486.65625|319.5||31725|319.5|50486.65625|88809c|HVN179|0|2335|0|||3|3|0|1|1|132|146|["132,146,5,1845"]|14:01:26:656
62|1.1|636136522737611578|0|50491.65625|19.06659371716|106.48697708681|605663|604452||50491.65625|319.5||31743.75|319.5|50491.65625|88809c|HVN179|0|2335|0|||3|3|0|1|1|132|146|["132,146,5,1845"]|14:01:31:656
62|1.1|636136522787556572|0|50496.65625|19.05901917024|106.49168703879|606184|603624||50496.65625|319.25||31700|319|50496.65625|88809c|HVN179|0|2335|0|||3|3|0|1|1|132|146|["132,146,5,1845"]|14:01:36:656
62|1.1|636136522837451561|0|50501.640625|19.04749105315|106.49820479694|606910|602362||50501.640625|319.5||31743.75|319.5|50501.640625|88809c|HVN179|0|2335|0|||3|3|0|1|1|132|146|["132,146,5,1845"]|14:01:41:641
62|1.1|636136522887376553|0|50506.640625|19.03615069041|106.5046206313|607623|601121||50506.640625|319.5||31768.75|319.5|50506.640625|88809c|HVN179|0|2335|0|||3|3|0|1|1|132|146|["132,146,5,1845"]|14:01:46:641
62|1.1|636136522937301545|0|50511.6171875|19.02812553305|106.50957198173|608172|600244||50511.6171875|319.5||31743.75|319.5|50511.6171875|88809c|HVN179|0|2335|0|||3|3|0|1|1|132|146|["132,146,5,1845"]|14:01:51:617
62|1.1|636136522987226537|0|50516.6171875|19.0187646376|106.51511341726|608787|599220||50516.6171875|319.5||31737.5|319.5|50516.6171875|88809c|HVN179|0|2335|0|||3|3|0|1|1|132|146|["132,146,5,1845"]|14:01:56:617
62|1.1|636136523037151529|0|50521.6171875|19.009323276|106.52066558161|609404|598187||50521.6171875|319.5||31737.5|319.5|50521.6171875|88809c|HVN179|0|2335|0|||3|3|0|1|1|132|146|["132,146,5,1845"]|14:02:01:617
62|1.1|636136523087086522|0|50526.6015625|19.00027351633|106.52603535602|610000|597197||50526.6015625|319.5||31725|319.5|50526.6015625|88809c|HVN179|0|2335|0|||3|3|0|1|1|132|146|["132,146,5,1845"]|14:02:06:602
62|1.1|636136523136991512|0|50531.6015625|18.9923717404|106.53090087589|610540|596334||50531.6015625|319.5||31700|319.5|50531.6015625|88809c|HVN179|0|2335|0|||3|3|0|1|1|132|146|["132,146,5,1845"]|14:02:11:602
62|1.1|636136523186906503|0|50536.578125|18.98317714166|106.53635648086|611145|595328||50536.578125|319.5||31700|319.5|50536.578125|88809c|HVN179|0|2335|0|||3|3|0|1|1|132|146|["132,146,5,1845"]|14:02:16:578
62|1.1|636136523236831495|0|50541.578125|18.97433122957|106.54162433148|611731|594361||50541.578125|319.5||31693.75|319.5|50541.578125|88809c|HVN179|0|2335|0|||3|3|0|1|1|132|146|["132,146,5,1845"]|14:02:21:578
62|1.1|636136523286756487|0|50546.578125|18.96560869891|106.54687072446|612313|593407||50546.578125|319.5||31681.25|319.5|50546.578125|88809c|HVN179|0|2335|0|||3|3|0|1|1|132|146|["132,146,5,1845"]|14:02:26:578
62|1.1|636136523336681479|0|50551.5625|18.95682715974|106.55213321067|612897|592447||50551.5625|319.5||31681.25|319.5|50551.5625|88809c|HVN179|0|2335|0|||3|3|0|1|1|132|146|["132,146,5,1845"]|14:02:31:563
62|1.1|636136523386596470|0|50556.5625|18.94704784031|106.55779266322|613527|591377||50556.5625|319.5||31700|319.5|50556.5625|88809c|HVN179|0|2335|0|||3|3|0|1|1|132|146|["132,146,5,1845"]|14:02:36:563
62|1.1|636136523436531463|0|50561.5390625|18.9362063677|106.56391881944|614209|590191||50561.5390625|319.5||31737.5|319.5|50561.5390625|88809c|HVN179|0|2335|0|||3|3|0|1|1|132|146|["132,146,5,1845"]|14:02:41:539
62|1.1|636136523486436453|0|50566.5390625|18.92748383704|106.5692081277|614796|589237||50566.5390625|319.5||31718.75|319.5|50566.5390625|88809c|HVN179|0|2335|0|||3|3|0|1|1|132|146|["132,146,5,1845"]|14:02:46:539
62|1.1|636136523536361445|0|50571.5390625|18.91985564602|106.57401463906|615329|588404||50571.5390625|319.5||31681.25|319.5|50571.5390625|88809c|HVN179|0|2335|0|||3|3|0|1|1|132|146|["132,146,5,1845"]|14:02:51:539
62|1.1|636136523586296438|0|50576.515625|18.91007632659|106.57969554925|615961|587334||50576.515625|319.5||31693.75|319.5|50576.515625|88809c|HVN179|0|2335|0|||3|3|0|1|1|132|146|["132,146,5,1845"]|14:02:56:516
62|1.1|636136523636211429|0|50581.515625|18.90022726983|106.58543546795|616599|586257||50581.515625|319.5||31706.25|319.5|50581.515625|88809c|HVN179|0|2335|0|||3|3|0|1|1|132|146|["132,146,5,1845"]|14:03:01:516
62|1.1|636136523686126420|0|50586.5|18.89104339991|106.59090180174|617206|585253||50586.5|319.5||31712.5|319.5|50586.5|88809c|HVN179|0|2335|0|||3|3|0|1|1|132|146|["132,146,5,1845"]|14:03:06:500
62|1.1|636136523736041411|0|50591.5|18.88236378453|106.59615892354|617790|584304||50591.5|319.5||31687.5|319.5|50591.5|88809c|HVN179|0|2335|0|||3|3|0|1|1|132|146|["132,146,5,1845"]|14:03:11:500
62|1.1|636136523785966403|0|50596.5|18.87248790572|106.60195785075|618435|583224||50596.5|319.75||31712.5|319.75|50596.5|88809c|HVN179|0|2335|0|||3|3|0|1|1|132|146|["132,146,5,1845","132,178,4"]|14:03:16:500
62|1.1|636136523835891395|0|50601.4765625|18.86360444276|106.60728470988|619027|582253||50601.4765625|319.75||31718.75|319.75|50601.4765625|88809c|HVN179|0|2335|0|||3|3|0|1|1|132|146|["132,146,5,1845","132,178,4"]|14:03:21:477
62|1.1|636136523885816387|0|50606.4765625|18.85471561539|106.61257938255|619616|581281||50606.4765625|319.75||31768.75|319.75|50606.4765625|88809c|HVN179|0|2335|0|||3|3|0|1|1|132|146|["132,178,5,1934","132,146,5,1845"]|14:03:26:477
62|1.1|636136523935741379|0|50611.4609375|18.84628276287|106.61758974149|620173|580359||50611.4609375|319.75||31768.75|319.75|50611.4609375|88809c|HVN179|0|2335|0|||3|3|0|1|1|132|146|["132,178,5,1934","132,146,5,1845"]|14:03:31:461
62|1.1|636136523985656370|0|50616.4609375|18.8370184268|106.62309899056|620785|579346||50616.4609375|319.75||31781.25|319.75|50616.4609375|88809c|HVN179|0|2335|0|||3|3|0|1|1|132|146|["132,178,5,1934","132,146,5,1845"]|14:03:36:461
62|1.1|636136524035571361|0|50621.4609375|18.82790965862|106.62847949379|621384|578350||50621.4609375|319.75||31787.5|319.75|50621.4609375|88809c|HVN179|0|2335|0|||3|3|0|1|1|132|146|["132,178,5,1934","132,146,5,1845"]|14:03:41:461
62|1.1|636136524085496353|0|50626.4375|18.81781920341|106.63441253125|622044|577247||50626.4375|319.75||31806.25|319.75|50626.4375|88809c|HVN179|0|2335|0|||3|3|0|1|1|132|146|["132,178,5,1934","132,146,5,1845"]|14:03:46:438
62|1.1|636136524135421345|0|50631.4375|18.80841002827|106.63998615324|622664|576218||50631.4375|319.75||31800|319.75|50631.4375|88809c|HVN179|0|2335|0|||3|3|0|1|1|132|146|["132,178,5,1934","132,146,5,1845"]|14:03:51:438
62|1.1|636136524185346337|0|50636.421875|18.79937099742|106.64538811411|623265|575230||50636.421875|320||31793.75|319.75|50636.421875|88809c|HVN179|0|2335|0|||3|3|0|1|1|132|146|["132,178,5,1934","132,146,5,1845"]|14:03:56:422
62|1.1|636136524235261328|0|50641.421875|18.78969360178|106.65104756666|623894|574172||50641.421875|319.75||31806.25|319.75|50641.421875|88809c|HVN179|0|2335|0|||3|3|0|1|1|132|146|["132,178,5,1934","132,146,5,1845"]|14:04:01:422
62|1.1|636136524285186320|0|50646.421875|18.7797801721|106.65692159561|624548|573088||50646.421875|320||31818.75|320|50646.421875|88809c|HVN179|0|2335|0|||3|3|0|1|1|132|146|["132,178,5,1934","132,146,5,1845"]|14:04:06:422
62|1.1|636136524335111312|0|50651.3984375|18.77057484454|106.66231819207|625149|572082||50651.3984375|320||31818.75|320|50651.3984375|88809c|HVN179|0|2335|0|||3|3|0|1|1|132|146|["132,178,5,1934","132,146,5,1845"]|14:04:11:398
62|1.1|636136524385026303|0|50656.3984375|18.76144998313|106.66775770381|625754|571084||50656.3984375|320||31812.5|320|50656.3984375|88809c|HVN179|0|2335|0|||3|3|0|1|1|132|146|["132,178,5,1934","132,146,5,1845"]|14:04:16:398
62|1.1|636136524434951295|0|50661.375|18.75137025674|106.67357808866|626403|569982||50661.375|320||31818.75|320|50661.375|88809c|HVN179|0|2335|0|||3|3|0|1|1|132|146|["132,178,5,1934","132,146,5,1845"]|14:04:21:375
62|1.1|636136524484866286|0|50666.375|18.74155338644|106.67928045649|627038|568908||50666.375|320||31812.5|320|50666.375|88809c|HVN179|0|2335|0|||3|3|0|1|1|132|146|["132,178,5,1934","132,146,5,1845"]|14:04:26:375
62|1.1|636136524534791278|0|50671.375|18.73199937223|106.68495600227|627670|567864||50671.375|320||31812.5|320|50671.375|88809c|HVN179|0|2335|0|||3|3|0|1|1|132|146|["132,178,5,1934","132,146,5,1845"]|14:04:31:375
62|1.1|636136524584716270|0|50676.359375|18.72440873208|106.68964986102|628191|567035||50676.359375|320||31812.5|320|50676.359375|88809c|HVN179|0|2335|0|||3|3|0|1|1|132|146|["132,178,5,1934","132,146,5,1845","132,162,5"]|14:04:36:359
62|1.1|636136524634661264|0|50681.359375|18.7152463198|106.69504645748|628792|566033||50681.359375|320||31812.5|320|50681.359375|88809c|HVN179|0|2335|0|||3|3|0|1|1|132|146|["132,178,5,1934","132,146,5,1845","132,162,5"]|14:04:41:359
62|1.1|636136524684566254|0|50686.3359375|18.70642722976|106.7003143081|629378|565069||50686.3359375|320.25||31806.25|320|50686.3359375|88809c|HVN179|0|2335|0|||3|3|0|1|1|132|146|["132,178,5,1934","132,146,5,1845","132,162,5"]|14:04:46:336
62|1.1|636136524734481245|0|50691.3359375|18.69724872425|106.70564653164|629972|564065||50691.3359375|320.25||31843.75|320|50691.3359375|88809c|HVN179|0|2335|0|||3|3|0|1|1|132|146|["132,178,5,1934","132,146,5,1845","132,162,5"]|14:04:51:336
62|1.1|636136524784396236|0|50696.3359375|18.68861202415|106.71061933971|630527|563121||50696.3359375|320.25||31862.5|320|50696.3359375|88809c|HVN179|0|2335|0|||3|3|0|1|1|132|146|["132,178,5,1934","132,146,5,1845","132,162,5"]|14:04:56:336
62|1.1|636136524834321228|0|50701.3203125|18.67912774727|106.71611249555|631139|562084||50701.3203125|320.25||31881.25|320|50701.3203125|88809c|HVN179|0|2335|0|||3|3|0|1|1|132|146|["132,178,5,1934","132,146,5,1845","132,162,5"]|14:05:01:320
62|1.1|636136524884236219|0|50706.3203125|18.66989559766|106.72151445642|631741|561075||50706.3203125|320.25||31893.75|320|50706.3203125|88809c|HVN179|0|2335|0|||3|3|0|1|1|132|146|["132,178,5,1934","132,146,5,1845","132,162,5"]|14:05:06:320
62|1.1|636136524934161211|0|50711.296875|18.66076000743|106.72691105288|632342|560076||50711.296875|320.25||31893.75|320|50711.296875|88809c|HVN179|0|2335|0|||3|3|0|1|1|132|146|["132,178,5,1934","132,146,5,1845","132,162,5"]|14:05:11:297
62|1.1|636136524984106205|0|50716.296875|18.65094313713|106.73281190388|632999|559003||50716.296875|320.25||31881.25|320|50716.296875|88809c|HVN179|0|2335|0|||3|3|0|1|1|132|146|["132,178,5,1934","132,146,5,1845","132,162,5"]|14:05:16:297
62|1.1|636136525034011195|0|50721.296875|18.6414320382|106.73854109376|633637|557964||50721.296875|320.25||31856.25|320|50721.296875|88809c|HVN179|0|2335|0|||3|3|0|1|1|132|146|["132,178,5,1934","132,146,5,1845","132,162,5"]|14:05:21:297
62|1.1|636136525083926186|0|50726.28125|18.63226426151|106.74391623258|634236|556962||50726.28125|320.25||31862.5|320|50726.28125|88809c|HVN179|0|2335|0|||3|3|0|1|1|132|178|["132,178,5,1934","132,146,5,1845","132,162,5"]|14:05:26:281
62|1.1|636136525133851178|0|50731.28125|18.62301601867|106.7493450155|634841|555951||50731.28125|320.25||31868.75|320|50731.28125|88809c|HVN179|0|2335|0|||3|3|0|1|1|132|178|["132,178,5,1934","132,146,5,1845","132,162,5"]|14:05:31:281
62|1.1|636136525183766169|0|50736.2578125|18.61394480136|106.7546557814|635433|554959||50736.2578125|320.25||31868.75|320|50736.2578125|88809c|HVN179|0|2335|0|||3|3|0|1|1|132|178|["132,178,5,1934","132,146,5,1845"]|14:05:36:258
62|1.1|636136525233691161|0|50741.2578125|18.6047931179|106.76003628463|636033|553959||50741.2578125|320||31862.5|320|50741.2578125|88809c|HVN179|0|2335|0|||3|3|0|1|1|132|178|["132,178,5,1934","132,146,5,1845"]|14:05:41:258
62|1.1|636136525283616153|0|50746.2578125|18.59566289208|106.76538996581|636630|552961||50746.2578125|320||31856.25|320|50746.2578125|88809c|HVN179|0|2335|0|||3|3|0|1|1|132|178|["132,178,5,1934","132,146,5,1845"]|14:05:46:258
62|1.1|636136525333531144|0|50751.2421875|18.58648975098|106.77079729109|637233|551958||50751.2421875|320||31850|320|50751.2421875|88809c|HVN179|0|2335|0|||3|3|0|1|1|132|178|["132,178,5,1934","132,146,5,1845"]|14:05:51:242
62|1.1|636136525383456136|0|50756.2421875|18.57756337274|106.77574327711|637786|550981||50756.2421875|320||31887.5|320|50756.2421875|88809c|HVN179|0|2335|0|||3|3|0|1|1|132|162|["132,178,5,1934","132,146,5,1845","132,162,5"]|14:05:56:242
62|1.1|636136525433381128|0|50761.21875|18.56876574034|106.78057124611|638326|550019||50761.21875|320||31912.5|320|50761.21875|88809c|HVN179|0|2335|0|||3|3|0|1|1|132|162|["132,178,5,1934","132,162,5"]|14:06:01:219
62|1.1|636136525483306120|0|50766.21875|18.56047772689|106.78465892653|638786|549111||50766.21875|320||31925|320|50766.21875|88809c|HVN179|0|2335|0|||3|3|0|1|1|132|162|["132,178,5,1934","132,162,5"]|14:06:06:219
62|1.1|636136525533221111|0|50771.21875|18.55186784884|106.78912748006|639288|548168||50771.21875|320||31943.75|320|50771.21875|88809c|HVN179|0|2335|0|||3|3|0|1|1|132|162|["132,178,5,1934","132,162,5"]|14:06:11:219
62|1.1|636136525583146103|0|50776.1953125|18.5433169793|106.79360676241|639790|547231||50776.1953125|320||31937.5|320|50776.1953125|88809c|HVN179|0|2335|0|||3|3|0|1|1|132|162|["132,178,5,1934","132,162,5"]|14:06:16:195
62|1.1|636136525633071095|0|50781.1953125|18.53477683858|106.79804312948|640289|546296||50781.1953125|320||31937.5|320|50781.1953125|88809c|HVN179|0|2335|0|||3|3|0|1|1|132|162|["132,178,5,1934","132,162,5"]|14:06:21:195
62|1.1|636136525682986086|0|50786.1796875|18.52660684215|106.80200742847|640735|545401||50786.1796875|320||31931.25|320|50786.1796875|88809c|HVN179|0|2335|0|||3|3|0|1|1|132|162|["132,178,5,1934","132,162,5"]|14:06:26:180
62|1.1|636136525732911078|0|50791.1796875|18.51790576913|106.80680321101|641272|544449||50791.1796875|320||31925|320|50791.1796875|88809c|HVN179|0|2335|0|||3|3|0|1|1|132|162|["132,178,5,1934","132,162,5"]|14:06:31:180
62|1.1|636136525782826069|0|50796.1796875|18.50886137387|106.81188867169|641841|543460||50796.1796875|320||31962.5|320|50796.1796875|88809c|HVN179|0|2335|0|||3|3|0|1|1|132|146|["132,178,5,1934","132,146,4,1845","132,162,5"]|14:06:36:180
62|1.1|636136525832751061|0|50801.15625|18.4992751732|106.81857809096|642581|542415||50801.15625|320||31925|320|50801.15625|88809c|HVN179|0|2335|0|||3|3|0|1|1|132|146|["132,178,5,1934","132,146,5,1865","132,162,5"]|14:06:41:156
62|1.1|636136525882676053|0|50806.15625|18.48975870986|106.8251977729|643314|541378||50806.15625|320||31925|320|50806.15625|88809c|HVN179|0|2335|0|||3|3|0|1|1|132|146|["132,178,5,1934","132,146,4,1865","132,162,5"]|14:06:46:156
62|1.1|636136525932591044|0|50811.140625|18.4805533823|106.83032614886|643888|540371||50811.140625|320||31931.25|320|50811.140625|88809c|HVN179|0|2335|0|||3|3|0|1|1|132|162|["132,178,5,1934","132,146,4,1865","132,162,5"]|14:06:51:141
62|1.1|636136525982516036|0|50816.140625|18.47128368182|106.83533114339|644449|539357||50816.140625|320||31950|320|50816.140625|88809c|HVN179|0|2335|0|||3|3|0|1|1|132|163|["132,178,5,1934","132,146,4,1865","132,162,5"]|14:06:56:141
62|1.1|636136526032441028|0|50821.140625|18.4619925237|106.84028249382|645005|538340||50821.140625|320||31962.5|320|50821.140625|88809c|HVN179|0|2335|0|||3|3|0|1|1|132|163|["132,178,5,1934","132,146,4,1865","132,162,5"]|14:07:01:141
62|1.1|636136526082356019|0|50826.1171875|18.45158020389|106.84637646358|645685|537202||50826.1171875|320||31750|320|50826.1171875|88809c|HVN179|0|2335|0|||3|3|0|1|1|132|162|["132,178,4,1934","132,146,4,1865","132,162,5"]|14:07:06:117
62|1.1|636136526132281011|0|50831.1171875|18.43934398468|106.85623088475|646770|535873||50831.1171875|320||31737.5|320|50831.1171875|88809c|HVN179|0|2335|0|||3|3|0|1|1|132|146|["132,178,4,1934","132,146,4,1865","132,162,5"]|14:07:11:117
62|1.1|636136526182206003|0|50836.1015625|18.42959685171|106.86128415897|647338|534806||50836.1015625|320||31693.75|320|50836.1015625|88809c|HVN179|0|2335|0|||3|3|0|1|1|132|162|["132,178,5,1948","132,146,4,1865","132,162,5"]|14:07:16:102
62|1.1|636136526232130995|0|50841.1015625|18.42029496477|106.86662711133|647935|533789||50841.1015625|320||31706.25|320|50841.1015625|88809c|HVN179|0|2335|0|||3|3|0|1|1|132|162|["132,178,5,1948","132,146,4,1865","132,162,5"]|14:07:21:102
62|1.1|636136526282065988|0|50846.1015625|18.41039226391|106.87144971592|648479|532704||50846.1015625|320||31668.75|320|50846.1015625|88809c|HVN179|0|2335|0|||3|3|0|1|1|132|162|["132,178,5,1948","132,146,4,1865","132,162,5"]|14:07:26:102
62|1.1|636136526331970978|0|50851.078125|18.40084361411|106.87647080368|649043|531659||50851.078125|320||31687.5|320|50851.078125|88809c|HVN179|0|2335|0|||3|3|0|1|1|132|162|["132,178,5,1948","132,146,4,1865","132,162,5"]|14:07:31:078
62|1.1|636136526381885969|0|50856.078125|18.39141298133|106.88274179897|649739|530630||50856.078125|320||31562.5|320|50856.078125|88809c|HVN179|0|2335|0|||3|3|0|1|1|132|146|["132,178,5,1948","132,146,4,1865","132,162,5"]|14:07:36:078
62|1.1|636136526431810961|0|50861.0625|18.38164975513|106.88855681941|650389|529564||50861.0625|320||31525|320|50861.0625|88809c|HVN179|0|2335|0|||3|3|0|1|1|132|146|["132,178,5,1948","132,146,4,1865","132,162,5"]|14:07:41:063
62|1.1|636136526481725952|0|50866.0625|18.37221912235|106.89377639034|650973|528532||50866.0625|320||31550|320|50866.0625|88809c|HVN179|0|2335|0|||3|3|0|1|1|132|162|["132,178,5,1948","132,146,4,1865","132,162,5"]|14:07:46:063
62|1.1|636136526531660945|0|50871.0625|18.36298160833|106.89980062277|651643|527525||50871.0625|320||31531.25|320|50871.0625|88809c|HVN179|0|2335|0|||3|3|0|1|1|132|146|["132,178,5,1948","132,146,4,1865","132,162,5"]|14:07:51:063
62|1.1|636136526581575936|0|50876.0390625|18.35494035774|106.90652759291|652383|526652||50876.0390625|320||32000|320|50876.0390625|88809c|HVN179|0|2335|0|||3|3|0|1|1|132|147|["132,178,4,1948","132,146,4,1865","132,162,5"]|14:07:56:039
62|1.1|636136526631500928|0|50881.0390625|18.34577258105|106.9120475708|652999|525651||50881.0390625|320||32006.25|320|50881.0390625|88809c|HVN179|0|2335|0|||3|3|0|1|1|132|147|["132,178,4,1948","132,146,4,1865","132,162,5"]|14:08:01:039
62|1.1|636136526681425920|0|50886.015625|18.33789762717|106.91679507365|653529|524791||50886.015625|320||32025|320|50886.015625|88809c|HVN179|0|2335|0|||3|3|0|1|1|132|162|["132,178,5,1956","132,146,4,1865","132,162,5"]|14:08:06:016
62|1.1|636136526731350912|0|50891.015625|18.32967935105|106.92177324613|654084|523894||50891.015625|320||32012.5|320|50891.015625|88809c|HVN179|0|2335|0|||3|3|0|1|1|132|162|["132,178,5,1956","132,146,4,1865","132,162,5"]|14:08:11:016
62|1.1|636136526781265903|0|50896.015625|18.3207476084|106.92718593582|654688|522918||50896.015625|320||32018.75|320|50896.015625|88809c|HVN179|0|2335|0|||3|3|0|1|1|132|178|["132,178,5,1956","132,146,4,1865","132,162,5"]|14:08:16:016
62|1.1|636136526831190895|0|50901|18.31190706072|106.93251815936|655283|521953||50901|320||32031.25|320|50901|88809c|HVN179|0|2335|0|||3|3|0|1|1|132|178|["132,178,5,1956","132,146,4,1865","132,162,5"]|14:08:21:000
62|1.1|636136526881105886|0|50906|18.29913976492|106.93950262118|656067|520556||50906|320||32006.25|320|50906|88809c|HVN179|0|2335|0|||3|3|0|1|1|132|147|["132,178,5,1956","132,146,4,1865","132,162,5"]|14:08:26:000
62|1.1|636136526931030878|0|50910.9765625|18.29152230272|106.94396044589|656565|519724||50910.9765625|320||32006.25|320|50910.9765625|88809c|HVN179|0|2335|0|||3|3|0|1|1|132|178|["132,178,5,1956","132,162,5"]|14:08:30:977
62|1.1|636136526980945869|0|50915.9765625|18.28198438174|106.94960916962|657196|518682||50915.9765625|320||32000|320|50915.9765625|88809c|HVN179|0|2335|0|||3|3|0|1|1|132|146|["132,178,5,1956","132,146,4,1865","132,162,5"]|14:08:35:977
62|1.1|636136527030870861|0|50920.9765625|18.2718778333|106.95554757149|657860|517578||50920.9765625|320||32000|320|50920.9765625|88809c|HVN179|0|2335|0|||3|3|0|1|1|132|147|["132,178,5,1956","132,146,4,1865","132,162,5"]|14:08:40:977
62|1.1|636136527080795853|0|50925.9609375|18.26218434443|106.9612928546|658502|516519||50925.9609375|320||32000|320|50925.9609375|88809c|HVN179|0|2335|0|||3|3|0|1|1|132|147|["132,178,5,1956","132,146,5,1871","132,162,5"]|14:08:45:961
62|1.1|636136527130720845|0|50930.9609375|18.25256059289|106.96698985802|659139|515468||50930.9609375|320||31993.75|320|50930.9609375|88809c|HVN179|0|2335|0|||3|3|0|1|1|132|146|["132,178,5,1956","132,146,5,1871","132,162,5"]|14:08:50:961
62|1.1|636136527180635836|0|50935.9375|18.24311923129|106.97269222585|659776|514437||50935.9375|320||31981.25|320|50935.9375|88809c|HVN179|0|2335|0|||3|3|0|1|1|132|146|["132,178,5,1956","132,146,5,1871","132,162,5"]|14:08:55:938
62|1.1|636136527230560828|0|50940.9375|18.2334150136|106.97784205945|660355|513375||50940.9375|320||31881.25|320|50940.9375|88809c|HVN179|0|2335|0|||3|3|0|1|1|132|146|["132,178,5,1956","132,146,5,1871","132,162,5"]|14:09:00:938
62|1.1|636136527280475819|0|50945.9375|18.22426869455|106.98358734256|660995|512377||50945.9375|320||31800|320|50945.9375|88809c|HVN179|0|2335|0|||3|3|0|1|1|132|146|["132,178,5,1956","132,146,5,1871","132,162,5"]|14:09:05:938
62|1.1|636136527330400811|0|50950.921875|18.21646884241|106.98808271814|661498|511525||50950.921875|319.75||31968.75|319.75|50950.921875|88809c|HVN179|0|2335|0|||3|3|0|1|1|132|147|["132,178,5,1956","132,146,5,1871","132,162,5"]|14:09:10:922
62|1.1|636136527380325803|0|50955.921875|18.20754782858|106.99333447553|662086|510550||50955.921875|319.75||31968.75|319.75|50955.921875|88809c|HVN179|0|2335|0|||3|3|0|1|1|132|147|["132,178,5,1956","132,146,5,1871","132,162,5"]|14:09:15:922
62|1.1|636136527430250795|0|50960.8984375|18.19833713661|106.9987364364|662690|509544||50960.8984375|319.75||31968.75|319.75|50960.8984375|88809c|HVN179|0|2335|0|||3|3|0|1|1|132|146|["132,178,5,1956","132,146,5,1871","132,162,5"]|14:09:20:898
62|1.1|636136527480165786|0|50965.8984375|18.18908352936|107.00420277019|663301|508533||50965.8984375|319.75||31956.25|319.75|50965.8984375|88809c|HVN179|0|2335|0|||3|3|0|1|1|132|146|["132,178,5,1956","132,146,5,1871","132,162,5"]|14:09:25:898
62|1.1|636136527530090778|0|50970.8984375|18.17992648149|107.00979248541|663926|507534||50970.8984375|319.75||31912.5|319.75|50970.8984375|88809c|HVN179|0|2335|0|||3|3|0|1|1|132|146|["132,178,5,1956","132,146,5,1871","132,162,5"]|14:09:30:898
62|1.1|636136527580015770|0|50975.875|18.17138634077|107.01475456466|664481|506600||50975.875|319.75||31962.5|319.75|50975.875|88809c|HVN179|0|2335|0|||3|3|0|1|1|132|146|["132,178,5,1956","132,146,5,1871","132,162,5"]|14:09:35:875
62|1.1|636136527629930761|0|50980.875|18.16230439464|107.02021016963|665091|505609||50980.875|319.75||31943.75|319.75|50980.875|88809c|HVN179|0|2335|0|||3|3|0|1|1|132|146|["132,178,5,1956","132,146,5,1871","132,162,5"]|14:09:40:875
62|1.1|636136527679855753|0|50985.859375|18.15307760944|107.02572478311|665707|504601||50985.859375|319.75||31906.25|319.75|50985.859375|88809c|HVN179|0|2335|0|||3|3|0|1|1|132|146|["132,178,5,1956","132,146,5,1871","132,162,5"]|14:09:45:859
62|1.1|636136527729780745|0|50990.859375|18.14390446834|107.03117502367|666317|503600||50990.859375|319.75||31850|319.75|50990.859375|88809c|HVN179|0|2335|0|||3|3|0|1|1|132|146|["132,178,5,1956","132,146,5,1871","132,162,5"]|14:09:50:859
62|1.1|636136527779715738|0|50995.859375|18.13479570016|107.03667890833|666932|502605||50995.859375|319.75||31800|319.75|50995.859375|88809c|HVN179|0|2335|0|||3|3|0|1|1|132|146|["132,178,5,1956","132,146,5,1871","132,162,5"]|14:09:55:859
62|1.1|636136527829620728|0|51000.8359375|18.12564938111|107.04173218255|667500|501605||51000.8359375|319.75||31800|319.75|51000.8359375|88809c|HVN179|0|2335|0|||3|3|0|1|1|132|162|["132,178,5,1956","132,146,5,1871","132,162,5"]|14:10:00:836
62|1.1|636136527879545720|0|51005.8359375|18.11422855222|107.04817483896|668222|500357||51005.8359375|319.75||31731.25|319.75|51005.8359375|88809c|HVN179|0|2335|0|||3|3|0|1|1|132|147|["132,178,5,1956","132,146,5,1871","132,162,5"]|14:10:05:836
62|1.1|636136527929470712|0|51010.8203125|18.10489447882|107.05354997778|668825|499337||51010.8203125|319.75||31700|319.75|51010.8203125|88809c|HVN179|0|2335|0|||3|3|0|1|1|132|147|["132,178,5,1956","132,146,5,1871","132,162,5"]|14:10:10:820
62|1.1|636136527979385703|0|51015.8203125|18.09539947312|107.05954738816|669494|498301||51015.8203125|319.75||31643.75|319.75|51015.8203125|88809c|HVN179|0|2335|0|||3|3|0|1|1|132|146|["132,178,5,1956","132,146,4,1871","132,162,5"]|14:10:15:820
62|1.1|636136528029300694|0|51020.8203125|18.08584545891|107.06434853511|670036|497255||51020.8203125|319.75||31656.25|319.75|51020.8203125|88809c|HVN179|0|2335|0|||3|3|0|1|1|132|146|["132,178,5,1956","132,146,4,1871","132,162,5"]|14:10:20:820
62|1.1|636136528079225686|0|51025.796875|18.07665086017|107.06952519076|670617|496250||51025.796875|319.75||31706.25|319.75|51025.796875|88809c|HVN179|0|2335|0|||3|3|0|1|1|132|146|["132,178,5,1956","132,146,4,1871","132,162,5"]|14:10:25:797
62|1.1|636136528129150678|0|51030.796875|18.06735970205|107.0748037702|671209|495235||51030.796875|319.75||31662.5|319.75|51030.796875|88809c|HVN179|0|2335|0|||3|3|0|1|1|132|146|["132,178,5,1956","132,146,4,1871","132,162,5"]|14:10:30:797
62|1.1|636136528179065669|0|51035.78125|18.05841723058|107.07974439181|671764|494257||51035.78125|319.75||31731.25|319.75|51035.78125|88809c|HVN179|0|2335|0|||3|3|0|1|1|132|162|["132,178,5,1956","132,146,4,1871","132,162,5"]|14:10:35:781
62|1.1|636136528228990661|0|51040.78125|18.04923872507|107.08484594572|672337|493254||51040.78125|319.75||31712.5|319.75|51040.78125|88809c|HVN179|0|2335|0|||3|3|0|1|1|132|162|["132,178,5,1956","132,146,4,1871","132,162,5"]|14:10:40:781
62|1.1|636136528278915653|0|51045.78125|18.04054301646|107.08990994876|672905|492304||51045.78125|319.75||31737.5|319.75|51045.78125|88809c|HVN179|0|2335|0|||3|3|0|1|1|132|162|["132,178,5,1956","132,146,4,1871","132,162,5"]|14:10:45:781
62|1.1|636136528328840645|0|51050.7578125|18.03062958678|107.09634724076|673622|491223||51050.7578125|319.75||31931.25|319.75|51050.7578125|88809c|HVN179|0|2335|0|||3|3|0|1|1|132|163|["132,178,5,1956","132,146,4,1871","132,162,5"]|14:10:50:758
62|1.1|636136528378755636|0|51055.7578125|18.02321597216|107.10083188752|674124|490414||51055.7578125|319.75||31956.25|319.75|51055.7578125|88809c|HVN179|0|2335|0|||3|3|0|1|1|132|163|["132,178,5,1956","132,146,4,1871","132,162,5"]|14:10:55:758
62|1.1|636136528428680628|0|51060.7421875|18.01441833976|107.10584224646|674686|489453||51060.7421875|319.75||31956.25|319.75|51060.7421875|88809c|HVN179|0|2335|0|||3|3|0|1|1|132|163|["132,178,5,1956","132,146,4,1871","132,162,5"]|14:11:00:742
62|1.1|636136528478605620|0|51065.7421875|18.00437079983|107.11201668237|675376|488356||51065.7421875|319.75||31962.5|319.75|51065.7421875|88809c|HVN179|0|2335|0|||3|3|0|1|1|132|147|["132,178,5,1956","132,146,4,1871","132,162,5"]|14:11:05:742
