62|1.1|636136524659583756|0|50683.515625|12.73433686496|107.703405334|756097|-94766||50683.515625|335.5||33381.25|335.5|50683.515625|88803b|PIC524|0|2810|1356.25|||3|3|1|1|1|132|162|["132,162,5"]|14:04:43:516
62|1.1|636136524675195317|0|50685.421875|12.7392935798|107.7051755893|756275|-94210||50685.421875|335.5||33425|336.25|50685.421875|88803b|PIC524|0|2810|1356.25|||3|3|1|1|1|132|162|["132,162,5"]|14:04:45:422
62|1.1|636136524725110308|0|50690.3984375|12.74896561103|107.70662934441|756403|-93132||50690.3984375|336.25||33506.25|336.75|50690.3984375|88803b|PIC524|0|2810|1218.75|||3|3|1|1|1|132|162|["132,162,5"]|14:04:50:398
62|1.1|636136524775035300|0|50695.3984375|12.75626120863|107.70580858968|756291|-92325||50695.3984375|337||33606.25|337.5|50695.3984375|88803b|PIC524|0|2810|1100|||3|3|1|1|1|132|162|["132,162,5"]|14:04:55:398
62|1.1|636136524824960292|0|50700.375|12.76693102012|107.70842642176|756543|-91133||50700.375|337.75||33687.5|338.25|50700.375|88803b|PIC524|0|2810|1006.25|||3|3|1|1|1|132|162|["132,162,5"]|14:05:00:375
62|1.1|636136524874875283|0|50705.375|12.77840549311|107.71155387279|756849|-89850||50705.375|337.75||33806.25|339.25|50705.375|88803b|PIC524|0|2810|1006.25|||3|3|1|1|1|132|162|["132,162,5"]|14:05:05:375
62|1.1|636136524924800275|0|50710.375|12.78969221175|107.71463304413|757149|-88588||50710.375|337.75||33918.75|339.75|50710.375|88803b|PIC524|0|2810|1006.25|||3|3|1|1|1|132|162|[]|14:05:10:375
62|1.1|636136524974725267|0|50715.359375|12.8008770066|107.71768539342|757447|-87338||50715.359375|337.75||34031.25|340.5|50715.359375|88803b|PIC524|0|2810|1006.25|||3|3|1|1|1|132|162|[]|14:05:15:359
62|1.1|636136525024660260|0|50720.359375|12.81210471673|107.72075383594|757746|-86082||50720.359375|337.75||34143.75|341.5|50720.359375|88803b|PIC524|0|2810|1006.25|||3|3|1|1|1|132|162|[]|14:05:20:359
62|1.1|636136525252413033|0|50734.578125|12.8267871069|107.71395712847|756961|-84473||50734.578125|342.75||34150|341.75|50734.578125|88803b|PIC524|0|2906|687.5|||3|3|3|1|1|132|163|[]|14:05:34:578
62|1.1|636136525274265218|0|50745.3203125|12.85328192789|107.72188036204|757746|-81509||50745.3203125|342.75||13481.25|342.75|50745.3203125|88803b|PIC524|0|2906|687.5|||3|3|3|1|1|132|162|["132,162,5"]|14:05:45:320
62|1.1|636136525324180209|0|50750.296875|12.86719184302|107.72725013645|758282|-79949||50750.296875|343.5||34237.5|343.5|50750.296875|88803b|PIC524|0|2906|706.25|||3|3|1|1|1|132|162|["132,162,5"]|14:05:50:297
62|1.1|636136525374105201|0|50755.296875|12.87997523205|107.7315684865|758713|-78517||50755.296875|344.25||34287.5|344.25|50755.296875|88803b|PIC524|0|2906|806.25|||3|3|1|1|1|132|163|["132,162,5"]|14:05:55:297
62|1.1|636136525424020192|0|50760.296875|12.89117612013|107.7343579797|758982|-77265||50760.296875|345.25||34337.5|345.25|50760.296875|88803b|PIC524|0|2906|925|||3|3|1|1|1|132|162|["132,162,5"]|14:06:00:297
62|1.1|636136525473945184|0|50765.28125|12.90289199157|107.73771610036|759310|-75955||50765.28125|346.25||34418.75|346.5|50765.28125|88803b|PIC524|0|2906|1100|||3|3|1|1|1|132|162|["132,162,5"]|14:06:05:281
62|1.1|636136525523870176|0|50770.28125|12.91387293884|107.74041439859|759570|-74728||50770.28125|347.5||34518.75|347.5|50770.28125|88803b|PIC524|0|2906|1218.75|||3|3|1|1|1|132|163|["132,162,5"]|14:06:10:281
62|1.1|636136525573785167|0|50775.2578125|12.92555125941|107.74377251925|759899|-73421||50775.2578125|348.5||34625|348.5|50775.2578125|88803b|PIC524|0|2906|1237.5|||3|3|1|1|1|132|162|["132,162,5"]|14:06:15:258
62|1.1|636136525623710159|0|50780.2578125|12.93765873278|107.74743104687|760260|-72067||50780.2578125|349.25||34725|349.5|50780.2578125|88803b|PIC524|0|2906|1218.75|||3|3|1|1|1|132|162|["132,162,5"]|14:06:20:258
62|1.1|636136525673625150|0|50785.2578125|12.93770701247|107.73984040672|759433|-72085||50785.2578125|349.5||35012.5|349.75|50785.2578125|88803b|PIC524|0|2906|0|||3|3|0|1|1|132|162|["132,162,5"]|14:06:25:258
62|1.1|636136525723550142|0|50790.2421875|12.94851093421|107.74175550109|759608|-70880||50790.2421875|349.5||35150|349.75|50790.2421875|88803b|PIC524|0|2906|0|||3|3|0|1|1|132|162|["132,162,5"]|14:06:30:242
62|1.1|636136525773475134|0|50795.2421875|12.95855847414|107.74431432466|759855|-69757||50795.2421875|350||35056.25|350.25|50795.2421875|88803b|PIC524|0|2906|0|||3|3|0|1|1|132|162|["132,162,5"]|14:06:35:242
62|1.1|636136525823400126|0|50800.21875|12.96881522606|107.74645472425|760056|-68612||50800.21875|350||35093.75|350.25|50800.21875|88803b|PIC524|0|2906|0|||3|3|0|1|1|132|162|["132,162,5"]|14:06:40:219
62|1.1|636136525873325118|0|50805.21875|12.97920608823|107.7485736662|760254|-67452||50805.21875|350||35137.5|350.25|50805.21875|88803b|PIC524|0|2906|0|||3|3|0|1|1|132|162|["132,162,5"]|14:06:45:219
62|1.1|636136525923240109|0|50810.21875|12.98950039102|107.7506657861|760449|-66303||50810.21875|350||35181.25|350.25|50810.21875|88803b|PIC524|0|2906|0|||3|3|0|1|1|132|162|[]|14:06:50:219
62|1.1|636136525973155100|0|50815.1953125|12.9997356853|107.75274181277|760643|-65161||50815.1953125|350||35225|350.5|50815.1953125|88803b|PIC524|0|2906|0|||3|3|0|1|1|132|162|[]|14:06:55:195
62|1.1|636136526023080092|0|50820.1953125|13.00999780163|107.75482856826|760838|-64016||50820.1953125|350||35268.75|350.5|50820.1953125|88803b|PIC524|0|2906|0|||3|3|0|1|1|132|162|[]|14:07:00:195
62|1.1|636136526643982176|0|50869.015625|13.13554645327|107.79732005987|765065|-49950||50869.015625|350||34843.75|350|50869.015625|88803b|PIC524|0|2573|0|||3|3|3|1|1|132|163|[]|14:07:49:016
62|1.1|636136526672064984|0|50885.1015625|13.16616114114|107.80252353757|765534|-46536||50885.1015625|350||34837.5|350|50885.1015625|88803b|PIC524|0|2573|0|||3|3|0|1|1|132|162|["132,162,5"]|14:08:05:102
62|1.1|636136526721989976|0|50890.078125|13.15538940586|107.7885921648|764053|-47775||50890.078125|350||35068.75|350.25|50890.078125|88803b|PIC524|0|2573|0|||3|3|0|1|1|132|162|["132,162,5"]|14:08:10:078
62|1.1|636136526771904967|0|50895.078125|13.17174012754|107.79533522817|764734|-45939||50895.078125|350||35093.75|350.25|50895.078125|88803b|PIC524|0|2573|0|||3|3|0|1|1|132|162|["132,162,5"]|14:08:15:078
62|1.1|636136526821829959|0|50900.0625|13.18063968373|107.79880063703|765083|-44941||50900.0625|350||35200|350.25|50900.0625|88803b|PIC524|0|2573|0|||3|3|0|1|1|132|162|["132,162,5"]|14:08:20:063
62|1.1|636136526871744950|0|50905.0625|13.19472662439|107.80327455497|765525|-43364||50905.0625|350||35268.75|350.25|50905.0625|88803b|PIC524|0|2573|0|||3|3|0|1|1|132|162|["132,162,5"]|14:08:25:063
62|1.1|636136526921669942|0|50910.0625|13.20812692057|107.80732468452|765923|-41864||50910.0625|350||35231.25|350.25|50910.0625|88803b|PIC524|0|2573|0|||3|3|0|1|1|132|162|["132,162,5"]|14:08:30:063
62|1.1|636136526971594934|0|50915.0390625|13.22086202991|107.81056478816|766234|-40440||50915.0390625|350||34993.75|350.25|50915.0390625|88803b|PIC524|0|2573|0|||3|3|0|1|1|132|162|["132,162,5"]|14:08:35:039
62|1.1|636136527021519926|0|50920.0390625|13.23212729091|107.81489386703|766669|-39176||50920.0390625|350||35018.75|350.25|50920.0390625|88803b|PIC524|0|2573|0|||3|3|0|1|1|132|162|["132,162,5"]|14:08:40:039
62|1.1|636136527071434917|0|50925.015625|13.24519499367|107.81745805501|766906|-37718||50925.015625|350||34893.75|350|50925.015625|88803b|PIC524|0|2573|0|||3|3|0|1|1|132|162|["132,162,5"]|14:08:45:016
62|1.1|636136527121359909|0|50930.015625|13.25430912626|107.81861676757|767003|-36702||50930.015625|350||34856.25|350|50930.015625|88803b|PIC524|0|2573|0|||3|3|0|1|1|132|162|["132,162,5"]|14:08:50:016
62|1.1|636136527171284901|0|50935.015625|13.26055866391|107.81889035248|767013|-36008||50935.015625|350||34862.5|350|50935.015625|88803b|PIC524|0|2573|0|||3|3|0|1|1|132|162|["132,162,5"]|14:08:55:016
62|1.1|636136527221199892|0|50940|13.27202777249|107.82233966811|767351|-34724||50940|350||34856.25|350|50940|88803b|PIC524|0|2573|0|||3|3|0|1|1|132|162|["132,162,5"]|14:09:00:000
62|1.1|636136527271124884|0|50945|13.28264393988|107.82456589826|767559|-33539||50945|350||34862.5|350|50945|88803b|PIC524|0|2573|0|||3|3|0|1|1|132|162|["132,162,5"]|14:09:05:000
62|1.1|636136527321059877|0|50949.9765625|13.29429007399|107.82748950171|767840|-32238||50949.9765625|350||34875|350|50949.9765625|88803b|PIC524|0|2573|0|||3|3|0|1|1|132|162|["132,162,5"]|14:09:09:977
62|1.1|636136527370974868|0|50954.9765625|13.30611323363|107.83026826609|768104|-30917||50954.9765625|350||34887.5|350|50954.9765625|88803b|PIC524|0|2573|0|||3|3|0|1|1|132|162|["132,162,5"]|14:09:14:977
62|1.1|636136527420899860|0|50959.9765625|13.31687424009|107.83299338637|768366|-29713||50959.9765625|350||34893.75|350|50959.9765625|88803b|PIC524|0|2573|0|||3|3|0|1|1|132|162|["132,162,5"]|14:09:19:977
62|1.1|636136527470814851|0|50964.9609375|13.32852573861|107.83410918365|768449|-28417||50964.9609375|350||34918.75|350|50964.9609375|88803b|PIC524|0|2573|0|||3|3|0|1|1|132|162|["132,162,5"]|14:09:24:961
62|1.1|636136527520739843|0|50969.9609375|13.34141641584|107.83593308305|768606|-26980||50969.9609375|350||34881.25|350|50969.9609375|88803b|PIC524|0|2573|0|||3|3|0|1|1|132|163|["132,162,5"]|14:09:29:961
62|1.1|636136527570654834|0|50974.9375|13.35414079636|107.8375692281|768743|-25563||50974.9375|350.25||34856.25|350|50974.9375|88803b|PIC524|0|2573|0|||3|3|0|1|1|132|162|["132,162,5"]|14:09:34:938
62|1.1|636136527620579826|0|50979.9375|13.36578156606|107.83826123699|768781|-24269||50979.9375|350.25||34837.5|350|50979.9375|88803b|PIC524|0|2573|0|||3|3|0|1|1|132|162|["132,162,5"]|14:09:39:938
62|1.1|636136527670504818|0|50984.9375|13.36583521016|107.83056867305|767945|-24287||50984.9375|350||35006.25|350|50984.9375|88803b|PIC524|0|2573|0|||3|3|0|1|1|132|162|["132,162,5"]|14:09:44:938
62|1.1|636136527720429810|0|50989.921875|13.37636018258|107.83063304597|767918|-23119||50989.921875|350||35006.25|350|50989.921875|88803b|PIC524|0|2573|0|||3|3|0|1|1|132|162|["132,162,5"]|14:09:49:922
62|1.1|636136527770334800|0|50994.921875|13.38780783352|107.83083689355|767903|-21848||50994.921875|350||35006.25|350|50994.921875|88803b|PIC524|0|2573|0|||3|3|0|1|1|132|163|["132,162,5"]|14:09:54:922
62|1.1|636136527820279794|0|50999.8984375|13.39618704194|107.8309710038|767891|-20917||50999.8984375|350||35006.25|350|50999.8984375|88803b|PIC524|0|2573|0|||3|3|0|1|1|132|162|["132,162,5"]|14:09:59:898
62|1.1|636136527870194785|0|51004.8984375|13.40685685343|107.83113730051|767875|-19732||51004.8984375|350||35006.25|350|51004.8984375|88803b|PIC524|0|2573|0|||3|3|0|1|1|132|162|["132,162,5"]|14:10:04:898
62|1.1|636136527920109776|0|51009.8984375|13.41725308001|107.83131432604|767860|-18578||51009.8984375|350||35006.25|350|51009.8984375|88803b|PIC524|0|2573|0|||3|3|0|1|1|132|162|["132,162,5"]|14:10:09:898
62|1.1|636136527970024767|0|51014.875|13.42767612864|107.83146452952|767843|-17421||51014.875|350||35006.25|350|51014.875|88803b|PIC524|0|2573|0|||3|3|0|1|1|132|162|["132,162,5"]|14:10:14:875
62|1.1|636136528019949759|0|51019.875|13.43821182988|107.83158254654|767822|-16251||51019.875|350||35006.25|350|51019.875|88803b|PIC524|0|2573|0|||3|3|0|1|1|132|162|["132,162,5"]|14:10:19:875
62|1.1|636136528069874751|0|51024.859375|13.44890309901|107.83167910592|767798|-15064||51024.859375|350||35000|350|51024.859375|88803b|PIC524|0|2573|0|||3|3|0|1|1|132|162|["132,162,5"]|14:10:24:859
62|1.1|636136528119799743|0|51029.859375|13.46195470854|107.83196341965|767787|-13614||51029.859375|350||34925|350|51029.859375|88803b|PIC524|0|2573|0|||3|3|0|1|1|132|162|["132,162,5"]|14:10:29:859
62|1.1|636136528169724735|0|51034.859375|13.47338090184|107.83222091133|767778|-12345||51034.859375|350||35000|350|51034.859375|88803b|PIC524|0|2573|0|||3|3|0|1|1|132|162|["132,162,5"]|14:10:34:859
62|1.1|636136528219639726|0|51039.8359375|13.48454423905|107.83241403009|767763|-11106||51039.8359375|350||34993.75|350|51039.8359375|88803b|PIC524|0|2573|0|||3|3|0|1|1|132|162|["132,162,5"]|14:10:39:836
62|1.1|636136528269564718|0|51044.8359375|13.49726861957|107.83276271674|767760|-9693||51044.8359375|350.25||35018.75|350|51044.8359375|88803b|PIC524|0|2573|0|||3|3|0|1|1|132|162|["132,162,5"]|14:10:44:836
62|1.1|636136528319489710|0|51049.8203125|13.50723032894|107.8329558355|767748|-8586||51049.8203125|350.25||35031.25|350|51049.8203125|88803b|PIC524|0|2573|0|||3|3|0|1|1|132|162|["132,162,5"]|14:10:49:820
62|1.1|636136528369414702|0|51054.8203125|13.51758900465|107.83329379333|767752|-7436||51054.8203125|350.25||35037.5|350|51054.8203125|88803b|PIC524|0|2573|0|||3|3|0|1|1|132|162|["132,162,5"]|14:10:54:820
62|1.1|636136528419319692|0|51059.8203125|13.52929951168|107.83355664942|767742|-6135||51059.8203125|350||35037.5|350|51059.8203125|88803b|PIC524|0|2573|0|||3|3|0|1|1|132|162|["132,162,5"]|14:10:59:820
62|1.1|636136528469244684|0|51064.796875|13.53970110267|107.833760497|767731|-4980||51064.796875|350||35012.5|350|51064.796875|88803b|PIC524|0|2573|0|||3|3|0|1|1|132|163|["132,162,5"]|14:11:04:797
