62|1.1|636136510338631804|0|49251.78125|6.75373318149|98.66544200159|-231180|-766951||49251.78125|390||38868.75|390|49251.78125|896160|ETD472|0|2264|0|||3|3|0|1|1|132|66|["132,210,2,2140","132,82,5","132,66,5"]|13:40:51:781
62|1.1|636136510388546795|0|49256.7578125|6.75012293356|98.67539834655|-230077|-767359||49256.7578125|390||38893.75|390|49256.7578125|896160|ETD472|0|2264|0|||3|3|0|1|1|132|51|["132,210,2,2140","132,82,5","132,66,5"]|13:40:56:758
62|1.1|636136510438471787|0|49261.7578125|6.74640003302|98.685295683|-228981|-767780||49261.7578125|390||38912.5|390|49261.7578125|896160|ETD472|0|2264|0|||3|3|0|1|1|132|82|["132,210,2,2140","132,82,5","132,66,5"]|13:41:01:758
62|1.1|636136510488386778|0|49266.7421875|6.74265567484|98.69519838386|-227885|-768202||49266.7421875|390||38918.75|390|49266.7421875|896160|ETD472|0|2264|0|||3|3|0|1|1|132|82|["132,210,2,2140","132,82,5","132,66,5"]|13:41:06:742
62|1.1|636136510538311770|0|49271.7421875|6.73901860486|98.70539076286|-226756|-768614||49271.7421875|390||38950|390|49271.7421875|896160|ETD472|0|2264|0|||3|3|0|1|1|132|82|["132,210,2,2140","132,82,5","132,66,5"]|13:41:11:742
62|1.1|636136510588236762|0|49276.7421875|6.7351776873|98.71498769235|-225694|-769047||49276.7421875|390||38906.25|390|49276.7421875|896160|ETD472|0|2264|0|||3|3|0|1|1|132|210|["132,210,2,2140","132,82,5","132,66,5"]|13:41:16:742
62|1.1|636136510638161754|0|49281.71875|6.73155671055|98.72517470694|-224565|-769456||49281.71875|390||38943.75|390|49281.71875|896160|ETD472|0|2264|0|||3|3|0|1|1|132|83|["132,210,2,2140","132,82,5","132,66,5"]|13:41:21:719
62|1.1|636136510688076745|0|49286.71875|6.72816103902|98.73522224687|-223452|-769840||49286.71875|390||39018.75|390|49286.71875|896160|ETD472|0|2264|0|||3|3|0|1|1|132|82|["132,210,2,2140","132,82,5","132,66,5"]|13:41:26:719
62|1.1|636136510737991736|0|49291.6953125|6.7245025114|98.74613882122|-222243|-770254||49291.6953125|390||39025|390|49291.6953125|896160|ETD472|0|2264|0|||3|3|0|1|1|132|82|["132,210,2,2140","132,82,5","132,66,5"]|13:41:31:695
62|1.1|636136510787916728|0|49296.6953125|6.72083325496|98.75622927643|-221126|-770668||49296.6953125|390||39043.75|390|49296.6953125|896160|ETD472|0|2264|0|||3|3|0|1|1|132|82|["132,210,2,2140","132,82,5","132,66,5"]|13:41:36:695
62|1.1|636136510837841720|0|49301.6953125|6.71709426119|98.76708684227|-219923|-771091||49301.6953125|390||39012.5|390|49301.6953125|896160|ETD472|0|2264|0|||3|3|0|1|1|132|82|["132,210,2,2140","132,82,5","132,66,5"]|13:41:41:695
62|1.1|636136510887766712|0|49306.6796875|6.7133981827|98.7774026027|-218781|-771508||49306.6796875|390||39000|390|49306.6796875|896160|ETD472|0|2264|0|||3|3|0|1|1|132|82|["132,210,2,2140","132,82,5","132,66,5"]|13:41:46:680
62|1.1|636136510937681703|0|49311.6796875|6.70963236688|98.78763253257|-217648|-771933||49311.6796875|390||39000|390|49311.6796875|896160|ETD472|0|2264|0|||3|3|0|1|1|132|83|["132,210,2,2140","132,82,5","132,66,5"]|13:41:51:680
62|1.1|636136510987616696|0|49316.65625|6.70600066131|98.79750304697|-216555|-772343||49316.65625|390||38993.75|390|49316.65625|896160|ETD472|0|2264|0|||3|3|0|1|1|132|51|["132,210,2,2140","132,82,5","132,66,5"]|13:41:56:656
62|1.1|636136511037531687|0|49321.65625|6.70250306599|98.80718580702|-215482|-772738||49321.65625|390||38993.75|390|49321.65625|896160|ETD472|0|2264|0|||3|3|0|1|1|132|82|["132,210,2,2140","132,82,5","132,66,5"]|13:42:01:656
62|1.1|636136511087446678|0|49326.65625|6.69887672483|98.81653060924|-214447|-773147||49326.65625|390||39000|390|49326.65625|896160|ETD472|0|2264|0|||3|3|0|1|1|132|82|["132,210,2,2140","132,82,5","132,66,5"]|13:42:06:656
62|1.1|636136511137371670|0|49331.640625|6.69525574808|98.8260578014|-213392|-773555||49331.640625|390||39000|390|49331.640625|896160|ETD472|0|2264|0|||3|3|0|1|1|132|82|["132,210,2,2140","132,82,5","132,66,5"]|13:42:11:641
62|1.1|636136511187296662|0|49336.640625|6.69147383903|98.83681344345|-212200|-773982||49336.640625|390||38993.75|390|49336.640625|896160|ETD472|0|2264|0|||3|3|0|1|1|132|82|["132,210,2,2140","132,82,5","132,66,5"]|13:42:16:641
62|1.1|636136511237211653|0|49341.6171875|6.68753636209|98.84733305146|-211035|-774426||49341.6171875|390||38987.5|390|49341.6171875|896160|ETD472|0|2264|0|||3|3|0|1|1|132|82|["132,210,2,2140","132,82,5","132,66,5"]|13:42:21:617
62|1.1|636136511287136645|0|49346.6171875|6.68245626582|98.85737522698|-209924|-774997||49346.6171875|390||39012.5|390|49346.6171875|896160|ETD472|0|2264|0|||3|3|0|1|1|132|51|["132,210,2,2140","132,82,5","132,66,5"]|13:42:26:617
62|1.1|636136511337061637|0|49351.6171875|6.67833639894|98.86611921528|-208956|-775460||49351.6171875|390||39018.75|390|49351.6171875|896160|ETD472|0|2264|0|||3|3|0|1|1|132|51|["132,210,2,2140","132,82,5","132,66,5"]|13:42:31:617
62|1.1|636136511386986629|0|49356.6015625|6.67132511507|98.87517433936|-207955|-776244||49356.6015625|390||39056.25|390.25|49356.6015625|896160|ETD472|0|2264|0|||3|3|0|1|1|132|83|["132,210,2,2140","132,82,5","132,66,5"]|13:42:36:602
62|1.1|636136511436901620|0|49361.6015625|6.66470543313|98.88414363288|-206964|-776985||49361.6015625|390||39068.75|390.25|49361.6015625|896160|ETD472|0|2264|0|||3|3|0|1|1|132|82|["132,210,2,2140","132,82,5","132,66,5"]|13:42:41:602
62|1.1|636136511486826612|0|49366.578125|6.65757613224|98.89265158714|-206024|-777782||49366.578125|390||39075|390.25|49366.578125|896160|ETD472|0|2264|0|||3|3|0|1|1|132|82|["132,210,2,2140","132,82,5","132,66,5"]|13:42:46:578
62|1.1|636136511536741603|0|49371.578125|6.65047901781|98.9003548799|-205173|-778575||49371.578125|390||39087.5|390.25|49371.578125|896160|ETD472|0|2264|0|||3|3|0|1|1|132|82|["132,210,2,2140","132,82,5","132,66,5"]|13:42:51:578
62|1.1|636136511586666595|0|49376.578125|6.64286155561|98.90750563843|-204384|-779425||49376.578125|390||39106.25|390.25|49376.578125|896160|ETD472|0|2264|0|||3|3|0|1|1|132|82|["132,210,2,2140","132,82,5","132,66,5"]|13:42:56:578
62|1.1|636136511636591587|0|49381.5625|6.63438578781|98.9146778546|-203593|-780371||49381.5625|390||39056.25|390.25|49381.5625|896160|ETD472|0|2264|0|||3|3|0|1|1|132|83|["132,210,2,2140","132,82,5","132,66,5"]|13:43:01:563
62|1.1|636136511686516579|0|49386.5625|6.62615678287|98.9211687907|-202878|-781289||49386.5625|390||39031.25|390.25|49386.5625|896160|ETD472|0|2264|0|||3|3|0|1|1|132|82|["132,210,2,2140","132,82,5","132,66,5"]|13:43:06:563
62|1.1|636136511736431570|0|49391.5390625|6.61756299805|98.92724666723|-202208|-782247||49391.5390625|390||39037.5|390|49391.5390625|896160|ETD472|0|2264|0|||3|3|0|1|1|132|82|["132,210,2,2140","132,82,5","132,66,5"]|13:43:11:539
62|1.1|636136511786356562|0|49396.5390625|6.60866880627|98.93327626407|-201544|-783238||49396.5390625|390||39068.75|390.25|49396.5390625|896160|ETD472|0|2264|0|||3|3|0|1|1|132|82|["132,210,2,2140","132,82,5","132,66,5"]|13:43:16:539
62|1.1|636136511836271553|0|49401.5390625|6.59951712281|98.93911810656|-200901|-784258||49401.5390625|390||39025|390|49401.5390625|896160|ETD472|0|2264|0|||3|3|0|1|1|132|82|["132,210,2,2140","132,82,5","132,66,5"]|13:43:21:539
62|1.1|636136511886196545|0|49406.515625|6.58989337127|98.94539983067|-200210|-785330||49406.515625|390||38987.5|390|49406.515625|896160|ETD472|0|2264|0|||3|3|0|1|1|132|83|["132,210,2,2140","132,82,5","132,66,5"]|13:43:26:516
62|1.1|636136511936121537|0|49411.515625|6.58045200967|98.95178347857|-199507|-786382||49411.515625|390||38975|390.25|49411.515625|896160|ETD472|0|2264|0|||3|3|0|1|1|132|82|["132,210,2,2140","132,82,5","132,66,5"]|13:43:31:516
62|1.1|636136511986036528|0|49416.5|6.57161146199|98.95774870249|-198850|-787368||49416.5|390||38987.5|390|49416.5|896160|ETD472|0|2264|0|||3|3|0|1|1|132|82|["132,210,2,2140","132,82,5","132,66,5"]|13:43:36:500
62|1.1|636136512035971521|0|49421.5|6.56325371121|98.96350471442|-198216|-788299||49421.5|390||39000|390|49421.5|896160|ETD472|0|2264|0|||3|3|0|1|1|132|83|["132,210,2,2140","132,82,5","132,66,5"]|13:43:41:500
62|1.1|636136512085896513|0|49426.5|6.55374797669|98.9699849217|-197502|-789359||49426.5|390||38993.75|390|49426.5|896160|ETD472|0|2264|0|||3|3|0|1|1|132|82|["132,210,2,2140","132,82,5","132,66,5"]|13:43:46:500
62|1.1|636136512135801503|0|49431.4765625|6.54489670019|98.97621836612|-196815|-790346||49431.4765625|390||38975|390|49431.4765625|896160|ETD472|0|2264|0|||3|3|0|1|1|132|82|["132,210,2,2140","132,82,5","132,66,5"]|13:43:51:477
62|1.1|636136512185736496|0|49436.4765625|6.53543388095|98.98275758191|-196095|-791400||49436.4765625|390||39000|390|49436.4765625|896160|ETD472|0|2264|0|||3|3|0|1|1|132|51|["132,210,2,2140","132,82,5","132,66,5"]|13:43:56:477
62|1.1|636136512235661488|0|49441.4609375|6.52692056228|98.98861551763|-195449|-792349||49441.4609375|390||38993.75|390|49441.4609375|896160|ETD472|0|2264|0|||3|3|0|1|1|132|82|["132,210,2,2140","132,82,5","132,66,5"]|13:44:01:461
62|1.1|636136512285566478|0|49446.4609375|6.51742019217|98.99523519957|-194720|-793408||49446.4609375|390||38987.5|390|49446.4609375|896160|ETD472|0|2264|0|||3|3|0|1|1|132|82|["132,210,2,2140","132,82,5","132,66,5"]|13:44:06:461
62|1.1|636136512335491470|0|49451.4609375|6.50828460194|99.00160275424|-194018|-794426||49451.4609375|390||38981.25|390|49451.4609375|896160|ETD472|0|2264|0|||3|3|0|1|1|132|82|["132,210,2,2140","132,82,5","132,66,5"]|13:44:11:461
62|1.1|636136512385426463|0|49456.4375|6.49975519004|99.00758407139|-193359|-795377||49456.4375|390||39006.25|390|49456.4375|896160|ETD472|0|2264|0|||3|3|0|1|1|132|83|["132,82,5","132,66,5"]|13:44:16:438
62|1.1|636136512435341454|0|49461.4375|6.49036210813|99.01401599898|-192650|-796424||49461.4375|390||38993.75|390|49461.4375|896160|ETD472|0|2264|0|||3|3|0|1|1|132|51|["132,82,5","132,66,5"]|13:44:21:438
62|1.1|636136512485256445|0|49466.421875|6.48135526374|99.02031381632|-191956|-797428||49466.421875|390||39006.25|390|49466.421875|896160|ETD472|0|2264|0|||3|3|0|1|1|132|51|["132,82,5","132,66,5"]|13:44:26:422
62|1.1|636136512535191438|0|49471.421875|6.4731799029|99.0259893621|-191330|-798339||49471.421875|390||39012.5|390|49471.421875|896160|ETD472|0|2264|0|||3|3|0|1|1|132|82|["132,82,5","132,66,5"]|13:44:31:422
62|1.1|636136512585096428|0|49476.421875|6.46370099043|99.03251248466|-190611|-799396||49476.421875|390||38993.75|390|49476.421875|896160|ETD472|0|2264|0|||3|3|0|1|1|132|83|["132,82,5","132,66,5"]|13:44:36:422
62|1.1|636136512635021420|0|49481.3984375|6.45453857815|99.03884785287|-189913|-800417||49481.3984375|390||39006.25|390|49481.3984375|896160|ETD472|0|2264|0|||3|3|0|1|1|132|83|["132,82,5","132,66,5"]|13:44:41:398
62|1.1|636136512684956413|0|49486.3984375|6.44655633607|99.04440538163|-189300|-801307||49486.3984375|390||39012.5|390|49486.3984375|896160|ETD472|0|2264|0|||3|3|0|1|1|132|82|["132,82,5","132,66,5"]|13:44:46:398
62|1.1|636136512734861403|0|49491.375|6.4379357292|99.05031159704|-188649|-802267||49491.375|390||39012.5|390|49491.375|896160|ETD472|0|2264|0|||3|3|0|1|1|132|82|["132,82,5","132,66,5"]|13:44:51:375
62|1.1|636136512784786395|0|49496.375|6.42876795251|99.05653431264|-187963|-803289||49496.375|390||39006.25|390|49496.375|896160|ETD472|0|2264|0|||3|3|0|1|1|132|51|["132,82,5","132,66,5"]|13:44:56:375
62|1.1|636136512834711387|0|49501.375|6.4198040234|99.06262291799|-187292|-804288||49501.375|390||38993.75|390|49501.375|896160|ETD472|0|2264|0|||3|3|0|1|1|132|82|["132,82,5","132,66,5"]|13:45:01:375
62|1.1|636136512884626378|0|49506.359375|6.41033047534|99.06912458291|-186575|-805344||49506.359375|390||38975|390|49506.359375|896160|ETD472|0|2264|0|||3|3|0|1|1|132|82|["132,82,5","132,66,5"]|13:45:06:359
62|1.1|636136512934561371|0|49511.359375|6.40166695319|99.07509517124|-185917|-806309||49511.359375|390||38993.75|390|49511.359375|896160|ETD472|0|2264|0|||3|3|0|1|1|132|82|["132,82,5","132,66,5"]|13:45:11:359
62|1.1|636136512984476362|0|49516.3359375|6.39274057495|99.08130715802|-185231|-807304||49516.3359375|390||38993.75|390|49516.3359375|896160|ETD472|0|2264|0|||3|3|0|1|1|132|82|["132,82,5","132,66,5"]|13:45:16:336
62|1.1|636136513034401354|0|49521.3359375|6.38359962031|99.08748159393|-184550|-808323||49521.3359375|390||38987.5|390|49521.3359375|896160|ETD472|0|2264|0|||3|3|0|1|1|132|82|["132,82,5","132,66,5"]|13:45:21:336
62|1.1|636136513084316345|0|49526.3359375|6.3747429794|99.09355410605|-183881|-809310||49526.3359375|390||39006.25|390|49526.3359375|896160|ETD472|0|2264|0|||3|3|0|1|1|132|51|["132,82,5","132,66,5"]|13:45:26:336
62|1.1|636136513134241337|0|49531.3203125|6.3659989911|99.09957297407|-183217|-810284||49531.3203125|390||38993.75|390|49531.3203125|896160|ETD472|0|2264|0|||3|3|0|1|1|132|82|["132,82,5","132,66,5"]|13:45:31:320
62|1.1|636136513184156328|0|49536.3203125|6.35724427398|99.10558111327|-182554|-811260||49536.3203125|390||39000|390|49536.3203125|896160|ETD472|0|2264|0|||3|3|0|1|1|132|82|["132,82,5","132,66,5"]|13:45:36:320
62|1.1|636136513234081320|0|49541.296875|6.34868804003|99.11145514222|-181906|-812214||49541.296875|390||39006.25|390|49541.296875|896160|ETD472|0|2264|0|||3|3|0|1|1|132|82|["132,82,5","132,66,5"]|13:45:41:297
62|1.1|636136513284006312|0|49546.296875|6.33931641576|99.11780123925|-181206|-813258||49546.296875|390||39000|390|49546.296875|896160|ETD472|0|2264|0|||3|3|0|1|1|132|82|["132,82,5","132,66,5"]|13:45:46:297
62|1.1|636136513333921303|0|49551.296875|6.33052414777|99.1238362005|-180541|-814238||49551.296875|390||39000|390|49551.296875|896160|ETD472|0|2264|0|||3|3|0|1|1|132|82|["132,82,5","132,66,5"]|13:45:51:297
62|1.1|636136513383846295|0|49556.28125|6.32084675213|99.13034322983|-179823|-815316||49556.28125|390||38993.75|390|49556.28125|896160|ETD472|0|2264|0|||3|3|0|1|1|132|82|["132,82,5","132,66,5"]|13:45:56:281
62|1.1|636136513433771287|0|49561.28125|6.31154486519|99.13685025916|-179105|-816353||49561.28125|390||38981.25|390|49561.28125|896160|ETD472|0|2264|0|||3|3|0|1|1|132|83|["132,82,5","132,66,5"]|13:46:01:281
62|1.1|636136513483696279|0|49566.2578125|6.30232880881|99.14321781383|-178402|-817380||49566.2578125|390||39006.25|390|49566.2578125|896160|ETD472|0|2264|0|||3|3|0|1|1|132|82|["132,82,5","132,66,5"]|13:46:06:258
62|1.1|636136513533611270|0|49571.2578125|6.29472207543|99.14848566445|-177821|-818228||49571.2578125|390||39012.5|390|49571.2578125|896160|ETD472|0|2264|0|||3|3|0|1|1|132|82|["132,82,5","132,66,5"]|13:46:11:258
62|1.1|636136513583536262|0|49576.2578125|6.28625703645|99.15431141371|-177178|-819171||49576.2578125|390||39012.5|390|49576.2578125|896160|ETD472|0|2264|0|||3|3|0|1|1|132|82|["132,82,5","132,66,5"]|13:46:16:258
62|1.1|636136513633451253|0|49581.2421875|6.27734675144|99.16051803608|-176493|-820164||49581.2421875|390||39006.25|390|49581.2421875|896160|ETD472|0|2264|0|||3|3|0|1|1|132|82|["132,82,5","132,66,5"]|13:46:21:242
62|1.1|636136513683376245|0|49586.2421875|6.26842573761|99.1665905482|-175823|-821158||49586.2421875|390||39000|390|49586.2421875|896160|ETD472|0|2264|0|||3|3|0|1|1|132|82|["132,82,5","132,66,5"]|13:46:26:242
62|1.1|636136513733291236|0|49591.21875|6.25900583365|99.1729741961|-175118|-822208||49591.21875|390||39000|390|49591.21875|896160|ETD472|0|2264|0|||3|3|0|1|1|132|82|["132,82,5","132,66,5"]|13:46:31:219
62|1.1|636136513783216228|0|49596.21875|6.25059980318|99.17877312331|-174478|-823145||49596.21875|390||38993.75|390|49596.21875|896160|ETD472|0|2264|0|||3|3|0|1|1|132|82|["132,82,5","132,66,5"]|13:46:36:219
62|1.1|636136513833141220|0|49601.21875|6.24111016189|99.18521041531|-173768|-824202||49601.21875|390||38981.25|390|49601.21875|896160|ETD472|0|2264|0|||3|3|0|1|1|132|82|["132,82,5","132,66,5"]|13:46:41:219
62|1.1|636136513883066212|0|49606.1953125|6.23217841924|99.19143313091|-173081|-825198||49606.1953125|390||38962.5|390|49606.1953125|896160|ETD472|0|2264|0|||3|3|0|1|1|132|82|["132,82,5","132,66,5"]|13:46:46:195
62|1.1|636136513932981203|0|49611.1953125|6.22294090522|99.19769339738|-172390|-826227||49611.1953125|390||38993.75|390|49611.1953125|896160|ETD472|0|2264|0|||3|3|0|1|1|132|82|["132,82,5","132,66,5"]|13:46:51:195
62|1.1|636136513982906195|0|49616.1796875|6.21398234052|99.20393220621|-171701|-827225||49616.1796875|390||38981.25|390|49616.1796875|896160|ETD472|0|2264|0|||3|3|0|1|1|132|82|["132,82,5","132,66,5"]|13:46:56:180
62|1.1|636136514032831187|0|49621.1796875|6.20485747911|99.21016565063|-171013|-828242||49621.1796875|390||38975|390|49621.1796875|896160|ETD472|0|2264|0|||3|3|0|1|1|132|82|["132,82,5","132,66,5"]|13:47:01:180
62|1.1|636136514082616165|0|49626.1796875|6.19656410125|99.21592702697|-170377|-829166||49626.1796875|390||39006.25|390|49626.1796875|896160|ETD472|0|2264|0|||3|3|0|1|1|132|82|["132,82,5","132,66,5"]|13:47:06:180
62|1.1|636136514132671170|0|49631.15625|6.18799713848|99.22180642033|-169728|-830121||49631.15625|390||39012.5|390|49631.15625|896160|ETD472|0|2264|0|||3|3|0|1|1|132|51|["132,82,5","132,66,5"]|13:47:11:156
62|1.1|636136514182436146|0|49636.15625|6.17916195521|99.22783601717|-169062|-831105||49636.15625|390||39018.75|390|49636.15625|896160|ETD472|0|2264|0|||3|3|0|1|1|132|82|["132,82,5","132,66,5"]|13:47:16:156
62|1.1|636136514232361138|0|49641.140625|6.17051452629|99.23382269873|-168401|-832069||49641.140625|390||39012.5|390|49641.140625|896160|ETD472|0|2264|0|||3|3|0|1|1|132|66|["132,82,5","132,66,5"]|13:47:21:141
62|1.1|636136514282276129|0|49646.140625|6.16169007184|99.23982547352|-167738|-833052||49646.140625|390||39012.5|390|49646.140625|896160|ETD472|0|2264|0|||3|3|0|1|1|132|82|["132,82,5","132,66,5"]|13:47:26:141
62|1.1|636136514332201121|0|49651.140625|6.1528709818|99.24586043477|-167071|-834035||49651.140625|390||39012.5|390|49651.140625|896160|ETD472|0|2264|0|||3|3|0|1|1|132|66|["132,82,5","132,66,5"]|13:47:31:141
62|1.1|636136514382146115|0|49656.1171875|6.14379440008|99.25179883664|-166416|-835046||49656.1171875|390||39006.25|390|49656.1171875|896160|ETD472|0|2264|0|||3|3|0|1|1|132|66|["132,82,5","132,66,5"]|13:47:36:117
62|1.1|636136514432051105|0|49661.1171875|6.13406336034|99.25870283231|-165653|-836131||49661.1171875|390||38975|390|49661.1171875|896160|ETD472|0|2264|0|||3|3|0|1|1|132|51|["132,82,5","132,66,5"]|13:47:41:117
62|1.1|636136514481966096|0|49666.1015625|6.12494386334|99.26485044617|-164974|-837147||49666.1015625|390||38956.25|390|49666.1015625|896160|ETD472|0|2264|0|||3|3|0|1|1|132|66|["132,82,5","132,66,5"]|13:47:46:102
62|1.1|636136514531891088|0|49671.1015625|6.11670412958|99.27057427164|-164342|-838065||49671.1015625|390||39012.5|390|49671.1015625|896160|ETD472|0|2264|0|||3|3|0|1|1|132|66|["132,82,5","132,66,5"]|13:47:51:102
62|1.1|636136514581806079|0|49676.1015625|6.10762218345|99.27661996171|-163674|-839077||49676.1015625|390||39018.75|390|49676.1015625|896160|ETD472|0|2264|0|||3|3|0|1|1|132|66|["132,82,5","132,66,5"]|13:47:56:102
62|1.1|636136514631731071|0|49681.078125|6.09870116962|99.28302506725|-162966|-840071||49681.078125|390||39000|390|49681.078125|896160|ETD472|0|2264|0|||3|3|0|1|1|132|66|["132,82,5","132,66,5"]|13:48:01:078
62|1.1|636136514681656063|0|49686.078125|6.08953339293|99.28911903701|-162293|-841092||49686.078125|390||38975|390|49686.078125|896160|ETD472|0|2264|0|||3|3|0|1|1|132|66|["132,82,5","132,66,5"]|13:48:06:078
62|1.1|636136514731581055|0|49691.0625|6.08038707388|99.29532029497|-161608|-842111||49691.0625|390||38925|390|49691.0625|896160|ETD472|0|2264|0|||3|3|0|1|1|132|66|["132,82,5","132,66,5"]|13:48:11:063
62|1.1|636136514781496046|0|49696.0625|6.07120320396|99.30130697653|-160946|-843135||49696.0625|390||38862.5|390|49696.0625|896160|ETD472|0|2264|0|||3|3|0|1|1|132|66|["132,82,5","132,66,5"]|13:48:16:063
62|1.1|636136514831421038|0|49701.0625|6.06223391044|99.30762625151|-160248|-844134||49701.0625|390||38862.5|390|49701.0625|896160|ETD472|0|2264|0|||3|3|0|1|1|132|66|["132,82,5","132,66,5"]|13:48:21:063
62|1.1|636136514881346030|0|49706.0390625|6.0532538881|99.31361829748|-159586|-845135||49706.0390625|390||38837.5|390|49706.0390625|896160|ETD472|0|2264|0|||3|3|0|1|1|132|66|["132,82,5","132,66,5"]|13:48:26:039
62|1.1|636136514931261021|0|49711.0390625|6.0441880352|99.32014142004|-158865|-846145||49711.0390625|390||39025|390|49711.0390625|896160|ETD472|0|2264|0|||3|3|0|1|1|132|51|["132,82,5","132,66,5"]|13:48:31:039
62|1.1|636136514981186013|0|49716.015625|6.03718211574|99.32507131283|-158320|-846926||49716.015625|390||39025|390|49716.015625|896160|ETD472|0|2264|0|||3|3|0|1|1|132|51|["132,82,5","132,66,5"]|13:48:36:016
62|1.1|636136515031111005|0|49721.015625|6.02801433905|99.3314925116|-157610|-847947||49721.015625|390||39006.25|390|49721.015625|896160|ETD472|0|2264|0|||3|3|0|1|1|132|51|["132,82,5","132,66,5"]|13:48:41:016
62|1.1|636136515081025996|0|49726.015625|6.01894312174|99.33779569335|-156913|-848958||49726.015625|390||39000|390|49726.015625|896160|ETD472|0|2264|0|||3|3|0|1|1|132|66|["132,82,5","132,66,5"]|13:48:46:016
62|1.1|636136515130950988|0|49731|6.01056927773|99.34363753584|-156268|-849891||49731|390||39006.25|390|49731|896160|ETD472|0|2264|0|||3|3|0|1|1|132|66|["132,82,5","132,66,5"]|13:48:51:000
62|1.1|636136515180885981|0|49736|6.00047882252|99.35050934505|-155508|-851016||49736|390||39006.25|390|49736|896160|ETD472|0|2264|0|||3|3|0|1|1|132|51|["132,82,5","132,66,5"]|13:48:56:000
62|1.1|636136515230800972|0|49740.9765625|5.99271652125|99.35578792449|-154925|-851880||49740.9765625|390||38987.5|390|49740.9765625|896160|ETD472|0|2264|0|||3|3|0|1|1|132|51|["132,82,5","132,66,5"]|13:49:00:977
62|1.1|636136515280715963|0|49745.9765625|5.98396716854|99.36204819096|-154232|-852855||49745.9765625|390||38981.25|390|49745.9765625|896160|ETD472|0|2264|0|||3|3|0|1|1|132|66|["132,82,5","132,66,5"]|13:49:05:977
62|1.1|636136515330630954|0|49750.9765625|5.97501396825|99.36824408451|-153547|-853853||49750.9765625|390||38968.75|390|49750.9765625|896160|ETD472|0|2264|0|||3|3|0|1|1|132|66|["132,82,5","132,66,5"]|13:49:10:977
62|1.1|636136515380555946|0|49755.9609375|5.96668303952|99.3738713506|-152925|-854781||49755.9609375|390||39000|390|49755.9609375|896160|ETD472|0|2264|0|||3|3|0|1|1|132|66|["132,82,5","132,66,5"]|13:49:15:961
62|1.1|636136515430480938|0|49760.9609375|5.95811071234|99.37973465073|-152277|-855736||49760.9609375|390||39006.25|390|49760.9609375|896160|ETD472|0|2264|0|||3|3|0|1|1|132|66|["132,82,5","132,66,5"]|13:49:20:961
62|1.1|636136515480395929|0|49765.9375|5.94946328342|99.38580716285|-151605|-856700||49765.9375|390||39006.25|390|49765.9375|896160|ETD472|0|2264|0|||3|3|0|1|1|132|66|["132,82,5","132,66,5"]|13:49:25:938
62|1.1|636136515530320921|0|49770.9375|5.93997364213|99.39225518367|-150892|-857757||49770.9375|390||38981.25|390|49770.9375|896160|ETD472|0|2264|0|||3|3|0|1|1|132|66|["132,82,5","132,66,5"]|13:49:30:938
62|1.1|636136515580275916|0|49775.9375|5.93064493314|99.398762213|-150172|-858796||49775.9375|390||38968.75|390|49775.9375|896160|ETD472|0|2264|0|||3|3|0|1|1|132|51|["132,82,5","132,66,5"]|13:49:35:938
62|1.1|636136515630160904|0|49780.921875|5.92231936882|99.40449676729|-149538|-859724||49780.921875|390||39000|390|49780.921875|896160|ETD472|0|2264|0|||3|3|0|1|1|132|66|["132,82,5","132,66,5"]|13:49:40:922
62|1.1|636136515680085896|0|49785.921875|5.91349491437|99.41063365233|-148859|-860707||49785.921875|390||39000|390|49785.921875|896160|ETD472|0|2264|0|||3|3|0|1|1|132|50|["132,82,5","132,66,5","132,50,4"]|13:49:45:922
62|1.1|636136515730010888|0|49790.8984375|5.90399454426|99.41718896135|-148134|-861766||49790.8984375|390||38975|390|49790.8984375|896160|ETD472|0|2264|0|||3|3|0|1|1|132|66|["132,82,5","132,66,5","132,50,4"]|13:49:50:898
62|1.1|636136515779925879|0|49795.8984375|5.89510571689|99.42350287192|-147436|-862756||49795.8984375|390||38956.25|390|49795.8984375|896160|ETD472|0|2264|0|||3|3|0|1|1|132|66|["132,82,5","132,66,5","132,50,5"]|13:49:55:898
62|1.1|636136515829850871|0|49800.8984375|5.88613105896|99.42967730783|-146753|-863756||49800.8984375|390||38925|390|49800.8984375|896160|ETD472|0|2264|0|||3|3|0|1|1|132|66|["132,82,5","132,66,5","132,50,5"]|13:50:00:898
62|1.1|636136515879775863|0|49805.875|5.87784840992|99.43506317547|-146157|-864679||49805.875|390||39006.25|390|49805.875|896160|ETD472|0|2264|0|||3|3|0|1|1|132|51|["132,82,5","132,66,5","132,50,5"]|13:50:05:875
62|1.1|636136515929690854|0|49810.875|5.86876109938|99.44133953517|-145462|-865691||49810.875|390||39000|390|49810.875|896160|ETD472|0|2264|0|||3|3|0|1|1|132|66|["132,82,5","132,66,5","132,50,5"]|13:50:10:875
62|1.1|636136515979615846|0|49815.859375|5.85987763642|99.44745496257|-144786|-866681||49815.859375|390||39000|390|49815.859375|896160|ETD472|0|2264|0|||3|3|0|1|1|132|66|["132,82,5","132,66,5","132,50,5"]|13:50:15:859
62|1.1|636136516029540838|0|49820.859375|5.85079032588|99.45343091531|-144125|-867693||49820.859375|390||39000|390|49820.859375|896160|ETD472|0|2264|0|||3|3|0|1|1|132|66|["132,82,5","132,66,5","132,50,5"]|13:50:20:859
62|1.1|636136516079465830|0|49825.859375|5.8416279136|99.45933713072|-143471|-868714||49825.859375|390||38987.5|390|49825.859375|896160|ETD472|0|2264|0|||3|3|0|1|1|132|66|["132,82,5","132,66,5","132,50,5"]|13:50:25:859
62|1.1|636136516129380821|0|49830.8359375|5.83274981505|99.46587634651|-142748|-869703||49830.8359375|390||38987.5|390|49830.8359375|896160|ETD472|0|2264|0|||3|3|0|1|1|132|51|["132,82,5","132,66,5","132,50,5"]|13:50:30:836
62|1.1|636136516179295812|0|49835.8359375|5.82378588594|99.47218489267|-142049|-870702||49835.8359375|390||38975|390|49835.8359375|896160|ETD472|0|2264|0|||3|3|0|1|1|132|50|["132,82,5","132,66,5","132,50,5"]|13:50:35:836
62|1.1|636136516229240806|0|49840.8203125|5.81493460944|99.47833787094|-141368|-871688||49840.8203125|390||38950|390|49840.8203125|896160|ETD472|0|2264|0|||3|3|0|1|1|132|50|["132,82,5","132,66,5","132,50,5"]|13:50:40:820
62|1.1|636136516279145796|0|49845.8203125|5.80619598555|99.48442111188|-140695|-872661||49845.8203125|390||38993.75|390|49845.8203125|896160|ETD472|0|2264|0|||3|3|0|1|1|132|50|["132,82,5","132,66,5","132,50,5"]|13:50:45:820
62|1.1|636136516329060787|0|49850.8203125|5.79733934464|99.4906009122|-140011|-873648||49850.8203125|390||38987.5|390|49850.8203125|896160|ETD472|0|2264|0|||3|3|0|1|1|132|50|["132,82,5","132,66,5","132,50,5"]|13:50:50:820
62|1.1|636136516378985779|0|49855.796875|5.78857926311|99.49688263631|-139315|-874625||49855.796875|390||38981.25|390|49855.796875|896160|ETD472|0|2264|0|||3|3|0|1|1|132|50|["132,82,5","132,66,5","132,50,5"]|13:50:55:797
62|1.1|636136516428910771|0|49860.796875|5.77970652897|99.50306780104|-138631|-875613||49860.796875|390||38962.5|390|49860.796875|896160|ETD472|0|2264|0|||3|3|0|1|1|132|50|["132,82,5","132,66,5","132,50,5"]|13:51:00:797
62|1.1|636136516478825762|0|49865.78125|5.77089280334|99.50909203347|-137964|-876595||49865.78125|390||38956.25|390|49865.78125|896160|ETD472|0|2264|0|||3|3|0|1|1|132|66|["132,66,5","132,50,5"]|13:51:05:781
62|1.1|636136516528760755|0|49870.78125|5.76200934038|99.51510017267|-137299|-877585||49870.78125|390||38943.75|390|49870.78125|896160|ETD472|0|2264|0|||3|3|0|1|1|132|66|["132,66,5","132,50,5"]|13:51:10:781
62|1.1|636136516578675746|0|49875.78125|5.75312587742|99.52132288827|-136610|-878574||49875.78125|390||38918.75|390|49875.78125|896160|ETD472|0|2264|0|||3|3|0|1|1|132|66|["132,66,5","132,50,5"]|13:51:15:781
62|1.1|636136516628600738|0|49880.7578125|5.74423705005|99.52727201896|-135951|-879565||49880.7578125|390||38868.75|390|49880.7578125|896160|ETD472|0|2264|0|||3|3|0|1|1|132|66|["132,66,5","132,50,5"]|13:51:20:758
62|1.1|636136516678515729|0|49885.7578125|5.73533749386|99.53343036164|-135269|-880556||49885.7578125|390||38850|390|49885.7578125|896160|ETD472|0|2264|0|||3|3|0|1|1|132|66|["132,66,5","132,50,5"]|13:51:25:758
62|1.1|636136516728450722|0|49890.7421875|5.72648621736|99.53954042463|-134593|-881542||49890.7421875|390||38843.75|390|49890.7421875|896160|ETD472|0|2264|0|||3|3|0|1|1|132|51|["132,66,5","132,50,5"]|13:51:30:742
62|1.1|636136516778365713|0|49895.7421875|5.71758129676|99.545747047|-133905|-882534||49895.7421875|390||38837.5|390|49895.7421875|896160|ETD472|0|2264|0|||3|3|0|1|1|132|51|["132,66,5","132,50,5"]|13:51:35:742
62|1.1|636136516828280704|0|49900.7421875|5.70860127442|99.55199122024|-133214|-883534||49900.7421875|390||38800|390|49900.7421875|896160|ETD472|0|2264|0|||3|3|0|1|1|132|66|["132,66,5","132,50,5"]|13:51:40:742
62|1.1|636136516878205696|0|49905.71875|5.69976609115|99.55804227472|-132544|-884519||49905.71875|390||38793.75|390|49905.71875|896160|ETD472|0|2264|0|||3|3|0|1|1|132|66|["132,66,5","132,50,5"]|13:51:45:719
62|1.1|636136516928120687|0|49910.71875|5.69089872142|99.56405041392|-131878|-885507||49910.71875|390||38806.25|390|49910.71875|896160|ETD472|0|2264|0|||3|3|0|1|1|132|66|["132,66,5","132,50,5"]|13:51:50:719
62|1.1|636136516978045679|0|49915.6953125|5.68203135169|99.57005855312|-131213|-886494||49915.6953125|390||38800|390|49915.6953125|896160|ETD472|0|2264|0|||3|3|0|1|1|132|66|["132,66,5","132,50,5"]|13:51:55:695
62|1.1|636136517027990673|0|49920.6953125|5.67319616842|99.57612570083|-130540|-887479||49920.6953125|390||38850|390|49920.6953125|896160|ETD472|0|2264|0|||3|3|0|1|1|132|50|["132,66,5","132,50,5"]|13:52:00:695
62|1.1|636136517077895663|0|49925.6953125|5.6643341631|99.58218748413|-129869|-888466||49925.6953125|390||38856.25|390|49925.6953125|896160|ETD472|0|2264|0|||3|3|0|1|1|132|50|["132,66,5","132,50,5"]|13:52:05:695
62|1.1|636136517127810654|0|49930.6796875|5.65552580188|99.58835655563|-129186|-889447||49930.6796875|390||38868.75|390|49930.6796875|896160|ETD472|0|2264|0|||3|3|0|1|1|132|50|["132,66,5","132,50,5"]|13:52:10:680
62|1.1|636136517177735646|0|49935.6796875|5.64661015246|99.59453099154|-128502|-890440||49935.6796875|390||38850|390|49935.6796875|896160|ETD472|0|2264|0|||3|3|0|1|1|132|50|["132,66,5","132,50,5"]|13:52:15:680
62|1.1|636136517227650637|0|49940.65625|5.63780179124|99.60059277484|-127830|-891422||49940.65625|390||38868.75|390|49940.65625|896160|ETD472|0|2264|0|||3|3|0|1|1|132|66|["132,66,5","132,50,5"]|13:52:20:656
62|1.1|636136517277575629|0|49945.65625|5.62885931977|99.60666528696|-127157|-892418||49945.65625|390||38825|390|49945.65625|896160|ETD472|0|2264|0|||3|3|0|1|1|132|66|["132,66,5","132,50,5"]|13:52:25:656
62|1.1|636136517327500621|0|49950.65625|5.61903708506|99.61315622306|-126438|-893512||49950.65625|390||39025|390.25|49950.65625|896160|ETD472|0|2264|0|||3|3|0|1|1|132|51|["132,66,5","132,50,5"]|13:52:30:656
62|1.1|636136517377415612|0|49955.640625|5.61140889404|99.61831142107|-125867|-894362||49955.640625|390||39037.5|390.25|49955.640625|896160|ETD472|0|2264|0|||3|3|0|1|1|132|51|["132,66,5","132,50,5"]|13:52:35:641
62|1.1|636136517427340604|0|49960.640625|5.60306723649|99.62420690766|-125214|-895291||49960.640625|390||39075|390.25|49960.640625|896160|ETD472|0|2264|0|||3|3|0|1|1|132|66|["132,66,5","132,50,5"]|13:52:40:641
62|1.1|636136517477265596|0|49965.6171875|5.59426960409|99.63036525034|-124531|-896271||49965.6171875|390||39093.75|390|49965.6171875|896160|ETD472|0|2264|0|||3|3|0|1|1|132|66|["132,66,5","132,50,5"]|13:52:45:617
62|1.1|636136517527180587|0|49970.6171875|5.58538077672|99.63663624563|-123836|-897262||49970.6171875|390||39081.25|390|49970.6171875|896160|ETD472|0|2264|0|||3|3|0|1|1|132|66|["132,66,5","132,50,5"]|13:52:50:617
62|1.1|636136517577105579|0|49975.6171875|5.57636320351|99.642842868|-123148|-898266||49975.6171875|390||39000|390|49975.6171875|896160|ETD472|0|2264|0|||3|3|0|1|1|132|66|["132,66,5","132,50,5"]|13:52:55:617
62|1.1|636136517627030571|0|49980.6015625|5.56728125738|99.64888855807|-122478|-899278||49980.6015625|390||38875|390|49980.6015625|896160|ETD472|0|2264|0|||3|3|0|1|1|132|51|["132,66,5","132,50,5"]|13:53:00:602
62|1.1|636136517676945562|0|49985.6015625|5.55823686212|99.65501471429|-121799|-900285||49985.6015625|390||38793.75|390|49985.6015625|896160|ETD472|0|2264|0|||3|3|0|1|1|132|66|["132,66,5","132,50,5"]|13:53:05:602
62|1.1|636136517726880555|0|49990.578125|5.54922465332|99.66109795523|-121125|-901289||49990.578125|390||38750|390|49990.578125|896160|ETD472|0|2264|0|||3|3|0|1|1|132|66|["132,66,5","132,50,5"]|13:53:10:578
62|1.1|636136517776795546|0|49995.578125|5.54058795322|99.66692370449|-120479|-902251||49995.578125|390||39000|390|49995.578125|896160|ETD472|0|2264|0|||3|3|0|1|1|132|66|["132,66,5","132,50,5"]|13:53:15:578
62|1.1|636136517826710537|0|50000.578125|5.53181714287|99.67293184369|-119813|-903228||50000.578125|390||39012.5|390|50000.578125|896160|ETD472|0|2264|0|||3|3|0|1|1|132|50|["132,66,5","132,50,5"]|13:53:20:578
62|1.1|636136517876635529|0|50005.5625|5.52257426444|99.67935840687|-119100|-904258||50005.5625|390||38975|390|50005.5625|896160|ETD472|0|2264|0|||3|3|0|1|1|132|50|["132,66,5","132,50,5"]|13:53:25:563
62|1.1|636136517926560521|0|50010.5625|5.51363715738|99.68557039365|-118412|-905254||50010.5625|390||38956.25|390|50010.5625|896160|ETD472|0|2264|0|||3|3|0|1|1|132|50|["132,66,5","132,50,5"]|13:53:30:563
62|1.1|636136517976495514|0|50015.5390625|5.50477515206|99.69183066012|-117717|-906241||50015.5390625|390||38912.5|390|50015.5390625|896160|ETD472|0|2264|0|||3|3|0|1|1|132|66|["132,66,5","132,50,5"]|13:53:35:539
62|1.1|636136518026400504|0|50020.5390625|5.49604725699|99.69765640938|-117071|-907213||50020.5390625|390||39000|390|50020.5390625|896160|ETD472|0|2264|0|||3|3|0|1|1|132|66|["132,66,5","132,50,5"]|13:53:40:539
62|1.1|636136518076325496|0|50025.5390625|5.48724962459|99.70369673504|-116402|-908193||50025.5390625|390||39006.25|390|50025.5390625|896160|ETD472|0|2264|0|||3|3|0|1|1|132|66|["132,66,5","132,50,5"]|13:53:45:539
62|1.1|636136518126260489|0|50030.515625|5.47789409355|99.71020376437|-115680|-909235||50030.515625|390||38975|390|50030.515625|896160|ETD472|0|2264|0|||3|3|0|1|1|132|66|["132,66,5","132,50,5"]|13:53:50:516
62|1.1|636136518176165479|0|50035.515625|5.46915010525|99.71626554767|-115008|-910209||50035.515625|390||38987.5|390|50035.515625|896160|ETD472|0|2264|0|||3|3|0|1|1|132|66|["132,66,5","132,50,5"]|13:53:55:516
62|1.1|636136518226090471|0|50040.5|5.4602720067|99.72254727178|-114311|-911198||50040.5|390||38987.5|390|50040.5|896160|ETD472|0|2264|0|||3|3|0|1|1|132|51|["132,66,5","132,50,5"]|13:54:00:500
62|1.1|636136518276005462|0|50045.5|5.45131880641|99.72886654676|-113610|-912196||50045.5|390||38975|390|50045.5|896160|ETD472|0|2264|0|||3|3|0|1|1|132|66|["132,66,5","132,50,5"]|13:54:05:500
62|1.1|636136518325930454|0|50050.5|5.44223686028|99.73528238112|-112898|-913207||50050.5|390||38912.5|390|50050.5|896160|ETD472|0|2264|0|||3|3|0|1|1|132|66|["132,66,5","132,50,5"]|13:54:10:500
62|1.1|636136518375855446|0|50055.4765625|5.43292960893|99.74152118995|-112206|-914244||50055.4765625|390||38825|390|50055.4765625|896160|ETD472|0|2264|0|||3|3|0|1|1|132|66|["132,66,5","132,50,5"]|13:54:15:477
62|1.1|636136518425770437|0|50060.4765625|5.42372964578|99.74785119375|-111504|-915269||50060.4765625|390||38768.75|390|50060.4765625|896160|ETD472|0|2264|0|||3|3|0|1|1|132|66|["132,66,5","132,50,5"]|13:54:20:477
62|1.1|636136518475705430|0|50065.4609375|5.41491592015|99.75360184127|-110866|-916250||50065.4609375|390||38987.5|390|50065.4609375|896160|ETD472|0|2264|0|||3|3|0|1|1|132|66|["132,66,5","132,50,5"]|13:54:25:461
62|1.1|636136518525620421|0|50070.4609375|5.40577496551|99.75996939594|-110160|-917269||50070.4609375|390||38962.5|390|50070.4609375|896160|ETD472|0|2264|0|||3|3|0|1|1|132|66|["132,66,5","132,50,5"]|13:54:30:461
62|1.1|636136518575545413|0|50075.4609375|5.39663401087|99.766224298|-109465|-918287||50075.4609375|390||38925|390|50075.4609375|896160|ETD472|0|2264|0|||3|3|0|1|1|132|66|["132,66,5","132,50,5"]|13:54:35:461
62|1.1|636136518625460404|0|50080.4375|5.38761107325|99.77259185267|-108759|-919292||50080.4375|390||38875|390|50080.4375|896160|ETD472|0|2264|0|||3|3|0|1|1|132|66|["132,66,5","132,50,5"]|13:54:40:438
62|1.1|636136518675385396|0|50085.4375|5.37893145787|99.77821911876|-108135|-920259||50085.4375|390||39012.5|390|50085.4375|896160|ETD472|0|2264|0|||3|3|0|1|1|132|50|["132,66,5","132,50,5"]|13:54:45:438
62|1.1|636136518725300387|0|50090.421875|5.36988706261|99.78450084287|-107437|-921266||50090.421875|390||39006.25|390|50090.421875|896160|ETD472|0|2264|0|||3|3|0|1|1|132|66|["132,66,5","132,50,5"]|13:54:50:422
62|1.1|636136518775225379|0|50095.421875|5.36066027741|99.79059481263|-106761|-922294||50095.421875|390||38987.5|390|50095.421875|896160|ETD472|0|2264|0|||3|3|0|1|1|132|66|["132,66,5","132,50,5"]|13:54:55:422
62|1.1|636136518825150371|0|50100.421875|5.35166416184|99.79688190115|-106064|-923296||50100.421875|390||38975|390|50100.421875|896160|ETD472|0|2264|0|||3|3|0|1|1|132|66|["132,66,5","132,50,5"]|13:55:00:422
62|1.1|636136518875075363|0|50105.3984375|5.34292017354|99.80283639625|-105403|-924270||50105.3984375|390||39000|390|50105.3984375|896160|ETD472|0|2264|0|||3|3|0|1|1|132|66|["132,66,5","132,50,5"]|13:55:05:398
62|1.1|636136518925000355|0|50110.3984375|5.33345198989|99.80925759502|-104690|-925324||50110.3984375|390||38975|390|50110.3984375|896160|ETD472|0|2264|0|||3|3|0|1|1|132|66|["132,66,5","132,50,5"]|13:55:10:398
62|1.1|636136518974915346|0|50115.375|5.32477237451|99.81521209012|-104029|-926291||50115.375|390||39006.25|390|50115.375|896160|ETD472|0|2264|0|||3|3|0|1|1|132|50|["132,66,5","132,50,5"]|13:55:15:375
62|1.1|636136519024840338|0|50120.375|5.31582453863|99.82127923783|-103356|-927288||50120.375|390||39006.25|390|50120.375|896160|ETD472|0|2264|0|||3|3|0|1|1|132|66|["132,66,5","132,50,5"]|13:55:20:375
62|1.1|636136519074765330|0|50125.375|5.3071181012|99.82719081765|-102699|-928258||50125.375|390||39012.5|390|50125.375|896160|ETD472|0|2264|0|||3|3|0|1|1|132|51|["132,66,5","132,50,5"]|13:55:25:375
62|1.1|636136519124680321|0|50130.359375|5.29767137519|99.83373539785|-101973|-929310||50130.359375|390||39006.25|390|50130.359375|896160|ETD472|0|2264|0|||3|3|0|1|1|132|51|["132,66,5","132,50,5"]|13:55:30:359
62|1.1|636136519174765329|0|50135.359375|5.28885228515|99.83983473202|-101296|-930292||50135.359375|390||38975|390|50135.359375|896160|ETD472|0|2264|0|||3|3|0|1|1|132|51|["132,66,5","132,50,5"]|13:55:35:359
62|1.1|636136519224520304|0|50140.3359375|5.28005465275|99.84606281203|-100604|-931272||50140.3359375|390||38956.25|390|50140.3359375|896160|ETD472|0|2264|0|||3|3|0|1|1|132|50|["132,66,5","132,50,5"]|13:55:40:336
62|1.1|636136519274445296|0|50145.3359375|5.27051673177|99.85262884987|-99875|-932335||50145.3359375|390||38937.5|390|50145.3359375|896160|ETD472|0|2264|0|||3|3|0|1|1|132|51|["132,66,5","132,50,5"]|13:55:45:336
62|1.1|636136519324370288|0|50150.3359375|5.26193367577|99.85855115851|-99218|-933291||50150.3359375|390||38987.5|390|50150.3359375|896160|ETD472|0|2264|0|||3|3|0|1|1|132|51|["132,66,5","132,50,5"]|13:55:50:336
62|1.1|636136519374285279|0|50155.3203125|5.25192368671|99.86533713716|-98464|-934406||50155.3203125|390||38993.75|390|50155.3203125|896160|ETD472|0|2264|0|||3|3|0|1|1|132|51|["132,66,5","132,50,5"]|13:55:55:320
62|1.1|636136519424240274|0|50160.3203125|5.24355520711|99.87098586089|-97837|-935338||50160.3203125|390||38987.5|390|50160.3203125|896160|ETD472|0|2264|0|||3|3|0|1|1|132|51|["132,66,5","132,50,5"]|13:56:00:320
62|1.1|636136519474135263|0|50165.296875|5.2347522103|99.87729977146|-97136|-936319||50165.296875|390||38968.75|390|50165.296875|896160|ETD472|0|2264|0|||3|3|0|1|1|132|50|["132,66,5","132,50,5"]|13:56:05:297
62|1.1|636136519524050254|0|50170.296875|5.22587947616|99.88330791066|-96468|-937307||50170.296875|390||38987.5|390|50170.296875|896160|ETD472|0|2264|0|||3|3|0|1|1|132|50|["132,66,5","132,50,5"]|13:56:10:297
62|1.1|636136519573975246|0|50175.296875|5.21697991997|99.88959499918|-95770|-938298||50175.296875|390||38987.5|390|50175.296875|896160|ETD472|0|2264|0|||3|3|0|1|1|132|50|["132,66,5","132,50,5"]|13:56:15:297
62|1.1|636136519623900238|0|50180.28125|5.20812327906|99.89553340105|-95110|-939285||50180.28125|390||39000|390|50180.28125|896160|ETD472|0|2264|0|||3|3|0|1|1|132|50|["132,50,5"]|13:56:20:281
62|1.1|636136519673815229|0|50185.28125|5.19862827336|99.90203506597|-94388|-940342||50185.28125|390||38962.5|390|50185.28125|896160|ETD472|0|2264|0|||3|3|0|1|1|132|50|["132,50,5"]|13:56:25:281
62|1.1|636136519723740221|0|50190.2578125|5.18971262394|99.90804856958|-93720|-941335||50190.2578125|390||38987.5|390|50190.2578125|896160|ETD472|0|2264|0|||3|3|0|1|1|132|51|["132,50,5"]|13:56:30:258
62|1.1|636136519773665213|0|50195.2578125|5.18080770334|99.91433029369|-93022|-942327||50195.2578125|390||38987.5|390|50195.2578125|896160|ETD472|0|2264|0|||3|3|0|1|1|132|50|["132,50,5"]|13:56:35:258
62|1.1|636136519823580204|0|50200.2578125|5.17185450305|99.92064420426|-92321|-943325||50200.2578125|390||38975|390|50200.2578125|896160|ETD472|0|2264|0|||3|3|0|1|1|132|50|["132,50,5"]|13:56:40:258
62|1.1|636136519873505196|0|50205.2421875|5.16285302307|99.92690447073|-91625|-944327||50205.2421875|390||38956.25|390|50205.2421875|896160|ETD472|0|2264|0|||3|3|0|1|1|132|50|["132,50,5"]|13:56:45:242
62|1.1|636136519923430188|0|50210.2421875|5.15387300073|99.93270876235|-90980|-945327||50210.2421875|390||39000|390|50210.2421875|896160|ETD472|0|2264|0|||3|3|0|1|1|132|50|["132,50,5"]|13:56:50:242
62|1.1|636136519973355180|0|50215.21875|5.14494125808|99.93894757118|-90287|-946322||50215.21875|390||39000|390|50215.21875|896160|ETD472|0|2264|0|||3|3|0|1|1|132|50|["132,50,5"]|13:56:55:219
62|1.1|636136520023270171|0|50220.21875|5.135886134|99.94522929529|-89589|-947331||50220.21875|390||38987.5|390|50220.21875|896160|ETD472|0|2264|0|||3|3|0|1|1|132|50|["132,50,5"]|13:57:00:219
62|1.1|636136520073195163|0|50225.21875|5.12603707724|99.9517792399|-88861|-948428||50225.21875|390||38931.25|390|50225.21875|896160|ETD472|0|2264|0|||3|3|0|1|1|132|50|["132,50,5"]|13:57:05:219
62|1.1|636136520123120155|0|50230.1953125|5.11696585993|99.95807705724|-88161|-949438||50230.1953125|390||38906.25|390|50230.1953125|896160|ETD472|0|2264|0|||3|3|0|1|1|132|50|["132,50,5"]|13:57:10:195
62|1.1|636136520173035146|0|50235.1953125|5.10786245616|99.96436951017|-87462|-950452||50235.1953125|390||38875|390|50235.1953125|896160|ETD472|0|2264|0|||3|3|0|1|1|132|50|["132,50,5"]|13:57:15:195
62|1.1|636136520222960138|0|50240.1796875|5.0987644168|99.97059222577|-86770|-951466||50240.1796875|390||38825|390|50240.1796875|896160|ETD472|0|2264|0|||3|3|0|1|1|132|50|["132,50,5"]|13:57:20:180
62|1.1|636136520269754817|0|50244.859375|5.09017599639|99.97650380559|-86113|-952422||50244.859375|390||38768.75|390|50244.859375|896160|ETD472|0|2264|0|||3|3|0|1|1|132|50|["132,50,5"]|13:57:24:859
62|1.1|636136520319679809|0|50249.859375|5.08094921119|99.98275870765|-85418|-953450||50249.859375|390||38718.75|390|50249.859375|896160|ETD472|0|2264|0|||3|3|0|1|1|132|50|["132,50,5"]|13:57:29:859
62|1.1|636136520369604801|0|50254.859375|5.07169560394|99.98876148244|-84751|-954480||50254.859375|390||38793.75|390|50254.859375|896160|ETD472|0|2264|0|||3|3|0|1|1|132|50|["132,50,5"]|13:57:34:859
62|1.1|636136520419519792|0|50259.8359375|5.06262438663|99.99506466419|-84050|-955491||50259.8359375|390||38800|390|50259.8359375|896160|ETD472|0|2264|0|||3|3|0|1|1|132|50|["132,50,5"]|13:57:39:836
62|1.1|636136520469444784|0|50264.8359375|5.05355316932|100.00111571867|-83377|-956501||50264.8359375|390||38843.75|390|50264.8359375|896160|ETD472|0|2264|0|||3|3|0|1|1|132|50|["132,50,5"]|13:57:44:836
62|1.1|636136520519369776|0|50269.8203125|5.04450340965|100.00732234104|-82687|-957509||50269.8203125|390||38862.5|390|50269.8203125|896160|ETD472|0|2264|0|||3|3|0|1|1|132|50|["132,50,5"]|13:57:49:820
62|1.1|636136520569284767|0|50274.8203125|5.03544828557|100.0136308872|-81986|-958518||50274.8203125|390||38893.75|390|50274.8203125|896160|ETD472|0|2264|0|||3|3|0|1|1|132|51|["132,50,5"]|13:57:54:820
62|1.1|636136520619209759|0|50279.8203125|5.02640389031|100.01986969603|-81292|-959525||50279.8203125|390||38931.25|390|50279.8203125|896160|ETD472|0|2264|0|||3|3|0|1|1|132|50|["132,50,5"]|13:57:59:820
62|1.1|636136520669134751|0|50284.796875|5.01742386797|100.02600658107|-80610|-960525||50284.796875|390||38975|390|50284.796875|896160|ETD472|0|2264|0|||3|3|0|1|1|132|50|["132,50,5"]|13:58:04:797
62|1.1|636136520719049742|0|50289.796875|5.0083741083|100.03232049164|-79907|-961533||50289.796875|390||38993.75|390|50289.796875|896160|ETD472|0|2264|0|||3|3|0|1|1|132|50|["132,50,5"]|13:58:09:797
62|1.1|636136520768974734|0|50294.78125|4.99937799273|100.03855930047|-79214|-962535||50294.78125|390||39018.75|390|50294.78125|896160|ETD472|0|2264|0|||3|3|0|1|1|132|50|["132,50,5"]|13:58:14:781
62|1.1|636136520818899726|0|50299.78125|4.99032823306|100.04488393986|-78510|-963543||50299.78125|390||39037.5|390|50299.78125|896160|ETD472|0|2264|0|||3|3|0|1|1|132|50|["132,50,5"]|13:58:19:781
62|1.1|636136520868814717|0|50304.78125|4.98135893954|100.05090280788|-77841|-964542||50304.78125|390||39087.5|390|50304.78125|896160|ETD472|0|2264|0|||3|3|0|1|1|132|50|["132,50,5"]|13:58:24:781
62|1.1|636136520918739709|0|50309.7578125|4.97239501043|100.05715770994|-77145|-965540||50309.7578125|389.75||39106.25|390|50309.7578125|896160|ETD472|0|2264|0|||3|3|0|1|1|132|50|["132,50,5"]|13:58:29:758
62|1.1|636136520968664701|0|50314.7578125|4.96340962368|100.06354135784|-76435|-966541||50314.7578125|390||39125|390|50314.7578125|896160|ETD472|0|2264|0|||3|3|0|1|1|132|50|["132,50,5"]|13:58:34:758
62|1.1|636136521018589693|0|50319.7421875|4.95445642339|100.06980162431|-75739|-967539||50319.7421875|390||39131.25|390|50319.7421875|896160|ETD472|0|2264|0|||3|3|0|1|1|132|51|["132,50,5"]|13:58:39:742
62|1.1|636136521068504684|0|50324.7421875|4.94549785869|100.07590095848|-75060|-968536||50324.7421875|390||39168.75|390.25|50324.7421875|896160|ETD472|0|2264|0|||3|3|0|1|1|132|50|["132,50,5"]|13:58:44:742
62|1.1|636136521118429676|0|50329.7421875|4.93656075163|100.08204857234|-74376|-969532||50329.7421875|390||39193.75|390.25|50329.7421875|896160|ETD472|0|2264|0|||3|3|0|1|1|132|50|["132,50,5"]|13:58:49:742
62|1.1|636136521168344667|0|50334.71875|4.92765046662|100.08815863533|-73696|-970524||50334.71875|390||39200|390.25|50334.71875|896160|ETD472|0|2264|0|||3|3|0|1|1|132|50|["132,50,5"]|13:58:54:719
62|1.1|636136521218269659|0|50339.71875|4.9187348172|100.09435452888|-73007|-971517||50339.71875|390.25||39225|390.25|50339.71875|896160|ETD472|0|2264|0|||3|3|0|1|1|132|50|["132,50,5"]|13:58:59:719
62|1.1|636136521268194651|0|50344.6953125|4.9098835407|100.10038412572|-72336|-972503||50344.6953125|390.25||39250|390.25|50344.6953125|896160|ETD472|0|2264|0|||3|3|0|1|1|132|50|["132,50,5"]|13:59:04:695
62|1.1|636136521318109642|0|50349.6953125|4.90097325569|100.10653173958|-71652|-973495||50349.6953125|390||39256.25|390.25|50349.6953125|896160|ETD472|0|2264|0|||3|3|0|1|1|132|51|["132,50,5"]|13:59:09:695
62|1.1|636136521368034634|0|50354.6953125|4.89210052155|100.11265253139|-70971|-974483||50354.6953125|390||39275|390.25|50354.6953125|896160|ETD472|0|2264|0|||3|3|0|1|1|132|51|["132,50,5"]|13:59:14:695
62|1.1|636136521417959626|0|50359.6796875|4.88324924505|100.11884306053|-70282|-975469||50359.6796875|390||39275|390.25|50359.6796875|896160|ETD472|0|2264|0|||3|3|0|1|1|132|50|["132,50,5"]|13:59:19:680
62|1.1|636136521467874617|0|50364.6796875|4.87439260414|100.12501749644|-69595|-976456||50364.6796875|390||39281.25|390.25|50364.6796875|896160|ETD472|0|2264|0|||3|3|0|1|1|132|50|["132,50,5"]|13:59:24:680
62|1.1|636136521517649594|0|50369.65625|4.86560033615|100.13117047471|-68910|-977435||50369.65625|390||39300|390.25|50369.65625|896160|ETD472|0|2264|0|||3|3|0|1|1|132|50|["132,50,5"]|13:59:29:656
62|1.1|636136521567724601|0|50374.65625|4.85678124611|100.1371196054|-68248|-978417||50374.65625|390||39312.5|390.25|50374.65625|896160|ETD472|0|2264|0|||3|3|0|1|1|132|50|["132,50,5"]|13:59:34:656
62|1.1|636136521617489577|0|50379.65625|4.84795142725|100.14329940572|-67560|-979401||50379.65625|390||39312.5|390.25|50379.65625|896160|ETD472|0|2264|0|||3|3|0|1|1|132|50|["132,50,5"]|13:59:39:656
62|1.1|636136521667404568|0|50384.640625|4.83915915926|100.14951675691|-66868|-980380||50384.640625|390||39306.25|390.25|50384.640625|896160|ETD472|0|2264|0|||3|3|0|1|1|132|50|["132,50,5"]|13:59:44:641
62|1.1|636136521717489576|0|50389.640625|4.83036152686|100.15570728605|-66178|-981360||50389.640625|390||39300|390.25|50389.640625|896160|ETD472|0|2264|0|||3|3|0|1|1|132|50|["132,50,5"]|13:59:49:641
62|1.1|636136521767404567|0|50394.6171875|4.82157462328|100.16194073047|-65485|-982339||50394.6171875|390||39281.25|390|50394.6171875|896160|ETD472|0|2264|0|||3|3|0|1|1|132|50|["132,50,5"]|13:59:54:617
62|1.1|636136521817169543|0|50399.6171875|4.81275553324|100.16797032731|-64813|-983321||50399.6171875|390||39281.25|390|50399.6171875|896160|ETD472|0|2264|0|||3|3|0|1|1|132|50|["132,50,5"]|13:59:59:617
62|1.1|636136521867094535|0|50404.6171875|4.80395790084|100.17406966148|-64134|-984301||50404.6171875|390||39287.5|390|50404.6171875|896160|ETD472|0|2264|0|||3|3|0|1|1|132|50|["132,50,5"]|14:00:04:617
62|1.1|636136521917029528|0|50409.6015625|4.79520854813|100.18004561422|-63469|-985275||50409.6015625|390||39300|390|50409.6015625|896160|ETD472|0|2264|0|||3|3|0|1|1|132|50|["132,50,5"]|14:00:09:602
62|1.1|636136521966944519|0|50414.6015625|4.78641091573|100.18617713485|-62786|-986255||50414.6015625|390||39287.5|390|50414.6015625|896160|ETD472|0|2264|0|||3|3|0|1|1|132|51|["132,50,5"]|14:00:14:602
62|1.1|636136522016869511|0|50419.578125|4.77762937656|100.19220136728|-62115|-987233||50419.578125|390||39256.25|390|50419.578125|896160|ETD472|0|2264|0|||3|3|0|1|1|132|50|["132,50,5"]|14:00:19:578
62|1.1|636136522066784502|0|50424.578125|4.76883710857|100.19831679468|-61434|-988212||50424.578125|390||39250|390|50424.578125|896160|ETD472|0|2264|0|||3|3|0|1|1|132|51|["132,50,5"]|14:00:24:578
62|1.1|636136522116699493|0|50429.578125|4.76002874735|100.20430884065|-60767|-989194||50429.578125|390||39231.25|390|50429.578125|896160|ETD472|0|2264|0|||3|3|0|1|1|132|50|["132,50,5"]|14:00:29:578
62|1.1|636136522166634486|0|50434.5625|4.75126866582|100.21021505606|-60109|-990169||50434.5625|390||39225|390|50434.5625|896160|ETD472|0|2264|0|||3|3|0|1|1|132|50|["132,50,5"]|14:00:34:563
62|1.1|636136522216549477|0|50439.5625|4.74248712665|100.21617491557|-59445|-991147||50439.5625|390||39218.75|390|50439.5625|896160|ETD472|0|2264|0|||3|3|0|1|1|132|50|["132,50,5"]|14:00:39:563
62|1.1|636136522266474469|0|50444.5390625|4.73372168071|100.22234398707|-58758|-992123||50444.5390625|390||39193.75|390|50444.5390625|896160|ETD472|0|2264|0|||3|3|0|1|1|132|50|["132,50,5"]|14:00:44:539
62|1.1|636136522316389460|0|50449.5390625|4.72495623477|100.22835749068|-58089|-993100||50449.5390625|390||39181.25|390|50449.5390625|896160|ETD472|0|2264|0|||3|3|0|1|1|132|50|["132,50,5"]|14:00:49:539
62|1.1|636136522366314452|0|50454.5390625|4.71616933119|100.23446218926|-57408|-994078||50454.5390625|390||39175|390|50454.5390625|896160|ETD472|0|2264|0|||3|3|0|1|1|132|50|["132,50,5"]|14:00:54:539
62|1.1|636136522416239444|0|50459.515625|4.70744680053|100.24051324374|-56734|-995050||50459.515625|390||39168.75|390|50459.515625|896160|ETD472|0|2264|0|||3|3|0|1|1|132|50|["132,50,5"]|14:00:59:516
62|1.1|636136522466154435|0|50464.515625|4.69875109192|100.24518028044|-56215|-996018||50464.515625|390||39018.75|390|50464.515625|896160|ETD472|0|2264|0|||3|3|0|1|1|132|50|["132,50,5"]|14:01:04:516
62|1.1|636136522516079427|0|50469.5|4.69016803592|100.25068952951|-55601|-996974||50469.5|390||39025|390|50469.5|896160|ETD472|0|2264|0|||3|3|0|1|1|132|50|["132,50,5"]|14:01:09:500
62|1.1|636136522566004419|0|50474.5|4.68257203136|100.25578571901|-55033|-997820||50474.5|390||39050|390|50474.5|896160|ETD472|0|2264|0|||3|3|0|1|1|132|50|["132,50,5"]|14:01:14:500
62|1.1|636136522615919410|0|50479.5|4.6741177212|100.26198697697|-54342|-998762||50479.5|390||39062.5|390|50479.5|896160|ETD472|0|2264|0|||3|3|0|1|1|132|50|["132,50,5"]|14:01:19:500
62|1.1|636136522665844402|0|50484.4765625|4.66552393638|100.26825797226|-53643|-999719||50484.4765625|390||39068.75|390|50484.4765625|896160|ETD472|0|2264|0|||3|3|0|1|1|132|50|["132,50,5"]|14:01:24:477
62|1.1|636136522715759393|0|50489.4765625|4.65682822777|100.27468453544|-52927|-1000687||50489.4765625|390||39050|390|50489.4765625|896160|ETD472|0|2264|0|||3|3|0|1|1|132|50|["132,50,5"]|14:01:29:477
62|1.1|636136522765684385|0|50494.4609375|4.64737613735|100.28012941159|-52321|-1001740||50494.4609375|390||39000|390|50494.4609375|896160|ETD472|0|2264|0|||3|3|0|1|1|132|51|["132,50,5"]|14:01:34:461
62|1.1|636136522815609377|0|50499.4609375|4.63877162371|100.28572985563|-51697|-1002698||50499.4609375|390||38987.5|390|50499.4609375|896160|ETD472|0|2264|0|||3|3|0|1|1|132|51|["132,50,5"]|14:01:39:461
62|1.1|636136522865534369|0|50504.4609375|4.63013492361|100.29215641881|-50980|-1003660||50504.4609375|390||38956.25|390|50504.4609375|896160|ETD472|0|2264|0|||3|3|0|1|1|132|50|["132,50,5"]|14:01:44:461
62|1.1|636136522915459361|0|50509.4375|4.62148213028|100.2984810582|-50275|-1004624||50509.4375|390||38931.25|390|50509.4375|896160|ETD472|0|2264|0|||3|3|0|1|1|132|50|["132,50,5"]|14:01:49:438
62|1.1|636136522965374352|0|50514.4375|4.6127488708|100.30484861287|-49566|-1005597||50514.4375|390||38881.25|390|50514.4375|896160|ETD472|0|2264|0|||3|3|0|1|1|132|50|["132,50,5"]|14:01:54:438
62|1.1|636136523015299344|0|50519.421875|4.60387613666|100.31111424375|-48867|-1006585||50519.421875|390||38800|390|50519.421875|896160|ETD472|0|2264|0|||3|3|0|1|1|132|50|["132,50,5"]|14:01:59:422
62|1.1|636136523065214335|0|50524.421875|4.59432212245|100.31658057754|-48258|-1007649||50524.421875|390||38962.5|390|50524.421875|896160|ETD472|0|2264|0|||3|3|0|1|1|132|51|["132,50,5"]|14:02:04:422
62|1.1|636136523115139327|0|50529.421875|4.58561568502|100.32285157283|-47559|-1008618||50529.421875|390||38950|390|50529.421875|896160|ETD472|0|2264|0|||3|3|0|1|1|132|50|["132,50,5"]|14:02:09:422
62|1.1|636136523165064319|0|50534.3984375|4.57688242554|100.32837155072|-46944|-1009591||50534.3984375|390||39006.25|390|50534.3984375|896160|ETD472|0|2264|0|||3|3|0|1|1|132|51|["132,50,5"]|14:02:14:398
62|1.1|636136523214989311|0|50539.3984375|4.56862659855|100.33425094408|-46288|-1010511||50539.3984375|390||39031.25|390|50539.3984375|896160|ETD472|0|2264|0|||3|3|0|1|1|132|50|["132,50,5"]|14:02:19:398
62|1.1|636136523264914303|0|50544.375|4.56015619516|100.33972264228|-45678|-1011454||50544.375|390||39025|390|50544.375|896160|ETD472|0|2264|0|||3|3|0|1|1|132|50|["132,50,5"]|14:02:24:375
62|1.1|636136523314829294|0|50549.375|4.55165360531|100.34532845073|-45053|-1012401||50549.375|390||39025|390|50549.375|896160|ETD472|0|2264|0|||3|3|0|1|1|132|50|["132,50,5"]|14:02:29:375
62|1.1|636136523364794290|0|50554.375|4.54299544757|100.35112201353|-44407|-1013365||50554.375|390||39018.75|390|50554.375|896160|ETD472|0|2264|0|||3|3|0|1|1|132|50|["132,50,5"]|14:02:34:375
62|1.1|636136523414669277|0|50559.359375|4.53306592466|100.35758076317|-43687|-1014471||50559.359375|390||38987.5|390|50559.359375|896160|ETD472|0|2264|0|||3|3|0|1|1|132|51|["132,50,5"]|14:02:39:359
62|1.1|636136523464594269|0|50564.359375|4.52459552127|100.36371764821|-43003|-1015414||50564.359375|390||38937.5|390|50564.359375|896160|ETD472|0|2264|0|||3|3|0|1|1|132|50|["132,50,5"]|14:02:44:359
62|1.1|636136523514509260|0|50569.3359375|4.51583543974|100.37010666052|-42290|-1016390||50569.3359375|390||38900|390|50569.3359375|896160|ETD472|0|2264|0|||3|3|0|1|1|132|50|["132,50,5"]|14:02:49:336
62|1.1|636136523564434252|0|50574.3359375|4.50731675666|100.37572319779|-41664|-1017339||50574.3359375|390||39000|390|50574.3359375|896160|ETD472|0|2264|0|||3|3|0|1|1|132|51|["132,50,5"]|14:02:54:336
62|1.1|636136523614359244|0|50579.3359375|4.49863714128|100.38167769289|-41000|-1018306||50579.3359375|390||39006.25|390|50579.3359375|896160|ETD472|0|2264|0|||3|3|0|1|1|132|51|["132,50,5"]|14:02:59:336
62|1.1|636136523664274235|0|50584.3203125|4.48999507677|100.38764828122|-40334|-1019268||50584.3203125|390||39006.25|390|50584.3203125|896160|ETD472|0|2264|0|||3|3|0|1|1|132|51|["132,50,5"]|14:03:04:320
62|1.1|636136523714199227|0|50589.3203125|4.4806770966|100.3942357767|-39599|-1020306||50589.3203125|390||38962.5|390|50589.3203125|896160|ETD472|0|2264|0|||3|3|0|1|1|132|50|["132,50,5"]|14:03:09:320
62|1.1|636136523764124219|0|50594.296875|4.47193847271|100.40054432286|-38895|-1021279||50594.296875|390||38937.5|390|50594.296875|896160|ETD472|0|2264|0|||3|3|0|1|1|132|50|["132,50,5"]|14:03:14:297
62|1.1|636136523814049211|0|50599.296875|4.46337150994|100.40632179243|-38251|-1022233||50599.296875|390||38987.5|390|50599.296875|896160|ETD472|0|2264|0|||3|3|0|1|1|132|50|["132,50,5"]|14:03:19:297
62|1.1|636136523863964202|0|50604.296875|4.45377458045|100.4126893471|-37541|-1023302||50604.296875|390||38962.5|390|50604.296875|896160|ETD472|0|2264|0|||3|3|0|1|1|132|51|["132,50,5"]|14:03:24:297
62|1.1|636136523913889194|0|50609.28125|4.44508960066|100.41899252885|-36837|-1024270||50609.28125|390||38937.5|390|50609.28125|896160|ETD472|0|2264|0|||3|3|0|1|1|132|50|["132,50,5"]|14:03:29:281
62|1.1|636136523963814186|0|50614.28125|4.43579844254|100.42511868507|-36154|-1025304||50614.28125|390||38956.25|390|50614.28125|896160|ETD472|0|2264|0|||3|3|0|1|1|132|51|["132,50,5"]|14:03:34:281
62|1.1|636136524013729177|0|50619.2578125|4.42670576759|100.43123947688|-35471|-1026317||50619.2578125|390||38962.5|390|50619.2578125|896160|ETD472|0|2264|0|||3|3|0|1|1|132|51|["132,50,5"]|14:03:39:258
62|1.1|636136524063654169|0|50624.2578125|4.41820854215|100.43692038707|-34837|-1027263||50624.2578125|390||39006.25|390|50624.2578125|896160|ETD472|0|2264|0|||3|3|0|1|1|132|50|["132,50,5"]|14:03:44:258
62|1.1|636136524113579161|0|50629.2578125|4.40990443547|100.44246718701|-34218|-1028188||50629.2578125|390||39031.25|390|50629.2578125|896160|ETD472|0|2264|0|||3|3|0|1|1|132|50|["132,50,5"]|14:03:49:258
62|1.1|636136524163494152|0|50634.2421875|4.40146085413|100.44808908869|-33591|-1029128||50634.2421875|390||39037.5|390|50634.2421875|896160|ETD472|0|2264|0|||3|3|0|1|1|132|50|["132,50,5"]|14:03:54:242
62|1.1|636136524213409143|0|50639.2421875|4.39220724688|100.45410795671|-32919|-1030159||50639.2421875|390||39006.25|390|50639.2421875|896160|ETD472|0|2264|0|||3|3|0|1|1|132|51|["132,50,5"]|14:03:59:242
62|1.1|636136524263344136|0|50644.21875|4.38409625896|100.45966548547|-32299|-1031063||50644.21875|390||39000|390|50644.21875|896160|ETD472|0|2264|0|||3|3|0|1|1|132|51|["132,50,5"]|14:04:04:219
62|1.1|636136524313259127|0|50649.21875|4.37503040606|100.46586674343|-31607|-1032072||50649.21875|390||38987.5|390|50649.21875|896160|ETD472|0|2264|0|||3|3|0|1|1|132|51|["132,50,5"]|14:04:09:219
62|1.1|636136524363174118|0|50654.21875|4.36612548546|100.47201435729|-30921|-1033064||50654.21875|390||38987.5|390|50654.21875|896160|ETD472|0|2264|0|||3|3|0|1|1|132|51|["132,50,5"]|14:04:14:219
62|1.1|636136524413099110|0|50659.1953125|4.35730103101|100.47809223382|-30242|-1034047||50659.1953125|390||38981.25|390|50659.1953125|896160|ETD472|0|2264|0|||3|3|0|1|1|132|51|["132,50,5"]|14:04:19:195
62|1.1|636136524463024102|0|50664.1953125|4.34791331351|100.48458853433|-29517|-1035092||50664.1953125|390||38943.75|390|50664.1953125|896160|ETD472|0|2264|0|||3|3|0|1|1|132|51|["132,50,5"]|14:04:24:195
62|1.1|636136524512949094|0|50669.1796875|4.33832711284|100.49126186037|-28772|-1036160||50669.1796875|390||38943.75|390|50669.1796875|896160|ETD472|0|2264|0|||3|3|0|1|1|132|51|["132,50,5"]|14:04:29:180
62|1.1|636136524562874086|0|50674.1796875|4.32914324292|100.4975543133|-28070|-1037183||50674.1796875|390||38987.5|390|50674.1796875|896160|ETD472|0|2264|0|||3|3|0|1|1|132|50|["132,50,5"]|14:04:34:180
62|1.1|636136524612789077|0|50679.1796875|4.32120391612|100.50298309622|-27464|-1038067||50679.1796875|390||39012.5|390|50679.1796875|896160|ETD472|0|2264|0|||3|3|0|1|1|132|50|["132,50,5"]|14:04:39:180
62|1.1|636136524662714069|0|50684.15625|4.31254575838|100.50874983697|-26820|-1039031||50684.15625|390||39012.5|390|50684.15625|896160|ETD472|0|2264|0|||3|3|0|1|1|132|50|["132,50,5"]|14:04:44:156
62|1.1|636136524712629060|0|50689.15625|4.30393051592|100.51454876418|-26173|-1039991||50689.15625|390||39012.5|390|50689.15625|896160|ETD472|0|2264|0|||3|3|0|1|1|132|50|["132,50,5"]|14:04:49:156
62|1.1|636136524762554052|0|50694.140625|4.29408145916|100.52131328519|-25417|-1041088||50694.140625|390||38968.75|390|50694.140625|896160|ETD472|0|2264|0|||3|3|0|1|1|132|50|["132,50,5"]|14:04:54:141
62|1.1|636136524812479044|0|50699.140625|4.28461863992|100.52788468744|-24684|-1042142||50699.140625|390||38943.75|390|50699.140625|896160|ETD472|0|2264|0|||3|3|0|1|1|132|50|["132,50,5"]|14:04:59:141
62|1.1|636136524862404036|0|50704.140625|4.27641109262|100.53363533496|-24041|-1043056||50704.140625|390||39012.5|390|50704.140625|896160|ETD472|0|2264|0|||3|3|0|1|1|132|50|["132,50,5"]|14:05:04:141
62|1.1|636136524912319027|0|50709.1171875|4.26672833257|100.54017991516|-23311|-1044134||50709.1171875|390||39006.25|390|50709.1171875|896160|ETD472|0|2264|0|||3|3|0|1|1|132|51|["132,50,5"]|14:05:09:117
62|1.1|636136524962244019|0|50714.1171875|4.25874609049|100.54576963038|-22687|-1045023||50714.1171875|390||39006.25|390|50714.1171875|896160|ETD472|0|2264|0|||3|3|0|1|1|132|51|["132,50,5"]|14:05:14:117
62|1.1|636136525012169011|0|50719.1015625|4.24966414436|100.55205135449|-21985|-1046035||50719.1015625|390||38987.5|390|50719.1015625|896160|ETD472|0|2264|0|||3|3|0|1|1|132|51|["132,50,5"]|14:05:19:102
62|1.1|636136525062084002|0|50724.1015625|4.24095234252|100.55804876487|-21315|-1047005||50724.1015625|390||38993.75|390|50724.1015625|896160|ETD472|0|2264|0|||3|3|0|1|1|132|51|["132,50,5"]|14:05:24:102
62|1.1|636136525112008994|0|50729.1015625|4.23235319329|100.56399789556|-20651|-1047963||50729.1015625|390||39012.5|390|50729.1015625|896160|ETD472|0|2264|0|||3|3|0|1|1|132|51|["132,50,5"]|14:05:29:102
62|1.1|636136525161923985|0|50734.078125|4.22311567927|100.57022597557|-19955|-1048992||50734.078125|390||38975|390|50734.078125|896160|ETD472|0|2264|0|||3|3|0|1|1|132|50|["132,50,5"]|14:05:34:078
62|1.1|636136525211848977|0|50739.078125|4.21389962289|100.57654525055|-19249|-1050018||50739.078125|390||38956.25|390|50739.078125|896160|ETD472|0|2264|0|||3|3|0|1|1|132|51|["132,50,5"]|14:05:39:078
62|1.1|636136525261773969|0|50744.0625|4.20410957464|100.58289671199|-18540|-1051108||50744.0625|390||39006.25|390|50744.0625|896160|ETD472|0|2264|0|||3|3|0|1|1|132|51|["132,50,5"]|14:05:44:063
62|1.1|636136525311688960|0|50749.0625|4.19554797628|100.58864735951|-17897|-1052062||50749.0625|390||38993.75|390|50749.0625|896160|ETD472|0|2264|0|||3|3|0|1|1|132|51|["132,50,5"]|14:05:49:063
62|1.1|636136525361613952|0|50754.0625|4.18720095432|100.59434972734|-17260|-1052992||50754.0625|390||39006.25|390|50754.0625|896160|ETD472|0|2264|0|||3|3|0|1|1|132|50|["132,50,5"]|14:05:54:063
62|1.1|636136525411538944|0|50759.0390625|4.17897194938|100.59996626461|-16633|-1053908||50759.0390625|390||39006.25|390|50759.0390625|896160|ETD472|0|2264|0|||3|3|0|1|1|132|50|["132,50,5"]|14:05:59:039
62|1.1|636136525461453935|0|50764.0390625|4.16913362144|100.60656448891|-15896|-1055004||50764.0390625|390||38975|390|50764.0390625|896160|ETD472|0|2264|0|||3|3|0|1|1|132|50|["132,50,5"]|14:06:04:039
62|1.1|636136525511378927|0|50769.015625|4.15938112406|100.61327536582|-15145|-1056090||50769.015625|390||38975|390|50769.015625|896160|ETD472|0|2264|0|||3|3|0|1|1|132|50|["132,50,5"]|14:06:09:016
62|1.1|636136525561303919|0|50774.015625|4.15166710248|100.61874169961|-14535|-1056949||50774.015625|390||39025|390|50774.015625|896160|ETD472|0|2264|0|||3|3|0|1|1|132|50|["132,50,5"]|14:06:14:016
62|1.1|636136525611238912|0|50779.015625|4.1432020635|100.62477666086|-13860|-1057892||50779.015625|390||39062.5|390.25|50779.015625|896160|ETD472|0|2264|0|||3|3|0|1|1|132|50|["132,50,5"]|14:06:19:016
62|1.1|636136525661143902|0|50784|4.13465655837|100.63094036795|-13172|-1058844||50784|390||39106.25|390.25|50784|896160|ETD472|0|2264|0|||3|3|0|1|1|132|50|["132,50,5"]|14:06:24:000
62|1.1|636136525711068894|0|50789|4.12598767181|100.63726500734|-12465|-1059809||50789|390||39143.75|390.25|50789|896160|ETD472|0|2264|0|||3|3|0|1|1|132|50|["132,50,5"]|14:06:29:000
62|1.1|636136525760983885|0|50793.9765625|4.11728123438|100.64360573996|-11756|-1060779||50793.9765625|390||39175|390.25|50793.9765625|896160|ETD472|0|2264|0|||3|3|0|1|1|132|50|["132,50,5"]|14:06:33:977
62|1.1|636136525810908877|0|50798.9765625|4.10797934744|100.65005912519|-11035|-1061815||50798.9765625|390||38968.75|390|50798.9765625|896160|ETD472|0|2264|0|||3|3|0|1|1|132|50|["132,50,5"]|14:06:38:977
62|1.1|636136525860833869|0|50803.9765625|4.09869355373|100.65641058663|-10325|-1062849||50803.9765625|390||38762.5|390|50803.9765625|896160|ETD472|0|2264|0|||3|3|0|1|1|132|50|["132,50,5"]|14:06:43:977
62|1.1|636136525910748860|0|50808.9609375|4.08953114145|100.66282105658|-9608|-1063870||50808.9609375|390||38600|390|50808.9609375|896160|ETD472|0|2264|0|||3|3|0|1|1|132|50|["132,50,5"]|14:06:48:961
62|1.1|636136525960673852|0|50813.9609375|4.08039555122|100.66919397566|-8896|-1064887||50813.9609375|390||38500|390|50813.9609375|896160|ETD472|0|2264|0|||3|3|0|1|1|132|50|["132,50,5"]|14:06:53:961
62|1.1|636136526010598844|0|50818.9375|4.07136724919|100.67569564058|-8169|-1065893||50818.9375|390||38456.25|390|50818.9375|896160|ETD472|0|2264|0|||3|3|0|1|1|132|50|["132,50,5"]|14:06:58:938
62|1.1|636136526060513835|0|50823.9375|4.06228530306|100.6820900173|-7454|-1066905||50823.9375|390||38418.75|390|50823.9375|896160|ETD472|0|2264|0|||3|3|0|1|1|132|50|["132,50,5"]|14:07:03:938
62|1.1|636136526110438827|0|50828.9375|4.05324627221|100.68879016539|-6705|-1067911||50828.9375|390||38431.25|390|50828.9375|896160|ETD472|0|2264|0|||3|3|0|1|1|132|50|["132,50,5"]|14:07:08:938
62|1.1|636136526160363819|0|50833.921875|4.04425015664|100.69523818621|-5984|-1068913||50833.921875|390||38462.5|390|50833.921875|896160|ETD472|0|2264|0|||3|3|0|1|1|132|50|["132,50,5"]|14:07:13:922
62|1.1|636136526210288811|0|50838.921875|4.03480343063|100.70121413895|-5316|-1069965||50838.921875|390||38543.75|390|50838.921875|896160|ETD472|0|2264|0|||3|3|0|1|1|132|50|["132,50,5"]|14:07:18:922
62|1.1|636136526260203802|0|50843.8984375|4.0258287727|100.70765679536|-4596|-1070965||50843.8984375|390||38581.25|390|50843.8984375|896160|ETD472|0|2264|0|||3|3|0|1|1|132|50|["132,50,5"]|14:07:23:898
62|1.1|636136526310128794|0|50848.8984375|4.01684338595|100.7140082568|-3885|-1071966||50848.8984375|390||38606.25|390|50848.8984375|896160|ETD472|0|2264|0|||3|3|0|1|1|132|50|["132,50,5"]|14:07:28:898
62|1.1|636136526360053786|0|50853.8984375|4.00790627889|100.72053137936|-3156|-1072961||50853.8984375|390||38662.5|390|50853.8984375|896160|ETD472|0|2264|0|||3|3|0|1|1|132|50|["132,50,5"]|14:07:33:898
62|1.1|636136526409968777|0|50858.875|3.99892625655|100.72680237465|-2455|-1073961||50858.875|390||38687.5|390|50858.875|896160|ETD472|0|2264|0|||3|3|0|1|1|132|50|["132,50,5"]|14:07:38:875
62|1.1|636136526459893769|0|50863.875|3.98989795452|100.73285879354|-1777|-1074967||50863.875|390||38718.75|390|50863.875|896160|ETD472|0|2264|0|||3|3|0|1|1|132|50|["132,50,5"]|14:07:43:875
62|1.1|636136526509818761|0|50868.859375|3.98091256777|100.73898494976|-1092|-1075967||50868.859375|390||38743.75|390|50868.859375|896160|ETD472|0|2264|0|||3|3|0|1|1|132|50|["132,50,5"]|14:07:48:859
62|1.1|636136526559733752|0|50873.859375|3.97187890133|100.74501991101|-417|-1076974||50873.859375|390||38762.5|390|50873.859375|896160|ETD472|0|2264|0|||3|3|0|1|1|132|50|["132,50,5"]|14:07:53:859
62|1.1|636136526609658744|0|50878.859375|3.96285596371|100.75108169431|261|-1077979||50878.859375|390||38781.25|390|50878.859375|896160|ETD472|0|2264|0|||3|3|0|1|1|132|50|["132,50,5"]|14:07:58:859
62|1.1|636136526659583736|0|50883.8359375|3.95382766168|100.75684843506|906|-1078984||50883.8359375|390||38787.5|390|50883.8359375|896160|ETD472|0|2264|0|||3|3|0|1|1|132|50|["132,50,5"]|14:08:03:836
62|1.1|636136526709508728|0|50888.8359375|3.94483154611|100.76306042184|1601|-1079986||50888.8359375|390||38806.25|390|50888.8359375|896160|ETD472|0|2264|0|||3|3|0|1|1|132|50|["132,50,5"]|14:08:08:836
62|1.1|636136526759423719|0|50893.8203125|3.93586225259|100.76937433241|2307|-1080985||50893.8203125|390||38818.75|390|50893.8203125|896160|ETD472|0|2264|0|||3|3|0|1|1|132|50|["132,50,5"]|14:08:13:820
62|1.1|636136526809348711|0|50898.8203125|3.92683931497|100.7753771072|2979|-1081990||50898.8203125|390||38831.25|390|50898.8203125|896160|ETD472|0|2264|0|||3|3|0|1|1|132|50|["132,50,5"]|14:08:18:820
62|1.1|636136526859263702|0|50903.8203125|3.9177895553|100.78116530559|3626|-1082998||50903.8203125|390||38831.25|390|50903.8203125|896160|ETD472|0|2264|0|||3|3|0|1|1|132|50|["132,50,5"]|14:08:23:820
62|1.1|636136526909188694|0|50908.796875|3.90880416855|100.78715735156|4297|-1083999||50908.796875|390||38837.5|390|50908.796875|896160|ETD472|0|2264|0|||3|3|0|1|1|132|50|["132,50,5"]|14:08:28:797
62|1.1|636136526959113686|0|50913.796875|3.8997651377|100.79310111784|4962|-1085006||50913.796875|390||38843.75|390|50913.796875|896160|ETD472|0|2264|0|||3|3|0|1|1|132|50|["132,50,5"]|14:08:33:797
62|1.1|636136527009028677|0|50918.78125|3.89059736101|100.79939357077|5666|-1086027||50918.78125|390||38881.25|390|50918.78125|896160|ETD472|0|2264|0|||3|3|0|1|1|132|50|["132,50,5"]|14:08:38:781
62|1.1|636136527058953669|0|50923.78125|3.88153150811|100.80535343028|6333|-1087037||50923.78125|390||38887.5|390|50923.78125|896160|ETD472|0|2264|0|||3|3|0|1|1|132|50|["132,50,5"]|14:08:43:781
62|1.1|636136527108878661|0|50928.78125|3.87248174844|100.81138839153|7008|-1088045||50928.78125|390||38887.5|390|50928.78125|896160|ETD472|0|2264|0|||3|3|0|1|1|132|50|["132,50,5"]|14:08:48:781
62|1.1|636136527158793652|0|50933.7578125|3.86345881082|100.81741798837|7683|-1089050||50933.7578125|390||38887.5|390|50933.7578125|896160|ETD472|0|2264|0|||3|3|0|1|1|132|50|["132,50,5"]|14:08:53:758
62|1.1|636136527208718644|0|50938.7578125|3.85436077146|100.82327055968|8338|-1090063||50938.7578125|390||38893.75|390|50938.7578125|896160|ETD472|0|2264|0|||3|3|0|1|1|132|50|["132,50,5"]|14:08:58:758
62|1.1|636136527258643636|0|50943.7421875|3.84539147794|100.82956301261|9042|-1091062||50943.7421875|390||38906.25|390|50943.7421875|896160|ETD472|0|2264|0|||3|3|0|1|1|132|50|["132,50,5"]|14:09:03:742
62|1.1|636136527308558627|0|50948.7421875|3.83639536237|100.83586082995|9747|-1092064||50948.7421875|390||38931.25|390|50948.7421875|896160|ETD472|0|2264|0|||3|3|0|1|1|132|50|["132,50,5"]|14:09:08:742
62|1.1|636136527358483619|0|50953.7421875|3.82737242475|100.84204063027|10439|-1093069||50953.7421875|390||38943.75|390|50953.7421875|896160|ETD472|0|2264|0|||3|3|0|1|1|132|50|["132,50,5"]|14:09:13:742
62|1.1|636136527408408611|0|50958.71875|3.81841386005|100.84819897295|11129|-1094067||50958.71875|390||38962.5|390|50958.71875|896160|ETD472|0|2264|0|||3|3|0|1|1|132|50|["132,50,5"]|14:09:18:719
62|1.1|636136527458323602|0|50963.71875|3.80942310889|100.85445923942|11829|-1095068||50963.71875|390||38987.5|390|50963.71875|896160|ETD472|0|2264|0|||3|3|0|1|1|132|50|["132,50,5"]|14:09:23:719
62|1.1|636136527508258595|0|50968.6953125|3.80046454419|100.86069268384|12527|-1096066||50968.6953125|390||38993.75|390|50968.6953125|896160|ETD472|0|2264|0|||3|3|0|1|1|132|50|["132,50,5"]|14:09:28:695
62|1.1|636136527558173586|0|50973.6953125|3.79148452185|100.86686175534|13218|-1097066||50973.6953125|390||39018.75|390|50973.6953125|896160|ETD472|0|2264|0|||3|3|0|1|1|132|50|["132,50,5"]|14:09:33:695
62|1.1|636136527608088577|0|50978.6953125|3.78249377069|100.87289671659|13894|-1098068||50978.6953125|390||39037.5|390|50978.6953125|896160|ETD472|0|2264|0|||3|3|0|1|1|132|50|["132,50,5"]|14:09:38:695
62|1.1|636136527658013569|0|50983.6796875|3.77352447717|100.8789638643|14573|-1099067||50983.6796875|390||39050|390|50983.6796875|896160|ETD472|0|2264|0|||3|3|0|1|1|132|50|["132,50,5"]|14:09:43:680
62|1.1|636136527707938561|0|50988.6796875|3.76450690396|100.88493445263|15241|-1100071||50988.6796875|390||39056.25|390|50988.6796875|896160|ETD472|0|2264|0|||3|3|0|1|1|132|50|["132,50,5"]|14:09:48:680
62|1.1|636136527757853552|0|50993.65625|3.75555906808|100.89084066804|15903|-1101068||50993.65625|390||39081.25|390|50993.65625|896160|ETD472|0|2264|0|||3|3|0|1|1|132|50|["132,50,5"]|14:09:53:656
62|1.1|636136527807778544|0|50998.65625|3.7466112322|100.89703656159|16597|-1102064||50998.65625|390||39112.5|390|50998.65625|896160|ETD472|0|2264|0|||3|3|0|1|1|132|50|["132,50,5"]|14:09:58:656
62|1.1|636136527857703536|0|51003.65625|3.73744881992|100.90264237004|17225|-1103085||51003.65625|390||39118.75|390|51003.65625|896160|ETD472|0|2264|0|||3|3|0|1|1|132|50|["132,50,5"]|14:10:03:656
62|1.1|636136527907628528|0|51008.640625|3.72849025522|100.90842520402|17872|-1104083||51008.640625|390||39131.25|390|51008.640625|896160|ETD472|0|2264|0|||3|3|0|1|1|132|50|["132,50,5"]|14:10:08:641
62|1.1|636136527957543519|0|51013.640625|3.71955851257|100.91446016527|18548|-1105078||51013.640625|390||39168.75|390|51013.640625|896160|ETD472|0|2264|0|||3|3|0|1|1|132|50|["132,50,5"]|14:10:13:641
62|1.1|636136528007468511|0|51018.6171875|3.7106696852|100.92047366888|19221|-1106068||51018.6171875|390||39206.25|390.25|51018.6171875|896160|ETD472|0|2264|0|||3|3|0|1|1|132|50|["132,50,5"]|14:10:18:617
62|1.1|636136528057383502|0|51023.6171875|3.70163601876|100.92603119764|19844|-1107074||51023.6171875|390||39206.25|390|51023.6171875|896160|ETD472|0|2264|0|||3|3|0|1|1|132|50|["132,50,5"]|14:10:23:617
62|1.1|636136528107308494|0|51028.6171875|3.69281156431|100.93251140492|20570|-1108057||51028.6171875|390||39250|390.25|51028.6171875|896160|ETD472|0|2264|0|||3|3|0|1|1|132|50|["132,50,5"]|14:10:28:617
62|1.1|636136528157233486|0|51033.6015625|3.6840085675|100.93880385785|21275|-1109038||51033.6015625|390||39300|390.25|51033.6015625|896160|ETD472|0|2264|0|||3|3|0|1|1|132|50|["132,50,5"]|14:10:33:602
62|1.1|636136528207148477|0|51038.6015625|3.67511437572|100.94489782761|21957|-1110028||51038.6015625|390||39331.25|390.25|51038.6015625|896160|ETD472|0|2264|0|||3|3|0|1|1|132|50|["132,50,5"]|14:10:38:602
62|1.1|636136528257073469|0|51043.578125|3.66623091276|100.95078258538|22617|-1111018||51043.578125|390||39337.5|390.25|51043.578125|896160|ETD472|0|2264|0|||3|3|0|1|1|132|50|["132,50,5"]|14:10:43:578
62|1.1|636136528306988460|0|51048.578125|3.65733672098|100.95673708048|23284|-1112009||51048.578125|390||39362.5|390.25|51048.578125|896160|ETD472|0|2264|0|||3|3|0|1|1|132|50|["132,50,5"]|14:10:48:578
62|1.1|636136528356913452|0|51053.578125|3.64853908858|100.96283105024|23967|-1112989||51053.578125|390||39406.25|390.25|51053.578125|896160|ETD472|0|2264|0|||3|3|0|1|1|132|50|["132,50,5"]|14:10:53:578
62|1.1|636136528406838444|0|51058.5625|3.63977364264|100.96890892677|24648|-1113965||51058.5625|390||39450|390.25|51058.5625|896160|ETD472|0|2264|0|||3|3|0|1|1|132|50|[]|14:10:58:563
62|1.1|636136528456763436|0|51063.5625|3.63072924738|100.97536767641|25371|-1114972||51063.5625|390||39475|390.25|51063.5625|896160|ETD472|0|2264|0|||3|3|0|1|1|132|50|["132,50,5"]|14:11:03:563
62|1.1|636136528506678427|0|51068.5390625|3.6219959879|100.98145628176|26054|-1115945||51068.5390625|390||39518.75|390.25|51068.5390625|896160|ETD472|0|2264|0|||3|3|0|1|1|132|50|["132,50,5"]|14:11:08:539
