62|1.1|636136510307418683|0|49248.65625|19.59572302633|103.11476412174|248908|656080||49248.65625|380||38000|380|49248.65625|8963f7|UAE383|0|2541|0|||3|3|0|1|1|132|146|["132,178,5,1712","132,146,5,1762"]|13:40:48:656
62|1.1|636136510357363677|0|49253.640625|19.59941910482|103.10436789516|247809|656477||49253.640625|380||38006.25|380|49253.640625|8963f7|UAE383|0|2541|0|||3|3|0|1|1|132|146|["132,178,5,1712","132,146,5,1762"]|13:40:53:641
62|1.1|636136510407268667|0|49258.640625|19.60307763244|103.09361761752|246673|656870||49258.640625|380||38006.25|380|49258.640625|8963f7|UAE383|0|2541|0|||3|3|0|1|1|132|147|["132,178,5,1712","132,146,5,1762"]|13:40:58:641
62|1.1|636136510457183658|0|49263.6171875|19.60684881267|103.08230944124|245479|657275||49263.6171875|380||38006.25|380|49263.6171875|8963f7|UAE383|0|2541|0|||3|3|0|1|1|132|147|["132,178,5,1712","132,146,5,1762"]|13:41:03:617
62|1.1|636136510507108650|0|49268.6171875|19.61065754377|103.07087788353|244271|657684||49268.6171875|380||38006.25|380|49268.6171875|8963f7|UAE383|0|2541|0|||3|3|0|1|1|132|146|["132,178,5,1712","132,146,5,1762"]|13:41:08:617
62|1.1|636136510557033642|0|49273.6171875|19.6144823681|103.05940877495|243060|658095||49273.6171875|380||38006.25|380|49273.6171875|8963f7|UAE383|0|2541|0|||3|3|0|1|1|132|146|["132,178,5,1712","132,146,5,1762"]|13:41:13:617
62|1.1|636136510606948633|0|49278.6015625|19.61857541293|103.04662538592|241709|658534||49278.6015625|380||38000|380|49278.6015625|8963f7|UAE383|0|2541|0|||3|3|0|1|1|132|146|["132,178,5,1712","132,146,5,1762"]|13:41:18:602
62|1.1|636136510656873625|0|49283.6015625|19.62254507633|103.03467884485|240447|658960||49283.6015625|380||38000|380|49283.6015625|8963f7|UAE383|0|2541|0|||3|3|0|1|1|132|146|["132,178,5,1712","132,146,5,1762"]|13:41:23:602
62|1.1|636136510706798617|0|49288.578125|19.62652546855|103.02271084614|239183|659388||49288.578125|380||38000|380|49288.578125|8963f7|UAE383|0|2541|0|||3|3|0|1|1|132|146|["132,178,5,1712","132,146,5,1762"]|13:41:28:578
62|1.1|636136510756723609|0|49293.578125|19.63081699655|103.01016349115|237858|659849||49293.578125|380||37993.75|380|49293.578125|8963f7|UAE383|0|2541|0|||3|3|0|1|1|132|146|["132,178,5,1712","132,146,5,1762"]|13:41:33:578
62|1.1|636136510806648601|0|49298.578125|19.63458817678|102.99953659494|236735|660255||49298.578125|380||38000|380|49298.578125|8963f7|UAE383|0|2541|0|||3|3|0|1|1|132|146|["132,178,5,1712","132,146,5,1762"]|13:41:38:578
62|1.1|636136510856563592|0|49303.5625|19.63854174695|102.98796556257|235513|660680||49303.5625|380||38000|380|49303.5625|8963f7|UAE383|0|2541|0|||3|3|0|1|1|132|146|["132,178,5,1712","132,146,5,1762"]|13:41:43:563
62|1.1|636136510906478583|0|49308.5625|19.6425918765|102.97619068262|234269|661116||49308.5625|380||38006.25|380|49308.5625|8963f7|UAE383|0|2541|0|||3|3|0|1|1|132|146|["132,178,5,1712","132,146,5,1762"]|13:41:48:563
62|1.1|636136510956403575|0|49313.5390625|19.6466688281|102.96474303168|233060|661556||49313.5390625|380||38000|380|49313.5390625|8963f7|UAE383|0|2541|0|||3|3|0|1|1|132|146|["132,178,5,1712","132,146,5,1762"]|13:41:53:539
62|1.1|636136511006328567|0|49318.5390625|19.65072432206|102.95286086353|231805|661992||49318.5390625|380||38006.25|380|49318.5390625|8963f7|UAE383|0|2541|0|||3|3|0|1|1|132|146|["132,178,5,1712","132,146,5,1762"]|13:41:58:539
62|1.1|636136511056243558|0|49323.5390625|19.65479054484|102.94036178823|230485|662429||49323.5390625|380||38000|380|49323.5390625|8963f7|UAE383|0|2541|0|||3|3|0|1|1|132|146|["132,178,5,1712","132,146,5,1762"]|13:42:03:539
62|1.1|636136511106178551|0|49328.515625|19.65821840283|102.93036252799|229429|662798||49328.515625|380||38012.5|380|49328.515625|8963f7|UAE383|0|2541|0|||3|3|0|1|1|132|146|["132,178,5,1712","132,146,5,1762"]|13:42:08:516
62|1.1|636136511156083541|0|49333.515625|19.66200031188|102.918888055|228218|663205||49333.515625|380||38012.5|380|49333.515625|8963f7|UAE383|0|2541|0|||3|3|0|1|1|132|146|["132,178,5,1712","132,146,5,1762"]|13:42:13:516
62|1.1|636136511206018534|0|49338.5|19.66607726348|102.90619049653|226877|663643||49338.5|380||38000|380|49338.5|8963f7|UAE383|0|2541|0|||3|3|0|1|1|132|146|["132,178,5,1712","132,146,5,1762"]|13:42:18:500
62|1.1|636136511255943526|0|49343.5|19.66997182514|102.89478039646|225673|664063||49343.5|380||38006.25|380|49343.5|8963f7|UAE383|0|2541|0|||3|3|0|1|1|132|147|["132,178,5,1712","132,146,5,1762"]|13:42:23:500
62|1.1|636136511305858517|0|49348.5|19.67379128506|102.88347222018|224479|664474||49348.5|380||38006.25|380|49348.5|8963f7|UAE383|0|2541|0|||3|3|0|1|1|132|146|["132,178,5,1712","132,146,5,1762"]|13:42:28:500
62|1.1|636136511355783509|0|49353.4765625|19.67763220262|102.87210503539|223279|664887||49353.4765625|380||38006.25|380|49353.4765625|8963f7|UAE383|0|2541|0|||3|3|0|1|1|132|147|["132,178,5,1712","132,146,5,1762"]|13:42:33:477
62|1.1|636136511405698500|0|49358.4765625|19.68148921341|102.86052863861|222057|665303||49358.4765625|380||38000|380|49358.4765625|8963f7|UAE383|0|2541|0|||3|3|0|1|1|132|146|["132,178,5,1712","132,146,5,1762"]|13:42:38:477
62|1.1|636136511455643494|0|49363.4609375|19.68559298706|102.84790081747|220724|665744||49363.4609375|380||37993.75|380|49363.4609375|8963f7|UAE383|0|2541|0|||3|3|0|1|1|132|146|["132,146,5,1762"]|13:42:43:461
62|1.1|636136511505538483|0|49368.4609375|19.68956265046|102.83587381025|219454|666172||49368.4609375|380||37993.75|380|49368.4609375|8963f7|UAE383|0|2541|0|||3|3|0|1|1|132|146|["132,146,5,1762"]|13:42:48:461
62|1.1|636136511555463475|0|49373.4609375|19.69354304268|102.82385753185|218186|666601||49373.4609375|380||37993.75|380|49373.4609375|8963f7|UAE383|0|2541|0|||3|3|0|1|1|132|146|["132,146,5,1762"]|13:42:53:461
62|1.1|636136511605388467|0|49378.4375|19.69753416372|102.81192708401|216927|667031||49378.4375|380||37987.5|380|49378.4375|8963f7|UAE383|0|2541|0|||3|3|0|1|1|132|146|["132,146,5,1762"]|13:42:58:438
62|1.1|636136511655323460|0|49383.4375|19.7015467424|102.80010928878|215680|667464||49383.4375|380||37987.5|380|49383.4375|8963f7|UAE383|0|2541|0|||3|3|0|1|1|132|146|["132,146,5,1762"]|13:43:03:438
62|1.1|636136511705228450|0|49388.421875|19.70509261741|102.79038361345|214653|667847||49388.421875|380||38006.25|380|49388.421875|8963f7|UAE383|0|2541|0|||3|3|0|1|1|132|146|["132,178,4,1712","132,146,5,1762"]|13:43:08:422
62|1.1|636136511755153442|0|49393.421875|19.70891207733|102.77895742015|213447|668259||49393.421875|380||38006.25|380|49393.421875|8963f7|UAE383|0|2541|0|||3|3|0|1|1|132|146|["132,178,4,1712","132,146,5,1762"]|13:43:13:422
62|1.1|636136511805078434|0|49398.421875|19.71305340185|102.76625449727|212106|668705||49398.421875|380||38000|380|49398.421875|8963f7|UAE383|0|2541|0|||3|3|0|1|1|132|146|["132,178,5,1852","132,146,5,1762"]|13:43:18:422
62|1.1|636136511855003426|0|49403.3984375|19.71705525171|102.75444743086|210861|669136||49403.3984375|380||38006.25|380|49403.3984375|8963f7|UAE383|0|2541|0|||3|3|0|1|1|132|146|["132,178,5,1852","132,146,5,1762"]|13:43:23:398
62|1.1|636136511904918417|0|49408.3984375|19.72108928803|102.74254380507|209605|669572||49408.3984375|380||38006.25|380|49408.3984375|8963f7|UAE383|0|2541|0|||3|3|0|1|1|132|146|["132,178,5,1852","132,146,5,1762"]|13:43:28:398
62|1.1|636136511954833408|0|49413.375|19.72512868876|102.73082256922|208368|670008||49413.375|380||38000|380|49413.375|8963f7|UAE383|0|2541|0|||3|3|0|1|1|132|146|["132,178,5,1852","132,146,5,1762"]|13:43:33:375
62|1.1|636136512004758400|0|49418.375|19.72923782682|102.71902086722|207122|670452||49418.375|380||37987.5|380|49418.375|8963f7|UAE383|0|2541|0|||3|3|0|1|1|132|146|["132,178,5,1852","132,146,5,1762"]|13:43:38:375
62|1.1|636136512054683392|0|49423.375|19.73318066817|102.70644669018|205796|670877||49423.375|380||38006.25|380|49423.375|8963f7|UAE383|0|2541|0|||3|3|0|1|1|132|146|["132,178,5,1852","132,146,5,1762"]|13:43:43:375
62|1.1|636136512104618385|0|49428.359375|19.73710205188|102.69470399669|204557|671300||49428.359375|380||38000|380|49428.359375|8963f7|UAE383|0|2541|0|||3|3|0|1|1|132|146|["132,178,5,1852","132,146,5,1762"]|13:43:48:359
62|1.1|636136512154523375|0|49433.359375|19.74098052031|102.68307395581|203330|671719||49433.359375|380||38006.25|380|49433.359375|8963f7|UAE383|0|2541|0|||3|3|0|1|1|132|147|["132,178,5,1852","132,146,5,1762"]|13:43:53:359
62|1.1|636136512204448367|0|49438.3359375|19.74490190402|102.6714278217|202102|672142||49438.3359375|380||38000|380|49438.3359375|8963f7|UAE383|0|2541|0|||3|3|0|1|1|132|147|["132,178,5,1852","132,146,5,1762"]|13:43:58:336
62|1.1|636136512254363358|0|49443.3359375|19.74881255891|102.65972267908|200867|672565||49443.3359375|380||38006.25|380|49443.3359375|8963f7|UAE383|0|2541|0|||3|3|0|1|1|132|146|["132,178,5,1852","132,146,5,1762"]|13:44:03:336
62|1.1|636136512304288350|0|49448.3359375|19.75250327299|102.64925135076|199762|672964||49448.3359375|380||38012.5|380|49448.3359375|8963f7|UAE383|0|2541|0|||3|3|0|1|1|132|146|["132,178,5,1852","132,146,5,1762"]|13:44:08:336
62|1.1|636136512354213342|0|49453.3203125|19.75618325825|102.63837769169|198615|673362||49453.3203125|380||38006.25|380|49453.3203125|8963f7|UAE383|0|2541|0|||3|3|0|1|1|132|146|["132,178,5,1852","132,146,5,1762"]|13:44:13:320
62|1.1|636136512404138334|0|49458.3203125|19.76011537078|102.62614683689|197325|673787||49458.3203125|380||38006.25|380|49458.3203125|8963f7|UAE383|0|2541|0|||3|3|0|1|1|132|146|["132,178,5,1852","132,146,5,1762"]|13:44:18:320
62|1.1|636136512454053325|0|49463.296875|19.76413331387|102.61372286333|196015|674220||49463.296875|380||38000|380|49463.296875|8963f7|UAE383|0|2541|0|||3|3|0|1|1|132|147|["132,178,5,1852","132,146,5,1762"]|13:44:23:297
62|1.1|636136512503978317|0|49468.296875|19.76783475677|102.60287602631|194871|674621||49468.296875|380||38006.25|380|49468.296875|8963f7|UAE383|0|2541|0|||3|3|0|1|1|132|146|["132,178,5,1852","132,146,5,1762"]|13:44:28:297
62|1.1|636136512553903309|0|49473.296875|19.77172931843|102.59134254481|193655|675042||49473.296875|380||38006.25|380|49473.296875|8963f7|UAE383|0|2541|0|||3|3|0|1|1|132|146|["132,178,5,1852","132,146,5,1762"]|13:44:33:297
62|1.1|636136512603828301|0|49478.28125|19.77561315127|102.57988952946|192447|675462||49478.28125|380||38012.5|380|49478.28125|8963f7|UAE383|0|2541|0|||3|3|0|1|1|132|146|["132,178,5,1852","132,146,5,1762"]|13:44:38:281
62|1.1|636136512653743292|0|49483.28125|19.77958281467|102.56834531914|191230|675892||49483.28125|380||38006.25|380|49483.28125|8963f7|UAE383|0|2541|0|||3|3|0|1|1|132|146|["132,178,5,1852","132,146,5,1762"]|13:44:43:281
62|1.1|636136512703658283|0|49488.2578125|19.78375632565|102.55471435333|189793|676342||49488.2578125|380||37993.75|380|49488.2578125|8963f7|UAE383|0|2541|0|||3|3|0|1|1|132|146|["132,178,5,1852","132,146,5,1762"]|13:44:48:258
62|1.1|636136512753583275|0|49493.2578125|19.78782791284|102.54308967686|188567|676783||49493.2578125|380||38000|380|49493.2578125|8963f7|UAE383|0|2541|0|||3|3|0|1|1|132|147|["132,178,5,1852","132,146,5,1762","132,114,4"]|13:44:53:258
62|1.1|636136512803508267|0|49498.2578125|19.79133623698|102.53273636556|187475|677163||49498.2578125|380||38006.25|380|49498.2578125|8963f7|UAE383|0|2541|0|||3|3|0|1|1|132|146|["132,178,5,1852","132,146,5,1762","132,114,4"]|13:44:58:258
62|1.1|636136512853423258|0|49503.2421875|19.79520397659|102.52126189257|186265|677582||49503.2421875|380||38006.25|380|49503.2421875|8963f7|UAE383|0|2541|0|||3|3|0|1|1|132|146|["132,114,5,521","132,178,5,1852","132,146,5,1762"]|13:45:03:242
62|1.1|636136512903348250|0|49508.2421875|19.79895906359|102.50986788573|185064|677988||49508.2421875|380||38000|380|49508.2421875|8963f7|UAE383|0|2541|0|||3|3|0|1|1|132|146|["132,114,5,521","132,178,5,1852","132,146,5,1762"]|13:45:08:242
62|1.1|636136512953273242|0|49513.21875|19.80311111693|102.49694502204|183702|678437||49513.21875|380||37993.75|380|49513.21875|8963f7|UAE383|0|2541|0|||3|3|0|1|1|132|146|["132,114,5,521","132,178,5,1852","132,146,5,1762"]|13:45:13:219
62|1.1|636136513003188233|0|49518.21875|19.80712369561|102.4848536419|182427|678871||49518.21875|380||37993.75|380|49518.21875|8963f7|UAE383|0|2541|0|||3|3|0|1|1|132|146|["132,114,5,521","132,178,4,1852","132,146,5,1762"]|13:45:18:219
62|1.1|636136513053113225|0|49523.21875|19.8111416387|102.47269788884|181146|679306||49523.21875|380||37993.75|380|49523.21875|8963f7|UAE383|0|2541|0|||3|3|0|1|1|132|146|["132,114,5,521","132,178,4,1852","132,146,5,1762"]|13:45:23:219
62|1.1|636136513103038217|0|49528.1953125|19.81518103943|102.46062796634|179874|679744||49528.1953125|380||37993.75|380|49528.1953125|8963f7|UAE383|0|2541|0|||3|3|0|1|1|132|146|["132,114,5,521","132,178,5,1864","132,146,5,1762"]|13:45:28:195
62|1.1|636136513152953208|0|49533.1953125|19.81890930438|102.45085937573|178844|680149||49533.1953125|380||38006.25|380|49533.1953125|8963f7|UAE383|0|2541|0|||3|3|0|1|1|132|147|["132,114,5,521","132,178,5,1864","132,146,5,1762"]|13:45:33:195
62|1.1|636136513202878200|0|49538.1796875|19.82300771362|102.43935271628|177631|680594||49538.1796875|380||38012.5|380|49538.1796875|8963f7|UAE383|0|2541|0|||3|3|0|1|1|132|146|["132,114,5,521","132,178,5,1864","132,146,5,1762"]|13:45:38:180
62|1.1|636136513252803192|0|49543.1796875|19.82711685168|102.42789433652|176422|681039||49543.1796875|380||38018.75|380|49543.1796875|8963f7|UAE383|0|2541|0|||3|3|0|1|1|132|146|["132,114,5,521","132,178,5,1864","132,146,5,1762"]|13:45:43:180
62|1.1|636136513302718183|0|49548.1796875|19.83122062533|102.41532015948|175097|681484||49548.1796875|380||37975|380|49548.1796875|8963f7|UAE383|0|2541|0|||3|3|0|1|1|132|146|["132,114,5,521","132,194,5,3512","132,178,5,1864","132,146,5,1762"]|13:45:48:180
62|1.1|636136513352643175|0|49553.15625|19.83516346668|102.4032609658|173827|681911||49553.15625|380||37943.75|380|49553.15625|8963f7|UAE383|0|2541|0|||3|3|0|1|1|132|146|["132,194,5,3512","132,178,5,1864","132,146,5,1762"]|13:45:53:156
62|1.1|636136513402578168|0|49558.15625|19.83877907902|102.39096573808|172532|682302||49558.15625|380||37968.75|380|49558.15625|8963f7|UAE383|0|2541|0|||3|3|0|1|1|132|146|["132,194,5,3512","132,178,5,1864","132,146,5,1762"]|13:45:58:156
62|1.1|636136513452503160|0|49563.140625|19.84277556447|102.37856322216|171225|682735||49563.140625|380||37968.75|380|49563.140625|8963f7|UAE383|0|2541|0|||3|3|0|1|1|132|146|["132,114,4,521","132,194,5,3512","132,178,5,1864","132,146,5,1762"]|13:46:03:141
62|1.1|636136513502408150|0|49568.140625|19.84679887197|102.36649329966|169953|683172||49568.140625|380||37962.5|380|49568.140625|8963f7|UAE383|0|2541|0|||3|3|0|1|1|132|146|["132,114,4,521","132,194,5,3512","132,178,5,1864","132,146,5,1762"]|13:46:08:141
62|1.1|636136513552333142|0|49573.140625|19.85081145065|102.35468623325|168709|683607||49573.140625|380||37950|380|49573.140625|8963f7|UAE383|0|2541|0|||3|3|0|1|1|132|146|["132,114,5,528","132,194,5,3512","132,178,5,1864","132,146,5,1762"]|13:46:13:141
62|1.1|636136513602248133|0|49578.1171875|19.85499032604|102.34298645504|167476|684061||49578.1171875|380||37906.25|380|49578.1171875|8963f7|UAE383|0|2541|0|||3|3|0|1|1|132|146|["132,114,5,528","132,194,5,3512","132,146,5,1762"]|13:46:18:117
62|1.1|636136513652173125|0|49583.1171875|19.85894926062|102.33114720217|166229|684491||49583.1171875|380||37918.75|380|49583.1171875|8963f7|UAE383|0|2541|0|||3|3|0|1|1|132|147|["132,114,5,528","132,194,5,3512","132,178,4,1864","132,146,5,1762"]|13:46:23:117
62|1.1|636136513702098117|0|49588.1015625|19.86256487296|102.31912555936|164963|684882||49588.1015625|380||37975|380|49588.1015625|8963f7|UAE383|0|2541|0|||3|3|0|1|1|132|146|["132,114,5,528","132,194,5,3512","132,178,4,1864","132,146,5,1762"]|13:46:28:102
62|1.1|636136513752023109|0|49593.1015625|19.86652380754|102.30784420513|163774|685313||49593.1015625|380||37956.25|380|49593.1015625|8963f7|UAE383|0|2541|0|||3|3|0|1|1|132|146|["132,114,5,528","132,194,5,3512","132,178,4,1864","132,146,5,1762"]|13:46:33:102
62|1.1|636136513801938100|0|49598.1015625|19.87020915721|102.29608541841|162535|685712||49598.1015625|380||37993.75|380|49598.1015625|8963f7|UAE383|0|2541|0|||3|3|0|1|1|132|146|["132,114,5,528","132,194,5,3512","132,178,4,1864","132,146,5,1762"]|13:46:38:102
62|1.1|636136513851863092|0|49603.078125|19.87416809179|102.28511519996|161379|686143||49603.078125|380||37956.25|380|49603.078125|8963f7|UAE383|0|2541|0|||3|3|0|1|1|132|146|["132,114,5,528","132,194,5,3512","132,178,4,1864","132,146,5,1762"]|13:46:43:078
62|1.1|636136513901778083|0|49608.078125|19.87785880587|102.27356562523|160163|686543||49608.078125|380||37987.5|380|49608.078125|8963f7|UAE383|0|2541|0|||3|3|0|1|1|132|146|["132,114,5,528","132,194,5,3512","132,178,4,1864","132,146,5,1762"]|13:46:48:078
62|1.1|636136513951703075|0|49613.0625|19.88178555399|102.26218234721|158964|686970||49613.0625|380||37975|380|49613.0625|8963f7|UAE383|0|2541|0|||3|3|0|1|1|132|146|["132,114,5,528","132,194,5,3512","132,178,4,1864","132,146,5,1762"]|13:46:53:063
62|1.1|636136514001618066|0|49618.0625|19.8854387172|102.25029481465|157712|687366||49618.0625|380||38006.25|380|49618.0625|8963f7|UAE383|0|2541|0|||3|3|0|1|1|132|146|["132,114,5,528","132,194,5,3512","132,178,4,1864","132,146,5,1762"]|13:46:58:063
62|1.1|636136514051543058|0|49623.0625|19.88926354153|102.23839655327|156459|687781||49623.0625|380||38012.5|380|49623.0625|8963f7|UAE383|0|2541|0|||3|3|0|1|1|132|146|["132,114,5,528","132,194,5,3512","132,178,4,1864","132,146,5,1762"]|13:47:03:063
62|1.1|636136514101318035|0|49628.0390625|19.89324929816|102.22668604624|155226|688215||49628.0390625|380||37987.5|380|49628.0390625|8963f7|UAE383|0|2541|0|||3|3|0|1|1|132|146|["132,194,5,3512","132,178,4,1864","132,146,5,1762"]|13:47:08:039
62|1.1|636136514151233026|0|49633.0390625|19.89711703777|102.21488434424|153983|688635||49633.0390625|380||38000|380|49633.0390625|8963f7|UAE383|0|2541|0|||3|3|0|1|1|132|146|["132,194,5,3512","132,178,4,1864","132,146,5,1762"]|13:47:13:039
62|1.1|636136514201158018|0|49638.015625|19.90116716732|102.20339914243|152773|689076||49638.015625|380||37975|380|49638.015625|8963f7|UAE383|0|2541|0|||3|3|0|1|1|132|146|["132,194,5,3512","132,178,4,1864","132,146,5,1762"]|13:47:18:016
62|1.1|636136514251083010|0|49643.015625|19.90525484774|102.19188175416|151560|689521||49643.015625|380||37956.25|380|49643.015625|8963f7|UAE383|0|2541|0|||3|3|0|1|1|132|146|["132,194,5,3512","132,178,4,1864","132,146,5,1762"]|13:47:23:016
62|1.1|636136514300998001|0|49648.015625|19.90932107052|102.18011760303|150322|689964||49648.015625|380||37981.25|380|49648.015625|8963f7|UAE383|0|2541|0|||3|3|0|1|1|132|146|["132,194,5,3512","132,178,4,1864","132,146,5,1762"]|13:47:28:016
62|1.1|636136514350942995|0|49653|19.91396664958|102.16906691843|149157|690471||49653|380||37931.25|380|49653|8963f7|UAE383|0|2541|0|||3|3|0|1|1|132|147|["132,194,5,3512","132,178,4,1864","132,146,5,1762"]|13:47:33:000
62|1.1|636136514400857986|0|49658|19.91896091529|102.15813425085|148005|691018||49658|380||37893.75|380|49658|8963f7|UAE383|0|2541|0|||3|3|0|1|1|132|147|["132,194,5,3512","132,178,4,1864","132,146,5,1762"]|13:47:38:000
62|1.1|636136514450762976|0|49662.9765625|19.92389617249|102.14665441345|146795|691557||49662.9765625|380||37925|380|49662.9765625|8963f7|UAE383|0|2541|0|||3|3|0|1|1|132|146|["132,194,5,3512","132,178,4,1864","132,146,5,1762"]|13:47:42:977
62|1.1|636136514500687968|0|49667.9765625|19.92959317591|102.1357914832|145650|692182||49667.9765625|380||37950|380|49667.9765625|8963f7|UAE383|0|2541|0|||3|3|0|1|1|132|146|["132,194,5,3512","132,178,4,1864","132,146,5,1762"]|13:47:47:977
62|1.1|636136514550602959|0|49672.9765625|19.93600901027|102.12531479047|144545|692886||49672.9765625|380||38000|380|49672.9765625|8963f7|UAE383|0|2541|0|||3|3|0|1|1|132|146|["132,194,5,3512","132,178,4,1864","132,146,5,1762"]|13:47:52:977
62|1.1|636136514600527951|0|49677.9609375|19.94180257307|102.11462352134|143418|693522||49677.9609375|380||38031.25|380.25|49677.9609375|8963f7|UAE383|0|2541|0|||3|3|0|1|1|132|146|["132,114,4,528","132,194,5,3512","132,178,4,1864","132,146,5,1762"]|13:47:57:961
62|1.1|636136514650452943|0|49682.9609375|19.94811111923|102.1031758704|142211|694214||49682.9609375|380||38012.5|380|49682.9609375|8963f7|UAE383|0|2541|0|||3|3|0|1|1|132|147|["132,114,4,528","132,194,5,3512","132,178,4,1864","132,146,5,1762"]|13:48:02:961
62|1.1|636136514700367934|0|49687.9375|19.95287471531|102.09441042446|141287|694737||49687.9375|380||38043.75|380.25|49687.9375|8963f7|UAE383|0|2541|0|||3|3|0|1|1|132|146|["132,114,4,528","132,194,5,3512","132,178,4,1864","132,146,5,1762"]|13:48:07:938
62|1.1|636136514750292926|0|49692.9375|19.95863072724|102.08382107912|140171|695369||49692.9375|380||38068.75|380.25|49692.9375|8963f7|UAE383|0|2541|0|||3|3|0|1|1|132|146|["132,114,4,528","132,194,5,3512","132,178,4,1864","132,146,5,1762"]|13:48:12:938
62|1.1|636136514800377934|0|49697.9375|19.96449939178|102.07383791211|139118|696013||49697.9375|380||38018.75|380|49697.9375|8963f7|UAE383|0|2541|0|||3|3|0|1|1|132|147|["132,114,4,528","132,194,5,3512","132,146,5,1762"]|13:48:17:938
62|1.1|636136514850152911|0|49702.921875|19.97066309887|102.06255119347|137929|696690||49702.921875|380||38000|380|49702.921875|8963f7|UAE383|0|2541|0|||3|3|0|1|1|132|146|["132,114,4,528","132,194,5,3512","132,146,5,1762"]|13:48:22:922
62|1.1|636136514900057901|0|49707.921875|19.97628500055|102.05233199242|136852|697307||49707.921875|380||38000|380|49707.921875|8963f7|UAE383|0|2541|0|||3|3|0|1|1|132|146|["132,114,4,528","132,194,5,3512","132,146,5,1762"]|13:48:27:922
62|1.1|636136514949982893|0|49712.8984375|19.98208929217|102.04187139292|135749|697945||49712.8984375|380||38006.25|380|49712.8984375|8963f7|UAE383|0|2541|0|||3|3|0|1|1|132|146|["132,114,4,528","132,194,5,3512","132,146,5,1762"]|13:48:32:898
62|1.1|636136514999897884|0|49717.8984375|19.98790431261|102.03115330174|134620|698583||49717.8984375|380||37993.75|380|49717.8984375|8963f7|UAE383|0|2541|0|||3|3|0|1|1|132|146|["132,114,4,528","132,194,5,3512","132,146,5,1762"]|13:48:37:898
62|1.1|636136515049822876|0|49722.8984375|19.99375151951|102.02025282062|133471|699225||49722.8984375|380||37975|380|49722.8984375|8963f7|UAE383|0|2541|0|||3|3|0|1|1|132|146|["132,114,4,528","132,194,5,3512","132,146,5,1762"]|13:48:42:898
62|1.1|636136515099757869|0|49727.875|19.99938415001|102.0092986954|132317|699843||49727.875|380||37962.5|380|49727.875|8963f7|UAE383|0|2541|0|||3|3|0|1|1|132|194|["132,114,4,528","132,194,5,3512","132,146,5,1762"]|13:48:47:875
62|1.1|636136515149672860|0|49732.875|20.00471100914|101.99786177328|131113|700427||49732.875|380||37950|380|49732.875|8963f7|UAE383|0|2541|0|||3|3|0|1|1|132|194|["132,114,4,528","132,194,5,3512","132,146,5,1762"]|13:48:52:875
62|1.1|636136515199607853|0|49737.859375|20.01137360636|101.98637120706|129902|701159||49737.859375|380||37918.75|380|49737.859375|8963f7|UAE383|0|2541|0|||3|3|0|1|1|132|146|["132,114,4,528","132,194,5,3512","132,146,5,1762"]|13:48:57:859
62|1.1|636136515249512843|0|49742.859375|20.01753194904|101.97551364122|128758|701836||49742.859375|380||37887.5|380|49742.859375|8963f7|UAE383|0|2541|0|||3|3|0|1|1|132|146|["132,114,4,528","132,194,5,3512","132,146,5,1762"]|13:49:02:859
62|1.1|636136515299427834|0|49747.859375|20.02320749482|101.96436103283|127584|702459||49747.859375|380||37893.75|380|49747.859375|8963f7|UAE383|0|2541|0|||3|3|0|1|1|132|194|["132,114,4,528","132,194,5,3512","132,146,5,1762"]|13:49:07:859
62|1.1|636136515349382829|0|49752.8359375|20.02897423557|101.95358929755|126449|703093||49752.8359375|380||38000|380|49752.8359375|8963f7|UAE383|0|2541|0|||3|3|0|1|1|132|146|["132,114,4,528","132,194,5,3512","132,146,5,1762"]|13:49:12:836
62|1.1|636136515399277818|0|49757.8359375|20.03470342545|101.94259225705|125291|703722||49757.8359375|380||38006.25|378|49757.8359375|8963f7|UAE383|0|2541|0|||3|3|0|1|1|132|146|["132,114,4,528","132,194,5,3512","132,146,5,1762"]|13:49:17:836
62|1.1|636136515449202810|0|49762.8203125|20.04044870856|101.93181515736|124156|704353||49762.8203125|380||38012.5|378|49762.8203125|8963f7|UAE383|0|2541|0|||3|3|0|1|1|132|146|["132,114,4,528","132,194,5,3512","132,146,5,1762"]|13:49:22:820
62|1.1|636136515499117801|0|49767.8203125|20.04627445782|101.92092004065|123009|704993||49767.8203125|380||38018.75|378|49767.8203125|8963f7|UAE383|0|2541|0|||3|3|0|1|1|132|147|["132,114,4,528","132,194,5,3512","132,146,5,1762"]|13:49:27:820
62|1.1|636136515549042793|0|49772.8203125|20.05212702913|101.91013221214|121873|705637||49772.8203125|380||38025|378|49772.8203125|8963f7|UAE383|0|2541|0|||3|3|0|1|1|132|147|["132,194,5,3512","132,146,5,1762"]|13:49:32:820
62|1.1|636136515598967785|0|49777.796875|20.05777038845|101.89949995152|120754|706256||49777.796875|380||38000|378|49777.796875|8963f7|UAE383|0|2541|0|||3|3|0|1|1|132|146|["132,194,5,3512","132,146,5,1762"]|13:49:37:797
62|1.1|636136515648892777|0|49782.796875|20.06358004448|101.88874430947|119621|706896||49782.796875|380||38006.25|378|49782.796875|8963f7|UAE383|0|2541|0|||3|3|0|1|1|132|146|["132,194,5,3512","132,146,5,1762"]|13:49:42:797
62|1.1|636136515698807768|0|49787.78125|20.06931459877|101.87783846394|118473|707525||49787.78125|380||38012.5|378|49787.78125|8963f7|UAE383|0|2541|0|||3|3|0|1|1|132|146|["132,194,5,3512","132,146,5,1762"]|13:49:47:781
62|1.1|636136515748732760|0|49792.78125|20.07443761032|101.86854730582|117495|708089||49792.78125|380||38006.25|378|49792.78125|8963f7|UAE383|0|2541|0|||3|3|0|1|1|132|146|["132,194,5,3512","132,146,5,1762"]|13:49:52:781
62|1.1|636136515798657752|0|49797.78125|20.08038674101|101.857271316|116308|708743||49797.78125|380||38000|378|49797.78125|8963f7|UAE383|0|2541|0|||3|3|0|1|1|132|146|["132,194,5,3512","132,146,5,1762"]|13:49:57:781
62|1.1|636136515848572743|0|49802.7578125|20.08614811735|101.84657468246|115182|709377||49802.7578125|380||38000|378|49802.7578125|8963f7|UAE383|0|2541|0|||3|3|0|1|1|132|146|["132,114,4,528","132,194,5,3512","132,146,5,1762"]|13:50:02:758
62|1.1|636136515898497735|0|49807.7578125|20.09189876487|101.83572248103|114040|710009||49807.7578125|380||37993.75|378|49807.7578125|8963f7|UAE383|0|2541|0|||3|3|0|1|1|132|146|["132,114,5,544","132,194,5,3512","132,146,5,1762"]|13:50:07:758
62|1.1|636136515948432728|0|49812.7421875|20.09768696326|101.82478444904|112889|710645||49812.7421875|380||37981.25|378|49812.7421875|8963f7|UAE383|0|2541|0|||3|3|0|1|1|132|146|["132,114,5,544","132,194,5,3512","132,146,5,1762"]|13:50:12:742
62|1.1|636136515998337718|0|49817.7421875|20.10362536513|101.81380886618|111734|711299||49817.7421875|380||37956.25|378|49817.7421875|8963f7|UAE383|0|2541|0|||3|3|0|1|1|132|146|["132,114,5,544","132,194,5,3512","132,146,5,1762"]|13:50:17:742
62|1.1|636136516048262710|0|49822.7421875|20.10978370781|101.80242022375|110535|711976||49822.7421875|380||37987.5|378|49822.7421875|8963f7|UAE383|0|2541|0|||3|3|0|1|1|132|146|["132,114,5,544","132,194,5,3512","132,146,5,1762"]|13:50:22:742
62|1.1|636136516101298013|0|49828.0390625|20.11577038937|101.79089747107|109323|712635||49828.0390625|380||37987.5|378|49828.0390625|8963f7|UAE383|0|2541|0|||3|3|0|1|1|132|146|["132,114,5,544","132,194,5,3512","132,146,5,1762"]|13:50:28:039
62|1.1|636136516151223005|0|49833.015625|20.12176243534|101.77995943908|108172|713294||49833.015625|380||37981.25|378|49833.015625|8963f7|UAE383|0|2541|0|||3|3|0|1|1|132|146|["132,114,5,544","132,194,5,3512","132,146,5,1762"]|13:50:33:016
62|1.1|636136516201137996|0|49838.015625|20.12769010839|101.76900531386|107019|713947||49838.015625|380||37981.25|378|49838.015625|8963f7|UAE383|0|2541|0|||3|3|0|1|1|132|146|["132,114,5,544","132,194,5,3512","132,146,5,1762"]|13:50:38:016
62|1.1|636136516251062988|0|49843.015625|20.13353731529|101.75817457007|105880|714590||49843.015625|380||38000|378|49843.015625|8963f7|UAE383|0|2541|0|||3|3|0|1|1|132|147|["132,114,5,544","132,194,5,3512","132,146,5,1762"]|13:50:43:016
62|1.1|636136516300987980|0|49848|20.13931478486|101.74735991951|104742|715226||49848|380||38000|378|49848|8963f7|UAE383|0|2541|0|||3|3|0|1|1|132|146|["132,114,5,544","132,194,5,3512","132,146,5,1762"]|13:50:48:000
62|1.1|636136516350912972|0|49853|20.14468992368|101.73756450685|103712|715818||49853|380||38018.75|378|49853|8963f7|UAE383|0|2541|0|||3|3|0|1|1|132|146|["132,114,5,544","132,194,5,3512","132,146,5,1762"]|13:50:53:000
62|1.1|636136516400827963|0|49857.9765625|20.15040838474|101.72705562766|102606|716447||49857.9765625|380||38025|378|49857.9765625|8963f7|UAE383|0|2541|0|||3|3|0|1|1|132|146|["132,114,5,544","132,194,5,3512","132,146,5,1762"]|13:50:57:977
62|1.1|636136516450762956|0|49862.9765625|20.1558049812|101.71701881655|101551|717041||49862.9765625|380||38018.75|378|49862.9765625|8963f7|UAE383|0|2541|0|||3|3|0|1|1|132|146|["132,114,5,544","132,194,5,3512","132,146,5,1762"]|13:51:02:977
62|1.1|636136516500667946|0|49867.9765625|20.1618667645|101.70534049598|100323|717709||49867.9765625|380||38000|378|49867.9765625|8963f7|UAE383|0|2541|0|||3|3|0|1|1|132|146|["132,114,5,544","132,194,5,3512","132,146,5,1762"]|13:51:07:977
62|1.1|636136516550592938|0|49872.9609375|20.16798755631|101.69367290423|99096|718383||49872.9609375|380||37993.75|378|49872.9609375|8963f7|UAE383|0|2541|0|||3|3|0|1|1|132|147|["132,114,5,544","132,194,5,3512","132,146,5,1762"]|13:51:12:961
62|1.1|636136516600517930|0|49877.9609375|20.17385085644|101.68264904168|97937|719028||49877.9609375|380||37987.5|378|49877.9609375|8963f7|UAE383|0|2541|0|||3|3|0|1|1|132|146|["132,114,5,544","132,194,5,3512","132,146,5,1762"]|13:51:17:961
62|1.1|636136516650432921|0|49882.9375|20.17983217359|101.67139987391|96754|719687||49882.9375|380||37987.5|378|49882.9375|8963f7|UAE383|0|2541|0|||3|3|0|1|1|132|146|["132,114,5,544","132,194,5,3512","132,146,5,1762"]|13:51:22:938
62|1.1|636136516700357913|0|49887.9375|20.18582421956|101.66041356223|95598|720347||49887.9375|380||37987.5|378|49887.9375|8963f7|UAE383|0|2541|0|||3|3|0|1|1|132|146|["132,114,5,544","132,194,5,3512","132,146,5,1762"]|13:51:27:938
62|1.1|636136516750282905|0|49892.9375|20.19162851118|101.6493467844|94435|720987||49892.9375|380||38000|378|49892.9375|8963f7|UAE383|0|2541|0|||3|3|0|1|1|132|146|["132,114,4,544","132,194,5,3512","132,146,5,1762"]|13:51:32:938
62|1.1|636136516800207897|0|49897.921875|20.1969500059|101.63966402435|93417|721573||49897.921875|380||38012.5|378|49897.921875|8963f7|UAE383|0|2541|0|||3|3|0|1|1|132|146|["132,114,4,544","132,194,5,3512","132,146,5,1762"]|13:51:37:922
62|1.1|636136516850122888|0|49902.921875|20.20310298417|101.62827001751|92219|722251||49902.921875|380||38006.25|378|49902.921875|8963f7|UAE383|0|2541|0|||3|3|0|1|1|132|147|["132,114,5,552","132,194,5,3512","132,146,5,1762"]|13:51:42:922
62|1.1|636136516900047880|0|49907.8984375|20.2079470464|101.61927926635|91274|722785||49907.8984375|380||38012.5|378|49907.8984375|8963f7|UAE383|0|2541|0|||3|3|0|1|1|132|114|["132,114,5,552","132,194,5,3512","132,146,5,1762"]|13:51:47:898
62|1.1|636136516949972872|0|49912.8984375|20.21366014305|101.60865773455|90158|723415||49912.8984375|380||38018.75|378|49912.8984375|8963f7|UAE383|0|2541|0|||3|3|0|1|1|132|146|["132,114,5,552","132,194,5,3512","132,146,5,1762"]|13:51:52:898
62|1.1|636136516999887863|0|49917.8984375|20.2194268838|101.5978484484|89021|724050||49917.8984375|380||38012.5|378|49917.8984375|8963f7|UAE383|0|2541|0|||3|3|0|1|1|132|146|["132,114,5,552","132,194,5,3512","132,146,5,1762"]|13:51:57:898
62|1.1|636136517049812855|0|49922.875|20.22514534486|101.58677094175|87857|724680||49922.875|380||37987.5|378|49922.875|8963f7|UAE383|0|2541|0|||3|3|0|1|1|132|146|["132,114,5,552","132,194,5,3512","132,146,5,1762"]|13:52:02:875
62|1.1|636136517099727846|0|49927.875|20.23131978077|101.57493705329|86614|725361||49927.875|380||37931.25|378|49927.875|8963f7|UAE383|0|2541|0|||3|3|0|1|1|132|146|["132,114,5,552","132,194,5,3512","132,146,5,1762"]|13:52:07:875
62|1.1|636136517149662839|0|49932.859375|20.23806820855|101.56233068979|85289|726105||49932.859375|380||37981.25|378|49932.859375|8963f7|UAE383|0|2541|0|||3|3|0|1|1|132|146|["132,114,5,552","132,194,5,3512","132,146,5,1762"]|13:52:12:859
62|1.1|636136517199577830|0|49937.859375|20.24402806806|101.55119953904|84119|726762||49937.859375|380||37993.75|378|49937.859375|8963f7|UAE383|0|2541|0|||3|3|0|1|1|132|146|["132,114,5,552","132,194,5,3512","132,146,5,1762"]|13:52:17:859
62|1.1|636136517249492821|0|49942.859375|20.2498967326|101.54022932059|82967|727409||49942.859375|380||38000|378|49942.859375|8963f7|UAE383|0|2541|0|||3|3|0|1|1|132|146|["132,114,5,552","132,194,5,3512","132,146,5,1762"]|13:52:22:859
62|1.1|636136517299417813|0|49947.8359375|20.25528260024|101.53044463675|81939|728004||49947.8359375|380||38012.5|378|49947.8359375|8963f7|UAE383|0|2541|0|||3|3|0|1|1|132|114|["132,114,5,552","132,194,5,3512","132,146,5,1762"]|13:52:27:836
62|1.1|636136517349342805|0|49952.8359375|20.2610547054|101.51978018967|80818|728640||49952.8359375|380||38025|378|49952.8359375|8963f7|UAE383|0|2541|0|||3|3|0|1|1|132|146|["132,114,5,552","132,194,5,3512","132,146,5,1762"]|13:52:32:836
62|1.1|636136517399267797|0|49957.8203125|20.26701992932|101.50833790314|79616|729298||49957.8203125|380||38006.25|378|49957.8203125|8963f7|UAE383|0|2541|0|||3|3|0|1|1|132|146|["132,114,5,552","132,194,5,3512","132,146,5,1762"]|13:52:37:820
62|1.1|636136517449182788|0|49962.8203125|20.27305489057|101.49718529475|78445|729964||49962.8203125|380||38012.5|378|49962.8203125|8963f7|UAE383|0|2541|0|||3|3|0|1|1|132|147|["132,114,5,552","132,194,5,3512","132,146,5,1762"]|13:52:42:820
62|1.1|636136517499107780|0|49967.8203125|20.27806524951|101.48789413663|77469|730517||49967.8203125|380||38012.5|378|49967.8203125|8963f7|UAE383|0|2541|0|||3|3|0|1|1|132|146|["132,114,5,552","132,194,5,3512","132,146,5,1762"]|13:52:47:820
62|1.1|636136517549022771|0|49972.796875|20.28349939684|101.47742280831|76369|731117||49972.796875|380||38006.25|378|49972.796875|8963f7|UAE383|0|2541|0|||3|3|0|1|1|132|146|["132,114,5,552","132,194,5,3512","132,146,5,1762"]|13:52:52:797
62|1.1|636136517598947763|0|49977.796875|20.28967383275|101.4656157419|75129|731798||49977.796875|380||37993.75|378|49977.796875|8963f7|UAE383|0|2541|0|||3|3|0|1|1|132|146|["132,114,5,552","132,194,5,3512","132,146,5,1762"]|13:52:57:797
62|1.1|636136517648872755|0|49982.78125|20.29548885319|101.45463479463|73976|732439||49982.78125|380||37987.5|378|49982.78125|8963f7|UAE383|0|2541|0|||3|3|0|1|1|132|146|["132,114,5,552","132,194,5,3512","132,146,5,1762"]|13:53:02:781
62|1.1|636136517698787746|0|49987.78125|20.302146086|101.44221618548|72672|733174||49987.78125|380||38000|378|49987.78125|8963f7|UAE383|0|2541|0|||3|3|0|1|1|132|147|["132,114,5,552","132,194,5,3512","132,146,5,1762","132,98,4"]|13:53:07:781
62|1.1|636136517748712738|0|49992.78125|20.30709743643|101.43295184941|71699|733721||49992.78125|380||38000|378|49992.78125|8963f7|UAE383|0|2541|0|||3|3|0|1|1|132|146|["132,114,5,552","132,194,5,3512","132,146,5,1762","132,98,4"]|13:53:12:781
62|1.1|636136517798647731|0|49997.7578125|20.31318604178|101.42139154586|70485|734393||49997.7578125|380||37993.75|378|49997.7578125|8963f7|UAE383|0|2541|0|||3|3|0|1|1|132|146|["132,98,5,3890","132,114,5,552","132,194,5,3512","132,146,5,1762"]|13:53:17:758
62|1.1|636136517848552721|0|50002.7578125|20.31906007073|101.41029258157|69320|735041||50002.7578125|380||37987.5|378|50002.7578125|8963f7|UAE383|0|2541|0|||3|3|0|1|1|132|146|["132,98,5,3890","132,114,5,552","132,194,5,3512","132,146,5,1762"]|13:53:22:758
62|1.1|636136517898477713|0|50007.7421875|20.32498774378|101.39917752405|68153|735696||50007.7421875|380||37987.5|378|50007.7421875|8963f7|UAE383|0|2541|0|||3|3|0|1|1|132|146|["132,98,5,3890","132,114,5,552","132,194,5,3512","132,146,5,1762"]|13:53:27:742
62|1.1|636136517948402705|0|50012.7421875|20.33094223888|101.38800345802|66980|736354||50012.7421875|380||37987.5|378|50012.7421875|8963f7|UAE383|0|2541|0|||3|3|0|1|1|132|114|["132,98,5,3890","132,114,5,552","132,194,5,3512","132,146,5,1762"]|13:53:32:742
62|1.1|636136517998327697|0|50017.7421875|20.33708985274|101.37685084963|65809|737033||50017.7421875|380||37981.25|378|50017.7421875|8963f7|UAE383|0|2541|0|||3|3|0|1|1|132|146|["132,98,5,3890","132,114,5,552","132,194,5,3512","132,146,5,1762"]|13:53:37:742
62|1.1|636136518048242688|0|50022.71875|20.34298533933|101.36570897006|64640|737684||50022.71875|380||37993.75|378|50022.71875|8963f7|UAE383|0|2541|0|||3|3|0|1|1|132|146|["132,98,5,3890","132,114,5,552","132,194,5,3512","132,146,5,1762"]|13:53:42:719
62|1.1|636136518098167680|0|50027.71875|20.3484409443|101.35526446379|63544|738287||50027.71875|380||38000|378|50027.71875|8963f7|UAE383|0|2541|0|||3|3|0|1|1|132|146|["132,98,4,3890","132,114,5,552","132,194,5,3512","132,146,5,1762"]|13:53:47:719
62|1.1|636136518148092672|0|50032.6953125|20.3545563717|101.34416013509|62378|738962||50032.6953125|380||38006.25|378|50032.6953125|8963f7|UAE383|0|2541|0|||3|3|0|1|1|132|146|["132,98,4,3890","132,114,5,552","132,194,5,3512","132,146,5,1762"]|13:53:52:695
62|1.1|636136518198007663|0|50037.6953125|20.35946480685|101.33476168877|61392|739505||50037.6953125|380||38018.75|378|50037.6953125|8963f7|UAE383|0|2541|0|||3|3|0|1|1|132|146|["132,98,5,3891","132,114,5,552","132,194,5,3512","132,146,5,1762"]|13:53:57:695
62|1.1|636136518247942656|0|50042.6953125|20.36522618319|101.32401141113|60264|740141||50042.6953125|380||38018.75|378|50042.6953125|8963f7|UAE383|0|2541|0|||3|3|0|1|1|132|114|["132,98,5,3891","132,114,5,552","132,194,5,3512","132,146,5,1762"]|13:54:02:695
62|1.1|636136518297857647|0|50047.6796875|20.37100901717|101.31308410796|59117|740780||50047.6796875|380||38012.5|378|50047.6796875|8963f7|UAE383|0|2541|0|||3|3|0|1|1|132|114|["132,98,5,3891","132,114,5,552","132,194,5,3512","132,146,5,1762"]|13:54:07:680
62|1.1|636136518347772638|0|50052.6796875|20.37721563954|101.30171692317|57925|741467||50052.6796875|380||38006.25|378|50052.6796875|8963f7|UAE383|0|2541|0|||3|3|0|1|1|132|98|["132,98,5,3891","132,114,5,552","132,194,5,3512","132,146,5,1762"]|13:54:12:680
62|1.1|636136518397697630|0|50057.65625|20.38305748203|101.29078962|56778|742112||50057.65625|380||38006.25|378|50057.65625|8963f7|UAE383|0|2541|0|||3|3|0|1|1|132|98|["132,98,5,3891","132,114,5,552","132,194,5,3512","132,146,5,1762"]|13:54:17:656
62|1.1|636136518447612621|0|50062.65625|20.38903879918|101.27984085919|55629|742774||50062.65625|380||37975|378|50062.65625|8963f7|UAE383|0|2541|0|||3|3|0|1|1|132|146|["132,98,5,3891","132,114,5,552","132,194,5,3512","132,146,5,1762"]|13:54:22:656
62|1.1|636136518497537613|0|50067.65625|20.39475726024|101.26898865776|54491|743406||50067.65625|380||37981.25|378|50067.65625|8963f7|UAE383|0|2541|0|||3|3|0|1|1|132|146|["132,98,5,3891","132,114,5,552","132,194,5,3512","132,146,5,1762"]|13:54:27:656
62|1.1|636136518547462605|0|50072.640625|20.40008411937|101.25853342267|53394|743995||50072.640625|380||38006.25|378|50072.640625|8963f7|UAE383|0|2541|0|||3|3|0|1|1|132|146|["132,98,5,3891","132,114,5,552","132,194,5,3512","132,146,5,1762"]|13:54:32:641
62|1.1|636136518597377596|0|50077.640625|20.40589913981|101.24747200925|52234|744638||50077.640625|380||38006.25|378|50077.640625|8963f7|UAE383|0|2541|0|||3|3|0|1|1|132|146|["132,98,5,3891","132,114,5,552","132,194,5,3512","132,146,5,1762"]|13:54:37:641
62|1.1|636136518647302588|0|50082.6171875|20.41173025348|101.23669490956|51104|745283||50082.6171875|380||38018.75|378|50082.6171875|8963f7|UAE383|0|2541|0|||3|3|0|1|1|132|146|["132,98,5,3891","132,114,5,552","132,194,5,3512","132,146,5,1762"]|13:54:42:617
62|1.1|636136518697227580|0|50087.6171875|20.41765256212|101.22534918241|49914|745938||50087.6171875|380||38006.25|378|50087.6171875|8963f7|UAE383|0|2541|0|||3|3|0|1|1|132|146|["132,98,5,3891","132,114,5,552","132,194,5,3512","132,146,5,1762"]|13:54:47:617
62|1.1|636136518747142571|0|50092.6171875|20.42313498914|101.21499587111|48828|746544||50092.6171875|380||38012.5|378|50092.6171875|8963f7|UAE383|0|2541|0|||3|3|0|1|1|132|146|["132,98,5,3891","132,114,5,552","132,194,5,3512","132,146,5,1762"]|13:54:52:617
62|1.1|636136518797067563|0|50097.6015625|20.42904656896|101.20425095788|47701|747198||50097.6015625|380||38018.75|378|50097.6015625|8963f7|UAE383|0|2541|0|||3|3|0|1|1|132|146|["132,98,5,3891","132,114,5,552","132,194,5,3512","132,146,5,1762"]|13:54:57:602
62|1.1|636136518846992555|0|50102.6015625|20.43490986909|101.19327001061|46550|747847||50102.6015625|380||38012.5|378|50102.6015625|8963f7|UAE383|0|2541|0|||3|3|0|1|1|132|146|["132,98,5,3891","132,114,5,552","132,194,5,3512","132,146,5,1762"]|13:55:02:602
62|1.1|636136518896917547|0|50107.578125|20.44084290655|101.18257874148|45429|748503||50107.578125|380||38000|378|50107.578125|8963f7|UAE383|0|2541|0|||3|3|0|1|1|132|146|["132,98,5,3891","132,114,5,552","132,194,5,3512","132,146,5,1762"]|13:55:07:578
62|1.1|636136518946842539|0|50112.578125|20.44683495252|101.17133493812|44250|749167||50112.578125|380||37943.75|378|50112.578125|8963f7|UAE383|0|2541|0|||3|3|0|1|1|132|146|["132,98,5,3891","132,114,5,552","132,194,5,3512","132,146,5,1762"]|13:55:12:578
62|1.1|636136518996757530|0|50117.578125|20.45286991377|101.16015014327|43077|749834||50117.578125|380||37893.75|378|50117.578125|8963f7|UAE383|0|2541|0|||3|3|0|1|1|132|146|["132,98,5,3891","132,114,5,552","132,194,5,3512","132,146,5,1762"]|13:55:17:578
62|1.1|636136519046682522|0|50122.5625|20.45865811216|101.14904581457|41913|750476||50122.5625|380||37881.25|378|50122.5625|8963f7|UAE383|0|2541|0|||3|3|0|1|1|132|146|["132,98,5,3891","132,114,5,552","132,194,5,3512","132,146,5,1762"]|13:55:22:563
62|1.1|636136519096597513|0|50127.5625|20.46460187844|101.13783956208|40739|751133||50127.5625|380||37881.25|378|50127.5625|8963f7|UAE383|0|2541|0|||3|3|0|1|1|132|146|["132,98,5,3891","132,114,5,552","132,194,5,3512","132,146,5,1762"]|13:55:27:563
62|1.1|636136519146522505|0|50132.5390625|20.47037934801|101.12673523338|39575|751773||50132.5390625|380||37900|378|50132.5390625|8963f7|UAE383|0|2541|0|||3|3|0|1|1|132|146|["132,98,5,3891","132,114,5,552","132,194,5,3512","132,146,5,1762"]|13:55:32:539
62|1.1|636136519196437496|0|50137.5390625|20.47594760559|101.11553970971|38401|752389||50137.5390625|380||38006.25|378|50137.5390625|8963f7|UAE383|0|2541|0|||3|3|0|1|1|132|146|["132,98,5,3891","132,114,5,552","132,194,5,3512","132,146,5,1762"]|13:55:37:539
62|1.1|636136519246362488|0|50142.5390625|20.48160169373|101.10444074542|37238|753015||50142.5390625|380||38012.5|378|50142.5390625|8963f7|UAE383|0|2541|0|||3|3|0|1|1|132|146|["132,98,5,3891","132,114,5,552","132,194,5,3512","132,146,5,1762"]|13:55:42:539
62|1.1|636136519296287480|0|50147.515625|20.48727723951|101.09349198461|36091|753644||50147.515625|380||38012.5|378|50147.515625|8963f7|UAE383|0|2541|0|||3|3|0|1|1|132|146|["132,98,5,3891","132,114,5,552","132,194,5,3512","132,146,5,1762"]|13:55:47:516
62|1.1|636136519346212472|0|50152.515625|20.49307080231|101.08251103734|34940|754285||50152.515625|380||38012.5|378|50152.515625|8963f7|UAE383|0|2541|0|||3|3|0|1|1|132|146|["132,98,5,3891","132,114,5,552","132,194,5,3512","132,146,5,1762"]|13:55:52:516
62|1.1|636136519396127463|0|50157.5|20.49886972952|101.07164810709|33802|754927||50157.5|380||38006.25|378|50157.5|8963f7|UAE383|0|2541|0|||3|3|0|1|1|132|146|["132,98,5,3891","132,114,5,552","132,194,5,3512","132,146,5,1762"]|13:55:57:500
62|1.1|636136519446052455|0|50162.5|20.50419658865|101.06170785536|32760|755518||50162.5|380||38025|378|50162.5|8963f7|UAE383|0|2541|0|||3|3|0|1|1|132|146|["132,98,5,3891","132,114,5,552","132,194,5,3512","132,146,5,1762"]|13:56:02:500
62|1.1|636136519495967446|0|50167.5|20.50998478704|101.05097367095|31636|756159||50167.5|380||38037.5|378|50167.5|8963f7|UAE383|0|2541|0|||3|3|0|1|1|132|146|["132,98,5,3891","132,114,5,552","132,194,5,3512","132,146,5,1762"]|13:56:07:500
62|1.1|636136519545892438|0|50172.4765625|20.51578907866|101.04018584244|30505|756802||50172.4765625|380||38031.25|378|50172.4765625|8963f7|UAE383|0|2541|0|||3|3|0|1|1|132|146|["132,98,5,3891","132,114,5,552","132,194,5,3512","132,146,5,1762"]|13:56:12:477
62|1.1|636136519595817430|0|50177.4765625|20.5219259637|101.02893667467|29327|757483||50177.4765625|380||37962.5|378|50177.4765625|8963f7|UAE383|0|2541|0|||3|3|0|1|1|132|146|["132,98,5,3891","132,114,5,552","132,194,5,3512","132,146,5,1762"]|13:56:17:477
62|1.1|636136519645742422|0|50182.4609375|20.52786436557|101.01776797305|28157|758141||50182.4609375|380||37918.75|378|50182.4609375|8963f7|UAE383|0|2541|0|||3|3|0|1|1|132|146|["132,98,5,3891","132,114,5,552","132,194,5,3512","132,146,5,1762"]|13:56:22:461
62|1.1|636136519695657413|0|50187.4609375|20.53353991135|101.0063686018|26963|758770||50187.4609375|380||37993.75|378|50187.4609375|8963f7|UAE383|0|2541|0|||3|3|0|1|1|132|146|["132,98,5,3891","132,114,5,552","132,194,5,3512","132,146,5,1762"]|13:56:27:461
62|1.1|636136519745582405|0|50192.4609375|20.53931201651|100.99537692571|25812|759409||50192.4609375|380||38000|378|50192.4609375|8963f7|UAE383|0|2541|0|||3|3|0|1|1|132|146|["132,98,5,3891","132,114,5,552","132,194,5,3512","132,146,5,1762"]|13:56:32:461
62|1.1|636136519795497396|0|50197.4375|20.54456913831|100.98535620783|24763|759992||50197.4375|380||38006.25|378|50197.4375|8963f7|UAE383|0|2541|0|||3|3|0|1|1|132|146|["132,98,5,3891","132,114,5,552","132,194,5,3512","132,146,5,1762"]|13:56:37:438
62|1.1|636136519845422388|0|50202.4375|20.55034660788|100.97443426907|23619|760633||50202.4375|380||38006.25|378|50202.4375|8963f7|UAE383|0|2541|0|||3|3|0|1|1|132|146|["132,98,5,3891","132,114,5,552","132,194,5,3512","132,146,5,1762"]|13:56:42:438
62|1.1|636136519895347380|0|50207.421875|20.55616162832|100.96346941503|22470|761278||50207.421875|380||38006.25|378|50207.421875|8963f7|UAE383|0|2541|0|||3|3|0|1|1|132|146|["132,98,5,3891","132,114,5,552","132,194,5,3512","132,146,5,1762"]|13:56:47:422
62|1.1|636136519945262371|0|50212.421875|20.56216976752|100.95228462018|21299|761944||50212.421875|380||37987.5|378|50212.421875|8963f7|UAE383|0|2541|0|||3|3|0|1|1|132|146|["132,98,5,3891","132,114,5,552","132,194,5,3512","132,146,5,1762"]|13:56:52:422
62|1.1|636136519995187363|0|50217.421875|20.56814572026|100.94088524893|20106|762607||50217.421875|380||37962.5|378|50217.421875|8963f7|UAE383|0|2541|0|||3|3|0|1|1|132|146|["132,98,2,3891","132,114,5,552","132,194,5,3512","132,146,5,1762"]|13:56:57:422
62|1.1|636136520045112355|0|50222.3984375|20.57440062232|100.92962535234|18927|763300||50222.3984375|380||37925|378|50222.3984375|8963f7|UAE383|0|2541|0|||3|3|0|1|1|132|146|["132,98,2,3898","132,114,5,552","132,194,5,3512","132,146,5,1762"]|13:57:02:398
62|1.1|636136520095027346|0|50227.3984375|20.58041412593|100.91848883718|17761|763968||50227.3984375|380||37906.25|378|50227.3984375|8963f7|UAE383|0|2541|0|||3|3|0|1|1|132|146|["132,98,4,3898","132,114,5,552","132,194,5,3512","132,146,5,1762"]|13:57:07:398
62|1.1|636136520144952338|0|50232.375|20.58630424811|100.90727722028|16587|764621||50232.375|380||37906.25|378|50232.375|8963f7|UAE383|0|2541|0|||3|3|0|1|1|132|146|["132,98,5,3898","132,114,5,552","132,194,5,3512","132,146,5,1762"]|13:57:12:375
62|1.1|636136520194877330|0|50237.375|20.59208171768|100.89611388307|15419|765262||50237.375|380||37931.25|378|50237.375|8963f7|UAE383|0|2541|0|||3|3|0|1|1|132|146|["132,98,5,3898","132,114,5,552","132,194,5,3512","132,146,5,1762"]|13:57:17:375
62|1.1|636136520244792321|0|50242.375|20.59788064489|100.88580885146|14340|765906||50242.375|380||37887.5|378|50242.375|8963f7|UAE383|0|2541|0|||3|3|0|1|1|132|146|["132,98,5,3898","132,114,5,552","132,194,5,3512","132,146,5,1762"]|13:57:22:375
62|1.1|636136520294717313|0|50247.359375|20.60361519918|100.87517122643|13227|766542||50247.359375|380||37893.75|378|50247.359375|8963f7|UAE383|0|2541|0|||3|3|0|1|1|132|146|["132,98,5,3898","132,114,5,552","132,194,5,3512","132,146,5,1762"]|13:57:27:359
62|1.1|636136520344642305|0|50252.359375|20.60937121111|100.86420637239|12079|767181||50252.359375|380||37912.5|378|50252.359375|8963f7|UAE383|0|2541|0|||3|3|0|1|1|132|146|["132,98,5,3898","132,114,5,552","132,194,5,3512","132,146,5,1762"]|13:57:32:359
62|1.1|636136520394557296|0|50257.3359375|20.61510040099|100.85323078953|10930|767817||50257.3359375|380||37937.5|378|50257.3359375|8963f7|UAE383|0|2541|0|||3|3|0|1|1|132|146|["132,98,5,3898","132,114,5,552","132,194,5,3512","132,146,5,1762"]|13:57:37:336
62|1.1|636136520444482288|0|50262.3359375|20.62060428565|100.84219083375|9775|768428||50262.3359375|380||38025|378|50262.3359375|8963f7|UAE383|0|2541|0|||3|3|0|1|1|132|146|["132,98,5,3898","132,114,5,552","132,194,5,3512","132,146,5,1762"]|13:57:42:336
62|1.1|636136520494407280|0|50267.3359375|20.62646222137|100.83110259828|8615|769079||50267.3359375|380||38037.5|378|50267.3359375|8963f7|UAE383|0|2541|0|||3|3|0|1|1|132|114|["132,98,5,3898","132,114,5,552","132,194,5,3512","132,146,5,1762"]|13:57:47:336
62|1.1|636136520544332272|0|50272.3203125|20.63235234355|100.82014310865|7468|769733||50272.3203125|380||38037.5|378|50272.3203125|8963f7|UAE383|0|2541|0|||3|3|0|1|1|132|114|["132,98,5,3898","132,114,5,552","132,194,5,3512","132,146,5,1762"]|13:57:52:320
62|1.1|636136520594247263|0|50277.3203125|20.6381727284|100.80919434784|6323|770379||50277.3203125|380||38043.75|378|50277.3203125|8963f7|UAE383|0|2541|0|||3|3|0|1|1|132|146|["132,98,5,3898","132,114,5,552","132,194,5,3512","132,146,5,1762"]|13:57:57:320
62|1.1|636136520644172255|0|50282.296875|20.64388582505|100.79827777349|5181|771014||50282.296875|380||38043.75|378|50282.296875|8963f7|UAE383|0|2541|0|||3|3|0|1|1|132|146|["132,98,5,3898","132,114,5,552","132,194,5,3512","132,146,5,1762"]|13:58:02:297
62|1.1|636136520694087246|0|50287.296875|20.64962574375|100.78738265678|4041|771651||50287.296875|380||38031.25|378|50287.296875|8963f7|UAE383|0|2541|0|||3|3|0|1|1|132|114|["132,98,5,3898","132,114,5,552","132,194,5,3512","132,146,5,1762"]|13:58:07:297
62|1.1|636136520744012238|0|50292.296875|20.65541930655|100.77641780274|2894|772294||50292.296875|380||38000|378|50292.296875|8963f7|UAE383|0|2541|0|||3|3|0|1|1|132|114|["132,98,5,3898","132,114,5,552","132,194,5,3512","132,146,5,1762"]|13:58:12:297
62|1.1|636136520793937230|0|50297.28125|20.66106803028|100.7657211692|1775|772922||50297.28125|380||37981.25|378|50297.28125|8963f7|UAE383|0|2541|0|||3|3|0|1|1|132|146|["132,98,5,3898","132,114,5,552","132,194,5,3512","132,146,5,1762"]|13:58:17:281
62|1.1|636136520843862222|0|50302.28125|20.66685622867|100.75467584901|620|773566||50302.28125|380||37962.5|378|50302.28125|8963f7|UAE383|0|2541|0|||3|3|0|1|1|132|114|["132,98,5,3898","132,114,5,552","132,194,5,3512","132,146,5,1762"]|13:58:22:281
62|1.1|636136520893777213|0|50307.2578125|20.67234938451|100.74373781702|-524|774176||50307.2578125|380||38006.25|378|50307.2578125|8963f7|UAE383|0|2541|0|||3|3|0|1|1|132|114|["132,98,5,3898","132,114,5,552","132,194,5,3512","132,146,5,1762"]|13:58:27:258
62|1.1|636136520943702205|0|50312.2578125|20.67815367613|100.73282124267|-1666|774821||50312.2578125|380||38018.75|378|50312.2578125|8963f7|UAE383|0|2541|0|||3|3|0|1|1|132|114|["132,98,5,3898","132,114,5,552","132,194,5,3512","132,146,5,1762"]|13:58:32:258
62|1.1|636136520993617196|0|50317.2578125|20.68394723893|100.72180810894|-2817|775465||50317.2578125|380||38006.25|378|50317.2578125|8963f7|UAE383|0|2541|0|||3|3|0|1|1|132|114|["132,98,5,3898","132,114,5,552","132,194,5,3512","132,146,5,1762"]|13:58:37:258
62|1.1|636136521043542188|0|50322.2421875|20.68971934409|100.71088617018|-3959|776106||50322.2421875|380||37987.5|378|50322.2421875|8963f7|UAE383|0|2541|0|||3|3|0|1|1|132|147|["132,98,5,3898","132,114,5,552","132,194,5,3512","132,146,5,1762"]|13:58:42:242
62|1.1|636136521093467180|0|50327.2421875|20.69548608484|100.69995886701|-5102|776747||50327.2421875|380||37962.5|378|50327.2421875|8963f7|UAE383|0|2541|0|||3|3|0|1|1|132|98|["132,98,5,3898","132,114,5,552","132,194,5,3512","132,146,5,1762"]|13:58:47:242
62|1.1|636136521143392172|0|50332.21875|20.70122600354|100.68902619943|-6245|777386||50332.21875|380||37925|378|50332.21875|8963f7|UAE383|0|2541|0|||3|3|0|1|1|132|98|["132,98,5,3898","132,114,5,552","132,194,5,3512","132,146,5,1762"]|13:58:52:219
62|1.1|636136521193317164|0|50337.21875|20.70672452379|100.6780130657|-7396|777997||50337.21875|380||37900|378|50337.21875|8963f7|UAE383|0|2541|0|||3|3|0|1|1|132|98|["132,98,5,3898","132,114,5,552","132,194,5,3512","132,146,5,1762"]|13:58:57:219
62|1.1|636136521243232155|0|50342.21875|20.71262537479|100.66694092346|-8554|778654||50342.21875|380||37850|378|50342.21875|8963f7|UAE383|0|2541|0|||3|3|0|1|1|132|114|["132,98,5,3898","132,114,5,552","132,194,5,3512","132,146,5,1762"]|13:59:02:219
62|1.1|636136521293147146|0|50347.1953125|20.71833847144|100.65600825588|-9697|779289||50347.1953125|380||37837.5|378|50347.1953125|8963f7|UAE383|0|2541|0|||3|3|0|1|1|132|98|["132,98,5,3898","132,114,5,552","132,194,5,3512","132,146,5,1762"]|13:59:07:195
62|1.1|636136521343072138|0|50352.1953125|20.72417494952|100.64494147805|-10853|779938||50352.1953125|380||37800|378|50352.1953125|8963f7|UAE383|0|2541|0|||3|3|0|1|1|132|98|["132,98,5,3898","132,114,5,552","132,194,5,3512","132,146,5,1762"]|13:59:12:195
62|1.1|636136521392997130|0|50357.1796875|20.72999533437|100.63404099693|-11993|780586||50357.1796875|380||37781.25|378|50357.1796875|8963f7|UAE383|0|2541|0|||3|3|0|1|1|132|194|["132,98,5,3898","132,114,5,552","132,194,5,3512","132,146,5,1762"]|13:59:17:180
62|1.1|636136521442912121|0|50362.1796875|20.73578353276|100.62302249879|-13144|781229||50362.1796875|380||37775|378|50362.1796875|8963f7|UAE383|0|2541|0|||3|3|0|1|1|132|194|["132,98,5,3898","132,114,5,552","132,194,5,3512","132,146,5,1762"]|13:59:22:180
62|1.1|636136521492837113|0|50367.1796875|20.74153418028|100.61204155152|-14292|781869||50367.1796875|380||37806.25|378|50367.1796875|8963f7|UAE383|0|2541|0|||3|3|0|1|1|132|194|["132,98,5,3898","132,114,5,552","132,194,5,3512","132,146,5,1762"]|13:59:27:180
62|1.1|636136521542602089|0|50372.15625|20.7472848278|100.60104987543|-15440|782509||50372.15625|380||37818.75|378|50372.15625|8963f7|UAE383|0|2541|0|||3|3|0|1|1|132|194|["132,98,5,3898","132,114,5,552","132,194,5,3512","132,146,5,1762"]|13:59:32:156
62|1.1|636136521592677096|0|50377.15625|20.75309448383|100.58996163996|-16599|783156||50377.15625|380||37831.25|378|50377.15625|8963f7|UAE383|0|2541|0|||3|3|0|1|1|132|194|["132,98,5,3898","132,114,5,552","132,194,5,3512","132,146,5,1762"]|13:59:37:156
62|1.1|636136521642452073|0|50382.140625|20.75886658899|100.57892704859|-17752|783799||50382.140625|380||37831.25|378|50382.140625|8963f7|UAE383|0|2541|0|||3|3|0|1|1|132|194|["132,98,5,3898","132,114,5,552","132,194,5,3512","132,146,5,1762"]|13:59:42:141
62|1.1|636136521692527080|0|50387.140625|20.76464405856|100.56796755896|-18897|784442||50387.140625|380||37875|378|50387.140625|8963f7|UAE383|0|2541|0|||3|3|0|1|1|132|98|["132,98,5,3898","132,114,5,552","132,194,5,3512","132,146,5,1762"]|13:59:47:141
62|1.1|636136521742452072|0|50392.140625|20.77044298577|100.55691687436|-20052|785087||50392.140625|380||37850|378|50392.140625|8963f7|UAE383|0|2541|0|||3|3|0|1|1|132|147|["132,98,5,3898","132,194,5,3512","132,146,5,1762"]|13:59:52:141
62|1.1|636136521792367063|0|50397.1171875|20.77620972652|100.54597884237|-21194|785729||50397.1171875|380||37868.75|378|50397.1171875|8963f7|UAE383|0|2541|0|||3|3|0|1|1|132|98|["132,98,5,3898","132,194,5,3512","132,146,5,1762"]|13:59:57:117
62|1.1|636136521842132039|0|50402.1171875|20.78203011137|100.53490670013|-22351|786377||50402.1171875|380||37843.75|378|50402.1171875|8963f7|UAE383|0|2541|0|||3|3|0|1|1|132|98|["132,98,5,3898","132,194,5,3512","132,146,5,1762"]|14:00:02:117
62|1.1|636136521892057031|0|50407.1015625|20.78780758094|100.52380237143|-23511|787020||50407.1015625|380||37818.75|378|50407.1015625|8963f7|UAE383|0|2541|0|||3|3|0|1|1|132|98|["132,98,5,3898","132,194,5,3512","132,146,5,1762"]|14:00:07:102
62|1.1|636136521941982023|0|50412.1015625|20.79354213523|100.51237617813|-24704|787660||50412.1015625|380||37787.5|378|50412.1015625|8963f7|UAE383|0|2541|0|||3|3|0|1|1|132|98|["132,98,5,3898","132,194,5,3512","132,146,5,1762"]|14:00:12:102
62|1.1|636136521991897014|0|50417.1015625|20.79908893517|100.50119138328|-25872|788278||50417.1015625|380||37806.25|378|50417.1015625|8963f7|UAE383|0|2541|0|||3|3|0|1|1|132|98|["132,98,5,3898","132,194,5,3512","132,146,5,1762"]|14:00:17:102
62|1.1|636136522041822006|0|50422.078125|20.80440506548|100.48985102054|-27057|788870||50422.078125|380||37781.25|378|50422.078125|8963f7|UAE383|0|2541|0|||3|3|0|1|1|132|98|["132,98,5,3898","132,194,5,3512","132,146,5,1762"]|14:00:22:078
62|1.1|636136522091746998|0|50427.078125|20.8096729161|100.47844092047|-28248|789457||50427.078125|380||37775|378|50427.078125|8963f7|UAE383|0|2541|0|||3|3|0|1|1|132|98|["132,98,5,3898","132,194,5,3512","132,146,5,1762"]|14:00:27:078
62|1.1|636136522141661989|0|50432.0625|20.8135889354|100.4664943794|-29496|789894||50432.0625|380||37793.75|378|50432.0625|8963f7|UAE383|0|2541|0|||3|3|0|1|1|132|98|["132,98,5,3898","132,194,5,3512","132,146,5,1762"]|14:00:32:063
62|1.1|636136522191586981|0|50437.0625|20.81790728545|100.45465512653|-30733|790376||50437.0625|380.25||37768.75|378|50437.0625|8963f7|UAE383|0|2541|0|||3|3|0|1|1|132|98|["132,98,5,3898","132,194,5,3512","132,146,5,1762"]|14:00:37:063
62|1.1|636136522241511973|0|50442.0625|20.82203788115|100.44288024658|-31963|790837||50442.0625|380||37781.25|378|50442.0625|8963f7|UAE383|0|2541|0|||3|3|0|1|1|132|194|["132,98,5,3898","132,194,5,3512","132,146,5,1762"]|14:00:42:063
62|1.1|636136522291426964|0|50447.0390625|20.82601290896|100.43106245135|-33197|791281||50447.0390625|380||37812.5|378|50447.0390625|8963f7|UAE383|0|2541|0|||3|3|0|1|1|132|194|["132,98,5,3898","132,114,4,552","132,194,5,3512","132,146,5,1762"]|14:00:47:039
62|1.1|636136522341351956|0|50452.0390625|20.8292530126|100.42024780079|-34326|791643||50452.0390625|380||38006.25|378|50452.0390625|8963f7|UAE383|0|2541|0|||3|3|0|1|1|132|147|["132,98,5,3898","132,114,4,552","132,194,5,3512","132,146,5,1762"]|14:00:52:039
62|1.1|636136522391276948|0|50457.015625|20.83295981991|100.40817251388|-35587|792057||50457.015625|380||38018.75|378|50457.015625|8963f7|UAE383|0|2541|0|||3|3|0|1|1|132|147|["132,98,5,3898","132,114,4,552","132,194,5,3512","132,146,5,1762"]|14:00:57:016
62|1.1|636136522441191939|0|50462.015625|20.83650569492|100.39606504051|-36852|792453||50462.015625|380||38018.75|378|50462.015625|8963f7|UAE383|0|2541|0|||3|3|0|1|1|132|147|["132,98,5,3898","132,114,4,552","132,194,5,3512","132,146,5,1762"]|14:01:02:016
62|1.1|636136522491116931|0|50467.015625|20.8399281885|100.3839897536|-38113|792836||50467.015625|380||38012.5|378|50467.015625|8963f7|UAE383|0|2541|0|||3|3|0|1|1|132|147|["132,98,5,3898","132,114,4,552","132,194,5,3512","132,146,5,1762"]|14:01:07:016
62|1.1|636136522541041923|0|50472|20.84317365655|100.371866187|-39379|793199||50472|380||38012.5|378|50472|8963f7|UAE383|0|2541|0|||3|3|0|1|1|132|98|["132,98,5,3898","132,114,4,552","132,194,5,3512","132,146,5,1762"]|14:01:12:000
62|1.1|636136522590956914|0|50477|20.84571102248|100.35959778133|-40660|793484||50477|380||37993.75|378|50477|8963f7|UAE383|0|2541|0|||3|3|0|1|1|132|98|["132,98,5,3898","132,114,4,552","132,194,5,3512","132,146,5,1762"]|14:01:17:000
62|1.1|636136522640881906|0|50481.9765625|20.84790506617|100.34732937566|-41941|793730||50481.9765625|380||37975|378|50481.9765625|8963f7|UAE383|0|2541|0|||3|3|0|1|1|132|98|["132,98,5,3898","132,114,4,552","132,194,5,3512","132,146,5,1762"]|14:01:21:977
62|1.1|636136522690806898|0|50486.9765625|20.85014738955|100.33494831738|-43234|793982||50486.9765625|380||37968.75|378|50486.9765625|8963f7|UAE383|0|2541|0|||3|3|0|1|1|132|98|["132,98,5,3898","132,194,5,3512","132,146,5,1762"]|14:01:26:977
62|1.1|636136522740731890|0|50491.9765625|20.85218586535|100.32337728501|-44443|794212||50491.9765625|380||37987.5|378|50491.9765625|8963f7|UAE383|0|2541|0|||3|3|0|1|1|132|98|["132,98,5,3898","132,194,5,3512","132,146,5,1762"]|14:01:31:977
62|1.1|636136522790646881|0|50496.9609375|20.85440673109|100.31183307469|-45648|794461||50496.9609375|380||38006.25|378|50496.9609375|8963f7|UAE383|0|2541|0|||3|3|0|1|1|132|98|["132,98,5,3898","132,194,5,3512","132,146,5,1762"]|14:01:36:961
62|1.1|636136522840571873|0|50501.9609375|20.85675097826|100.29974705896|-46911|794724||50501.9609375|380||38006.25|378|50501.9609375|8963f7|UAE383|0|2541|0|||3|3|0|1|1|132|98|["132,98,5,3898","132,194,5,3512","132,146,5,1762"]|14:01:41:961
62|1.1|636136522890486864|0|50506.9375|20.8591327763|100.2878595264|-48152|794992||50506.9375|380||38000|378|50506.9375|8963f7|UAE383|0|2541|0|||3|3|0|1|1|132|147|["132,98,5,3898","132,194,5,3512","132,146,5,1762"]|14:01:46:938
62|1.1|636136522940411856|0|50511.9375|20.86165941341|100.27488301861|-49507|795276||50511.9375|380||37987.5|378|50511.9375|8963f7|UAE383|0|2541|0|||3|3|0|1|1|132|98|["132,98,5,3898","132,194,5,3512"]|14:01:51:938
62|1.1|636136522990336848|0|50516.9375|20.86409485555|100.26306522338|-50741|795550||50516.9375|380||38000|378|50516.9375|8963f7|UAE383|0|2541|0|||3|3|0|1|1|132|147|["132,98,5,3898","132,194,5,3512"]|14:01:56:938
62|1.1|636136523040261840|0|50521.921875|20.86667513676|100.25031402081|-52072|795840||50521.921875|380||37987.5|378|50521.921875|8963f7|UAE383|0|2541|0|||3|3|0|1|1|132|147|["132,98,5,3898","132,194,5,3512"]|14:02:01:922
62|1.1|636136523090176831|0|50526.921875|20.86912667213|100.23804561514|-53353|796116||50526.921875|380||37981.25|378|50526.921875|8963f7|UAE383|0|2541|0|||3|3|0|1|1|132|194|["132,98,5,3898","132,194,5,3512","132,146,4,1762"]|14:02:06:922
62|1.1|636136523140101823|0|50531.8984375|20.8715782075|100.22591131972|-54620|796392||50531.8984375|380||37975|378|50531.8984375|8963f7|UAE383|0|2541|0|||3|3|0|1|1|132|194|["132,98,5,3898","132,194,5,3512","132,146,4,1762"]|14:02:11:898
62|1.1|636136523190016814|0|50536.8984375|20.87410484461|100.21358926995|-55907|796677||50536.8984375|380||37950|378|50536.8984375|8963f7|UAE383|0|2541|0|||3|3|0|1|1|132|194|["132,98,5,3898","132,194,5,3512","132,146,4,1762"]|14:02:16:898
62|1.1|636136523239941806|0|50541.8984375|20.87671731228|100.20132622869|-57187|796970||50541.8984375|380||37925|378|50541.8984375|8963f7|UAE383|0|2541|0|||3|3|0|1|1|132|194|["132,98,5,3898","132,194,5,3512","132,146,4,1762"]|14:02:21:898
62|1.1|636136523289866798|0|50546.875|20.87942633933|100.18881106016|-58494|797275||50546.875|380||37850|378|50546.875|8963f7|UAE383|0|2541|0|||3|3|0|1|1|132|194|["132,98,5,3898","132,194,5,3512","132,146,4,1762"]|14:02:26:875
62|1.1|636136523339791790|0|50551.875|20.88212463756|100.17641390865|-59788|797579||50551.875|380||37793.75|378|50551.875|8963f7|UAE383|0|2541|0|||3|3|0|1|1|132|98|["132,98,5,3898","132,194,5,3512","132,146,4,1762"]|14:02:31:875
62|1.1|636136523389706781|0|50556.859375|20.88461908821|100.16436544379|-61046|797860||50556.859375|380||37800|378|50556.859375|8963f7|UAE383|0|2541|0|||3|3|0|1|1|132|98|["132,98,5,3898","132,194,5,3512","132,146,4,1762"]|14:02:36:859
62|1.1|636136523439631773|0|50561.859375|20.88715645414|100.1520326652|-62333|798146||50561.859375|380||37800|378|50561.859375|8963f7|UAE383|0|2541|0|||3|3|0|1|1|132|98|["132,98,5,3898","132,194,5,3512"]|14:02:41:859
62|1.1|636136523489546764|0|50566.859375|20.88961335392|100.13993055624|-63596|798423||50566.859375|380||37831.25|378|50566.859375|8963f7|UAE383|0|2541|0|||3|3|0|1|1|132|98|["132,98,5,3898","132,194,5,3512"]|14:02:46:859
62|1.1|636136523539471756|0|50571.8359375|20.89217217749|100.12762996411|-64880|798711||50571.8359375|380||37818.75|378|50571.8359375|8963f7|UAE383|0|2541|0|||3|3|0|1|1|132|98|["132,98,5,3898","132,194,5,3512"]|14:02:51:836
62|1.1|636136523589396748|0|50576.8359375|20.89462907727|100.11539910931|-66157|798989||50576.8359375|380||37837.5|378|50576.8359375|8963f7|UAE383|0|2541|0|||3|3|0|1|1|132|98|["132,98,5,3898","132,194,5,3512"]|14:02:56:836
62|1.1|636136523639321740|0|50581.8203125|20.89708061264|100.10318434774|-67432|799266||50581.8203125|380||37856.25|378|50581.8203125|8963f7|UAE383|0|2541|0|||3|3|0|1|1|132|98|["132,98,5,3898","132,194,5,3512"]|14:03:01:820
62|1.1|636136523689236731|0|50586.8203125|20.89949996155|100.0909856794|-68705|799539||50586.8203125|380||37900|378|50586.8203125|8963f7|UAE383|0|2541|0|||3|3|0|1|1|132|98|["132,98,5,3898","132,194,5,3512"]|14:03:06:820
62|1.1|636136523739161723|0|50591.8203125|20.90189248841|100.07887284162|-69970|799809||50591.8203125|380||37975|378|50591.8203125|8963f7|UAE383|0|2541|0|||3|3|0|1|1|132|98|["132,98,5,3898","132,114,4,552","132,194,5,3512"]|14:03:11:820
62|1.1|636136523789086715|0|50596.796875|20.90434402378|100.06659907154|-71251|800086||50596.796875|380||37987.5|378|50596.796875|8963f7|UAE383|0|2541|0|||3|3|0|1|1|132|98|["132,98,5,3898","132,114,4,552","132,194,5,3512"]|14:03:16:797
62|1.1|636136523839001706|0|50601.796875|20.90680092356|100.05433603028|-72531|800364||50601.796875|380||37987.5|378|50601.796875|8963f7|UAE383|0|2541|0|||3|3|0|1|1|132|194|["132,98,5,3898","132,114,5,591","132,194,5,3512"]|14:03:21:797
62|1.1|636136523888926698|0|50606.78125|20.9092900098|100.04205689579|-73812|800645||50606.78125|380||37968.75|378|50606.78125|8963f7|UAE383|0|2541|0|||3|3|0|1|1|132|194|["132,98,5,3898","132,114,5,591","132,194,5,3512"]|14:03:26:781
62|1.1|636136523938841689|0|50611.78125|20.91172008753|100.0298314054|-75088|800920||50611.78125|380||37975|378|50611.78125|8963f7|UAE383|0|2541|0|||3|3|0|1|1|132|194|["132,98,5,3898","132,114,5,591","132,194,5,3512"]|14:03:31:781
62|1.1|636136523988766681|0|50616.78125|20.91415016526|100.01757372855|-76367|801195||50616.78125|380||37975|378|50616.78125|8963f7|UAE383|0|2541|0|||3|3|0|1|1|132|194|["132,98,5,3898","132,114,5,591","132,194,5,3512"]|14:03:36:781
62|1.1|636136524038691673|0|50621.7578125|20.91654269212|100.00536433139|-77642|801466||50621.7578125|380||37981.25|378|50621.7578125|8963f7|UAE383|0|2541|0|||3|3|0|1|1|132|194|["132,98,5,3898","132,114,5,591","132,194,5,3512"]|14:03:41:758
62|1.1|636136524088616665|0|50626.7578125|20.91893521898|99.99317639187|-78913|801737||50626.7578125|380||37987.5|378|50626.7578125|8963f7|UAE383|0|2541|0|||3|3|0|1|1|132|194|["132,98,5,3898","132,114,5,591","132,194,5,3512"]|14:03:46:758
62|1.1|636136524138541657|0|50631.7421875|20.92134383907|99.98121375757|-80162|802009||50631.7421875|380||37987.5|378|50631.7421875|8963f7|UAE383|0|2541|0|||3|3|0|1|1|132|194|["132,98,5,3898","132,114,5,591","132,194,5,3512"]|14:03:51:742
62|1.1|636136524188456648|0|50636.7421875|20.92376855239|99.96893998749|-81443|802284||50636.7421875|380||37962.5|378|50636.7421875|8963f7|UAE383|0|2541|0|||3|3|0|1|1|132|98|["132,98,5,3898","132,114,5,591","132,194,5,3512"]|14:03:56:742
62|1.1|636136524238371639|0|50641.7421875|20.9261342572|99.95685397176|-82704|802552||50641.7421875|380||37968.75|378|50641.7421875|8963f7|UAE383|0|2541|0|||3|3|0|1|1|132|98|["132,98,5,3898","132,114,5,591","132,194,5,3512"]|14:04:01:742
62|1.1|636136524288296631|0|50646.71875|20.92862334344|99.94446754907|-83997|802834||50646.71875|380||37925|378|50646.71875|8963f7|UAE383|0|2541|0|||3|3|0|1|1|132|98|["132,98,5,3898","132,114,4,591","132,194,5,3512"]|14:04:06:719
62|1.1|636136524338221623|0|50651.71875|20.9310158703|99.93217768576|-85279|803106||50651.71875|380||37925|378|50651.71875|8963f7|UAE383|0|2541|0|||3|3|0|1|1|132|98|["132,98,5,3898","132,114,4,591","132,194,5,3512"]|14:04:11:719
62|1.1|636136524388136614|0|50656.6953125|20.93345131244|99.91985027158|-86565|803382||50656.6953125|380||37900|378|50656.6953125|8963f7|UAE383|0|2541|0|||3|3|0|1|1|132|98|["132,98,5,3898","132,114,4,591","132,194,5,3512"]|14:04:16:695
62|1.1|636136524438061606|0|50661.6953125|20.93585993253|99.9075765015|-87846|803655||50661.6953125|380||37918.75|378|50661.6953125|8963f7|UAE383|0|2541|0|||3|3|0|1|1|132|98|["132,98,5,3898","132,114,4,591","132,194,5,3512"]|14:04:21:695
62|1.1|636136524487986598|0|50666.6953125|20.93829001026|99.89520080763|-89137|803931||50666.6953125|380||37918.75|378|50666.6953125|8963f7|UAE383|0|2541|0|||3|3|0|1|1|132|98|["132,98,5,3898","132,114,4,591","132,194,5,3512"]|14:04:26:695
62|1.1|636136524537921591|0|50671.6796875|20.94068790153|99.8830075037|-90409|804203||50671.6796875|380||37937.5|378|50671.6796875|8963f7|UAE383|0|2541|0|||3|3|0|1|1|132|98|["132,98,5,3898","132,114,4,591","132,194,5,3512"]|14:04:31:680
62|1.1|636136524587826581|0|50676.6796875|20.94310725044|99.87078737772|-91684|804478||50676.6796875|380||37937.5|378|50676.6796875|8963f7|UAE383|0|2541|0|||3|3|0|1|1|132|98|["132,98,5,3898","132,114,4,591","132,194,5,3512"]|14:04:36:680
62|1.1|636136524637751573|0|50681.65625|20.94553732817|99.85854042969|-92962|804754||50681.65625|380||37931.25|378|50681.65625|8963f7|UAE383|0|2541|0|||3|3|0|1|1|132|194|["132,98,5,3898","132,194,5,3512"]|14:04:41:656
62|1.1|636136524687666564|0|50686.65625|20.94796204149|99.84635785458|-94233|805029||50686.65625|380||37937.5|378|50686.65625|8963f7|UAE383|0|2541|0|||3|3|0|1|1|132|194|["132,98,5,3898","132,194,5,3512"]|14:04:46:656
62|1.1|636136524737591556|0|50691.65625|20.95035993276|99.83411627096|-95510|805302||50691.65625|380||37968.75|378|50691.65625|8963f7|UAE383|0|2541|0|||3|3|0|1|1|132|194|["132,98,5,3898","132,194,5,3512"]|14:04:51:656
62|1.1|636136524787516548|0|50696.640625|20.95277391726|99.82188541616|-96786|805577||50696.640625|380||37962.5|378|50696.640625|8963f7|UAE383|0|2541|0|||3|3|0|1|1|132|194|["132,98,5,3898","132,194,5,3512"]|14:04:56:641
62|1.1|636136524837441540|0|50701.640625|20.95523618145|99.80948826465|-98079|805856||50701.640625|380||37925|378|50701.640625|8963f7|UAE383|0|2541|0|||3|3|0|1|1|132|194|["132,98,5,3898","132,194,5,3512"]|14:05:01:641
62|1.1|636136524887356531|0|50706.6171875|20.95764480154|99.79729496072|-99351|806131||50706.6171875|380||37925|378|50706.6171875|8963f7|UAE383|0|2541|0|||3|3|0|1|1|132|194|["132,98,5,3898","132,194,5,3512"]|14:05:06:617
62|1.1|636136524937281523|0|50711.6171875|20.96009633691|99.78494072449|-100640|806410||50711.6171875|380||37906.25|378|50711.6171875|8963f7|UAE383|0|2541|0|||3|3|0|1|1|132|194|["132,98,5,3898","132,194,5,3512"]|14:05:11:617
62|1.1|636136524987206515|0|50716.6171875|20.96259615197|99.77261867472|-101925|806694||50716.6171875|380||37862.5|378|50716.6171875|8963f7|UAE383|0|2541|0|||3|3|0|1|1|132|98|["132,98,5,3898","132,194,5,3512"]|14:05:16:617
62|1.1|636136525037131507|0|50721.6015625|20.96503159411|99.76035026905|-103205|806971||50721.6015625|380||37837.5|378|50721.6015625|8963f7|UAE383|0|2541|0|||3|3|0|1|1|132|98|["132,98,5,3898","132,194,5,3512"]|14:05:21:602
62|1.1|636136525087066500|0|50726.6015625|20.96739193451|99.74829107537|-104463|807240||50726.6015625|380||37912.5|378|50726.6015625|8963f7|UAE383|0|2541|0|||3|3|0|1|1|132|98|["132,98,5,3898","132,194,5,3512"]|14:05:26:602
62|1.1|636136525136981491|0|50731.578125|20.96984346988|99.73588855945|-105757|807520||50731.578125|380||37862.5|378|50731.578125|8963f7|UAE383|0|2541|0|||3|3|0|1|1|132|98|["132,98,5,3898","132,194,5,3512"]|14:05:31:578
62|1.1|636136525186896482|0|50736.578125|20.97225745438|99.72356650968|-107042|807795||50736.578125|380||37868.75|378|50736.578125|8963f7|UAE383|0|2541|0|||3|3|0|1|1|132|98|["132,98,5,3898","132,194,5,3512"]|14:05:36:578
62|1.1|636136525236811473|0|50741.578125|20.97468753211|99.71116935817|-108335|808072||50741.578125|380||37868.75|378|50741.578125|8963f7|UAE383|0|2541|0|||3|3|0|1|1|132|98|["132,98,5,3898","132,194,5,3512"]|14:05:41:578
62|1.1|636136525286726464|0|50746.5625|20.97706933015|99.69892241014|-109612|808344||50746.5625|380||37900|378|50746.5625|8963f7|UAE383|0|2541|0|||3|3|0|1|1|132|98|["132,98,5,3898","132,194,5,3512"]|14:05:46:563
62|1.1|636136525336661457|0|50751.5625|20.97946722142|99.68653062304|-110904|808617||50751.5625|380||37918.75|378|50751.5625|8963f7|UAE383|0|2541|0|||3|3|0|1|1|132|98|["132,98,5,3898","132,194,5,3512"]|14:05:51:563
62|1.1|636136525386576448|0|50756.5390625|20.98188120592|99.67415492917|-112195|808893||50756.5390625|380||37906.25|378|50756.5390625|8963f7|UAE383|0|2541|0|||3|3|0|1|1|132|98|["132,98,5,3898","132,194,5,3512"]|14:05:56:539
62|1.1|636136525436501440|0|50761.5390625|20.9842844616|99.66180605735|-113483|809167||50761.5390625|380||37925|378|50761.5390625|8963f7|UAE383|0|2541|0|||3|3|0|1|1|132|194|["132,98,5,3898","132,194,5,3512"]|14:06:01:539
62|1.1|636136525486416431|0|50766.5390625|20.98669308169|99.64948937199|-114767|809442||50766.5390625|380||37931.25|378|50766.5390625|8963f7|UAE383|0|2541|0|||3|3|0|1|1|132|194|["132,98,5,3898","132,194,5,3512"]|14:06:06:539
62|1.1|636136525536351424|0|50771.515625|20.98910170178|99.63724242396|-116044|809717||50771.515625|380||37918.75|378|50771.515625|8963f7|UAE383|0|2541|0|||3|3|0|1|1|132|194|["132,98,5,3898","132,194,5,3512"]|14:06:11:516
62|1.1|636136525586256414|0|50776.515625|20.99151032187|99.62492037419|-117329|809993||50776.515625|380||37912.5|378|50776.515625|8963f7|UAE383|0|2541|0|||3|3|0|1|1|132|194|["132,98,5,3898","132,194,5,3512"]|14:06:16:516
62|1.1|636136525636181406|0|50781.5|20.99386529786|99.61260905324|-118613|810262||50781.5|380||37937.5|378|50781.5|8963f7|UAE383|0|2541|0|||3|3|0|1|1|132|194|["132,98,5,3898","132,194,5,3512"]|14:06:21:500
62|1.1|636136525686106398|0|50786.5|20.99627928236|99.60044793577|-119881|810538||50786.5|380||37956.25|378|50786.5|8963f7|UAE383|0|2541|0|||3|3|0|1|1|132|194|["132,98,5,3898","132,194,5,3512"]|14:06:26:500
62|1.1|636136525736031390|0|50791.5|20.99867717363|99.58813661482|-121165|810812||50791.5|380||37950|378|50791.5|8963f7|UAE383|0|2541|0|||3|3|0|1|1|132|194|["132,98,5,3898","132,194,5,3512"]|14:06:31:500
62|1.1|636136525785946381|0|50796.4765625|21.00102678521|99.57588966679|-122442|811081||50796.4765625|380||37968.75|378|50796.4765625|8963f7|UAE383|0|2541|0|||3|3|0|1|1|132|194|["132,98,5,3898","132,194,5,3512"]|14:06:36:477
62|1.1|636136525835871373|0|50801.4765625|21.0034354053|99.56364271876|-123719|811357||50801.4765625|380||37968.75|378|50801.4765625|8963f7|UAE383|0|2541|0|||3|3|0|1|1|132|98|["132,98,5,3898","132,194,5,3512"]|14:06:41:477
62|1.1|636136525885796365|0|50806.4609375|21.0058493898|99.55147623688|-124987|811633||50806.4609375|380||37931.25|378|50806.4609375|8963f7|UAE383|0|2541|0|||3|3|0|1|1|132|98|["132,98,5,3898","132,194,5,3512"]|14:06:46:461
62|1.1|636136525935721357|0|50811.4609375|21.00823655225|99.53927756854|-126259|811907||50811.4609375|380||37925|378|50811.4609375|8963f7|UAE383|0|2541|0|||3|3|0|1|1|132|98|["132,98,5,3898","132,194,5,3512"]|14:06:51:461
62|1.1|636136525985636348|0|50816.4609375|21.01060762147|99.52704671374|-127535|812178||50816.4609375|380||37937.5|378|50816.4609375|8963f7|UAE383|0|2541|0|||3|3|0|1|1|132|98|["132,98,5,3898","132,194,5,3512"]|14:06:56:461
62|1.1|636136526035561340|0|50821.4375|21.01295723305|99.51476757925|-128815|812448||50821.4375|380||37931.25|378|50821.4375|8963f7|UAE383|0|2541|0|||3|3|0|1|1|132|98|["132,98,5,3898","132,194,5,3512"]|14:07:01:438
62|1.1|636136526085476331|0|50826.4375|21.01533366668|99.50257963973|-130085|812720||50826.4375|380||37937.5|378|50826.4375|8963f7|UAE383|0|2541|0|||3|3|0|1|1|132|98|["132,98,5,3898","132,194,5,3512"]|14:07:06:438
62|1.1|636136526135401323|0|50831.421875|21.01771010031|99.49047753077|-131347|812993||50831.421875|380||37931.25|378|50831.421875|8963f7|UAE383|0|2541|0|||3|3|0|1|1|132|98|["132,98,5,3898","132,194,5,3512"]|14:07:11:422
62|1.1|636136526185326315|0|50836.421875|21.02009189835|99.47818230305|-132629|813266||50836.421875|380||37900|380|50836.421875|8963f7|UAE383|0|2541|0|||3|3|0|1|1|132|98|["132,98,5,3898","132,194,5,3512"]|14:07:16:422
62|1.1|636136526235241306|0|50841.421875|21.02245223875|99.46602118558|-133897|813537||50841.421875|380||37900|380|50841.421875|8963f7|UAE383|0|2541|0|||3|3|0|1|1|132|98|["132,98,5,3898","132,194,5,3512"]|14:07:21:422
62|1.1|636136526285166298|0|50846.3984375|21.02483403679|99.45389761898|-135161|813810||50846.3984375|380||37893.75|380|50846.3984375|8963f7|UAE383|0|2541|0|||3|3|0|1|1|132|194|["132,98,5,3898","132,194,5,3512"]|14:07:26:398
62|1.1|636136526335091290|0|50851.3984375|21.02718364837|99.44173650151|-136428|814080||50851.3984375|380||37918.75|380|50851.3984375|8963f7|UAE383|0|2541|0|||3|3|0|1|1|132|194|["132,98,5,3898","132,194,5,3512"]|14:07:31:398
62|1.1|636136526385016282|0|50856.375|21.0295064379|99.42963439255|-137690|814347||50856.375|380||37937.5|380|50856.375|8963f7|UAE383|0|2541|0|||3|3|0|1|1|132|194|["132,98,5,3898","132,194,5,3512"]|14:07:36:375
62|1.1|636136526434931273|0|50861.375|21.03185604948|99.41751619036|-138953|814617||50861.375|380||37956.25|380|50861.375|8963f7|UAE383|0|2541|0|||3|3|0|1|1|132|194|["132,98,5,3898","132,194,5,3512"]|14:07:41:375
62|1.1|636136526484856265|0|50866.375|21.03423248311|99.40522096264|-140234|814890||50866.375|380||37918.75|380|50866.375|8963f7|UAE383|0|2541|0|||3|3|0|1|1|132|194|["132,98,5,3898","132,194,5,3512"]|14:07:46:375
62|1.1|636136526534781257|0|50871.359375|21.0365874591|99.39319395542|-141488|815161||50871.359375|380||37918.75|380|50871.359375|8963f7|UAE383|0|2541|0|||3|3|0|1|1|132|194|["132,98,5,3898","132,194,5,3512"]|14:07:51:359
62|1.1|636136526584696248|0|50876.359375|21.03892634186|99.38101138031|-142758|815430||50876.359375|380||37918.75|380|50876.359375|8963f7|UAE383|0|2541|0|||3|3|0|1|1|132|194|["132,98,5,3898","132,194,5,3512"]|14:07:56:359
62|1.1|636136526634621240|0|50881.3359375|21.04128131785|99.36891463576|-144019|815701||50881.3359375|380||37912.5|380|50881.3359375|8963f7|UAE383|0|2541|0|||3|3|0|1|1|132|194|["132,98,5,3898","132,194,5,3512"]|14:08:01:336
62|1.1|636136526684536231|0|50886.3359375|21.04371139558|99.35683934885|-145277|815980||50886.3359375|380||37893.75|380|50886.3359375|8963f7|UAE383|0|2541|0|||3|3|0|1|1|132|98|["132,98,5,3898","132,194,5,3512"]|14:08:06:336
62|1.1|636136526734461223|0|50891.3359375|21.0460288207|99.34465140933|-146547|816247||50891.3359375|380||37925|380|50891.3359375|8963f7|UAE383|0|2541|0|||3|3|0|1|1|132|98|["132,98,5,3898","132,194,5,3512"]|14:08:11:336
62|1.1|636136526784386215|0|50896.3203125|21.048335517|99.33249029186|-147815|816513||50896.3203125|380||37956.25|380|50896.3203125|8963f7|UAE383|0|2541|0|||3|3|0|1|1|132|98|["132,98,5,3898","132,194,5,3512"]|14:08:16:320
62|1.1|636136526834301206|0|50901.3203125|21.05072804386|99.32037745408|-149077|816788||50901.3203125|380||37937.5|380|50901.3203125|8963f7|UAE383|0|2541|0|||3|3|0|1|1|132|98|["132,98,5,3898","132,194,5,3512"]|14:08:21:320
62|1.1|636136526884226198|0|50906.296875|21.05309374867|99.30818951456|-150348|817060||50906.296875|380||37893.75|380|50906.296875|8963f7|UAE383|0|2541|0|||3|3|0|1|1|132|98|["132,98,5,3898","132,194,5,3512"]|14:08:26:297
62|1.1|636136526934151190|0|50911.296875|21.05544872466|99.29610886324|-151606|817332||50911.296875|380||37906.25|380|50911.296875|8963f7|UAE383|0|2541|0|||3|3|0|1|1|132|98|["132,98,5,3898","132,194,5,3512"]|14:08:31:297
62|1.1|636136526984066181|0|50916.296875|21.05778224301|99.2838565508|-152883|817601||50916.296875|380||37918.75|380|50916.296875|8963f7|UAE383|0|2541|0|||3|3|0|1|1|132|98|["132,98,5,3898","132,194,5,3512"]|14:08:36:297
62|1.1|636136527033991173|0|50921.28125|21.06011039695|99.27169543333|-154151|817870||50921.28125|380||37912.5|380|50921.28125|8963f7|UAE383|0|2541|0|||3|3|0|1|1|132|98|["132,98,5,3898","132,194,5,3512"]|14:08:41:281
62|1.1|636136527083916165|0|50926.28125|21.06246000853|99.2596094176|-155410|818141||50926.28125|380||37925|380|50926.28125|8963f7|UAE383|0|2541|0|||3|3|0|1|1|132|194|["132,98,5,3898","132,194,5,3512"]|14:08:46:281
62|1.1|636136527133831156|0|50931.2578125|21.0648042557|99.24765751212|-156655|818411||50931.2578125|380||37950|380|50931.2578125|8963f7|UAE383|0|2541|0|||3|3|0|1|1|132|194|["132,98,5,3898","132,194,5,3512"]|14:08:51:258
62|1.1|636136527183756148|0|50936.2578125|21.06718605374|99.2355768608|-157914|818686||50936.2578125|380||37931.25|380|50936.2578125|8963f7|UAE383|0|2541|0|||3|3|0|1|1|132|194|["132,98,5,3898","132,194,5,3512"]|14:08:56:258
62|1.1|636136527233681140|0|50941.2578125|21.06955175855|99.22346402302|-159176|818959||50941.2578125|380||37906.25|380|50941.2578125|8963f7|UAE383|0|2541|0|||3|3|0|1|1|132|194|["132,98,5,3898","132,194,5,3512"]|14:09:01:258
62|1.1|636136527283596131|0|50946.2421875|21.07193355659|99.21140482934|-160433|819234||50946.2421875|380||37862.5|380|50946.2421875|8963f7|UAE383|0|2541|0|||3|3|0|1|1|132|194|["132,98,5,3898","132,194,5,3512"]|14:09:06:242
62|1.1|636136527333521123|0|50951.2421875|21.07429389699|99.19933490684|-161690|819506||50951.2421875|380||37862.5|380|50951.2421875|8963f7|UAE383|0|2541|0|||3|3|0|1|1|132|194|["132,98,5,3898","132,194,5,3512"]|14:09:11:242
62|1.1|636136527383436114|0|50956.21875|21.07660059329|99.18731862844|-162942|819773||50956.21875|380||37893.75|380|50956.21875|8963f7|UAE383|0|2541|0|||3|3|0|1|1|132|194|["132,98,5,3898","132,194,5,3512"]|14:09:16:219
62|1.1|636136527433361106|0|50961.21875|21.07891801841|99.17522188389|-164202|820041||50961.21875|380||37925|380|50961.21875|8963f7|UAE383|0|2541|0|||3|3|0|1|1|132|194|["132,98,5,3898","132,194,5,3512"]|14:09:21:219
62|1.1|636136527483286098|0|50966.21875|21.08123007912|99.16327534282|-165447|820309||50966.21875|380||37975|380|50966.21875|8963f7|UAE383|0|2541|0|||3|3|0|1|1|132|194|["132,98,5,3898","132,194,5,3512"]|14:09:26:219
62|1.1|636136527533211090|0|50971.1953125|21.08355823306|99.15125906442|-166699|820578||50971.1953125|380||37981.25|380|50971.1953125|8963f7|UAE383|0|2541|0|||3|3|0|1|1|132|98|["132,98,5,3898","132,194,5,3512"]|14:09:31:195
62|1.1|636136527583136082|0|50976.1953125|21.08590784464|99.13924815043|-167950|820850||50976.1953125|380||37975|380|50976.1953125|8963f7|UAE383|0|2541|0|||3|3|0|1|1|132|98|["132,98,5,3898","132,194,5,3512"]|14:09:36:195
62|1.1|636136527633051073|0|50981.1796875|21.08827354945|99.12724260085|-169201|821123||50981.1796875|380||37943.75|380|50981.1796875|8963f7|UAE383|0|2541|0|||3|3|0|1|1|132|98|["132,98,5,3898","132,194,5,3512"]|14:09:41:180
62|1.1|636136527682976065|0|50986.1796875|21.09059633898|99.11521559363|-170454|821392||50986.1796875|380||37950|380|50986.1796875|8963f7|UAE383|0|2541|0|||3|3|0|1|1|132|98|["132,98,5,3898","132,194,5,3512"]|14:09:46:180
62|1.1|636136527732891056|0|50991.1796875|21.09290303528|99.10321540846|-171704|821659||50991.1796875|380||37981.25|380|50991.1796875|8963f7|UAE383|0|2541|0|||3|3|0|1|1|132|98|["132,98,5,3898","132,194,5,3512"]|14:09:51:180
62|1.1|636136527782816048|0|50996.15625|21.0951668163|99.09110257068|-172966|821922||50996.15625|380||37993.75|380|50996.15625|8963f7|UAE383|0|2541|0|||3|3|0|1|1|132|98|["132,98,5,3898","132,194,5,3512"]|14:09:56:156
62|1.1|636136527832741040|0|51001.15625|21.09746814819|99.07902728377|-174224|822189||51001.15625|380||38000|380|51001.15625|8963f7|UAE383|0|2541|0|||3|3|0|1|1|132|98|["132,98,5,3898","132,194,5,3512"]|14:10:01:156
62|1.1|636136527882666032|0|51006.140625|21.09976948008|99.0669198104|-175485|822456||51006.140625|380||37956.25|380|51006.140625|8963f7|UAE383|0|2541|0|||3|3|0|1|1|132|194|["132,98,5,3898","132,194,5,3512"]|14:10:06:141
62|1.1|636136527932591024|0|51011.140625|21.10202253228|99.05478551498|-176749|822718||51011.140625|380||37987.5|380|51011.140625|8963f7|UAE383|0|2541|0|||3|3|0|1|1|132|194|["132,98,5,3898","132,194,5,3512"]|14:10:11:141
62|1.1|636136527982506015|0|51016.140625|21.1043399574|99.04278532981|-177999|822986||51016.140625|380||38012.5|380|51016.140625|8963f7|UAE383|0|2541|0|||3|3|0|1|1|132|194|["132,98,5,3898","132,194,5,3512"]|14:10:16:141
62|1.1|636136528032431007|0|51021.1171875|21.10662519606|99.030763687|-179251|823252||51021.1171875|380||38006.25|380|51021.1171875|8963f7|UAE383|0|2541|0|||3|3|0|1|1|132|194|["132,98,5,3898","132,194,5,3512"]|14:10:21:117
62|1.1|636136528082345998|0|51026.1171875|21.10895335|99.01881714593|-180495|823522||51026.1171875|380||38018.75|380|51026.1171875|8963f7|UAE383|0|2541|0|||3|3|0|1|1|132|194|["132,98,5,3898","132,194,5,3512"]|14:10:26:117
62|1.1|636136528132270990|0|51031.1015625|21.11124395307|99.00681159635|-181746|823788||51031.1015625|380||38018.75|380|51031.1015625|8963f7|UAE383|0|2541|0|||3|3|0|1|1|132|194|["132,98,5,3898","132,194,5,3512"]|14:10:31:102
62|1.1|636136528182185981|0|51036.1015625|21.11357747142|98.9947684959|-183000|824059||51036.1015625|380||37993.75|380|51036.1015625|8963f7|UAE383|0|2541|0|||3|3|0|1|1|132|194|["132,98,5,3898","132,194,5,3512"]|14:10:36:102
62|1.1|636136528232110973|0|51041.1015625|21.11596999828|98.98285414129|-184241|824336||51041.1015625|380||37943.75|380|51041.1015625|8963f7|UAE383|0|2541|0|||3|3|0|1|1|132|194|["132,98,5,3898","132,194,5,3512"]|14:10:41:102
62|1.1|636136528282035965|0|51046.078125|21.11824987253|98.97086468494|-185490|824602||51046.078125|380||37956.25|380|51046.078125|8963f7|UAE383|0|2541|0|||3|3|0|1|1|132|194|["132,98,5,3898","132,194,5,3512"]|14:10:46:078
62|1.1|636136528331950956|0|51051.078125|21.12054584001|98.95843534697|-186784|824869||51051.078125|380||37925|380|51051.078125|8963f7|UAE383|0|2541|0|||3|3|0|1|1|132|98|["132,98,5,3898","132,194,5,3512"]|14:10:51:078
62|1.1|636136528381875948|0|51056.0625|21.12286326513|98.94646198385|-188031|825138||51056.0625|380||37912.5|380|51056.0625|8963f7|UAE383|0|2541|0|||3|3|0|1|1|132|98|["132,98,5,3898","132,194,5,3512"]|14:10:56:063
62|1.1|636136528431800940|0|51061.0625|21.12521287671|98.93471929036|-189254|825411||51061.0625|380||37962.5|380|51061.0625|8963f7|UAE383|0|2541|0|||3|3|0|1|1|132|98|["132,98,5,3898","132,194,5,3512"]|14:11:01:063
62|1.1|636136528481715931|0|51066.0625|21.12753566624|98.92254207966|-190522|825681||51066.0625|380||37931.25|380|51066.0625|8963f7|UAE383|0|2541|0|||3|3|0|1|1|132|98|["132,98,5,3898","132,194,5,3512"]|14:11:06:063
