62|1.1|636136510304298371|0|49248.3359375|16.47956944379|106.03608233308|565213|315978||49248.3359375|||6.25|||ad4444|UBON4444|0|956|||||||1|1|132|162|["132,162,5"]|13:40:48:336
62|1.1|636136510354223363|0|49253.3359375|16.47962308789|106.03601796016|565206|315984||49253.3359375|||0|||ad4444|UBON4444|0|956|||||||1|1|132|162|["132,162,5"]|13:40:53:336
62|1.1|636136510404148355|0|49258.3203125|16.48021317299|106.03535277332|565133|316047||49258.3203125|||0|||ad4444|UBON4444|0|956|||||||1|1|132|162|["132,162,5"]|13:40:58:320
62|1.1|636136510454073347|0|49263.3203125|16.48025072386|106.03530449363|565128|316052||49263.3203125|||18.75|||ad4444|UBON4444|0|956|||||||1|1|132|162|["132,162,5"]|13:41:03:320
62|1.1|636136510503988338|0|49268.296875|16.47956407938|106.0360930619|565214|315977||49268.296875|||0|||ad4444|UBON4444|0|956|||||||1|1|132|162|["132,162,5"]|13:41:08:297
62|1.1|636136510553903329|0|49273.296875|16.47946215559|106.0362003501|565226|315966||49273.296875|||0|||ad4444|UBON4444|0|956|||||||1|1|132|162|["132,162,5"]|13:41:13:297
62|1.1|636136510603838322|0|49278.296875|16.47944606236|106.03620571451|565227|315965||49278.296875|||0|||ad4444|UBON4444|0|956|||||||1|1|132|162|["132,162,5"]|13:41:18:297
62|1.1|636136510653753313|0|49283.28125|16.47901690956|106.03670996905|565282|315918||49283.28125|||0|||ad4444|UBON4444|0|956|||||||1|1|132|162|["132,162,5"]|13:41:23:281
62|1.1|636136510703688306|0|49288.28125|16.47884524844|106.03690308781|565303|315900||49288.28125|||0|||ad4444|UBON4444|0|956|||||||1|1|132|162|["132,162,5"]|13:41:28:281
62|1.1|636136510753593296|0|49293.2578125|16.47883988403|106.03691918104|565304|315899||49293.2578125|||0|||ad4444|UBON4444|0|956|||||||1|1|132|162|["132,162,5"]|13:41:33:258
62|1.1|636136510803518288|0|49298.2578125|16.47880233316|106.0369513675|565308|315895||49298.2578125|||0|||ad4444|UBON4444|0|956|||||||1|1|132|162|["132,162,5"]|13:41:38:258
62|1.1|636136510853433279|0|49303.2578125|16.47878623993|106.03698355396|565312|315893||49303.2578125|||0|||ad4444|UBON4444|0|956|||||||1|1|132|162|["132,162,5"]|13:41:43:258
62|1.1|636136510903358271|0|49308.2421875|16.47857166353|106.03722495241|565338|315870||49308.2421875|||0|||ad4444|UBON4444|0|956|||||||1|1|132|162|["132,162,5"]|13:41:48:242
62|1.1|636136510953283263|0|49313.2421875|16.47859848558|106.03719813036|565335|315873||49313.2421875|||0|||ad4444|UBON4444|0|956|||||||1|1|132|162|["132,162,5"]|13:41:53:242
62|1.1|636136511003198254|0|49318.21875|16.4792529436|106.03648466383|565257|315944||49318.21875|||6.25|||ad4444|UBON4444|0|956|||||||1|1|132|162|["132,162,5"]|13:41:58:219
62|1.1|636136511053143248|0|49323.21875|16.47912956217|106.03662413849|565272|315931||49323.21875|||0|||ad4444|UBON4444|0|956|||||||1|1|132|162|["132,162,5"]|13:42:03:219
62|1.1|636136511103048238|0|49328.21875|16.47908664689|106.0366295029|565273|315926||49328.21875|||0|||ad4444|UBON4444|0|956|||||||1|1|132|162|["132,162,5"]|13:42:08:219
62|1.1|636136511152973230|0|49333.1953125|16.47901154515|106.03673142669|565284|315918||49333.1953125|||6.25|||ad4444|UBON4444|0|956|||||||1|1|132|162|["132,162,5"]|13:42:13:195
62|1.1|636136511202898222|0|49338.1953125|16.47880233316|106.03697282514|565310|315895||49338.1953125|||0|||ad4444|UBON4444|0|956|||||||1|1|132|162|["132,162,5"]|13:42:18:195
62|1.1|636136511252813213|0|49343.1796875|16.47874868906|106.03702646924|565316|315889||49343.1796875|||0|||ad4444|UBON4444|0|956|||||||1|1|132|162|["132,162,5"]|13:42:23:180
62|1.1|636136511302738205|0|49348.1796875|16.47881306198|106.03694600309|565307|315896||49348.1796875|||6.25|||ad4444|UBON4444|0|956|||||||1|1|132|162|["132,162,5"]|13:42:28:180
62|1.1|636136511352653196|0|49353.1796875|16.47865212968|106.03711766421|565326|315879||49353.1796875|||0|||ad4444|UBON4444|0|956|||||||1|1|132|162|["132,162,5"]|13:42:33:180
62|1.1|636136511402588189|0|49358.15625|16.4785555703|106.03723031682|565339|315869||49358.15625|||0|||ad4444|UBON4444|0|956|||||||1|1|132|162|["132,162,5"]|13:42:38:156
62|1.1|636136511452523182|0|49363.15625|16.47862530763|106.03714985067|565330|315876||49363.15625|||0|||ad4444|UBON4444|0|956|||||||1|1|132|162|["132,162,5"]|13:42:43:156
62|1.1|636136511502418171|0|49368.140625|16.47855020589|106.037219588|565337|315868||49368.140625|||6.25|||ad4444|UBON4444|0|956|||||||1|1|132|162|["132,162,5"]|13:42:48:141
62|1.1|636136511552343163|0|49373.140625|16.47855020589|106.03720349477|565336|315868||49373.140625|||6.25|||ad4444|UBON4444|0|956|||||||1|1|132|162|["132,162,5"]|13:42:53:141
62|1.1|636136511602268155|0|49378.140625|16.47848046856|106.0372732321|565343|315861||49378.140625|||6.25|||ad4444|UBON4444|0|956|||||||1|1|132|162|["132,162,5"]|13:42:58:141
62|1.1|636136511652183146|0|49383.1171875|16.47857166353|106.03717130831|565332|315870||49383.1171875|||6.25|||ad4444|UBON4444|0|956|||||||1|1|132|162|["132,162,5"]|13:43:03:117
62|1.1|636136511702118139|0|49388.1171875|16.4785019262|106.03725177446|565341|315863||49388.1171875|||0|||ad4444|UBON4444|0|956|||||||1|1|132|162|["132,162,5"]|13:43:08:117
62|1.1|636136511752043131|0|49393.1015625|16.47841609564|106.03736979148|565354|315853||49393.1015625|||0|||ad4444|UBON4444|0|956|||||||1|1|132|162|["132,162,5"]|13:43:13:102
62|1.1|636136511801948121|0|49398.1015625|16.47851801943|106.03725177446|565341|315864||49398.1015625|||0|||ad4444|UBON4444|0|956|||||||1|1|132|162|["132,162,5"]|13:43:18:102
62|1.1|636136511851873113|0|49403.1015625|16.47852338384|106.03725177446|565341|315865||49403.1015625|||6.25|||ad4444|UBON4444|0|956|||||||1|1|132|162|["132,162,5"]|13:43:23:102
62|1.1|636136511901818107|0|49408.078125|16.47931195211|106.03633446035|565241|315950||49408.078125|||12.5|||ad4444|UBON4444|0|956|||||||1|1|132|162|["132,162,5"]|13:43:28:078
62|1.1|636136511951723097|0|49413.078125|16.47875405347|106.03697818955|565311|315890||49413.078125|||0|||ad4444|UBON4444|0|956|||||||1|1|132|162|["132,162,5"]|13:43:33:078
62|1.1|636136512001648089|0|49418.0625|16.47971964727|106.0358784855|565191|315994||49418.0625|||25|||ad4444|UBON4444|0|956|||||||1|1|132|162|["132,162,5"]|13:43:38:063
62|1.1|636136512051563080|0|49423.0625|16.47961772348|106.03601796016|565206|315983||49423.0625|||12.5|||ad4444|UBON4444|0|956|||||||1|1|132|162|["132,162,5"]|13:43:43:063
62|1.1|636136512101488072|0|49428.0625|16.47949970646|106.03615207041|565221|315971||49428.0625|||0|||ad4444|UBON4444|0|956|||||||1|1|132|162|["132,162,5"]|13:43:48:063
62|1.1|636136512151403063|0|49433.0390625|16.4792529436|106.03642565532|565251|315944||49433.0390625|||0|||ad4444|UBON4444|0|956|||||||1|1|132|162|["132,162,5"]|13:43:53:039
62|1.1|636136512201328055|0|49438.0390625|16.4792529436|106.03640956209|565249|315944||49438.0390625|||0|||ad4444|UBON4444|0|956|||||||1|1|132|162|["132,162,5"]|13:43:58:039
62|1.1|636136512251263048|0|49443.015625|16.47915101981|106.03654903675|565264|315933||49443.015625|||0|||ad4444|UBON4444|0|956|||||||1|1|132|162|["132,162,5"]|13:44:03:016
62|1.1|636136512301168038|0|49448.015625|16.47889352813|106.03682798607|565295|315905||49448.015625|||0|||ad4444|UBON4444|0|956|||||||1|1|132|162|["132,162,5"]|13:44:08:016
62|1.1|636136512351093030|0|49453.015625|16.47880233316|106.03692454545|565305|315895||49453.015625|||0|||ad4444|UBON4444|0|956|||||||1|1|132|162|["132,162,5"]|13:44:13:016
62|1.1|636136512401018022|0|49458|16.47870040937|106.03704256247|565318|315884||49458|||0|||ad4444|UBON4444|0|956|||||||1|1|132|162|["132,162,5"]|13:44:18:000
62|1.1|636136512450933013|0|49463|16.4787165026|106.03703183365|565317|315886||49463|||0|||ad4444|UBON4444|0|956|||||||1|1|132|162|["132,162,5"]|13:44:23:000
62|1.1|636136512500858005|0|49467.9765625|16.47866822291|106.03709620657|565324|315881||49467.9765625|||0|||ad4444|UBON4444|0|956|||||||1|1|132|162|["132,162,5"]|13:44:27:977
62|1.1|636136512550782997|0|49472.9765625|16.47867358732|106.03709620657|565324|315881||49472.9765625|||0|||ad4444|UBON4444|0|956|||||||1|1|132|162|["132,162,5"]|13:44:32:977
62|1.1|636136512600697988|0|49477.9765625|16.47855020589|106.03723031682|565339|315868||49477.9765625|||0|||ad4444|UBON4444|0|956|||||||1|1|132|162|["132,162,5"]|13:44:37:977
62|1.1|636136512650622980|0|49482.9609375|16.47855020589|106.03724641005|565340|315868||49482.9609375|||0|||ad4444|UBON4444|0|956|||||||1|1|132|162|["132,162,5"]|13:44:42:961
62|1.1|636136512700547972|0|49487.9609375|16.47846973974|106.03730541856|565347|315859||49487.9609375|||0|||ad4444|UBON4444|0|956|||||||1|1|132|162|["132,162,5"]|13:44:47:961
62|1.1|636136512750462963|0|49492.9375|16.47831417185|106.03750390173|565369|315842||49492.9375|||0|||ad4444|UBON4444|0|956|||||||1|1|132|162|["132,162,5"]|13:44:52:938
62|1.1|636136512800387955|0|49497.9375|16.47808886663|106.03775066459|565396|315818||49497.9375|||0|||ad4444|UBON4444|0|956|||||||1|1|132|162|["132,162,5"]|13:44:57:938
62|1.1|636136512850302946|0|49502.9375|16.4781264175|106.03772920695|565393|315822||49502.9375|||0|||ad4444|UBON4444|0|956|||||||1|1|132|162|["132,162,5"]|13:45:02:938
62|1.1|636136512900227938|0|49507.921875|16.4780727734|106.03776675782|565397|315816||49507.921875|||0|||ad4444|UBON4444|0|956|||||||1|1|132|162|["132,162,5"]|13:45:07:922
62|1.1|636136512950152930|0|49512.921875|16.47816396837|106.03765946962|565386|315826||49512.921875|||0|||ad4444|UBON4444|0|956|||||||1|1|132|162|["132,162,5"]|13:45:12:922
62|1.1|636136513000067921|0|49517.8984375|16.47804595135|106.03779894428|565401|315813||49517.8984375|||0|||ad4444|UBON4444|0|956|||||||1|1|132|162|["132,162,5"]|13:45:17:898
62|1.1|636136513049992913|0|49522.8984375|16.47794939197|106.03788477484|565411|315803||49522.8984375|||0|||ad4444|UBON4444|0|956|||||||1|1|132|162|["132,162,5"]|13:45:22:898
62|1.1|636136513099917905|0|49527.8984375|16.47787965464|106.0379706054|565420|315796||49527.8984375|||0|||ad4444|UBON4444|0|956|||||||1|1|132|162|["132,162,5"]|13:45:27:898
62|1.1|636136513149852898|0|49532.875|16.47777773085|106.03808325801|565432|315785||49532.875|||0|||ad4444|UBON4444|0|956|||||||1|1|132|162|["132,162,5"]|13:45:32:875
62|1.1|636136513199757888|0|49537.875|16.47761679855|106.03829783441|565455|315767||49537.875|||0|||ad4444|UBON4444|0|956|||||||1|1|132|162|["132,162,5"]|13:45:37:875
62|1.1|636136513249682880|0|49542.859375|16.47772408675|106.0381315377|565437|315779||49542.859375|||0|||ad4444|UBON4444|0|956|||||||1|1|132|162|["132,162,5"]|13:45:42:859
62|1.1|636136513299597871|0|49547.859375|16.47774017998|106.0381315377|565437|315780||49547.859375|||6.25|||ad4444|UBON4444|0|956|||||||1|1|132|162|["132,162,5"]|13:45:47:859
62|1.1|636136513349522863|0|49552.859375|16.47786892582|106.03795987658|565419|315794||49552.859375|||0|||ad4444|UBON4444|0|956|||||||1|1|132|162|["132,162,5"]|13:45:52:859
62|1.1|636136513399447855|0|49557.8359375|16.47789574787|106.03794378335|565417|315797||49557.8359375|||6.25|||ad4444|UBON4444|0|956|||||||1|1|132|162|["132,162,5"]|13:45:57:836
62|1.1|636136513449362846|0|49562.8359375|16.47794402756|106.03790086807|565412|315802||49562.8359375|||6.25|||ad4444|UBON4444|0|956|||||||1|1|132|162|["132,162,5"]|13:46:02:836
62|1.1|636136513499287838|0|49567.8203125|16.47792793433|106.0379169613|565414|315801||49567.8203125|||6.25|||ad4444|UBON4444|0|956|||||||1|1|132|162|["132,162,5"]|13:46:07:820
62|1.1|636136513549222831|0|49572.8203125|16.47782064613|106.03805107155|565428|315789||49572.8203125|||0|||ad4444|UBON4444|0|956|||||||1|1|132|162|["132,162,5"]|13:46:12:820
62|1.1|636136513599147823|0|49577.8203125|16.47799767166|106.03784722397|565406|315808||49577.8203125|||0|||ad4444|UBON4444|0|956|||||||1|1|132|162|["132,162,5"]|13:46:17:820
62|1.1|636136513649062814|0|49582.796875|16.47791720551|106.0379169613|565414|315799||49582.796875|||0|||ad4444|UBON4444|0|956|||||||1|1|132|162|["132,162,5"]|13:46:22:797
62|1.1|636136513698977805|0|49587.796875|16.47795475638|106.03789550366|565411|315804||49587.796875|||6.25|||ad4444|UBON4444|0|956|||||||1|1|132|162|["132,162,5"]|13:46:27:797
62|1.1|636136513748912798|0|49592.78125|16.4779118411|106.03790623248|565413|315799||49592.78125|||6.25|||ad4444|UBON4444|0|956|||||||1|1|132|162|["132,162,5"]|13:46:32:781
62|1.1|636136513798817788|0|49597.78125|16.47802449371|106.03777748664|565399|315811||49597.78125|||6.25|||ad4444|UBON4444|0|956|||||||1|1|132|162|["132,162,5"]|13:46:37:781
62|1.1|636136513848742780|0|49602.78125|16.47799767166|106.03779894428|565401|315808||49602.78125|||6.25|||ad4444|UBON4444|0|956|||||||1|1|132|162|["132,162,5"]|13:46:42:781
62|1.1|636136513898667772|0|49607.7578125|16.47800303607|106.03777212223|565398|315809||49607.7578125|||6.25|||ad4444|UBON4444|0|956|||||||1|1|132|162|["132,162,5"]|13:46:47:758
62|1.1|636136513948582763|0|49612.7578125|16.47816396837|106.03760046111|565379|315826||49612.7578125|||6.25|||ad4444|UBON4444|0|956|||||||1|1|132|162|["132,162,5"]|13:46:52:758
62|1.1|636136513998357740|0|49617.7421875|16.47789574787|106.03792769012|565415|315797||49617.7421875|||6.25|||ad4444|UBON4444|0|956|||||||1|1|132|162|["132,162,5"]|13:46:57:742
62|1.1|636136514048282732|0|49622.7421875|16.47795475638|106.03783113074|565405|315804||49622.7421875|||6.25|||ad4444|UBON4444|0|956|||||||1|1|132|162|["132,162,5"]|13:47:02:742
62|1.1|636136514098337737|0|49627.7421875|16.47789574787|106.03790623248|565413|315797||49627.7421875|||6.25|||ad4444|UBON4444|0|956|||||||1|1|132|162|["132,162,5"]|13:47:07:742
62|1.1|636136514148272730|0|49632.71875|16.47805131576|106.03770774931|565391|315814||49632.71875|||6.25|||ad4444|UBON4444|0|956|||||||1|1|132|162|["132,162,5"]|13:47:12:719
62|1.1|636136514198187721|0|49637.71875|16.47802985812|106.03774530018|565395|315812||49637.71875|||6.25|||ad4444|UBON4444|0|956|||||||1|1|132|162|["132,162,5"]|13:47:17:719
62|1.1|636136514247952697|0|49642.6953125|16.47776700203|106.03806716478|565430|315783||49642.6953125|||0|||ad4444|UBON4444|0|956|||||||1|1|132|162|["132,162,5"]|13:47:22:695
62|1.1|636136514297897691|0|49647.6953125|16.47776163762|106.03807252919|565431|315782||49647.6953125|||0|||ad4444|UBON4444|0|956|||||||1|1|132|162|["132,162,5"]|13:47:27:695
62|1.1|636136514347802681|0|49652.6953125|16.47797084961|106.03784722397|565406|315805||49652.6953125|||6.25|||ad4444|UBON4444|0|956|||||||1|1|132|162|["132,162,5"]|13:47:32:695
62|1.1|636136514397717672|0|49657.6796875|16.47802985812|106.03777748664|565399|315812||49657.6796875|||0|||ad4444|UBON4444|0|956|||||||1|1|132|162|["132,162,5"]|13:47:37:680
62|1.1|636136514447642664|0|49662.6796875|16.4778045529|106.03805107155|565428|315788||49662.6796875|||0|||ad4444|UBON4444|0|956|||||||1|1|132|162|["132,162,5"]|13:47:42:680
62|1.1|636136514497567656|0|49667.65625|16.4779118411|106.03792769012|565415|315799||49667.65625|||0|||ad4444|UBON4444|0|956|||||||1|1|132|162|["132,162,5"]|13:47:47:656
62|1.1|636136514547502649|0|49672.65625|16.47801376489|106.03780430869|565402|315810||49672.65625|||0|||ad4444|UBON4444|0|956|||||||1|1|132|162|["132,162,5"]|13:47:52:656
62|1.1|636136514597427641|0|49677.65625|16.47798694284|106.03782576633|565404|315807||49677.65625|||0|||ad4444|UBON4444|0|956|||||||1|1|132|162|["132,162,5"]|13:47:57:656
62|1.1|636136514647332631|0|49682.640625|16.47792793433|106.03790623248|565413|315801||49682.640625|||0|||ad4444|UBON4444|0|956|||||||1|1|132|162|["132,162,5"]|13:48:02:641
62|1.1|636136514697257623|0|49687.640625|16.47811568868|106.03769702049|565390|315821||49687.640625|||6.25|||ad4444|UBON4444|0|956|||||||1|1|132|162|["132,162,5"]|13:48:07:641
62|1.1|636136514747192616|0|49692.6171875|16.4777509088|106.03809935124|565434|315782||49692.6171875|||0|||ad4444|UBON4444|0|956|||||||1|1|132|162|["132,162,5"]|13:48:12:617
62|1.1|636136514797117608|0|49697.6171875|16.47786892582|106.03798133422|565421|315794||49697.6171875|||0|||ad4444|UBON4444|0|956|||||||1|1|132|162|["132,162,5"]|13:48:17:617
62|1.1|636136514847022598|0|49702.6171875|16.47785283259|106.03797596981|565420|315793||49702.6171875|||0|||ad4444|UBON4444|0|956|||||||1|1|132|162|["132,162,5"]|13:48:22:617
62|1.1|636136514896937589|0|49707.6015625|16.47779382408|106.03806716478|565430|315786||49707.6015625|||0|||ad4444|UBON4444|0|956|||||||1|1|132|162|["132,162,5"]|13:48:27:602
62|1.1|636136514946862581|0|49712.6015625|16.47847510415|106.03727859651|565344|315860||49712.6015625|||6.25|||ad4444|UBON4444|0|956|||||||1|1|132|162|["132,162,5"]|13:48:32:602
62|1.1|636136514996787573|0|49717.578125|16.47819079042|106.03758436788|565378|315829||49717.578125|||0|||ad4444|UBON4444|0|956|||||||1|1|132|162|["132,162,5"]|13:48:37:578
62|1.1|636136515046712565|0|49722.578125|16.4781800616|106.03758436788|565378|315828||49722.578125|||6.25|||ad4444|UBON4444|0|956|||||||1|1|132|162|["132,162,5"]|13:48:42:578
62|1.1|636136515096627556|0|49727.578125|16.47809959545|106.03770774931|565391|315819||49727.578125|||0|||ad4444|UBON4444|0|956|||||||1|1|132|162|["132,162,5"]|13:48:47:578
62|1.1|636136515146562549|0|49732.5625|16.47824979893|106.03753072378|565372|315836||49732.5625|||6.25|||ad4444|UBON4444|0|956|||||||1|1|132|162|["132,162,5"]|13:48:52:563
62|1.1|636136515196467539|0|49737.5625|16.47829807862|106.03749317291|565367|315841||49737.5625|||0|||ad4444|UBON4444|0|956|||||||1|1|132|162|["132,162,5"]|13:48:57:563
62|1.1|636136515246392531|0|49742.5390625|16.47836781595|106.03739661353|565357|315848||49742.5390625|||0|||ad4444|UBON4444|0|956|||||||1|1|132|162|["132,162,5"]|13:49:02:539
62|1.1|636136515296317523|0|49747.5390625|16.47852338384|106.03724641005|565340|315865||49747.5390625|||0|||ad4444|UBON4444|0|956|||||||1|1|132|162|["132,162,5"]|13:49:07:539
62|1.1|636136515346232514|0|49752.5390625|16.47823907011|106.03757363906|565376|315834||49752.5390625|||0|||ad4444|UBON4444|0|956|||||||1|1|132|162|["132,162,5"]|13:49:12:539
62|1.1|636136515396157506|0|49757.515625|16.47792256992|106.03793305453|565416|315800||49757.515625|||0|||ad4444|UBON4444|0|956|||||||1|1|132|162|["132,162,5"]|13:49:17:516
62|1.1|636136515446082498|0|49762.515625|16.47790111228|106.0379706054|565419|315798||49762.515625|||0|||ad4444|UBON4444|0|956|||||||1|1|132|162|["132,162,5"]|13:49:22:516
62|1.1|636136515496007490|0|49767.5|16.47867358732|106.03706938452|565321|315881||49767.5|||6.25|||ad4444|UBON4444|0|956|||||||1|1|132|162|["132,162,5"]|13:49:27:500
62|1.1|636136515545922481|0|49772.5|16.47879160434|106.03691918104|565305|315894||49772.5|||6.25|||ad4444|UBON4444|0|956|||||||1|1|132|162|["132,162,5"]|13:49:32:500
62|1.1|636136515595847473|0|49777.5|16.47880233316|106.03690308781|565303|315895||49777.5|||6.25|||ad4444|UBON4444|0|956|||||||1|1|132|162|["132,162,5"]|13:49:37:500
62|1.1|636136515645772465|0|49782.4765625|16.47866822291|106.03705329129|565319|315880||49782.4765625|||0|||ad4444|UBON4444|0|956|||||||1|1|132|162|["132,162,5"]|13:49:42:477
62|1.1|636136515695687456|0|49787.4765625|16.4786628585|106.03705329129|565320|315880||49787.4765625|||6.25|||ad4444|UBON4444|0|956|||||||1|1|132|162|["132,162,5"]|13:49:47:477
62|1.1|636136515745612448|0|49792.4609375|16.47861457881|106.03712302862|565327|315875||49792.4609375|||6.25|||ad4444|UBON4444|0|956|||||||1|1|132|162|["132,162,5"]|13:49:52:461
62|1.1|636136515795537440|0|49797.4609375|16.47948897764|106.03611988395|565217|315969||49797.4609375|||12.5|||ad4444|UBON4444|0|956|||||||1|1|132|162|["132,162,5"]|13:49:57:461
62|1.1|636136515845452431|0|49802.4609375|16.47934950298|106.03627008743|565234|315954||49802.4609375|||12.5|||ad4444|UBON4444|0|956|||||||1|1|132|162|["132,162,5"]|13:50:02:461
62|1.1|636136515895377423|0|49807.4375|16.47946752|106.03612524836|565218|315967||49807.4375|||6.25|||ad4444|UBON4444|0|956|||||||1|1|132|162|["132,162,5"]|13:50:07:438
62|1.1|636136515945302415|0|49812.4375|16.47956407938|106.03604478221|565209|315977||49812.4375|||0|||ad4444|UBON4444|0|956|||||||1|1|132|162|["132,162,5"]|13:50:12:438
62|1.1|636136515995217406|0|49817.421875|16.47951579969|106.03609842631|565215|315972||49817.421875|||0|||ad4444|UBON4444|0|956|||||||1|1|132|162|["132,162,5"]|13:50:17:422
62|1.1|636136516045142398|0|49822.421875|16.47948897764|106.03614134159|565219|315969||49822.421875|||0|||ad4444|UBON4444|0|956|||||||1|1|132|162|["132,162,5"]|13:50:22:422
62|1.1|636136516095057389|0|49827.421875|16.47934950298|106.03629154507|565236|315954||49827.421875|||0|||ad4444|UBON4444|0|956|||||||1|1|132|162|["132,162,5"]|13:50:27:422
62|1.1|636136516144992382|0|49832.3984375|16.47938705385|106.03627545184|565234|315958||49832.3984375|||0|||ad4444|UBON4444|0|956|||||||1|1|132|162|["132,162,5"]|13:50:32:398
62|1.1|636136516194907373|0|49837.3984375|16.47932804534|106.03632909594|565240|315952||49837.3984375|||0|||ad4444|UBON4444|0|956|||||||1|1|132|162|["132,162,5"]|13:50:37:398
62|1.1|636136516244832365|0|49842.375|16.47946752|106.03617889246|565224|315967||49842.375|||0|||ad4444|UBON4444|0|956|||||||1|1|132|162|["132,162,5"]|13:50:42:375
62|1.1|636136516294747356|0|49847.375|16.47947824882|106.03617889246|565224|315968||49847.375|||0|||ad4444|UBON4444|0|956|||||||1|1|132|162|["132,162,5"]|13:50:47:375
62|1.1|636136516344672348|0|49852.375|16.47949434205|106.036146706|565220|315970||49852.375|||0|||ad4444|UBON4444|0|956|||||||1|1|132|162|["132,162,5"]|13:50:52:375
62|1.1|636136516394587339|0|49857.359375|16.47941924031|106.03622180774|565228|315962||49857.359375|||0|||ad4444|UBON4444|0|956|||||||1|1|132|162|["132,162,5"]|13:50:57:359
62|1.1|636136516444522332|0|49862.359375|16.47900081633|106.036683147|565279|315917||49862.359375|||0|||ad4444|UBON4444|0|956|||||||1|1|132|162|["132,162,5"]|13:51:02:359
62|1.1|636136516494437323|0|49867.3359375|16.47894180782|106.03674215551|565285|315910||49867.3359375|||0|||ad4444|UBON4444|0|956|||||||1|1|132|162|["132,162,5"]|13:51:07:336
62|1.1|636136516544352314|0|49872.3359375|16.47886670608|106.03683335048|565296|315902||49872.3359375|||0|||ad4444|UBON4444|0|956|||||||1|1|132|162|["132,162,5"]|13:51:12:336
62|1.1|636136516594277306|0|49877.3359375|16.47883988403|106.03687090135|565299|315899||49877.3359375|||0|||ad4444|UBON4444|0|956|||||||1|1|132|162|["132,162,5"]|13:51:17:336
62|1.1|636136516644202298|0|49882.3203125|16.47886134167|106.0368440793|565296|315901||49882.3203125|||0|||ad4444|UBON4444|0|956|||||||1|1|132|162|["132,162,5"]|13:51:22:320
62|1.1|636136516694127290|0|49887.3203125|16.47879696875|106.03692454545|565305|315894||49887.3203125|||0|||ad4444|UBON4444|0|956|||||||1|1|132|162|["132,162,5"]|13:51:27:320
62|1.1|636136516744042281|0|49892.296875|16.47878623993|106.03693527427|565307|315893||49892.296875|||0|||ad4444|UBON4444|0|956|||||||1|1|132|162|["132,162,5"]|13:51:32:297
62|1.1|636136516793957272|0|49897.296875|16.47889352813|106.03680652843|565293|315905||49897.296875|||0|||ad4444|UBON4444|0|956|||||||1|1|132|162|["132,162,5"]|13:51:37:297
62|1.1|636136516843892265|0|49902.296875|16.47897399428|106.03674215551|565285|315914||49902.296875|||0|||ad4444|UBON4444|0|956|||||||1|1|132|162|["132,162,5"]|13:51:42:297
62|1.1|636136516893807256|0|49907.28125|16.47889352813|106.03682262166|565294|315905||49907.28125|||0|||ad4444|UBON4444|0|956|||||||1|1|132|162|["132,162,5"]|13:51:47:281
62|1.1|636136516943732248|0|49912.28125|16.47958017261|106.03602868898|565207|315979||49912.28125|||0|||ad4444|UBON4444|0|956|||||||1|1|132|162|["132,162,5"]|13:51:52:281
62|1.1|636136516993657240|0|49917.2578125|16.47953725733|106.03609842631|565215|315974||49917.2578125|||6.25|||ad4444|UBON4444|0|956|||||||1|1|132|162|["132,162,5"]|13:51:57:258
62|1.1|636136517043572231|0|49922.2578125|16.47939241826|106.03623253656|565230|315959||49922.2578125|||6.25|||ad4444|UBON4444|0|956|||||||1|1|132|162|["132,162,5"]|13:52:02:258
62|1.1|636136517093497223|0|49927.2578125|16.47933877416|106.03632909594|565240|315953||49927.2578125|||0|||ad4444|UBON4444|0|956|||||||1|1|132|162|["132,162,5"]|13:52:07:258
62|1.1|636136517143422215|0|49932.2421875|16.47930122329|106.03633446035|565241|315949||49932.2421875|||0|||ad4444|UBON4444|0|956|||||||1|1|132|162|["132,162,5"]|13:52:12:242
62|1.1|636136517193347207|0|49937.2421875|16.47992349485|106.03562099382|565163|316016||49937.2421875|||6.25|||ad4444|UBON4444|0|956|||||||1|1|132|162|["132,162,5"]|13:52:17:242
62|1.1|636136517243262198|0|49942.21875|16.47985375752|106.03570682438|565172|316009||49942.21875|||6.25|||ad4444|UBON4444|0|956|||||||1|1|132|162|["132,162,5"]|13:52:22:219
62|1.1|636136517293177189|0|49947.21875|16.47933877416|106.0363076383|565238|315953||49947.21875|||0|||ad4444|UBON4444|0|956|||||||1|1|132|162|["132,162,5"]|13:52:27:219
62|1.1|636136517343102181|0|49952.21875|16.4792529436|106.03639346886|565247|315944||49952.21875|||0|||ad4444|UBON4444|0|956|||||||1|1|132|162|["132,162,5"]|13:52:32:219
62|1.1|636136517393027173|0|49957.1953125|16.47918857068|106.03647929942|565257|315937||49957.1953125|||0|||ad4444|UBON4444|0|956|||||||1|1|132|162|["132,162,5"]|13:52:37:195
62|1.1|636136517442942164|0|49962.1953125|16.4792529436|106.03639346886|565247|315944||49962.1953125|||0|||ad4444|UBON4444|0|956|||||||1|1|132|162|["132,162,5"]|13:52:42:195
62|1.1|636136517492867156|0|49967.1796875|16.47922075714|106.03642565532|565251|315940||49967.1796875|||0|||ad4444|UBON4444|0|956|||||||1|1|132|162|["132,162,5"]|13:52:47:180
62|1.1|636136517542792148|0|49972.1796875|16.48005224069|106.03547079034|565146|316030||49972.1796875|||6.25|||ad4444|UBON4444|0|956|||||||1|1|132|162|["132,162,5"]|13:52:52:180
62|1.1|636136517592707139|0|49977.1796875|16.47993958808|106.03558344295|565159|316018||49977.1796875|||6.25|||ad4444|UBON4444|0|956|||||||1|1|132|162|["132,162,5"]|13:52:57:180
62|1.1|636136517642632131|0|49982.15625|16.48052430877|106.03493434934|565088|316081||49982.15625|||6.25|||ad4444|UBON4444|0|956|||||||1|1|132|162|["132,162,5"]|13:53:02:156
62|1.1|636136517692577125|0|49987.15625|16.48036337647|106.0351274681|565109|316063||49987.15625|||0|||ad4444|UBON4444|0|956|||||||1|1|132|162|["132,162,5"]|13:53:07:156
62|1.1|636136517742472114|0|49992.140625|16.47979474901|106.03579265494|565181|316002||49992.140625|||0|||ad4444|UBON4444|0|956|||||||1|1|132|162|["132,162,5"]|13:53:12:141
62|1.1|636136517792407107|0|49997.140625|16.47966600317|106.03594822283|565198|315988||49997.140625|||0|||ad4444|UBON4444|0|956|||||||1|1|132|162|["132,162,5"]|13:53:17:141
62|1.1|636136517842322098|0|50002.140625|16.47935486739|106.03629154507|565236|315955||50002.140625|||0|||ad4444|UBON4444|0|956|||||||1|1|132|162|["132,162,5"]|13:53:22:141
62|1.1|636136517892237089|0|50007.1171875|16.47923685037|106.03644711296|565253|315942||50007.1171875|||0|||ad4444|UBON4444|0|956|||||||1|1|132|162|["132,162,5"]|13:53:27:117
62|1.1|636136517942162081|0|50012.1171875|16.47907591807|106.03663486731|565274|315925||50012.1171875|||0|||ad4444|UBON4444|0|956|||||||1|1|132|162|["132,162,5"]|13:53:32:117
62|1.1|636136517992087073|0|50017.1015625|16.47902763838|106.03669387582|565280|315920||50017.1015625|||0|||ad4444|UBON4444|0|956|||||||1|1|132|162|["132,162,5"]|13:53:37:102
62|1.1|636136518042012065|0|50022.1015625|16.47961772348|106.03602868898|565207|315983||50022.1015625|||0|||ad4444|UBON4444|0|956|||||||1|1|132|162|["132,162,5"]|13:53:42:102
62|1.1|636136518091927056|0|50027.1015625|16.4795211641|106.03611988395|565217|315973||50027.1015625|||0|||ad4444|UBON4444|0|956|||||||1|1|132|162|["132,162,5"]|13:53:47:102
62|1.1|636136518141852048|0|50032.078125|16.47947824882|106.03616816364|565222|315968||50032.078125|||0|||ad4444|UBON4444|0|956|||||||1|1|132|162|["132,162,5"]|13:53:52:078
62|1.1|636136518191777040|0|50037.078125|16.47927976565|106.03639883327|565248|315947||50037.078125|||0|||ad4444|UBON4444|0|956|||||||1|1|132|162|["132,162,5"]|13:53:57:078
62|1.1|636136518241692031|0|50042.0625|16.47912419776|106.03658122321|565268|315930||50042.0625|||0|||ad4444|UBON4444|0|956|||||||1|1|132|162|["132,162,5"]|13:54:02:063
62|1.1|636136518291627024|0|50047.0625|16.47912419776|106.03658122321|565268|315930||50047.0625|||0|||ad4444|UBON4444|0|956|||||||1|1|132|162|["132,162,5"]|13:54:07:063
62|1.1|636136518341532014|0|50052.0625|16.47917247745|106.03653294352|565263|315935||50052.0625|||0|||ad4444|UBON4444|0|956|||||||1|1|132|162|["132,162,5"]|13:54:12:063
62|1.1|636136518391467007|0|50057.0390625|16.47923685037|106.03647393501|565256|315942||50057.0390625|||0|||ad4444|UBON4444|0|956|||||||1|1|132|162|["132,162,5"]|13:54:17:039
62|1.1|636136518441381998|0|50062.0390625|16.47912956217|106.03655976557|565266|315931||50062.0390625|||0|||ad4444|UBON4444|0|956|||||||1|1|132|162|["132,162,5"]|13:54:22:039
62|1.1|636136518491306990|0|50067.015625|16.47873796024|106.0370050116|565314|315888||50067.015625|||0|||ad4444|UBON4444|0|956|||||||1|1|132|162|["132,162,5"]|13:54:27:016
62|1.1|636136518541231982|0|50072.015625|16.47880233316|106.03692990986|565306|315895||50072.015625|||0|||ad4444|UBON4444|0|956|||||||1|1|132|162|["132,162,5"]|13:54:32:016
62|1.1|636136518591146973|0|50077.015625|16.47859312117|106.0371659439|565331|315872||50077.015625|||0|||ad4444|UBON4444|0|956|||||||1|1|132|162|["132,162,5"]|13:54:37:016
62|1.1|636136518641071965|0|50082|16.4782873498|106.03749853732|565368|315839||50082|||0|||ad4444|UBON4444|0|956|||||||1|1|132|162|["132,162,5"]|13:54:42:000
62|1.1|636136518691006958|0|50087|16.47784746818|106.03800279186|565423|315792||50087|||0|||ad4444|UBON4444|0|956|||||||1|1|132|162|["132,162,5"]|13:54:47:000
62|1.1|636136518740911948|0|50091.9765625|16.47746659507|106.03844267348|565471|315751||50091.9765625|||0|||ad4444|UBON4444|0|956|||||||1|1|132|162|["132,162,5"]|13:54:51:977
62|1.1|636136518790836940|0|50096.9765625|16.47756315445|106.03832465646|565458|315761||50096.9765625|||0|||ad4444|UBON4444|0|956|||||||1|1|132|162|["132,162,5"]|13:54:56:977
62|1.1|636136518840751931|0|50101.9765625|16.47760070532|106.03828174118|565454|315766||50101.9765625|||0|||ad4444|UBON4444|0|956|||||||1|1|132|162|["132,162,5"]|13:55:01:977
62|1.1|636136518890686924|0|50106.9609375|16.47760070532|106.03828174118|565454|315766||50106.9609375|||0|||ad4444|UBON4444|0|956|||||||1|1|132|162|["132,162,5"]|13:55:06:961
62|1.1|636136518940601915|0|50111.9609375|16.4774290442|106.03849095317|565476|315747||50111.9609375|||0|||ad4444|UBON4444|0|956|||||||1|1|132|162|["132,162,5"]|13:55:11:961
62|1.1|636136518990516906|0|50116.9375|16.47739685774|106.03851777522|565479|315743||50116.9375|||0|||ad4444|UBON4444|0|956|||||||1|1|132|162|["132,162,5"]|13:55:16:938
62|1.1|636136519040441898|0|50121.9375|16.47751487476|106.03835684292|565462|315756||50121.9375|||6.25|||ad4444|UBON4444|0|956|||||||1|1|132|162|["132,162,5"]|13:55:21:938
62|1.1|636136519090356889|0|50126.9375|16.47727347631|106.03862506342|565491|315730||50126.9375|||0|||ad4444|UBON4444|0|956|||||||1|1|132|162|["132,162,5"]|13:55:26:938
62|1.1|636136519140281881|0|50131.921875|16.47704280668|106.03887719069|565519|315705||50131.921875|||0|||ad4444|UBON4444|0|956|||||||1|1|132|162|["132,162,5"]|13:55:31:922
62|1.1|636136519190206873|0|50136.921875|16.47677458618|106.03919905529|565554|315676||50136.921875|||0|||ad4444|UBON4444|0|956|||||||1|1|132|162|["132,162,5"]|13:55:36:922
62|1.1|636136519240121864|0|50141.8984375|16.47688723879|106.03909176709|565542|315688||50141.8984375|||0|||ad4444|UBON4444|0|956|||||||1|1|132|162|["132,162,5"]|13:55:41:898
62|1.1|636136519290046856|0|50146.8984375|16.47706426432|106.03890401274|565522|315707||50146.8984375|||0|||ad4444|UBON4444|0|956|||||||1|1|132|162|["132,162,5"]|13:55:46:898
62|1.1|636136519339971848|0|50151.8984375|16.47681213705|106.03916686883|565550|315680||50151.8984375|||0|||ad4444|UBON4444|0|956|||||||1|1|132|162|["132,162,5"]|13:55:51:898
62|1.1|636136519389896840|0|50156.875|16.47664584034|106.03935998759|565572|315662||50156.875|||0|||ad4444|UBON4444|0|956|||||||1|1|132|162|["132,162,5"]|13:55:56:875
62|1.1|636136519439811831|0|50161.875|16.47672630649|106.03924733498|565559|315671||50161.875|||0|||ad4444|UBON4444|0|956|||||||1|1|132|162|["132,162,5"]|13:56:01:875
62|1.1|636136519489736823|0|50166.859375|16.4765170945|106.03949409784|565586|315648||50166.859375|||0|||ad4444|UBON4444|0|956|||||||1|1|132|162|["132,162,5"]|13:56:06:859
62|1.1|636136519539651814|0|50171.859375|16.47661901829|106.03938144523|565574|315659||50171.859375|||6.25|||ad4444|UBON4444|0|956|||||||1|1|132|162|["132,162,5"]|13:56:11:859
62|1.1|636136519589596808|0|50176.859375|16.47673703531|106.03925269939|565560|315672||50176.859375|||0|||ad4444|UBON4444|0|956|||||||1|1|132|162|["132,162,5"]|13:56:16:859
62|1.1|636136519639501798|0|50181.8359375|16.47681213705|106.03918296206|565552|315680||50181.8359375|||6.25|||ad4444|UBON4444|0|956|||||||1|1|132|162|["132,162,5"]|13:56:21:836
62|1.1|636136519689426790|0|50186.8359375|16.47779918849|106.03805643596|565429|315787||50186.8359375|||6.25|||ad4444|UBON4444|0|956|||||||1|1|132|162|["132,162,5"]|13:56:26:836
62|1.1|636136519739341781|0|50191.8203125|16.47792256992|106.03790086807|565412|315800||50191.8203125|||6.25|||ad4444|UBON4444|0|956|||||||1|1|132|162|["132,162,5"]|13:56:31:820
62|1.1|636136519789286775|0|50196.8203125|16.47805131576|106.03773457136|565394|315814||50196.8203125|||6.25|||ad4444|UBON4444|0|956|||||||1|1|132|162|["132,162,5"]|13:56:36:820
62|1.1|636136519839191765|0|50201.8203125|16.47827125657|106.03747171527|565365|315838||50201.8203125|||6.25|||ad4444|UBON4444|0|956|||||||1|1|132|162|["132,162,5"]|13:56:41:820
62|1.1|636136519889106756|0|50206.796875|16.47829271421|106.03747171527|565365|315840||50206.796875|||6.25|||ad4444|UBON4444|0|956|||||||1|1|132|162|["132,162,5"]|13:56:46:797
62|1.1|636136519939031748|0|50211.796875|16.47826589216|106.03750390173|565369|315837||50211.796875|||0|||ad4444|UBON4444|0|956|||||||1|1|132|162|["132,162,5"]|13:56:51:797
62|1.1|636136519988956740|0|50216.78125|16.47831953626|106.03746635086|565364|315843||50216.78125|||6.25|||ad4444|UBON4444|0|956|||||||1|1|132|162|["132,162,5"]|13:56:56:781
62|1.1|636136520038871731|0|50221.78125|16.47840000241|106.0373805203|565355|315852||50221.78125|||6.25|||ad4444|UBON4444|0|956|||||||1|1|132|162|["132,162,5"]|13:57:01:781
62|1.1|636136520088796723|0|50226.78125|16.47840536682|106.0373805203|565355|315853||50226.78125|||6.25|||ad4444|UBON4444|0|956|||||||1|1|132|162|["132,162,5"]|13:57:06:781
62|1.1|636136520138741717|0|50231.7578125|16.4784482821|106.03735369825|565352|315857||50231.7578125|||0|||ad4444|UBON4444|0|956|||||||1|1|132|162|["132,162,5"]|13:57:11:758
62|1.1|636136520188656708|0|50236.7578125|16.47932804534|106.03631836712|565239|315952||50236.7578125|||0|||ad4444|UBON4444|0|956|||||||1|1|132|162|["132,162,5"]|13:57:16:758
62|1.1|636136520238561698|0|50241.7421875|16.47929049447|106.03637201122|565245|315948||50241.7421875|||6.25|||ad4444|UBON4444|0|956|||||||1|1|132|162|["132,162,5"]|13:57:21:742
62|1.1|636136520288486690|0|50246.7421875|16.47918857068|106.03650075706|565259|315937||50246.7421875|||0|||ad4444|UBON4444|0|956|||||||1|1|132|162|["132,162,5"]|13:57:26:742
62|1.1|636136520338401681|0|50251.7421875|16.47881306198|106.0369513675|565308|315896||50251.7421875|||0|||ad4444|UBON4444|0|956|||||||1|1|132|162|["132,162,5"]|13:57:31:742
62|1.1|636136520388326673|0|50256.71875|16.47875405347|106.03702646924|565316|315890||50256.71875|||0|||ad4444|UBON4444|0|956|||||||1|1|132|162|["132,162,5"]|13:57:36:719
62|1.1|636136520438251665|0|50261.71875|16.47846973974|106.03735906266|565353|315859||50261.71875|||0|||ad4444|UBON4444|0|956|||||||1|1|132|162|["132,162,5"]|13:57:41:719
62|1.1|636136520488166656|0|50266.6953125|16.47819079042|106.03768092726|565388|315829||50266.6953125|||0|||ad4444|UBON4444|0|956|||||||1|1|132|162|["132,162,5"]|13:57:46:695
62|1.1|636136520538111650|0|50271.6953125|16.47786892582|106.0380242495|565425|315794||50271.6953125|||0|||ad4444|UBON4444|0|956|||||||1|1|132|162|["132,162,5"]|13:57:51:695
62|1.1|636136520588036642|0|50276.6953125|16.47761679855|106.03830319882|565456|315767||50276.6953125|||0|||ad4444|UBON4444|0|956|||||||1|1|132|162|["132,162,5"]|13:57:56:695
62|1.1|636136520637951633|0|50281.6796875|16.47736467128|106.03857678373|565486|315740||50281.6796875|||0|||ad4444|UBON4444|0|956|||||||1|1|132|162|["132,162,5"]|13:58:01:680
62|1.1|636136520687866624|0|50286.6796875|16.47827662098|106.03753072378|565372|315839||50286.6796875|||0|||ad4444|UBON4444|0|956|||||||1|1|132|162|["132,162,5"]|13:58:06:680
62|1.1|636136520737791616|0|50291.65625|16.47844291769|106.0373268762|565349|315856||50291.65625|||0|||ad4444|UBON4444|0|956|||||||1|1|132|162|["132,162,5"]|13:58:11:656
62|1.1|636136520787706607|0|50296.65625|16.47840000241|106.0373805203|565355|315852||50296.65625|||6.25|||ad4444|UBON4444|0|956|||||||1|1|132|162|["132,162,5"]|13:58:16:656
62|1.1|636136520837621598|0|50301.65625|16.47821224806|106.03757363906|565376|315831||50301.65625|||6.25|||ad4444|UBON4444|0|956|||||||1|1|132|162|["132,162,5"]|13:58:21:656
62|1.1|636136520887546590|0|50306.640625|16.47802985812|106.03777212223|565398|315812||50306.640625|||0|||ad4444|UBON4444|0|956|||||||1|1|132|162|["132,162,5"]|13:58:26:641
62|1.1|636136520937461581|0|50311.640625|16.47799767166|106.03779894428|565401|315808||50311.640625|||0|||ad4444|UBON4444|0|956|||||||1|1|132|162|["132,162,5"]|13:58:31:641
62|1.1|636136520987396574|0|50316.6171875|16.4776972647|106.03812617329|565437|315776||50316.6171875|||0|||ad4444|UBON4444|0|956|||||||1|1|132|162|["132,162,5"]|13:58:36:617
62|1.1|636136521037311565|0|50321.6171875|16.47822834129|106.03753072378|565372|315833||50321.6171875|||6.25|||ad4444|UBON4444|0|956|||||||1|1|132|162|["132,162,5"]|13:58:41:617
62|1.1|636136521087236557|0|50326.6171875|16.4782873498|106.03747707968|565366|315839||50326.6171875|||0|||ad4444|UBON4444|0|956|||||||1|1|132|162|["132,162,5"]|13:58:46:617
62|1.1|636136521137151548|0|50331.6015625|16.47826589216|106.03749317291|565367|315837||50331.6015625|||0|||ad4444|UBON4444|0|956|||||||1|1|132|162|["132,162,5"]|13:58:51:602
62|1.1|636136521187076540|0|50336.6015625|16.47837854477|106.03736979148|565354|315850||50336.6015625|||6.25|||ad4444|UBON4444|0|956|||||||1|1|132|162|["132,162,5"]|13:58:56:602
62|1.1|636136521237021534|0|50341.578125|16.47807813781|106.03773457136|565394|315817||50341.578125|||0|||ad4444|UBON4444|0|956|||||||1|1|132|162|["132,162,5"]|13:59:01:578
62|1.1|636136521286916523|0|50346.578125|16.4780727734|106.03774530018|565395|315816||50346.578125|||0|||ad4444|UBON4444|0|956|||||||1|1|132|162|["132,162,5"]|13:59:06:578
62|1.1|636136521336841515|0|50351.578125|16.47794939197|106.03788477484|565411|315803||50351.578125|||0|||ad4444|UBON4444|0|956|||||||1|1|132|162|["132,162,5"]|13:59:11:578
62|1.1|636136521386766507|0|50356.5625|16.47815323955|106.03764337639|565384|315825||50356.5625|||6.25|||ad4444|UBON4444|0|956|||||||1|1|132|162|["132,162,5"]|13:59:16:563
62|1.1|636136521436681498|0|50361.5625|16.47815323955|106.03764337639|565384|315825||50361.5625|||6.25|||ad4444|UBON4444|0|956|||||||1|1|132|162|["132,162,5"]|13:59:21:563
62|1.1|636136521486606490|0|50366.5390625|16.47904373161|106.03661877408|565272|315921||50366.5390625|||12.5|||ad4444|UBON4444|0|956|||||||1|1|132|162|["132,162,5"]|13:59:26:539
62|1.1|636136521536541483|0|50371.5390625|16.47911883335|106.03655440116|565265|315929||50371.5390625|||12.5|||ad4444|UBON4444|0|956|||||||1|1|132|162|["132,162,5"]|13:59:31:539
62|1.1|636136521586446473|0|50376.5390625|16.47982157106|106.03574973966|565177|316005||50376.5390625|||25|||ad4444|UBON4444|0|956|||||||1|1|132|162|["132,162,5"]|13:59:36:539
62|1.1|636136521636371465|0|50381.515625|16.47980011342|106.0357711973|565179|316003||50381.515625|||18.75|||ad4444|UBON4444|0|956|||||||1|1|132|162|["132,162,5"]|13:59:41:516
62|1.1|636136521686296457|0|50386.515625|16.47938705385|106.03624862979|565231|315958||50386.515625|||0|||ad4444|UBON4444|0|956|||||||1|1|132|162|["132,162,5"]|13:59:46:516
62|1.1|636136521736221449|0|50391.5|16.47938705385|106.03624862979|565231|315958||50391.5|||0|||ad4444|UBON4444|0|956|||||||1|1|132|162|["132,162,5"]|13:59:51:500
62|1.1|636136521785976424|0|50396.5|16.47942460472|106.03620571451|565227|315962||50396.5|||0|||ad4444|UBON4444|0|956|||||||1|1|132|162|["132,162,5"]|13:59:56:500
62|1.1|636136521835911417|0|50401.5|16.47902227397|106.036683147|565279|315919||50401.5|||0|||ad4444|UBON4444|0|956|||||||1|1|132|162|["132,162,5"]|14:00:01:500
62|1.1|636136521885816407|0|50406.4765625|16.47900081633|106.03673142669|565284|315917||50406.4765625|||0|||ad4444|UBON4444|0|956|||||||1|1|132|162|["132,162,5"]|14:00:06:477
62|1.1|636136521935751400|0|50411.4765625|16.47910274012|106.03661877408|565272|315928||50411.4765625|||0|||ad4444|UBON4444|0|956|||||||1|1|132|162|["132,162,5"]|14:00:11:477
62|1.1|636136521985676392|0|50416.4609375|16.47907591807|106.03664559613|565275|315925||50416.4609375|||0|||ad4444|UBON4444|0|956|||||||1|1|132|162|["132,162,5"]|14:00:16:461
62|1.1|636136522035591383|0|50421.4609375|16.47864676527|106.03714985067|565330|315878||50421.4609375|||0|||ad4444|UBON4444|0|956|||||||1|1|132|162|["132,162,5"]|14:00:21:461
62|1.1|636136522085516375|0|50426.4609375|16.47872723142|106.03705329129|565319|315887||50426.4609375|||0|||ad4444|UBON4444|0|956|||||||1|1|132|162|["132,162,5"]|14:00:26:461
62|1.1|636136522135431366|0|50431.4375|16.47873796024|106.03705329129|565319|315888||50431.4375|||0|||ad4444|UBON4444|0|956|||||||1|1|132|162|["132,162,5"]|14:00:31:438
62|1.1|636136522185356358|0|50436.4375|16.47878623993|106.0370050116|565314|315893||50436.4375|||0|||ad4444|UBON4444|0|956|||||||1|1|132|162|["132,162,5"]|14:00:36:438
62|1.1|636136522235281350|0|50441.421875|16.47874868906|106.03704256247|565318|315890||50441.421875|||0|||ad4444|UBON4444|0|956|||||||1|1|132|162|["132,162,5"]|14:00:41:422
62|1.1|636136522285196341|0|50446.421875|16.47887207049|106.03689235899|565301|315903||50446.421875|||0|||ad4444|UBON4444|0|956|||||||1|1|132|162|["132,162,5"]|14:00:46:422
62|1.1|636136522335121333|0|50451.421875|16.47849656179|106.03730005415|565346|315862||50451.421875|||0|||ad4444|UBON4444|0|956|||||||1|1|132|162|["132,162,5"]|14:00:51:422
62|1.1|636136522385206341|0|50456.3984375|16.47859848558|106.03717667272|565333|315873||50456.3984375|||0|||ad4444|UBON4444|0|956|||||||1|1|132|162|["132,162,5"]|14:00:56:398
62|1.1|636136522434961316|0|50461.3984375|16.47824443452|106.03757363906|565376|315835||50461.3984375|||0|||ad4444|UBON4444|0|956|||||||1|1|132|162|["132,162,5"]|14:01:01:398
62|1.1|636136522484896309|0|50466.375|16.47821761247|106.03758436788|565378|315832||50466.375|||0|||ad4444|UBON4444|0|956|||||||1|1|132|162|["132,162,5"]|14:01:06:375
62|1.1|636136522534801299|0|50471.375|16.4779118411|106.03792769012|565415|315799||50471.375|||0|||ad4444|UBON4444|0|956|||||||1|1|132|162|["132,162,5"]|14:01:11:375
62|1.1|636136522584726291|0|50476.375|16.47849656179|106.03723031682|565339|315862||50476.375|||0|||ad4444|UBON4444|0|956|||||||1|1|132|162|["132,162,5"]|14:01:16:375
62|1.1|636136522634641282|0|50481.359375|16.47848046856|106.0372732321|565343|315861||50481.359375|||0|||ad4444|UBON4444|0|956|||||||1|1|132|162|["132,162,5"]|14:01:21:359
62|1.1|636136522684566274|0|50486.359375|16.47849656179|106.03724641005|565340|315862||50486.359375|||6.25|||ad4444|UBON4444|0|956|||||||1|1|132|162|["132,162,5"]|14:01:26:359
62|1.1|636136522734491266|0|50491.3359375|16.47848046856|106.0372732321|565343|315861||50491.3359375|||6.25|||ad4444|UBON4444|0|956|||||||1|1|132|162|["132,162,5"]|14:01:31:336
62|1.1|636136522784416258|0|50496.3359375|16.47814251073|106.03763264757|565383|315824||50496.3359375|||0|||ad4444|UBON4444|0|956|||||||1|1|132|162|["132,162,5"]|14:01:36:336
62|1.1|636136522834331249|0|50501.3359375|16.4781800616|106.03760582552|565380|315828||50501.3359375|||0|||ad4444|UBON4444|0|956|||||||1|1|132|162|["132,162,5"]|14:01:41:336
62|1.1|636136522884256241|0|50506.3203125|16.47789574787|106.03794378335|565417|315797||50506.3203125|||0|||ad4444|UBON4444|0|956|||||||1|1|132|162|["132,162,5"]|14:01:46:320
62|1.1|636136522934171232|0|50511.3203125|16.47804058694|106.03777748664|565399|315813||50511.3203125|||0|||ad4444|UBON4444|0|956|||||||1|1|132|162|["132,162,5"]|14:01:51:320
62|1.1|636136522984096224|0|50516.296875|16.47807813781|106.03773457136|565394|315817||50516.296875|||0|||ad4444|UBON4444|0|956|||||||1|1|132|162|["132,162,5"]|14:01:56:297
62|1.1|636136523034021216|0|50521.296875|16.47881842639|106.03686017253|565299|315897||50521.296875|||12.5|||ad4444|UBON4444|0|956|||||||1|1|132|162|["132,162,5"]|14:02:01:297
62|1.1|636136523083946208|0|50526.296875|16.47955335056|106.03604478221|565209|315976||50526.296875|||18.75|||ad4444|UBON4444|0|956|||||||1|1|132|162|["132,162,5"]|14:02:06:297
62|1.1|636136523133871200|0|50531.28125|16.47951579969|106.03607160426|565212|315972||50531.28125|||12.5|||ad4444|UBON4444|0|956|||||||1|1|132|162|["132,162,5"]|14:02:11:281
62|1.1|636136523183786191|0|50536.28125|16.47954798615|106.03605551103|565210|315976||50536.28125|||12.5|||ad4444|UBON4444|0|956|||||||1|1|132|162|["132,162,5"]|14:02:16:281
62|1.1|636136523233711183|0|50541.2578125|16.47916711304|106.03649539265|565258|315934||50541.2578125|||0|||ad4444|UBON4444|0|956|||||||1|1|132|162|["132,162,5"]|14:02:21:258
62|1.1|636136523283636175|0|50546.2578125|16.47992885926|106.03564781587|565166|316017||50546.2578125|||12.5|||ad4444|UBON4444|0|956|||||||1|1|132|162|["132,162,5"]|14:02:26:258
62|1.1|636136523333551166|0|50551.2578125|16.47997713895|106.03557807854|565158|316022||50551.2578125|||12.5|||ad4444|UBON4444|0|956|||||||1|1|132|162|["132,162,5"]|14:02:31:258
62|1.1|636136523383476158|0|50556.2421875|16.48072815635|106.03471977294|565064|316103||50556.2421875|||18.75|||ad4444|UBON4444|0|956|||||||1|1|132|162|["132,162,5"]|14:02:36:242
62|1.1|636136523433401150|0|50561.2421875|16.48025072386|106.03526694276|565124|316052||50561.2421875|||6.25|||ad4444|UBON4444|0|956|||||||1|1|132|162|["132,162,5"]|14:02:41:242
62|1.1|636136523483316141|0|50566.21875|16.48007906274|106.03549761239|565149|316033||50566.21875|||0|||ad4444|UBON4444|0|956|||||||1|1|132|162|["132,162,5"]|14:02:46:219
62|1.1|636136523533251134|0|50571.21875|16.480003961|106.03556734972|565157|316025||50571.21875|||0|||ad4444|UBON4444|0|956|||||||1|1|132|162|["132,162,5"]|14:02:51:219
62|1.1|636136523583166125|0|50576.21875|16.47989130839|106.03568000233|565169|316013||50576.21875|||0|||ad4444|UBON4444|0|956|||||||1|1|132|162|["132,162,5"]|14:02:56:219
62|1.1|636136523633081116|0|50581.1953125|16.47982693547|106.0357711973|565179|316006||50581.1953125|||0|||ad4444|UBON4444|0|956|||||||1|1|132|162|["132,162,5"]|14:03:01:195
62|1.1|636136523683006108|0|50586.1953125|16.47983766429|106.0357711973|565179|316007||50586.1953125|||0|||ad4444|UBON4444|0|956|||||||1|1|132|162|["132,162,5"]|14:03:06:195
62|1.1|636136523732921099|0|50591.1796875|16.47927976565|106.03639883327|565248|315947||50591.1796875|||0|||ad4444|UBON4444|0|956|||||||1|1|132|162|["132,162,5"]|14:03:11:180
62|1.1|636136523782846091|0|50596.1796875|16.47883988403|106.03690308781|565303|315899||50596.1796875|||0|||ad4444|UBON4444|0|956|||||||1|1|132|162|["132,162,5"]|14:03:16:180
62|1.1|636136523832771083|0|50601.1796875|16.47852338384|106.03727859651|565344|315865||50601.1796875|||0|||ad4444|UBON4444|0|956|||||||1|1|132|162|["132,162,5"]|14:03:21:180
62|1.1|636136523882696075|0|50606.15625|16.47948897764|106.03616816364|565222|315969||50606.15625|||0|||ad4444|UBON4444|0|956|||||||1|1|132|162|["132,162,5"]|14:03:26:156
62|1.1|636136523932611066|0|50611.15625|16.47940314708|106.03623253656|565230|315960||50611.15625|||0|||ad4444|UBON4444|0|956|||||||1|1|132|162|["132,162,5"]|14:03:31:156
62|1.1|636136523982556060|0|50616.140625|16.47946215559|106.03619498569|565225|315966||50616.140625|||6.25|||ad4444|UBON4444|0|956|||||||1|1|132|162|["132,162,5"]|14:03:36:141
62|1.1|636136524032461050|0|50621.140625|16.47931731652|106.03631836712|565239|315951||50621.140625|||6.25|||ad4444|UBON4444|0|956|||||||1|1|132|162|["132,162,5"]|14:03:41:141
62|1.1|636136524082376041|0|50626.140625|16.47916174863|106.0365222147|565261|315934||50626.140625|||0|||ad4444|UBON4444|0|956|||||||1|1|132|162|["132,162,5"]|14:03:46:141
62|1.1|636136524132301033|0|50631.1171875|16.47982693547|106.03574973966|565177|316006||50631.1171875|||12.5|||ad4444|UBON4444|0|956|||||||1|1|132|162|["132,162,5"]|14:03:51:117
62|1.1|636136524182226025|0|50636.1171875|16.48003614746|106.03552979885|565153|316028||50636.1171875|||12.5|||ad4444|UBON4444|0|956|||||||1|1|132|162|["132,162,5"]|14:03:56:117
62|1.1|636136524232141016|0|50641.1015625|16.47992885926|106.03563172264|565164|316017||50641.1015625|||12.5|||ad4444|UBON4444|0|956|||||||1|1|132|162|["132,162,5"]|14:04:01:102
62|1.1|636136524282086010|0|50646.1015625|16.47987521516|106.0357175532|565173|316011||50646.1015625|||6.25|||ad4444|UBON4444|0|956|||||||1|1|132|162|["132,162,5"]|14:04:06:102
62|1.1|636136524331991000|0|50651.1015625|16.47946752|106.0362003501|565226|315967||50651.1015625|||0|||ad4444|UBON4444|0|956|||||||1|1|132|162|["132,162,5"]|14:04:11:102
62|1.1|636136524381905991|0|50656.078125|16.47936559621|106.03629154507|565236|315956||50656.078125|||0|||ad4444|UBON4444|0|956|||||||1|1|132|162|["132,162,5"]|14:04:16:078
62|1.1|636136524431830983|0|50661.078125|16.47937632503|106.03627545184|565234|315957||50661.078125|||0|||ad4444|UBON4444|0|956|||||||1|1|132|162|["132,162,5"]|14:04:21:078
62|1.1|636136524481745974|0|50666.0625|16.47905446043|106.03663486731|565274|315923||50666.0625|||0|||ad4444|UBON4444|0|956|||||||1|1|132|162|["132,162,5"]|14:04:26:063
62|1.1|636136524531680967|0|50671.0625|16.47901690956|106.036683147|565279|315918||50671.0625|||0|||ad4444|UBON4444|0|956|||||||1|1|132|162|["132,162,5"]|14:04:31:063
62|1.1|636136524581585957|0|50676.0625|16.47888816372|106.03682262166|565294|315904||50676.0625|||0|||ad4444|UBON4444|0|956|||||||1|1|132|162|["132,162,5"]|14:04:36:063
62|1.1|636136524631510949|0|50681.0390625|16.47886670608|106.03682262166|565294|315902||50681.0390625|||0|||ad4444|UBON4444|0|956|||||||1|1|132|162|["132,162,5"]|14:04:41:039
62|1.1|636136524681435941|0|50686.0390625|16.47879696875|106.03690845222|565304|315894||50686.0390625|||0|||ad4444|UBON4444|0|956|||||||1|1|132|162|["132,162,5"]|14:04:46:039
62|1.1|636136524731350932|0|50691.015625|16.47864140086|106.03706938452|565321|315877||50691.015625|||0|||ad4444|UBON4444|0|956|||||||1|1|132|162|["132,162,5"]|14:04:51:016
62|1.1|636136524781275924|0|50696.015625|16.47830344303|106.03744489322|565362|315841||50696.015625|||0|||ad4444|UBON4444|0|956|||||||1|1|132|162|["132,162,5"]|14:04:56:016
62|1.1|636136524831200916|0|50701.015625|16.4783409939|106.03741807117|565359|315845||50701.015625|||0|||ad4444|UBON4444|0|956|||||||1|1|132|162|["132,162,5"]|14:05:01:016
62|1.1|636136524881125908|0|50706|16.47834635831|106.03742343558|565360|315846||50706|||0|||ad4444|UBON4444|0|956|||||||1|1|132|162|["132,162,5"]|14:05:06:000
62|1.1|636136524931050900|0|50711|16.47927440124|106.03638274004|565246|315946||50711|||6.25|||ad4444|UBON4444|0|956|||||||1|1|132|162|["132,162,5"]|14:05:11:000
62|1.1|636136524980975892|0|50715.9765625|16.47927976565|106.03635591799|565243|315947||50715.9765625|||12.5|||ad4444|UBON4444|0|956|||||||1|1|132|162|["132,162,5"]|14:05:15:977
62|1.1|636136525030890883|0|50720.9765625|16.47939778267|106.03622180774|565228|315959||50720.9765625|||12.5|||ad4444|UBON4444|0|956|||||||1|1|132|162|["132,162,5"]|14:05:20:977
62|1.1|636136525080805874|0|50725.9765625|16.47927976565|106.03636664681|565244|315947||50725.9765625|||0|||ad4444|UBON4444|0|956|||||||1|1|132|162|["132,162,5"]|14:05:25:977
62|1.1|636136525130730866|0|50730.9609375|16.47886670608|106.03684944371|565297|315902||50730.9609375|||0|||ad4444|UBON4444|0|956|||||||1|1|132|162|["132,162,5"]|14:05:30:961
62|1.1|636136525180655858|0|50735.9609375|16.47880233316|106.03691918104|565305|315895||50735.9609375|||0|||ad4444|UBON4444|0|956|||||||1|1|132|162|["132,162,5"]|14:05:35:961
62|1.1|636136525230590851|0|50740.9375|16.47887207049|106.03684944371|565297|315903||50740.9375|||0|||ad4444|UBON4444|0|956|||||||1|1|132|162|["132,162,5"]|14:05:40:938
62|1.1|636136525280495841|0|50745.9375|16.47888816372|106.03682262166|565294|315904||50745.9375|||0|||ad4444|UBON4444|0|956|||||||1|1|132|162|["132,162,5"]|14:05:45:938
62|1.1|636136525330420833|0|50750.9375|16.47951579969|106.03610915513|565216|315972||50750.9375|||6.25|||ad4444|UBON4444|0|956|||||||1|1|132|162|["132,162,5"]|14:05:50:938
62|1.1|636136525380345825|0|50755.921875|16.47912419776|106.03654903675|565264|315930||50755.921875|||6.25|||ad4444|UBON4444|0|956|||||||1|1|132|162|["132,162,5"]|14:05:55:922
62|1.1|636136525430260816|0|50760.921875|16.47904909602|106.03661877408|565272|315922||50760.921875|||0|||ad4444|UBON4444|0|956|||||||1|1|132|162|["132,162,5"]|14:06:00:922
62|1.1|636136525480175807|0|50765.8984375|16.4791456554|106.03653294352|565263|315932||50765.8984375|||0|||ad4444|UBON4444|0|956|||||||1|1|132|162|["132,162,5"]|14:06:05:898
62|1.1|636136525530110800|0|50770.8984375|16.47911883335|106.03654903675|565264|315929||50770.8984375|||6.25|||ad4444|UBON4444|0|956|||||||1|1|132|162|["132,162,5"]|14:06:10:898
62|1.1|636136525580025791|0|50775.8984375|16.47979474901|106.03576583289|565178|316002||50775.8984375|||6.25|||ad4444|UBON4444|0|956|||||||1|1|132|162|["132,162,5"]|14:06:15:898
62|1.1|636136525629950783|0|50780.875|16.47942996913|106.03616816364|565222|315963||50780.875|||0|||ad4444|UBON4444|0|956|||||||1|1|132|162|["132,162,5"]|14:06:20:875
62|1.1|636136525679875775|0|50785.875|16.47939778267|106.03622180774|565228|315959||50785.875|||0|||ad4444|UBON4444|0|956|||||||1|1|132|162|["132,162,5"]|14:06:25:875
62|1.1|636136525729800767|0|50790.859375|16.48020244417|106.03530449363|565128|316046||50790.859375|||6.25|||ad4444|UBON4444|0|956|||||||1|1|132|162|["132,162,5"]|14:06:30:859
62|1.1|636136525779735760|0|50795.859375|16.48018635094|106.03534740891|565133|316044||50795.859375|||6.25|||ad4444|UBON4444|0|956|||||||1|1|132|162|["132,162,5"]|14:06:35:859
62|1.1|636136525829640750|0|50800.859375|16.47975183373|106.03586775668|565189|315998||50800.859375|||0|||ad4444|UBON4444|0|956|||||||1|1|132|162|["132,162,5"]|14:06:40:859
62|1.1|636136525879555741|0|50805.8359375|16.47926367242|106.03642565532|565251|315945||50805.8359375|||0|||ad4444|UBON4444|0|956|||||||1|1|132|162|["132,162,5"]|14:06:45:836
62|1.1|636136525929480733|0|50810.8359375|16.47926903683|106.03642565532|565251|315946||50810.8359375|||0|||ad4444|UBON4444|0|956|||||||1|1|132|162|["132,162,5"]|14:06:50:836
62|1.1|636136525979405725|0|50815.8203125|16.47937096062|106.03632909594|565240|315957||50815.8203125|||0|||ad4444|UBON4444|0|956|||||||1|1|132|162|["132,162,5"]|14:06:55:820
62|1.1|636136526029330717|0|50820.8203125|16.47989130839|106.03573364643|565175|316013||50820.8203125|||0|||ad4444|UBON4444|0|956|||||||1|1|132|162|["132,162,5"]|14:07:00:820
62|1.1|636136526079245708|0|50825.8203125|16.48005224069|106.03552443444|565152|316030||50825.8203125|||6.25|||ad4444|UBON4444|0|956|||||||1|1|132|162|["132,162,5"]|14:07:05:820
62|1.1|636136526129160699|0|50830.796875|16.47989130839|106.03570682438|565172|316013||50830.796875|||0|||ad4444|UBON4444|0|956|||||||1|1|132|162|["132,162,5"]|14:07:10:797
62|1.1|636136526179095692|0|50835.796875|16.47986448634|106.03575510407|565177|316010||50835.796875|||0|||ad4444|UBON4444|0|956|||||||1|1|132|162|["132,162,5"]|14:07:15:797
62|1.1|636136526229020684|0|50840.78125|16.47987521516|106.03574437525|565176|316011||50840.78125|||0|||ad4444|UBON4444|0|956|||||||1|1|132|162|["132,162,5"]|14:07:20:781
62|1.1|636136526278925674|0|50845.78125|16.48051357995|106.03499335785|565094|316080||50845.78125|||6.25|||ad4444|UBON4444|0|956|||||||1|1|132|162|["132,162,5"]|14:07:25:781
62|1.1|636136526328850666|0|50850.78125|16.48004151187|106.03552979885|565153|316029||50850.78125|||0|||ad4444|UBON4444|0|956|||||||1|1|132|162|["132,162,5"]|14:07:30:781
62|1.1|636136526378775658|0|50855.7578125|16.47998786777|106.03559953618|565160|316023||50855.7578125|||0|||ad4444|UBON4444|0|956|||||||1|1|132|162|["132,162,5"]|14:07:35:758
62|1.1|636136526428700650|0|50860.7578125|16.48004151187|106.03552979885|565153|316029||50860.7578125|||0|||ad4444|UBON4444|0|956|||||||1|1|132|162|["132,162,5"]|14:07:40:758
62|1.1|636136526478635643|0|50865.7421875|16.47958017261|106.03606623985|565211|315979||50865.7421875|||0|||ad4444|UBON4444|0|956|||||||1|1|132|162|["132,162,5"]|14:07:45:742
62|1.1|636136526528550634|0|50870.7421875|16.47949970646|106.03615207041|565221|315971||50870.7421875|||0|||ad4444|UBON4444|0|956|||||||1|1|132|162|["132,162,5"]|14:07:50:742
62|1.1|636136526578465625|0|50875.7421875|16.47944069795|106.03622717215|565229|315964||50875.7421875|||0|||ad4444|UBON4444|0|956|||||||1|1|132|162|["132,162,5"]|14:07:55:742
62|1.1|636136526628380616|0|50880.71875|16.47938705385|106.03628081625|565235|315958||50880.71875|||0|||ad4444|UBON4444|0|956|||||||1|1|132|162|["132,162,5"]|14:08:00:719
62|1.1|636136526678305608|0|50885.71875|16.47899008751|106.03674215551|565285|315915||50885.71875|||0|||ad4444|UBON4444|0|956|||||||1|1|132|162|["132,162,5"]|14:08:05:719
62|1.1|636136526728230600|0|50890.6953125|16.47893644341|106.03680116402|565292|315909||50890.6953125|||0|||ad4444|UBON4444|0|956|||||||1|1|132|162|["132,162,5"]|14:08:10:695
62|1.1|636136526778145591|0|50895.6953125|16.47888816372|106.03684944371|565297|315904||50895.6953125|||0|||ad4444|UBON4444|0|956|||||||1|1|132|162|["132,162,5"]|14:08:15:695
62|1.1|636136526828070583|0|50900.6953125|16.47896862987|106.03674751992|565286|315913||50900.6953125|||0|||ad4444|UBON4444|0|956|||||||1|1|132|162|["132,162,5"]|14:08:20:695
62|1.1|636136526877995575|0|50905.6796875|16.47960163025|106.03600723134|565205|315982||50905.6796875|||6.25|||ad4444|UBON4444|0|956|||||||1|1|132|162|["132,162,5"]|14:08:25:680
62|1.1|636136526927910566|0|50910.6796875|16.47959626584|106.03601796016|565206|315981||50910.6796875|||0|||ad4444|UBON4444|0|956|||||||1|1|132|162|["132,162,5"]|14:08:30:680
62|1.1|636136526977845559|0|50915.65625|16.47961772348|106.03599113811|565203|315983||50915.65625|||0|||ad4444|UBON4444|0|956|||||||1|1|132|162|["132,162,5"]|14:08:35:656
62|1.1|636136527027760550|0|50920.65625|16.47958017261|106.03601796016|565206|315979||50920.65625|||6.25|||ad4444|UBON4444|0|956|||||||1|1|132|162|["132,162,5"]|14:08:40:656
62|1.1|636136527077685542|0|50925.65625|16.47964454553|106.03595895165|565200|315986||50925.65625|||0|||ad4444|UBON4444|0|956|||||||1|1|132|162|["132,162,5"]|14:08:45:656
62|1.1|636136527127600533|0|50930.640625|16.47971964727|106.03585702786|565189|315994||50930.640625|||0|||ad4444|UBON4444|0|956|||||||1|1|132|162|["132,162,5"]|14:08:50:641
62|1.1|636136527177525525|0|50935.640625|16.47935486739|106.03630227389|565237|315955||50935.640625|||0|||ad4444|UBON4444|0|956|||||||1|1|132|162|["132,162,5"]|14:08:55:641
62|1.1|636136527227440516|0|50940.6171875|16.47934413857|106.03630227389|565237|315954||50940.6171875|||0|||ad4444|UBON4444|0|956|||||||1|1|132|162|["132,162,5"]|14:09:00:617
62|1.1|636136527277365508|0|50945.6171875|16.47933877416|106.03632909594|565240|315953||50945.6171875|||0|||ad4444|UBON4444|0|956|||||||1|1|132|162|["132,162,5"]|14:09:05:617
62|1.1|636136527327280499|0|50950.6171875|16.48004151187|106.03552979885|565153|316029||50950.6171875|||6.25|||ad4444|UBON4444|0|956|||||||1|1|132|162|["132,162,5"]|14:09:10:617
62|1.1|636136527377215492|0|50955.6015625|16.4799503169|106.03564245146|565165|316019||50955.6015625|||0|||ad4444|UBON4444|0|956|||||||1|1|132|162|["132,162,5"]|14:09:15:602
62|1.1|636136527427130483|0|50960.6015625|16.47982693547|106.03576583289|565178|316006||50960.6015625|||0|||ad4444|UBON4444|0|956|||||||1|1|132|162|["132,162,5"]|14:09:20:602
62|1.1|636136527477045474|0|50965.578125|16.47940314708|106.03627545184|565234|315960||50965.578125|||0|||ad4444|UBON4444|0|956|||||||1|1|132|162|["132,162,5"]|14:09:25:578
62|1.1|636136527526970466|0|50970.578125|16.47927440124|106.03639346886|565247|315946||50970.578125|||0|||ad4444|UBON4444|0|956|||||||1|1|132|162|["132,162,5"]|14:09:30:578
62|1.1|636136527576895458|0|50975.578125|16.47918857068|106.03650612147|565260|315937||50975.578125|||0|||ad4444|UBON4444|0|956|||||||1|1|132|162|["132,162,5"]|14:09:35:578
62|1.1|636136527626820450|0|50980.5625|16.47918857068|106.03650612147|565260|315937||50980.5625|||0|||ad4444|UBON4444|0|956|||||||1|1|132|162|["132,162,5"]|14:09:40:563
62|1.1|636136527676735441|0|50985.5625|16.47916174863|106.03654903675|565264|315934||50985.5625|||0|||ad4444|UBON4444|0|956|||||||1|1|132|162|["132,162,5"]|14:09:45:563
62|1.1|636136527726660433|0|50990.5390625|16.47872723142|106.03704256247|565318|315887||50990.5390625|||0|||ad4444|UBON4444|0|956|||||||1|1|132|162|["132,162,5"]|14:09:50:539
62|1.1|636136527776585425|0|50995.5390625|16.47875405347|106.03701574042|565315|315890||50995.5390625|||0|||ad4444|UBON4444|0|956|||||||1|1|132|162|["132,162,5"]|14:09:55:539
62|1.1|636136527826500416|0|51000.5390625|16.47894717223|106.03679579961|565291|315911||51000.5390625|||0|||ad4444|UBON4444|0|956|||||||1|1|132|162|["132,162,5"]|14:10:00:539
62|1.1|636136527876425408|0|51005.515625|16.47886670608|106.0368977234|565302|315902||51005.515625|||0|||ad4444|UBON4444|0|956|||||||1|1|132|162|["132,162,5"]|14:10:05:516
62|1.1|636136527926350400|0|51010.515625|16.4785019262|106.03730005415|565346|315863||51010.515625|||0|||ad4444|UBON4444|0|956|||||||1|1|132|162|["132,162,5"]|14:10:10:516
62|1.1|636136527976265391|0|51015.5|16.47846973974|106.03731614738|565348|315859||51015.5|||0|||ad4444|UBON4444|0|956|||||||1|1|132|162|["132,162,5"]|14:10:15:500
62|1.1|636136528026190383|0|51020.5|16.47844291769|106.03733224061|565350|315856||51020.5|||0|||ad4444|UBON4444|0|956|||||||1|1|132|162|["132,162,5"]|14:10:20:500
62|1.1|636136528076115375|0|51025.5|16.47805131576|106.03777212223|565398|315814||51025.5|||0|||ad4444|UBON4444|0|956|||||||1|1|132|162|["132,162,5"]|14:10:25:500
62|1.1|636136528126040367|0|51030.4765625|16.47808886663|106.03772384254|565393|315818||51030.4765625|||0|||ad4444|UBON4444|0|956|||||||1|1|132|162|["132,162,5"]|14:10:30:477
62|1.1|636136528175955358|0|51035.4765625|16.47880233316|106.03690845222|565304|315895||51035.4765625|||6.25|||ad4444|UBON4444|0|956|||||||1|1|132|162|["132,162,5"]|14:10:35:477
62|1.1|636136528225880350|0|51040.4609375|16.47877551111|106.03695673191|565309|315892||51040.4609375|||6.25|||ad4444|UBON4444|0|956|||||||1|1|132|162|["132,162,5"]|14:10:40:461
62|1.1|636136528275805342|0|51045.4609375|16.47874868906|106.03697282514|565311|315889||51045.4609375|||0|||ad4444|UBON4444|0|956|||||||1|1|132|162|["132,162,5"]|14:10:45:461
62|1.1|636136528325720333|0|51050.4609375|16.47870040937|106.03704256247|565318|315884||51050.4609375|||6.25|||ad4444|UBON4444|0|956|||||||1|1|132|162|["132,162,5"]|14:10:50:461
62|1.1|636136528375645325|0|51055.4375|16.47861457881|106.03714448626|565329|315875||51055.4375|||6.25|||ad4444|UBON4444|0|956|||||||1|1|132|162|["132,162,5"]|14:10:55:438
62|1.1|636136528425560316|0|51060.4375|16.47852874825|106.037219588|565337|315866||51060.4375|||0|||ad4444|UBON4444|0|956|||||||1|1|132|162|["132,162,5"]|14:11:00:438
62|1.1|636136528475485308|0|51065.421875|16.47868968055|106.03705329129|565319|315883||51065.421875|||0|||ad4444|UBON4444|0|956|||||||1|1|132|162|["132,162,5"]|14:11:05:422
