21|2.1|636136510328010742|0|49250.7109375|13.6318874237532|101.046667008864||||49250.7109375|63.75|6525||||708028|LAO446|X|X||0|7||||132|5|0|0|[]|13:40:50:711
21|2.1|636136510369194860|0|49254.828125|13.6332607147676|101.050250440104||||49254.828125|65.5|6750||||708028|LAO446|X|X||0|7||||132|5|0|0|[]|13:40:54:828
21|2.1|636136510412719212|0|49259.1796875|13.6346769211262|101.054026990394||||49259.1796875|67.25|6900||||708028|LAO446|X|X||0|7||||132|5|0|0|[]|13:40:59:180
21|2.1|636136510454053345|0|49263.3125|13.6359429237801|101.05746021793||||49263.3125|68.75|7075||||708028|LAO446|X|X||0|7||||132|5|0|0|[]|13:41:03:313
21|2.1|636136510495867526|0|49267.5|13.6372518417782|101.060914903138||||49267.5|70|7200||||708028|LAO446|X|X||0|7||||132|5|0|0|[]|13:41:07:500
21|2.1|636136510537211660|0|49271.640625|13.63849638676|101.064197926969||||49271.640625|71|7325||||708028|LAO446|X|X||0|7||||132|5|0|0|[]|13:41:11:641
21|2.1|636136510590717010|0|49276.9765625|13.6405563232816|101.06829634234||||49276.9765625|72.25|7450||||708028|LAO446|X|X||0|7||||132|5|0|0|[]|13:41:16:977
21|2.1|636136510632531191|0|49281.15625|13.6428308365242|101.071042924369||||49281.15625|73.25|7550||||708028|LAO446|X|X||0|7||||132|5|0|0|[]|13:41:21:156
21|2.1|636136510672775215|0|49285.1796875|13.6454915878646|101.073102860891||||49285.1796875|73.75|7600||||708028|LAO446|X|X||0|7||||132|5|0|0|[]|13:41:25:180
21|2.1|636136510714909428|0|49289.4140625|13.6486458656633|101.074690728626||||49289.4140625|74.25|7675||||708028|LAO446|X|X||0|7||||132|5|0|0|[]|13:41:29:414
21|2.1|636136510758583795|0|49293.765625|13.6521434662156|101.07584944292||||49293.765625|75|7725||||708028|LAO446|X|X||0|7||||132|5|0|0|[]|13:41:33:766
21|2.1|636136510800387975|0|49297.9453125|13.655447947719|101.07687941118||||49297.9453125|75.75|7800||||708028|LAO446|X|X||0|7||||132|5|0|0|[]|13:41:37:945
21|2.1|636136510843602296|0|49302.265625|13.6589884636155|101.077866464097||||49302.265625|76.75|7925||||708028|LAO446|X|X||0|7||||132|5|0|0|[]|13:41:42:266
21|2.1|636136510889316867|0|49306.8359375|13.6625933525283|101.078853517014||||49306.8359375|78|8050||||708028|LAO446|X|X||0|7||||132|5|0|0|[]|13:41:46:836
21|2.1|636136510929400875|0|49310.859375|13.6658120033433|101.079754739242||||49310.859375|79|8150||||708028|LAO446|X|X||0|7||||132|5|0|0|[]|13:41:50:859
21|2.1|636136510972935228|0|49315.203125|13.669180857863|101.080720334486||||49315.203125|79.75|8250||||708028|LAO446|X|X||0|7||||132|5|0|0|[]|13:41:55:203
21|2.1|636136511014429377|0|49319.359375|13.6724853393664|101.081643014387||||49319.359375|80.75|8350||||708028|LAO446|X|X||0|7||||132|5|0|0|[]|13:41:59:359
21|2.1|636136511055773511|0|49323.484375|13.6757469055256|101.082544236615||||49323.484375|81.25|8400||||708028|LAO446|X|X||0|7||||132|5|0|0|[]|13:42:03:484
21|2.1|636136511096647598|0|49327.5703125|13.6789655563406|101.083424001171||||49327.5703125|82|8475||||708028|LAO446|X|X||0|7||||132|5|0|0|[]|13:42:07:570
21|2.1|636136511140952028|0|49332.0078125|13.6824202415487|101.084389596415||||49332.0078125|83|8575||||708028|LAO446|X|X||0|7||||132|5|0|0|[]|13:42:12:008
21|2.1|636136511184636396|0|49336.375|13.6858963844289|101.085290818644||||49336.375|83.75|8675||||708028|LAO446|X|X||0|7||||132|5|0|0|[]|13:42:16:375
21|2.1|636136511225350467|0|49340.4453125|13.6890506622276|101.086149125528||||49340.4453125|84.5|8750||||708028|LAO446|X|X||0|7||||132|5|0|0|[]|13:42:20:445
21|2.1|636136511267164648|0|49344.6171875|13.6923980590752|101.087007432412||||49344.6171875|85.25|8825||||708028|LAO446|X|X||0|7||||132|5|0|0|[]|13:42:24:617
21|2.1|636136511311149046|0|49349.03125|13.6958527442833|101.08790865464||||49349.03125|86|8900||||708028|LAO446|X|X||0|7||||132|5|0|0|[]|13:42:29:031
21|2.1|636136511352023133|0|49353.109375|13.6991143104425|101.08872404618||||49353.109375|86.75|8975||||708028|LAO446|X|X||0|7||||132|5|0|0|[]|13:42:33:109
21|2.1|636136511394147345|0|49357.3203125|13.7024187919459|101.089582353064||||49357.3203125|87.5|9050||||708028|LAO446|X|X||0|7||||132|5|0|0|[]|13:42:37:320
21|2.1|636136511437361666|0|49361.6484375|13.7058091041377|101.09046211762||||49361.6484375|88|9125||||708028|LAO446|X|X||0|7||||132|5|0|0|[]|13:42:41:648
21|2.1|636136511482446174|0|49366.1484375|13.7093710777063|101.091363339848||||49366.1484375|88.75|9200||||708028|LAO446|X|X||0|7||||132|5|0|0|[]|13:42:46:148
21|2.1|636136511526750604|0|49370.5859375|13.712954508947|101.09230747742||||49370.5859375|89.5|9275||||708028|LAO446|X|X||0|7||||132|5|0|0|[]|13:42:50:586
21|2.1|636136511567624691|0|49374.671875|13.7161946174341|101.09312286896||||49374.671875|90|9325||||708028|LAO446|X|X||0|7||||132|5|0|0|[]|13:42:54:672
21|2.1|636136511611629091|0|49379.0703125|13.7197351333306|101.094024091188||||49379.0703125|90.75|9425||||708028|LAO446|X|X||0|7||||132|5|0|0|[]|13:42:59:070
21|2.1|636136511652803208|0|49383.1953125|13.7229966994898|101.094882398072||||49383.1953125|91.25|9475||||708028|LAO446|X|X||0|7||||132|5|0|0|[]|13:43:03:195
21|2.1|636136511696337561|0|49387.546875|13.7264299270258|101.095762162628||||49387.546875|92|9550||||708028|LAO446|X|X||0|7||||132|5|0|0|[]|13:43:07:547
21|2.1|636136511737521679|0|49391.671875|13.7298416968897|101.096620469512||||49391.671875|92.5|9600||||708028|LAO446|X|X||0|7||||132|5|0|0|[]|13:43:11:672
21|2.1|636136511779635890|0|49395.8671875|13.7332320090815|101.097500234069||||49395.8671875|93.25|9675||||708028|LAO446|X|X||0|7||||132|5|0|0|[]|13:43:15:867
21|2.1|636136511820980024|0|49400.0078125|13.7365794059291|101.098315625608||||49400.0078125|93.75|9725||||708028|LAO446|X|X||0|7||||132|5|0|0|[]|13:43:20:008
21|2.1|636136511863724298|0|49404.2734375|13.7400555488093|101.099216847837||||49404.2734375|94.5|9800||||708028|LAO446|X|X||0|7||||132|5|0|0|[]|13:43:24:273
21|2.1|636136511905688494|0|49408.4765625|13.7434458610011|101.100075154721||||49408.4765625|95.25|9900||||708028|LAO446|X|X||0|7||||132|5|0|0|[]|13:43:28:477
21|2.1|636136511946092534|0|49412.515625|13.746643054144|101.100869088588||||49412.515625|95.75|9950||||708028|LAO446|X|X||0|7||||132|5|0|0|[]|13:43:32:516
21|2.1|636136511990096934|0|49416.9140625|13.7502050277126|101.101770310816||||49416.9140625|96.5|10025||||708028|LAO446|X|X||0|7||||132|5|0|0|[]|13:43:36:914
21|2.1|636136512037821706|0|49421.6953125|13.7540888663627|101.102735906061||||49421.6953125|97.25|10100||||708028|LAO446|X|X||0|7||||132|5|0|0|[]|13:43:41:695
21|2.1|636136512079165840|0|49425.8203125|13.7573933478661|101.103572755273||||49425.8203125|98|10175||||708028|LAO446|X|X||0|7||||132|5|0|0|[]|13:43:45:820
21|2.1|636136512122530176|0|49430.15625|13.7608694907463|101.104431062157||||49430.15625|98.75|10275||||708028|LAO446|X|X||0|7||||132|5|0|0|[]|13:43:50:156
21|2.1|636136512167154638|0|49434.6171875|13.7644958373312|101.105375199729||||49434.6171875|99.5|10350||||708028|LAO446|X|X||0|7||||132|5|0|0|[]|13:43:54:617
21|2.1|636136512208488771|0|49438.7578125|13.7678003188346|101.106233506613||||49438.7578125|100.25|10425||||708028|LAO446|X|X||0|7||||132|5|0|0|[]|13:43:58:758
21|2.1|636136512251553077|0|49443.0625|13.7712764617148|101.107091813497||||49443.0625|101|10500||||708028|LAO446|X|X||0|7||||132|5|0|0|[]|13:44:03:063
21|2.1|636136512292577179|0|49447.171875|13.7746238585624|101.107950120381||||49447.171875|101.75|10575||||708028|LAO446|X|X||0|7||||132|5|0|0|[]|13:44:07:172
21|2.1|636136512333611282|0|49451.2734375|13.7779283400658|101.108808427265||||49451.2734375|102.25|10650||||708028|LAO446|X|X||0|7||||132|5|0|0|[]|13:44:11:273
21|2.1|636136512374955416|0|49455.4140625|13.781189906225|101.109645276477||||49455.4140625|103|10725||||708028|LAO446|X|X||0|7||||132|5|0|0|[]|13:44:15:414
21|2.1|636136512415829503|0|49459.4921875|13.7844943877284|101.110503583361||||49459.4921875|103.5|10775||||708028|LAO446|X|X||0|7||||132|5|0|0|[]|13:44:19:492
21|2.1|636136512457633683|0|49463.671875|13.7878846999202|101.111361890245||||49463.671875|104.25|10850||||708028|LAO446|X|X||0|7||||132|5|0|0|[]|13:44:23:672
21|2.1|636136512498047724|0|49467.71875|13.7911033507352|101.112241654801||||49467.71875|104.75|10900||||708028|LAO446|X|X||0|7||||132|5|0|0|[]|13:44:27:719
21|2.1|636136512539071826|0|49471.8125|13.7944078322386|101.113099961685||||49471.8125|105.25|10950||||708028|LAO446|X|X||0|7||||132|5|0|0|[]|13:44:31:813
21|2.1|636136512581656084|0|49476.0703125|13.7979054327909|101.114044099258||||49476.0703125|105.75|11000||||708028|LAO446|X|X||0|7||||132|5|0|0|[]|13:44:36:070
21|2.1|636136512625030421|0|49480.421875|13.8013815756711|101.11498823683||||49480.421875|106.25|11075||||708028|LAO446|X|X||0|7||||132|5|0|0|[]|13:44:40:422
21|2.1|636136512667304648|0|49484.640625|13.8048148032071|101.115932374402||||49484.640625|106.75|11125||||708028|LAO446|X|X||0|7||||132|5|0|0|[]|13:44:44:641
21|2.1|636136512710839001|0|49489.0078125|13.8084196921199|101.116919427319||||49489.0078125|107.5|11200||||708028|LAO446|X|X||0|7||||132|5|0|0|[]|13:44:49:008
21|2.1|636136512754833400|0|49493.3984375|13.8120031233606|101.117927937908||||49493.3984375|108.25|11275||||708028|LAO446|X|X||0|7||||132|5|0|0|[]|13:44:53:398
21|2.1|636136512795387455|0|49497.4453125|13.8152646895198|101.118829160136||||49497.4453125|108.75|11325||||708028|LAO446|X|X||0|7||||132|5|0|0|[]|13:44:57:445
21|2.1|636136512836261542|0|49501.5390625|13.8186120863674|101.119751840036||||49501.5390625|109.5|11400||||708028|LAO446|X|X||0|7||||132|5|0|0|[]|13:45:01:539
21|2.1|636136512880565972|0|49505.953125|13.8221955176081|101.120760350625||||49505.953125|110|11450||||708028|LAO446|X|X||0|7||||132|5|0|0|[]|13:45:05:953
21|2.1|636136512921280043|0|49510.0234375|13.8255643721278|101.121725945869||||49510.0234375|110.75|11550||||708028|LAO446|X|X||0|7||||132|5|0|0|[]|13:45:10:023
21|2.1|636136512965274442|0|49514.4140625|13.8291692610406|101.122712998786||||49514.4140625|111.5|11625||||708028|LAO446|X|X||0|7||||132|5|0|0|[]|13:45:14:414
21|2.1|636136513010208935|0|49518.9296875|13.8328814383139|101.123700051703||||49518.9296875|112|11700||||708028|LAO446|X|X||0|7||||132|5|0|0|[]|13:45:18:930
21|2.1|636136513053883302|0|49523.296875|13.8365292425709|101.124665646947||||49523.296875|112.75|11775||||708028|LAO446|X|X||0|7||||132|5|0|0|[]|13:45:23:297
21|2.1|636136513099437857|0|49527.859375|13.8402628775163|101.125674157536||||49527.859375|113.25|11825||||708028|LAO446|X|X||0|7||||132|5|0|0|[]|13:45:27:859
21|2.1|636136513142342147|0|49532.1484375|13.8438248510849|101.126682668125||||49532.1484375|113.75|11875||||708028|LAO446|X|X||0|7||||132|5|0|0|[]|13:45:32:148
21|2.1|636136513184166329|0|49536.3203125|13.8473439093093|101.127691178713||||49536.3203125|114.25|11925||||708028|LAO446|X|X||0|7||||132|5|0|0|[]|13:45:36:320
21|2.1|636136513224250337|0|49540.3203125|13.8506913061569|101.128635316286||||49540.3203125|114.75|11975||||708028|LAO446|X|X||0|7||||132|5|0|0|[]|13:45:40:320
21|2.1|636136513268234735|0|49544.7265625|13.8544034834302|101.129665284546||||49544.7265625|115.25|12025||||708028|LAO446|X|X||0|7||||132|5|0|0|[]|13:45:44:727
21|2.1|636136513311919103|0|49549.1015625|13.8581371183756|101.130738168151||||49549.1015625|115.75|12100||||708028|LAO446|X|X||0|7||||132|5|0|0|[]|13:45:49:102
21|2.1|636136513353263237|0|49553.2421875|13.8615703459116|101.131703763396||||49553.2421875|116.25|12150||||708028|LAO446|X|X||0|7||||132|5|0|0|[]|13:45:53:242
21|2.1|636136513397257636|0|49557.640625|13.8653468962012|101.132755189329||||49557.640625|116.75|12200||||708028|LAO446|X|X||0|7||||132|5|0|0|[]|13:45:57:641
21|2.1|636136513440781988|0|49561.9921875|13.8691019888187|101.13378515759||||49561.9921875|117.5|12275||||708028|LAO446|X|X||0|7||||132|5|0|0|[]|13:46:01:992
21|2.1|636136513482586168|0|49566.1640625|13.8725781316989|101.134793668178||||49566.1640625|118|12325||||708028|LAO446|X|X||0|7||||132|5|0|0|[]|13:46:06:164
21|2.1|636136513526110520|0|49570.515625|13.8762903089722|101.135780721095||||49570.515625|118.75|12400||||708028|LAO446|X|X||0|7||||132|5|0|0|[]|13:46:10:516
21|2.1|636136513566054514|0|49574.5234375|13.8796591634919|101.136681943323||||49574.5234375|119.5|12475||||708028|LAO446|X|X||0|7||||132|5|0|0|[]|13:46:14:523
21|2.1|636136513607388647|0|49578.640625|13.8831567640442|101.137583165551||||49578.640625|120.25|12575||||708028|LAO446|X|X||0|7||||132|5|0|0|[]|13:46:18:641
21|2.1|636136513647482656|0|49582.6640625|13.8864827032197|101.138441472435||||49582.6640625|121|12650||||708028|LAO446|X|X||0|7||||132|5|0|0|[]|13:46:22:664
21|2.1|636136513690076915|0|49586.9140625|13.8901090498046|101.13940706768||||49586.9140625|121.5|12700||||708028|LAO446|X|X||0|7||||132|5|0|0|[]|13:46:26:914
21|2.1|636136513732201127|0|49591.1328125|13.8936495657011|101.14032974758||||49591.1328125|122.25|12775||||708028|LAO446|X|X||0|7||||132|5|0|0|[]|13:46:31:133
21|2.1|636136513773075214|0|49595.2109375|13.8971042509092|101.14125242748||||49595.2109375|123|12875||||708028|LAO446|X|X||0|7||||132|5|0|0|[]|13:46:35:211
21|2.1|636136513813479254|0|49599.2421875|13.9004087324126|101.142153649709||||49599.2421875|123.5|12925||||708028|LAO446|X|X||0|7||||132|5|0|0|[]|13:46:39:242
21|2.1|636136513856693575|0|49603.5625|13.9039921636533|101.143119244953||||49603.5625|124.25|13000||||708028|LAO446|X|X||0|7||||132|5|0|0|[]|13:46:43:563
21|2.1|636136513898497755|0|49607.7578125|13.9075326795498|101.144084840198||||49607.7578125|124.75|13050||||708028|LAO446|X|X||0|7||||132|5|0|0|[]|13:46:47:758
21|2.1|636136513939991904|0|49611.90625|13.9110302801021|101.145007520098||||49611.90625|125.25|13100||||708028|LAO446|X|X||0|7||||132|5|0|0|[]|13:46:51:906
21|2.1|636136513980565961|0|49615.9609375|13.9143776769497|101.14595165767||||49615.9609375|125.75|13150||||708028|LAO446|X|X||0|7||||132|5|0|0|[]|13:46:55:961
21|2.1|636136514024240328|0|49620.328125|13.9180683965509|101.146917252915||||49620.328125|126.25|13200||||708028|LAO446|X|X||0|7||||132|5|0|0|[]|13:47:00:328
21|2.1|636136514068854789|0|49624.796875|13.9218664045126|101.147947221176||||49624.796875|126.75|13250||||708028|LAO446|X|X||0|7||||132|5|0|0|[]|13:47:04:797
21|2.1|636136514109258829|0|49628.828125|13.9252567167044|101.148848443404||||49628.828125|127.25|13325||||708028|LAO446|X|X||0|7||||132|5|0|0|[]|13:47:08:828
21|2.1|636136514149982901|0|49632.90625|13.9287543172567|101.149814038648||||49632.90625|127.75|13375||||708028|LAO446|X|X||0|7||||132|5|0|0|[]|13:47:12:906
21|2.1|636136514194447347|0|49637.3515625|13.9324879522021|101.150844006909||||49637.3515625|128.25|13425||||708028|LAO446|X|X||0|7||||132|5|0|0|[]|13:47:17:352
21|2.1|636136514234381340|0|49641.3515625|13.9358782643939|101.151745229137||||49641.3515625|128.75|13475||||708028|LAO446|X|X||0|7||||132|5|0|0|[]|13:47:21:352
21|2.1|636136514279305832|0|49645.828125|13.9396977300277|101.152818112742||||49645.828125|129.5|13550||||708028|LAO446|X|X||0|7||||132|5|0|0|[]|13:47:25:828
21|2.1|636136514321120013|0|49650.0234375|13.9432597035963|101.153719334971||||49650.0234375|130.25|13625||||708028|LAO446|X|X||0|7||||132|5|0|0|[]|13:47:30:023
21|2.1|636136514362764177|0|49654.1796875|13.9467358464765|101.154684930215||||49654.1796875|130.75|13700||||708028|LAO446|X|X||0|7||||132|5|0|0|[]|13:47:34:180
21|2.1|636136514404268327|0|49658.328125|13.9502978200451|101.155564694771||||49658.328125|131.5|13775||||708028|LAO446|X|X||0|7||||132|5|0|0|[]|13:47:38:328
21|2.1|636136514446862586|0|49662.59375|13.9539670819742|101.156530290016||||49662.59375|132|13825||||708028|LAO446|X|X||0|7||||132|5|0|0|[]|13:47:42:594
21|2.1|636136514487256625|0|49666.640625|13.957357394166|101.157367139228||||49666.640625|132.25|13850||||708028|LAO446|X|X||0|7||||132|5|0|0|[]|13:47:46:641
21|2.1|636136514538901789|0|49671.8046875|13.9617991322907|101.158440022833||||49671.8046875|133|13925||||708028|LAO446|X|X||0|7||||132|5|0|0|[]|13:47:51:805
21|2.1|636136514580405939|0|49675.9453125|13.9653181905151|101.159319787389||||49675.9453125|133.5|13975||||708028|LAO446|X|X||0|7||||132|5|0|0|[]|13:47:55:945
21|2.1|636136514626260524|0|49680.515625|13.9692449445094|101.160306840305||||49680.515625|134|14050||||708028|LAO446|X|X||0|7||||132|5|0|0|[]|13:48:00:516
21|2.1|636136514666204518|0|49684.5234375|13.9726781720454|101.161165147189||||49684.5234375|134.5|14100||||708028|LAO446|X|X||0|7||||132|5|0|0|[]|13:48:04:523
21|2.1|636136514709418839|0|49688.84375|13.9763474339745|101.162066369417||||49688.84375|135|14150||||708028|LAO446|X|X||0|7||||132|5|0|0|[]|13:48:08:844
21|2.1|636136514750602957|0|49692.9609375|13.9798664921989|101.162967591646||||49692.9609375|135.5|14200||||708028|LAO446|X|X||0|7||||132|5|0|0|[]|13:48:12:961
21|2.1|636136514790696966|0|49696.9765625|13.9832782620628|101.163847356202||||49696.9765625|136|14250||||708028|LAO446|X|X||0|7||||132|5|0|0|[]|13:48:16:977
21|2.1|636136514834381334|0|49701.3359375|13.9869904393361|101.164812951446||||49701.3359375|136.75|14325||||708028|LAO446|X|X||0|7||||132|5|0|0|[]|13:48:21:336
21|2.1|636136514876495545|0|49705.5625|13.9904880398884|101.165714173674||||49705.5625|137.5|14400||||708028|LAO446|X|X||0|7||||132|5|0|0|[]|13:48:25:563
21|2.1|636136514916749570|0|49709.578125|13.9937925213918|101.166636853575||||49709.578125|138.5|14525||||708028|LAO446|X|X||0|7||||132|5|0|0|[]|13:48:29:578
21|2.1|636136514956993594|0|49713.59375|13.9971828335836|101.167516618131||||49713.59375|139.25|14600||||708028|LAO446|X|X||0|7||||132|5|0|0|[]|13:48:33:594
21|2.1|636136515001768071|0|49718.078125|14.0007448071522|101.168503671047||||49718.078125|140|14675||||708028|LAO446|X|X||0|7||||132|5|0|0|[]|13:48:38:078
21|2.1|636136515046082502|0|49722.515625|14.0044140690813|101.16944780862||||49722.515625|140.5|14725||||708028|LAO446|X|X||0|7||||132|5|0|0|[]|13:48:42:516
21|2.1|636136515086646558|0|49726.5703125|14.0076541775684|101.170349030848||||49726.5703125|141.25|14800||||708028|LAO446|X|X||0|7||||132|5|0|0|[]|13:48:46:570
21|2.1|636136515127670660|0|49730.671875|14.0109586590718|101.171250253076||||49730.671875|141.75|14875||||708028|LAO446|X|X||0|7||||132|5|0|0|[]|13:48:50:672
21|2.1|636136515170404933|0|49734.9453125|14.0144562596241|101.172172932977||||49734.9453125|142.25|14925||||708028|LAO446|X|X||0|7||||132|5|0|0|[]|13:48:54:945
21|2.1|636136515213319224|0|49739.2265625|14.0179538601764|101.173095612877||||49739.2265625|142.75|14975||||708028|LAO446|X|X||0|7||||132|5|0|0|[]|13:48:59:227
21|2.1|636136515254183310|0|49743.328125|14.0212583416798|101.173953919761||||49743.328125|143.25|15025||||708028|LAO446|X|X||0|7||||132|5|0|0|[]|13:49:03:328
21|2.1|636136515298807772|0|49747.78125|14.0248417729205|101.174919515005||||49747.78125|143.75|15075||||708028|LAO446|X|X||0|7||||132|5|0|0|[]|13:49:07:781
21|2.1|636136515342792170|0|49752.1796875|14.0284466618333|101.175842194906||||49752.1796875|144.25|15150||||708028|LAO446|X|X||0|7||||132|5|0|0|[]|13:49:12:180
21|2.1|636136515382886179|0|49756.203125|14.0317940586809|101.17670050179||||49756.203125|144.75|15200||||708028|LAO446|X|X||0|7||||132|5|0|0|[]|13:49:16:203
21|2.1|636136515424390329|0|49760.34375|14.0351199978564|101.177601724018||||49760.34375|145|15200||||708028|LAO446|X|X||0|7||||132|5|0|0|[]|13:49:20:344
21|2.1|636136515466974587|0|49764.6015625|14.0387034290971|101.17854586159||||49764.6015625|145.25|15250||||708028|LAO446|X|X||0|7||||132|5|0|0|[]|13:49:24:602
21|2.1|636136515507688658|0|49768.6796875|14.0420293682726|101.179404168474||||49768.6796875|145.5|15275||||708028|LAO446|X|X||0|7||||132|5|0|0|[]|13:49:28:680
21|2.1|636136515551843073|0|49773.09375|14.0457415455459|101.180412679063||||49773.09375|145.5|15275||||708028|LAO446|X|X||0|7||||132|5|0|0|[]|13:49:33:094
21|2.1|636136515594437332|0|49777.3359375|14.049410807475|101.181421189652||||49777.3359375|145.5|15275||||708028|LAO446|X|X||0|7||||132|5|0|0|[]|13:49:37:336
21|2.1|636136515635461434|0|49781.453125|14.0529942387157|101.182386784896||||49781.453125|145.5|15275||||708028|LAO446|X|X||0|7||||132|5|0|0|[]|13:49:41:453
21|2.1|636136515677745662|0|49785.6875|14.0567278736611|101.183459668501||||49785.6875|145.75|15300||||708028|LAO446|X|X||0|7||||132|5|0|0|[]|13:49:45:688
21|2.1|636136515719549842|0|49789.8671875|14.0605473392949|101.184511094434||||49789.8671875|145.75|15300||||708028|LAO446|X|X||0|7||||132|5|0|0|[]|13:49:49:867
21|2.1|636136515762134100|0|49794.1171875|14.064431177945|101.185605435711||||49794.1171875|146|15325||||708028|LAO446|X|X||0|7||||132|5|0|0|[]|13:49:54:117
21|2.1|636136515807378624|0|49798.6328125|14.0685510509882|101.186785607677||||49798.6328125|146.25|15350||||708028|LAO446|X|X||0|7||||132|5|0|0|[]|13:49:58:633
21|2.1|636136515849812867|0|49802.8671875|14.0724348896383|101.187879948954||||49802.8671875|146.5|15375||||708028|LAO446|X|X||0|7||||132|5|0|0|[]|13:50:02:867
21|2.1|636136515893027188|0|49807.21875|14.0765118473373|101.188995747903||||49807.21875|146.75|15400||||708028|LAO446|X|X||0|7||||132|5|0|0|[]|13:50:07:219
21|2.1|636136515934991384|0|49811.3984375|14.0803313129711|101.190047173836||||49811.3984375|147|15450||||708028|LAO446|X|X||0|7||||132|5|0|0|[]|13:50:11:398
21|2.1|636136515978205705|0|49815.71875|14.0844726436864|101.191205888129||||49815.71875|147.5|15500||||708028|LAO446|X|X||0|7||||132|5|0|0|[]|13:50:15:719
21|2.1|636136516023910275|0|49820.2890625|14.088678347418|101.192364602423||||49820.2890625|147.75|15525||||708028|LAO446|X|X||0|7||||132|5|0|0|[]|13:50:20:289
21|2.1|636136516064174301|0|49824.3046875|14.0925192707239|101.1934589437||||49824.3046875|148.25|15575||||708028|LAO446|X|X||0|7||||132|5|0|0|[]|13:50:24:305
21|2.1|636136516107538637|0|49828.65625|14.0965962284229|101.194596200321||||49828.65625|148.5|15600||||708028|LAO446|X|X||0|7||||132|5|0|0|[]|13:50:28:656
21|2.1|636136516149032786|0|49832.8125|14.1005873554335|101.195626168582||||49832.8125|149|15650||||708028|LAO446|X|X||0|7||||132|5|0|0|[]|13:50:32:813
21|2.1|636136516190376920|0|49836.9375|14.1044926517557|101.196699052187||||49836.9375|149.25|15675||||708028|LAO446|X|X||0|7||||132|5|0|0|[]|13:50:36:938
21|2.1|636136516231251007|0|49841.015625|14.1083550327337|101.197771935792||||49841.015625|149.75|15750||||708028|LAO446|X|X||0|7||||132|5|0|0|[]|13:50:41:016
21|2.1|636136516275555437|0|49845.4609375|14.1125392787932|101.198930650085||||49845.4609375|150|15750||||708028|LAO446|X|X||0|7||||132|5|0|0|[]|13:50:45:461
21|2.1|636136516319229804|0|49849.8359375|14.1167235248527|101.200089364379||||49849.8359375|150.25|15800||||708028|LAO446|X|X||0|7||||132|5|0|0|[]|13:50:49:836
21|2.1|636136516359953876|0|49853.8984375|14.1206073635028|101.201140790312||||49853.8984375|150.5|15825||||708028|LAO446|X|X||0|7||||132|5|0|0|[]|13:50:53:898
21|2.1|636136516401608041|0|49858.0703125|14.1246199481855|101.202256589261||||49858.0703125|150.75|15850||||708028|LAO446|X|X||0|7||||132|5|0|0|[]|13:50:58:070
21|2.1|636136516445912471|0|49862.484375|14.1288685672613|101.203458218898||||49862.484375|151|15875||||708028|LAO446|X|X||0|7||||132|5|0|0|[]|13:51:02:484
21|2.1|636136516486626542|0|49866.5625|14.1328596942719|101.20459547552||||49866.5625|151.25|15900||||708028|LAO446|X|X||0|7||||132|5|0|0|[]|13:51:06:563
21|2.1|636136516528750754|0|49870.7734375|14.1369795673151|101.205732732141||||49870.7734375|151.25|15900||||708028|LAO446|X|X||0|7||||132|5|0|0|[]|13:51:10:773
21|2.1|636136516571965075|0|49875.1015625|14.1411638133746|101.206869988762||||49875.1015625|151.5|15925||||708028|LAO446|X|X||0|7||||132|5|0|0|[]|13:51:15:102
21|2.1|636136516617049583|0|49879.6015625|14.1456055514993|101.208135991416||||49879.6015625|152|15975||||708028|LAO446|X|X||0|7||||132|5|0|0|[]|13:51:19:602
21|2.1|636136516661354013|0|49884.03125|14.1500258319519|101.209359078726||||49884.03125|152.25|16000||||708028|LAO446|X|X||0|7||||132|5|0|0|[]|13:51:24:031
21|2.1|636136516702228100|0|49888.125|14.1540598743067|101.210496335347||||49888.125|152.5|16025||||708028|LAO446|X|X||0|7||||132|5|0|0|[]|13:51:28:125
21|2.1|636136516746222499|0|49892.5234375|14.1583943240709|101.211740880329||||49892.5234375|153|16075||||708028|LAO446|X|X||0|7||||132|5|0|0|[]|13:51:32:523
21|2.1|636136516787406617|0|49896.6484375|14.1624283664257|101.21287813695||||49896.6484375|153.25|16100||||708028|LAO446|X|X||0|7||||132|5|0|0|[]|13:51:36:648
21|2.1|636136516830930969|0|49900.9921875|14.1666769855015|101.214058308916||||49900.9921875|153.75|16150||||708028|LAO446|X|X||0|7||||132|5|0|0|[]|13:51:40:992
21|2.1|636136516872115087|0|49905.125|14.1708183162168|101.215217023209||||49905.125|154|16200||||708028|LAO446|X|X||0|7||||132|5|0|0|[]|13:51:45:125
21|2.1|636136516919229798|0|49909.8203125|14.1754746310625|101.216504483535||||49909.8203125|154.5|16250||||708028|LAO446|X|X||0|7||||132|5|0|0|[]|13:51:49:820
21|2.1|636136516971495024|0|49915.0546875|14.1806459300386|101.217963605238||||49915.0546875|155|16300||||708028|LAO446|X|X||0|7||||132|5|0|0|[]|13:51:55:055
21|2.1|636136517014239298|0|49919.3203125|14.1849374644586|101.218972115827||||49919.3203125|155.25|16325||||708028|LAO446|X|X||0|7||||132|5|0|0|[]|13:51:59:320
21|2.1|636136517054643338|0|49923.3671875|14.1889929644855|101.219551472973||||49923.3671875|155.5|16350||||708028|LAO446|X|X||0|7||||132|5|0|0|[]|13:52:03:367
21|2.1|636136517096147488|0|49927.5078125|14.193177210545|101.219701676678||||49927.5078125|156|16400||||708028|LAO446|X|X||0|7||||132|5|0|0|[]|13:52:07:508
21|2.1|636136517138411714|0|49931.75|14.1975545756534|101.219401269269||||49931.75|156.25|16425||||708028|LAO446|X|X||0|7||||132|5|0|0|[]|13:52:11:750
21|2.1|636136517187556628|0|49936.65625|14.2024898402364|101.218736081434||||49936.65625|156.75|16475||||708028|LAO446|X|X||0|7||||132|5|0|0|[]|13:52:16:656
21|2.1|636136517227970669|0|49940.703125|14.2065024249191|101.218135266615||||49940.703125|157|16500||||708028|LAO446|X|X||0|7||||132|5|0|0|[]|13:52:20:703
21|2.1|636136517271335005|0|49945.0390625|14.2109012476996|101.217384248091||||49945.0390625|157.5|16550||||708028|LAO446|X|X||0|7||||132|5|0|0|[]|13:52:25:039
21|2.1|636136517313299201|0|49949.2265625|14.2151498667754|101.21665468724||||49949.2265625|158|16625||||708028|LAO446|X|X||0|7||||132|5|0|0|[]|13:52:29:227
21|2.1|636136517358073678|0|49953.703125|14.2195272318838|101.215882211044||||49953.703125|158.25|16650||||708028|LAO446|X|X||0|7||||132|5|0|0|[]|13:52:33:703
21|2.1|636136517401918062|0|49958.0625|14.2239045969922|101.2149166158||||49958.0625|158.75|16700||||708028|LAO446|X|X||0|7||||132|5|0|0|[]|13:52:38:063
21|2.1|636136517443872257|0|49962.2890625|14.2280244700354|101.213779359178||||49962.2890625|159|16725||||708028|LAO446|X|X||0|7||||132|5|0|0|[]|13:52:42:289
21|2.1|636136517483976267|0|49966.3046875|14.2318653933413|101.212491898852||||49966.3046875|159.5|16775||||708028|LAO446|X|X||0|7||||132|5|0|0|[]|13:52:46:305
21|2.1|636136517524220291|0|49970.3203125|14.2358136050077|101.211075692494||||49970.3203125|159.75|16800||||708028|LAO446|X|X||0|7||||132|5|0|0|[]|13:52:50:320
21|2.1|636136517568994768|0|49974.8046875|14.2399763933951|101.209509282431||||49974.8046875|160|16825||||708028|LAO446|X|X||0|7||||132|5|0|0|[]|13:52:54:805
21|2.1|636136517613449213|0|49979.2421875|14.244246470143|101.207942872367||||49979.2421875|160.5|16875||||708028|LAO446|X|X||0|7||||132|5|0|0|[]|13:52:59:242
21|2.1|636136517653863254|0|49983.296875|14.2480659357768|101.206483750664||||49983.296875|160.75|16925||||708028|LAO446|X|X||0|7||||132|5|0|0|[]|13:53:03:297
21|2.1|636136517694887356|0|49987.390625|14.251971232099|101.205046086634||||49987.390625|161.25|16975||||708028|LAO446|X|X||0|7||||132|5|0|0|[]|13:53:07:391
21|2.1|636136517737631630|0|49991.671875|14.2560696474701|101.203544049587||||49991.671875|161.5|17000||||708028|LAO446|X|X||0|7||||132|5|0|0|[]|13:53:11:672
21|2.1|636136517780535920|0|49995.953125|14.2601680628412|101.202084927884||||49995.953125|162|17050||||708028|LAO446|X|X||0|7||||132|5|0|0|[]|13:53:15:953
21|2.1|636136517825780444|0|50000.4765625|14.2644595972612|101.200475602476||||50000.4765625|162.25|17075||||708028|LAO446|X|X||0|7||||132|5|0|0|[]|13:53:20:477
21|2.1|636136517866024468|0|50004.5078125|14.2682576052229|101.199102311462||||50004.5078125|162.5|17100||||708028|LAO446|X|X||0|7||||132|5|0|0|[]|13:53:24:508
21|2.1|636136517914389304|0|50009.3359375|14.2729568354128|101.197385697694||||50009.3359375|163|17150||||708028|LAO446|X|X||0|7||||132|5|0|0|[]|13:53:29:336
21|2.1|636136517954953360|0|50013.3984375|14.2767763010466|101.196033864352||||50013.3984375|163.25|17175||||708028|LAO446|X|X||0|7||||132|5|0|0|[]|13:53:33:398
21|2.1|636136517995667431|0|50017.46875|14.2807459703851|101.194596200321||||50017.46875|163.5|17200||||708028|LAO446|X|X||0|7||||132|5|0|0|[]|13:53:37:469
21|2.1|636136518039971861|0|50021.875|14.2849302164446|101.193094163274||||50021.875|164|17250||||708028|LAO446|X|X||0|7||||132|5|0|0|[]|13:53:41:875
21|2.1|636136518080225886|0|50025.9296875|14.2888569704389|101.191656499243||||50025.9296875|164.25|17275||||708028|LAO446|X|X||0|7||||132|5|0|0|[]|13:53:45:930
21|2.1|636136518124680331|0|50030.3671875|14.2930841318426|101.190133004524||||50030.3671875|164.5|17325||||708028|LAO446|X|X||0|7||||132|5|0|0|[]|13:53:50:367
21|2.1|636136518166654528|0|50034.5625|14.2970967165253|101.188673882821||||50034.5625|165|17375||||708028|LAO446|X|X||0|7||||132|5|0|0|[]|13:53:54:563
21|2.1|636136518207828645|0|50038.6875|14.3010020128475|101.187257676463||||50038.6875|165.25|17400||||708028|LAO446|X|X||0|7||||132|5|0|0|[]|13:53:58:688
21|2.1|636136518249482810|0|50042.8515625|14.3050145975302|101.185777097088||||50042.8515625|165.5|17425||||708028|LAO446|X|X||0|7||||132|5|0|0|[]|13:54:02:852
21|2.1|636136518292547116|0|50047.1484375|14.3091344705734|101.184275060041||||50047.1484375|166|17475||||708028|LAO446|X|X||0|7||||132|5|0|0|[]|13:54:07:148
21|2.1|636136518334351296|0|50051.328125|14.3131470552561|101.18283739601||||50051.328125|166.25|17500||||708028|LAO446|X|X||0|7||||132|5|0|0|[]|13:54:11:328
21|2.1|636136518374605321|0|50055.359375|14.3169450632178|101.181421189652||||50055.359375|166.5|17525||||708028|LAO446|X|X||0|7||||132|5|0|0|[]|13:54:15:359
21|2.1|636136518416889549|0|50059.59375|14.3209576479005|101.179940610277||||50059.59375|167|17575||||708028|LAO446|X|X||0|7||||132|5|0|0|[]|13:54:19:594
21|2.1|636136518460403900|0|50063.9453125|14.3251633516321|101.178395657886||||50063.9453125|167.25|17600||||708028|LAO446|X|X||0|7||||132|5|0|0|[]|13:54:23:945
21|2.1|636136518502208080|0|50068.125|14.3290471902822|101.176936536183||||50068.125|167.5|17625||||708028|LAO446|X|X||0|7||||132|5|0|0|[]|13:54:28:125
21|2.1|636136518545432402|0|50072.4453125|14.3332743516859|101.175370126119||||50072.4453125|168|17700||||708028|LAO446|X|X||0|7||||132|5|0|0|[]|13:54:32:445
21|2.1|636136518591136972|0|50077.015625|14.3375229707617|101.173760800712||||50077.015625|168.25|17700||||708028|LAO446|X|X||0|7||||132|5|0|0|[]|13:54:37:016
21|2.1|636136518631390997|0|50081.03125|14.3413853517397|101.172323136681||||50081.03125|168.5|17750||||708028|LAO446|X|X||0|7||||132|5|0|0|[]|13:54:41:031
21|2.1|636136518680215879|0|50085.921875|14.345955835897|101.170627980585||||50085.921875|169|17800||||708028|LAO446|X|X||0|7||||132|5|0|0|[]|13:54:45:922
21|2.1|636136518722180075|0|50090.1171875|14.3499255052355|101.169125943538||||50090.1171875|169.25|17825||||708028|LAO446|X|X||0|7||||132|5|0|0|[]|13:54:50:117
21|2.1|636136518762744131|0|50094.1875|14.3538308015577|101.167645364163||||50094.1875|169.5|17850||||708028|LAO446|X|X||0|7||||132|5|0|0|[]|13:54:54:188
21|2.1|636136518808138670|0|50098.6875|14.3580365052893|101.165993123412||||50098.6875|170|17900||||708028|LAO446|X|X||0|7||||132|5|0|0|[]|13:54:58:688
21|2.1|636136518852603116|0|50103.1640625|14.3623065820372|101.164383798004||||50103.1640625|170.25|17925||||708028|LAO446|X|X||0|7||||132|5|0|0|[]|13:55:03:164
21|2.1|636136518897067562|0|50107.609375|14.3664479127525|101.162774472597||||50107.609375|170.5|17950||||708028|LAO446|X|X||0|7||||132|5|0|0|[]|13:55:07:609
21|2.1|636136518937511606|0|50111.65625|14.3703102937305|101.161336808566||||50111.65625|171|18000||||708028|LAO446|X|X||0|7||||132|5|0|0|[]|13:55:11:656
21|2.1|636136518978655720|0|50115.7578125|14.3741726747085|101.159834771519||||50115.7578125|171.25|18025||||708028|LAO446|X|X||0|7||||132|5|0|0|[]|13:55:15:758
21|2.1|636136519021399994|0|50120.0390625|14.3782710900796|101.1583112768||||50120.0390625|171.5|18050||||708028|LAO446|X|X||0|7||||132|5|0|0|[]|13:55:20:039
21|2.1|636136519064144268|0|50124.3203125|14.3821978440739|101.156852155097||||50124.3203125|171.75|18100||||708028|LAO446|X|X||0|7||||132|5|0|0|[]|13:55:24:320
21|2.1|636136519105178371|0|50128.421875|14.3861031403961|101.155393033394||||50128.421875|172|18125||||708028|LAO446|X|X||0|7||||132|5|0|0|[]|13:55:28:422
21|2.1|636136519149792832|0|50132.8671875|14.3903517594719|101.153783707987||||50132.8671875|172.25|18150||||708028|LAO446|X|X||0|7||||132|5|0|0|[]|13:55:32:867
21|2.1|636136519193787231|0|50137.2734375|14.3945145478593|101.152238755596||||50137.2734375|172.5|18175||||708028|LAO446|X|X||0|7||||132|5|0|0|[]|13:55:37:273
21|2.1|636136519233891241|0|50141.2890625|14.3982910981489|101.150779633893||||50141.2890625|172.75|18200||||708028|LAO446|X|X||0|7||||132|5|0|0|[]|13:55:41:289
21|2.1|636136519275375389|0|50145.4296875|14.4021963944711|101.149341969862||||50145.4296875|173|18225||||708028|LAO446|X|X||0|7||||132|5|0|0|[]|13:55:45:430
21|2.1|636136519317969648|0|50149.6875|14.4062948098422|101.147839932815||||50149.6875|173.25|18250||||708028|LAO446|X|X||0|7||||132|5|0|0|[]|13:55:49:688
21|2.1|636136519358693720|0|50153.7734375|14.4101571908202|101.146402268784||||50153.7734375|173.5|18275||||708028|LAO446|X|X||0|7||||132|5|0|0|[]|13:55:53:773
21|2.1|636136519402838134|0|50158.1796875|14.4143414368797|101.144814401049||||50158.1796875|174|18325||||708028|LAO446|X|X||0|7||||132|5|0|0|[]|13:55:58:180
21|2.1|636136519445272377|0|50162.421875|14.4183754792345|101.143355279346||||50162.421875|174.25|18350||||708028|LAO446|X|X||0|7||||132|5|0|0|[]|13:56:02:422
21|2.1|636136519486456495|0|50166.5390625|14.422345148573|101.141896157643||||50166.5390625|174.5|18400||||708028|LAO446|X|X||0|7||||132|5|0|0|[]|13:56:06:539
21|2.1|636136519528740723|0|50170.7734375|14.4263362755836|101.140372662924||||50170.7734375|175|18450||||708028|LAO446|X|X||0|7||||132|5|0|0|[]|13:56:10:773
21|2.1|636136519570534902|0|50174.953125|14.4303059449221|101.138934998894||||50174.953125|175.25|18475||||708028|LAO446|X|X||0|7||||132|5|0|0|[]|13:56:14:953
21|2.1|636136519612979146|0|50179.203125|14.4342756142606|101.137432961847||||50179.203125|175.5|18500||||708028|LAO446|X|X||0|7||||132|5|0|0|[]|13:56:19:203
21|2.1|636136519658223670|0|50183.7265625|14.4385456910085|101.135845094111||||50183.7265625|176|18550||||708028|LAO446|X|X||0|7||||132|5|0|0|[]|13:56:23:727
21|2.1|636136519700487896|0|50187.953125|14.4426226487075|101.134364514736||||50187.953125|176.25|18575||||708028|LAO446|X|X||0|7||||132|5|0|0|[]|13:56:27:953
21|2.1|636136519744022249|0|50192.3046875|14.4466996064065|101.132841020017||||50192.3046875|176.75|18625||||708028|LAO446|X|X||0|7||||132|5|0|0|[]|13:56:32:305
21|2.1|636136519785986445|0|50196.484375|14.4506907334171|101.131381898314||||50196.484375|177|18650||||708028|LAO446|X|X||0|7||||132|5|0|0|[]|13:56:36:484
21|2.1|636136519829200766|0|50200.8046875|14.4547676911161|101.12990131894||||50200.8046875|177.25|18675||||708028|LAO446|X|X||0|7||||132|5|0|0|[]|13:56:40:805
21|2.1|636136519874755321|0|50205.375|14.4591235985524|101.128291993532||||50205.375|177.5|18725||||708028|LAO446|X|X||0|7||||132|5|0|0|[]|13:56:45:375
21|2.1|636136519914999345|0|50209.3984375|14.462900148842|101.126875787173||||50209.3984375|177.75|18750||||708028|LAO446|X|X||0|7||||132|5|0|0|[]|13:56:49:398
21|2.1|636136519958523697|0|50213.75|14.4670843949015|101.125287919438||||50213.75|178|18775||||708028|LAO446|X|X||0|7||||132|5|0|0|[]|13:56:53:750
21|2.1|636136520000017846|0|50217.8984375|14.4709467758795|101.123807340063||||50217.8984375|178.25|18800||||708028|LAO446|X|X||0|7||||132|5|0|0|[]|13:56:57:898
21|2.1|636136520041361980|0|50222.03125|14.4748520722017|101.122326760688||||50222.03125|178.5|18825||||708028|LAO446|X|X||0|7||||132|5|0|0|[]|13:57:02:031
21|2.1|636136520082076051|0|50226.109375|14.4788002838681|101.120867638985||||50226.109375|178.75|18850||||708028|LAO446|X|X||0|7||||132|5|0|0|[]|13:57:06:109
21|2.1|636136520126540497|0|50230.546875|14.4830489029439|101.119215398234||||50230.546875|179|18875||||708028|LAO446|X|X||0|7||||132|5|0|0|[]|13:57:10:547
21|2.1|636136520170224865|0|50234.921875|14.4871687759871|101.11764898817||||50234.921875|179|18875||||708028|LAO446|X|X||0|7||||132|5|0|0|[]|13:57:14:922
21|2.1|636136520210938936|0|50238.9921875|14.4911169876535|101.116189866468||||50238.9921875|179.25|18900||||708028|LAO446|X|X||0|7||||132|5|0|0|[]|13:57:18:992
21|2.1|636136520252593101|0|50243.1640625|14.4951510300083|101.114644914076||||50243.1640625|179.5|18925||||708028|LAO446|X|X||0|7||||132|5|0|0|[]|13:57:23:164
21|2.1|636136520296747516|0|50247.5703125|14.4993996490841|101.113057046341||||50247.5703125|179.75|18950||||708028|LAO446|X|X||0|7||||132|5|0|0|[]|13:57:27:570
21|2.1|636136520337621603|0|50251.6484375|14.5033049454063|101.11161938231||||50251.6484375|180|18975||||708028|LAO446|X|X||0|7||||132|5|0|0|[]|13:57:31:648
21|2.1|636136520379585799|0|50255.859375|14.5073604454332|101.110074429919||||50255.859375|180.25|19000||||708028|LAO446|X|X||0|7||||132|5|0|0|[]|13:57:35:859
21|2.1|636136520422950135|0|50260.1953125|14.5114803184764|101.108508019856||||50260.1953125|180.5|19025||||708028|LAO446|X|X||0|7||||132|5|0|0|[]|13:57:40:195
21|2.1|636136520467884628|0|50264.6953125|14.5157718528964|101.106855779104||||50264.6953125|180.5|19025||||708028|LAO446|X|X||0|7||||132|5|0|0|[]|13:57:44:695
21|2.1|636136520512189058|0|50269.125|14.5200204719722|101.105246453697||||50269.125|180.75|19050||||708028|LAO446|X|X||0|7||||132|5|0|0|[]|13:57:49:125
21|2.1|636136520553213160|0|50273.2109375|14.5239686836386|101.103765874322||||50273.2109375|181|19100||||708028|LAO446|X|X||0|7||||132|5|0|0|[]|13:57:53:211
21|2.1|636136520597207559|0|50277.6171875|14.5282173027144|101.10211363357||||50277.6171875|181.25|19125||||708028|LAO446|X|X||0|7||||132|5|0|0|[]|13:57:57:617
21|2.1|636136520638391677|0|50281.734375|14.5321655143808|101.100568681179||||50281.734375|181.25|19125||||708028|LAO446|X|X||0|7||||132|5|0|0|[]|13:58:01:734
21|2.1|636136520681926030|0|50286.0859375|14.5364141334566|101.098894982755||||50286.0859375|181.5|19150||||708028|LAO446|X|X||0|7||||132|5|0|0|[]|13:58:06:086
21|2.1|636136520723260163|0|50290.2109375|14.5404052604672|101.097371488036||||50290.2109375|181.75|19175||||708028|LAO446|X|X||0|7||||132|5|0|0|[]|13:58:10:211
21|2.1|636136520765074344|0|50294.40625|14.5444822181662|101.095762162628||||50294.40625|182|19200||||708028|LAO446|X|X||0|7||||132|5|0|0|[]|13:58:14:406
21|2.1|636136520806418478|0|50298.546875|14.5484518875047|101.094195752565||||50298.546875|182.25|19225||||708028|LAO446|X|X||0|7||||132|5|0|0|[]|13:58:18:547
21|2.1|636136520849152751|0|50302.8203125|14.5526361335642|101.092586427158||||50302.8203125|182.5|19250||||708028|LAO446|X|X||0|7||||132|5|0|0|[]|13:58:22:820
21|2.1|636136520891126948|0|50307.015625|14.5566916335911|101.09097710175||||50307.015625|182.75|19275||||708028|LAO446|X|X||0|7||||132|5|0|0|[]|13:58:27:016
21|2.1|636136520931530988|0|50311.0546875|14.5607042182738|101.089453607031||||50311.0546875|183|19300||||708028|LAO446|X|X||0|7||||132|5|0|0|[]|13:58:31:055
21|2.1|636136520975525387|0|50315.4609375|14.5649313796775|101.087801366279||||50315.4609375|183.25|19325||||708028|LAO446|X|X||0|7||||132|5|0|0|[]|13:58:35:461
21|2.1|636136521018269661|0|50319.7265625|14.5690297950486|101.086213498544||||50319.7265625|183.5|19350||||708028|LAO446|X|X||0|7||||132|5|0|0|[]|13:58:39:727
21|2.1|636136521060233857|0|50323.921875|14.5731282104197|101.084625630809||||50323.921875|183.75|19375||||708028|LAO446|X|X||0|7||||132|5|0|0|[]|13:58:43:922
21|2.1|636136521103758209|0|50328.265625|14.5774412025118|101.082930474713||||50328.265625|184|19400||||708028|LAO446|X|X||0|7||||132|5|0|0|[]|13:58:48:266
21|2.1|636136521146982531|0|50332.6015625|14.5816469062434|101.081278233961||||50332.6015625|184.25|19425||||708028|LAO446|X|X||0|7||||132|5|0|0|[]|13:58:52:602
21|2.1|636136521190036836|0|50336.890625|14.585852609975|101.079668908553||||50336.890625|184.5|19475||||708028|LAO446|X|X||0|7||||132|5|0|0|[]|13:58:56:891
21|2.1|636136521232311063|0|50341.1171875|14.589929567674|101.078081040818||||50341.1171875|184.5|19475||||708028|LAO446|X|X||0|7||||132|5|0|0|[]|13:59:01:117
21|2.1|636136521273175149|0|50345.2109375|14.5939421523567|101.076493173083||||50345.2109375|184.75|19500||||708028|LAO446|X|X||0|7||||132|5|0|0|[]|13:59:05:211
21|2.1|636136521313279159|0|50349.21875|14.5978474486789|101.074991136036||||50349.21875|185|19525||||708028|LAO446|X|X||0|7||||132|5|0|0|[]|13:59:09:219
21|2.1|636136521360543885|0|50353.953125|14.6024608481804|101.073167233907||||50353.953125|185.25|19550||||708028|LAO446|X|X||0|7||||132|5|0|0|[]|13:59:13:953
21|2.1|636136521401417972|0|50358.03125|14.606451975191|101.071622281516||||50358.03125|185.5|19575||||708028|LAO446|X|X||0|7||||132|5|0|0|[]|13:59:18:031
21|2.1|636136521443222152|0|50362.2109375|14.6105718482342|101.070012956108||||50362.2109375|185.75|19600||||708028|LAO446|X|X||0|7||||132|5|0|0|[]|13:59:22:211
21|2.1|636136521483636193|0|50366.265625|14.614605890589|101.068446546045||||50366.265625|186|19625||||708028|LAO446|X|X||0|7||||132|5|0|0|[]|13:59:26:266
21|2.1|636136521524500279|0|50370.3515625|14.6184897292391|101.066880135982||||50370.3515625|186.25|19650||||708028|LAO446|X|X||0|7||||132|5|0|0|[]|13:59:30:352
21|2.1|636136521567094538|0|50374.6171875|14.6227168906428|101.065270810574||||50374.6171875|186.5|19675||||708028|LAO446|X|X||0|7||||132|5|0|0|[]|13:59:34:617
21|2.1|636136521610628891|0|50378.9609375|14.6269869673907|101.063575654478||||50378.9609375|186.75|19700||||708028|LAO446|X|X||0|7||||132|5|0|0|[]|13:59:38:961
21|2.1|636136521652893117|0|50383.1875|14.6310853827618|101.061987786743||||50383.1875|187|19750||||708028|LAO446|X|X||0|7||||132|5|0|0|[]|13:59:43:188
21|2.1|636136521696427470|0|50387.546875|14.6352696288213|101.060335545991||||50387.546875|187.25|19775||||708028|LAO446|X|X||0|7||||132|5|0|0|[]|13:59:47:547
21|2.1|636136521740421869|0|50391.9375|14.6395611632413|101.058704762912||||50391.9375|187.5|19800||||708028|LAO446|X|X||0|7||||132|5|0|0|[]|13:59:51:938
21|2.1|636136521780825909|0|50395.984375|14.6435308325798|101.057116895176||||50395.984375|187.75|19825||||708028|LAO446|X|X||0|7||||132|5|0|0|[]|13:59:55:984
21|2.1|636136521821850011|0|50400.078125|14.6475219595904|101.055550485113||||50400.078125|188|19850||||708028|LAO446|X|X||0|7||||132|5|0|0|[]|14:00:00:078
21|2.1|636136521866014427|0|50404.5|14.6518349516825|101.053898244361||||50404.5|188.25|19875||||708028|LAO446|X|X||0|7||||132|5|0|0|[]|14:00:04:500
21|2.1|636136521906718497|0|50408.5703125|14.655804621021|101.052331834298||||50408.5703125|188.5|19900||||708028|LAO446|X|X||0|7||||132|5|0|0|[]|14:00:08:570
21|2.1|636136521950552880|0|50412.9609375|14.6599674094084|101.050722508891||||50412.9609375|188.75|19925||||708028|LAO446|X|X||0|7||||132|5|0|0|[]|14:00:12:961
21|2.1|636136521995647389|0|50417.46875|14.6644306052052|101.049027352795||||50417.46875|189.25|19975||||708028|LAO446|X|X||0|7||||132|5|0|0|[]|14:00:17:469
21|2.1|636136522039321756|0|50421.8359375|14.6686148512647|101.047375112043||||50421.8359375|189.5|20000||||708028|LAO446|X|X||0|7||||132|5|0|0|[]|14:00:21:836
21|2.1|636136522085036327|0|50426.3984375|14.6730565893894|101.045658498275||||50426.3984375|189.75|20025||||708028|LAO446|X|X||0|7||||132|5|0|0|[]|14:00:26:398
21|2.1|636136522127930616|0|50430.6875|14.6772408354489|101.044049172867||||50430.6875|190|20050||||708028|LAO446|X|X||0|7||||132|5|0|0|[]|14:00:30:688
21|2.1|636136522169594782|0|50434.859375|14.6812105047874|101.04254713582||||50434.859375|190|20050||||708028|LAO446|X|X||0|7||||132|5|0|0|[]|14:00:34:859
21|2.1|636136522209678790|0|50438.859375|14.6851587164538|101.041259675494||||50438.859375|190|20050||||708028|LAO446|X|X||0|7||||132|5|0|0|[]|14:00:38:859
21|2.1|636136522253833205|0|50443.2734375|14.6898364889716|101.040530114643||||50443.2734375|190|20050||||708028|LAO446|X|X||0|7||||132|5|0|0|[]|14:00:43:273
21|2.1|636136522297507572|0|50447.640625|14.6942996847684|101.040723233692||||50447.640625|190|20050||||708028|LAO446|X|X||0|7||||132|5|0|0|[]|14:00:47:641
21|2.1|636136522338861707|0|50451.78125|14.6986341345326|101.041645913592||||50451.78125|190|20050||||708028|LAO446|X|X||0|7||||132|5|0|0|[]|14:00:51:781
21|2.1|636136522382846105|0|50456.1796875|14.703011499641|101.043298154344||||50456.1796875|190|20075||||708028|LAO446|X|X||0|7||||132|5|0|0|[]|14:00:56:180
21|2.1|636136522426370457|0|50460.53125|14.7072172033726|101.04499331044||||50460.53125|190|20075||||708028|LAO446|X|X||0|7||||132|5|0|0|[]|14:01:00:531
21|2.1|636136522468024622|0|50464.703125|14.71137999176|101.046709924208||||50464.703125|190|20075||||708028|LAO446|X|X||0|7||||132|5|0|0|[]|14:01:04:703
21|2.1|636136522511558975|0|50469.0546875|14.7156286108358|101.048533826336||||50469.0546875|190|20075||||708028|LAO446|X|X||0|7||||132|5|0|0|[]|14:01:09:055
21|2.1|636136522551652984|0|50473.0625|14.7195768225022|101.050228982432||||50473.0625|190|20075||||708028|LAO446|X|X||0|7||||132|5|0|0|[]|14:01:13:063
21|2.1|636136522592827101|0|50477.1875|14.7237825262338|101.052052884561||||50477.1875|190|20075||||708028|LAO446|X|X||0|7||||132|5|0|0|[]|14:01:17:188
21|2.1|636136522633081126|0|50481.203125|14.7277736532444|101.053833871345||||50481.203125|190|20075||||708028|LAO446|X|X||0|7||||132|5|0|0|[]|14:01:21:203
21|2.1|636136522675515369|0|50485.453125|14.7319578993039|101.055657773474||||50485.453125|190|20075||||708028|LAO446|X|X||0|7||||132|5|0|0|[]|14:01:25:453
21|2.1|636136522717789596|0|50489.671875|14.7362494337239|101.057588963963||||50489.671875|190|20075||||708028|LAO446|X|X||0|7||||132|5|0|0|[]|14:01:29:672
21|2.1|636136522758663683|0|50493.7578125|14.7403049337508|101.059369950747||||50493.7578125|189.75|20050||||708028|LAO446|X|X||0|7||||132|5|0|0|[]|14:01:33:758
21|2.1|636136522798917708|0|50497.7890625|14.7444462644661|101.061215310547||||50497.7890625|189.75|20050||||708028|LAO446|X|X||0|7||||132|5|0|0|[]|14:01:37:789
21|2.1|636136522842132029|0|50502.109375|14.7488236295745|101.063189416381||||50502.109375|189.75|20050||||708028|LAO446|X|X||0|7||||132|5|0|0|[]|14:01:42:109
21|2.1|636136522883936209|0|50506.296875|14.7530722486503|101.065077691525||||50506.296875|189.75|20050||||708028|LAO446|X|X||0|7||||132|5|0|0|[]|14:01:46:297
21|2.1|636136522925430358|0|50510.4453125|14.757299410054|101.06696596667||||50510.4453125|189.75|20050||||708028|LAO446|X|X||0|7||||132|5|0|0|[]|14:01:50:445
21|2.1|636136522965994414|0|50514.5|14.7615051137856|101.068811326471||||50514.5|189.75|20050||||708028|LAO446|X|X||0|7||||132|5|0|0|[]|14:01:54:500
21|2.1|636136523009678782|0|50518.8671875|14.7659039365661|101.070806889976||||50518.8671875|189.75|20050||||708028|LAO446|X|X||0|7||||132|5|0|0|[]|14:01:58:867
21|2.1|636136523054453259|0|50523.3359375|14.7705602514118|101.072866826498||||50523.3359375|189.75|20050||||708028|LAO446|X|X||0|7||||132|5|0|0|[]|14:02:03:336
21|2.1|636136523094697283|0|50527.3671875|14.7747015821271|101.074755101643||||50527.3671875|189.75|20050||||708028|LAO446|X|X||0|7||||132|5|0|0|[]|14:02:07:367
21|2.1|636136523135571370|0|50531.453125|14.7789287435308|101.076621919115||||50531.453125|189.75|20050||||708028|LAO446|X|X||0|7||||132|5|0|0|[]|14:02:11:453
21|2.1|636136523180035816|0|50535.890625|14.7835850583765|101.078703313309||||50535.890625|189.75|20050||||708028|LAO446|X|X||0|7||||132|5|0|0|[]|14:02:15:891
21|2.1|636136523224030215|0|50540.296875|14.7881555425338|101.080763249831||||50540.296875|189.75|20050||||708028|LAO446|X|X||0|7||||132|5|0|0|[]|14:02:20:297
21|2.1|636136523264744286|0|50544.3671875|14.7923183309212|101.082608609631||||50544.3671875|189.75|20050||||708028|LAO446|X|X||0|7||||132|5|0|0|[]|14:02:24:367
21|2.1|636136523306708482|0|50548.5625|14.7967171537017|101.084582715464||||50548.5625|189.75|20050||||708028|LAO446|X|X||0|7||||132|5|0|0|[]|14:02:28:563
21|2.1|636136523348362647|0|50552.71875|14.8010945188101|101.086535363625||||50552.71875|189.75|20050||||708028|LAO446|X|X||0|7||||132|5|0|0|[]|14:02:32:719
21|2.1|636136523389866797|0|50556.875|14.8054075109022|101.08842363877||||50556.875|189.75|20050||||708028|LAO446|X|X||0|7||||132|5|0|0|[]|14:02:36:875
21|2.1|636136523432451055|0|50561.1328125|14.8099350797153|101.09046211762||||50561.1328125|189.75|20050||||708028|LAO446|X|X||0|7||||132|5|0|0|[]|14:02:41:133
21|2.1|636136523472855095|0|50565.1796875|14.8142695294795|101.092436223453||||50565.1796875|189.75|20050||||708028|LAO446|X|X||0|7||||132|5|0|0|[]|14:02:45:180
21|2.1|636136523514359245|0|50569.3203125|14.8186468945879|101.094367413942||||50569.3203125|189.75|20050||||708028|LAO446|X|X||0|7||||132|5|0|0|[]|14:02:49:320
21|2.1|636136523556633472|0|50573.5625|14.8230671750405|101.096341519775||||50573.5625|189.75|20050||||708028|LAO446|X|X||0|7||||132|5|0|0|[]|14:02:53:563
21|2.1|636136523600157824|0|50577.90625|14.8277664052304|101.098401456297||||50577.90625|189.75|20050||||708028|LAO446|X|X||0|7||||132|5|0|0|[]|14:02:57:906
21|2.1|636136523642122020|0|50582.1015625|14.8322296010272|101.100439935146||||50582.1015625|189.75|20050||||708028|LAO446|X|X||0|7||||132|5|0|0|[]|14:03:02:102
21|2.1|636136523684706278|0|50586.3671875|14.8366713391519|101.102414040979||||50586.3671875|189.75|20050||||708028|LAO446|X|X||0|7||||132|5|0|0|[]|14:03:06:367
21|2.1|636136523725740381|0|50590.46875|14.8410701619324|101.104345231468||||50590.46875|189.75|20050||||708028|LAO446|X|X||0|7||||132|5|0|0|[]|14:03:10:469
21|2.1|636136523765834390|0|50594.484375|14.8454046116966|101.106319337302||||50594.484375|189.75|20050||||708028|LAO446|X|X||0|7||||132|5|0|0|[]|14:03:14:484
21|2.1|636136523809358742|0|50598.8359375|14.8499536381818|101.108336358479||||50598.8359375|189.75|20050||||708028|LAO446|X|X||0|7||||132|5|0|0|[]|14:03:18:836
21|2.1|636136523850862892|0|50602.984375|14.8544382916507|101.110310464312||||50602.984375|189.75|20050||||708028|LAO446|X|X||0|7||||132|5|0|0|[]|14:03:22:984
21|2.1|636136523892197025|0|50607.1171875|14.8587727414149|101.112284570145||||50607.1171875|189.75|20050||||708028|LAO446|X|X||0|7||||132|5|0|0|[]|14:03:27:117
21|2.1|636136523933081113|0|50611.1953125|14.8631501065233|101.114194302962||||50611.1953125|189.75|20050||||708028|LAO446|X|X||0|7||||132|5|0|0|[]|14:03:31:195
21|2.1|636136523981745979|0|50616.0703125|14.8682570324831|101.116468816205||||50616.0703125|189.75|20050||||708028|LAO446|X|X||0|7||||132|5|0|0|[]|14:03:36:070
21|2.1|636136524026360440|0|50620.53125|14.8730635510335|101.118593125743||||50620.53125|189.75|20050||||708028|LAO446|X|X||0|7||||132|5|0|0|[]|14:03:40:531
21|2.1|636136524067404544|0|50624.640625|14.8774194584698|101.120567231576||||50624.640625|189.75|20050||||708028|LAO446|X|X||0|7||||132|5|0|0|[]|14:03:44:641
21|2.1|636136524108268630|0|50628.7265625|14.8817968235782|101.122498422065||||50628.7265625|189.75|20050||||708028|LAO446|X|X||0|7||||132|5|0|0|[]|14:03:48:727
21|2.1|636136524151952998|0|50633.09375|14.886474596096|101.124579816259||||50633.09375|189.75|20050||||708028|LAO446|X|X||0|7||||132|5|0|0|[]|14:03:53:094
21|2.1|636136524198747677|0|50637.7734375|14.891409860679|101.126789956485||||50637.7734375|189.75|20050||||708028|LAO446|X|X||0|7||||132|5|0|0|[]|14:03:57:773
21|2.1|636136524239781780|0|50641.8671875|14.8957872257874|101.128764062318||||50641.8671875|189.75|20050||||708028|LAO446|X|X||0|7||||132|5|0|0|[]|14:04:01:867
21|2.1|636136524284236225|0|50646.3203125|14.9005722866657|101.130888371856||||50646.3203125|189.75|20050||||708028|LAO446|X|X||0|7||||132|5|0|0|[]|14:04:06:320
21|2.1|636136524332601061|0|50651.1484375|14.9057006702976|101.133162885099||||50651.1484375|189.75|20050||||708028|LAO446|X|X||0|7||||132|5|0|0|[]|14:04:11:148
21|2.1|636136524378465647|0|50655.734375|14.9106359348806|101.135373025325||||50655.734375|190|20075||||708028|LAO446|X|X||0|7||||132|5|0|0|[]|14:04:15:734
21|2.1|636136524419189719|0|50659.8125|14.915013299989|101.137347131158||||50659.8125|189.75|20050||||708028|LAO446|X|X||0|7||||132|5|0|0|[]|14:04:19:813
21|2.1|636136524463644164|0|50664.25|14.9197125301789|101.13940706768||||50664.25|189.75|20050||||708028|LAO446|X|X||0|7||||132|5|0|0|[]|14:04:24:250
21|2.1|636136524503588158|0|50668.25|14.9239611492547|101.141295342825||||50668.25|190|20075||||708028|LAO446|X|X||0|7||||132|5|0|0|[]|14:04:28:250
21|2.1|636136524548982697|0|50672.734375|14.9287676678051|101.143462567707||||50672.734375|190|20075||||708028|LAO446|X|X||0|7||||132|5|0|0|[]|14:04:32:734
21|2.1|636136524590326831|0|50676.921875|14.9333166942903|101.145479588884||||50676.921875|190|20075||||708028|LAO446|X|X||0|7||||132|5|0|0|[]|14:04:36:922
21|2.1|636136524631970995|0|50681.0859375|14.9376726017266|101.147389321701||||50681.0859375|189.75|20050||||708028|LAO446|X|X||0|7||||132|5|0|0|[]|14:04:41:086
21|2.1|636136524673475145|0|50685.234375|14.9422001705397|101.149406342878||||50685.234375|189.75|20050||||708028|LAO446|X|X||0|7||||132|5|0|0|[]|14:04:45:234
21|2.1|636136524716059403|0|50689.4921875|14.9468135700412|101.1514662794||||50689.4921875|189.75|20050||||708028|LAO446|X|X||0|7||||132|5|0|0|[]|14:04:49:492
21|2.1|636136524756463443|0|50693.546875|14.9510836467891|101.153376012217||||50693.546875|189.75|20050||||708028|LAO446|X|X||0|7||||132|5|0|0|[]|14:04:53:547
21|2.1|636136524797967593|0|50697.6875|14.9554610118975|101.15535011805||||50697.6875|189.75|20050||||708028|LAO446|X|X||0|7||||132|5|0|0|[]|14:04:57:688
21|2.1|636136524840401836|0|50701.9296875|14.960074411399|101.1573885969||||50701.9296875|189.75|20050||||708028|LAO446|X|X||0|7||||132|5|0|0|[]|14:05:01:930
21|2.1|636136524889386734|0|50706.8359375|14.9653529987356|101.159748940831||||50706.8359375|189.75|20050||||708028|LAO446|X|X||0|7||||132|5|0|0|[]|14:05:06:836
21|2.1|636136524929790774|0|50710.875|14.9696016178114|101.161637215975||||50710.875|189.75|20050||||708028|LAO446|X|X||0|7||||132|5|0|0|[]|14:05:10:875
21|2.1|636136524973155110|0|50715.21875|14.9743223056734|101.163718610169||||50715.21875|189.75|20050||||708028|LAO446|X|X||0|7||||132|5|0|0|[]|14:05:15:219
21|2.1|636136525015119306|0|50719.40625|14.9788284168144|101.165735631347||||50719.40625|189.75|20050||||708028|LAO446|X|X||0|7||||132|5|0|0|[]|14:05:19:406
21|2.1|636136525064734267|0|50724.359375|14.9840640888068|101.168074517605||||50724.359375|189.75|20050||||708028|LAO446|X|X||0|7||||132|5|0|0|[]|14:05:24:359
21|2.1|636136525108568650|0|50728.75|14.9887847766688|101.170198827143||||50728.75|189.75|20050||||708028|LAO446|X|X||0|7||||132|5|0|0|[]|14:05:28:750
21|2.1|636136525151312924|0|50733|14.9933552608261|101.172258763665||||50733|189.75|20050||||708028|LAO446|X|X||0|7||||132|5|0|0|[]|14:05:33:000
21|2.1|636136525195467339|0|50737.453125|14.9980974063602|101.174361615531||||50737.453125|189.75|20050||||708028|LAO446|X|X||0|7||||132|5|0|0|[]|14:05:37:453
21|2.1|636136525237591551|0|50741.640625|15.0025820598291|101.176378636708||||50741.640625|189.75|20050||||708028|LAO446|X|X||0|7||||132|5|0|0|[]|14:05:41:641
21|2.1|636136525280485840|0|50745.9296875|15.0072383746748|101.178395657886||||50745.9296875|189.75|20050||||708028|LAO446|X|X||0|7||||132|5|0|0|[]|14:05:45:930
21|2.1|636136525325890380|0|50750.484375|15.0120448932252|101.180562882768||||50750.484375|189.75|20050||||708028|LAO446|X|X||0|7||||132|5|0|0|[]|14:05:50:484
21|2.1|636136525366294420|0|50754.515625|15.0164437160057|101.182536988601||||50754.515625|189.75|20050||||708028|LAO446|X|X||0|7||||132|5|0|0|[]|14:05:54:516
21|2.1|636136525409508741|0|50758.8359375|15.0210571155072|101.184554009778||||50758.8359375|189.75|20050||||708028|LAO446|X|X||0|7||||132|5|0|0|[]|14:05:58:836
21|2.1|636136525451312921|0|50763.0234375|15.0255632266482|101.186592488628||||50763.0234375|189.75|20050||||708028|LAO446|X|X||0|7||||132|5|0|0|[]|14:06:03:023
21|2.1|636136525492817071|0|50767.171875|15.0299405917566|101.188545136789||||50767.171875|189.75|20050||||708028|LAO446|X|X||0|7||||132|5|0|0|[]|14:06:07:172
21|2.1|636136525533381127|0|50771.2265625|15.0343608722092|101.19049778495||||50771.2265625|189.75|20050||||708028|LAO446|X|X||0|7||||132|5|0|0|[]|14:06:11:227
21|2.1|636136525577055494|0|50775.59375|15.0390171870549|101.192557721472||||50775.59375|189.75|20050||||708028|LAO446|X|X||0|7||||132|5|0|0|[]|14:06:15:594
21|2.1|636136525621669955|0|50780.0625|15.0438451632774|101.194724946354||||50780.0625|189.75|20050||||708028|LAO446|X|X||0|7||||132|5|0|0|[]|14:06:20:063
21|2.1|636136525662083996|0|50784.09375|15.0481581553695|101.196656136843||||50784.09375|189.75|20050||||708028|LAO446|X|X||0|7||||132|5|0|0|[]|14:06:24:094
21|2.1|636136525702808068|0|50788.171875|15.0525998934942|101.198630242676||||50788.171875|189.75|20050||||708028|LAO446|X|X||0|7||||132|5|0|0|[]|14:06:28:172
21|2.1|636136525751782965|0|50793.078125|15.0578784808308|101.201012044279||||50793.078125|189.75|20050||||708028|LAO446|X|X||0|7||||132|5|0|0|[]|14:06:33:078
21|2.1|636136525797177504|0|50797.609375|15.0628137454138|101.203200726833||||50797.609375|189.75|20050||||708028|LAO446|X|X||0|7||||132|5|0|0|[]|14:06:37:609
21|2.1|636136525840701856|0|50801.96875|15.0674700602595|101.205282121027||||50801.96875|189.75|20050||||708028|LAO446|X|X||0|7||||132|5|0|0|[]|14:06:41:969
21|2.1|636136525885006286|0|50806.3984375|15.0722336634657|101.207406430565||||50806.3984375|189.75|20050||||708028|LAO446|X|X||0|7||||132|5|0|0|[]|14:06:46:398
21|2.1|636136525925100295|0|50810.3984375|15.0765466555578|101.209337621054||||50810.3984375|189.75|20050||||708028|LAO446|X|X||0|7||||132|5|0|0|[]|14:06:50:398
21|2.1|636136525968624647|0|50814.7578125|15.0813531741082|101.211461930592||||50814.7578125|189.75|20050||||708028|LAO446|X|X||0|7||||132|5|0|0|[]|14:06:54:758
21|2.1|636136526009808765|0|50818.8671875|15.0857949122329|101.213436036425||||50818.8671875|189.75|20050||||708028|LAO446|X|X||0|7||||132|5|0|0|[]|14:06:58:867
21|2.1|636136526050222806|0|50822.921875|15.0902366503576|101.21543159993||||50822.921875|190|20075||||708028|LAO446|X|X||0|7||||132|5|0|0|[]|14:07:02:922
21|2.1|636136526091716955|0|50827.0703125|15.0946569308102|101.217384248091||||50827.0703125|190|20075||||708028|LAO446|X|X||0|7||||132|5|0|0|[]|14:07:07:070
21|2.1|636136526137741557|0|50831.671875|15.0996351107374|101.219594388318||||50831.671875|190|20075||||708028|LAO446|X|X||0|7||||132|5|0|0|[]|14:07:11:672
21|2.1|636136526178925675|0|50835.78125|15.10405539119|101.221611409495||||50835.78125|190|20075||||708028|LAO446|X|X||0|7||||132|5|0|0|[]|14:07:15:781
21|2.1|636136526219019684|0|50839.7890625|15.1084327562984|101.223521142312||||50839.7890625|190|20075||||708028|LAO446|X|X||0|7||||132|5|0|0|[]|14:07:19:789
21|2.1|636136526266284410|0|50844.5234375|15.1136255129466|101.225860028571||||50844.5234375|189.75|20050||||708028|LAO446|X|X||0|7||||132|5|0|0|[]|14:07:24:523
21|2.1|636136526309038685|0|50848.796875|15.1181959971039|101.227877049748||||50848.796875|189.75|20050||||708028|LAO446|X|X||0|7||||132|5|0|0|[]|14:07:28:797
21|2.1|636136526354113192|0|50853.2890625|15.1231098040148|101.230087189974||||50853.2890625|189.75|20050||||708028|LAO446|X|X||0|7||||132|5|0|0|[]|14:07:33:289
21|2.1|636136526397017482|0|50857.5859375|15.1278090342047|101.23219004184||||50857.5859375|189.75|20050||||708028|LAO446|X|X||0|7||||132|5|0|0|[]|14:07:37:586
21|2.1|636136526438831663|0|50861.765625|15.1324009760341|101.234249978362||||50861.765625|189.75|20050||||708028|LAO446|X|X||0|7||||132|5|0|0|[]|14:07:41:766
21|2.1|636136526479235703|0|50865.8125|15.1368427141588|101.236224084195||||50865.8125|189.75|20050||||708028|LAO446|X|X||0|7||||132|5|0|0|[]|14:07:45:813
21|2.1|636136526526500429|0|50870.546875|15.1419496401186|101.238541512782||||50870.546875|189.75|20050||||708028|LAO446|X|X||0|7||||132|5|0|0|[]|14:07:50:547
21|2.1|636136526568784657|0|50874.765625|15.1465201242759|101.240558533959||||50874.765625|189.75|20050||||708028|LAO446|X|X||0|7||||132|5|0|0|[]|14:07:54:766
21|2.1|636136526609498728|0|50878.84375|15.1510262354169|101.242575555137||||50878.84375|189.75|20050||||708028|LAO446|X|X||0|7||||132|5|0|0|[]|14:07:58:844
21|2.1|636136526649902768|0|50882.875|15.1553606851811|101.244506745626||||50882.875|189.75|20050||||708028|LAO446|X|X||0|7||||132|5|0|0|[]|14:08:02:875
21|2.1|636136526693117089|0|50887.1953125|15.160059915371|101.246609597491||||50887.1953125|189.75|20050||||708028|LAO446|X|X||0|7||||132|5|0|0|[]|14:08:07:195
21|2.1|636136526734931270|0|50891.3828125|15.1646303995283|101.248626618669||||50891.3828125|189.75|20050||||708028|LAO446|X|X||0|7||||132|5|0|0|[]|14:08:11:383
21|2.1|636136526776435420|0|50895.5390625|15.1691794260135|101.25068655519||||50895.5390625|189.75|20050||||708028|LAO446|X|X||0|7||||132|5|0|0|[]|14:08:15:539
21|2.1|636136526816989475|0|50899.5859375|15.1735138757777|101.252639203352||||50899.5859375|189.75|20050||||708028|LAO446|X|X||0|7||||132|5|0|0|[]|14:08:19:586
21|2.1|636136526865034279|0|50904.3984375|15.1787066324259|101.254956631938||||50904.3984375|189.75|20050||||708028|LAO446|X|X||0|7||||132|5|0|0|[]|14:08:24:398
21|2.1|636136526905438319|0|50908.4296875|15.1831483705506|101.256930737772||||50908.4296875|189.75|20050||||708028|LAO446|X|X||0|7||||132|5|0|0|[]|14:08:28:430
21|2.1|636136526945692344|0|50912.4609375|15.1875042779869|101.258861928261||||50912.4609375|189.75|20050||||708028|LAO446|X|X||0|7||||132|5|0|0|[]|14:08:32:461
21|2.1|636136526986406415|0|50916.5390625|15.1919460161116|101.26090040711||||50916.5390625|189.75|20050||||708028|LAO446|X|X||0|7||||132|5|0|0|[]|14:08:36:539
21|2.1|636136527030880862|0|50920.9765625|15.196752534662|101.263003258976||||50920.9765625|189.75|20050||||708028|LAO446|X|X||0|7||||132|5|0|0|[]|14:08:40:977
21|2.1|636136527075015275|0|50925.390625|15.2014946801961|101.265149026186||||50925.390625|189.75|20050||||708028|LAO446|X|X||0|7||||132|5|0|0|[]|14:08:45:391
21|2.1|636136527115739347|0|50929.4609375|15.2059578759929|101.267123132019||||50929.4609375|189.75|20050||||708028|LAO446|X|X||0|7||||132|5|0|0|[]|14:08:49:461
21|2.1|636136527157543527|0|50933.6484375|15.210485444806|101.269183068541||||50933.6484375|189.75|20050||||708028|LAO446|X|X||0|7||||132|5|0|0|[]|14:08:53:648
21|2.1|636136527199197692|0|50937.8125|15.2149486406028|101.271135716702||||50937.8125|189.75|20050||||708028|LAO446|X|X||0|7||||132|5|0|0|[]|14:08:57:813
21|2.1|636136527246462418|0|50942.53125|15.220141397251|101.273474602961||||50942.53125|189.75|20050||||708028|LAO446|X|X||0|7||||132|5|0|0|[]|14:09:02:531
21|2.1|636136527287806552|0|50946.671875|15.2245831353757|101.275448708794||||50946.671875|190|20075||||708028|LAO446|X|X||0|7||||132|5|0|0|[]|14:09:06:672
21|2.1|636136527329620733|0|50950.84375|15.229153619533|101.277508645315||||50950.84375|189.75|20050||||708028|LAO446|X|X||0|7||||132|5|0|0|[]|14:09:10:844
21|2.1|636136527369714742|0|50954.8515625|15.2335095269693|101.279439835804||||50954.8515625|189.75|20050||||708028|LAO446|X|X||0|7||||132|5|0|0|[]|14:09:14:852
21|2.1|636136527412148985|0|50959.09375|15.2380800111266|101.281478314654||||50959.09375|189.75|20050||||708028|LAO446|X|X||0|7||||132|5|0|0|[]|14:09:19:094
21|2.1|636136527456763446|0|50963.5625|15.2429723603654|101.28368845488||||50963.5625|189.75|20050||||708028|LAO446|X|X||0|7||||132|5|0|0|[]|14:09:23:563
21|2.1|636136527497177487|0|50967.6015625|15.2473497254738|101.285662560713||||50967.6015625|189.75|20050||||708028|LAO446|X|X||0|7||||132|5|0|0|[]|14:09:27:602
21|2.1|636136527549902759|0|50972.8828125|15.2531003815966|101.288216023693||||50972.8828125|189.75|20050||||708028|LAO446|X|X||0|7||||132|5|0|0|[]|14:09:32:883
21|2.1|636136527592647033|0|50977.15625|15.2577781541144|101.290275960215||||50977.15625|190|20075||||708028|LAO446|X|X||0|7||||132|5|0|0|[]|14:09:37:156
21|2.1|636136527637731541|0|50981.65625|15.2626705033532|101.292464642769||||50981.65625|189.75|20050||||708028|LAO446|X|X||0|7||||132|5|0|0|[]|14:09:41:656
21|2.1|636136527691396907|0|50987.0234375|15.2685284478365|101.29512539411||||50987.0234375|189.75|20050||||708028|LAO446|X|X||0|7||||132|5|0|0|[]|14:09:47:023
21|2.1|636136527762844051|0|50994.1796875|15.2762532097925|101.298580079318||||50994.1796875|189.75|20050||||708028|LAO446|X|X||0|7||||132|5|0|0|[]|14:09:54:180
21|2.1|636136527804818248|0|50998.3671875|15.2808451516219|101.300597100495||||50998.3671875|189.75|20050||||708028|LAO446|X|X||0|7||||132|5|0|0|[]|14:09:58:367
21|2.1|636136527847712537|0|51002.65625|15.2855014664676|101.302657037017||||51002.65625|189.75|20050||||708028|LAO446|X|X||0|7||||132|5|0|0|[]|14:10:02:656
21|2.1|636136527893267092|0|51007.2109375|15.2904152733785|101.304888634915||||51007.2109375|189.75|20050||||708028|LAO446|X|X||0|7||||132|5|0|0|[]|14:10:07:211
21|2.1|636136527933511116|0|51011.234375|15.2948355538311|101.306841283076||||51011.234375|189.75|20050||||708028|LAO446|X|X||0|7||||132|5|0|0|[]|14:10:11:234
21|2.1|636136527980625827|0|51015.9609375|15.299963937463|101.309115796319||||51015.9609375|189.75|20050||||708028|LAO446|X|X||0|7||||132|5|0|0|[]|14:10:15:961
21|2.1|636136528024310195|0|51020.328125|15.3047275406692|101.311283021201||||51020.328125|189.75|20050||||708028|LAO446|X|X||0|7||||132|5|0|0|[]|14:10:20:328
21|2.1|636136528065334297|0|51024.421875|15.3090405327613|101.31321421169||||51024.421875|189.75|20050||||708028|LAO446|X|X||0|7||||132|5|0|0|[]|14:10:24:422
21|2.1|636136528109958759|0|51028.8828125|15.3139328820001|101.315381436572||||51028.8828125|189.75|20050||||708028|LAO446|X|X||0|7||||132|5|0|0|[]|14:10:28:883
21|2.1|636136528158633626|0|51033.75|15.3192329270088|101.317784695847||||51033.75|189.75|20050||||708028|LAO446|X|X||0|7||||132|5|0|0|[]|14:10:33:750
21|2.1|636136528199037666|0|51037.8046875|15.3235459191009|101.319694428664||||51037.8046875|189.75|20050||||708028|LAO446|X|X||0|7||||132|5|0|0|[]|14:10:37:805
21|2.1|636136528240061768|0|51041.890625|15.3280305725698|101.321711449841||||51041.890625|189.75|20050||||708028|LAO446|X|X||0|7||||132|5|0|0|[]|14:10:41:891
21|2.1|636136528284216183|0|51046.3125|15.332794175776|101.323814301707||||51046.3125|189.75|20050||||708028|LAO446|X|X||0|7||||132|5|0|0|[]|14:10:46:313
21|2.1|636136528324930254|0|51050.3828125|15.3372359139007|101.325852780557||||51050.3828125|189.75|20050||||708028|LAO446|X|X||0|7||||132|5|0|0|[]|14:10:50:383
21|2.1|636136528368934654|0|51054.7734375|15.3419566017627|101.327955632423||||51054.7734375|189.75|20050||||708028|LAO446|X|X||0|7||||132|5|0|0|[]|14:10:54:773
21|2.1|636136528414009161|0|51059.28125|15.3468274933294|101.330144314977||||51059.28125|189.75|20050||||708028|LAO446|X|X||0|7||||132|5|0|0|[]|14:10:59:281
21|2.1|636136528467054465|0|51064.5859375|15.3525781494522|101.332676320285||||51064.5859375|189.75|20050||||708028|LAO446|X|X||0|7||||132|5|0|0|[]|14:11:04:586
21|2.1|636136528508398599|0|51068.7265625|15.3569555145606|101.33467188379||||51068.7265625|189.75|20050||||708028|LAO446|X|X||0|7||||132|5|0|0|[]|14:11:08:727
