21|2.1|636136510325670508|0|49250.4765625|13.8647460813824|101.019201188576||||49250.4765625|126.25|13225||||71c052|ESR921|X|X|0|0|6||||132|5|0|0|[]|13:40:50:477
21|2.1|636136510367004641|0|49254.6171875|13.8601326818809|101.017956643594||||49254.6171875|125.5|13150||||71c052|ESR921|X|X|0|0|6||||132|5|0|0|[]|13:40:54:617
21|2.1|636136510407878728|0|49258.703125|13.8555407400515|101.016733556284||||49258.703125|124.75|13050||||71c052|ESR921|X|X|0|0|6||||132|5|0|0|[]|13:40:58:703
21|2.1|636136510449692909|0|49262.8828125|13.85092734055|101.015446095958||||49262.8828125|124|13000||||71c052|ESR921|X|X|0|0|6||||132|5|0|0|[]|13:41:02:883
21|2.1|636136510490246964|0|49266.9375|13.8463997717369|101.014223008648||||49266.9375|123.25|12900||||71c052|ESR921|X|X|0|0|6||||132|5|0|0|[]|13:41:06:938
21|2.1|636136510531131052|0|49271.0234375|13.8418507452517|101.012935548322||||49271.0234375|122.5|12825||||71c052|ESR921|X|X|0|0|6||||132|5|0|0|[]|13:41:11:023
21|2.1|636136510573715310|0|49275.2890625|13.8371300573897|101.011326222915||||49275.2890625|121.75|12750||||71c052|ESR921|X|X|0|0|6||||132|5|0|0|[]|13:41:15:289
21|2.1|636136510617239662|0|49279.640625|13.8323020811672|101.010124593277||||49279.640625|121|12650||||71c052|ESR921|X|X|0|0|6||||132|5|0|0|[]|13:41:19:641
21|2.1|636136510659513889|0|49283.859375|13.8276028509773|101.008880048296||||49283.859375|120.25|12575||||71c052|ESR921|X|X|0|0|6||||132|5|0|0|[]|13:41:23:859
21|2.1|636136510703198257|0|49288.2265625|13.8227748747548|101.007356553576||||49288.2265625|119.5|12500||||71c052|ESR921|X|X|0|0|6||||132|5|0|0|[]|13:41:28:227
21|2.1|636136510747032640|0|49292.6171875|13.8179254408602|101.006176381611||||49292.6171875|118.5|12400||||71c052|ESR921|X|X|0|0|6||||132|5|0|0|[]|13:41:32:617
21|2.1|636136510787596696|0|49296.6640625|13.8134407873913|101.004931836629||||49296.6640625|117.75|12325||||71c052|ESR921|X|X|0|0|6||||132|5|0|0|[]|13:41:36:664
21|2.1|636136510828470783|0|49300.7578125|13.8088917609061|101.003708749319||||49300.7578125|117|12225||||71c052|ESR921|X|X|0|0|6||||132|5|0|0|[]|13:41:40:758
21|2.1|636136510872625198|0|49305.1796875|13.8039994116673|101.002528577354||||49305.1796875|116.25|12150||||71c052|ESR921|X|X|0|0|6||||132|5|0|0|[]|13:41:45:180
21|2.1|636136510913649300|0|49309.25|13.7994718428542|101.001069455651||||49309.25|115.75|12125||||71c052|ESR921|X|X|0|0|6||||132|5|0|0|[]|13:41:49:250
21|2.1|636136510957333668|0|49313.640625|13.7946438666317|100.999867826014||||49313.640625|114.75|12000||||71c052|ESR921|X|X|0|0|6||||132|5|0|0|[]|13:41:53:641
21|2.1|636136511002418176|0|49318.15625|13.7896656867045|100.99870911172||||49318.15625|114|11925||||71c052|ESR921|X|X|0|0|6||||132|5|0|0|[]|13:41:58:156
21|2.1|636136511046102544|0|49322.53125|13.7848591681541|100.997228532345||||49322.53125|113.25|11825||||71c052|ESR921|X|X|0|0|6||||132|5|0|0|[]|13:42:02:531
21|2.1|636136511091807114|0|49327.09375|13.7798380728827|100.995983987363||||49327.09375|112.25|11750||||71c052|ESR921|X|X|0|0|6||||132|5|0|0|[]|13:42:07:094
21|2.1|636136511134711404|0|49331.3828125|13.7751388426928|100.994524865661||||49331.3828125|111.5|11650||||71c052|ESR921|X|X|0|0|6||||132|5|0|0|[]|13:42:11:383
21|2.1|636136511176365569|0|49335.5546875|13.7705254431913|100.993323236023||||49335.5546875|110.75|11575||||71c052|ESR921|X|X|0|0|6||||132|5|0|0|[]|13:42:15:555
21|2.1|636136511216459578|0|49339.5546875|13.7661480780829|100.992100148713||||49339.5546875|110|11500||||71c052|ESR921|X|X|0|0|6||||132|5|0|0|[]|13:42:19:555
21|2.1|636136511260613993|0|49343.96875|13.7613630172046|100.990898519076||||49343.96875|109.25|11425||||71c052|ESR921|X|X|0|0|6||||132|5|0|0|[]|13:42:23:969
21|2.1|636136511304288360|0|49348.3359375|13.7565350409821|100.989396482029||||49348.3359375|108.5|11350||||71c052|ESR921|X|X|0|0|6||||132|5|0|0|[]|13:42:28:336
21|2.1|636136511345632494|0|49352.484375|13.752007472169|100.988216310063||||49352.484375|107.5|11250||||71c052|ESR921|X|X||0|6||||132|5|0|0|[]|13:42:32:484
21|2.1|636136511389626893|0|49356.8828125|13.7472009536186|100.986993222754||||49356.8828125|106.75|11150||||71c052|ESR921|X|X||0|6||||132|5|0|0|[]|13:42:36:883
21|2.1|636136511433301260|0|49361.234375|13.7424588080845|100.985512643379||||49361.234375|106|11075||||71c052|ESR921|X|X||0|6||||132|5|0|0|[]|13:42:41:234
21|2.1|636136511474955425|0|49365.40625|13.7378883239272|100.984311013741||||49365.40625|105.25|11000||||71c052|ESR921|X|X||0|6||||132|5|0|0|[]|13:42:45:406
21|2.1|636136511518479777|0|49369.7578125|13.7331032630489|100.983109384103||||49369.7578125|104.25|10875||||71c052|ESR921|X|X|0|0|6||||132|5|0|0|[]|13:42:49:758
21|2.1|636136511558573786|0|49373.7734375|13.7287258979405|100.98184338145||||49373.7734375|103.5|10800||||71c052|ESR921|X|X||0|6||||132|5|0|0|[]|13:42:53:773
21|2.1|636136511599757904|0|49377.890625|13.7241554137832|100.980641751812||||49377.890625|102.5|10700||||71c052|ESR921|X|X||0|6||||132|5|0|0|[]|13:42:57:891
21|2.1|636136511645472475|0|49382.453125|13.7191343185118|100.979182630109||||49382.453125|101.5|10575||||71c052|ESR921|X|X|0|0|6||||132|5|0|0|[]|13:43:02:453
21|2.1|636136511687436671|0|49386.6484375|13.7145638343545|100.977938085127||||49386.6484375|100.75|10525||||71c052|ESR921|X|X||0|6||||132|5|0|0|[]|13:43:06:648
21|2.1|636136511729560883|0|49390.859375|13.7099289771809|100.976714997818||||49390.859375|99.75|10400||||71c052|ESR921|X|X||0|6||||132|5|0|0|[]|13:43:10:859
21|2.1|636136511770114938|0|49394.921875|13.705444323712|100.975534825852||||49394.921875|99|10325||||71c052|ESR921|X|X|0|0|6||||132|5|0|0|[]|13:43:14:922
21|2.1|636136511810368963|0|49398.953125|13.7010025855873|100.97429028087||||49398.953125|98.25|10250||||71c052|ESR921|X|X|0|0|6||||132|5|0|0|[]|13:43:18:953
21|2.1|636136511853113237|0|49403.2265625|13.6962818977253|100.972831159168||||49403.2265625|97.5|10175||||71c052|ESR921|X|X|0|0|6||||132|5|0|0|[]|13:43:23:227
21|2.1|636136511897027628|0|49407.59375|13.6914753791749|100.971586614186||||49407.59375|96.5|10050||||71c052|ESR921|X|X|0|0|6||||132|5|0|0|[]|13:43:27:594
21|2.1|636136511937821707|0|49411.6875|13.6870121833781|100.970384984548||||49411.6875|96|10025||||71c052|ESR921|X|X|0|0|6||||132|5|0|0|[]|13:43:31:688
21|2.1|636136511982446169|0|49416.1484375|13.6821198341393|100.969183354911||||49416.1484375|95.25|9925||||71c052|ESR921|X|X|0|0|6||||132|5|0|0|[]|13:43:36:148
21|2.1|636136512025970521|0|49420.5078125|13.677334773261|100.967659860191||||49420.5078125|94.5|9850||||71c052|ESR921|X|X||0|6||||132|5|0|0|[]|13:43:40:508
21|2.1|636136512066534577|0|49424.5625|13.6728930351363|100.966479688226||||49424.5625|94|9800||||71c052|ESR921|X|X|0|0|6||||132|5|0|0|[]|13:43:44:563
21|2.1|636136512106778601|0|49428.59375|13.6684942123558|100.965170770228||||49428.59375|93.25|9725||||71c052|ESR921|X|X|0|0|6||||132|5|0|0|[]|13:43:48:594
21|2.1|636136512146872610|0|49432.59375|13.6642885086242|100.963604360165||||49432.59375|92.5|9625||||71c052|ESR921|X|X|0|0|6||||132|5|0|0|[]|13:43:52:594
21|2.1|636136512187116634|0|49436.6171875|13.6602115509252|100.961608796659||||49436.6171875|91.75|9550||||71c052|ESR921|X|X|0|0|6||||132|5|0|0|[]|13:43:56:617
21|2.1|636136512227060628|0|49440.6171875|13.6564564583077|100.959055333679||||49440.6171875|91|9475||||71c052|ESR921|X|X|0|0|6||||132|5|0|0|[]|13:44:00:617
21|2.1|636136512271845106|0|49445.1015625|13.652658450346|100.955965428897||||49445.1015625|90.25|9400||||71c052|ESR921|X|X|0|0|6||||132|5|0|0|[]|13:44:05:102
21|2.1|636136512319099831|0|49449.8203125|13.6492037651379|100.951738267493||||49449.8203125|89.25|9300||||71c052|ESR921|X|X|0|0|6||||132|5|0|0|[]|13:44:09:820
21|2.1|636136512359823903|0|49453.90625|13.646650302158|100.947875886515||||49453.90625|88.5|9225||||71c052|ESR921|X|X|0|0|6||||132|5|0|0|[]|13:44:13:906
21|2.1|636136512402568177|0|49458.171875|13.6444616196038|100.943884759505||||49458.171875|87.75|9125||||71c052|ESR921|X|X|0|0|6||||132|5|0|0|[]|13:44:18:172
21|2.1|636136512444062326|0|49462.3203125|13.6428737518684|100.938584714496||||49462.3203125|87.25|9075||||71c052|ESR921|X|X|0|0|6||||132|5|0|0|[]|13:44:22:320
21|2.1|636136512485866506|0|49466.4921875|13.6417794105913|100.934057145683||||49466.4921875|86.5|9000||||71c052|ESR921|X|X|0|0|6||||132|5|0|0|[]|13:44:26:492
21|2.1|636136512525960515|0|49470.5|13.6411785957725|100.929551034542||||49470.5|85.75|8925||||71c052|ESR921|X|X|0|0|6||||132|5|0|0|[]|13:44:30:500
21|2.1|636136512568244743|0|49474.7421875|13.6410283920678|100.925044923401||||49474.7421875|85|8825||||71c052|ESR921|X|X|0|0|6||||132|5|0|0|[]|13:44:34:742
21|2.1|636136512613169235|0|49479.2109375|13.6415648338703|100.919401555639||||49479.2109375|84|8750||||71c052|ESR921|X|X|0|0|6||||132|5|0|0|[]|13:44:39:211
21|2.1|636136512653433261|0|49483.2578125|13.6425089714427|100.91491690217||||49483.2578125|83.25|8675||||71c052|ESR921|X|X|0|0|6||||132|5|0|0|[]|13:44:43:258
21|2.1|636136512696947612|0|49487.59375|13.6438178894408|100.910475164045||||49487.59375|82.5|8575||||71c052|ESR921|X|X|0|0|6||||132|5|0|0|[]|13:44:47:594
21|2.1|636136512738751792|0|49491.7890625|13.6451697227831|100.906140714281||||49491.7890625|81.75|8500||||71c052|ESR921|X|X|0|0|6||||132|5|0|0|[]|13:44:51:789
21|2.1|636136512783536270|0|49496.2578125|13.6465215561254|100.900754838584||||49496.2578125|81|8425||||71c052|ESR921|X|X|0|0|6||||132|5|0|0|[]|13:44:56:258
21|2.1|636136512827060622|0|49500.625|13.6478090164514|100.896398931147||||49500.625|80.25|8325||||71c052|ESR921|X|X|0|0|6||||132|5|0|0|[]|13:45:00:625
21|2.1|636136512869494865|0|49504.8515625|13.6490535614332|100.892000108367||||49504.8515625|79.25|8225||||71c052|ESR921|X|X|0|0|6||||132|5|0|0|[]|13:45:04:852
21|2.1|636136512909588874|0|49508.8671875|13.6501908180545|100.887601285586||||49508.8671875|78.5|8150||||71c052|ESR921|X|X|0|0|6||||132|5|0|0|[]|13:45:08:867
21|2.1|636136512949832898|0|49512.890625|13.6513280746758|100.883181005134||||49512.890625|78|8100||||71c052|ESR921|X|X|0|0|6||||132|5|0|0|[]|13:45:12:891
21|2.1|636136512994607375|0|49517.3671875|13.6527013656902|100.877773671765||||49517.3671875|77.25|8025||||71c052|ESR921|X|X|0|0|6||||132|5|0|0|[]|13:45:17:367
21|2.1|636136513043902304|0|49522.3046875|13.6545467254908|100.872430711412||||49522.3046875|76.25|7925||||71c052|ESR921|X|X|0|0|6||||132|5|0|0|[]|13:45:22:305
21|2.1|636136513084776391|0|49526.390625|13.6566066620124|100.868461042073||||49526.390625|75.75|7875||||71c052|ESR921|X|X|0|0|6||||132|5|0|0|[]|13:45:26:391
21|2.1|636136513137191632|0|49531.625|13.6598682281716|100.863890557916||||49531.625|74.75|7750||||71c052|ESR921|X|X|0|0|6||||132|5|0|0|[]|13:45:31:625
21|2.1|636136513180876000|0|49536|13.6631297943308|100.860521703396||||49536|74|7675||||71c052|ESR921|X|X|0|0|6||||132|5|0|0|[]|13:45:36:000
21|2.1|636136513221750087|0|49540.0859375|13.6665630218668|100.857582002318||||49540.0859375|73.5|7625||||71c052|ESR921|X|X|0|0|6||||132|5|0|0|[]|13:45:40:086
21|2.1|636136513266364548|0|49544.5546875|13.6706614372379|100.854492097536||||49544.5546875|72.5|7525||||71c052|ESR921|X|X|0|0|6||||132|5|0|0|[]|13:45:44:555
21|2.1|636136513310048916|0|49548.9140625|13.6748671409695|100.852453618687||||49548.9140625|71.75|7425||||71c052|ESR921|X|X||0|6||||132|5|0|0|[]|13:45:48:914
21|2.1|636136513350602971|0|49552.9609375|13.6790299293569|100.850844293279||||49552.9609375|71|7350||||71c052|ESR921|X|X|0|0|6||||132|5|0|0|[]|13:45:52:961
21|2.1|636136513390856996|0|49557|13.6832785484327|100.849707036658||||49557|70.25|7275||||71c052|ESR921|X|X|0|0|6||||132|5|0|0|[]|13:45:57:000
21|2.1|636136513430951005|0|49561|13.6875915405248|100.849041848823||||49561|69.75|7225||||71c052|ESR921|X|X|0|0|6||||132|5|0|0|[]|13:46:01:000
21|2.1|636136513471045014|0|49565.015625|13.6919474479611|100.848848729774||||49565.015625|69|7150||||71c052|ESR921|X|X|0|0|6||||132|5|0|0|[]|13:46:05:016
21|2.1|636136513511139023|0|49569.0234375|13.6962389823811|100.849084764167||||49569.0234375|68.25|7075||||71c052|ESR921|X|X|0|0|6||||132|5|0|0|[]|13:46:09:023
21|2.1|636136513556163525|0|49573.5|13.7010240432594|100.850050359411||||49573.5|67.5|7000||||71c052|ESR921|X|X|0|0|6||||132|5|0|0|[]|13:46:13:500
21|2.1|636136513597877696|0|49577.6953125|13.7054014083678|100.851209073705||||49577.6953125|66.75|6900||||71c052|ESR921|X|X|0|0|6||||132|5|0|0|[]|13:46:17:695
21|2.1|636136513639531861|0|49581.859375|13.709735858132|100.852410703342||||49581.859375|66|6825||||71c052|ESR921|X|X|0|0|6||||132|5|0|0|[]|13:46:21:859
21|2.1|636136513681026010|0|49586.0078125|13.7140488502241|100.853569417636||||49586.0078125|65.25|6750||||71c052|ESR921|X|X|0|0|6||||132|5|0|0|[]|13:46:26:008
21|2.1|636136513723620269|0|49590.2734375|13.7184905883488|100.855049997011||||49590.2734375|64.5|6675||||71c052|ESR921|X|X|0|0|6||||132|5|0|0|[]|13:46:30:273
21|2.1|636136513764174324|0|49594.3203125|13.7226962920804|100.856187253632||||49594.3203125|63.75|6575||||71c052|ESR921|X|X|0|0|6||||132|5|0|0|[]|13:46:34:320
21|2.1|636136513805518458|0|49598.4609375|13.7270521995167|100.857324510253||||49598.4609375|63|6525||||71c052|ESR921|X|X|0|0|6||||132|5|0|0|[]|13:46:38:461
21|2.1|636136513847952701|0|49602.703125|13.7314939376414|100.858526139891||||49602.703125|62.25|6425||||71c052|ESR921|X|X|0|0|6||||132|5|0|0|[]|13:46:42:703
21|2.1|636136513891477053|0|49607.046875|13.7360215064545|100.859599023496||||49607.046875|61.5|6350||||71c052|ESR921|X|X|0|0|6||||132|5|0|0|[]|13:46:47:047
21|2.1|636136513933441249|0|49611.25|13.7403988715629|100.861036687527||||49611.25|60.75|6275||||71c052|ESR921|X|X|0|0|6||||132|5|0|0|[]|13:46:51:250
21|2.1|636136513980865991|0|49616|13.7453770514901|100.862152486476||||49616|60|6200||||71c052|ESR921|X|X|0|0|6||||132|5|0|0|[]|13:46:56:000
21|2.1|636136514022840188|0|49620.1953125|13.7497544165985|100.863504319818||||49620.1953125|59.25|6100||||71c052|ESR921|X|X|0|0|6||||132|5|0|0|[]|13:47:00:195
21|2.1|636136514067614665|0|49624.6640625|13.7544321891163|100.864577203423||||49624.6640625|58.75|6050||||71c052|ESR921|X|X|0|0|6||||132|5|0|0|[]|13:47:04:664
21|2.1|636136514111299033|0|49629.0234375|13.7589597579294|100.8656715447||||49629.0234375|58|5975||||71c052|ESR921|X|X|0|0|6||||132|5|0|0|[]|13:47:09:023
21|2.1|636136514153563259|0|49633.2578125|13.7633585807099|100.867066293387||||49633.2578125|57.25|5900||||71c052|ESR921|X|X|0|0|6||||132|5|0|0|[]|13:47:13:258
21|2.1|636136514193657268|0|49637.2734375|13.7674999114252|100.868182092336||||49637.2734375|56.5|5825||||71c052|ESR921|X|X|0|0|6||||132|5|0|0|[]|13:47:17:273
21|2.1|636136514233911293|0|49641.2890625|13.7716412421405|100.869276433613||||49641.2890625|56|5775||||71c052|ESR921|X|X|0|0|6||||132|5|0|0|[]|13:47:21:289
21|2.1|636136514278685770|0|49645.7734375|13.776254641642|100.870435147906||||49645.7734375|55.25|5675||||71c052|ESR921|X|X|0|0|6||||132|5|0|0|[]|13:47:25:773
21|2.1|636136514323150216|0|49650.21875|13.7807822104551|100.871829896593||||49650.21875|54.5|5600||||71c052|ESR921|X|X|0|0|6||||132|5|0|0|[]|13:47:30:219
21|2.1|636136514363704271|0|49654.265625|13.7849664565146|100.872967153214||||49654.265625|54|5550||||71c052|ESR921|X|X|0|0|6||||132|5|0|0|[]|13:47:34:266
21|2.1|636136514404578358|0|49658.3671875|13.7891721602462|100.874104409835||||49658.3671875|53.25|5475||||71c052|ESR921|X|X|0|0|6||||132|5|0|0|[]|13:47:38:367
21|2.1|636136514447482648|0|49662.6484375|13.7935709830267|100.875241666457||||49662.6484375|52.75|5400||||71c052|ESR921|X|X|0|0|6||||132|5|0|0|[]|13:47:42:648
21|2.1|636136514490226922|0|49666.9296875|13.7979483481351|100.876314550062||||49666.9296875|52|5350||||71c052|ESR921|X|X|0|0|6||||132|5|0|0|[]|13:47:46:930
21|2.1|636136514531261025|0|49671.03125|13.8021755095388|100.877451806683||||49671.03125|51.75|5300||||71c052|ESR921|X|X|0|0|6||||132|5|0|0|[]|13:47:51:031
21|2.1|636136514575875486|0|49675.484375|13.8067459936961|100.878932386058||||49675.484375|51.5|5275||||71c052|ESR921|X|X|0|0|6||||132|5|0|0|[]|13:47:55:484
21|2.1|636136514619869885|0|49679.890625|13.8112091894929|100.880026727335||||49679.890625|51.5|5275||||71c052|ESR921|X|X|0|0|6||||132|5|0|0|[]|13:47:59:891
21|2.1|636136514660113909|0|49683.90625|13.815307604864|100.881142526284||||49683.90625|51.5|5275||||71c052|ESR921|X|X|0|0|6||||132|5|0|0|[]|13:48:03:906
21|2.1|636136514701458043|0|49688.0546875|13.8194918509235|100.882236867561||||49688.0546875|51.75|5300||||71c052|ESR921|X|X|0|0|6||||132|5|0|0|[]|13:48:08:055
21|2.1|636136514744052302|0|49692.3125|13.8238692160319|100.88365307392||||49692.3125|51.75|5300||||71c052|ESR921|X|X|0|0|6||||132|5|0|0|[]|13:48:12:313
21|2.1|636136514784916388|0|49696.3984375|13.8279890890751|100.884790330541||||49696.3984375|51.75|5300||||71c052|ESR921|X|X|0|0|6||||132|5|0|0|[]|13:48:16:398
21|2.1|636136514829070803|0|49700.8046875|13.832473742544|100.885884671818||||49700.8046875|51.75|5300||||71c052|ESR921|X|X|0|0|6||||132|5|0|0|[]|13:48:20:805
21|2.1|636136514871505046|0|49705.046875|13.8368296499803|100.88702192844||||49705.046875|51.75|5300||||71c052|ESR921|X|X|0|0|6||||132|5|0|0|[]|13:48:25:047
21|2.1|636136514912689164|0|49709.171875|13.8410353537119|100.888159185061||||49709.171875|51.75|5300||||71c052|ESR921|X|X|0|0|6||||132|5|0|0|[]|13:48:29:172
21|2.1|636136514954963391|0|49713.3984375|13.8453268881319|100.889532476075||||49713.3984375|51.75|5300||||71c052|ESR921|X|X|0|0|6||||132|5|0|0|[]|13:48:33:398
21|2.1|636136514996777572|0|49717.5859375|13.8496184225519|100.890669732697||||49717.5859375|51.75|5300||||71c052|ESR921|X|X|0|0|6||||132|5|0|0|[]|13:48:37:586
21|2.1|636136515039211815|0|49721.8359375|13.8539528723161|100.891785531646||||49721.8359375|51.75|5300||||71c052|ESR921|X|X|0|0|6||||132|5|0|0|[]|13:48:41:836
21|2.1|636136515099897883|0|49727.890625|13.8601326818809|100.893480687742||||49727.890625|51.75|5300||||71c052|ESR921|X|X|0|0|6||||132|5|0|0|[]|13:48:47:891
21|2.1|636136515145922485|0|49732.4921875|13.864874827415|100.894875436428||||49732.4921875|51.75|5300||||71c052|ESR921|X|X|0|0|6||||132|5|0|0|[]|13:48:52:492
21|2.1|636136515186946587|0|49736.6015625|13.8691019888187|100.89601269305||||49736.6015625|51.75|5300||||71c052|ESR921|X|X|0|0|6||||132|5|0|0|[]|13:48:56:602
21|2.1|636136515227040596|0|49740.6171875|13.8732218618619|100.897149949671||||49740.6171875|51.75|5300||||71c052|ESR921|X|X|0|0|6||||132|5|0|0|[]|13:49:00:617
21|2.1|636136515270254917|0|49744.9375|13.8776635999866|100.898351579308||||49744.9375|51.75|5300||||71c052|ESR921|X|X|0|0|6||||132|5|0|0|[]|13:49:04:938
21|2.1|636136515311599051|0|49749.0546875|13.8819122190624|100.899531751274||||49749.0546875|51.75|5300||||71c052|ESR921|X|X|0|0|6||||132|5|0|0|[]|13:49:09:055
21|2.1|636136515351683059|0|49753.0703125|13.8860320921056|100.900669007895||||49753.0703125|51.75|5300||||71c052|ESR921|X|X|0|0|6||||132|5|0|0|[]|13:49:13:070
21|2.1|636136515395217412|0|49757.4296875|13.8905811185908|100.902106671926||||49757.4296875|51.75|5300||||71c052|ESR921|X|X|0|0|6||||132|5|0|0|[]|13:49:17:430
21|2.1|636136515437501640|0|49761.6640625|13.894915568355|100.903265386219||||49761.6640625|51.75|5300||||71c052|ESR921|X|X|0|0|6||||132|5|0|0|[]|13:49:21:664
21|2.1|636136515477585648|0|49765.671875|13.8990568990703|100.904359727496||||49765.671875|51.75|5300||||71c052|ESR921|X|X|0|0|6||||132|5|0|0|[]|13:49:25:672
21|2.1|636136515517829672|0|49769.6953125|13.9032411451298|100.905475526446||||49769.6953125|51.75|5300||||71c052|ESR921|X|X|0|0|6||||132|5|0|0|[]|13:49:29:695
21|2.1|636136515562764165|0|49774.1796875|13.9078545446313|100.906591325395||||49774.1796875|51.75|5300||||71c052|ESR921|X|X|0|0|6||||132|5|0|0|[]|13:49:34:180
21|2.1|636136515607228611|0|49778.6171875|13.9124894018049|100.907964616409||||49778.6171875|51.75|5300||||71c052|ESR921|X|X|0|0|6||||132|5|0|0|[]|13:49:38:617
21|2.1|636136515647632651|0|49782.671875|13.9166521901923|100.909101873031||||49782.671875|51.75|5300||||71c052|ESR921|X|X|0|0|6||||132|5|0|0|[]|13:49:42:672
21|2.1|636136515688666754|0|49786.7734375|13.9209222669402|100.910174756636||||49786.7734375|51.75|5300||||71c052|ESR921|X|X|0|0|6||||132|5|0|0|[]|13:49:46:773
21|2.1|636136515731411028|0|49791.0546875|13.9253640050649|100.911312013257||||49791.0546875|51.75|5300||||71c052|ESR921|X|X|0|0|6||||132|5|0|0|[]|13:49:51:055
21|2.1|636136515779295816|0|49795.84375|13.9303421849921|100.912749677288||||49795.84375|51.75|5300||||71c052|ESR921|X|X|0|0|6||||132|5|0|0|[]|13:49:55:844
21|2.1|636136515819549841|0|49799.859375|13.9344835157074|100.913865476237||||49799.859375|51.75|5300||||71c052|ESR921|X|X|0|0|6||||132|5|0|0|[]|13:49:59:859
21|2.1|636136515859803866|0|49803.890625|13.9386248464227|100.914959817514||||49803.890625|51.75|5300||||71c052|ESR921|X|X|0|0|6||||132|5|0|0|[]|13:50:03:891
21|2.1|636136515903788264|0|49808.2890625|13.9431524152358|100.916333108528||||49808.2890625|51.75|5300||||71c052|ESR921|X|X|0|0|6||||132|5|0|0|[]|13:50:08:289
21|2.1|636136515959013786|0|49813.8046875|13.9488601560144|100.917706399543||||49813.8046875|51.75|5300||||71c052|ESR921|X|X|0|0|6||||132|5|0|0|[]|13:50:13:805
21|2.1|636136516003328217|0|49818.234375|13.9534091824996|100.919122605901||||49818.234375|51.75|5300||||71c052|ESR921|X|X|0|0|6||||132|5|0|0|[]|13:50:18:234
21|2.1|636136516043892273|0|49822.2890625|13.957571970887|100.920259862523||||49822.2890625|51.75|5300||||71c052|ESR921|X|X|0|0|6||||132|5|0|0|[]|13:50:22:289
21|2.1|636136516089436827|0|49826.8203125|13.962292658749|100.921225457767||||49826.8203125|51.75|5300||||71c052|ESR921|X|X|0|0|6||||132|5|0|0|[]|13:50:26:820
21|2.1|636136516132811164|0|49831.1796875|13.9669275159226|100.921826272586||||49831.1796875|51.25|5250||||71c052|ESR921|X|X|0|0|6||||132|5|0|0|[]|13:50:31:180
21|2.1|636136516177115594|0|49835.6171875|13.9716267461125|100.921804814914||||49835.6171875|50.75|5200||||71c052|ESR921|X|X|0|0|6||||132|5|0|0|[]|13:50:35:617
21|2.1|636136516222040086|0|49840.1171875|13.9763259763024|100.921139627079||||49840.1171875|50|5125||||71c052|ESR921|X|X|0|0|6||||132|5|0|0|[]|13:50:40:117
21|2.1|636136516265564438|0|49844.453125|13.9807033414108|100.919423013311||||49844.453125|49|5025||||71c052|ESR921|X|X|0|0|6||||132|5|0|0|[]|13:50:44:453
21|2.1|636136516307218603|0|49848.625|13.9846300954051|100.917427449805||||49848.625|48.25|4950||||71c052|ESR921|X|X|0|0|6||||132|5|0|0|[]|13:50:48:625
21|2.1|636136516347932674|0|49852.6875|13.9881491536295|100.914831071481||||49852.6875|47.25|4825||||71c052|ESR921|X|X|0|0|6||||132|5|0|0|[]|13:50:52:688
21|2.1|636136516388026683|0|49856.703125|13.9912176007398|100.911784082043||||49856.703125|46.5|4750||||71c052|ESR921|X|X|0|0|6||||132|5|0|0|[]|13:50:56:703
21|2.1|636136516435141394|0|49861.4140625|13.9942002171617|100.907449632279||||49861.4140625|45.5|4650||||71c052|ESR921|X|X|0|0|6||||132|5|0|0|[]|13:51:01:414
21|2.1|636136516476335513|0|49865.5234375|13.9962601536833|100.903544335957||||49865.5234375|44.75|4575||||71c052|ESR921|X|X|0|0|6||||132|5|0|0|[]|13:51:05:523
21|2.1|636136516516579537|0|49869.5546875|13.9978909367629|100.89948883593||||49869.5546875|44.25|4525||||71c052|ESR921|X|X|0|0|6||||132|5|0|0|[]|13:51:09:555
21|2.1|636136516558543733|0|49873.75|13.999414431482|100.895347505214||||49873.75|43.75|4450||||71c052|ESR921|X|X|0|0|6||||132|5|0|0|[]|13:51:13:750
21|2.1|636136516601137992|0|49878.0234375|14.0005302304312|100.891206174499||||49878.0234375|43.25|4400||||71c052|ESR921|X|X|0|0|6||||132|5|0|0|[]|13:51:18:023
21|2.1|636136516646222500|0|49882.5234375|14.0010237568895|100.885841756474||||49882.5234375|42.75|4350||||71c052|ESR921|X|X|0|0|6||||132|5|0|0|[]|13:51:22:523
21|2.1|636136516689116789|0|49886.8125|14.0008306378406|100.881528764382||||49886.8125|42.25|4300||||71c052|ESR921|X|X|0|0|6||||132|5|0|0|[]|13:51:26:813
21|2.1|636136516730930970|0|49891|13.9999723309566|100.877172856946||||49891|41.75|4250||||71c052|ESR921|X|X|0|0|6||||132|5|0|0|[]|13:51:31:000
21|2.1|636136516771495026|0|49895.046875|13.9985132092538|100.873203187607||||49895.046875|41.25|4200||||71c052|ESR921|X|X|0|0|6||||132|5|0|0|[]|13:51:35:047
21|2.1|636136516813459222|0|49899.2421875|13.9963459843717|100.868461042073||||49899.2421875|40.75|4150||||71c052|ESR921|X|X|0|0|6||||132|5|0|0|[]|13:51:39:242
21|2.1|636136516856203496|0|49903.53125|13.9937925213918|100.864941983849||||49903.53125|40.5|4125||||71c052|ESR921|X|X|0|0|6||||132|5|0|0|[]|13:51:43:531
21|2.1|636136516901758051|0|49908.0859375|13.9908099049699|100.861530213985||||49908.0859375|40|4050||||71c052|ESR921|X|X|0|0|6||||132|5|0|0|[]|13:51:48:086
21|2.1|636136516942162091|0|49912.1171875|13.9881491536295|100.858290105498||||49912.1171875|39.5|4025||||71c052|ESR921|X|X|0|0|6||||132|5|0|0|[]|13:51:52:117
21|2.1|636136516985376412|0|49916.4375|13.9853167409123|100.854105859438||||49916.4375|39.25|3975||||71c052|ESR921|X|X|0|0|6||||132|5|0|0|[]|13:51:56:438
21|2.1|636136517027340608|0|49920.6328125|13.9825701588835|100.850801377935||||49920.6328125|38.75|3925||||71c052|ESR921|X|X|0|0|6||||132|5|0|0|[]|13:52:00:633
21|2.1|636136517068844758|0|49924.78125|13.9798235768547|100.847432523415||||49924.78125|38.5|3900||||71c052|ESR921|X|X|0|0|6||||132|5|0|0|[]|13:52:04:781
21|2.1|636136517109248798|0|49928.8359375|13.9771628255143|100.844170957256||||49928.8359375|38.25|3875||||71c052|ESR921|X|X|0|0|6||||132|5|0|0|[]|13:52:08:836
21|2.1|636136517152933166|0|49933.203125|13.9743304127971|100.840136914901||||49933.203125|38|3850||||71c052|ESR921|X|X|0|0|6||||132|5|0|0|[]|13:52:13:203
21|2.1|636136517197707643|0|49937.6796875|13.9714980000799|100.83685389107||||49937.6796875|37.75|3825||||71c052|ESR921|X|X|0|0|6||||132|5|0|0|[]|13:52:17:680
21|2.1|636136517238111683|0|49941.7109375|13.9689659947721|100.833678155599||||49941.7109375|37.5|3800||||71c052|ESR921|X|X|0|0|6||||132|5|0|0|[]|13:52:21:711
21|2.1|636136517278825754|0|49945.7890625|13.9664125317922|100.830588250817||||49945.7890625|37.25|3775||||71c052|ESR921|X|X|0|0|6||||132|5|0|0|[]|13:52:25:789
21|2.1|636136517323290200|0|49950.234375|13.9637088651076|100.826790242855||||49950.234375|37|3750||||71c052|ESR921|X|X|0|0|6||||132|5|0|0|[]|13:52:30:234
21|2.1|636136517363224193|0|49954.234375|13.9613270635045|100.823721795745||||49954.234375|36.5|3700||||71c052|ESR921|X|X|0|0|6||||132|5|0|0|[]|13:52:34:234
21|2.1|636136517408148685|0|49958.71875|13.9586233968199|100.820717721651||||49958.71875|36.25|3675||||71c052|ESR921|X|X|0|0|6||||132|5|0|0|[]|13:52:38:719
21|2.1|636136517450122882|0|49962.90625|13.9561128491842|100.817606359196||||49962.90625|35.75|3600||||71c052|ESR921|X|X|0|0|6||||132|5|0|0|[]|13:52:42:906
21|2.1|636136517491617031|0|49967.0703125|13.9534520978438|100.814752488807||||49967.0703125|35.5|3575||||71c052|ESR921|X|X|0|0|6||||132|5|0|0|[]|13:52:47:070
21|2.1|636136517533271196|0|49971.21875|13.9503192777172|100.811855703073||||49971.21875|35|3525||||71c052|ESR921|X|X|0|0|6||||132|5|0|0|[]|13:52:51:219
21|2.1|636136517575855454|0|49975.484375|13.9469075078533|100.809817224224||||49975.484375|34.75|3500||||71c052|ESR921|X|X|0|0|6||||132|5|0|0|[]|13:52:55:484
21|2.1|636136517616259494|0|49979.53125|13.9436030263499|100.808079152784||||49979.53125|34.25|3450||||71c052|ESR921|X|X|0|0|6||||132|5|0|0|[]|13:52:59:531
21|2.1|636136517662124080|0|49984.1171875|13.9397406453719|100.806491285048||||49984.1171875|33.75|3400||||71c052|ESR921|X|X|0|0|6||||132|5|0|0|[]|13:53:04:117
21|2.1|636136517704558323|0|49988.359375|13.936114298787|100.804731755936||||49988.359375|33.5|3375||||71c052|ESR921|X|X|0|0|6||||132|5|0|0|[]|13:53:08:359
21|2.1|636136517749342801|0|49992.828125|13.9322733754811|100.803487210954||||49992.828125|33.25|3350||||71c052|ESR921|X|X|0|0|6||||132|5|0|0|[]|13:53:12:828
21|2.1|636136517789736840|0|49996.8671875|13.9287972326009|100.802392869677||||49996.8671875|33|3325||||71c052|ESR921|X|X|0|0|6||||132|5|0|0|[]|13:53:16:867
21|2.1|636136517833111177|0|50001.2109375|13.9250850553276|100.801255613056||||50001.2109375|32.75|3300||||71c052|ESR921|X|X|0|0|6||||132|5|0|0|[]|13:53:21:211
21|2.1|636136517875075373|0|50005.40625|13.9215445394311|100.800290017811||||50005.40625|32.5|3275||||71c052|ESR921|X|X|0|0|6||||132|5|0|0|[]|13:53:25:406
21|2.1|636136517919689834|0|50009.875|13.9177679891415|100.799410253255||||50009.875|32|3200||||71c052|ESR921|X|X|0|0|6||||132|5|0|0|[]|13:53:29:875
21|2.1|636136517963374202|0|50014.2421875|13.9141416425566|100.798423200339||||50014.2421875|31.75|3175||||71c052|ESR921|X|X|0|0|6||||132|5|0|0|[]|13:53:34:242
21|2.1|636136518006118476|0|50018.46875|13.9105582113159|100.797629266471||||50018.46875|31.25|3125||||71c052|ESR921|X|X|0|0|6||||132|5|0|0|[]|13:53:38:469
21|2.1|636136518045742438|0|50022.484375|13.9072751874846|100.796813874931||||50022.484375|31|3100||||71c052|ESR921|X|X|0|0|6||||132|5|0|0|[]|13:53:42:484
21|2.1|636136518085996463|0|50026.5|13.903927790637|100.795998483391||||50026.5|30.5|3050||||71c052|ESR921|X|X|0|0|6||||132|5|0|0|[]|13:53:46:500
21|2.1|636136518130760939|0|50030.984375|13.9002585287079|100.795204549524||||50030.984375|30.25|3025||||71c052|ESR921|X|X|0|0|6||||132|5|0|0|[]|13:53:50:984
21|2.1|636136518180215884|0|50035.9140625|13.8962674016973|100.794153123591||||50035.9140625|29.75|2975||||71c052|ESR921|X|X|0|0|6||||132|5|0|0|[]|13:53:55:914
21|2.1|636136518230760938|0|50040.96875|13.8921689863262|100.793080239986||||50040.96875|29.25|2925||||71c052|ESR921|X|X||0|6||||132|5|0|0|[]|13:54:00:969
21|2.1|636136518282876149|0|50046.1796875|13.8879847402667|100.791985898709||||50046.1796875|28.75|2875||||71c052|ESR921|X|X||0|6||||132|5|0|0|[]|13:54:06:180
21|2.1|636136518326710532|0|50050.5703125|13.8844656820423|100.790891557432||||50050.5703125|28.25|2825||||71c052|ESR921|X|X|0|0|6||||132|5|0|0|[]|13:54:10:570
21|2.1|636136518383336194|0|50056.2421875|13.8799381132292|100.789625554778||||50056.2421875|27.75|2775||||71c052|ESR921|X|X|0|0|6||||132|5|0|0|[]|13:54:16:242
21|2.1|636136518427960656|0|50060.6953125|13.8764190550048|100.788767247894||||50060.6953125|27.5|2725||||71c052|ESR921|X|X|0|0|6||||132|5|0|0|[]|13:54:20:695
21|2.1|636136518471945054|0|50065.1015625|13.8729429121246|100.78790894101||||50065.1015625|27|2675||||71c052|ESR921|X|X|0|0|6||||132|5|0|0|[]|13:54:25:102
21|2.1|636136518512199079|0|50069.125|13.8697886343259|100.787050634126||||50069.125|26.75|2650||||71c052|ESR921|X|X|0|0|6||||132|5|0|0|[]|13:54:29:125
21|2.1|636136518553543213|0|50073.265625|13.8665699835109|100.786020665865||||50073.265625|26.25|2600||||71c052|ESR921|X|X||0|6||||132|5|0|0|[]|13:54:33:266
21|2.1|636136518596287487|0|50077.5234375|13.8632655020075|100.785248189669||||50077.5234375|26|2575||||71c052|ESR921|X|X|0|0|6||||132|5|0|0|[]|13:54:37:523
21|2.1|636136518637001558|0|50081.609375|13.8600897665367|100.78443279813||||50081.609375|25.5|2525||||71c052|ESR921|X|X|0|0|6||||132|5|0|0|[]|13:54:41:609
21|2.1|636136518681155973|0|50086.015625|13.8566994543449|100.78361740659||||50086.015625|25.25|2500||||71c052|ESR921|X|X|0|0|6||||132|5|0|0|[]|13:54:46:016
21|2.1|636136518723590216|0|50090.2578125|13.8534378881857|100.782608896001||||50090.2578125|24.75|2425||||71c052|ESR921|X|X|0|0|6||||132|5|0|0|[]|13:54:50:258
21|2.1|636136518764774334|0|50094.3828125|13.850283610387|100.781793504461||||50094.3828125|24.25|2400||||71c052|ESR921|X|X|0|0|6||||132|5|0|0|[]|13:54:54:383
21|2.1|636136518811579014|0|50099.0546875|13.8467001791463|100.780999570594||||50099.0546875|24|2350||||71c052|ESR921|X|X|0|0|6||||132|5|0|0|[]|13:54:59:055
21|2.1|636136518854483304|0|50103.359375|13.8434815283313|100.779991060005||||50103.359375|23.5|2300||||71c052|ESR921|X|X|0|0|6||||132|5|0|0|[]|13:55:03:359
21|2.1|636136518896437499|0|50107.5390625|13.8403487082047|100.779175668465||||50107.5390625|23.25|2275||||71c052|ESR921|X|X|0|0|6||||132|5|0|0|[]|13:55:07:539
21|2.1|636136518936691524|0|50111.5703125|13.8373231764386|100.778403192269||||50111.5703125|22.75|2225||||71c052|ESR921|X|X|0|0|6||||132|5|0|0|[]|13:55:11:570
21|2.1|636136518978965751|0|50115.8046875|13.8342118139841|100.777630716074||||50115.8046875|22.5|2200||||71c052|ESR921|X|X|0|0|7||||132|5|0|0|[]|13:55:15:805
21|2.1|636136519022490103|0|50120.15625|13.8310360785133|100.776858239878||||50120.15625|22|2150||||71c052|ESR921|X|X|0|0|7||||132|5|0|0|[]|13:55:20:156
21|2.1|636136519064304284|0|50124.3359375|13.8279890890751|100.775892644634||||50124.3359375|21.75|2125||||71c052|ESR921|X|X|0|0|7||||132|5|0|0|[]|13:55:24:336
21|2.1|636136519107518605|0|50128.65625|13.8248348112764|100.775163083782||||50128.65625|21.5|2100||||71c052|ESR921|X|X|0|0|7||||132|5|0|0|[]|13:55:28:656
21|2.1|636136519153383191|0|50133.2265625|13.8215517874451|100.774261861554||||50133.2265625|21.5|2100||||71c052|ESR921|X|X|0|0|7||||132|5|0|0|[]|13:55:33:227
21|2.1|636136519193477200|0|50137.25|13.8186979170558|100.773489385359||||50137.25|21.5|2075||||71c052|ESR921|X|X|0|0|7||||132|5|0|0|[]|13:55:37:250
21|2.1|636136519237011553|0|50141.6015625|13.8155865546013|100.772716909163||||50141.6015625|21.5|2100||||71c052|ESR921|X|X|0|0|7||||132|5|0|0|[]|13:55:41:602
21|2.1|636136519278515703|0|50145.75|13.8126039381794|100.771944432967||||50145.75|21.75|2125||||71c052|ESR921|X|X|0|0|7||||132|5|0|0|[]|13:55:45:750
21|2.1|636136519319839835|0|50149.8828125|13.8096642371017|100.771171956772||||50149.8828125|21.75|2125||||71c052|ESR921|X|X|0|0|7||||132|5|0|0|[]|13:55:49:883
21|2.1|636136519365084359|0|50154.375|13.8064241286146|100.770206361527||||50154.375|21.25|2075||||71c052|ESR921|X|X|0|0|7||||132|5|0|0|[]|13:55:54:375
21|2.1|636136519405178368|0|50158.40625|13.803505885209|100.769433885332||||50158.40625|20.75|2025||||71c052|ESR921|X|X|0|0|7||||132|5|0|0|[]|13:55:58:406
21|2.1|636136519448862736|0|50162.78125|13.800287234394|100.768725782152||||50162.78125|20.25|1975||||71c052|ESR921|X|X|0|0|7||||132|5|0|0|[]|13:56:02:781
21|2.1|636136519489576807|0|50166.8515625|13.7973689909884|100.768017678973||||50166.8515625|19.5|1875||||71c052|ESR921|X|X|0|0|7||||132|5|0|0|[]|13:56:06:852
21|2.1|636136519531230972|0|50171.0234375|13.7943863745665|100.76726666045||||50171.0234375|19|1825||||71c052|ESR921|X|X|0|0|7||||132|5|0|0|[]|13:56:11:023
21|2.1|636136519575375386|0|50175.4375|13.7912964697841|100.766322522877||||50175.4375|18.5|1775||||71c052|ESR921|X|X|0|0|7||||132|5|0|0|[]|13:56:15:438
21|2.1|636136519616099458|0|50179.515625|13.7884425993948|100.765550046682||||50179.515625|18|1725||||71c052|ESR921|X|X|0|0|7||||132|5|0|0|[]|13:56:19:516
21|2.1|636136519658363684|0|50183.7265625|13.7856101866776|100.76482048583||||50183.7265625|17.75|1700||||71c052|ESR921|X|X||0|7||||132|5|0|0|[]|13:56:23:727
21|2.1|636136519701588006|0|50188.0625|13.7827134009441|100.764090924979||||50188.0625|17|1625||||71c052|ESR921|X|X|0|0|7||||132|5|0|0|[]|13:56:28:063
21|2.1|636136519765864433|0|50194.484375|13.7785076972125|100.762910753013||||50194.484375|16.25|1550||||71c052|ESR921|X|X|0|0|7||||132|5|0|0|[]|13:56:34:484
21|2.1|636136519837621608|0|50201.6640625|13.7738728400389|100.761730581048||||50201.6640625|15.5|1450||||71c052|ESR921|X|X|0|0|7||||132|5|0|0|[]|13:56:41:664
21|2.1|636136519880365882|0|50205.9296875|13.7711262580101|100.761065393213||||50205.9296875|15|1400||||71c052|ESR921|X|X|0|0|7||||132|5|0|0|[]|13:56:45:930
21|2.1|636136519921089954|0|50210.0078125|13.7685727950302|100.760378747705||||50210.0078125|14.5|1350||||71c052|ESR921|X|X|0|0|7||||132|5|0|0|[]|13:56:50:008
21|2.1|636136519965234368|0|50214.421875|13.7657832976572|100.759541898494||||50214.421875|14|1300||||71c052|ESR921|X|X|0|0|7||||132|5|0|0|[]|13:56:54:422
21|2.1|636136520012669111|0|50219.1640625|13.7627577658911|100.758876710658||||50219.1640625|13.5|1250||||71c052|ESR921|X|X|0|0|7||||132|5|0|0|[]|13:56:59:164
21|2.1|636136520054003244|0|50223.296875|13.7601399298949|100.758018403774||||50223.296875|13|1200||||71c052|ESR921|X|X|0|0|7||||132|5|0|0|[]|13:57:03:297
21|2.1|636136520095497393|0|50227.4609375|13.7575435515708|100.757396131284||||50227.4609375|12.5|1150||||71c052|ESR921|X|X|0|0|7||||132|5|0|0|[]|13:57:07:461
21|2.1|636136520138711714|0|50231.7578125|13.754796969542|100.756730943448||||50231.7578125|12|1075||||71c052|ESR921|X|X|0|0|7||||132|5|0|0|[]|13:57:11:758
21|2.1|636136520180515894|0|50235.9375|13.7521362182016|100.756044297941||||50235.9375|11.5|1025||||71c052|ESR921|X|X|0|0|7||||132|5|0|0|[]|13:57:15:938
21|2.1|636136520220769919|0|50239.9765625|13.7495827552217|100.755379110106||||50239.9765625|11|975||||71c052|ESR921|X|X|0|0|7||||132|5|0|0|[]|13:57:19:977
21|2.1|636136520263044146|0|50244.203125|13.7469220038813|100.754563718566||||50244.203125|10.5|925||||71c052|ESR921|X|X|0|0|7||||132|5|0|0|[]|13:57:24:203
21|2.1|636136520306568498|0|50248.5546875|13.7441754218525|100.753919988403||||50248.5546875|10|875||||71c052|ESR921|X|X|0|0|7||||132|5|0|0|[]|13:57:28:555
21|2.1|636136520348382679|0|50252.7421875|13.7415575858563|100.753254800568||||50252.7421875|9.25|800||||71c052|ESR921|X|X|0|0|7||||132|5|0|0|[]|13:57:32:742
21|2.1|636136520391597000|0|50257.0625|13.7388539191717|100.752589612733||||50257.0625|8.75|750||||71c052|ESR921|X|X|0|0|7||||132|5|0|0|[]|13:57:37:063
21|2.1|636136520437301570|0|50261.6328125|13.7359356757661|100.751709848177||||50261.6328125|8.25|675||||71c052|ESR921|X|X|0|0|7||||132|5|0|0|[]|13:57:41:633
21|2.1|636136520477555595|0|50265.65625|13.7333822127862|100.751044660342||||50265.65625|7.75|625||||71c052|ESR921|X|X|0|0|7||||132|5|0|0|[]|13:57:45:656
21|2.1|636136520521079947|0|50270.0078125|13.7305927154132|100.750400930179||||50270.0078125|7.25|575||||71c052|ESR921|X|X|0|0|7||||132|5|0|0|[]|13:57:50:008
21|2.1|636136520568344673|0|50274.734375|13.727545725975|100.749564080967||||50274.734375|6.75|525||||71c052|ESR921|X|X|0|0|7||||132|5|0|0|[]|13:57:54:734
21|2.1|636136520633871225|0|50281.28125|13.7233614799155|100.748383909002||||50281.28125|6|450||||71c052|ESR921|X|X||0|7||||132|5|0|0|[]|13:58:01:281
21|2.1|636136520675685406|0|50285.46875|13.7206578132309|100.747718721166||||50285.46875|5.5|400||||71c052|ESR921|X|X|0|0|7||||132|5|0|0|[]|13:58:05:469
21|2.1|636136520717799617|0|50289.6796875|13.7179756042184|100.747032075659||||50289.6796875|5|350||||71c052|ESR921|X|X||0|7||||132|5|0|0|[]|13:58:09:680
21|2.1|636136520815309367|0|50299.4296875|13.7117314216373|100.745358377235||||50299.4296875|4|250||||71c052|ESR921|X|X|0|0|7||||132|5|0|0|[]|13:58:19:430
21|2.1|636136520894867322|0|50307.3828125|13.7066030380054|100.743963628549||||50307.3828125|3|125||||71c052|ESR921|X|X|0|0|7||||132|5|0|0|[]|13:58:27:383
21|2.1|636136521044482282|0|50322.3359375|13.6970114585767|100.741453080913||||50322.3359375|1.75|0||||71c052|ESR921|X|X||0|7||||132|5|0|0|[]|13:58:42:336
