21|2.1|636136510311939135|0|49249.09375|4.6077561337377|102.243897823683||||49249.09375|360.25|38475||||75033b|AXM137|5332|X|0|0|8||||132|51|0|0|[]|13:40:49:094
21|2.1|636136510356863627|0|49253.578125|4.5986580807673|102.240486053819||||49253.578125|360.25|38475||||75033b|AXM137|5332|X|0|0|8||||132|51|0|0|[]|13:40:53:578
21|2.1|636136510400387979|0|49257.9453125|4.5897746045179|102.237181572316||||49257.9453125|360.25|38475||||75033b|AXM137|5332|X|0|0|8||||132|51|0|0|[]|13:40:57:945
21|2.1|636136510445322472|0|49262.421875|4.5806550938754|102.233791260124||||49262.421875|360.25|38475||||75033b|AXM137|5332|X|0|0|8||||132|51|0|0|[]|13:41:02:422
21|2.1|636136510485886528|0|49266.4921875|4.572415347789|102.230722813014||||49266.4921875|360.25|38475||||75033b|AXM137|5332|X|0|0|8||||132|51|0|0|[]|13:41:06:492
21|2.1|636136510526290568|0|49270.5234375|4.564261432391|102.227697281248||||49270.5234375|360.5|38475||||75033b|AXM137|5332|X|0|0|8||||132|51|0|0|[]|13:41:10:523
21|2.1|636136510567004639|0|49274.609375|4.5559787709604|102.224607376465||||49274.609375|360.5|38500||||75033b|AXM137|5332|X|0|0|8||||132|51|0|0|[]|13:41:14:609
21|2.1|636136510610218960|0|49278.9140625|4.5472669560878|102.221345810306||||49278.9140625|360.25|38475||||75033b|AXM137|5332|X|0|0|8||||132|51|0|0|[]|13:41:18:914
21|2.1|636136510650472985|0|49282.9375|4.5391130406898|102.21832027854||||49282.9375|360.25|38475||||75033b|AXM137|5332|X|0|0|8||||132|51|0|0|[]|13:41:22:938
21|2.1|636136510694147352|0|49287.3125|4.5302510221125|102.215037254709||||49287.3125|360.25|38475||||75033b|AXM137|5332|X|0|0|8||||132|51|0|0|[]|13:41:27:313
21|2.1|636136510744852422|0|49292.3828125|4.5199942548487|102.211217789075||||49292.3828125|360.25|38475||||75033b|AXM137|5332|X||0|8||||132|51|0|0|[]|13:41:32:383
21|2.1|636136510787596696|0|49296.65625|4.5113682706645|102.20799913826||||49296.65625|360.25|38475||||75033b|AXM137|5332|X|0|0|8||||132|51|0|0|[]|13:41:36:656
21|2.1|636136510829560892|0|49300.8671875|4.5028495748408|102.204866318133||||49300.8671875|360|38450||||75033b|AXM137|5332|X|0|0|8||||132|51|0|0|[]|13:41:40:867
21|2.1|636136510870284964|0|49304.921875|4.4947171171149|102.201776413351||||49304.921875|360.25|38450||||75033b|AXM137|5332|X|0|0|8||||132|51|0|0|[]|13:41:44:922
21|2.1|636136510914269362|0|49309.3203125|4.4858121831934|102.19849338952||||49309.3203125|360.25|38450||||75033b|AXM137|5332|X|0|0|8||||132|51|0|0|[]|13:41:49:320
21|2.1|636136510957023637|0|49313.59375|4.4772076566813|102.195339111721||||49313.59375|360|38450||||75033b|AXM137|5332|X|0|0|8||||132|51|0|0|[]|13:41:53:594
21|2.1|636136510998987833|0|49317.78125|4.4687318762018|102.19216337625||||49317.78125|360|38425||||75033b|AXM137|5332|X|0|0|8||||132|51|0|0|[]|13:41:57:781
21|2.1|636136511046722606|0|49322.5625|4.4590973814289|102.188579945009||||49322.5625|360|38425||||75033b|AXM137|5332|X|0|0|8||||132|51|0|0|[]|13:42:02:563
21|2.1|636136511097107644|0|49327.609375|4.4489049871814|102.184824852392||||49327.609375|360|38425||||75033b|AXM137|5332|X|0|0|8||||132|51|0|0|[]|13:42:07:609
21|2.1|636136511147502683|0|49332.65625|4.4387555082781|102.181048302102||||49332.65625|359.75|38400||||75033b|AXM137|5332|X|0|0|8||||132|51|0|0|[]|13:42:12:656
21|2.1|636136511196487581|0|49337.5390625|4.4289064367842|102.177421955517||||49337.5390625|359.75|38400||||75033b|AXM137|5332|X||0|8||||132|51|0|0|[]|13:42:17:539
21|2.1|636136511238921824|0|49341.7890625|4.4203448256163|102.174246220047||||49341.7890625|359.75|38400||||75033b|AXM137|5332|X|0|0|8||||132|51|0|0|[]|13:42:21:789
21|2.1|636136511288236755|0|49346.7265625|4.4104528387782|102.170534042773||||49346.7265625|359.75|38400||||75033b|AXM137|5332|X||0|8||||132|51|0|0|[]|13:42:26:727
21|2.1|636136511330811012|0|49350.9765625|4.4018912276103|102.167358307302||||49350.9765625|359.75|38400||||75033b|AXM137|5332|X||0|8||||132|51|0|0|[]|13:42:30:977
21|2.1|636136511377615692|0|49355.671875|4.3924283942142|102.163817791406||||49355.671875|359.75|38400||||75033b|AXM137|5332|X|0|0|8||||132|51|0|0|[]|13:42:35:672
21|2.1|636136511418329763|0|49359.7265625|4.3842744788162|102.16079225964||||49359.7265625|359.75|38400||||75033b|AXM137|5332|X|0|0|8||||132|51|0|0|[]|13:42:39:727
21|2.1|636136511488996829|0|49366.78125|4.3700909575581|102.155513672303||||49366.78125|359.5|38375||||75033b|AXM137|5332|X||0|8||||132|51|0|0|[]|13:42:46:781
21|2.1|636136511533461275|0|49371.2421875|4.3611216506203|102.152187733128||||49371.2421875|359.5|38375||||75033b|AXM137|5332|X|0|0|8||||132|51|0|0|[]|13:42:51:242
21|2.1|636136511585876516|0|49376.5|4.350543018275|102.148282436806||||49376.5|359.5|38375||||75033b|AXM137|5332|X||0|8||||132|51|0|0|[]|13:42:56:500
21|2.1|636136511645472475|0|49382.453125|4.3385696372432|102.143776325665||||49382.453125|359.5|38375||||75033b|AXM137|5332|X||0|8||||132|51|0|0|[]|13:43:02:453
21|2.1|636136511695237451|0|49387.421875|4.3285274467004|102.140085606063||||49387.421875|359.5|38375||||75033b|AXM137|5332|X||0|8||||132|51|0|0|[]|13:43:07:422
21|2.1|636136511967474672|0|49414.640625|4.2736387214686|102.11961498688||||49414.640625|359.5|38375||||75033b|AXM137|5332|X||0|8||||132|51|0|0|[]|13:43:34:641
21|2.1|636136512782126129|0|49496.109375|4.1082429849218|102.05820312933||||49496.109375|337.25|36100||||75033b|X|X|X||0|8||||132|51|0|0|[]|13:44:56:109
21|2.1|636136512829710887|0|49500.875|4.0984582864442|102.054598240417||||49500.875|334.75|35850||||75033b|AXM137|X|X|0|0|8||||132|51|0|0|[]|13:45:00:875
21|2.1|636136512870895005|0|49504.9765625|4.0900897943252|102.051529793307||||49504.9765625|332.75|35625||||75033b|AXM137|X|X||0|8||||132|51|0|0|[]|13:45:04:977
