21|2.1|636136510298677809|0|49247.765625|6.8555974899174|99.8092459742008||||49247.765625|390|41500||||750406|MXD183|X|X|0|0|7||||132|51|0|0|[]|13:40:47:766
21|2.1|636136510314589400|0|49249.3515625|6.8528079925444|99.8113059107224||||49249.3515625|390|41500||||750406|MXD183|X|X|0|0|7||||132|83|0|0|[]|13:40:49:352
21|2.1|636136510343922333|0|49252.296875|6.848001473994|99.8149322573073||||49252.296875|390|41500||||750406|MXD183|X|X|0|0|7||||132|51|0|0|[]|13:40:52:297
21|2.1|636136510390406981|0|49256.9453125|6.8397617279076|99.8211764398884||||49256.9453125|390|41500||||750406|MXD183|X|X|0|0|7||||132|51|0|0|[]|13:40:56:945
21|2.1|636136510431901130|0|49261.09375|6.8328952728356|99.8263477388645||||49261.09375|390|41500||||750406|MXD183|X|X|0|0|7||||132|51|0|0|[]|13:41:01:094
21|2.1|636136510447192659|0|49262.6015625|6.8301486908068|99.8284291330582||||49262.6015625|390|41500||||750406|MXD183|X|X||0|7||||132|83|0|0|[]|13:41:02:602
21|2.1|636136510475895529|0|49265.484375|6.8252992569122|99.8320125642989||||49265.484375|390|41500||||750406|MXD183|X|X|0|0|7||||132|51|0|0|[]|13:41:05:484
21|2.1|636136510496177557|0|49267.5078125|6.8218660293762|99.8346304002951||||49267.5078125|390|41500||||750406|MXD183|X|X|0|0|7||||132|83|0|0|[]|13:41:07:508
21|2.1|636136510517869726|0|49269.6953125|6.8180894790866|99.8374413553402||||49269.6953125|390|41500||||750406|MXD183|X|X|0|0|7||||132|51|0|0|[]|13:41:09:695
21|2.1|636136510549532892|0|49272.84375|6.8125533996848|99.8415183130392||||49272.84375|390|41500||||750406|MXD183|X|X|0|0|7||||132|83|0|0|[]|13:41:12:844
21|2.1|636136510559673906|0|49273.875|6.8107938705726|99.842762858021||||49273.875|390|41500||||750406|MXD183|X|X|0|0|7||||132|51|0|0|[]|13:41:13:875
21|2.1|636136510597587697|0|49277.65625|6.8040347038611|99.8473977151946||||49277.65625|390|41500||||750406|MXD183|X|X||0|7||||132|83|0|0|[]|13:41:17:656
21|2.1|636136510603198258|0|49278.2265625|6.8029618202561|99.8480843607018||||49278.2265625|390|41500||||750406|MXD183|X|X|0|0|7||||132|51|0|0|[]|13:41:18:227
21|2.1|636136510645942532|0|49282.4921875|6.7953228889885|99.8529767099406||||49282.4921875|390|41500||||750406|MXD183|X|X|0|0|7||||132|51|0|0|[]|13:41:22:492
21|2.1|636136510646102548|0|49282.4921875|6.7953228889885|99.8529767099406||||49282.4921875|390|41500||||750406|MXD183|X|X|0|0|7||||132|83|0|0|[]|13:41:22:492
21|2.1|636136510688376775|0|49286.7421875|6.7872333466068|99.8579119745236||||49286.7421875|390|41500||||750406|MXD183|X|X|0|0|7||||132|51|0|0|[]|13:41:26:742
21|2.1|636136510693217259|0|49287.2109375|6.7864823280833|99.8583411279656||||49287.2109375|390|41500||||750406|MXD183|X|X|0|0|7||||132|83|0|0|[]|13:41:27:211
21|2.1|636136510732211158|0|49291.1171875|6.7789936005204|99.8625897470414||||49291.1171875|390|41500||||750406|MXD183|X|X|0|0|7||||132|51|0|0|[]|13:41:31:117
21|2.1|636136510742352172|0|49292.1328125|6.7771053253756|99.8636840883185||||49292.1328125|390|41500||||750406|MXD183|X|X||0|7||||132|83|0|0|[]|13:41:32:133
21|2.1|636136510775585495|0|49295.4609375|6.7710971771876|99.8670314851661||||49295.4609375|390|41500||||750406|MXD183|X|X|0|0|7||||132|51|0|0|[]|13:41:35:461
21|2.1|636136510785256462|0|49296.421875|6.7692089020428|99.868082911099||||49296.421875|390|41500||||750406|MXD183|X|X|0|0|7||||132|83|0|0|[]|13:41:36:422
21|2.1|636136510818949831|0|49299.78125|6.762814515757|99.8716878000118||||49299.78125|390|41500||||750406|MXD183|X|X|0|0|7||||132|51|0|0|[]|13:41:39:781
21|2.1|636136510837671703|0|49301.65625|6.7594242035652|99.8735760751566||||49301.65625|390|41500||||750406|MXD183|X|X||0|7||||132|83|0|0|[]|13:41:41:656
21|2.1|636136510862474183|0|49304.15625|6.7545318543264|99.8762797418412||||49304.15625|390|41500||||750406|MXD183|X|X|0|0|7||||132|51|0|0|[]|13:41:44:156
21|2.1|636136510895397475|0|49307.421875|6.7485451638105|99.8796915117051||||49307.421875|390|41500||||750406|MXD183|X|X|0|0|7||||132|83|0|0|[]|13:41:47:422
21|2.1|636136510905228458|0|49308.4140625|6.7466783463378|99.880742937638||||49308.4140625|390|41500||||750406|MXD183|X|X|0|0|7||||132|51|0|0|[]|13:41:48:414
21|2.1|636136510943292264|0|49312.2109375|6.7395114838564|99.8847126069765||||49312.2109375|390|41500||||750406|MXD183|X|X|0|0|7||||132|83|0|0|[]|13:41:52:211
21|2.1|636136510948282763|0|49312.7265625|6.7383956849072|99.8853348794674||||49312.7265625|390|41500||||750406|MXD183|X|X||0|7||||132|51|0|0|[]|13:41:52:727
21|2.1|636136510992277162|0|49317.1328125|6.7301130234766|99.889969736641||||49317.1328125|390|41500||||750406|MXD183|X|X|0|0|7||||132|51|0|0|[]|13:41:57:133
21|2.1|636136511012089143|0|49319.1015625|6.7267012536127|99.8918794694579||||49319.1015625|390|41500||||750406|MXD183|X|X|0|0|7||||132|83|0|0|[]|13:41:59:102
21|2.1|636136511036741608|0|49321.5703125|6.7218089043739|99.8946045938146||||49321.5703125|390|41500||||750406|MXD183|X|X|0|0|7||||132|51|0|0|[]|13:42:01:570
21|2.1|636136511062794213|0|49324.1640625|6.7169594704793|99.8973297181713||||49324.1640625|390|41500||||750406|MXD183|X|X||0|7||||132|83|0|0|[]|13:42:04:164
21|2.1|636136511080115945|0|49325.9140625|6.7135262429433|99.899196535644||||49325.9140625|390|41500||||750406|MXD183|X|X|0|0|7||||132|51|0|0|[]|13:42:05:914
21|2.1|636136511114119345|0|49329.3046875|6.7075180947553|99.9025653901637||||49329.3046875|390|41500||||750406|MXD183|X|X|0|0|7||||132|83|0|0|[]|13:42:09:305
21|2.1|636136511122700203|0|49330.1640625|6.7056512772826|99.9036168160966||||49330.1640625|390|41500||||750406|MXD183|X|X|0|0|7||||132|51|0|0|[]|13:42:10:164
21|2.1|636136511166224555|0|49334.5234375|6.6974115311962|99.9082731309423||||49334.5234375|390|41500||||750406|MXD183|X|X|0|0|7||||132|51|0|0|[]|13:42:14:523
21|2.1|636136511166384571|0|49334.5234375|6.6974115311962|99.9082731309423||||49334.5234375|390|41500||||750406|MXD183|X|X||0|7||||132|83|0|0|[]|13:42:14:523
21|2.1|636136511213179250|0|49339.2265625|6.6887640893399|99.9130796494927||||49339.2265625|390|41500||||750406|MXD183|X|X|0|0|7||||132|51|0|0|[]|13:42:19:227
21|2.1|636136511227690701|0|49340.6640625|6.6861462533437|99.9145602288676||||49340.6640625|390|41500||||750406|MXD183|X|X|0|0|7||||132|83|0|0|[]|13:42:20:664
21|2.1|636136511254833415|0|49343.3828125|6.6808676660071|99.9174784722732||||49343.3828125|390|41500||||750406|MXD183|X|X|0|0|7||||132|51|0|0|[]|13:42:23:383
21|2.1|636136511293677299|0|49347.265625|6.6737222611978|99.921512514628||||49347.265625|390|41500||||750406|MXD183|X|X|0|0|7||||132|83|0|0|[]|13:42:27:266
21|2.1|636136511298207752|0|49347.7109375|6.6725850045765|99.9221347871189||||49347.7109375|390|41500||||750406|MXD183|X|X|0|0|7||||132|51|0|0|[]|13:42:27:711
21|2.1|636136511342192150|0|49352.109375|6.6643452584901|99.9267481866204||||49352.109375|390|41500||||750406|MXD183|X|X|0|0|7||||132|51|0|0|[]|13:42:32:109
21|2.1|636136511342202151|0|49352.1171875|6.6643452584901|99.9267481866204||||49352.1171875|390|41500||||750406|MXD183|X|X||0|7||||132|83|0|0|[]|13:42:32:117
21|2.1|636136511387286659|0|49356.6328125|6.6560625970595|99.9314045014661||||49356.6328125|390|41500||||750406|MXD183|X|X|0|0|7||||132|51|0|0|[]|13:42:36:633
21|2.1|636136511406778608|0|49358.5703125|6.652307504442|99.9335073533319||||49358.5703125|390|41500||||750406|MXD183|X|X|0|0|7||||132|83|0|0|[]|13:42:38:570
21|2.1|636136511430340964|0|49360.921875|6.6478228509731|99.9360179009676||||49360.921875|390|41500||||750406|MXD183|X|X|0|0|7||||132|51|0|0|[]|13:42:40:922
21|2.1|636136511459983928|0|49363.8828125|6.6425657213086|99.9389576020453||||49363.8828125|390|41500||||750406|MXD183|X|X||0|7||||132|83|0|0|[]|13:42:43:883
21|2.1|636136511474485378|0|49365.34375|6.6395831048867|99.9406313004691||||49365.34375|390|41500||||750406|MXD183|X|X|0|0|7||||132|51|0|0|[]|13:42:45:344
21|2.1|636136511517239653|0|49369.609375|6.6316866815539|99.9450515809217||||49369.609375|390|41500||||750406|MXD183|X|X|0|0|7||||132|51|0|0|[]|13:42:49:609
21|2.1|636136511528000729|0|49370.6875|6.6297984064091|99.9461244645267||||49370.6875|390|41500||||750406|MXD183|X|X||0|7||||132|83|0|0|[]|13:42:50:688
21|2.1|636136511558103739|0|49373.7109375|6.6237902582211|99.9494718613743||||49373.7109375|390|41500||||750406|MXD183|X|X|0|0|7||||132|51|0|0|[]|13:42:53:711
21|2.1|636136511579165845|0|49375.8125|6.6200351656036|99.9515747132401||||49375.8125|390|41500||||750406|MXD183|X|X|0|0|7||||132|83|0|0|[]|13:42:55:813
21|2.1|636136511598197748|0|49377.7109375|6.6162800729861|99.953699022778||||49377.7109375|390|41500||||750406|MXD183|X|X|0|0|7||||132|51|0|0|[]|13:42:57:711
21|2.1|636136511627060634|0|49380.59375|6.6110229433216|99.9566387238557||||49380.59375|390|41500||||750406|MXD183|X|X|0|0|7||||132|83|0|0|[]|13:43:00:594
21|2.1|636136511639231851|0|49381.8125|6.6087698877511|99.9579047265096||||49381.8125|390|41500||||750406|MXD183|X|X|0|0|7||||132|51|0|0|[]|13:43:01:813
21|2.1|636136511668244752|0|49384.7109375|6.6031479776609|99.9610375466362||||49384.7109375|390|41500||||750406|MXD183|X|X||0|7||||132|83|0|0|[]|13:43:04:711
21|2.1|636136511684006328|0|49386.2890625|6.6005301416647|99.9625610413553||||49386.2890625|390|41500||||750406|MXD183|X|X|0|0|7||||132|51|0|0|[]|13:43:06:289
21|2.1|636136511723780305|0|49390.2734375|6.5930414141018|99.9667452874148||||49390.2734375|390|41500||||750406|MXD183|X|X|0|0|7||||132|83|0|0|[]|13:43:10:273
21|2.1|636136511727840711|0|49390.6796875|6.5922474802341|99.9671958985289||||49390.6796875|390|41500||||750406|MXD183|X|X|0|0|7||||132|51|0|0|[]|13:43:10:680
21|2.1|636136511771995126|0|49395.0859375|6.5840077341477|99.9718092980304||||49395.0859375|390|41500||||750406|MXD183|X|X|0|0|7||||132|51|0|0|[]|13:43:15:086
21|2.1|636136511810528979|0|49398.9453125|6.5764975489127|99.9760579171062||||49398.9453125|390|41500||||750406|MXD183|X|X|0|0|7||||132|83|0|0|[]|13:43:18:945
21|2.1|636136511815209447|0|49399.421875|6.5757250727171|99.9764656128761||||49399.421875|390|41500||||750406|MXD183|X|X|0|0|7||||132|51|0|0|[]|13:43:19:422
21|2.1|636136511858573783|0|49403.75|6.5674853266307|99.9811219277218||||49403.75|390|41500||||750406|MXD183|X|X|0|0|7||||132|51|0|0|[]|13:43:23:750
21|2.1|636136511858723798|0|49403.75|6.5674853266307|99.9811219277218||||49403.75|390|41500||||750406|MXD183|X|X|0|0|7||||132|83|0|0|[]|13:43:23:750
21|2.1|636136511898977823|0|49407.796875|6.5599751413957|99.9853061737813||||49407.796875|390|41500||||750406|MXD183|X|X|0|0|7||||132|51|0|0|[]|13:43:27:797
21|2.1|636136511919419867|0|49409.828125|6.5562200487782|99.9874519409913||||49409.828125|390|41500||||750406|MXD183|X|X||0|7||||132|83|0|0|[]|13:43:29:828
21|2.1|636136511940321957|0|49411.9296875|6.5520787180629|99.989747911906||||49411.9296875|390|41500||||750406|MXD183|X|X|0|0|7||||132|51|0|0|[]|13:43:31:930
21|2.1|636136511959973922|0|49413.890625|6.5487313212153|99.9916361870508||||49413.890625|390|41500||||750406|MXD183|X|X||0|7||||132|83|0|0|[]|13:43:33:891
21|2.1|636136511984316356|0|49416.3359375|6.5437960566323|99.9944256844238||||49416.3359375|390|41500||||750406|MXD183|X|X|0|0|7||||132|51|0|0|[]|13:43:36:336
21|2.1|636136512025340458|0|49420.4296875|6.5363073290694|99.9986528458275||||49420.4296875|390|41500||||750406|MXD183|X|X|0|0|7||||132|51|0|0|[]|13:43:40:430
21|2.1|636136512059503874|0|49423.8359375|6.5299558581278|100.002214819396||||49423.8359375|390|41500||||750406|MXD183|X|X||0|7||||132|83|0|0|[]|13:43:43:836
21|2.1|636136512068084732|0|49424.671875|6.5284323634087|100.003051668608||||49424.671875|390|41500||||750406|MXD183|X|X|0|0|7||||132|51|0|0|[]|13:43:44:672
21|2.1|636136512109438867|0|49428.84375|6.5205359400759|100.007493406733||||49428.84375|390|41500||||750406|MXD183|X|X|0|0|7||||132|51|0|0|[]|13:43:48:844
21|2.1|636136512118629786|0|49429.7421875|6.5186476649311|100.008544832666||||49429.7421875|390|41500||||750406|MXD183|X|X|0|0|7||||132|83|0|0|[]|13:43:49:742
21|2.1|636136512153583281|0|49433.25|6.5122961939895|100.012149721578||||49433.25|390|41500||||750406|MXD183|X|X|0|0|7||||132|51|0|0|[]|13:43:53:250
21|2.1|636136512187906713|0|49436.6796875|6.5058803500316|100.015711695147||||49436.6796875|390|41500||||750406|MXD183|X|X|0|0|7||||132|83|0|0|[]|13:43:56:680
21|2.1|636136512202568179|0|49438.140625|6.5028548182655|100.017385393571||||49438.140625|390|41500||||750406|MXD183|X|X|0|0|7||||132|51|0|0|[]|13:43:58:141
21|2.1|636136512245632485|0|49442.4609375|6.4949583949327|100.021848589368||||49442.4609375|390|41500||||750406|MXD183|X|X|0|0|7||||132|51|0|0|[]|13:44:02:461
21|2.1|636136512289306852|0|49446.8203125|6.4866757335021|100.026483446541||||49446.8203125|390|41500||||750406|MXD183|X|X|0|0|7||||132|51|0|0|[]|13:44:06:820
21|2.1|636136512333451266|0|49451.2421875|6.4783930720715|100.031139761387||||49451.2421875|390|41500||||750406|MXD183|X|X|0|0|7||||132|51|0|0|[]|13:44:11:242
21|2.1|636136512333611282|0|49451.2421875|6.4783930720715|100.031139761387||||49451.2421875|390|41500||||750406|MXD183|X|X|0|0|7||||132|83|0|0|[]|13:44:11:242
21|2.1|636136512377445665|0|49455.6328125|6.4701104106409|100.035774618561||||49455.6328125|390|41500||||750406|MXD183|X|X|0|0|7||||132|51|0|0|[]|13:44:15:633
21|2.1|636136512421130033|0|49460.015625|6.4618277492103|100.040409475734||||49460.015625|390|41500||||750406|MXD183|X|X|0|0|7||||132|51|0|0|[]|13:44:20:016
21|2.1|636136512461374057|0|49464.03125|6.4542746486311|100.044636637138||||49464.03125|390|41500||||750406|MXD183|X|X|0|0|7||||132|51|0|0|[]|13:44:24:031
21|2.1|636136512461534073|0|49464.03125|6.4542746486311|100.044636637138||||49464.03125|390|41500||||750406|MXD183|X|X||0|7||||132|83|0|0|[]|13:44:24:031
21|2.1|636136512502878207|0|49468.1796875|6.4463567676262|100.049035459918||||49468.1796875|390|41500||||750406|MXD183|X|X|0|0|7||||132|51|0|0|[]|13:44:28:180
21|2.1|636136512545472466|0|49472.4453125|6.4384603442934|100.053477198043||||49472.4453125|390|41500||||750406|MXD183|X|X|0|0|7||||132|51|0|0|[]|13:44:32:445
21|2.1|636136512590857004|0|49476.96875|6.4297485294208|100.05834808961||||49476.96875|390|41500||||750406|MXD183|X|X|0|0|7||||132|51|0|0|[]|13:44:36:969
21|2.1|636136512631741092|0|49481.0546875|6.4221954288416|100.062553793341||||49481.0546875|390|41500||||750406|MXD183|X|X|0|0|7||||132|51|0|0|[]|13:44:41:055
21|2.1|636136512672295147|0|49485.125|6.4142990055088|100.066974073794||||49485.125|390|41500||||750406|MXD183|X|X|0|0|7||||132|51|0|0|[]|13:44:45:125
21|2.1|636136512712699187|0|49489.1640625|6.4067029895854|100.071201235198||||49489.1640625|390|41500||||750406|MXD183|X|X|0|0|7||||132|51|0|0|[]|13:44:49:164
21|2.1|636136512754513368|0|49493.34375|6.3988065662526|100.07562151565||||49493.34375|390|41500||||750406|MXD183|X|X|0|0|7||||132|51|0|0|[]|13:44:53:344
21|2.1|636136512798037720|0|49497.6953125|6.3908672275756|100.080106169119||||49497.6953125|390|41500||||750406|MXD183|X|X|0|0|7||||132|51|0|0|[]|13:44:57:695
21|2.1|636136512842032119|0|49502.1015625|6.3825416508008|100.084741026293||||49502.1015625|390|41500||||750406|MXD183|X|X|0|0|7||||132|51|0|0|[]|13:45:02:102
21|2.1|636136512883996315|0|49506.2890625|6.3745808544517|100.089182764417||||49506.2890625|390|41500||||750406|MXD183|X|X|0|0|7||||132|51|0|0|[]|13:45:06:289
21|2.1|636136512927370652|0|49510.625|6.3662981930211|100.093774706247||||49510.625|390|41500||||750406|MXD183|X|X|0|0|7||||132|51|0|0|[]|13:45:10:625
21|2.1|636136512969334848|0|49514.828125|6.358337396672|100.098237902044||||49514.828125|390|41500||||750406|MXD183|X|X|0|0|7||||132|51|0|0|[]|13:45:14:828
21|2.1|636136512969484863|0|49514.8359375|6.358337396672|100.098237902044||||49514.8359375|390|41500||||750406|MXD183|X|X||0|7||||132|83|0|0|[]|13:45:14:836
21|2.1|636136513014109325|0|49519.3046875|6.3500118198972|100.102872759217||||49519.3046875|390|41500||||750406|MXD183|X|X|0|0|7||||132|51|0|0|[]|13:45:19:305
21|2.1|636136513035481462|0|49521.4296875|6.345891946854|100.105190187804||||49521.4296875|390|41525||||750406|MXD183|X|X||0|7||||132|83|0|0|[]|13:45:21:430
21|2.1|636136513054663380|0|49523.34375|6.3420939388923|100.107271581998||||49523.34375|390|41500||||750406|MXD183|X|X|0|0|7||||132|51|0|0|[]|13:45:23:344
21|2.1|636136513098507764|0|49527.7421875|6.3337469044454|100.111927896843||||49527.7421875|390|41500||||750406|MXD183|X|X|0|0|7||||132|51|0|0|[]|13:45:27:742
21|2.1|636136513103808294|0|49528.2734375|6.333017343594|100.112357050285||||49528.2734375|390|41500||||750406|MXD183|X|X||0|7||||132|83|0|0|[]|13:45:28:273
21|2.1|636136513142962209|0|49532.1953125|6.3254213276706|100.116584211689||||49532.1953125|390|41500||||750406|MXD183|X|X|0|0|7||||132|51|0|0|[]|13:45:32:195
21|2.1|636136513162784191|0|49534.1640625|6.3216662350531|100.118687063555||||49534.1640625|390|41525||||750406|MXD183|X|X|0|0|7||||132|83|0|0|[]|13:45:34:164
21|2.1|636136513188516764|0|49536.75|6.3167738858143|100.121433645584||||49536.75|390|41500||||750406|MXD183|X|X|0|0|7||||132|51|0|0|[]|13:45:36:750
21|2.1|636136513231261038|0|49541.0234375|6.3088130894652|100.125853926036||||49541.0234375|390|41500||||750406|MXD183|X|X|0|0|7||||132|51|0|0|[]|13:45:41:023
21|2.1|636136513231421054|0|49541.0234375|6.3088130894652|100.125853926036||||49541.0234375|390|41500||||750406|MXD183|X|X|0|0|7||||132|83|0|0|[]|13:45:41:023
21|2.1|636136513274325344|0|49545.3203125|6.3004660550183|100.130510240882||||49545.3203125|390|41500||||750406|MXD183|X|X|0|0|7||||132|51|0|0|[]|13:45:45:320
21|2.1|636136513317689680|0|49549.6640625|6.2925696316855|100.134930521335||||49549.6640625|390|41500||||750406|MXD183|X|X|0|0|7||||132|51|0|0|[]|13:45:49:664
21|2.1|636136513317849696|0|49549.6640625|6.2925696316855|100.134930521335||||49549.6640625|390|41500||||750406|MXD183|X|X|0|0|7||||132|83|0|0|[]|13:45:49:664
21|2.1|636136513362624173|0|49554.140625|6.2838578168129|100.139779955229||||49554.140625|390|41525||||750406|MXD183|X|X|0|0|7||||132|51|0|0|[]|13:45:54:141
21|2.1|636136513386026513|0|49556.4921875|6.2797164860976|100.14214029916||||49556.4921875|390|41500||||750406|MXD183|X|X||0|7||||132|83|0|0|[]|13:45:56:492
21|2.1|636136513406938604|0|49558.578125|6.2755751553823|100.144436270075||||49558.578125|390|41525||||750406|MXD183|X|X|0|0|7||||132|51|0|0|[]|13:45:58:578
21|2.1|636136513447962706|0|49562.6875|6.2680220548031|100.148663431479||||49562.6875|390|41525||||750406|MXD183|X|X|0|0|7||||132|51|0|0|[]|13:46:02:688
21|2.1|636136513453883298|0|49563.2734375|6.2668633405097|100.14928570397||||49563.2734375|390|41525||||750406|MXD183|X|X|0|0|7||||132|83|0|0|[]|13:46:03:273
21|2.1|636136513491017011|0|49566.9921875|6.2596964780283|100.153319746324||||49566.9921875|390|41525||||750406|MXD183|X|X|0|0|7||||132|51|0|0|[]|13:46:06:992
21|2.1|636136513532351144|0|49571.125|6.2517785970234|100.157761484449||||49571.125|390|41525||||750406|MXD183|X|X|0|0|7||||132|51|0|0|[]|13:46:11:125
21|2.1|636136513552943203|0|49573.1796875|6.2480020467338|100.159885793987||||49573.1796875|390|41525||||750406|MXD183|X|X|0|0|7||||132|83|0|0|[]|13:46:13:180
21|2.1|636136513574475356|0|49575.34375|6.2439036313627|100.162203222574||||49575.34375|390|41500||||750406|MXD183|X|X|0|0|7||||132|51|0|0|[]|13:46:15:344
21|2.1|636136513606298538|0|49578.515625|6.2378525678305|100.165572077093||||49578.515625|390|41500||||750406|MXD183|X|X|0|0|7||||132|83|0|0|[]|13:46:18:516
21|2.1|636136513614419350|0|49579.3515625|6.2363505307835|100.16645184165||||49579.3515625|390|41525||||750406|MXD183|X|X|0|0|7||||132|51|0|0|[]|13:46:19:352
21|2.1|636136513654193327|0|49583.3046875|6.2292051259742|100.17044296866||||49583.3046875|390|41525||||750406|MXD183|X|X|0|0|7||||132|83|0|0|[]|13:46:23:305
21|2.1|636136513658723780|0|49583.7734375|6.2280678693529|100.171108156495||||49583.7734375|390|41525||||750406|MXD183|X|X|0|0|7||||132|51|0|0|[]|13:46:23:773
21|2.1|636136513700527960|0|49587.953125|6.2201714460201|100.175528436948||||49587.953125|390|41525||||750406|MXD183|X|X||0|7||||132|83|0|0|[]|13:46:27:953
21|2.1|636136513700527960|0|49587.953125|6.2201714460201|100.175528436948||||49587.953125|390|41525||||750406|MXD183|X|X|0|0|7||||132|51|0|0|[]|13:46:27:953
21|2.1|636136513742802187|0|49592.1796875|6.212210649671|100.1799487174||||49592.1796875|390|41525||||750406|MXD183|X|X|0|0|7||||132|51|0|0|[]|13:46:32:180
21|2.1|636136513776035510|0|49595.484375|6.2062239591551|100.183339029592||||49595.484375|390|41500||||750406|MXD183|X|X|0|0|7||||132|83|0|0|[]|13:46:35:484
21|2.1|636136513785086415|0|49596.3984375|6.2043356840103|100.184368997853||||49596.3984375|390|41500||||750406|MXD183|X|X|0|0|7||||132|51|0|0|[]|13:46:36:398
21|2.1|636136513827370643|0|49600.6328125|6.1964178030054|100.18883219365||||49600.6328125|390|41525||||750406|MXD183|X|X|0|0|7||||132|51|0|0|[]|13:46:40:633
21|2.1|636136513851863092|0|49603.0703125|6.1918902341923|100.191364198958||||49603.0703125|390|41525||||750406|MXD183|X|X||0|7||||132|83|0|0|[]|13:46:43:070
21|2.1|636136513870264932|0|49604.921875|6.1881351415748|100.193445593151||||49604.921875|390|41525||||750406|MXD183|X|X|0|0|7||||132|51|0|0|[]|13:46:44:922
21|2.1|636136513915039409|0|49609.3984375|6.1798524801442|100.198101907997||||49609.3984375|390|41525||||750406|MXD183|X|X|0|0|7||||132|51|0|0|[]|13:46:49:398
21|2.1|636136513919249830|0|49609.8125|6.1791229192928|100.198531061439||||49609.8125|390|41525||||750406|MXD183|X|X||0|7||||132|83|0|0|[]|13:46:49:813
21|2.1|636136513957003605|0|49613.6015625|6.1719345991393|100.202565103794||||49613.6015625|390|41525||||750406|MXD183|X|X|0|0|7||||132|51|0|0|[]|13:46:53:602
21|2.1|636136513999437848|0|49617.84375|6.1640596334786|100.207006841919||||49617.84375|390|41525||||750406|MXD183|X|X|0|0|7||||132|51|0|0|[]|13:46:57:844
21|2.1|636136514015199424|0|49619.3984375|6.1610341017125|100.208680540342||||49619.3984375|390|41525||||750406|MXD183|X|X|0|0|7||||132|83|0|0|[]|13:46:59:398
21|2.1|636136514041562060|0|49622.0390625|6.1561632101458|100.211405664699||||49622.0390625|390|41525||||750406|MXD183|X|X|0|0|7||||132|51|0|0|[]|13:47:02:039
21|2.1|636136514082896193|0|49626.1796875|6.1482238714688|100.215847402824||||49626.1796875|390|41525||||750406|MXD183|X|X|0|0|7||||132|51|0|0|[]|13:47:06:180
21|2.1|636136514101468050|0|49628.03125|6.1448550169491|100.217714220296||||49628.03125|390|41525||||750406|MXD183|X|X||0|7||||132|83|0|0|[]|13:47:08:031
21|2.1|636136514125490452|0|49630.453125|6.140327448136|100.220267683276||||49630.453125|390|41525||||750406|MXD183|X|X|0|0|7||||132|51|0|0|[]|13:47:10:453
21|2.1|636136514168704773|0|49634.7578125|6.1320877020496|100.224859625106||||49634.7578125|390|41525||||750406|MXD183|X|X|0|0|7||||132|51|0|0|[]|13:47:14:758
21|2.1|636136514168854788|0|49634.765625|6.1320877020496|100.224859625106||||49634.765625|390|41525||||750406|MXD183|X|X|0|0|7||||132|83|0|0|[]|13:47:14:766
21|2.1|636136514211449047|0|49639.0390625|6.1241912787168|100.22930136323||||49639.0390625|390|41525||||750406|MXD183|X|X|0|0|7||||132|51|0|0|[]|13:47:19:039
21|2.1|636136514260743976|0|49643.96875|6.1147713606649|100.234515577551||||49643.96875|390|41525||||750406|MXD183|X|X|0|0|7||||132|51|0|0|[]|13:47:23:969
21|2.1|636136514266364538|0|49644.5234375|6.1136555617157|100.235159307714||||49644.5234375|390|41525||||750406|MXD183|X|X||0|7||||132|83|0|0|[]|13:47:24:523
21|2.1|636136514304268328|0|49648.3203125|6.1065316145785|100.239171892396||||49648.3203125|390|41525||||750406|MXD183|X|X|0|0|7||||132|51|0|0|[]|13:47:28:320
21|2.1|636136514324240325|0|49650.3125|6.1027550642889|100.24125328659||||49650.3125|390|41525||||750406|MXD183|X|X|0|0|7||||132|83|0|0|[]|13:47:30:313
21|2.1|636136514348572758|0|49652.75|6.0982918684921|100.243763834226||||49652.75|390|41525||||750406|MXD183|X|X|0|0|7||||132|51|0|0|[]|13:47:32:750
21|2.1|636136514391947095|0|49657.078125|6.0904598181756|100.24809828399||||49657.078125|390|41525||||750406|MXD183|X|X|0|0|7||||132|51|0|0|[]|13:47:37:078
21|2.1|636136514411139014|0|49658.9921875|6.0867476409023|100.250158220512||||49658.9921875|390|41525||||750406|MXD183|X|X||0|7||||132|83|0|0|[]|13:47:38:992
21|2.1|636136514434841384|0|49661.359375|6.0823059027776|100.252668768147||||49661.359375|390|41525||||750406|MXD183|X|X|0|0|7||||132|51|0|0|[]|13:47:41:359
21|2.1|636136514477745674|0|49665.6796875|6.0745596831495|100.256960302567||||49665.6796875|390|41525||||750406|MXD183|X|X|0|0|7||||132|51|0|0|[]|13:47:45:680
21|2.1|636136514495697469|0|49667.4609375|6.071233743974|100.258805662368||||49667.4609375|390|41525||||750406|MXD183|X|X||0|7||||132|83|0|0|[]|13:47:47:461
21|2.1|636136514519239823|0|49669.8125|6.0668349211935|100.261273294659||||49669.8125|390|41525||||750406|MXD183|X|X|0|0|7||||132|51|0|0|[]|13:47:49:813
21|2.1|636136514560743973|0|49673.984375|6.0591101592375|100.265586286752||||49673.984375|390|41525||||750406|MXD183|X|X|0|0|7||||132|51|0|0|[]|13:47:53:984
21|2.1|636136514584456344|0|49676.3203125|6.0547327941291|100.268053919043||||49676.3203125|390|41525||||750406|MXD183|X|X||0|7||||132|83|0|0|[]|13:47:56:320
21|2.1|636136514601148013|0|49678.0078125|6.0517501777072|100.269706159795||||49678.0078125|390|41525||||750406|MXD183|X|X|0|0|7||||132|51|0|0|[]|13:47:58:008
21|2.1|636136514643272225|0|49682.234375|6.0440897887675|100.274040609559||||49682.234375|390|41525||||750406|MXD183|X|X|0|0|7||||132|51|0|0|[]|13:48:02:234
21|2.1|636136514663864284|0|49684.28125|6.0404205268384|100.276079088408||||49684.28125|390|41525||||750406|MXD183|X|X||0|7||||132|83|0|0|[]|13:48:04:281
21|2.1|636136514683526250|0|49686.25|6.0367083495651|100.27813902493||||49686.25|390|41525||||750406|MXD183|X|X|0|0|7||||132|51|0|0|[]|13:48:06:250
21|2.1|636136514724390336|0|49690.328125|6.0290265029533|100.282452017022||||49690.328125|390|41525||||750406|MXD183|X|X|0|0|7||||132|51|0|0|[]|13:48:10:328
21|2.1|636136514767914688|0|49694.6875|6.0213231986694|100.286743551442||||49694.6875|390|41525||||750406|MXD183|X|X|0|0|7||||132|51|0|0|[]|13:48:14:688
21|2.1|636136514811439040|0|49699.046875|6.0132765716319|100.291249662583||||49699.046875|390|41525||||750406|MXD183|X|X|0|0|7||||132|51|0|0|[]|13:48:19:047
21|2.1|636136514852313127|0|49703.1171875|6.0056161826922|100.295562654675||||49703.1171875|390|41525||||750406|MXD183|X|X|0|0|7||||132|51|0|0|[]|13:48:23:117
21|2.1|636136514896467542|0|49707.546875|5.9975480979826|100.300068765816||||49707.546875|390|41525||||750406|MXD183|X|X|0|0|7||||132|51|0|0|[]|13:48:27:547
21|2.1|636136514917679663|0|49709.640625|5.9938788360535|100.302107244666||||49709.640625|390|41525||||750406|MXD183|X|X|0|0|7||||132|83|0|0|[]|13:48:29:641
21|2.1|636136514939361831|0|49711.84375|5.9898877090429|100.304338842564||||49711.84375|390|41525||||750406|MXD183|X|X|0|0|7||||132|51|0|0|[]|13:48:31:844
21|2.1|636136514974775372|0|49715.359375|5.9833002037082|100.308008104493||||49715.359375|390|41525||||750406|MXD183|X|X||0|7||||132|83|0|0|[]|13:48:35:359
21|2.1|636136514985696464|0|49716.4609375|5.9814548439076|100.309059530426||||49716.4609375|390|41525||||750406|MXD183|X|X|0|0|7||||132|51|0|0|[]|13:48:36:461
21|2.1|636136515027980692|0|49720.6875|5.97381591264|100.313372522518||||49720.6875|390|41525||||750406|MXD183|X|X|0|0|7||||132|51|0|0|[]|13:48:40:688
21|2.1|636136515065574451|0|49724.4296875|5.9668850845517|100.317256361168||||49724.4296875|390|41525||||750406|MXD183|X|X||0|7||||132|83|0|0|[]|13:48:44:430
21|2.1|636136515070564950|0|49724.953125|5.9657692856025|100.317835718315||||49724.953125|390|41525||||750406|MXD183|X|X|0|0|7||||132|51|0|0|[]|13:48:44:953
21|2.1|636136515110658959|0|49728.9609375|5.9584736770885|100.321934133686||||49728.9609375|390|41525||||750406|MXD183|X|X|0|0|7||||132|51|0|0|[]|13:48:48:961
21|2.1|636136515143732266|0|49732.2578125|5.9526157326052|100.325195699845||||49732.2578125|390|41525||||750406|MXD183|X|X||0|7||||132|83|0|0|[]|13:48:52:258
21|2.1|636136515157143607|0|49733.6171875|5.9500837272974|100.326633363876||||49733.6171875|390|41525||||750406|MXD183|X|X|0|0|7||||132|51|0|0|[]|13:48:53:617
21|2.1|636136515200987991|0|49738|5.942058557932|100.331118017345||||49738|390|41525||||750406|MXD183|X|X|0|0|7||||132|51|0|0|[]|13:48:58:000
21|2.1|636136515211749067|0|49739.0703125|5.9402131981314|100.332169443278||||49739.0703125|390|41525||||750406|MXD183|X|X|0|0|7||||132|83|0|0|[]|13:48:59:070
21|2.1|636136515244672359|0|49742.359375|5.9340119308945|100.335624128486||||49742.359375|390|41525||||750406|MXD183|X|X|0|0|7||||132|51|0|0|[]|13:49:02:359
21|2.1|636136515260583950|0|49743.9375|5.9311366028331|100.337276369238||||49743.9375|390|41525||||750406|MXD183|X|X||0|7||||132|83|0|0|[]|13:49:03:938
21|2.1|636136515284606352|0|49746.359375|5.9267592377247|100.339744001529||||49746.359375|389.75|41500||||750406|MXD183|X|X|0|0|7||||132|51|0|0|[]|13:49:06:359
21|2.1|636136515319859877|0|49749.8671875|5.9205365128157|100.343198686737||||49749.8671875|390|41525||||750406|MXD183|X|X||0|7||||132|83|0|0|[]|13:49:09:867
21|2.1|636136515325330424|0|49750.4296875|5.9194421715386|100.343820959228||||49750.4296875|390|41525||||750406|MXD183|X|X|0|0|7||||132|51|0|0|[]|13:49:10:430
21|2.1|636136515369624853|0|49754.859375|5.9114384598453|100.348305612697||||49754.859375|390|41525||||750406|MXD183|X|X|0|0|7||||132|51|0|0|[]|13:49:14:859
21|2.1|636136515389436834|0|49756.828125|5.9078121132604|100.350344091547||||49756.828125|390|41525||||750406|MXD183|X|X|0|0|7||||132|83|0|0|[]|13:49:16:828
21|2.1|636136515411439034|0|49759.0390625|5.9037780709056|100.352575689445||||49759.0390625|390|41525||||750406|MXD183|X|X|0|0|7||||132|51|0|0|[]|13:49:19:039
21|2.1|636136515454033293|0|49763.296875|5.8961176819659|100.356845766193||||49763.296875|390|41525||||750406|MXD183|X|X|0|0|7||||132|51|0|0|[]|13:49:23:297
21|2.1|636136515477895679|0|49765.6796875|5.8917403168575|100.359291940812||||49765.6796875|390|41525||||750406|MXD183|X|X|0|0|7||||132|83|0|0|[]|13:49:25:680
21|2.1|636136515495997489|0|49767.4921875|5.8884358353541|100.361137300613||||49767.4921875|390|41525||||750406|MXD183|X|X|0|0|7||||132|51|0|0|[]|13:49:27:492
21|2.1|636136515539371826|0|49771.8203125|5.8804321236608|100.36560049641||||49771.8203125|390|41525||||750406|MXD183|X|X|0|0|7||||132|51|0|0|[]|13:49:31:820
21|2.1|636136515574155304|0|49775.3046875|5.8742308564239|100.369055181618||||49775.3046875|390|41525||||750406|MXD183|X|X|0|0|7||||132|83|0|0|[]|13:49:35:305
21|2.1|636136515583976286|0|49776.296875|5.8724284119675|100.370063692206||||49776.296875|390|41525||||750406|MXD183|X|X|0|0|7||||132|51|0|0|[]|13:49:36:297
21|2.1|636136515629060794|0|49780.796875|5.8640384621764|100.374741464724||||49780.796875|390|41525||||750406|MXD183|X|X|0|0|7||||132|51|0|0|[]|13:49:40:797
21|2.1|636136515673995287|0|49785.2890625|5.8559918351389|100.379247575865||||49785.2890625|390|41525||||750406|MXD183|X|X|0|0|7||||132|51|0|0|[]|13:49:45:289
21|2.1|636136515714099297|0|49789.296875|5.8487391419691|100.383303075892||||49789.296875|390|41525||||750406|MXD183|X|X|0|0|7||||132|51|0|0|[]|13:49:49:297
21|2.1|636136515756993586|0|49793.5859375|5.8407139726037|100.387766271689||||49793.5859375|390|41525||||750406|MXD183|X|X|0|0|7||||132|51|0|0|[]|13:49:53:586
21|2.1|636136515762454132|0|49794.140625|5.8395981736545|100.388410001852||||49794.140625|390|41525||||750406|MXD183|X|X||0|7||||132|83|0|0|[]|13:49:54:141
21|2.1|636136515797707657|0|49797.65625|5.8334183640897|100.391843229388||||49797.65625|390|41525||||750406|MXD183|X|X|0|0|7||||132|51|0|0|[]|13:49:57:656
21|2.1|636136515839051791|0|49801.796875|5.8257365174779|100.396134763808||||49801.796875|390|41525||||750406|MXD183|X|X|0|0|7||||132|51|0|0|[]|13:50:01:797
21|2.1|636136515844042290|0|49802.28125|5.8250069566265|100.39656391725||||49802.28125|390|41525||||750406|MXD183|X|X||0|7||||132|83|0|0|[]|13:50:02:281
21|2.1|636136515880705956|0|49805.9609375|5.8180546708661|100.400404840556||||49805.9609375|390|41525||||750406|MXD183|X|X|0|0|7||||132|51|0|0|[]|13:50:05:961
21|2.1|636136515891627048|0|49807.046875|5.8162093110655|100.401456266489||||49807.046875|390|41525||||750406|MXD183|X|X||0|7||||132|83|0|0|[]|13:50:07:047
21|2.1|636136515920949980|0|49809.9921875|5.81073760468|100.404481798255||||49809.9921875|390|41525||||750406|MXD183|X|X|0|0|7||||132|51|0|0|[]|13:50:09:992
21|2.1|636136515931711056|0|49811.0625|5.8088922448794|100.405533224188||||49811.0625|390|41525||||750406|MXD183|X|X||0|7||||132|83|0|0|[]|13:50:11:063
21|2.1|636136515961664051|0|49814.0625|5.8033776231497|100.408601671298||||49814.0625|390|41525||||750406|MXD183|X|X|0|0|7||||132|51|0|0|[]|13:50:14:063
21|2.1|636136516006598544|0|49818.546875|5.7949662156865|100.413279443816||||49818.546875|390|41525||||750406|MXD183|X|X|0|0|7||||132|51|0|0|[]|13:50:18:547
21|2.1|636136516010658950|0|49818.953125|5.7942366548351|100.413687139586||||49818.953125|390|41525||||750406|MXD183|X|X|0|0|7||||132|83|0|0|[]|13:50:18:953
21|2.1|636136516049972881|0|49822.890625|5.7872843690747|100.417592435908||||49822.890625|390|41525||||750406|MXD183|X|X|0|0|7||||132|51|0|0|[]|13:50:22:891
21|2.1|636136516093657249|0|49827.2578125|5.7792377420372|100.422098547049||||49827.2578125|390|41525||||750406|MXD183|X|X|0|0|7||||132|51|0|0|[]|13:50:27:258
21|2.1|636136516093807264|0|49827.2578125|5.7792377420372|100.422098547049||||49827.2578125|390|41525||||750406|MXD183|X|X||0|7||||132|83|0|0|[]|13:50:27:258
21|2.1|636136516137021585|0|49831.6015625|5.7711267419834|100.426583200518||||49831.6015625|390|41525||||750406|MXD183|X|X|0|0|7||||132|51|0|0|[]|13:50:31:602
21|2.1|636136516171495032|0|49835.03125|5.7648825594023|100.43008080107||||49835.03125|390|41525||||750406|MXD183|X|X|0|0|7||||132|83|0|0|[]|13:50:35:031
21|2.1|636136516179605843|0|49835.8359375|5.7634234376995|100.430917650282||||49835.8359375|390|41525||||750406|MXD183|X|X|0|0|7||||132|51|0|0|[]|13:50:35:836
21|2.1|636136516222820164|0|49840.1796875|5.7553338953178|100.435423761423||||49840.1796875|390|41525||||750406|MXD183|X|X|0|0|7||||132|51|0|0|[]|13:50:40:180
21|2.1|636136516252153097|0|49843.1015625|5.7501625963417|100.438320547157||||49843.1015625|390|41525||||750406|MXD183|X|X|0|0|7||||132|83|0|0|[]|13:50:43:102
21|2.1|636136516267124594|0|49844.5859375|5.747222895264|100.439951330236||||49844.5859375|390|41525||||750406|MXD183|X|X|0|0|7||||132|51|0|0|[]|13:50:44:586
21|2.1|636136516310498931|0|49848.9453125|5.739068979866|100.444500356721||||49848.9453125|390|41525||||750406|MXD183|X|X|0|0|7||||132|51|0|0|[]|13:50:48:945
21|2.1|636136516340451926|0|49851.9296875|5.7335543581363|100.447568803832||||49851.9296875|390|41525||||750406|MXD183|X|X||0|7||||132|83|0|0|[]|13:50:51:930
21|2.1|636136516355113392|0|49853.40625|5.7309794374843|100.449027925534||||49853.40625|390|41525||||750406|MXD183|X|X|0|0|7||||132|51|0|0|[]|13:50:53:406
21|2.1|636136516398807761|0|49857.765625|5.7228684374305|100.45357695202||||49857.765625|390|41525||||750406|MXD183|X|X|0|0|7||||132|51|0|0|[]|13:50:57:766
21|2.1|636136516427970677|0|49860.6796875|5.7176971384544|100.456473737753||||49860.6796875|390|41525||||750406|MXD183|X|X||0|7||||132|83|0|0|[]|13:51:00:680
21|2.1|636136516444512331|0|49862.328125|5.7143282839347|100.458319097554||||49862.328125|390|41525||||750406|MXD183|X|X|0|0|7||||132|51|0|0|[]|13:51:02:328
21|2.1|636136516485846464|0|49866.4765625|5.7069683024044|100.462438970597||||49866.4765625|390|41525||||750406|MXD183|X|X|0|0|7||||132|51|0|0|[]|13:51:06:477
21|2.1|636136516518139693|0|49869.703125|5.7010674425769|100.465764909772||||49869.703125|390|41525||||750406|MXD183|X|X|0|0|7||||132|83|0|0|[]|13:51:09:703
21|2.1|636136516528130692|0|49870.6953125|5.6992006251042|100.466751962689||||49870.6953125|390|41525||||750406|MXD183|X|X|0|0|7||||132|51|0|0|[]|13:51:10:695
21|2.1|636136516568524731|0|49874.7421875|5.691432947804|100.471107870125||||49874.7421875|390|41525||||750406|MXD183|X|X|0|0|7||||132|51|0|0|[]|13:51:14:742
21|2.1|636136516609708849|0|49878.859375|5.6840300509295|100.475227743169||||49878.859375|390|41525||||750406|MXD183|X|X|0|0|7||||132|51|0|0|[]|13:51:18:859
21|2.1|636136516609718850|0|49878.859375|5.6840300509295|100.475227743169||||49878.859375|390|41525||||750406|MXD183|X|X||0|7||||132|83|0|0|[]|13:51:18:859
21|2.1|636136516654483326|0|49883.3359375|5.6755328127779|100.479969888703||||49883.3359375|390|41525||||750406|MXD183|X|X|0|0|7||||132|51|0|0|[]|13:51:23:336
21|2.1|636136516694587336|0|49887.359375|5.6681299159034|100.484068304074||||49887.359375|390|41525||||750406|MXD183|X|X|0|0|7||||132|51|0|0|[]|13:51:27:359
21|2.1|636136516700507928|0|49887.859375|5.6673788973799|100.484497457516||||49887.859375|390|41525||||750406|MXD183|X|X||0|7||||132|83|0|0|[]|13:51:27:859
21|2.1|636136516738891766|0|49891.78125|5.6600189158496|100.488595872887||||49891.78125|390|41525||||750406|MXD183|X|X|0|0|7||||132|51|0|0|[]|13:51:31:781
21|2.1|636136516781486025|0|49896.046875|5.6522297808773|100.492930322651||||49896.046875|390|41525||||750406|MXD183|X|X|0|0|7||||132|51|0|0|[]|13:51:36:047
21|2.1|636136516825320408|0|49900.40625|5.6440758654793|100.497479349136||||49900.40625|390|41525||||750406|MXD183|X|X||0|7||||132|83|0|0|[]|13:51:40:406
21|2.1|636136516829690845|0|49900.8671875|5.6433463046279|100.497865587234||||49900.8671875|390|41525||||750406|MXD183|X|X|0|0|7||||132|51|0|0|[]|13:51:40:867
21|2.1|636136516870394915|0|49904.9296875|5.6355786273277|100.502178579326||||49904.9296875|390|41525||||750406|MXD183|X|X|0|0|7||||132|51|0|0|[]|13:51:44:930
21|2.1|636136516913929268|0|49909.2890625|5.6277894923554|100.506534486762||||49909.2890625|390|41525||||750406|MXD183|X|X|0|0|7||||132|51|0|0|[]|13:51:49:289
21|2.1|636136516955113386|0|49913.40625|5.6200647303994|100.510847478855||||49913.40625|390|41525||||750406|MXD183|X|X|0|0|7||||132|51|0|0|[]|13:51:53:406
21|2.1|636136516995517426|0|49917.4453125|5.6126403758528|100.51498880957||||49917.4453125|390|41525||||750406|MXD183|X|X|0|0|7||||132|51|0|0|[]|13:51:57:445
21|2.1|636136517039511825|0|49921.8359375|5.6044864604548|100.519494920711||||49921.8359375|390|41525||||750406|MXD183|X|X|0|0|7||||132|51|0|0|[]|13:52:01:836
21|2.1|636136517082106084|0|49926.1015625|5.5966973254825|100.523850828147||||49926.1015625|390|41525||||750406|MXD183|X|X|0|0|7||||132|51|0|0|[]|13:52:06:102
21|2.1|636136517107838657|0|49928.671875|5.5919122646042|100.52653303716||||49928.671875|390|41525||||750406|MXD183|X|X||0|7||||132|83|0|0|[]|13:52:08:672
21|2.1|636136517122500123|0|49930.125|5.5889296481823|100.528163820239||||49930.125|390|41525||||750406|MXD183|X|X|0|0|7||||132|51|0|0|[]|13:52:10:125
21|2.1|636136517164784351|0|49934.3671875|5.58114051321|100.532519727676||||49934.3671875|390|41525||||750406|MXD183|X|X|0|0|7||||132|51|0|0|[]|13:52:14:367
21|2.1|636136517205348407|0|49938.4296875|5.5737376163355|100.536639600719||||49938.4296875|390|41525||||750406|MXD183|X|X|0|0|7||||132|51|0|0|[]|13:52:18:430
21|2.1|636136517219379810|0|49939.8203125|5.5711197803393|100.538120180094||||49939.8203125|390|41525||||750406|MXD183|X|X||0|7||||132|83|0|0|[]|13:52:19:820
21|2.1|636136517248712743|0|49942.7578125|5.5655622432654|100.541231542548||||49942.7578125|390|41525||||750406|MXD183|X|X|0|0|7||||132|51|0|0|[]|13:52:22:758
21|2.1|636136517264314303|0|49944.3125|5.5629658649413|100.542690664251||||49944.3125|390|41525||||750406|MXD183|X|X|0|0|7||||132|83|0|0|[]|13:52:24:313
21|2.1|636136517288966768|0|49946.7890625|5.5581593463909|100.545415788608||||49946.7890625|390|41525||||750406|MXD183|X|X|0|0|7||||132|51|0|0|[]|13:52:26:789
21|2.1|636136517333121183|0|49951.125|5.5499196003045|100.549943357421||||49951.125|390|41525||||750406|MXD183|X|X|0|0|7||||132|51|0|0|[]|13:52:31:125
21|2.1|636136517377895660|0|49955.6796875|5.5417227695623|100.554556756922||||49955.6796875|390|41525||||750406|MXD183|X|X|0|0|7||||132|51|0|0|[]|13:52:35:680
21|2.1|636136517418449715|0|49959.7421875|5.5339121769179|100.558934122031||||49959.7421875|390|41525||||750406|MXD183|X|X|0|0|7||||132|51|0|0|[]|13:52:39:742
21|2.1|636136517459953865|0|49963.890625|5.5264019916829|100.563032537402||||49963.890625|390|41525||||750406|MXD183|X|X|0|0|7||||132|51|0|0|[]|13:52:43:891
21|2.1|636136517485996469|0|49966.4765625|5.5214238117557|100.565586000382||||49966.4765625|390|41525||||750406|MXD183|X|X||0|7||||132|83|0|0|[]|13:52:46:477
21|2.1|636136517504248294|0|49968.3203125|5.5175614307777|100.567474275526||||49968.3203125|390|41525||||750406|MXD183|X|X|0|0|7||||132|51|0|0|[]|13:52:48:320
21|2.1|636136517534821351|0|49971.3671875|5.5117464016386|100.570242315227||||49971.3671875|390|41525||||750406|MXD183|X|X|0|0|7||||132|83|0|0|[]|13:52:51:367
21|2.1|636136517548242693|0|49972.7109375|5.5089998196098|100.571508317881||||49972.7109375|390|41525||||750406|MXD183|X|X|0|0|7||||132|51|0|0|[]|13:52:52:711
21|2.1|636136517589116780|0|49976.7890625|5.5011248539491|100.575005918434||||49976.7890625|390|41525||||750406|MXD183|X|X|0|0|7||||132|51|0|0|[]|13:52:56:789
21|2.1|636136517630150883|0|49980.90625|5.4928421925185|100.578632265018||||49980.90625|390|41525||||750406|MXD183|X|X|0|0|7||||132|51|0|0|[]|13:53:00:906
21|2.1|636136517657913659|0|49983.6796875|5.4877138088866|100.580928235933||||49983.6796875|390|41525||||750406|MXD183|X|X||0|7||||132|83|0|0|[]|13:53:03:680
21|2.1|636136517671645032|0|49985.046875|5.4849243115136|100.582108407899||||49985.046875|390|41525||||750406|MXD183|X|X|0|0|7||||132|51|0|0|[]|13:53:05:047
21|2.1|636136517712519119|0|49989.140625|5.476641650083|100.585756212156||||49989.140625|390|41525||||750406|MXD183|X|X|0|0|7||||132|51|0|0|[]|13:53:09:141
21|2.1|636136517755263393|0|49993.4140625|5.4683160733082|100.589425474085||||49993.4140625|390|41525||||750406|MXD183|X|X|0|0|7||||132|51|0|0|[]|13:53:13:414
21|2.1|636136517798647731|0|49997.7578125|5.4596042584356|100.593244939719||||49997.7578125|390|41525||||750406|MXD183|X|X|0|0|7||||132|51|0|0|[]|13:53:17:758
21|2.1|636136517839341800|0|50001.828125|5.4516863774307|100.596678167255||||50001.828125|390|41525||||750406|MXD183|X|X|0|0|7||||132|51|0|0|[]|13:53:21:828
21|2.1|636136517839501816|0|50001.828125|5.4516863774307|100.596678167255||||50001.828125|390|41525||||750406|MXD183|X|X||0|7||||132|83|0|0|[]|13:53:21:828
21|2.1|636136517882416107|0|50006.140625|5.442953104886|100.600497632888||||50006.140625|390|41525||||750406|MXD183|X|X|0|0|7||||132|51|0|0|[]|13:53:26:141
21|2.1|636136517925930458|0|50010.4765625|5.4346060704391|100.604123979473||||50010.4765625|390|41525||||750406|MXD183|X|X|0|0|7||||132|51|0|0|[]|13:53:30:477
21|2.1|636136517968364701|0|50014.7265625|5.4258942555665|100.607921987435||||50014.7265625|390|41525||||750406|MXD183|X|X|0|0|7||||132|51|0|0|[]|13:53:34:727
21|2.1|636136517981776042|0|50016.0546875|5.4234695386192|100.608951955696||||50016.0546875|390|41525||||750406|MXD183|X|X||0|7||||132|83|0|0|[]|13:53:36:055
21|2.1|636136518012359100|0|50019.125|5.4171395253497|100.611741453069||||50019.125|390|41525||||750406|MXD183|X|X|0|0|7||||132|51|0|0|[]|13:53:39:125
21|2.1|636136518022030067|0|50020.0859375|5.4155516576143|100.61247101392||||50020.0859375|390|41525||||750406|MXD183|X|X|0|0|7||||132|83|0|0|[]|13:53:40:086
21|2.1|636136518052603124|0|50023.15625|5.4091787290006|100.615217595949||||50023.15625|390|41525||||750406|MXD183|X|X|0|0|7||||132|51|0|0|[]|13:53:43:156
21|2.1|636136518096917555|0|50027.578125|5.4004883718001|100.619037061583||||50027.578125|390|41525||||750406|MXD183|X|X|0|0|7||||132|51|0|0|[]|13:53:47:578
21|2.1|636136518111889052|0|50029.0703125|5.397677416755|100.62023869122||||50029.0703125|390|41525||||750406|MXD183|X|X||0|7||||132|83|0|0|[]|13:53:49:070
21|2.1|636136518138561719|0|50031.75|5.3921413373532|100.622706323512||||50031.75|390|41525||||750406|MXD183|X|X|0|0|7||||132|51|0|0|[]|13:53:51:750
21|2.1|636136518152923155|0|50033.171875|5.389308924636|100.623929410822||||50033.171875|390|41525||||750406|MXD183|X|X|0|0|7||||132|83|0|0|[]|13:53:53:172
21|2.1|636136518178505713|0|50035.75|5.3841805410041|100.62616100872||||50035.75|390|41525||||750406|MXD183|X|X|0|0|7||||132|51|0|0|[]|13:53:55:750
21|2.1|636136518221720034|0|50040.0703125|5.3758120488851|100.629830270649||||50040.0703125|390|41525||||750406|MXD183|X|X|0|0|7||||132|51|0|0|[]|13:54:00:070
21|2.1|636136518263374199|0|50044.2265625|5.3674650144382|100.633499532578||||50044.2265625|390|41525||||750406|MXD183|X|X||0|7||||132|51|0|0|[]|13:54:04:227
21|2.1|636136518304868348|0|50048.375|5.3591394376634|100.637125879163||||50048.375|390|41525||||750406|MXD183|X|X||0|7||||132|51|0|0|[]|13:54:08:375
21|2.1|636136518347452606|0|50052.625|5.3507924032165|100.640816598764||||50052.625|390|41525||||750406|MXD183|X|X|0|0|7||||132|51|0|0|[]|13:54:12:625
21|2.1|636136518390516912|0|50056.9375|5.3420162153276|100.644636064398||||50056.9375|390|41525||||750406|MXD183|X|X|0|0|7||||132|51|0|0|[]|13:54:16:938
21|2.1|636136518434041264|0|50061.296875|5.3336691808807|100.648305326327||||50061.296875|390|41525||||750406|MXD183|X|X|0|0|7||||132|51|0|0|[]|13:54:21:297
21|2.1|636136518462594119|0|50064.125|5.3276824903648|100.650923162323||||50064.125|390|41525||||750406|MXD183|X|X||0|7||||132|83|0|0|[]|13:54:24:125
21|2.1|636136518478825742|0|50065.765625|5.3245282125661|100.65231791101||||50065.765625|390|41525||||750406|MXD183|X|X|0|0|7||||132|51|0|0|[]|13:54:25:766
21|2.1|636136518504248284|0|50068.296875|5.3197646093599|100.654420762876||||50068.296875|390|41525||||750406|MXD183|X|X||0|7||||132|83|0|0|[]|13:54:28:297
21|2.1|636136518519379797|0|50069.828125|5.316567416217|100.655815511562||||50069.828125|390|41525||||750406|MXD183|X|X|0|0|7||||132|51|0|0|[]|13:54:29:828
21|2.1|636136518551513010|0|50073.0390625|5.3101944876033|100.658605008935||||50073.0390625|390|41525||||750406|MXD183|X|X||0|7||||132|83|0|0|[]|13:54:33:039
21|2.1|636136518560563915|0|50073.9453125|5.3082203817701|100.659484773491||||50073.9453125|390|41525||||750406|MXD183|X|X||0|7||||132|51|0|0|[]|13:54:33:945
21|2.1|636136518593167175|0|50077.1953125|5.3018259954843|100.66223135552||||50077.1953125|390|41525||||750406|MXD183|X|X|0|0|7||||132|83|0|0|[]|13:54:37:195
21|2.1|636136518601748033|0|50078.0703125|5.300259585421|100.662939458699||||50078.0703125|390|41525||||750406|MXD183|X|X|0|0|7||||132|51|0|0|[]|13:54:38:070
21|2.1|636136518642152073|0|50082.09375|5.2922987890719|100.666437059252||||50082.09375|390|41525||||750406|MXD183|X|X|0|0|7||||132|51|0|0|[]|13:54:42:094
21|2.1|636136518671014959|0|50084.984375|5.2862906408839|100.669033437576||||50084.984375|390|41525||||750406|MXD183|X|X|0|0|7||||132|83|0|0|[]|13:54:44:984
21|2.1|636136518685836441|0|50086.4765625|5.2835440588551|100.670277982558||||50086.4765625|390|41525||||750406|MXD183|X|X|0|0|7||||132|51|0|0|[]|13:54:46:477
21|2.1|636136518720939951|0|50089.9765625|5.2763771963737|100.673410802684||||50089.9765625|390|41525||||750406|MXD183|X|X||0|7||||132|83|0|0|[]|13:54:49:977
21|2.1|636136518726550512|0|50090.546875|5.2751755667361|100.673925786815||||50090.546875|390|41525||||750406|MXD183|X|X|0|0|7||||132|51|0|0|[]|13:54:50:547
21|2.1|636136518770384895|0|50094.9296875|5.2663779211751|100.677788167793||||50094.9296875|390|41525||||750406|MXD183|X|X|0|0|7||||132|51|0|0|[]|13:54:54:930
21|2.1|636136518815009357|0|50099.390625|5.2576446486304|100.681607633426||||50099.390625|390|41525||||750406|MXD183|X|X|0|0|7||||132|51|0|0|[]|13:54:59:391
21|2.1|636136518858843740|0|50103.7734375|5.2488470030694|100.685405641388||||50103.7734375|390|41525||||750406|MXD183|X|X|0|0|7||||132|51|0|0|[]|13:55:03:773
21|2.1|636136518903928248|0|50108.2734375|5.2401137305247|100.689268022366||||50108.2734375|390|41525||||750406|MXD183|X|X|0|0|7||||132|51|0|0|[]|13:55:08:273
21|2.1|636136518948232678|0|50112.6953125|5.2313160849637|100.693087488||||50112.6953125|390|41525||||750406|MXD183|X|X|0|0|7||||132|51|0|0|[]|13:55:12:695
21|2.1|636136518992067061|0|50117.09375|5.222582812419|100.696949868978||||50117.09375|390|41525||||750406|MXD183|X|X|0|0|7||||132|51|0|0|[]|13:55:17:094
21|2.1|636136519034661320|0|50121.34375|5.2138280822022|100.700769334612||||50121.34375|390|41525||||750406|MXD183|X|X|0|0|7||||132|51|0|0|[]|13:55:21:344
21|2.1|636136519074595313|0|50125.34375|5.2058672858531|100.704266935164||||50125.34375|390|41525||||750406|MXD183|X|X|0|0|7||||132|51|0|0|[]|13:55:25:344
21|2.1|636136519115469400|0|50129.4296875|5.197906489504|100.707721620372||||50129.4296875|390|41525||||750406|MXD183|X|X|0|0|7||||132|51|0|0|[]|13:55:29:430
21|2.1|636136519155723425|0|50133.453125|5.1899886084991|100.711197763252||||50133.453125|390|41525||||750406|MXD183|X|X|0|0|7||||132|51|0|0|[]|13:55:33:453
21|2.1|636136519198467699|0|50137.734375|5.1812982512986|100.714974313542||||50137.734375|390|41525||||750406|MXD183|X|X|0|0|7||||132|51|0|0|[]|13:55:37:734
21|2.1|636136519241842036|0|50142.078125|5.173015589868|100.718579202455||||50142.078125|390|41525||||750406|MXD183|X|X|0|0|7||||132|51|0|0|[]|13:55:42:078
21|2.1|636136519286296481|0|50146.515625|5.1639819099139|100.722570329465||||50146.515625|390|41525||||750406|MXD183|X|X|0|0|7||||132|51|0|0|[]|13:55:46:516
21|2.1|636136519328590710|0|50150.75|5.1558065368438|100.726153760706||||50150.75|390|41525||||750406|MXD183|X|X|0|0|7||||132|51|0|0|[]|13:55:50:750
21|2.1|636136519371474998|0|50155.0390625|5.1475882484295|100.729737191947||||50155.0390625|390|41525||||750406|MXD183|X|X|0|0|7||||132|51|0|0|[]|13:55:55:039
21|2.1|636136519420469897|0|50159.9296875|5.1378679229682|100.73396435335||||50159.9296875|390|41525||||750406|MXD183|X|X||0|7||||132|51|0|0|[]|13:55:59:930
21|2.1|636136519460713921|0|50163.953125|5.1301431610122|100.737376123214||||50163.953125|390|41525||||750406|MXD183|X|X|0|0|7||||132|51|0|0|[]|13:56:03:953
21|2.1|636136519504548304|0|50168.3359375|5.1216673805327|100.741066842815||||50168.3359375|390|41525||||750406|MXD183|X|X|0|0|7||||132|51|0|0|[]|13:56:08:336
21|2.1|636136519548852734|0|50172.765625|5.1132130577253|100.744779020089||||50172.765625|390|41525||||750406|MXD183|X|X|0|0|7||||132|51|0|0|[]|13:56:12:766
21|2.1|636136519592687117|0|50177.1484375|5.1047372772458|100.748512655034||||50177.1484375|390|41525||||750406|MXD183|X|X||0|7||||132|51|0|0|[]|13:56:17:148
21|2.1|636136519636531501|0|50181.5390625|5.0962185814221|100.752160459291||||50181.5390625|390|41525||||750406|MXD183|X|X||0|7||||132|51|0|0|[]|13:56:21:539
21|2.1|636136519679585806|0|50185.84375|5.088043208352|100.755464940795||||50185.84375|390|41525||||750406|MXD183|X|X||0|7||||132|51|0|0|[]|13:56:25:844
21|2.1|636136519724670314|0|50190.34375|5.0788593246932|100.758597760921||||50190.34375|390|41525||||750406|MXD183|X|X||0|7||||132|51|0|0|[]|13:56:30:344
21|2.1|636136519766174464|0|50194.4921875|5.0707054092952|100.760958104852||||50194.4921875|390|41525||||750406|MXD183|X|X|0|0|7||||132|51|0|0|[]|13:56:34:492
21|2.1|636136519811879034|0|50199.0703125|5.061221118227|100.763211160423||||50199.0703125|390|41525||||750406|MXD183|X|X|0|0|7||||132|51|0|0|[]|13:56:39:070
21|2.1|636136519852753121|0|50203.15625|5.0524449303381|100.764841943502||||50203.15625|390|41525||||750406|MXD183|X|X||0|7||||132|51|0|0|[]|13:56:43:156
21|2.1|636136519895967442|0|50207.484375|5.0435399964166|100.76604357314||||50207.484375|390|41525||||750406|MXD183|X|X||0|7||||132|51|0|0|[]|13:56:47:484
21|2.1|636136519940891934|0|50211.9765625|5.0337338402669|100.766837507008||||50211.9765625|390|41525||||750406|MXD183|X|X|0|0|7||||132|51|0|0|[]|13:56:51:977
21|2.1|636136519985666411|0|50216.4453125|5.0243353798871|100.767116456745||||50216.4453125|390|41525||||750406|MXD183|X|X||0|7||||132|51|0|0|[]|13:56:56:445
21|2.1|636136520031070951|0|50220.984375|5.0144863083932|100.76696625304||||50220.984375|390|41525||||750406|MXD183|X|X||0|7||||132|51|0|0|[]|13:57:00:984
21|2.1|636136520072405084|0|50225.125|5.005431170767|100.766644387959||||50225.125|390|41525||||750406|MXD183|X|X||0|7||||132|51|0|0|[]|13:57:05:125
21|2.1|636136520114689312|0|50229.359375|4.9963974908129|100.766236692189||||50229.359375|390|41525||||750406|MXD183|X|X|0|0|7||||132|51|0|0|[]|13:57:09:359
21|2.1|636136520155563399|0|50233.4296875|4.9877929643008|100.765807538747||||50233.4296875|390|41525||||750406|MXD183|X|X|0|0|7||||132|51|0|0|[]|13:57:13:430
21|2.1|636136520195647407|0|50237.453125|4.9792313531329|100.765399842977||||50237.453125|390|41525||||750406|MXD183|X|X|0|0|7||||132|51|0|0|[]|13:57:17:453
21|2.1|636136520237461588|0|50241.625|4.9701976731788|100.764906316519||||50241.625|390|41525||||750406|MXD183|X|X|0|0|7||||132|51|0|0|[]|13:57:21:625
21|2.1|636136520281455987|0|50246.0234375|4.9606919244385|100.76441279006||||50246.0234375|390|41525||||750406|MXD183|X|X|0|0|7||||132|51|0|0|[]|13:57:26:023
21|2.1|636136520326700511|0|50250.5546875|4.9507999376004|100.76389780593||||50250.5546875|390|41525||||750406|MXD183|X|X|0|0|7||||132|51|0|0|[]|13:57:30:555
21|2.1|636136520369444785|0|50254.828125|4.9418091729905|100.763425737144||||50254.828125|390|41525||||750406|MXD183|X|X|0|0|7||||132|51|0|0|[]|13:57:34:828
21|2.1|636136520411408981|0|50259.015625|4.9327325776922|100.762932210685||||50259.015625|390|41525||||750406|MXD183|X|X|0|0|7||||132|51|0|0|[]|13:57:39:016
21|2.1|636136520453213161|0|50263.203125|4.9236988977381|100.762438684227||||50263.203125|389.5|41475||||750406|MXD183|X|X|0|0|7||||132|51|0|0|[]|13:57:43:203
21|2.1|636136520496277467|0|50267.5234375|4.9141931489978|100.761966615441||||50267.5234375|389|41450||||750406|MXD183|X|X|0|0|7||||132|51|0|0|[]|13:57:47:523
21|2.1|636136520540111850|0|50271.8984375|4.9046874002575|100.761494546655||||50271.8984375|388.25|41375||||750406|MXD183|X|X|0|0|7||||132|51|0|0|[]|13:57:51:898
21|2.1|636136520584266265|0|50276.3046875|4.8956537203034|100.761065393213||||50276.3046875|387.5|41275||||750406|MXD183|X|X|0|0|7||||132|51|0|0|[]|13:57:56:305
21|2.1|636136520627160554|0|50280.59375|4.886126513891|100.760593324426||||50280.59375|386.75|41200||||750406|MXD183|X|X|0|0|7||||132|51|0|0|[]|13:58:00:594
21|2.1|636136520670694907|0|50284.953125|4.8765993074786|100.76012125564||||50284.953125|386|41125||||750406|MXD183|X|X|0|0|7||||132|51|0|0|[]|13:58:04:953
21|2.1|636136520714689306|0|50289.3515625|4.8671364740825|100.75971355987||||50289.3515625|385.5|41075||||750406|MXD183|X|X|0|0|7||||132|51|0|0|[]|13:58:09:352
21|2.1|636136520757423579|0|50293.6015625|4.8579955057679|100.759262948756||||50293.6015625|384.75|41000||||750406|MXD183|X|X|0|0|7||||132|51|0|0|[]|13:58:13:602
21|2.1|636136520797367573|0|50297.625|4.8493480639116|100.758833795314||||50297.625|384.25|40950||||750406|MXD183|X|X|0|0|7||||132|51|0|0|[]|13:58:17:625
21|2.1|636136520840891925|0|50301.9765625|4.8397564844829|100.758361726528||||50301.9765625|383.5|40850||||750406|MXD183|X|X|0|0|7||||132|51|0|0|[]|13:58:21:977
21|2.1|636136520881926028|0|50306.078125|4.8310446696103|100.757932573086||||50306.078125|382.75|40800||||750406|MXD183|X|X|0|0|7||||132|51|0|0|[]|13:58:26:078
21|2.1|636136520924200255|0|50310.3046875|4.8219037012957|100.757524877316||||50310.3046875|382.25|40725||||750406|MXD183|X|X|0|0|7||||132|51|0|0|[]|13:58:30:305
21|2.1|636136520967254560|0|50314.6015625|4.8123335795391|100.757095723874||||50314.6015625|381.5|40650||||750406|MXD183|X|X|0|0|7||||132|51|0|0|[]|13:58:34:602
21|2.1|636136521011869021|0|50319.078125|4.8026776270941|100.756730943448||||50319.078125|380.75|40575||||750406|MXD183|X|X|0|0|7||||132|51|0|0|[]|13:58:39:078
21|2.1|636136521052433077|0|50323.1328125|4.7934937434353|100.756430536039||||50323.1328125|380.25|40525||||750406|MXD183|X|X|0|0|7||||132|51|0|0|[]|13:58:43:133
21|2.1|636136521095177351|0|50327.40625|4.7842669444323|100.756044297941||||50327.40625|379.5|40450||||750406|MXD183|X|X|0|0|7||||132|51|0|0|[]|13:58:47:406
21|2.1|636136521135581391|0|50331.4453125|4.7754907565434|100.755700975188||||50331.4453125|378.75|40375||||750406|MXD183|X|X|0|0|7||||132|51|0|0|[]|13:58:51:445
21|2.1|636136521179115744|0|50335.796875|4.7657704310821|100.755379110106||||50335.796875|378|40300||||750406|MXD183|X|X|0|0|7||||132|51|0|0|[]|13:58:55:797
21|2.1|636136521219519784|0|50339.84375|4.756951327849|100.755143075713||||50339.84375|377.5|40250||||750406|MXD183|X|X|0|0|7||||132|51|0|0|[]|13:58:59:844
21|2.1|636136521261013933|0|50343.9921875|4.7476816135018|100.755185991057||||50343.9921875|377|40200||||750406|MXD183|X|X|0|0|7||||132|51|0|0|[]|13:59:03:992
21|2.1|636136521309688800|0|50348.8515625|4.7371029811565|100.755700975188||||50348.8515625|376.25|40125||||750406|MXD183|X|X|0|0|7||||132|51|0|0|[]|13:59:08:852
21|2.1|636136521359453776|0|50353.8359375|4.7261381107134|100.756773858793||||50353.8359375|375.5|40050||||750406|MXD183|X|X|0|0|7||||132|51|0|0|[]|13:59:13:836
21|2.1|636136521406558486|0|50358.546875|4.7156882244007|100.758361726528||||50358.546875|374.75|39950||||750406|MXD183|X|X||0|7||||132|51|0|0|[]|13:59:18:547
21|2.1|636136521448372667|0|50362.71875|4.7066116291024|100.76012125564||||50362.71875|374|39875||||750406|MXD183|X|X|0|0|7||||132|51|0|0|[]|13:59:22:719
21|2.1|636136521491897019|0|50367.078125|4.6976637798367|100.76226702285||||50367.078125|373.25|39800||||750406|MXD183|X|X|0|0|7||||132|51|0|0|[]|13:59:27:078
21|2.1|636136521532771106|0|50371.171875|4.6887373882431|100.764562993765||||50371.171875|372.5|39725||||750406|MXD183|X|X|0|0|7||||132|51|0|0|[]|13:59:31:172
21|2.1|636136521575675396|0|50375.4453125|4.6798539119937|100.767116456745||||50375.4453125|372|39675||||750406|MXD183|X|X|0|0|7||||132|51|0|0|[]|13:59:35:445
21|2.1|636136521617479576|0|50379.6484375|4.6710562664327|100.769863038774||||50379.6484375|371.25|39600||||750406|MXD183|X|X|0|0|7||||132|51|0|0|[]|13:59:39:648
21|2.1|636136521659293757|0|50383.828125|4.6622800785438|100.772802739851||||50383.828125|370.5|39525||||750406|MXD183|X|X|0|0|7||||132|51|0|0|[]|13:59:43:828
21|2.1|636136521704378265|0|50388.3359375|4.6527528721314|100.776257425059||||50388.3359375|369.75|39425||||750406|MXD183|X|X|0|0|7||||132|51|0|0|[]|13:59:48:336
21|2.1|636136521748212648|0|50392.703125|4.6441912609635|100.779583364235||||50392.703125|369.25|39375||||750406|MXD183|X|X|0|0|7||||132|51|0|0|[]|13:59:52:703
21|2.1|636136521792987125|0|50397.1640625|4.6348357159279|100.783510118229||||50397.1640625|368.5|39300||||750406|MXD183|X|X|0|0|7||||132|51|0|0|[]|13:59:57:164
21|2.1|636136521834491275|0|50401.34375|4.6263813931205|100.787265210847||||50401.34375|367.75|39225||||750406|MXD183|X|X|0|0|7||||132|51|0|0|[]|14:00:01:344
21|2.1|636136521878325658|0|50405.6953125|4.6180772740178|100.791234880185||||50405.6953125|367|39150||||750406|MXD183|X|X|0|0|7||||132|51|0|0|[]|14:00:05:695
21|2.1|636136521923260151|0|50410.203125|4.6090435940637|100.795826822015||||50410.203125|366.25|39075||||750406|MXD183|X|X|0|0|7||||132|51|0|0|[]|14:00:10:203
21|2.1|636136521964594284|0|50414.3515625|4.600954051682|100.800225644795||||50414.3515625|365.75|39000||||750406|MXD183|X|X||0|7||||132|51|0|0|[]|14:00:14:352
21|2.1|636136522008898714|0|50418.7734375|4.5924782712025|100.804860501969||||50418.7734375|365|38925||||750406|MXD183|X|X||0|7||||132|51|0|0|[]|14:00:18:773
21|2.1|636136522053833207|0|50423.2734375|4.5839595753788|100.809495359142||||50423.2734375|364.25|38850||||750406|MXD183|X|X||0|7||||132|51|0|0|[]|14:00:23:273
21|2.1|636136522096887512|0|50427.5859375|4.5754837948993|100.814194589332||||50427.5859375|363.5|38775||||750406|MXD183|X|X||0|7||||132|51|0|0|[]|14:00:27:586
21|2.1|636136522144312254|0|50432.3125|4.5661711652079|100.819301515292||||50432.3125|362.75|38700||||750406|MXD183|X|X|0|0|7||||132|51|0|0|[]|14:00:32:313
21|2.1|636136522188306653|0|50436.7109375|4.5576953847284|100.824000745482||||50436.7109375|362.25|38650||||750406|MXD183|X|X|0|0|7||||132|51|0|0|[]|14:00:36:711
21|2.1|636136522233551177|0|50441.2421875|4.5491337735605|100.828678518||||50441.2421875|361.5|38550||||750406|MXD183|X|X|0|0|7||||132|51|0|0|[]|14:00:41:242
21|2.1|636136522274735295|0|50445.3671875|4.5410227735067|100.833163171469||||50445.3671875|360.75|38475||||750406|MXD183|X|X|0|0|7||||132|51|0|0|[]|14:00:45:367
21|2.1|636136522319979819|0|50449.875|4.5324611623388|100.837926774675||||50449.875|360|38400||||750406|MXD183|X|X|0|0|7||||132|51|0|0|[]|14:00:49:875
21|2.1|636136522360063827|0|50453.890625|4.5242643315966|100.842411428144||||50453.890625|359.25|38325||||750406|MXD183|X|X|0|0|7||||132|51|0|0|[]|14:00:53:891
21|2.1|636136522410148835|0|50458.890625|4.5145440061353|100.847818761513||||50458.890625|358.5|38250||||750406|MXD183|X|X|0|0|7||||132|51|0|0|[]|14:00:58:891
21|2.1|636136522452583078|0|50463.140625|4.5059823949674|100.852560907047||||50463.140625|358|38200||||750406|MXD183|X|X|0|0|7||||132|51|0|0|[]|14:01:03:141
21|2.1|636136522507178537|0|50468.6015625|4.4954681356384|100.858354478514||||50468.6015625|357|38075||||750406|MXD183|X|X|0|0|7||||132|51|0|0|[]|14:01:08:602
