21|2.1|636136517052923166|0|49923.1796875|3.3917069404865|100.317428022545||||49923.1796875|340|36150||||76cccd|SQC7360|X|X|0|0|7||||132|51|0|0|[]|13:52:03:180
21|2.1|636136517093957269|0|49927.2890625|3.3951830833667|100.308844953705||||49927.2890625|340|36150||||76cccd|SQC7360|X|X|0|0|7||||132|51|0|0|[]|13:52:07:289
21|2.1|636136517137171590|0|49931.6171875|3.3991742103773|100.29948940867||||49931.6171875|340|36150||||76cccd|SQC7360|X|X|0|0|7||||132|51|0|0|[]|13:52:11:617
21|2.1|636136517197387611|0|49937.625|3.4047961204675|100.286786466786||||49937.625|340|36150||||76cccd|SQC7360|X|X||0|7||||132|51|0|0|[]|13:52:17:625
21|2.1|636136517240911963|0|49941.9765625|3.4090661972154|100.277516752439||||49941.9765625|340|36150||||76cccd|SQC7360|X|X|0|0|7||||132|51|0|0|[]|13:52:21:977
21|2.1|636136517287086580|0|49946.59375|3.4137225120611|100.267903715338||||49946.59375|340|36150||||76cccd|SQC7360|X|X||0|7||||132|51|0|0|[]|13:52:26:594
21|2.1|636136517329520823|0|49950.8359375|3.4181213348416|100.25923481581||||49950.8359375|340|36150||||76cccd|SQC7360|X|X||0|7||||132|51|0|0|[]|13:52:30:836
21|2.1|636136517374135284|0|49955.3046875|3.4227991073594|100.250158220512||||49955.3046875|340|36150||||76cccd|SQC7360|X|X||0|7||||132|51|0|0|[]|13:52:35:305
21|2.1|636136517414549325|0|49959.3359375|3.4273052185004|100.241532236327||||49959.3359375|340|36150||||76cccd|SQC7360|X|X||0|7||||132|51|0|0|[]|13:52:39:336
21|2.1|636136517458693739|0|49963.765625|3.4321117370508|100.232477098701||||49963.765625|340|36150||||76cccd|SQC7360|X|X|0|0|7||||132|51|0|0|[]|13:52:43:766
21|2.1|636136517499417811|0|49967.8359375|3.4365320175034|100.224344640975||||49967.8359375|340|36150||||76cccd|SQC7360|X|X|0|0|7||||132|51|0|0|[]|13:52:47:836
21|2.1|636136517546992568|0|49972.59375|3.4417891471679|100.214538484826||||49972.59375|340|36150||||76cccd|SQC7360|X|X|0|0|7||||132|51|0|0|[]|13:52:52:594
21|2.1|636136517587246593|0|49976.609375|3.4462094276205|100.206384569428||||49976.609375|340|36150||||76cccd|SQC7360|X|X|0|0|7||||132|51|0|0|[]|13:52:56:609
21|2.1|636136517629990867|0|49980.8828125|3.4508872001383|100.19782295826||||49980.8828125|340|36150||||76cccd|SQC7360|X|X|0|0|7||||132|51|0|0|[]|13:53:00:883
21|2.1|636136517685216389|0|49986.4140625|3.4571313827194|100.186471849719||||49986.4140625|340|36150||||76cccd|SQC7360|X|X||0|7||||132|51|0|0|[]|13:53:06:414
21|2.1|636136517729050772|0|49990.796875|3.4620237319582|100.177524000453||||49990.796875|340|36150||||76cccd|SQC7360|X|X||0|7||||132|51|0|0|[]|13:53:10:797
21|2.1|636136517770704937|0|49994.953125|3.4667444198202|100.169026762302||||49994.953125|340|36150||||76cccd|SQC7360|X|X|0|0|7||||132|51|0|0|[]|13:53:14:953
21|2.1|636136517815789445|0|49999.46875|3.471636769059|100.160078913036||||49999.46875|340|36150||||76cccd|SQC7360|X|X|0|0|7||||132|51|0|0|[]|13:53:19:469
21|2.1|636136517856823548|0|50003.578125|3.476572033642|100.151173979114||||50003.578125|340|36150||||76cccd|SQC7360|X|X|0|0|7||||132|51|0|0|[]|13:53:23:578
21|2.1|636136517901127978|0|50007.9921875|3.481292721504|100.142655283291||||50007.9921875|340|36150||||76cccd|SQC7360|X|X||0|7||||132|51|0|0|[]|13:53:27:992
21|2.1|636136517943252190|0|50012.203125|3.4859704940218|100.134136587467||||50012.203125|340|36150||||76cccd|SQC7360|X|X||0|7||||132|51|0|0|[]|13:53:32:203
21|2.1|636136517984586323|0|50016.34375|3.4909057586048|100.125210195873||||50016.34375|340|36150||||76cccd|SQC7360|X|X||0|7||||132|51|0|0|[]|13:53:36:344
21|2.1|636136518028900754|0|50020.765625|3.4956264464668|100.11669150005||||50020.765625|340|36150||||76cccd|SQC7360|X|X||0|7||||132|51|0|0|[]|13:53:40:766
21|2.1|636136518072415105|0|50025.125|3.5007977454429|100.107378870358||||50025.125|340|36150||||76cccd|SQC7360|X|X|0|0|7||||132|51|0|0|[]|13:53:45:125
21|2.1|636136518114389302|0|50029.3125|3.5055184333049|100.098860174535||||50029.3125|340|36150||||76cccd|SQC7360|X|X|0|0|7||||132|51|0|0|[]|13:53:49:313
21|2.1|636136518155733436|0|50033.46875|3.5099816291017|100.090706259137||||50033.46875|340|36150||||76cccd|SQC7360|X|X|0|0|7||||132|51|0|0|[]|13:53:53:469
21|2.1|636136518196607523|0|50037.53125|3.5147023169637|100.082187563313||||50037.53125|340|36150||||76cccd|SQC7360|X|X||0|7||||132|51|0|0|[]|13:53:57:531
21|2.1|636136518237941656|0|50041.671875|3.5191869704326|100.074033647915||||50041.671875|340|36150||||76cccd|SQC7360|X|X|0|0|7||||132|51|0|0|[]|13:54:01:672
21|2.1|636136518281155977|0|50045.9921875|3.5241436926877|100.065107256321||||50045.9921875|340|36150||||76cccd|SQC7360|X|X|0|0|7||||132|51|0|0|[]|13:54:05:992
21|2.1|636136518323120173|0|50050.1953125|3.5288429228776|100.056567102825||||50050.1953125|340|36150||||76cccd|SQC7360|X|X|0|0|7||||132|51|0|0|[]|13:54:10:195
21|2.1|636136518364934354|0|50054.3828125|3.5335636107396|100.04802694933||||50054.3828125|340|36150||||76cccd|SQC7360|X|X|0|0|7||||132|51|0|0|[]|13:54:14:383
21|2.1|636136518666484506|0|50084.5078125|3.5673809019692|99.9864863457468||||50084.5078125|340|36150||||76cccd|SQC7360|X|X||0|7||||132|51|0|0|[]|13:54:44:508
21|2.1|636136518906738529|0|50108.5625|3.5943531957989|99.9374126496541||||50108.5625|340|36150||||76cccd|SQC7360|X|X||0|7||||132|51|0|0|[]|13:55:08:563
21|2.1|636136518948232678|0|50112.6953125|3.5988163915957|99.9292801919282||||50112.6953125|340|36150||||76cccd|SQC7360|X|X||0|7||||132|51|0|0|[]|13:55:12:695
21|2.1|636136518988336688|0|50116.734375|3.6035156217856|99.920654207744||||50116.734375|340|36150||||76cccd|SQC7360|X|X||0|7||||132|51|0|0|[]|13:55:16:734
21|2.1|636136519034201274|0|50121.3046875|3.6086869207617|99.9112772050363||||50121.3046875|340|36150||||76cccd|SQC7360|X|X||0|7||||132|51|0|0|[]|13:55:21:305
21|2.1|636136519076625516|0|50125.546875|3.6134076086237|99.9026941361963||||50125.546875|340|36150||||76cccd|SQC7360|X|X||0|7||||132|51|0|0|[]|13:55:25:547
21|2.1|636136519119839837|0|50129.875|3.6180853811415|99.8940896096842||||50129.875|340|36150||||76cccd|SQC7360|X|X||0|7||||132|51|0|0|[]|13:55:29:875
21|2.1|636136519163214174|0|50134.2109375|3.6230206457245|99.885034472058||||50134.2109375|340|36150||||76cccd|SQC7360|X|X||0|7||||132|51|0|0|[]|13:55:34:211
21|2.1|636136519207048557|0|50138.59375|3.6279559103075|99.8760437074481||||50138.59375|340|36150||||76cccd|SQC7360|X|X||0|7||||132|51|0|0|[]|13:55:38:594
21|2.1|636136519247452597|0|50142.6328125|3.6324620214485|99.8678468767059||||50142.6328125|340|36150||||76cccd|SQC7360|X|X||0|7||||132|51|0|0|[]|13:55:42:633
21|2.1|636136519288796731|0|50146.765625|3.6371612516384|99.8592423501938||||50146.765625|340|36150||||76cccd|SQC7360|X|X|0|0|7||||132|51|0|0|[]|13:55:46:766
21|2.1|636136519332631114|0|50151.140625|3.6420965162214|99.8502301279118||||50151.140625|340|36150||||76cccd|SQC7360|X|X|0|0|7||||132|51|0|0|[]|13:55:51:141
21|2.1|636136519378345685|0|50155.7265625|3.6472678151975|99.8407672945157||||50155.7265625|340|36150||||76cccd|SQC7360|X|X||0|7||||132|51|0|0|[]|13:55:55:727
21|2.1|636136519418439694|0|50159.7265625|3.6517953840106|99.8325704637735||||50159.7265625|340|36150||||76cccd|SQC7360|X|X|0|0|7||||132|51|0|0|[]|13:55:59:727
21|2.1|636136519466484498|0|50164.53125|3.6571812597077|99.8227213922796||||50164.53125|340|36150||||76cccd|SQC7360|X|X||0|7||||132|51|0|0|[]|13:56:04:531
21|2.1|636136519536061455|0|50171.4921875|3.6648201909753|99.8087524477425||||50171.4921875|340|36125||||76cccd|SQC7360|X|X|0|0|7||||132|51|0|0|[]|13:56:11:492
21|2.1|636136519580995948|0|50175.9921875|3.6700344052956|99.7992896143464||||50175.9921875|340|36150||||76cccd|SQC7360|X|X|0|0|7||||132|51|0|0|[]|13:56:15:992
21|2.1|636136519632161064|0|50181.1015625|3.6758494344347|99.7886251513127||||50181.1015625|340|36150||||76cccd|SQC7360|X|X|0|0|7||||132|51|0|0|[]|13:56:21:102
21|2.1|636136519692377085|0|50187.125|3.6826086011462|99.7762869898552||||50187.125|340|36150||||76cccd|SQC7360|X|X||0|7||||132|51|0|0|[]|13:56:27:125
21|2.1|636136519763204167|0|50194.2109375|3.6905264821511|99.7619103495482||||50194.2109375|340|36150||||76cccd|SQC7360|X|X||0|7||||132|51|0|0|[]|13:56:34:211
21|2.1|636136519807358582|0|50198.6328125|3.6954617467341|99.7528766695941||||50198.6328125|340|36125||||76cccd|SQC7360|X|X||0|7||||132|51|0|0|[]|13:56:38:633
21|2.1|636136519848072653|0|50202.703125|3.6999678578751|99.7446369235077||||50202.703125|340|36150||||76cccd|SQC7360|X|X||0|7||||132|51|0|0|[]|13:56:42:703
21|2.1|636136519888636709|0|50206.75|3.7046885457371|99.7359894816514||||50206.75|340|36150||||76cccd|SQC7360|X|X||0|7||||132|51|0|0|[]|13:56:46:750
21|2.1|636136519932631108|0|50211.140625|3.7096238103201|99.7269558016973||||50211.140625|340|36150||||76cccd|SQC7360|X|X||0|7||||132|51|0|0|[]|13:56:51:141
21|2.1|636136519975065351|0|50215.390625|3.7143659558542|99.718308359841||||50215.390625|340|36150||||76cccd|SQC7360|X|X||0|7||||132|51|0|0|[]|13:56:55:391
21|2.1|636136520023270171|0|50220.2265625|3.7197518315513|99.7084592883471||||50220.2265625|340|36150||||76cccd|SQC7360|X|X||0|7||||132|51|0|0|[]|13:57:00:227
21|2.1|636136520085976441|0|50226.2734375|3.7265109982628|99.6960996692175||||50226.2734375|340|36125||||76cccd|SQC7360|X|X||0|7||||132|51|0|0|[]|13:57:06:273
21|2.1|636136520199707813|0|50237.859375|3.7395358052275|99.6722816531865||||50237.859375|340|36125||||76cccd|SQC7360|X|X|0|0|7||||132|51|0|0|[]|13:57:17:859
21|2.1|636136520240581900|0|50241.9453125|3.7442350354174|99.6636342113302||||50241.9453125|340|36125||||76cccd|SQC7360|X|X||0|7||||132|51|0|0|[]|13:57:21:945
21|2.1|636136520284106252|0|50246.3046875|3.7491703000004|99.6546649043924||||50246.3046875|340|36125||||76cccd|SQC7360|X|X||0|7||||132|51|0|0|[]|13:57:26:305
21|2.1|636136520340271868|0|50251.7890625|3.7552213635326|99.6435283725725||||50251.7890625|340|36150||||76cccd|SQC7360|X|X||0|7||||132|51|0|0|[]|13:57:31:789
21|2.1|636136520381766017|0|50256.0703125|3.7599420513946|99.6349667614046||||50256.0703125|340|36125||||76cccd|SQC7360|X|X|0|0|7||||132|51|0|0|[]|13:57:36:070
21|2.1|636136520427160556|0|50260.609375|3.7650918926986|99.6255468433527||||50260.609375|340|36125||||76cccd|SQC7360|X|X|0|0|7||||132|51|0|0|[]|13:57:40:609
21|2.1|636136520473805220|0|50265.2734375|3.7702846493468|99.6161054676287||||50265.2734375|340|36125||||76cccd|SQC7360|X|X|0|0|7||||132|51|0|0|[]|13:57:45:273
21|2.1|636136520527790618|0|50270.671875|3.7763142552069|99.6050333088251||||50270.671875|340|36125||||76cccd|SQC7360|X|X|0|0|7||||132|51|0|0|[]|13:57:50:672
21|2.1|636136520569594798|0|50274.8515625|3.7809920277247|99.5964716976572||||50274.8515625|340|36125||||76cccd|SQC7360|X|X|0|0|7||||132|51|0|0|[]|13:57:54:852
21|2.1|636136520609848823|0|50278.8828125|3.7854766811936|99.588274866915||||50278.8828125|340|36125||||76cccd|SQC7360|X|X||0|7||||132|51|0|0|[]|13:57:58:883
21|2.1|636136520650872925|0|50282.984375|3.7901329960393|99.5796488827308||||50282.984375|340|36125||||76cccd|SQC7360|X|X|0|0|7||||132|51|0|0|[]|13:58:02:984
21|2.1|636136520898767712|0|50307.7421875|3.8178348507204|99.5290302342469||||50307.7421875|340|36150||||76cccd|SQC7360|X|X||0|7||||132|51|0|0|[]|13:58:27:742
21|2.1|636136520945722407|0|50312.4609375|3.8229632343523|99.5196532315392||||50312.4609375|340|36150||||76cccd|SQC7360|X|X|0|0|7||||132|51|0|0|[]|13:58:32:461
21|2.1|636136521032151049|0|50321.1015625|3.832769390502|99.5017360753357||||50321.1015625|340|36150||||76cccd|SQC7360|X|X|0|0|7||||132|51|0|0|[]|13:58:41:102
21|2.1|636136521100797913|0|50327.9609375|3.8403654064254|99.487852961487||||50327.9609375|340|36150||||76cccd|SQC7360|X|X|0|0|7||||132|51|0|0|[]|13:58:47:961
21|2.1|636136521141041937|0|50331.9921875|3.8448071445501|99.4797205037611||||50331.9921875|340|36150||||76cccd|SQC7360|X|X|0|0|7||||132|51|0|0|[]|13:58:51:992
21|2.1|636136521514519281|0|50369.328125|3.8864994014404|99.4035457678061||||50369.328125|340|36125||||76cccd|SQC7360|X|X|0|0|7||||132|51|0|0|[]|13:59:29:328
21|2.1|636136521890956921|0|50406.96875|3.9282131160028|99.3271993704743||||50406.96875|340|36125||||76cccd|SQC7360|X|X||0|7||||132|51|0|0|[]|14:00:06:969
21|2.1|636136522026370461|0|50420.515625|3.9432549441449|99.2997335501863||||50420.515625|340|36125||||76cccd|SQC7360|X|X||0|7||||132|51|0|0|[]|14:00:20:516
21|2.1|636136522074585282|0|50425.34375|3.9485549891536|99.2900346823971||||50425.34375|339.75|36125||||76cccd|SQC7360|X|X|0|0|7||||132|51|0|0|[]|14:00:25:344
21|2.1|636136522117789602|0|50429.65625|3.9532113039993|99.2815374442455||||50429.65625|340|36150||||76cccd|SQC7360|X|X|0|0|7||||132|51|0|0|[]|14:00:29:656
21|2.1|636136522158673690|0|50433.75|3.957867618845|99.2730831214381||||50433.75|340|36125||||76cccd|SQC7360|X|X|0|0|7||||132|51|0|0|[]|14:00:33:750
21|2.1|636136522203908213|0|50438.265625|3.9627170527396|99.2641781875166||||50438.265625|340|36150||||76cccd|SQC7360|X|X|0|0|7||||132|51|0|0|[]|14:00:38:266
21|2.1|636136522247902612|0|50442.6796875|3.9675450289621|99.2553161689393||||50442.6796875|340|36125||||76cccd|SQC7360|X|X|0|0|7||||132|51|0|0|[]|14:00:42:680
21|2.1|636136522291736995|0|50447.046875|3.9723944628567|99.246454150362||||50447.046875|340|36125||||76cccd|SQC7360|X|X|0|0|7||||132|51|0|0|[]|14:00:47:047
21|2.1|636136522331991020|0|50451.078125|3.9768147433093|99.2384075233245||||50451.078125|340|36150||||76cccd|SQC7360|X|X|0|0|7||||132|51|0|0|[]|14:00:51:078
21|2.1|636136522373325153|0|50455.2109375|3.9814496004829|99.2299102851729||||50455.2109375|340|36125||||76cccd|SQC7360|X|X|0|0|7||||132|51|0|0|[]|14:00:55:211
21|2.1|636136522416229443|0|50459.5078125|3.9862990343775|99.2210697242677||||50459.5078125|340|36150||||76cccd|SQC7360|X|X|0|0|7||||132|51|0|0|[]|14:00:59:508
21|2.1|636136522459293749|0|50463.8125|3.9909338915511|99.2125939437882||||50463.8125|340|36125||||76cccd|SQC7360|X|X|0|0|7||||132|51|0|0|[]|14:01:03:813
21|2.1|636136522499547774|0|50467.828125|3.9952897989874|99.2045473167507||||50467.828125|340|36125||||76cccd|SQC7360|X|X|0|0|7||||132|51|0|0|[]|14:01:07:828
21|2.1|636136522553363155|0|50473.21875|4.0012764895033|99.1936468193239||||50473.21875|340|36125||||76cccd|SQC7360|X|X|0|0|7||||132|51|0|0|[]|14:01:13:219
21|2.1|636136522596257444|0|50477.5078125|4.0061259233979|99.1848062584187||||50477.5078125|340|36125||||76cccd|SQC7360|X|X||0|7||||132|51|0|0|[]|14:01:17:508
21|2.1|636136522653823200|0|50483.265625|4.0122628176185|99.1735409805662||||50483.265625|340|36125||||76cccd|SQC7360|X|X|0|0|7||||132|51|0|0|[]|14:01:23:266
21|2.1|636136522698597677|0|50487.7265625|4.0173268282341|99.1642498085469||||50487.7265625|340|36125||||76cccd|SQC7360|X|X|0|0|7||||132|51|0|0|[]|14:01:27:727
21|2.1|636136522849462762|0|50502.828125|4.0338063204069|99.1340588639022||||50502.828125|340|36150||||76cccd|SQC7360|X|X||0|7||||132|51|0|0|[]|14:01:42:828
21|2.1|636136522929330748|0|50510.8203125|4.0426039659679|99.1180085251714||||50510.8203125|340|36150||||76cccd|SQC7360|X|X|0|0|7||||132|51|0|0|[]|14:01:50:820
21|2.1|636136522972705085|0|50515.15625|4.0474533998625|99.1091465065941||||50515.15625|340|36125||||76cccd|SQC7360|X|X|0|0|7||||132|51|0|0|[]|14:01:55:156
21|2.1|636136523014509265|0|50519.328125|4.0520453416919|99.1007136414588||||50519.328125|340|36150||||76cccd|SQC7360|X|X|0|0|7||||132|51|0|0|[]|14:01:59:328
21|2.1|636136523056793493|0|50523.5625|4.0567016565376|99.0922593186514||||50523.5625|340|36150||||76cccd|SQC7360|X|X|0|0|7||||132|51|0|0|[]|14:02:03:563
21|2.1|636136523099067720|0|50527.78125|4.0613150560391|99.083804995844||||50527.78125|340|36150||||76cccd|SQC7360|X|X|0|0|7||||132|51|0|0|[]|14:02:07:781
21|2.1|636136523148362649|0|50532.7265625|4.0668082200967|99.0737842629733||||50532.7265625|340|36125||||76cccd|SQC7360|X|X|0|0|7||||132|51|0|0|[]|14:02:12:727
21|2.1|636136524491256925|0|50667.0078125|4.2143726311284|98.8034175945133||||50667.0078125|340|36150||||76cccd|X|X|X|0|0|7||||132|51|0|0|[]|14:04:27:008
21|2.1|636136524532761075|0|50671.1640625|4.2190289459741|98.7949203563617||||50671.1640625|340|36150||||76cccd|SQC7360|X|X|0|0|7||||132|51|0|0|[]|14:04:31:164
21|2.1|636136524576745473|0|50675.5625|4.2238783798687|98.7860368801123||||50675.5625|340|36150||||76cccd|SQC7360|X|X|0|0|7||||132|51|0|0|[]|14:04:35:563
21|2.1|636136524620749873|0|50679.953125|4.2286848984191|98.7771963192071||||50679.953125|340|36150||||76cccd|SQC7360|X|X|0|0|7||||132|51|0|0|[]|14:04:39:953
21|2.1|636136524663804178|0|50684.265625|4.2333197555927|98.7686990810555||||50684.265625|340|36150||||76cccd|SQC7360|X|X|0|0|7||||132|51|0|0|[]|14:04:44:266
21|2.1|636136524712159013|0|50689.09375|4.2387914619782|98.7586139751685||||50689.09375|340|36150||||76cccd|SQC7360|X|X|0|0|7||||132|51|0|0|[]|14:04:49:094
21|2.1|636136524753813178|0|50693.265625|4.2431902847587|98.7505244327868||||50693.265625|340|36150||||76cccd|SQC7360|X|X|0|0|7||||132|51|0|0|[]|14:04:53:266
21|2.1|636136524795467343|0|50697.421875|4.2478465996044|98.7420486523073||||50697.421875|340|36150||||76cccd|SQC7360|X|X|0|0|7||||132|51|0|0|[]|14:04:57:422
21|2.1|636136524840871883|0|50701.9765625|4.2528891525479|98.7327789379601||||50701.9765625|340|36150||||76cccd|SQC7360|X|X|0|0|7||||132|51|0|0|[]|14:05:01:977
21|2.1|636136524883456141|0|50706.2265625|4.2575240097215|98.7242816998085||||50706.2265625|340|36150||||76cccd|SQC7360|X|X|0|0|7||||132|51|0|0|[]|14:05:06:227
21|2.1|636136524926360431|0|50710.515625|4.2623734436161|98.7154196812312||||50710.515625|340|36150||||76cccd|SQC7360|X|X|0|0|7||||132|51|0|0|[]|14:05:10:516
21|2.1|636136524975345329|0|50715.4140625|4.2676734886248|98.705720813442||||50715.4140625|340|36150||||76cccd|SQC7360|X|X|0|0|7||||132|51|0|0|[]|14:05:15:414
21|2.1|636136525017929587|0|50719.671875|4.2723083457984|98.6972235752904||||50719.671875|340|36150||||76cccd|SQC7360|X|X|0|0|7||||132|51|0|0|[]|14:05:19:672
21|2.1|636136525059433737|0|50723.828125|4.276943202972|98.688769252483||||50723.828125|340|36150||||76cccd|SQC7360|X|X|0|0|7||||132|51|0|0|[]|14:05:23:828
21|2.1|636136525102017995|0|50728.0859375|4.2815995178177|98.6802720143314||||50728.0859375|340|36150||||76cccd|SQC7360|X|X|0|0|7||||132|51|0|0|[]|14:05:28:086
21|2.1|636136525145862379|0|50732.4765625|4.2864489517123|98.6714314534262||||50732.4765625|340|36150||||76cccd|SQC7360|X|X|0|0|7||||132|51|0|0|[]|14:05:32:477
21|2.1|636136525190476840|0|50736.921875|4.2915129623279|98.662161739079||||50736.921875|340|36150||||76cccd|SQC7360|X|X|0|0|7||||132|51|0|0|[]|14:05:36:922
21|2.1|636136525230590851|0|50740.9453125|4.2959332427805|98.6540507390252||||50740.9453125|340|36150||||76cccd|SQC7360|X|X|0|0|7||||132|51|0|0|[]|14:05:40:945
21|2.1|636136525272375029|0|50745.1171875|4.300546642282|98.6455964162178||||50745.1171875|340|36150||||76cccd|SQC7360|X|X|0|0|7||||132|51|0|0|[]|14:05:45:117
21|2.1|636136525313249116|0|50749.2109375|4.3049454650625|98.637485416164||||50749.2109375|340|36150||||76cccd|SQC7360|X|X|0|0|7||||132|51|0|0|[]|14:05:49:211
21|2.1|636136525357863577|0|50753.671875|4.3097948989571|98.6286019399146||||50753.671875|340|36150||||76cccd|SQC7360|X|X|0|0|7||||132|51|0|0|[]|14:05:53:672
21|2.1|636136525403578148|0|50758.234375|4.3148803672448|98.6193322255674||||50758.234375|340|36150||||76cccd|SQC7360|X|X|0|0|7||||132|51|0|0|[]|14:05:58:234
21|2.1|636136525447882578|0|50762.671875|4.3197298011394|98.610448749318||||50762.671875|340|36150||||76cccd|SQC7360|X|X|0|0|7||||132|51|0|0|[]|14:06:02:672
21|2.1|636136525493437133|0|50767.2265625|4.3247723540829|98.6011361196266||||50767.2265625|340|36150||||76cccd|SQC7360|X|X|0|0|7||||132|51|0|0|[]|14:06:07:227
21|2.1|636136525535871376|0|50771.4609375|4.3293642959123|98.5926817968192||||50771.4609375|340|36150||||76cccd|SQC7360|X|X|0|0|7||||132|51|0|0|[]|14:06:11:461
21|2.1|636136525578775666|0|50775.765625|4.3341922721348|98.5837768628977||||50775.765625|340|36150||||76cccd|SQC7360|X|X|0|0|7||||132|51|0|0|[]|14:06:15:766
21|2.1|636136525620889877|0|50779.9609375|4.3388271293084|98.5753010824182||||50779.9609375|340|36150||||76cccd|SQC7360|X|X|0|0|7||||132|51|0|0|[]|14:06:19:961
21|2.1|636136525664574245|0|50784.34375|4.343676563203|98.5663961484967||||50784.34375|340|36150||||76cccd|SQC7360|X|X|0|0|7||||132|51|0|0|[]|14:06:24:344
21|2.1|636136525706228410|0|50788.5078125|4.3483114203766|98.5579203680172||||50788.5078125|340|36150||||76cccd|SQC7360|X|X|0|0|7||||132|51|0|0|[]|14:06:28:508
21|2.1|636136525751312918|0|50793.0078125|4.3531393965991|98.5490583494399||||50793.0078125|340|36150||||76cccd|SQC7360|X|X|0|0|7||||132|51|0|0|[]|14:06:33:008
21|2.1|636136525792497036|0|50797.1328125|4.3577742537727|98.5405611112883||||50797.1328125|340|36150||||76cccd|SQC7360|X|X|0|0|7||||132|51|0|0|[]|14:06:37:133
21|2.1|636136525833681154|0|50801.2578125|4.3621730765532|98.5325144842508||||50801.2578125|340|36150||||76cccd|SQC7360|X|X|0|0|7||||132|51|0|0|[]|14:06:41:258
21|2.1|636136525881575943|0|50806.03125|4.3674731215619|98.5227941587895||||50806.03125|340|36150||||76cccd|SQC7360|X|X|0|0|7||||132|51|0|0|[]|14:06:46:031
21|2.1|636136525923540139|0|50810.234375|4.3720865210634|98.51431837831||||50810.234375|340|36150||||76cccd|SQC7360|X|X|0|0|7||||132|51|0|0|[]|14:06:50:234
21|2.1|636136525967854570|0|50814.6640625|4.376935954958|98.5054563597327||||50814.6640625|340|36125||||76cccd|SQC7360|X|X|0|0|7||||132|51|0|0|[]|14:06:54:664
21|2.1|636136526010278812|0|50818.90625|4.3817853888526|98.4965514258112||||50818.90625|340|36125||||76cccd|SQC7360|X|X|0|0|7||||132|51|0|0|[]|14:06:58:906
21|2.1|636136526057553539|0|50823.625|4.3868493994682|98.4872602537919||||50823.625|340|36150||||76cccd|SQC7360|X|X|0|0|7||||132|51|0|0|[]|14:07:03:625
21|2.1|636136526100917875|0|50827.9765625|4.3916988333628|98.4783767775425||||50827.9765625|340|36150||||76cccd|SQC7360|X|X|0|0|7||||132|51|0|0|[]|14:07:07:977
21|2.1|636136526141641947|0|50832.03125|4.3960976561433|98.4703086928329||||50832.03125|340|36150||||76cccd|SQC7360|X|X|0|0|7||||132|51|0|0|[]|14:07:12:031
21|2.1|636136526183296112|0|50836.2109375|4.4007325133169|98.4618329123534||||50836.2109375|340|36150||||76cccd|SQC7360|X|X|0|0|7||||132|51|0|0|[]|14:07:16:211
21|2.1|636136526227910573|0|50840.671875|4.4055604895394|98.4529923514482||||50840.671875|340|36150||||76cccd|SQC7360|X|X|0|0|7||||132|51|0|0|[]|14:07:20:672
