21|2.1|636136510320209962|0|49249.921875|14.0046930188186|100.65630903802||||49249.921875|18.25|1775||||880455|AIQ3373|X|X|0|0|6||||132|5|0|0|[]|13:40:49:922
21|2.1|636136510364984439|0|49254.40625|14.0023112172155|100.655000120022||||49254.40625|17.75|1700||||880455|AIQ3373|X|X|0|0|6||||132|5|0|0|[]|13:40:54:406
21|2.1|636136510409438884|0|49258.8515625|13.9999294156124|100.65364828668||||49258.8515625|17.5|1675||||880455|AIQ3373|X|X|0|0|6||||132|5|0|0|[]|13:40:58:852
21|2.1|636136510449852925|0|49262.8984375|13.9977836484024|100.652446657042||||49262.8984375|17|1625||||880455|AIQ3373|X|X|0|0|6||||132|5|0|0|[]|13:41:02:898
21|2.1|636136510491027042|0|49267|13.9956164235203|100.651245027405||||49267|16.5|1575||||880455|AIQ3373|X|X|0|0|6||||132|5|0|0|[]|13:41:07:000
21|2.1|636136510533621301|0|49271.28125|13.9933848256219|100.649957567079||||49271.28125|16|1525||||880455|AIQ3373|X|X|0|0|6||||132|5|0|0|[]|13:41:11:281
21|2.1|636136510576525591|0|49275.5625|13.9911317700514|100.648734479769||||49275.5625|15.5|1475||||880455|AIQ3373|X|X|0|0|6||||132|5|0|0|[]|13:41:15:563
21|2.1|636136510621770115|0|49280.0859375|13.9887070531041|100.647382646427||||49280.0859375|15|1425||||880455|AIQ3373|X|X|0|0|6||||132|5|0|0|[]|13:41:20:086
21|2.1|636136510662014139|0|49284.1171875|13.9866256589104|100.646223932133||||49284.1171875|14.5|1375||||880455|AIQ3373|X|X|0|0|6||||132|5|0|0|[]|13:41:24:117
21|2.1|636136510706318569|0|49288.5234375|13.9842867726515|100.644936471807||||49288.5234375|14.25|1325||||880455|AIQ3373|X|X|0|0|6||||132|5|0|0|[]|13:41:28:523
21|2.1|636136510746262563|0|49292.546875|13.9822053784578|100.643777757514||||49292.546875|13.75|1275||||880455|AIQ3373|X|X|0|0|6||||132|5|0|0|[]|13:41:32:547
21|2.1|636136510787756712|0|49296.6875|13.9800596112478|100.642533212532||||49296.6875|13.25|1225||||880455|AIQ3373|X|X|0|0|6||||132|5|0|0|[]|13:41:36:688
21|2.1|636136510830340970|0|49300.9453125|13.9778280133494|100.641267209878||||49300.9453125|12.75|1175||||880455|AIQ3373|X|X|0|0|6||||132|5|0|0|[]|13:41:40:945
21|2.1|636136510871215057|0|49305.03125|13.9756607884673|100.640065580241||||49305.03125|12.25|1125||||880455|AIQ3373|X|X|0|0|6||||132|5|0|0|[]|13:41:45:031
21|2.1|636136510915209456|0|49309.4375|13.9733648175526|100.638799577587||||49309.4375|11.75|1075||||880455|AIQ3373|X|X|0|0|6||||132|5|0|0|[]|13:41:49:438
21|2.1|636136510957643699|0|49313.6796875|13.9711761349984|100.637512117261||||49313.6796875|11.25|1025||||880455|AIQ3373|X|X|0|0|6||||132|5|0|0|[]|13:41:53:680
21|2.1|636136510998987833|0|49317.8046875|13.9690303677884|100.636331945295||||49317.8046875|11|1000||||880455|AIQ3373|X|X|0|0|6||||132|5|0|0|[]|13:41:57:805
21|2.1|636136511041262060|0|49322.03125|13.9668416852342|100.635108857986||||49322.03125|10.5|925||||880455|AIQ3373|X|X|0|0|6||||132|5|0|0|[]|13:42:02:031
21|2.1|636136511083066240|0|49326.21875|13.96465300268|100.633907228348||||49326.21875|10|875||||880455|AIQ3373|X|X||0|6||||132|5|0|0|[]|13:42:06:219
21|2.1|636136511125510484|0|49330.46875|13.9624214047816|100.632641225694||||49330.46875|9.75|850||||880455|AIQ3373|X|X||0|6||||132|5|0|0|[]|13:42:10:469
21|2.1|636136511170765009|0|49334.9921875|13.9600610608506|100.631310850024||||49334.9921875|9.25|800||||880455|AIQ3373|X|X||0|6||||132|5|0|0|[]|13:42:14:992
21|2.1|636136511218329765|0|49339.7421875|13.957571970887|100.62993755901||||49339.7421875|8.75|750||||880455|AIQ3373|X|X|0|0|6||||132|5|0|0|[]|13:42:19:742
21|2.1|636136511261704102|0|49344.0859375|13.9552974576444|100.628650098684||||49344.0859375|8.25|700||||880455|AIQ3373|X|X|0|0|6||||132|5|0|0|[]|13:42:24:086
21|2.1|636136511303818313|0|49348.2890625|13.953065859746|100.62738409603||||49348.2890625|7.75|650||||880455|AIQ3373|X|X||0|6||||132|5|0|0|[]|13:42:28:289
21|2.1|636136511346412572|0|49352.546875|13.9508128041755|100.626139551048||||49352.546875|7.25|600||||880455|AIQ3373|X|X||0|6||||132|5|0|0|[]|13:42:32:547
21|2.1|636136511387596690|0|49356.6484375|13.9486884946376|100.62493792141||||49356.6484375|6.75|550||||880455|AIQ3373|X|X|0|0|6||||132|5|0|0|[]|13:42:36:648
21|2.1|636136511448442774|0|49362.75|13.9454269284784|100.623114019282||||49362.75|6.25|500||||880455|AIQ3373|X|X|0|0|6||||132|5|0|0|[]|13:42:42:750
21|2.1|636136511496957625|0|49367.6171875|13.9428305501543|100.621654897579||||49367.6171875|5.75|425||||880455|AIQ3373|X|X||0|6||||132|5|0|0|[]|13:42:47:617
21|2.1|636136511538291758|0|49371.734375|13.9406418676001|100.620410352597||||49371.734375|5.25|375||||880455|AIQ3373|X|X||0|6||||132|5|0|0|[]|13:42:51:734
21|2.1|636136511578545783|0|49375.7578125|13.9384961003901|100.619187265287||||49375.7578125|4.75|325||||880455|AIQ3373|X|X||0|6||||132|5|0|0|[]|13:42:55:758
21|2.1|636136511621000028|0|49380.0078125|13.9362001294754|100.617899804961||||49380.0078125|4.25|275||||880455|AIQ3373|X|X|0|0|6||||132|5|0|0|[]|13:43:00:008
21|2.1|636136511739231850|0|49391.8359375|13.9297842855175|100.614316373721||||49391.8359375|3|150||||880455|AIQ3373|X|X||0|6||||132|5|0|0|[]|13:43:11:836
21|2.1|636136511791647091|0|49397.0625|13.9269089574561|100.612707048313||||49397.0625|2.25|75||||880455|AIQ3373|X|X|0|0|6||||132|5|0|0|[]|13:43:17:063
21|2.1|636136511850302956|0|49402.9375|13.923668848969|100.610904603857||||49402.9375|1.75|25||||880455|AIQ3373|X|X|0|0|6||||132|5|0|0|[]|13:43:22:938
