21|2.1|636136526050062790|0|50822.8671875|8.1817030833695|98.253393085574||||50822.8671875|55|5600||||880458|AIQ3010|X|X||0|6||||132|83|0|0|[]|14:07:02:867
21|2.1|636136526147722555|0|50832.640625|8.1931400225988|98.2586502152385||||50832.640625|60.25|6250||||880458|AIQ3010|X|X|0|0|6||||132|83|0|0|[]|14:07:12:641
21|2.1|636136526216989481|0|50839.5625|8.2012081073084|98.2625984269049||||50839.5625|64|6625||||880458|AIQ3010|X|X|0|0|6||||132|83|0|0|[]|14:07:19:563
21|2.1|636136526266594441|0|50844.53125|8.2070231364475|98.2655166703105||||50844.53125|66.75|6900||||880458|AIQ3010|X|X|0|0|6||||132|83|0|0|[]|14:07:24:531
21|2.1|636136526308098591|0|50848.671875|8.21185111267|98.2679199295857||||50848.671875|69|7150||||880458|AIQ3010|X|X||0|6||||132|83|0|0|[]|14:07:28:672
21|2.1|636136526356143395|0|50853.484375|8.2174944804323|98.2707523423029||||50853.484375|71.5|7375||||880458|AIQ3010|X|X||0|6||||132|83|0|0|[]|14:07:33:484
21|2.1|636136526396707451|0|50857.53125|8.2222580836385|98.273134143906||||50857.53125|73.75|7625||||880458|AIQ3010|X|X|0|0|6||||132|83|0|0|[]|14:07:37:531
21|2.1|636136526441011881|0|50861.9765625|8.2274293826146|98.2757305222301||||50861.9765625|76.25|7875||||880458|AIQ3010|X|X||0|6||||132|83|0|0|[]|14:07:41:977
21|2.1|636136526488446624|0|50866.71875|8.2330512927048|98.2784771042589||||50866.71875|78.75|8150||||880458|AIQ3010|X|X|0|0|6||||132|83|0|0|[]|14:07:46:719
21|2.1|636136526561603939|0|50874.0234375|8.2417201922332|98.2824896889416||||50874.0234375|82.5|8550||||880458|AIQ3010|X|X|0|0|6||||132|83|0|0|[]|14:07:54:023
21|2.1|636136526603418120|0|50878.203125|8.246827118193|98.2846354561516||||50878.203125|84.5|8775||||880458|AIQ3010|X|X||0|6||||132|83|0|0|[]|14:07:58:203
21|2.1|636136526660513829|0|50883.9140625|8.2537579462813|98.2875966149014||||50883.9140625|87.25|9050||||880458|AIQ3010|X|X||0|6||||132|83|0|0|[]|14:08:03:914
21|2.1|636136526700607838|0|50887.9296875|8.2586932108643|98.289656551423||||50887.9296875|89.25|9300||||880458|AIQ3010|X|X|0|0|6||||132|83|0|0|[]|14:08:07:930
21|2.1|636136526742882065|0|50892.171875|8.2639503405288|98.2918452339772||||50892.171875|91|9475||||880458|AIQ3010|X|X|0|0|6||||132|83|0|0|[]|14:08:12:172
21|2.1|636136526787816558|0|50896.640625|8.2694864199306|98.294162662564||||50896.640625|93|9675||||880458|AIQ3010|X|X|0|0|6||||132|83|0|0|[]|14:08:16:641
21|2.1|636136526828070583|0|50900.6796875|8.2745718882183|98.2962440567577||||50900.6796875|94.75|9900||||880458|AIQ3010|X|X|0|0|6||||132|83|0|0|[]|14:08:20:680
21|2.1|636136526871584934|0|50905.0234375|8.2800221369317|98.2985400276724||||50905.0234375|96.75|10075||||880458|AIQ3010|X|X|0|0|6||||132|83|0|0|[]|14:08:25:023
21|2.1|636136526913409116|0|50909.2109375|8.2853436396125|98.3007716255708||||50909.2109375|98.75|10300||||880458|AIQ3010|X|X|0|0|6||||132|83|0|0|[]|14:08:29:211
21|2.1|636136526958173592|0|50913.6875|8.2909655497027|98.3031534271739||||50913.6875|101|10550||||880458|AIQ3010|X|X|0|0|6||||132|83|0|0|[]|14:08:33:688
21|2.1|636136527001847959|0|50918.046875|8.2965445444487|98.3054279404165||||50918.046875|103|10750||||880458|AIQ3010|X|X|0|0|6||||132|83|0|0|[]|14:08:38:047
21|2.1|636136527044132187|0|50922.28125|8.3018875048016|98.3077024536591||||50922.28125|105.25|10975||||880458|AIQ3010|X|X|0|0|6||||132|83|0|0|[]|14:08:42:281
21|2.1|636136527084226196|0|50926.2890625|8.3069729730893|98.309826763197||||50926.2890625|107.5|11250||||880458|AIQ3010|X|X|0|0|6||||132|83|0|0|[]|14:08:46:289
21|2.1|636136527124480221|0|50930.3125|8.3120369837049|98.311972530407||||50930.3125|109.5|11475||||880458|AIQ3010|X|X|0|0|6||||132|83|0|0|[]|14:08:50:313
21|2.1|636136527169404713|0|50934.796875|8.3177232668114|98.3143757896822||||50934.796875|111.75|11700||||880458|AIQ3010|X|X|0|0|6||||132|83|0|0|[]|14:08:54:797
21|2.1|636136527228690641|0|50940.75|8.3252119943743|98.3175086098088||||50940.75|114.75|12000||||880458|AIQ3010|X|X|0|0|6||||132|83|0|0|[]|14:09:00:750
21|2.1|636136527269084680|0|50944.78125|8.3303403780062|98.3196758346909||||50944.78125|116.75|12225||||880458|AIQ3010|X|X|0|0|6||||132|83|0|0|[]|14:09:04:781
21|2.1|636136527311828954|0|50949.0546875|8.3357262537033|98.3219503479335||||50949.0546875|118.75|12425||||880458|AIQ3010|X|X|0|0|6||||132|83|0|0|[]|14:09:09:055
21|2.1|636136527355673338|0|50953.421875|8.341240875433|98.3242892341924||||50953.421875|121|12650||||880458|AIQ3010|X|X|0|0|6||||132|83|0|0|[]|14:09:13:422
21|2.1|636136527396397410|0|50957.515625|8.3464121744091|98.3264350014024||||50957.515625|123.25|12925||||880458|AIQ3010|X|X|0|0|6||||132|83|0|0|[]|14:09:17:516
21|2.1|636136527441161886|0|50961.9765625|8.3519911691551|98.3287953453334||||50961.9765625|125.5|13150||||880458|AIQ3010|X|X|0|0|6||||132|83|0|0|[]|14:09:21:977
21|2.1|636136527484686238|0|50966.3359375|8.3574199601964|98.3310913162481||||50966.3359375|128|13400||||880458|AIQ3010|X|X|0|0|6||||132|83|0|0|[]|14:09:26:336
21|2.1|636136527525250294|0|50970.390625|8.3625054284841|98.333215625786||||50970.390625|129.75|13600||||880458|AIQ3010|X|X|0|0|6||||132|83|0|0|[]|14:09:30:391
21|2.1|636136527565504319|0|50974.421875|8.3675265237555|98.335361392996||||50974.421875|131.75|13850||||880458|AIQ3010|X|X|0|0|6||||132|83|0|0|[]|14:09:34:422
21|2.1|636136527605588327|0|50978.421875|8.372569076699|98.3374857025339||||50978.421875|133.5|14025||||880458|AIQ3010|X|X|0|0|6||||132|83|0|0|[]|14:09:38:422
21|2.1|636136527645682336|0|50982.4453125|8.3775901719704|98.3396100120718||||50982.4453125|135|14175||||880458|AIQ3010|X|X|0|0|6||||132|83|0|0|[]|14:09:42:445
21|2.1|636136527685776345|0|50986.4453125|8.382654182586|98.3417557792818||||50986.4453125|136.75|14400||||880458|AIQ3010|X|X|0|0|6||||132|83|0|0|[]|14:09:46:445
21|2.1|636136527730550822|0|50990.9296875|8.3882975503483|98.3441161232128||||50990.9296875|138.5|14550||||880458|AIQ3010|X|X|0|0|6||||132|83|0|0|[]|14:09:50:930
21|2.1|636136527772525019|0|50995.1171875|8.393597595357|98.3463906364554||||50995.1171875|140.25|14750||||880458|AIQ3010|X|X|0|0|6||||132|83|0|0|[]|14:09:55:117
21|2.1|636136527814169183|0|50999.28125|8.3988547250215|98.3485793190096||||50999.28125|142.25|14975||||880458|AIQ3010|X|X|0|0|6||||132|83|0|0|[]|14:09:59:281
21|2.1|636136527855673333|0|51003.4375|8.4041333123581|98.350810916908||||51003.4375|144.25|15150||||880458|AIQ3010|X|X|0|0|6||||132|83|0|0|[]|14:10:03:438
21|2.1|636136527902788044|0|51008.1484375|8.4100341721856|98.3533429222158||||51008.1484375|146.75|15450||||880458|AIQ3010|X|X|0|0|6||||132|83|0|0|[]|14:10:08:148
21|2.1|636136527944752240|0|51012.3203125|8.4152913018501|98.35553160477||||51012.3203125|148.75|15625||||880458|AIQ3010|X|X|0|0|6||||132|83|0|0|[]|14:10:12:320
21|2.1|636136528003408105|0|51018.203125|8.4226512833804|98.3586644248966||||51018.203125|151.5|15950||||880458|AIQ3010|X|X||0|6||||132|83|0|0|[]|14:10:18:203
21|2.1|636136528047082472|0|51022.5703125|8.4281015320938|98.3609818534834||||51022.5703125|153.25|16150||||880458|AIQ3010|X|X|0|0|6||||132|83|0|0|[]|14:10:22:570
21|2.1|636136528088426606|0|51026.7109375|8.4333157464141|98.3631919937097||||51026.7109375|155|16350||||880458|AIQ3010|X|X||0|6||||132|83|0|0|[]|14:10:26:711
21|2.1|636136528132421005|0|51031.1171875|8.4388947411601|98.3655737953128||||51031.1171875|156.5|16500||||880458|AIQ3010|X|X||0|6||||132|83|0|0|[]|14:10:31:117
21|2.1|636136528175955358|0|51035.46875|8.4444093628898|98.3679126815717||||51035.46875|157.75|16650||||880458|AIQ3010|X|X||0|6||||132|83|0|0|[]|14:10:35:469
21|2.1|636136528217759538|0|51039.640625|8.4497737809148|98.3701871948143||||51039.640625|159|16775||||880458|AIQ3010|X|X||0|6||||132|83|0|0|[]|14:10:39:641
21|2.1|636136528261283890|0|51043.9921875|8.455395691005|98.3725689964174||||51043.9921875|160.25|16900||||880458|AIQ3010|X|X||0|6||||132|83|0|0|[]|14:10:43:992
21|2.1|636136528301377899|0|51048|8.4606099053253|98.3747576789716||||51048|161.5|17025||||880458|AIQ3010|X|X||0|6||||132|83|0|0|[]|14:10:48:000
21|2.1|636136528342572018|0|51052.125|8.4660386963666|98.3770321922142||||51052.125|163|17175||||880458|AIQ3010|X|X||0|7||||132|83|0|0|[]|14:10:52:125
21|2.1|636136528382806041|0|51056.1484375|8.471274368359|98.3792637901126||||51056.1484375|164.25|17325||||880458|AIQ3010|X|X||0|7||||132|83|0|0|[]|14:10:56:148
21|2.1|636136528425250285|0|51060.3984375|8.4768748207771|98.3816670493878||||51060.3984375|165.75|17475||||880458|AIQ3010|X|X||0|7||||132|83|0|0|[]|14:11:00:398
21|2.1|636136528467524512|0|51064.6171875|8.4824752731952|98.3840273933188||||51064.6171875|167.5|17675||||880458|AIQ3010|X|X||0|7||||132|83|0|0|[]|14:11:04:617
21|2.1|636136528508398599|0|51068.703125|8.4878611488923|98.3863019065614||||51068.703125|169|17850||||880458|AIQ3010|X|X||0|7||||132|83|0|0|[]|14:11:08:703
