21|2.1|636136510296957637|0|49247.609375|8.9522480884805|100.536317735637||||49247.609375|330.25|35300||||88044f|AIQ411|X|X|0|0|6||||132|51|0|0|[]|13:40:47:609
21|2.1|636136510308188760|0|49248.7109375|8.9498448292053|100.536360650981||||49248.7109375|330.25|35300||||88044f|AIQ411|X|X|0|0|6||||132|83|0|0|[]|13:40:48:711
21|2.1|636136510339551896|0|49251.8515625|8.9430212894775|100.53655377003||||49251.8515625|330.25|35300||||88044f|AIQ411|X|X||0|6||||132|51|0|0|[]|13:40:51:852
21|2.1|636136510350152956|0|49252.8984375|8.9407253185628|100.536596685375||||49252.8984375|330|35300||||88044f|AIQ411|X|X|0|0|6||||132|83|0|0|[]|13:40:52:898
21|2.1|636136510380736014|0|49255.96875|8.9340305248676|100.536746889079||||49255.96875|330|35300||||88044f|AIQ411|X|X||0|6||||132|51|0|0|[]|13:40:55:969
21|2.1|636136510391657106|0|49257.0625|8.9316487232645|100.536811262096||||49257.0625|330|35300||||88044f|AIQ411|X|X|0|0|6||||132|83|0|0|[]|13:40:57:063
21|2.1|636136510423010241|0|49260.203125|8.9248037258646|100.536982923472||||49260.203125|330|35300||||88044f|AIQ411|X|X||0|6||||132|51|0|0|[]|13:41:00:203
21|2.1|636136510433311271|0|49261.2109375|8.9225935856383|100.537047296489||||49261.2109375|330|35300||||88044f|AIQ411|X|X|0|0|6||||132|83|0|0|[]|13:41:01:211
21|2.1|636136510464824422|0|49264.3828125|8.9156842152221|100.537218957865||||49264.3828125|330|35275||||88044f|AIQ411|X|X||0|6||||132|51|0|0|[]|13:41:04:383
21|2.1|636136510475895529|0|49265.4765625|8.913302413619|100.537283330882||||49265.4765625|330|35300||||88044f|AIQ411|X|X|0|0|6||||132|83|0|0|[]|13:41:05:477
21|2.1|636136510507268666|0|49268.640625|8.9064145008749|100.537454992259||||49268.640625|330|35275||||88044f|AIQ411|X|X||0|6||||132|51|0|0|[]|13:41:08:641
21|2.1|636136510516299569|0|49269.53125|8.9044618527138|100.537476449931||||49269.53125|330|35275||||88044f|AIQ411|X|X|0|0|6||||132|83|0|0|[]|13:41:09:531
21|2.1|636136510552493188|0|49273.15625|8.8965439717089|100.537648111307||||49273.15625|330|35275||||88044f|AIQ411|X|X|0|0|6||||132|51|0|0|[]|13:41:13:156
21|2.1|636136510557803719|0|49273.671875|8.8954496304318|100.537712484324||||49273.671875|330|35275||||88044f|AIQ411|X|X|0|0|6||||132|83|0|0|[]|13:41:13:672
21|2.1|636136510594937432|0|49277.390625|8.8872957150338|100.537884145701||||49277.390625|330|35275||||88044f|AIQ411|X|X|0|0|6||||132|51|0|0|[]|13:41:17:391
21|2.1|636136510600237962|0|49277.9140625|8.8861799160846|100.537927061045||||49277.9140625|330|35275||||88044f|AIQ411|X|X|0|0|6||||132|83|0|0|[]|13:41:17:914
21|2.1|636136510638461784|0|49281.7421875|8.8778328816377|100.538120180094||||49281.7421875|330|35275||||88044f|AIQ411|X|X|0|0|6||||132|51|0|0|[]|13:41:21:742
21|2.1|636136510643612299|0|49282.25|8.8766741673443|100.538163095438||||49282.25|330|35275||||88044f|AIQ411|X|X|0|0|6||||132|83|0|0|[]|13:41:22:250
21|2.1|636136510680265964|0|49285.921875|8.868670455651|100.538399129831||||49285.921875|330|35275||||88044f|AIQ411|X|X|0|0|6||||132|51|0|0|[]|13:41:25:922
21|2.1|636136510685566494|0|49286.453125|8.8675117413576|100.538399129831||||49286.453125|330|35275||||88044f|AIQ411|X|X|0|0|6||||132|83|0|0|[]|13:41:26:453
21|2.1|636136510723480285|0|49290.25|8.8591647069107|100.53859224888||||49290.25|330|35300||||88044f|AIQ411|X|X|0|0|6||||132|51|0|0|[]|13:41:30:250
21|2.1|636136510728310768|0|49290.71875|8.8581347386499|100.538635164224||||49290.71875|330|35275||||88044f|AIQ411|X|X|0|0|6||||132|83|0|0|[]|13:41:30:719
21|2.1|636136510769194856|0|49294.8203125|8.8491225163679|100.538871198617||||49294.8203125|330|35275||||88044f|AIQ411|X|X|0|0|6||||132|83|0|0|[]|13:41:34:820
21|2.1|636136510769194856|0|49294.8203125|8.8491225163679|100.538871198617||||49294.8203125|330|35275||||88044f|AIQ411|X|X|0|0|6||||132|51|0|0|[]|13:41:34:820
21|2.1|636136510809438880|0|49298.84375|8.8402819554627|100.53910723301||||49298.84375|330|35300||||88044f|AIQ411|X|X|0|0|6||||132|51|0|0|[]|13:41:38:844
21|2.1|636136510809598896|0|49298.84375|8.8402819554627|100.53910723301||||49298.84375|330|35300||||88044f|AIQ411|X|X|0|0|6||||132|83|0|0|[]|13:41:38:844
21|2.1|636136510852963232|0|49303.1953125|8.8307547490503|100.539343267403||||49303.1953125|330|35300||||88044f|AIQ411|X|X|0|0|6||||132|51|0|0|[]|13:41:43:195
21|2.1|636136510852963232|0|49303.1953125|8.8307547490503|100.539343267403||||49303.1953125|330|35300||||88044f|AIQ411|X|X|0|0|6||||132|83|0|0|[]|13:41:43:195
21|2.1|636136510894467382|0|49307.34375|8.8216137807357|100.539557844124||||49307.34375|330|35300||||88044f|AIQ411|X|X|0|0|6||||132|51|0|0|[]|13:41:47:344
21|2.1|636136510894467382|0|49307.34375|8.8216137807357|100.539557844124||||49307.34375|330|35300||||88044f|AIQ411|X|X|0|0|6||||132|83|0|0|[]|13:41:47:344
21|2.1|636136510935801515|0|49311.4765625|8.8125371854374|100.539793878517||||49311.4765625|330|35300||||88044f|AIQ411|X|X|0|0|6||||132|51|0|0|[]|13:41:51:477
21|2.1|636136510935811516|0|49311.4765625|8.8125371854374|100.539793878517||||49311.4765625|330|35300||||88044f|AIQ411|X|X|0|0|6||||132|83|0|0|[]|13:41:51:477
21|2.1|636136510976515586|0|49315.5546875|8.8035678784996|100.540029912911||||49315.5546875|330|35300||||88044f|AIQ411|X|X|0|0|6||||132|51|0|0|[]|13:41:55:555
21|2.1|636136510976685603|0|49315.5546875|8.8035678784996|100.540029912911||||49315.5546875|330|35300||||88044f|AIQ411|X|X|0|0|6||||132|83|0|0|[]|13:41:55:555
21|2.1|636136511020980032|0|49320|8.7937617223499|100.540244489632||||49320|330|35300||||88044f|AIQ411|X|X|0|0|6||||132|83|0|0|[]|13:42:00:000
21|2.1|636136511021140048|0|49320|8.7937617223499|100.540244489632||||49320|330|35300||||88044f|AIQ411|X|X|0|0|6||||132|51|0|0|[]|13:42:00:000
21|2.1|636136511064664400|0|49324.3671875|8.7841701429212|100.540480524025||||49324.3671875|330|35300||||88044f|AIQ411|X|X|0|0|6||||132|51|0|0|[]|13:42:04:367
21|2.1|636136511064814415|0|49324.3671875|8.7841701429212|100.540480524025||||49324.3671875|330|35300||||88044f|AIQ411|X|X|0|0|6||||132|83|0|0|[]|13:42:04:367
21|2.1|636136511105538487|0|49328.4453125|8.7752437513276|100.540716558418||||49328.4453125|330|35300||||88044f|AIQ411|X|X|0|0|6||||132|51|0|0|[]|13:42:08:445
21|2.1|636136511105548488|0|49328.4453125|8.7752437513276|100.540716558418||||49328.4453125|330|35300||||88044f|AIQ411|X|X|0|0|6||||132|83|0|0|[]|13:42:08:445
21|2.1|636136511147192652|0|49332.6171875|8.7660813253409|100.540952592811||||49332.6171875|330|35300||||88044f|AIQ411|X|X|0|0|6||||132|51|0|0|[]|13:42:12:617
21|2.1|636136511147192652|0|49332.6171875|8.7660813253409|100.540952592811||||49332.6171875|330|35300||||88044f|AIQ411|X|X|0|0|6||||132|83|0|0|[]|13:42:12:617
21|2.1|636136511191187051|0|49337.0234375|8.7563824575517|100.541188627204||||49337.0234375|329.5|35250||||88044f|AIQ411|X|X|0|0|6||||132|51|0|0|[]|13:42:17:023
21|2.1|636136511191337066|0|49337.0234375|8.7563824575517|100.541188627204||||49337.0234375|329.5|35250||||88044f|AIQ411|X|X|0|0|6||||132|83|0|0|[]|13:42:17:023
21|2.1|636136511232061138|0|49341.109375|8.7474560659581|100.541424661597||||49341.109375|329|35200||||88044f|AIQ411|X|X|0|0|6||||132|51|0|0|[]|13:42:21:109
21|2.1|636136511232061138|0|49341.109375|8.7474560659581|100.541424661597||||49341.109375|329|35200||||88044f|AIQ411|X|X|0|0|6||||132|83|0|0|[]|13:42:21:109
21|2.1|636136511274335365|0|49345.3203125|8.7381648939388|100.54166069599||||49345.3203125|328.5|35150||||88044f|AIQ411|X|X|0|0|6||||132|51|0|0|[]|13:42:25:320
21|2.1|636136511274335365|0|49345.3203125|8.7381648939388|100.54166069599||||49345.3203125|328.5|35150||||88044f|AIQ411|X|X|0|0|6||||132|83|0|0|[]|13:42:25:320
21|2.1|636136511317549686|0|49349.6484375|8.7286376875264|100.541896730383||||49349.6484375|327.75|35100||||88044f|AIQ411|X|X|0|0|6||||132|51|0|0|[]|13:42:29:648
21|2.1|636136511317699701|0|49349.6484375|8.7286376875264|100.541896730383||||49349.6484375|327.75|35100||||88044f|AIQ411|X|X|0|0|6||||132|83|0|0|[]|13:42:29:648
21|2.1|636136511362634194|0|49354.15625|8.7187671583604|100.542132764776||||49354.15625|326.75|34975||||88044f|AIQ411|X|X|0|0|6||||132|51|0|0|[]|13:42:34:156
21|2.1|636136511362634194|0|49354.15625|8.7187671583604|100.542132764776||||49354.15625|326.75|34975||||88044f|AIQ411|X|X|0|0|6||||132|83|0|0|[]|13:42:34:156
21|2.1|636136511406788609|0|49358.5859375|8.7090468328991|100.542411714514||||49358.5859375|325.25|34850||||88044f|AIQ411|X|X|0|0|6||||132|51|0|0|[]|13:42:38:586
21|2.1|636136511406938624|0|49358.5859375|8.7090468328991|100.542411714514||||49358.5859375|325.25|34850||||88044f|AIQ411|X|X|0|0|6||||132|83|0|0|[]|13:42:38:586
21|2.1|636136511447812711|0|49362.6796875|8.700013152945|100.542604833563||||49362.6796875|323.75|34700||||88044f|AIQ411|X|X|0|0|6||||132|51|0|0|[]|13:42:42:680
21|2.1|636136511447812711|0|49362.6796875|8.700013152945|100.542604833563||||49362.6796875|323.75|34700||||88044f|AIQ411|X|X|0|0|6||||132|83|0|0|[]|13:42:42:680
21|2.1|636136511491807110|0|49367.078125|8.6903786581721|100.542862325628||||49367.078125|322|34525||||88044f|AIQ411|X|X|0|0|6||||132|51|0|0|[]|13:42:47:078
21|2.1|636136511491957125|0|49367.078125|8.6903786581721|100.542862325628||||49367.078125|322|34525||||88044f|AIQ411|X|X|0|0|6||||132|83|0|0|[]|13:42:47:078
21|2.1|636136511532991228|0|49371.203125|8.681344978218|100.543098360021||||49371.203125|320.5|34350||||88044f|AIQ411|X|X|0|0|6||||132|51|0|0|[]|13:42:51:203
21|2.1|636136511533141243|0|49371.203125|8.681344978218|100.543098360021||||49371.203125|320.5|34350||||88044f|AIQ411|X|X|0|0|6||||132|83|0|0|[]|13:42:51:203
21|2.1|636136511576515580|0|49375.5546875|8.6718821448219|100.543334394414||||49375.5546875|319|34200||||88044f|AIQ411|X|X|0|0|6||||132|51|0|0|[]|13:42:55:555
21|2.1|636136511576675596|0|49375.5546875|8.6718821448219|100.543334394414||||49375.5546875|319|34200||||88044f|AIQ411|X|X|0|0|6||||132|83|0|0|[]|13:42:55:555
21|2.1|636136511617869715|0|49379.6875|8.6628484648678|100.543570428807||||49379.6875|317.5|34050||||88044f|AIQ411|X|X|0|0|6||||132|51|0|0|[]|13:42:59:688
21|2.1|636136511618009729|0|49379.6875|8.6628484648678|100.543570428807||||49379.6875|317.5|34050||||88044f|AIQ411|X|X|0|0|6||||132|83|0|0|[]|13:42:59:688
21|2.1|636136511659663894|0|49383.875|8.6537289542253|100.5438064632||||49383.875|315.75|33850||||88044f|AIQ411|X|X|0|0|6||||132|51|0|0|[]|13:43:03:875
21|2.1|636136511659823910|0|49383.875|8.6537289542253|100.5438064632||||49383.875|315.75|33850||||88044f|AIQ411|X|X|0|0|6||||132|83|0|0|[]|13:43:03:875
21|2.1|636136511701168044|0|49388.015625|8.6447596472875|100.544042497593||||49388.015625|314.25|33700||||88044f|AIQ411|X|X|0|0|6||||132|51|0|0|[]|13:43:08:016
21|2.1|636136511701318059|0|49388.015625|8.6447596472875|100.544042497593||||49388.015625|314.25|33700||||88044f|AIQ411|X|X|0|0|6||||132|83|0|0|[]|13:43:08:016
21|2.1|636136511743912318|0|49392.2890625|8.6354899329403|100.544278531986||||49392.2890625|312.5|33475||||88044f|AIQ411|X|X|0|0|6||||132|51|0|0|[]|13:43:12:289
21|2.1|636136511743912318|0|49392.2890625|8.6354899329403|100.544278531986||||49392.2890625|312.5|33475||||88044f|AIQ411|X|X|0|0|6||||132|83|0|0|[]|13:43:12:289
21|2.1|636136511785876514|0|49396.4921875|8.6263704222978|100.544557481724||||49396.4921875|310.75|33325||||88044f|AIQ411|X|X|0|0|6||||132|51|0|0|[]|13:43:16:492
21|2.1|636136511786026529|0|49396.4921875|8.6263704222978|100.544557481724||||49396.4921875|310.75|33300||||88044f|AIQ411|X|X|0|0|6||||132|83|0|0|[]|13:43:16:492
21|2.1|636136511826440570|0|49400.53125|8.617615692081|100.544793516117||||49400.53125|309.25|33150||||88044f|AIQ411|X|X|0|0|6||||132|51|0|0|[]|13:43:20:531
21|2.1|636136511826450571|0|49400.53125|8.617615692081|100.544793516117||||49400.53125|309.25|33150||||88044f|AIQ411|X|X|0|0|6||||132|83|0|0|[]|13:43:20:531
21|2.1|636136511870274953|0|49404.9375|8.6081099433407|100.545008092838||||49404.9375|307.25|32925||||88044f|AIQ411|X|X|0|0|6||||132|51|0|0|[]|13:43:24:938
21|2.1|636136511870424968|0|49404.9375|8.6081099433407|100.545008092838||||49404.9375|307.25|32925||||88044f|AIQ411|X|X|0|0|6||||132|83|0|0|[]|13:43:24:938
21|2.1|636136511913019227|0|49409.203125|8.5989046020098|100.545287042575||||49409.203125|305.5|32750||||88044f|AIQ411|X|X|0|0|6||||132|51|0|0|[]|13:43:29:203
21|2.1|636136511913179243|0|49409.203125|8.5989046020098|100.545287042575||||49409.203125|305.5|32750||||88044f|AIQ411|X|X|0|0|6||||132|83|0|0|[]|13:43:29:203
21|2.1|636136511954983423|0|49413.3984375|8.5898494643836|100.545523076968||||49413.3984375|304|32575||||88044f|AIQ411|X|X|0|0|6||||132|51|0|0|[]|13:43:33:398
21|2.1|636136511955143439|0|49413.3984375|8.5898494643836|100.545523076968||||49413.3984375|304|32575||||88044f|AIQ411|X|X|0|0|6||||132|83|0|0|[]|13:43:33:398
21|2.1|636136511998527777|0|49417.75|8.5805153770201|100.545759111361||||49417.75|302.25|32400||||88044f|AIQ411|X|X|0|0|6||||132|83|0|0|[]|13:43:37:750
21|2.1|636136511998527777|0|49417.75|8.5805153770201|100.545759111361||||49417.75|302.25|32400||||88044f|AIQ411|X|X|0|0|6||||132|51|0|0|[]|13:43:37:750
21|2.1|636136512041882112|0|49422.078125|8.5712027473287|100.546016603426||||49422.078125|300.5|32200||||88044f|AIQ411|X|X|0|0|6||||132|51|0|0|[]|13:43:42:078
21|2.1|636136512041882112|0|49422.078125|8.5712027473287|100.546016603426||||49422.078125|300.5|32200||||88044f|AIQ411|X|X|0|0|6||||132|83|0|0|[]|13:43:42:078
21|2.1|636136512084776401|0|49426.375|8.5619759483257|100.54625263782||||49426.375|298.75|32025||||88044f|AIQ411|X|X|0|0|6||||132|51|0|0|[]|13:43:46:375
21|2.1|636136512084786402|0|49426.375|8.5619759483257|100.54625263782||||49426.375|298.75|32025||||88044f|AIQ411|X|X|0|0|6||||132|83|0|0|[]|13:43:46:375
21|2.1|636136512127060629|0|49430.609375|8.5529422683716|100.546488672213||||49430.609375|297.25|31875||||88044f|AIQ411|X|X|0|0|6||||132|51|0|0|[]|13:43:50:609
21|2.1|636136512127210644|0|49430.6015625|8.5529422683716|100.546488672213||||49430.6015625|297.25|31875||||88044f|AIQ411|X|X|0|0|6||||132|83|0|0|[]|13:43:50:602
21|2.1|636136512167934716|0|49434.6953125|8.5441875381548|100.546681791262||||49434.6953125|295.5|31675||||88044f|AIQ411|X|X|0|0|6||||132|51|0|0|[]|13:43:54:695
21|2.1|636136512168084731|0|49434.6953125|8.5441875381548|100.546681791262||||49434.6953125|295.5|31675||||88044f|AIQ411|X|X|0|0|6||||132|83|0|0|[]|13:43:54:695
21|2.1|636136512208188741|0|49438.7109375|8.5356259269869|100.546917825655||||49438.7109375|294|31525||||88044f|AIQ411|X|X|0|0|6||||132|83|0|0|[]|13:43:58:711
21|2.1|636136512213949317|0|49439.296875|8.534359924333|100.546960740999||||49439.296875|293.75|31475||||88044f|AIQ411|X|X|0|0|6||||132|51|0|0|[]|13:43:59:297
21|2.1|636136512255293451|0|49443.4375|8.5255837364441|100.547196775392||||49443.4375|292.25|31325||||88044f|AIQ411|X|X|0|0|6||||132|51|0|0|[]|13:44:03:438
21|2.1|636136512255453467|0|49443.4375|8.5255837364441|100.547196775392||||49443.4375|292.25|31300||||88044f|AIQ411|X|X|0|0|6||||132|83|0|0|[]|13:44:03:438
21|2.1|636136512296327554|0|49447.5234375|8.5169148369157|100.547432809785||||49447.5234375|290.5|31125||||88044f|AIQ411|X|X|0|0|6||||132|51|0|0|[]|13:44:07:523
21|2.1|636136512296327554|0|49447.5234375|8.5169148369157|100.547432809785||||49447.5234375|290.5|31125||||88044f|AIQ411|X|X|0|0|6||||132|83|0|0|[]|13:44:07:523
21|2.1|636136512338131734|0|49451.703125|8.5080313606663|100.547625928834||||49451.703125|289|30975||||88044f|AIQ411|X|X|0|0|6||||132|51|0|0|[]|13:44:11:703
21|2.1|636136512338141735|0|49451.703125|8.5080313606663|100.547625928834||||49451.703125|289|30975||||88044f|AIQ411|X|X|0|0|6||||132|83|0|0|[]|13:44:11:703
21|2.1|636136512378535774|0|49455.7578125|8.4994697494984|100.547861963227||||49455.7578125|287.5|30825||||88044f|AIQ411|X|X|0|0|6||||132|51|0|0|[]|13:44:15:758
21|2.1|636136512378695790|0|49455.7578125|8.4994697494984|100.547861963227||||49455.7578125|287.5|30825||||88044f|AIQ411|X|X|0|0|6||||132|83|0|0|[]|13:44:15:758
21|2.1|636136512419409861|0|49459.84375|8.4908437653142|100.548055082276||||49459.84375|286|30625||||88044f|AIQ411|X|X|0|0|6||||132|51|0|0|[]|13:44:19:844
21|2.1|636136512419569877|0|49459.84375|8.4908437653142|100.548055082276||||49459.84375|286|30625||||88044f|AIQ411|X|X|0|0|6||||132|83|0|0|[]|13:44:19:844
21|2.1|636136512462004120|0|49464.109375|8.4818744583764|100.548291116669||||49464.109375|284.25|30450||||88044f|AIQ411|X|X|0|0|6||||132|51|0|0|[]|13:44:24:109
21|2.1|636136512462164136|0|49464.109375|8.4818744583764|100.548291116669||||49464.109375|284.25|30450||||88044f|AIQ411|X|X|0|0|6||||132|83|0|0|[]|13:44:24:109
21|2.1|636136512505678487|0|49468.4609375|8.4727334900618|100.548527151062||||49468.4609375|282.5|30275||||88044f|AIQ411|X|X|0|0|6||||132|51|0|0|[]|13:44:28:461
21|2.1|636136512505688488|0|49468.4609375|8.4727334900618|100.548527151062||||49468.4609375|282.5|30275||||88044f|AIQ411|X|X|0|0|6||||132|83|0|0|[]|13:44:28:461
21|2.1|636136512547802699|0|49472.6796875|8.4638500138124|100.548763185455||||49472.6796875|281|30125||||88044f|AIQ411|X|X|0|0|6||||132|51|0|0|[]|13:44:32:680
21|2.1|636136512547962715|0|49472.6796875|8.4638500138124|100.548763185455||||49472.6796875|281|30125||||88044f|AIQ411|X|X|0|0|6||||132|83|0|0|[]|13:44:32:680
21|2.1|636136512591487067|0|49477.046875|8.454751960842|100.54902067752||||49477.046875|279.25|29900||||88044f|AIQ411|X|X|0|0|6||||132|51|0|0|[]|13:44:37:047
21|2.1|636136512591647083|0|49477.046875|8.454751960842|100.54902067752||||49477.046875|279.25|29900||||88044f|AIQ411|X|X|0|0|6||||132|83|0|0|[]|13:44:37:047
21|2.1|636136512635321450|0|49481.4375|8.4455466195111|100.549256711914||||49481.4375|277.75|29775||||88044f|AIQ411|X|X|0|0|6||||132|51|0|0|[]|13:44:41:438
21|2.1|636136512635481466|0|49481.4375|8.4455466195111|100.549256711914||||49481.4375|277.75|29775||||88044f|AIQ411|X|X|0|0|6||||132|83|0|0|[]|13:44:41:438
21|2.1|636136512675885506|0|49485.484375|8.4371352120479|100.549471288635||||49485.484375|276.25|29600||||88044f|AIQ411|X|X||0|6||||132|51|0|0|[]|13:44:45:484
21|2.1|636136512675895507|0|49485.484375|8.4371352120479|100.549471288635||||49485.484375|276.25|29575||||88044f|AIQ411|X|X|0|0|6||||132|83|0|0|[]|13:44:45:484
21|2.1|636136512716759593|0|49489.578125|8.4286165162242|100.549664407683||||49489.578125|274.5|29425||||88044f|AIQ411|X|X|0|0|6||||132|51|0|0|[]|13:44:49:578
21|2.1|636136512716919609|0|49489.578125|8.4286165162242|100.549664407683||||49489.578125|274.5|29425||||88044f|AIQ411|X|X|0|0|6||||132|83|0|0|[]|13:44:49:578
21|2.1|636136512761064023|0|49494|8.4194326325654|100.549900442077||||49494|273|29250||||88044f|AIQ411|X|X|0|0|6||||132|51|0|0|[]|13:44:54:000
21|2.1|636136512761224039|0|49494|8.4194326325654|100.549900442077||||49494|273|29250||||88044f|AIQ411|X|X|0|0|6||||132|83|0|0|[]|13:44:54:000
21|2.1|636136512801938110|0|49498.0703125|8.4110212251022|100.55013647647||||49498.0703125|271.5|29075||||88044f|AIQ411|X|X|0|0|6||||132|83|0|0|[]|13:44:58:070
21|2.1|636136512807398656|0|49498.640625|8.4098410531367|100.550179391814||||49498.640625|271.25|29075||||88044f|AIQ411|X|X|0|0|6||||132|51|0|0|[]|13:44:58:641
21|2.1|636136512845772493|0|49502.46875|8.4019446298039|100.550372510863||||49502.46875|269.75|28900||||88044f|AIQ411|X|X|0|0|6||||132|83|0|0|[]|13:45:02:469
21|2.1|636136512850622978|0|49502.953125|8.4009146615431|100.550415426207||||49502.953125|269.75|28875||||88044f|AIQ411|X|X|0|0|6||||132|51|0|0|[]|13:45:02:953
21|2.1|636136512890716987|0|49506.9765625|8.3926320001125|100.550608545256||||49506.9765625|268.25|28725||||88044f|AIQ411|X|X|0|0|6||||132|51|0|0|[]|13:45:06:977
21|2.1|636136512890867002|0|49506.9765625|8.3926320001125|100.550608545256||||49506.9765625|268.25|28725||||88044f|AIQ411|X|X|0|0|6||||132|83|0|0|[]|13:45:06:977
21|2.1|636136512934541369|0|49511.3515625|8.3836197778305|100.550823121977||||49511.3515625|266.5|28550||||88044f|AIQ411|X|X|0|0|6||||132|51|0|0|[]|13:45:11:352
21|2.1|636136512934561371|0|49511.3515625|8.3836197778305|100.550823121977||||49511.3515625|266.5|28550||||88044f|AIQ411|X|X|0|0|6||||132|83|0|0|[]|13:45:11:352
21|2.1|636136512980095924|0|49515.9140625|8.374285690467|100.551080614042||||49515.9140625|264.75|28325||||88044f|AIQ411|X|X|0|0|6||||132|51|0|0|[]|13:45:15:914
21|2.1|636136512980245939|0|49515.9140625|8.374285690467|100.551080614042||||49515.9140625|264.75|28325||||88044f|AIQ411|X|X|0|0|6||||132|83|0|0|[]|13:45:15:914
21|2.1|636136513023150229|0|49520.203125|8.365488044906|100.551316648435||||49520.203125|263.5|28225||||88044f|AIQ411|X|X|0|0|6||||132|51|0|0|[]|13:45:20:203
21|2.1|636136513023160230|0|49520.203125|8.365488044906|100.551316648435||||49520.203125|263.5|28225||||88044f|AIQ411|X|X|0|0|6||||132|83|0|0|[]|13:45:20:203
21|2.1|636136513064804394|0|49524.375|8.3570122644265|100.551659971189||||49524.375|262.25|28100||||88044f|AIQ411|X|X|0|0|6||||132|51|0|0|[]|13:45:24:375
21|2.1|636136513064804394|0|49524.375|8.3570122644265|100.551659971189||||49524.375|262.25|28100||||88044f|AIQ411|X|X|0|0|6||||132|83|0|0|[]|13:45:24:375
21|2.1|636136513104738387|0|49528.375|8.3489012643727|100.552132039975||||49528.375|261|27950||||88044f|AIQ411|X|X|0|0|6||||132|51|0|0|[]|13:45:28:375
21|2.1|636136513104898403|0|49528.375|8.3489012643727|100.552132039975||||49528.375|261|27950||||88044f|AIQ411|X|X|0|0|6||||132|83|0|0|[]|13:45:28:375
21|2.1|636136513148892802|0|49532.7890625|8.3399963304512|100.55279722781||||49532.7890625|259.25|27750||||88044f|AIQ411|X|X|0|0|6||||132|51|0|0|[]|13:45:32:789
21|2.1|636136513149052818|0|49532.7890625|8.3399963304512|100.55279722781||||49532.7890625|259.25|27750||||88044f|AIQ411|X|X|0|0|6||||132|83|0|0|[]|13:45:32:789
21|2.1|636136513192577170|0|49537.15625|8.3312630579065|100.553569704006||||49537.15625|257.5|27575||||88044f|AIQ411|X|X|0|0|6||||132|51|0|0|[]|13:45:37:156
21|2.1|636136513192737186|0|49537.15625|8.3312630579065|100.553569704006||||49537.15625|257.5|27575||||88044f|AIQ411|X|X|0|0|6||||132|83|0|0|[]|13:45:37:156
21|2.1|636136513234081320|0|49541.3046875|8.3229589388038|100.554513841578||||49541.3046875|255.75|27375||||88044f|AIQ411|X|X|0|0|6||||132|51|0|0|[]|13:45:41:305
21|2.1|636136513234231335|0|49541.3046875|8.3229589388038|100.554513841578||||49541.3046875|255.75|27375||||88044f|AIQ411|X|X|0|0|6||||132|83|0|0|[]|13:45:41:305
21|2.1|636136513278065718|0|49545.703125|8.3142256662591|100.555629640527||||49545.703125|254|27200||||88044f|AIQ411|X|X|0|0|6||||132|51|0|0|[]|13:45:45:703
21|2.1|636136513278225734|0|49545.703125|8.3142256662591|100.555629640527||||49545.703125|254|27200||||88044f|AIQ411|X|X|0|0|6||||132|83|0|0|[]|13:45:45:703
21|2.1|636136513321750086|0|49550.0546875|8.3055782244028|100.556917100853||||49550.0546875|252|26975||||88044f|AIQ411|X|X|0|0|6||||132|51|0|0|[]|13:45:50:055
21|2.1|636136513321750086|0|49550.0546875|8.3055782244028|100.556917100853||||49550.0546875|252|26975||||88044f|AIQ411|X|X|0|0|6||||132|83|0|0|[]|13:45:50:055
21|2.1|636136513363404251|0|49554.2265625|8.2973384783164|100.558290391868||||49554.2265625|250|26750||||88044f|AIQ411|X|X|0|0|6||||132|51|0|0|[]|13:45:54:227
21|2.1|636136513363404251|0|49554.2265625|8.2973384783164|100.558290391868||||49554.2265625|250|26750||||88044f|AIQ411|X|X|0|0|6||||132|83|0|0|[]|13:45:54:227
21|2.1|636136513406778588|0|49558.578125|8.2887554094764|100.559899717275||||49558.578125|248.25|26600||||88044f|AIQ411|X|X|0|0|6||||132|51|0|0|[]|13:45:58:578
21|2.1|636136513406928603|0|49558.578125|8.2887554094764|100.559899717275||||49558.578125|248.25|26600||||88044f|AIQ411|X|X|0|0|6||||132|83|0|0|[]|13:45:58:578
21|2.1|636136513446862596|0|49562.59375|8.2809019014878|100.561423211994||||49562.59375|246.75|26425||||88044f|AIQ411|X|X|0|0|6||||132|51|0|0|[]|13:46:02:594
21|2.1|636136513447022612|0|49562.59375|8.2809019014878|100.561423211994||||49562.59375|246.75|26425||||88044f|AIQ411|X|X|0|0|6||||132|83|0|0|[]|13:46:02:594
21|2.1|636136513488206730|0|49566.7109375|8.2728552744503|100.562925249041||||49566.7109375|245.25|26275||||88044f|AIQ411|X|X|0|0|6||||132|51|0|0|[]|13:46:06:711
21|2.1|636136513488366746|0|49566.7109375|8.2728552744503|100.562925249041||||49566.7109375|245.25|26275||||88044f|AIQ411|X|X|0|0|6||||132|83|0|0|[]|13:46:06:711
21|2.1|636136513528460755|0|49570.734375|8.2649803087896|100.564405828416||||49570.734375|243.75|26075||||88044f|AIQ411|X|X|0|0|6||||132|51|0|0|[]|13:46:10:734
21|2.1|636136513528460755|0|49570.734375|8.2649803087896|100.564405828416||||49570.734375|243.75|26075||||88044f|AIQ411|X|X|0|0|6||||132|83|0|0|[]|13:46:10:734
21|2.1|636136513570894998|0|49574.984375|8.2566332743427|100.565864950119||||49574.984375|242.25|25950||||88044f|AIQ411|X|X|0|0|6||||132|51|0|0|[]|13:46:14:984
21|2.1|636136513571045013|0|49574.984375|8.2566332743427|100.565864950119||||49574.984375|242.25|25950||||88044f|AIQ411|X|X|0|0|6||||132|83|0|0|[]|13:46:14:984
21|2.1|636136513613009209|0|49579.203125|8.2484364436005|100.567216783461||||49579.203125|240.75|25750||||88044f|AIQ411|X|X|0|0|6||||132|51|0|0|[]|13:46:19:203
21|2.1|636136513613169225|0|49579.203125|8.2484364436005|100.567216783461||||49579.203125|240.75|25750||||88044f|AIQ411|X|X|0|0|6||||132|83|0|0|[]|13:46:19:203
21|2.1|636136513654033311|0|49583.2890625|8.2404756472514|100.568375497755||||49583.2890625|239.5|25625||||88044f|AIQ411|X|X|0|0|6||||132|51|0|0|[]|13:46:23:289
21|2.1|636136513654043312|0|49583.2890625|8.2404756472514|100.568375497755||||49583.2890625|239.5|25625||||88044f|AIQ411|X|X|0|0|6||||132|83|0|0|[]|13:46:23:289
21|2.1|636136513694137321|0|49587.3203125|8.2326435969349|100.569405466015||||49587.3203125|238.25|25475||||88044f|AIQ411|X|X|0|0|6||||132|51|0|0|[]|13:46:27:320
21|2.1|636136513694287336|0|49587.3203125|8.2326435969349|100.569405466015||||49587.3203125|238.25|25475||||88044f|AIQ411|X|X|0|0|6||||132|83|0|0|[]|13:46:27:320
21|2.1|636136513737501657|0|49591.640625|8.2243180201601|100.570392518932||||49591.640625|237.25|25375||||88044f|AIQ411|X|X|0|0|6||||132|51|0|0|[]|13:46:31:641
21|2.1|636136513737651672|0|49591.640625|8.2243180201601|100.570392518932||||49591.640625|237.25|25375||||88044f|AIQ411|X|X|0|0|6||||132|83|0|0|[]|13:46:31:641
21|2.1|636136513779465853|0|49595.8359375|8.2162284777784|100.571272283488||||49595.8359375|236.25|25275||||88044f|AIQ411|X|X|0|0|6||||132|51|0|0|[]|13:46:35:836
21|2.1|636136513779465853|0|49595.8359375|8.2162284777784|100.571272283488||||49595.8359375|236.25|25275||||88044f|AIQ411|X|X|0|0|6||||132|83|0|0|[]|13:46:35:836
21|2.1|636136513820970003|0|49599.984375|8.2083320544456|100.5721091327||||49599.984375|235|25125||||88044f|AIQ411|X|X|0|0|6||||132|51|0|0|[]|13:46:39:984
21|2.1|636136513820970003|0|49599.984375|8.2083320544456|100.5721091327||||49599.984375|235|25125||||88044f|AIQ411|X|X|0|0|6||||132|83|0|0|[]|13:46:39:984
21|2.1|636136513861374043|0|49604.0390625|8.2006502078338|100.57292452424||||49604.0390625|233.5|24975||||88044f|AIQ411|X|X|0|0|6||||132|51|0|0|[]|13:46:44:039
21|2.1|636136513861684074|0|49604.0390625|8.2006502078338|100.57292452424||||49604.0390625|233.5|24975||||88044f|AIQ411|X|X|0|0|6||||132|83|0|0|[]|13:46:44:039
21|2.1|636136513905048410|0|49608.40625|8.1923460887311|100.573782831124||||49608.40625|232|24825||||88044f|AIQ411|X|X|0|0|6||||132|51|0|0|[]|13:46:48:406
21|2.1|636136513905358441|0|49608.40625|8.1923460887311|100.573782831124||||49608.40625|232|24825||||88044f|AIQ411|X|X|0|0|6||||132|83|0|0|[]|13:46:48:406
21|2.1|636136513949822887|0|49612.8828125|8.1838917659237|100.574619680336||||49612.8828125|230.25|24625||||88044f|AIQ411|X|X|0|0|6||||132|51|0|0|[]|13:46:52:883
21|2.1|636136513949982903|0|49612.8828125|8.1838917659237|100.574619680336||||49612.8828125|230.25|24625||||88044f|AIQ411|X|X|0|0|6||||132|83|0|0|[]|13:46:52:883
21|2.1|636136513990226927|0|49616.9140625|8.1762957500003|100.575370698859||||49616.9140625|228.5|24425||||88044f|AIQ411|X|X|0|0|6||||132|51|0|0|[]|13:46:56:914
21|2.1|636136513990236928|0|49616.9140625|8.1762957500003|100.575370698859||||49616.9140625|228.5|24425||||88044f|AIQ411|X|X|0|0|6||||132|83|0|0|[]|13:46:56:914
21|2.1|636136514030950999|0|49620.9921875|8.1686139033885|100.576164632727||||49620.9921875|226.75|24225||||88044f|AIQ411|X|X|0|0|6||||132|51|0|0|[]|13:47:00:992
21|2.1|636136514031101014|0|49620.9921875|8.1686139033885|100.576164632727||||49620.9921875|226.75|24225||||88044f|AIQ411|X|X|0|0|6||||132|83|0|0|[]|13:47:00:992
21|2.1|636136514075405444|0|49625.4375|8.1602239535974|100.576894193578||||49625.4375|225|24050||||88044f|AIQ411|X|X|0|0|6||||132|51|0|0|[]|13:47:05:438
21|2.1|636136514075565460|0|49625.4375|8.1602239535974|100.576894193578||||49625.4375|225|24050||||88044f|AIQ411|X|X|0|0|6||||132|83|0|0|[]|13:47:05:438
21|2.1|636136514115349438|0|49629.4375|8.1526708530182|100.577559381413||||49629.4375|223.25|23875||||88044f|AIQ411|X|X|0|0|6||||132|51|0|0|[]|13:47:09:438
21|2.1|636136514115509454|0|49629.4375|8.1526708530182|100.577559381413||||49629.4375|223.25|23875||||88044f|AIQ411|X|X|0|0|6||||132|83|0|0|[]|13:47:09:438
21|2.1|636136514160273930|0|49633.921875|8.1442165302108|100.578224569249||||49633.921875|221.5|23700||||88044f|AIQ411|X|X|0|0|6||||132|51|0|0|[]|13:47:13:922
21|2.1|636136514164644367|0|49634.359375|8.1434225963431|100.578267484593||||49634.359375|221.25|23650||||88044f|AIQ411|X|X|0|0|6||||132|83|0|0|[]|13:47:14:359
21|2.1|636136514202088111|0|49638.109375|8.1363630222222|100.578739553379||||49638.109375|220|23475||||88044f|AIQ411|X|X|0|0|6||||132|51|0|0|[]|13:47:18:109
21|2.1|636136514207548657|0|49638.640625|8.1353759693056|100.578846841739||||49638.640625|219.75|23475||||88044f|AIQ411|X|X|0|0|6||||132|83|0|0|[]|13:47:18:641
21|2.1|636136514243892291|0|49642.2734375|8.1285309719057|100.579275995181||||49642.2734375|218.25|23325||||88044f|AIQ411|X|X|0|0|6||||132|51|0|0|[]|13:47:22:273
21|2.1|636136514248422744|0|49642.7265625|8.1276941226938|100.579318910526||||49642.7265625|218|23275||||88044f|AIQ411|X|X|0|0|6||||132|83|0|0|[]|13:47:22:727
21|2.1|636136514285236425|0|49646.421875|8.1207632946055|100.579748063968||||49646.421875|216.5|23125||||88044f|AIQ411|X|X|0|0|6||||132|51|0|0|[]|13:47:26:422
21|2.1|636136514291167018|0|49646.9921875|8.1196689533284|100.579790979312||||49646.9921875|216.25|23125||||88044f|AIQ411|X|X|0|0|6||||132|83|0|0|[]|13:47:26:992
21|2.1|636136514327820683|0|49650.6875|8.1127595829122|100.580155759738||||49650.6875|214.75|22925||||88044f|AIQ411|X|X|0|0|6||||132|51|0|0|[]|13:47:30:688
21|2.1|636136514332501151|0|49651.140625|8.1119012760282|100.580198675082||||49651.140625|214.75|22925||||88044f|AIQ411|X|X|0|0|6||||132|83|0|0|[]|13:47:31:141
21|2.1|636136514368384739|0|49654.7421875|8.1051635669888|100.580541997835||||49654.7421875|213.25|22750||||88044f|AIQ411|X|X|0|0|6||||132|51|0|0|[]|13:47:34:742
21|2.1|636136514374155316|0|49655.3125|8.1040692257117|100.580627828524||||49655.3125|213|22750||||88044f|AIQ411|X|X|0|0|6||||132|83|0|0|[]|13:47:35:313
21|2.1|636136514409728873|0|49658.8828125|8.0973744320165|100.580949693605||||49658.8828125|211.5|22600||||88044f|AIQ411|X|X|0|0|6||||132|51|0|0|[]|13:47:38:883
21|2.1|636136514420179918|0|49659.8984375|8.0954861568717|100.581056981966||||49659.8984375|211|22575||||88044f|AIQ411|X|X|0|0|6||||132|83|0|0|[]|13:47:39:898
21|2.1|636136514452333133|0|49663.125|8.0894565510116|100.581378847047||||49663.125|209.5|22375||||88044f|AIQ411|X|X|0|0|6||||132|51|0|0|[]|13:47:43:125
21|2.1|636136514461674067|0|49664.0390625|8.0876970218994|100.581486135408||||49664.0390625|209|22300||||88044f|AIQ411|X|X|0|0|6||||132|83|0|0|[]|13:47:44:039
21|2.1|636136514495697469|0|49667.4609375|8.0813240932857|100.581829458161||||49667.4609375|207.5|22175||||88044f|AIQ411|X|X|0|0|6||||132|51|0|0|[]|13:47:47:461
21|2.1|636136514507238623|0|49668.6171875|8.0791568684036|100.581936746522||||49668.6171875|207|22125||||88044f|AIQ411|X|X|0|0|6||||132|83|0|0|[]|13:47:48:617
21|2.1|636136514537651664|0|49671.6640625|8.073449127625|100.582258611603||||49671.6640625|205.5|21950||||88044f|AIQ411|X|X|0|0|6||||132|51|0|0|[]|13:47:51:664
21|2.1|636136514547482647|0|49672.625|8.0716466831686|100.582344442292||||49672.625|205.25|21925||||88044f|AIQ411|X|X|0|0|6||||132|83|0|0|[]|13:47:52:625
21|2.1|636136514580395938|0|49675.9296875|8.0654025005875|100.58273068039||||49675.9296875|203.75|21725||||88044f|AIQ411|X|X|0|0|6||||132|51|0|0|[]|13:47:55:930
21|2.1|636136514590536952|0|49676.9453125|8.0635142254427|100.582816511078||||49676.9453125|203.25|21675||||88044f|AIQ411|X|X|0|0|6||||132|83|0|0|[]|13:47:56:945
21|2.1|636136514621280026|0|49680.03125|8.0577206539757|100.583138376159||||49680.03125|201.75|21525||||88044f|AIQ411|X|X|0|0|6||||132|51|0|0|[]|13:48:00:031
21|2.1|636136514631881086|0|49681.0703125|8.0557680058146|100.583288579864||||49681.0703125|201.5|21500||||88044f|AIQ411|X|X|0|0|6||||132|83|0|0|[]|13:48:01:070
21|2.1|636136514661684066|0|49684.0546875|8.0501460957244|100.583631902618||||49684.0546875|200.25|21375||||88044f|AIQ411|X|X|0|0|6||||132|51|0|0|[]|13:48:04:055
21|2.1|636136514671985096|0|49685.078125|8.0482149052354|100.583739190978||||49685.078125|200|21325||||88044f|AIQ411|X|X|0|0|6||||132|83|0|0|[]|13:48:05:078
21|2.1|636136514705048402|0|49688.40625|8.0419921803264|100.584146886748||||49688.40625|198.75|21225||||88044f|AIQ411|X|X|0|0|6||||132|51|0|0|[]|13:48:08:406
21|2.1|636136514715649462|0|49689.4453125|8.0400180744932|100.584297090453||||49689.4453125|198.25|21150||||88044f|AIQ411|X|X|0|0|6||||132|83|0|0|[]|13:48:09:445
21|2.1|636136514746542551|0|49692.5546875|8.0342245030262|100.584661870879||||49692.5546875|197.25|21050||||88044f|AIQ411|X|X|0|0|6||||132|51|0|0|[]|13:48:12:555
21|2.1|636136514757933690|0|49693.671875|8.0321001934883|100.584812074583||||49693.671875|197|21025||||88044f|AIQ411|X|X|0|0|6||||132|83|0|0|[]|13:48:13:672
21|2.1|636136514788036700|0|49696.6875|8.0265211987423|100.585176855009||||49696.6875|196.25|20950||||88044f|AIQ411|X|X|0|0|6||||132|51|0|0|[]|13:48:16:688
21|2.1|636136514798027699|0|49697.6875|8.0246758389417|100.585327058714||||49697.6875|196|20925||||88044f|AIQ411|X|X|0|0|6||||132|83|0|0|[]|13:48:17:688
21|2.1|636136514828760772|0|49700.765625|8.018946640491|100.5857991275||||49700.765625|195.25|20825||||88044f|AIQ411|X|X|0|0|6||||132|51|0|0|[]|13:48:20:766
21|2.1|636136514838271723|0|49701.7109375|8.017230026723|100.585970788877||||49701.7109375|195.25|20825||||88044f|AIQ411|X|X|0|0|6||||132|83|0|0|[]|13:48:21:711
21|2.1|636136514873065202|0|49705.2109375|8.0108141827651|100.586678892056||||49705.2109375|194.25|20725||||88044f|AIQ411|X|X|0|0|6||||132|51|0|0|[]|13:48:25:211
21|2.1|636136514883056201|0|49706.1875|8.0090331959808|100.586893468777||||49706.1875|194.25|20700||||88044f|AIQ411|X|X|0|0|6||||132|83|0|0|[]|13:48:26:188
21|2.1|636136514916899585|0|49709.578125|8.0028319287439|100.587687402645||||49709.578125|193.25|20625||||88044f|AIQ411|X|X|0|0|6||||132|51|0|0|[]|13:48:29:578
21|2.1|636136514927510646|0|49710.6328125|8.000922195927|100.587923437038||||49710.6328125|193|20575||||88044f|AIQ411|X|X|0|0|6||||132|83|0|0|[]|13:48:30:633
21|2.1|636136514957623657|0|49713.65625|7.9954934048857|100.588824659266||||49713.65625|192|20500||||88044f|AIQ411|X|X|0|0|6||||132|51|0|0|[]|13:48:33:656
21|2.1|636136514968074702|0|49714.6875|7.993626587413|100.589125066675||||49714.6875|191.75|20450||||88044f|AIQ411|X|X|0|0|6||||132|83|0|0|[]|13:48:34:688
21|2.1|636136514999267821|0|49717.828125|7.9879832196507|100.590112119592||||49717.828125|190.75|20350||||88044f|AIQ411|X|X|0|0|6||||132|51|0|0|[]|13:48:37:828
21|2.1|636136515009098804|0|49718.7890625|7.9862880635548|100.590455442346||||49718.7890625|190.5|20325||||88044f|AIQ411|X|X|0|0|6||||132|83|0|0|[]|13:48:38:789
21|2.1|636136515043422236|0|49722.234375|7.9801297116621|100.591678529655||||49722.234375|189.5|20200||||88044f|AIQ411|X|X|0|0|6||||132|51|0|0|[]|13:48:42:234
21|2.1|636136515051843078|0|49723.0703125|7.9786920476314|100.591978937065||||49723.0703125|189.25|20175||||88044f|AIQ411|X|X|0|0|6||||132|83|0|0|[]|13:48:43:070
21|2.1|636136515084296323|0|49726.3203125|7.9728984761644|100.593244939719||||49726.3203125|188|20050||||88044f|AIQ411|X|X|0|0|6||||132|51|0|0|[]|13:48:46:320
21|2.1|636136515094587352|0|49727.3515625|7.9710745740359|100.593652635488||||49727.3515625|187.75|20000||||88044f|AIQ411|X|X|0|0|6||||132|83|0|0|[]|13:48:47:352
21|2.1|636136515126260519|0|49730.53125|7.965517036962|100.594983011159||||49730.53125|186.5|19900||||88044f|AIQ411|X|X|0|0|6||||132|51|0|0|[]|13:48:50:531
21|2.1|636136515139831876|0|49731.875|7.9631352353589|100.59560528365||||49731.875|186|19825||||88044f|AIQ411|X|X|0|0|6||||132|83|0|0|[]|13:48:51:875
21|2.1|636136515169634856|0|49734.859375|7.9578995633665|100.597021490008||||49734.859375|185|19750||||88044f|AIQ411|X|X|0|0|6||||132|51|0|0|[]|13:48:54:859
21|2.1|636136515180235916|0|49735.90625|7.9560971189101|100.597493558794||||49735.90625|184.75|19675||||88044f|AIQ411|X|X|0|0|6||||132|83|0|0|[]|13:48:55:906
21|2.1|636136515214719364|0|49739.3671875|7.9501104283942|100.599210172562||||49739.3671875|183.75|19600||||88044f|AIQ411|X|X|0|0|6||||132|51|0|0|[]|13:48:59:367
21|2.1|636136515224230315|0|49740.3046875|7.9484581876425|100.599682241349||||49740.3046875|183.5|19550||||88044f|AIQ411|X|X|0|0|6||||132|83|0|0|[]|13:49:00:305
21|2.1|636136515259023794|0|49743.796875|7.9424071241103|100.6013344821||||49743.796875|182.5|19450||||88044f|AIQ411|X|X|0|0|6||||132|51|0|0|[]|13:49:03:797
21|2.1|636136515269164808|0|49744.796875|7.9406905103423|100.601806550886||||49744.796875|182.25|19425||||88044f|AIQ411|X|X|0|0|6||||132|83|0|0|[]|13:49:04:797
21|2.1|636136515299897881|0|49747.890625|7.9353046346452|100.603029638196||||49747.890625|181.25|19300||||88044f|AIQ411|X|X|0|0|6||||132|51|0|0|[]|13:49:07:891
21|2.1|636136515309878879|0|49748.8671875|7.933545105533|100.603394418622||||49748.8671875|181|19275||||88044f|AIQ411|X|X|0|0|6||||132|83|0|0|[]|13:49:08:867
21|2.1|636136515343892280|0|49752.2890625|7.9275584150171|100.604467302227||||49752.2890625|180|19175||||88044f|AIQ411|X|X|0|0|6||||132|51|0|0|[]|13:49:12:289
21|2.1|636136515353873278|0|49753.28125|7.925820343577|100.60470333662||||49753.28125|179.75|19125||||88044f|AIQ411|X|X|0|0|6||||132|83|0|0|[]|13:49:13:281
21|2.1|636136515385226413|0|49756.4140625|7.9203057218473|100.605368524455||||49756.4140625|178.75|19050||||88044f|AIQ411|X|X|0|0|6||||132|51|0|0|[]|13:49:16:414
21|2.1|636136515394437334|0|49757.328125|7.9186749387677|100.605540185832||||49757.328125|178.5|19025||||88044f|AIQ411|X|X|0|0|6||||132|83|0|0|[]|13:49:17:328
21|2.1|636136515428750765|0|49760.765625|7.9126238752355|100.605883508585||||49760.765625|177.5|18925||||88044f|AIQ411|X|X|0|0|6||||132|51|0|0|[]|13:49:20:766
21|2.1|636136515438891779|0|49761.7734375|7.910799973107|100.60592642393||||49761.7734375|177.25|18900||||88044f|AIQ411|X|X|0|0|6||||132|83|0|0|[]|13:49:21:773
21|2.1|636136515470094899|0|49764.8984375|7.9053068090494|100.605990796946||||49764.8984375|176.5|18800||||88044f|AIQ411|X|X|0|0|6||||132|51|0|0|[]|13:49:24:898
21|2.1|636136515480855975|0|49765.96875|7.9034614492488|100.606012254618||||49765.96875|176.25|18750||||88044f|AIQ411|X|X|0|0|6||||132|83|0|0|[]|13:49:25:969
21|2.1|636136515511909080|0|49769.0859375|7.8979897428633|100.605990796946||||49769.0859375|175.25|18650||||88044f|AIQ411|X|X|0|0|6||||132|51|0|0|[]|13:49:29:086
21|2.1|636136515522050094|0|49770.09375|7.8961872984069|100.605969339274||||49770.09375|175|18625||||88044f|AIQ411|X|X|0|0|6||||132|83|0|0|[]|13:49:30:094
21|2.1|636136515553253214|0|49773.2265625|7.8906941343493|100.605947881602||||49773.2265625|174.25|18550||||88044f|AIQ411|X|X|0|0|6||||132|51|0|0|[]|13:49:33:227
21|2.1|636136515563694258|0|49774.2578125|7.8889346052371|100.60592642393||||49774.2578125|174|18525||||88044f|AIQ411|X|X|0|0|6||||132|83|0|0|[]|13:49:34:258
21|2.1|636136515595987487|0|49777.5|7.8832912374748|100.605862050913||||49777.5|173.25|18450||||88044f|AIQ411|X|X||0|6||||132|51|0|0|[]|13:49:37:500
21|2.1|636136515606768565|0|49778.5625|7.8814244200021|100.605840593241||||49778.5625|172.75|18400||||88044f|AIQ411|X|X|0|0|6||||132|83|0|0|[]|13:49:38:563
21|2.1|636136515637961684|0|49781.703125|7.8759527136166|100.605711847209||||49781.703125|172|18325||||88044f|AIQ411|X|X|0|0|6||||132|51|0|0|[]|13:49:41:703
21|2.1|636136515648562744|0|49782.7421875|7.8741288114881|100.605690389537||||49782.7421875|171.75|18300||||88044f|AIQ411|X|X|0|0|6||||132|83|0|0|[]|13:49:42:742
21|2.1|636136515678515739|0|49785.7421875|7.8689145971678|100.60562601652||||49785.7421875|171|18200||||88044f|AIQ411|X|X||0|6||||132|51|0|0|[]|13:49:45:742
21|2.1|636136515688976785|0|49786.7734375|7.8671336103835|100.605583101176||||49786.7734375|170.5|18175||||88044f|AIQ411|X|X|0|0|6||||132|83|0|0|[]|13:49:46:773
21|2.1|636136515722520139|0|49790.1484375|7.8613185812444|100.605454355143||||49790.1484375|169.75|18075||||88044f|AIQ411|X|X|0|0|6||||132|51|0|0|[]|13:49:50:148
21|2.1|636136515731251012|0|49791.0078125|7.8597950865253|100.605389982127||||49791.0078125|169.5|18025||||88044f|AIQ411|X|X|0|0|6||||132|83|0|0|[]|13:49:51:008
21|2.1|636136515770404927|0|49794.9296875|7.8530359198138|100.605261236095||||49794.9296875|168.5|17925||||88044f|AIQ411|X|X|0|0|6||||132|51|0|0|[]|13:49:54:930
21|2.1|636136515774775364|0|49795.359375|7.8522849012903|100.605261236095||||49795.359375|168.25|17925||||88044f|AIQ411|X|X|0|0|6||||132|83|0|0|[]|13:49:55:359
21|2.1|636136515811749061|0|49799.046875|7.8459334303487|100.60511103239||||49799.046875|167.25|17800||||88044f|AIQ411|X|X|0|0|6||||132|51|0|0|[]|13:49:59:047
21|2.1|636136515816599546|0|49799.5390625|7.8451180388089|100.60511103239||||49799.5390625|167.25|17800||||88044f|AIQ411|X|X|0|0|6||||132|83|0|0|[]|13:49:59:539
21|2.1|636136515854963382|0|49803.390625|7.8384661604579|100.604982286357||||49803.390625|166.25|17700||||88044f|AIQ411|X|X|0|0|6||||132|51|0|0|[]|13:50:03:391
21|2.1|636136515859793865|0|49803.859375|7.8376722265902|100.604939371013||||49803.859375|166|17650||||88044f|AIQ411|X|X|0|0|6||||132|83|0|0|[]|13:50:03:859
21|2.1|636136515899577843|0|49807.8515625|7.8308272291903|100.604789167308||||49807.8515625|165|17550||||88044f|AIQ411|X|X|0|0|6||||132|51|0|0|[]|13:50:07:852
21|2.1|636136515905348420|0|49808.4296875|7.8297972609295|100.604746251964||||49808.4296875|164.75|17550||||88044f|AIQ411|X|X|0|0|6||||132|83|0|0|[]|13:50:08:430
21|2.1|636136515941071992|0|49811.9921875|7.8237032820531|100.604638963604||||49811.9921875|163.75|17425||||88044f|AIQ411|X|X|0|0|6||||132|51|0|0|[]|13:50:11:992
21|2.1|636136515945752460|0|49812.453125|7.8229737212017|100.604596048259||||49812.453125|163.75|17425||||88044f|AIQ411|X|X|0|0|6||||132|83|0|0|[]|13:50:12:453
21|2.1|636136515983986283|0|49816.296875|7.8164076735391|100.604467302227||||49816.296875|162.75|17325||||88044f|AIQ411|X|X|0|0|6||||132|51|0|0|[]|13:50:16:297
21|2.1|636136515989276812|0|49816.8046875|7.815527908983|100.604467302227||||49816.8046875|162.5|17300||||88044f|AIQ411|X|X|0|0|6||||132|83|0|0|[]|13:50:16:805
21|2.1|636136516025160400|0|49820.40625|7.8093695570903|100.604317098522||||49820.40625|161.5|17200||||88044f|AIQ411|X|X|0|0|6||||132|51|0|0|[]|13:50:20:406
21|2.1|636136516030780962|0|49820.9609375|7.80844687719|100.604274183178||||49820.9609375|161.5|17175||||88044f|AIQ411|X|X|0|0|6||||132|83|0|0|[]|13:50:20:961
21|2.1|636136516066194503|0|49824.5078125|7.802438729002|100.604166894817||||49824.5078125|160.5|17100||||88044f|AIQ411|X|X|0|0|6||||132|51|0|0|[]|13:50:24:508
21|2.1|636136516071965080|0|49825.09375|7.8014302184133|100.604123979473||||49825.09375|160.25|17050||||88044f|AIQ411|X|X|0|0|6||||132|83|0|0|[]|13:50:25:094
21|2.1|636136516107538637|0|49828.6484375|7.7954006125532|100.604038148785||||49828.6484375|159.5|16975||||88044f|AIQ411|X|X|0|0|6||||132|51|0|0|[]|13:50:28:648
21|2.1|636136516112839167|0|49829.171875|7.7945208479971|100.603995233441||||49829.171875|159.25|16950||||88044f|AIQ411|X|X|0|0|6||||132|83|0|0|[]|13:50:29:172
21|2.1|636136516148402723|0|49832.734375|7.788491242137|100.603909402752||||49832.734375|158.25|16850||||88044f|AIQ411|X|X|0|0|6||||132|51|0|0|[]|13:50:32:734
21|2.1|636136516161664049|0|49834.046875|7.7862811019107|100.603845029736||||49834.046875|158|16800||||88044f|AIQ411|X|X|0|0|6||||132|83|0|0|[]|13:50:34:047
21|2.1|636136516190216904|0|49836.9140625|7.7814316680161|100.603759199048||||49836.9140625|157.25|16725||||88044f|AIQ411|X|X|0|0|6||||132|51|0|0|[]|13:50:36:914
21|2.1|636136516206288511|0|49838.5078125|7.7787923743478|100.603694826031||||49838.5078125|156.75|16675||||88044f|AIQ411|X|X|0|0|6||||132|83|0|0|[]|13:50:38:508
21|2.1|636136516230780960|0|49840.96875|7.7746081282883|100.603630453015||||49840.96875|156|16600||||88044f|AIQ411|X|X||0|6||||132|51|0|0|[]|13:50:40:969
21|2.1|636136516247312613|0|49842.6171875|7.7718400885874|100.603566079999||||49842.6171875|155.75|16575||||88044f|AIQ411|X|X|0|0|6||||132|83|0|0|[]|13:50:42:617
21|2.1|636136516271655047|0|49845.0546875|7.7677416732163|100.60348024931||||49845.0546875|155|16475||||88044f|AIQ411|X|X||0|6||||132|51|0|0|[]|13:50:45:055
21|2.1|636136516288186700|0|49846.7109375|7.7649521758433|100.603437333966||||49846.7109375|154.5|16450||||88044f|AIQ411|X|X|0|0|6||||132|83|0|0|[]|13:50:46:711
21|2.1|636136516314239305|0|49849.3203125|7.760596268407|100.603351503278||||49849.3203125|153.75|16350||||88044f|AIQ411|X|X||0|6||||132|51|0|0|[]|13:50:49:320
21|2.1|636136516331871068|0|49851.0703125|7.7576780250014|100.603287130261||||49851.0703125|153.5|16325||||88044f|AIQ411|X|X|0|0|6||||132|83|0|0|[]|13:50:51:070
21|2.1|636136516357763657|0|49853.671875|7.7533221175651|100.603201299573||||49853.671875|152.75|16250||||88044f|AIQ411|X|X||0|6||||132|51|0|0|[]|13:50:53:672
21|2.1|636136516373375218|0|49855.2265625|7.750725739241|100.603158384229||||49855.2265625|152.25|16200||||88044f|AIQ411|X|X|0|0|6||||132|83|0|0|[]|13:50:55:227
21|2.1|636136516400047885|0|49857.890625|7.7462840011163|100.603029638196||||49857.890625|151.75|16125||||88044f|AIQ411|X|X||0|6||||132|51|0|0|[]|13:50:57:891
21|2.1|636136516415019382|0|49859.375|7.7437949111527|100.603008180524||||49859.375|151.25|16100||||88044f|AIQ411|X|X|0|0|6||||132|83|0|0|[]|13:50:59:375
21|2.1|636136516443572237|0|49862.2578125|7.7389883926023|100.602943807508||||49862.2578125|150.5|16000||||88044f|AIQ411|X|X||0|6||||132|51|0|0|[]|13:51:02:258
21|2.1|636136516458393719|0|49863.7265625|7.736563675655|100.602879434491||||49863.7265625|150|15975||||88044f|AIQ411|X|X|0|0|6||||132|83|0|0|[]|13:51:03:727
21|2.1|636136516487566636|0|49866.6484375|7.7317142417604|100.602793603803||||49866.6484375|149.25|15875||||88044f|AIQ411|X|X|0|0|6||||132|51|0|0|[]|13:51:06:648
21|2.1|636136516498797759|0|49867.765625|7.7298474242877|100.602793603803||||49867.765625|149|15825||||88044f|AIQ411|X|X|0|0|6||||132|83|0|0|[]|13:51:07:766
21|2.1|636136516527970676|0|49870.6953125|7.724976532721|100.60266485777||||49870.6953125|148.25|15775||||88044f|AIQ411|X|X||0|6||||132|51|0|0|[]|13:51:10:695
21|2.1|636136516543102189|0|49872.203125|7.7225089004295|100.602621942426||||49872.203125|147.75|15700||||88044f|AIQ411|X|X|0|0|6||||132|83|0|0|[]|13:51:12:203
21|2.1|636136516568994778|0|49874.7890625|7.7182173660095|100.60255756941||||49874.7890625|147.25|15675||||88044f|AIQ411|X|X||0|6||||132|51|0|0|[]|13:51:14:789
21|2.1|636136516583986277|0|49876.2890625|7.7157068183738|100.602471738722||||49876.2890625|146.75|15600||||88044f|AIQ411|X|X|0|0|6||||132|83|0|0|[]|13:51:16:289
21|2.1|636136516613299208|0|49879.2109375|7.7109002998234|100.602364450361||||49879.2109375|146|15525||||88044f|AIQ411|X|X||0|6||||132|51|0|0|[]|13:51:19:211
21|2.1|636136516628120690|0|49880.6953125|7.708454125204|100.602321535017||||49880.6953125|145.75|15500||||88044f|AIQ411|X|X|0|0|6||||132|83|0|0|[]|13:51:20:695
21|2.1|636136516654023280|0|49883.28125|7.7042055061282|100.602235704328||||49883.28125|145|15425||||88044f|AIQ411|X|X|0|0|6||||132|51|0|0|[]|13:51:23:281
21|2.1|636136516673365214|0|49885.21875|7.7010512283295|100.602171331312||||49885.21875|144.5|15350||||88044f|AIQ411|X|X|0|0|6||||132|83|0|0|[]|13:51:25:219
21|2.1|636136516697857663|0|49887.6796875|7.6969742706305|100.602085500624||||49887.6796875|144|15325||||88044f|AIQ411|X|X||0|6||||132|51|0|0|[]|13:51:27:680
21|2.1|636136516717509628|0|49889.625|7.6938199928318|100.601999669935||||49889.625|143.5|15275||||88044f|AIQ411|X|X|0|0|6||||132|83|0|0|[]|13:51:29:625
21|2.1|636136516742942171|0|49892.1875|7.6895928314281|100.601892381575||||49892.1875|142.75|15175||||88044f|AIQ411|X|X||0|6||||132|51|0|0|[]|13:51:32:188
21|2.1|636136516759793856|0|49893.8671875|7.6868462493993|100.601806550886||||49893.8671875|142.25|15125||||88044f|AIQ411|X|X|0|0|6||||132|83|0|0|[]|13:51:33:867
21|2.1|636136516786626539|0|49896.5625|7.6824688842909|100.601720720198||||49896.5625|141.75|15075||||88044f|AIQ411|X|X|0|0|6||||132|51|0|0|[]|13:51:36:563
21|2.1|636136516800977974|0|49897.9921875|7.6801514557041|100.601656347182||||49897.9921875|141.25|15025||||88044f|AIQ411|X|X|0|0|6||||132|83|0|0|[]|13:51:37:992
21|2.1|636136516832181094|0|49901.125|7.6750445297443|100.601570516493||||49901.125|140.5|14925||||88044f|AIQ411|X|X|0|0|6||||132|51|0|0|[]|13:51:41:125
21|2.1|636136516843412217|0|49902.21875|7.6732420852879|100.601527601149||||49902.21875|140.25|14900||||88044f|AIQ411|X|X|0|0|6||||132|83|0|0|[]|13:51:42:219
21|2.1|636136516875235399|0|49905.4140625|7.6680922439839|100.601377397444||||49905.4140625|139.5|14825||||88044f|AIQ411|X|X||0|6||||132|51|0|0|[]|13:51:45:414
21|2.1|636136516885226398|0|49906.40625|7.6665043762485|100.601377397444||||49906.40625|139.25|14800||||88044f|AIQ411|X|X|0|0|6||||132|83|0|0|[]|13:51:46:406
21|2.1|636136516916889564|0|49909.5859375|7.6613545349445|100.601291566756||||49909.5859375|138.25|14700||||88044f|AIQ411|X|X|0|0|6||||132|51|0|0|[]|13:51:49:586
21|2.1|636136516927810656|0|49910.65625|7.6596164635044|100.601248651412||||49910.65625|138|14675||||88044f|AIQ411|X|X||0|6||||132|83|0|0|[]|13:51:50:656
21|2.1|636136516956983573|0|49913.5859375|7.6549172333145|100.601162820723||||49913.5859375|137.25|14600||||88044f|AIQ411|X|X||0|6||||132|51|0|0|[]|13:51:53:586
21|2.1|636136516972895164|0|49915.1796875|7.6523423126625|100.601098447707||||49915.1796875|137|14550||||88044f|AIQ411|X|X||0|6||||132|83|0|0|[]|13:51:55:180
21|2.1|636136517001137988|0|49918|7.6477932861773|100.600991159347||||49918|136.25|14475||||88044f|AIQ411|X|X|0|0|6||||132|51|0|0|[]|13:51:58:000
21|2.1|636136517015169391|0|49919.40625|7.6455187729347|100.600969701675||||49919.40625|135.75|14425||||88044f|AIQ411|X|X||0|6||||132|83|0|0|[]|13:51:59:406
21|2.1|636136517044822356|0|49922.3671875|7.6407980850727|100.600905328658||||49922.3671875|135.25|14375||||88044f|AIQ411|X|X|0|0|6||||132|51|0|0|[]|13:52:02:367
21|2.1|636136517058693743|0|49923.7578125|7.6385664871743|100.60081949797||||49923.7578125|134.75|14325||||88044f|AIQ411|X|X||0|6||||132|83|0|0|[]|13:52:03:758
21|2.1|636136517086156489|0|49926.515625|7.6341462067217|100.600755124954||||49926.515625|134|14250||||88044f|AIQ411|X|X|0|0|6||||132|51|0|0|[]|13:52:06:516
21|2.1|636136517105968470|0|49928.4765625|7.6310348442672|100.600712209609||||49928.4765625|133.5|14200||||88044f|AIQ411|X|X|0|0|6||||132|83|0|0|[]|13:52:08:477
21|2.1|636136517130300903|0|49930.9140625|7.627129547945|100.600647836593||||49930.9140625|132.75|14100||||88044f|AIQ411|X|X|0|0|6||||132|51|0|0|[]|13:52:10:914
21|2.1|636136517148562729|0|49932.734375|7.6242327622115|100.600583463577||||49932.734375|132.25|14075||||88044f|AIQ411|X|X|0|0|6||||132|83|0|0|[]|13:52:12:734
21|2.1|636136517173835256|0|49935.265625|7.6201987198567|100.600497632888||||49935.265625|131.75|14000||||88044f|AIQ411|X|X|0|0|6||||132|51|0|0|[]|13:52:15:266
21|2.1|636136517189586831|0|49936.8359375|7.617688172221|100.600454717544||||49936.8359375|131.25|13975||||88044f|AIQ411|X|X|0|0|6||||132|83|0|0|[]|13:52:16:836
21|2.1|636136517215479420|0|49939.4375|7.6135682991778|100.600368886856||||49939.4375|130.5|13875||||88044f|AIQ411|X|X|0|0|6||||132|51|0|0|[]|13:52:19:438
21|2.1|636136517229680840|0|49940.859375|7.6113367012794|100.600325971512||||49940.859375|130|13800||||88044f|AIQ411|X|X|0|0|6||||132|83|0|0|[]|13:52:20:859
21|2.1|636136517259013773|0|49943.7890625|7.6066803864337|100.600197225479||||49943.7890625|129.25|13725||||88044f|AIQ411|X|X|0|0|6||||132|51|0|0|[]|13:52:23:789
21|2.1|636136517273205192|0|49945.2109375|7.6044058731911|100.600175767807||||49945.2109375|129|13700||||88044f|AIQ411|X|X|0|0|6||||132|83|0|0|[]|13:52:25:211
21|2.1|636136517299097781|0|49947.8046875|7.60030745782|100.600111394791||||49947.8046875|128.25|13625||||88044f|AIQ411|X|X|0|0|6||||132|51|0|0|[]|13:52:27:805
21|2.1|636136517314709342|0|49949.359375|7.5978612832006|100.600047021774||||49949.359375|127.75|13575||||88044f|AIQ411|X|X|0|0|6||||132|83|0|0|[]|13:52:29:359
21|2.1|636136517340281899|0|49951.921875|7.5937843255016|100.599961191086||||49951.921875|127|13500||||88044f|AIQ411|X|X|0|0|6||||132|51|0|0|[]|13:52:31:922
21|2.1|636136517356043475|0|49953.4921875|7.5913166932101|100.59989681807||||49953.4921875|126.75|13475||||88044f|AIQ411|X|X|0|0|6||||132|83|0|0|[]|13:52:33:492
21|2.1|636136517380535924|0|49955.9453125|7.5874543122321|100.599810987381||||49955.9453125|126|13375||||88044f|AIQ411|X|X|0|0|6||||132|51|0|0|[]|13:52:35:945
21|2.1|636136517396917562|0|49957.578125|7.5849223069243|100.599768072037||||49957.578125|125.75|13375||||88044f|AIQ411|X|X|0|0|6||||132|83|0|0|[]|13:52:37:578
21|2.1|636136517423130183|0|49960.1953125|7.5807595185369|100.599682241349||||49960.1953125|125|13275||||88044f|AIQ411|X|X|0|0|6||||132|51|0|0|[]|13:52:40:195
21|2.1|636136517441382008|0|49962.015625|7.5779056481476|100.599617868332||||49962.015625|124.5|13225||||88044f|AIQ411|X|X|0|0|6||||132|83|0|0|[]|13:52:42:016
21|2.1|636136517465244394|0|49964.4140625|7.5741505555301|100.599574952988||||49964.4140625|123.75|13150||||88044f|AIQ411|X|X|0|0|6||||132|51|0|0|[]|13:52:44:414
21|2.1|636136517485066376|0|49966.390625|7.5710606507477|100.5994891223||||49966.390625|123.25|13100||||88044f|AIQ411|X|X|0|0|6||||132|83|0|0|[]|13:52:46:391
21|2.1|636136517506118481|0|49968.5|7.5677561692443|100.599446206955||||49968.5|122.75|13050||||88044f|AIQ411|X|X|0|0|6||||132|51|0|0|[]|13:52:48:500
21|2.1|636136517525780447|0|49970.4609375|7.564687722134|100.599381833939||||49970.4609375|122.25|13000||||88044f|AIQ411|X|X|0|0|6||||132|83|0|0|[]|13:52:50:461
21|2.1|636136517546372506|0|49972.53125|7.5614905289911|100.599338918595||||49972.53125|121.75|12950||||88044f|AIQ411|X|X|0|0|6||||132|51|0|0|[]|13:52:52:531
21|2.1|636136517567584627|0|49974.6328125|7.5581645898156|100.599253087907||||49974.6328125|121.25|12900||||88044f|AIQ411|X|X|0|0|6||||132|83|0|0|[]|13:52:54:633
21|2.1|636136517589586827|0|49976.8515625|7.5547099046075|100.599210172562||||49976.8515625|120.5|12800||||88044f|AIQ411|X|X|0|0|6||||132|51|0|0|[]|13:52:56:852
21|2.1|636136517611739042|0|49979.046875|7.5513195924157|100.599145799546||||49979.046875|120|12750||||88044f|AIQ411|X|X|0|0|6||||132|83|0|0|[]|13:52:59:047
21|2.1|636136517631551023|0|49981.046875|7.5482082299612|100.599102884202||||49981.046875|119.5|12700||||88044f|AIQ411|X|X|0|0|6||||132|51|0|0|[]|13:53:01:047
21|2.1|636136517652453113|0|49983.125|7.5449895791462|100.599017053513||||49983.125|119|12650||||88044f|AIQ411|X|X||0|6||||132|83|0|0|[]|13:53:03:125
21|2.1|636136517673045172|0|49985.1953125|7.5417923860033|100.598974138169||||49985.1953125|118.5|12575||||88044f|AIQ411|X|X||0|6||||132|51|0|0|[]|13:53:05:195
21|2.1|636136517703778245|0|49988.2578125|7.5370502404692|100.598866849809||||49988.2578125|117.5|12475||||88044f|AIQ411|X|X||0|6||||132|83|0|0|[]|13:53:08:258
21|2.1|636136517713609228|0|49989.25|7.5355267457501|100.598866849809||||49989.25|117.25|12450||||88044f|AIQ411|X|X||0|6||||132|51|0|0|[]|13:53:09:250
21|2.1|636136517748242691|0|49992.7109375|7.5301623277251|100.598738103776||||49992.7109375|116.5|12375||||88044f|AIQ411|X|X|0|0|6||||132|83|0|0|[]|13:53:12:711
21|2.1|636136517757293596|0|49993.6171875|7.5287461213665|100.598738103776||||49993.6171875|116.25|12375||||88044f|AIQ411|X|X||0|6||||132|51|0|0|[]|13:53:13:617
21|2.1|636136517792237090|0|49997.109375|7.5233817033415|100.598587900071||||49997.109375|115.25|12250||||88044f|AIQ411|X|X|0|0|6||||132|83|0|0|[]|13:53:17:109
21|2.1|636136517802068073|0|49998.09375|7.5219011239666|100.598587900071||||49998.09375|115|12225||||88044f|AIQ411|X|X|0|0|6||||132|51|0|0|[]|13:53:18:094
21|2.1|636136517832481114|0|50001.1328125|7.5172018937767|100.598502069383||||50001.1328125|114.25|12125||||88044f|AIQ411|X|X|0|0|6||||132|83|0|0|[]|13:53:21:133
21|2.1|636136517842322098|0|50002.125|7.5157213144018|100.598437696367||||50002.125|114|12100||||88044f|AIQ411|X|X|0|0|6||||132|51|0|0|[]|13:53:22:125
21|2.1|636136517873985264|0|50005.2734375|7.5108933381793|100.598351865678||||50005.2734375|113|12000||||88044f|AIQ411|X|X|0|0|6||||132|83|0|0|[]|13:53:25:273
21|2.1|636136517883186184|0|50006.203125|7.5094771318207|100.598351865678||||50006.203125|112.75|11975||||88044f|AIQ411|X|X|0|0|6||||132|51|0|0|[]|13:53:26:203
21|2.1|636136517916569522|0|50009.5390625|7.504391663533|100.598223119646||||50009.5390625|112|11900||||88044f|AIQ411|X|X|0|0|6||||132|83|0|0|[]|13:53:29:539
21|2.1|636136517927650630|0|50010.6484375|7.502675049765|100.598201661974||||50010.6484375|111.75|11875||||88044f|AIQ411|X|X||0|6||||132|51|0|0|[]|13:53:30:648
21|2.1|636136517957443609|0|50013.6171875|7.498168938624|100.598072915941||||50013.6171875|111|11800||||88044f|AIQ411|X|X|0|0|6||||132|83|0|0|[]|13:53:33:617
21|2.1|636136517967584623|0|50014.6484375|7.4965810708886|100.598072915941||||50014.6484375|110.75|11775||||88044f|AIQ411|X|X|0|0|6||||132|51|0|0|[]|13:53:34:648
21|2.1|636136518001438008|0|50018.03125|7.4914741449288|100.597965627581||||50018.03125|109.75|11650||||88044f|AIQ411|X|X|0|0|6||||132|83|0|0|[]|13:53:38:031
21|2.1|636136518012519116|0|50019.1328125|7.489800446505|100.597944169908||||50019.1328125|109.5|11625||||88044f|AIQ411|X|X|0|0|6||||132|51|0|0|[]|13:53:39:133
21|2.1|636136518043872251|0|50022.2734375|7.4850368432988|100.597836881548||||50022.2734375|108.5|11525||||88044f|AIQ411|X|X|0|0|6||||132|83|0|0|[]|13:53:42:273
21|2.1|636136518054323296|0|50023.3203125|7.4834704332355|100.597793966204||||50023.3203125|108.25|11500||||88044f|AIQ411|X|X|0|0|6||||132|51|0|0|[]|13:53:43:320
21|2.1|636136518085216385|0|50026.390625|7.4787926607177|100.597729593187||||50026.390625|107.5|11425||||88044f|AIQ411|X|X||0|6||||132|83|0|0|[]|13:53:46:391
21|2.1|636136518095977461|0|50027.484375|7.4771618776381|100.597665220171||||50027.484375|107|11375||||88044f|AIQ411|X|X|0|0|6||||132|51|0|0|[]|13:53:47:484
21|2.1|636136518127490612|0|50030.625|7.472419732104|100.597600847155||||50030.625|106.25|11300||||88044f|AIQ411|X|X|0|0|6||||132|83|0|0|[]|13:53:50:625
21|2.1|636136518137471610|0|50031.6328125|7.4708962373849|100.597579389483||||50031.6328125|105.75|11250||||88044f|AIQ411|X|X|0|0|6||||132|51|0|0|[]|13:53:51:633
21|2.1|636136518169304793|0|50034.8046875|7.4661326341787|100.597472101122||||50034.8046875|105|11175||||88044f|AIQ411|X|X|0|0|6||||132|83|0|0|[]|13:53:54:805
21|2.1|636136518180065869|0|50035.8984375|7.4644589357549|100.59745064345||||50035.8984375|104.75|11150||||88044f|AIQ411|X|X|0|0|6||||132|51|0|0|[]|13:53:55:898
21|2.1|636136518211739036|0|50039.0625|7.4597167902208|100.59734335509||||50039.0625|103.75|11025||||88044f|AIQ411|X|X|0|0|6||||132|83|0|0|[]|13:53:59:063
21|2.1|636136518220619924|0|50039.9453125|7.4583649568785|100.597300439745||||50039.9453125|103.5|11000||||88044f|AIQ411|X|X|0|0|6||||132|51|0|0|[]|13:53:59:945
21|2.1|636136518256973559|0|50043.578125|7.452893250493|100.597193151385||||50043.578125|102.5|10900||||88044f|AIQ411|X|X|0|0|6||||132|83|0|0|[]|13:54:03:578
21|2.1|636136518261964058|0|50044.09375|7.4521207742974|100.597214609057||||50044.09375|102.25|10850||||88044f|AIQ411|X|X|0|0|6||||132|51|0|0|[]|13:54:04:094
21|2.1|636136518299247786|0|50047.8125|7.4465417795514|100.597128778369||||50047.8125|101.25|10775||||88044f|AIQ411|X|X|0|0|6||||132|83|0|0|[]|13:54:07:813
21|2.1|636136518304398301|0|50048.3359375|7.4457907610279|100.597064405352||||50048.3359375|101|10725||||88044f|AIQ411|X|X|0|0|6||||132|51|0|0|[]|13:54:08:336
21|2.1|636136518342782139|0|50052.1640625|7.440018647233|100.596978574664||||50052.1640625|100|10625||||88044f|AIQ411|X|X|0|0|6||||132|83|0|0|[]|13:54:12:164
21|2.1|636136518347932654|0|50052.671875|7.4392890863816|100.596978574664||||50052.671875|100|10625||||88044f|AIQ411|X|X|0|0|6||||132|51|0|0|[]|13:54:12:672
21|2.1|636136518384746335|0|50056.34375|7.433795922324|100.596871286303||||50056.34375|99|10500||||88044f|AIQ411|X|X|0|0|6||||132|83|0|0|[]|13:54:16:344
21|2.1|636136518389886849|0|50056.875|7.4329805307842|100.596871286303||||50056.875|98.75|10475||||88044f|AIQ411|X|X|0|0|6||||132|51|0|0|[]|13:54:16:875
21|2.1|636136518427960656|0|50060.671875|7.4273157053498|100.596742540271||||50060.671875|97.75|10400||||88044f|AIQ411|X|X|0|0|6||||132|83|0|0|[]|13:54:20:672
21|2.1|636136518432481108|0|50061.140625|7.4266290598426|100.596742540271||||50061.140625|97.5|10350||||88044f|AIQ411|X|X|0|0|6||||132|51|0|0|[]|13:54:21:141
21|2.1|636136518473515211|0|50065.2421875|7.420492165622|100.59663525191||||50065.2421875|96.5|10250||||88044f|AIQ411|X|X|0|0|6||||132|51|0|0|[]|13:54:25:242
21|2.1|636136518473515211|0|50065.2421875|7.420492165622|100.59663525191||||50065.2421875|96.5|10250||||88044f|AIQ411|X|X|0|0|6||||132|83|0|0|[]|13:54:25:242
21|2.1|636136518513609220|0|50069.2578125|7.4145269327782|100.596506505878||||50069.2578125|95.25|10125||||88044f|AIQ411|X|X|0|0|6||||132|51|0|0|[]|13:54:29:258
21|2.1|636136518513759235|0|50069.265625|7.4145269327782|100.596506505878||||50069.265625|95.25|10125||||88044f|AIQ411|X|X||0|6||||132|83|0|0|[]|13:54:29:266
21|2.1|636136518557123571|0|50073.609375|7.408046715804|100.596399217517||||50073.609375|94|10000||||88044f|AIQ411|X|X|0|0|6||||132|51|0|0|[]|13:54:33:609
21|2.1|636136518557283587|0|50073.6171875|7.408046715804|100.596399217517||||50073.6171875|94|10000||||88044f|AIQ411|X|X||0|6||||132|83|0|0|[]|13:54:33:617
21|2.1|636136518598777736|0|50077.765625|7.4019098215834|100.596270471485||||50077.765625|93|9900||||88044f|AIQ411|X|X|0|0|6||||132|51|0|0|[]|13:54:37:766
21|2.1|636136518598937752|0|50077.765625|7.4019098215834|100.596270471485||||50077.765625|93|9900||||88044f|AIQ411|X|X||0|6||||132|83|0|0|[]|13:54:37:766
21|2.1|636136518640121870|0|50081.8984375|7.3957943850349|100.59612026778||||50081.8984375|91.75|9725||||88044f|AIQ411|X|X|0|0|6||||132|51|0|0|[]|13:54:41:898
21|2.1|636136518650112869|0|50082.8984375|7.3942923479879|100.596077352436||||50082.8984375|91.5|9700||||88044f|AIQ411|X|X|0|0|6||||132|83|0|0|[]|13:54:42:898
21|2.1|636136518680995957|0|50085.9765625|7.3897862368469|100.595991521747||||50085.9765625|90.75|9625||||88044f|AIQ411|X|X|0|0|6||||132|51|0|0|[]|13:54:45:977
21|2.1|636136518690356893|0|50086.921875|7.3883914881604|100.595948606403||||50086.921875|90.5|9600||||88044f|AIQ411|X|X|0|0|6||||132|83|0|0|[]|13:54:46:922
21|2.1|636136518725310388|0|50090.421875|7.3832416468564|100.595841318043||||50090.421875|89.5|9500||||88044f|AIQ411|X|X|0|0|6||||132|51|0|0|[]|13:54:50:422
21|2.1|636136518735131370|0|50091.3984375|7.3818039828257|100.595798402698||||50091.3984375|89.25|9475||||88044f|AIQ411|X|X|0|0|6||||132|83|0|0|[]|13:54:51:398
21|2.1|636136518769144771|0|50094.7890625|7.3768258028985|100.59571257201||||50094.7890625|88.25|9400||||88044f|AIQ411|X|X|0|0|6||||132|51|0|0|[]|13:54:54:789
21|2.1|636136518779745831|0|50095.84375|7.3753237658515|100.595648198994||||50095.84375|88|9350||||88044f|AIQ411|X|X|0|0|6||||132|83|0|0|[]|13:54:55:844
21|2.1|636136518809858842|0|50098.8671875|7.3708605700547|100.595562368305||||50098.8671875|87.25|9275||||88044f|AIQ411|X|X|0|0|6||||132|51|0|0|[]|13:54:58:867
21|2.1|636136518820149871|0|50099.890625|7.3693585330077|100.595497995289||||50099.890625|87|9250||||88044f|AIQ411|X|X|0|0|6||||132|83|0|0|[]|13:54:59:891
21|2.1|636136518851513007|0|50103.0390625|7.3647665911783|100.595433622273||||50103.0390625|86|9125||||88044f|AIQ411|X|X|0|0|6||||132|51|0|0|[]|13:55:03:039
21|2.1|636136518861193975|0|50104|7.3633933001639|100.595412164601||||50104|85.75|9125||||88044f|AIQ411|X|X|0|0|6||||132|83|0|0|[]|13:55:04:000
21|2.1|636136518895657421|0|50107.4453125|7.3583722048925|100.595283418568||||50107.4453125|85|9025||||88044f|AIQ411|X|X|0|0|6||||132|51|0|0|[]|13:55:07:445
21|2.1|636136518903928248|0|50108.28125|7.3571705752549|100.595261960896||||50108.28125|84.75|9000||||88044f|AIQ411|X|X|0|0|6||||132|83|0|0|[]|13:55:08:281
21|2.1|636136518936381493|0|50111.53125|7.352471345065|100.59519758788||||50111.53125|83.75|8900||||88044f|AIQ411|X|X|0|0|6||||132|51|0|0|[]|13:55:11:531
21|2.1|636136518946832538|0|50112.5625|7.350969308018|100.595176130208||||50112.5625|83.5|8875||||88044f|AIQ411|X|X|0|0|6||||132|83|0|0|[]|13:55:12:563
21|2.1|636136518978495704|0|50115.7421875|7.3463559085165|100.595090299519||||50115.7421875|82.75|8800||||88044f|AIQ411|X|X|0|0|6||||132|51|0|0|[]|13:55:15:742
21|2.1|636136518987866641|0|50116.6640625|7.3450684481905|100.595025926503||||50116.6640625|82.25|8750||||88044f|AIQ411|X|X|0|0|6||||132|83|0|0|[]|13:55:16:664
21|2.1|636136519021720026|0|50120.0703125|7.3401331836075|100.594940095814||||50120.0703125|81.5|8650||||88044f|AIQ411|X|X|0|0|6||||132|51|0|0|[]|13:55:20:070
21|2.1|636136519032321086|0|50121.1171875|7.3386311465605|100.594918638142||||50121.1171875|81.25|8625||||88044f|AIQ411|X|X|0|0|6||||132|83|0|0|[]|13:55:21:117
21|2.1|636136519066954549|0|50124.5703125|7.3336529666333|100.594854265126||||50124.5703125|80.25|8525||||88044f|AIQ411|X|X||0|6||||132|51|0|0|[]|13:55:24:570
21|2.1|636136519076475501|0|50125.515625|7.3323225909631|100.594832807454||||50125.515625|80|8500||||88044f|AIQ411|X|X|0|0|6||||132|83|0|0|[]|13:55:25:516
21|2.1|636136519111258979|0|50129.0078125|7.3273229533638|100.594682603749||||50129.0078125|79|8400||||88044f|AIQ411|X|X||0|6||||132|51|0|0|[]|13:55:29:008
21|2.1|636136519116559509|0|50129.5390625|7.3265504771682|100.594682603749||||50129.5390625|78.75|8375||||88044f|AIQ411|X|X|0|0|6||||132|83|0|0|[]|13:55:29:539
21|2.1|636136519152133066|0|50133.1015625|7.3214650088805|100.594596773061||||50133.1015625|77.75|8250||||88044f|AIQ411|X|X||0|6||||132|51|0|0|[]|13:55:33:102
21|2.1|636136519167274580|0|50134.609375|7.3193192416705|100.594553857717||||50134.609375|77.25|8225||||88044f|AIQ411|X|X||0|6||||132|83|0|0|[]|13:55:34:609
21|2.1|636136519196127465|0|50137.5|7.3151993686273|100.594446569356||||50137.5|76.5|8125||||88044f|AIQ411|X|X||0|6||||132|51|0|0|[]|13:55:37:500
21|2.1|636136519211729025|0|50139.0546875|7.3130106860731|100.594403654012||||50139.0546875|76|8075||||88044f|AIQ411|X|X|0|0|6||||132|83|0|0|[]|13:55:39:055
21|2.1|636136519237311583|0|50141.625|7.3093628818161|100.59438219634||||50141.625|75.25|8000||||88044f|AIQ411|X|X|0|0|6||||132|51|0|0|[]|13:55:41:625
21|2.1|636136519261644016|0|50144.046875|7.305908196608|100.594274907979||||50144.046875|74.75|7925||||88044f|AIQ411|X|X||0|6||||132|83|0|0|[]|13:55:44:047
21|2.1|636136519280835935|0|50145.9765625|7.3031616145792|100.594231992635||||50145.9765625|74|7850||||88044f|AIQ411|X|X|0|0|6||||132|51|0|0|[]|13:55:45:977
21|2.1|636136519305178369|0|50148.40625|7.2997069293711|100.594189077291||||50148.40625|73.25|7775||||88044f|AIQ411|X|X||0|6||||132|83|0|0|[]|13:55:48:406
21|2.1|636136519322180069|0|50150.1015625|7.2973465854401|100.594124704275||||50150.1015625|72.75|7725||||88044f|AIQ411|X|X||0|6||||132|51|0|0|[]|13:55:50:102
21|2.1|636136519349642815|0|50152.8359375|7.29346274679|100.594038873586||||50152.8359375|72|7650||||88044f|AIQ411|X|X||0|6||||132|83|0|0|[]|13:55:52:836
21|2.1|636136519364144265|0|50154.296875|7.2913813525963|100.593995958242||||50154.296875|71.75|7625||||88044f|AIQ411|X|X|0|0|6||||132|51|0|0|[]|13:55:54:297
21|2.1|636136519400487899|0|50157.9296875|7.2863173419807|100.593888669882||||50157.9296875|70.75|7500||||88044f|AIQ411|X|X|0|0|6||||132|83|0|0|[]|13:55:57:930
21|2.1|636136519405488399|0|50158.4375|7.2855663234572|100.593888669882||||50158.4375|70.5|7475||||88044f|AIQ411|X|X||0|6||||132|51|0|0|[]|13:55:58:438
21|2.1|636136519443402190|0|50162.21875|7.2802662784485|100.593759923849||||50162.21875|69.5|7375||||88044f|AIQ411|X|X|0|0|6||||132|83|0|0|[]|13:56:02:219
21|2.1|636136519448232673|0|50162.7109375|7.2795581752692|100.593759923849||||50162.7109375|69.25|7350||||88044f|AIQ411|X|X||0|6||||132|51|0|0|[]|13:56:02:711
21|2.1|636136519490196869|0|50166.9140625|7.2736787731138|100.593652635488||||50166.9140625|68.25|7225||||88044f|AIQ411|X|X|0|0|6||||132|51|0|0|[]|13:56:06:914
21|2.1|636136519490356885|0|50166.9140625|7.2736787731138|100.593652635488||||50166.9140625|68.25|7225||||88044f|AIQ411|X|X||0|6||||132|83|0|0|[]|13:56:06:914
21|2.1|636136519530600909|0|50170.953125|7.2680568630236|100.5935668048||||50170.953125|67|7100||||88044f|AIQ411|X|X||0|6||||132|51|0|0|[]|13:56:10:953
21|2.1|636136519530760925|0|50170.953125|7.2680568630236|100.5935668048||||50170.953125|67|7100||||88044f|AIQ411|X|X|0|0|6||||132|83|0|0|[]|13:56:10:953
21|2.1|636136519574755324|0|50175.359375|7.261919968803|100.593480974112||||50175.359375|65.75|6975||||88044f|AIQ411|X|X|0|0|6||||132|51|0|0|[]|13:56:15:359
21|2.1|636136519579275776|0|50175.8046875|7.2612547809679|100.593416601095||||50175.8046875|65.75|6975||||88044f|AIQ411|X|X||0|6||||132|83|0|0|[]|13:56:15:805
21|2.1|636136519617339582|0|50179.625|7.2559761936313|100.593330770407||||50179.625|64.75|6875||||88044f|AIQ411|X|X|0|0|6||||132|51|0|0|[]|13:56:19:625
21|2.1|636136519632011049|0|50181.078125|7.2539591724539|100.593330770407||||50181.078125|64.25|6800||||88044f|AIQ411|X|X|0|0|6||||132|83|0|0|[]|13:56:21:078
21|2.1|636136519659303778|0|50183.8203125|7.2501397068201|100.593244939719||||50183.8203125|63.5|6750||||88044f|AIQ411|X|X|0|0|6||||132|51|0|0|[]|13:56:23:820
21|2.1|636136519673975245|0|50185.28125|7.2481441433148|100.593244939719||||50185.28125|63|6675||||88044f|AIQ411|X|X|0|0|6||||132|83|0|0|[]|13:56:25:281
21|2.1|636136519702838131|0|50188.171875|7.2441315586321|100.593137651358||||50188.171875|62.5|6625||||88044f|AIQ411|X|X|0|0|6||||132|51|0|0|[]|13:56:28:172
21|2.1|636136519716559503|0|50189.5390625|7.2422861988315|100.593094736014||||50189.5390625|62.25|6600||||88044f|AIQ411|X|X|0|0|6||||132|83|0|0|[]|13:56:29:539
21|2.1|636136519746052452|0|50192.5|7.2382306988046|100.59305182067||||50192.5|61.75|6550||||88044f|AIQ411|X|X|0|0|6||||132|51|0|0|[]|13:56:32:500
21|2.1|636136519783646211|0|50196.2421875|7.2331023151727|100.592944532309||||50196.2421875|61|6475||||88044f|AIQ411|X|X|0|0|6||||132|83|0|0|[]|13:56:36:242
21|2.1|636136519789106757|0|50196.796875|7.2323512966492|100.592965989981||||50196.796875|61|6475||||88044f|AIQ411|X|X|0|0|6||||132|51|0|0|[]|13:56:36:797
21|2.1|636136519827170563|0|50200.59375|7.2272443706894|100.592858701621||||50200.59375|60.5|6400||||88044f|AIQ411|X|X||0|6||||132|83|0|0|[]|13:56:40:594
21|2.1|636136519831380984|0|50201.0234375|7.2266650135427|100.592858701621||||50201.0234375|60.5|6400||||88044f|AIQ411|X|X|0|0|6||||132|51|0|0|[]|13:56:41:023
21|2.1|636136519867264572|0|50204.609375|7.2218799526644|100.592815786277||||50204.609375|60|6350||||88044f|AIQ411|X|X|0|0|6||||132|83|0|0|[]|13:56:44:609
21|2.1|636136519872415087|0|50205.1171875|7.2212147648293|100.592815786277||||50205.1171875|60|6350||||88044f|AIQ411|X|X|0|0|6||||132|51|0|0|[]|13:56:45:117
21|2.1|636136519908448690|0|50208.7265625|7.2164511616231|100.592772870932||||50208.7265625|59.5|6300||||88044f|AIQ411|X|X|0|0|6||||132|83|0|0|[]|13:56:48:727
21|2.1|636136519912499095|0|50209.1328125|7.2159576351648|100.592772870932||||50209.1328125|59.5|6300||||88044f|AIQ411|X|X|0|0|6||||132|51|0|0|[]|13:56:49:133
21|2.1|636136519948692714|0|50212.75|7.2112154896307|100.592708497916||||50212.75|59.25|6250||||88044f|AIQ411|X|X|0|0|6||||132|83|0|0|[]|13:56:52:750
21|2.1|636136519954003245|0|50213.2890625|7.2105503017956|100.592729955588||||50213.2890625|59|6250||||88044f|AIQ411|X|X|0|0|6||||132|51|0|0|[]|13:56:53:289
21|2.1|636136519991286973|0|50217.0078125|7.2057866985894|100.592687040244||||50217.0078125|58.75|6200||||88044f|AIQ411|X|X|0|0|6||||132|83|0|0|[]|13:56:57:008
21|2.1|636136519995967441|0|50217.484375|7.2051644260985|100.5926441249||||50217.484375|58.75|6200||||88044f|AIQ411|X|X||0|6||||132|51|0|0|[]|13:56:57:484
21|2.1|636136520033571201|0|50221.2265625|7.2004437382365|100.592579751883||||50221.2265625|58.25|6150||||88044f|AIQ411|X|X|0|0|6||||132|83|0|0|[]|13:57:01:227
21|2.1|636136520038091653|0|50221.6953125|7.1998214657456|100.592579751883||||50221.6953125|58.25|6150||||88044f|AIQ411|X|X||0|6||||132|51|0|0|[]|13:57:01:695
21|2.1|636136520074285272|0|50225.3046875|7.1953153546046|100.592536836539||||50225.3046875|57.75|6100||||88044f|AIQ411|X|X|0|0|6||||132|83|0|0|[]|13:57:05:305
21|2.1|636136520078645708|0|50225.7578125|7.1947359974579|100.592515378867||||50225.7578125|57.75|6100||||88044f|AIQ411|X|X|0|0|6||||132|51|0|0|[]|13:57:05:758
21|2.1|636136520114529296|0|50229.3359375|7.1903157170053|100.592451005851||||50229.3359375|57.5|6075||||88044f|AIQ411|X|X|0|0|6||||132|83|0|0|[]|13:57:09:336
21|2.1|636136520119049748|0|50229.7890625|7.1897578175307|100.592429548179||||50229.7890625|57.25|6050||||88044f|AIQ411|X|X|0|0|6||||132|51|0|0|[]|13:57:09:789
21|2.1|636136520157743617|0|50233.6640625|7.1850156719966|100.592365175162||||50233.6640625|57|6025||||88044f|AIQ411|X|X|0|0|6||||132|83|0|0|[]|13:57:13:664
21|2.1|636136520161644007|0|50234.0625|7.1845436032104|100.592386632835||||50234.0625|57|6000||||88044f|AIQ411|X|X|0|0|6||||132|51|0|0|[]|13:57:14:063
21|2.1|636136520205478390|0|50238.4296875|7.1792864735459|100.59223642913||||50238.4296875|56.5|5950||||88044f|AIQ411|X|X|0|0|6||||132|51|0|0|[]|13:57:18:430
21|2.1|636136520205478390|0|50238.4296875|7.1792864735459|100.59223642913||||50238.4296875|56.5|5950||||88044f|AIQ411|X|X|0|0|6||||132|83|0|0|[]|13:57:18:430
21|2.1|636136520246362478|0|50242.5234375|7.1743941243071|100.592150598441||||50242.5234375|55.75|5875||||88044f|AIQ411|X|X|0|0|6||||132|51|0|0|[]|13:57:22:523
21|2.1|636136520290976939|0|50246.984375|7.1690726216263|100.592021852409||||50246.984375|55|5800||||88044f|AIQ411|X|X|0|0|6||||132|51|0|0|[]|13:57:26:984
21|2.1|636136520334651306|0|50251.34375|7.1639013226502|100.591893106376||||50251.34375|54|5700||||88044f|AIQ411|X|X||0|6||||132|51|0|0|[]|13:57:31:344
21|2.1|636136520334661307|0|50251.3515625|7.1639013226502|100.591893106376||||50251.3515625|54|5675||||88044f|AIQ411|X|X||0|6||||132|83|0|0|[]|13:57:31:352
21|2.1|636136520375055346|0|50255.3984375|7.1591591771161|100.591807275688||||50255.3984375|53|5575||||88044f|AIQ411|X|X|0|0|6||||132|51|0|0|[]|13:57:35:398
21|2.1|636136520375215362|0|50255.3984375|7.1591591771161|100.591807275688||||50255.3984375|53|5575||||88044f|AIQ411|X|X||0|6||||132|83|0|0|[]|13:57:35:398
21|2.1|636136520415459386|0|50259.4296875|7.1543955739099|100.591657071983||||50259.4296875|52|5475||||88044f|AIQ411|X|X|0|0|6||||132|51|0|0|[]|13:57:39:430
21|2.1|636136520415469387|0|50259.4296875|7.1543955739099|100.591657071983||||50259.4296875|52|5475||||88044f|AIQ411|X|X|0|0|6||||132|83|0|0|[]|13:57:39:430
21|2.1|636136520455553395|0|50263.4296875|7.1496319707037|100.591528325951||||50263.4296875|51|5375||||88044f|AIQ411|X|X|0|0|6||||132|51|0|0|[]|13:57:43:430
21|2.1|636136520475215361|0|50265.40625|7.1472930844448|100.591463952934||||50265.40625|50.5|5325||||88044f|AIQ411|X|X||0|6||||132|83|0|0|[]|13:57:45:406
21|2.1|636136520495647404|0|50267.453125|7.1448683674975|100.59142103759||||50267.453125|50|5275||||88044f|AIQ411|X|X|0|0|6||||132|51|0|0|[]|13:57:47:453
21|2.1|636136520516399479|0|50269.5234375|7.1424436505502|100.591335206902||||50269.5234375|49.5|5225||||88044f|AIQ411|X|X||0|6||||132|83|0|0|[]|13:57:49:523
21|2.1|636136520535741413|0|50271.453125|7.1401476796355|100.591292291557||||50271.453125|49|5175||||88044f|AIQ411|X|X|0|0|6||||132|51|0|0|[]|13:57:51:453
21|2.1|636136520560863925|0|50273.9609375|7.1372079785578|100.591206460869||||50273.9609375|48.25|5075||||88044f|AIQ411|X|X||0|6||||132|83|0|0|[]|13:57:53:961
21|2.1|636136520580515890|0|50275.9375|7.1348690922989|100.591142087853||||50275.9375|47.75|5025||||88044f|AIQ411|X|X|0|0|6||||132|51|0|0|[]|13:57:55:938
21|2.1|636136520601117950|0|50277.9921875|7.1324443753516|100.591099172509||||50277.9921875|47.25|4975||||88044f|AIQ411|X|X|0|0|6||||132|83|0|0|[]|13:57:57:992
21|2.1|636136520622480086|0|50280.1328125|7.1298909123717|100.591056257164||||50280.1328125|46.75|4900||||88044f|AIQ411|X|X|0|0|6||||132|51|0|0|[]|13:58:00:133
21|2.1|636136520644172255|0|50282.2890625|7.127380364736|100.59101334182||||50282.2890625|46.25|4875||||88044f|AIQ411|X|X||0|6||||132|83|0|0|[]|13:58:02:289
21|2.1|636136520663984236|0|50284.2890625|7.1249985631329|100.59090605346||||50284.2890625|45.75|4825||||88044f|AIQ411|X|X|0|0|6||||132|51|0|0|[]|13:58:04:289
21|2.1|636136520684576295|0|50286.3359375|7.1225953038577|100.590863138115||||50286.3359375|45.25|4750||||88044f|AIQ411|X|X|0|0|6||||132|83|0|0|[]|13:58:06:336
21|2.1|636136520705478385|0|50288.4453125|7.1201276715662|100.590820222771||||50288.4453125|44.75|4700||||88044f|AIQ411|X|X|0|0|6||||132|51|0|0|[]|13:58:08:445
21|2.1|636136520727470584|0|50290.625|7.1175312932421|100.590777307427||||50290.625|44.25|4650||||88044f|AIQ411|X|X|0|0|6||||132|83|0|0|[]|13:58:10:625
21|2.1|636136520748062643|0|50292.703125|7.1150851186227|100.590734392083||||50292.703125|43.75|4600||||88044f|AIQ411|X|X|0|0|6||||132|51|0|0|[]|13:58:12:703
21|2.1|636136520779895826|0|50295.8671875|7.1113729413494|100.590670019067||||50295.8671875|43|4500||||88044f|AIQ411|X|X|0|0|6||||132|83|0|0|[]|13:58:15:867
21|2.1|636136520788786715|0|50296.7578125|7.1103000577444|100.590627103722||||50296.7578125|42.75|4475||||88044f|AIQ411|X|X|0|0|6||||132|51|0|0|[]|13:58:16:758
21|2.1|636136520825140350|0|50300.390625|7.1060085233244|100.590541273034||||50300.390625|42|4425||||88044f|AIQ411|X|X|0|0|6||||132|83|0|0|[]|13:58:20:391
21|2.1|636136520834521288|0|50301.3359375|7.1049141820473|100.590541273034||||50301.3359375|41.75|4400||||88044f|AIQ411|X|X|0|0|6||||132|51|0|0|[]|13:58:21:336
21|2.1|636136520876935529|0|50305.578125|7.099914544448|100.590391069329||||50305.578125|40.75|4275||||88044f|AIQ411|X|X|0|0|6||||132|51|0|0|[]|13:58:25:578
21|2.1|636136520921700005|0|50310.0546875|7.0946574147835|100.590305238641||||50310.0546875|39.5|4150||||88044f|AIQ411|X|X|0|0|6||||132|51|0|0|[]|13:58:30:055
21|2.1|636136520962104045|0|50314.09375|7.0899152692494|100.59019795028||||50314.09375|38.75|4075||||88044f|AIQ411|X|X|0|0|6||||132|51|0|0|[]|13:58:34:094
21|2.1|636136521005628397|0|50318.4375|7.0848298009617|100.590112119592||||50318.4375|37.75|3975||||88044f|AIQ411|X|X|0|0|6||||132|51|0|0|[]|13:58:38:438
21|2.1|636136521047442578|0|50322.625|7.0799374517229|100.590004831231||||50322.625|36.75|3875||||88044f|AIQ411|X|X|0|0|6||||132|51|0|0|[]|13:58:42:625
21|2.1|636136521092057039|0|50327.1015625|7.0747446950747|100.589940458215||||50327.1015625|35.75|3750||||88044f|AIQ411|X|X||0|6||||132|51|0|0|[]|13:58:47:102
21|2.1|636136521135741407|0|50331.4609375|7.069659226787|100.589833169855||||50331.4609375|34.75|3650||||88044f|AIQ411|X|X||0|6||||132|51|0|0|[]|13:58:51:461
21|2.1|636136521178025635|0|50335.6953125|7.0647668775482|100.589747339166||||50335.6953125|33.75|3550||||88044f|AIQ411|X|X||0|6||||132|51|0|0|[]|13:58:55:695
21|2.1|636136521218109643|0|50339.703125|7.0601320203746|100.589661508478||||50339.703125|33|3475||||88044f|AIQ411|X|X||0|6||||132|51|0|0|[]|13:58:59:703
21|2.1|636136521258513683|0|50343.7265625|7.055497163201|100.589597135462||||50343.7265625|32.25|3375||||88044f|AIQ411|X|X|0|0|6||||132|51|0|0|[]|13:59:03:727
21|2.1|636136521303288160|0|50348.2109375|7.0504331525854|100.589446931757||||50348.2109375|31.75|3325||||88044f|AIQ411|X|X|0|0|6||||132|51|0|0|[]|13:59:08:211
21|2.1|636136521347602591|0|50352.6484375|7.0454549726582|100.589404016413||||50352.6484375|31.5|3275||||88044f|AIQ411|X|X||0|6||||132|51|0|0|[]|13:59:12:648
21|2.1|636136521388156646|0|50356.703125|7.0409488615172|100.58927527038||||50356.703125|31.25|3250||||88044f|AIQ411|X|X||0|6||||132|51|0|0|[]|13:59:16:703
21|2.1|636136521429190749|0|50360.8046875|7.0365500387367|100.589232355036||||50360.8046875|31.25|3250||||88044f|AIQ411|X|X||0|6||||132|51|0|0|[]|13:59:20:805
21|2.1|636136521471935023|0|50365.0859375|7.0320224699236|100.589146524347||||50365.0859375|31.25|3250||||88044f|AIQ411|X|X|0|0|6||||132|51|0|0|[]|13:59:25:086
21|2.1|636136521514829312|0|50369.3671875|7.0275807317989|100.589060693659||||50369.3671875|31.25|3250||||88044f|AIQ411|X|X|0|0|6||||132|51|0|0|[]|13:59:29:367
21|2.1|636136521555863415|0|50373.46875|7.0234179434115|100.588953405299||||50373.46875|31.25|3250||||88044f|AIQ411|X|X|0|0|6||||132|51|0|0|[]|13:59:33:469
21|2.1|636136521600327861|0|50377.921875|7.0189547476147|100.588889032282||||50377.921875|31.5|3275||||88044f|AIQ411|X|X|0|0|6||||132|51|0|0|[]|13:59:37:922
21|2.1|636136521644322260|0|50382.3203125|7.0146202978505|100.588781743922||||50382.3203125|31.5|3275||||88044f|AIQ411|X|X|0|0|6||||132|51|0|0|[]|13:59:42:320
21|2.1|636136521684566284|0|50386.34375|7.0106720861841|100.588738828578||||50386.34375|31.5|3275||||88044f|AIQ411|X|X|0|0|6||||132|51|0|0|[]|13:59:46:344
21|2.1|636136521726060433|0|50390.484375|7.0066165861572|100.588631540217||||50390.484375|31.5|3275||||88044f|AIQ411|X|X|0|0|6||||132|51|0|0|[]|13:59:50:484
21|2.1|636136521768654692|0|50394.75|7.0024752554419|100.588545709529||||50394.75|31.5|3275||||88044f|AIQ411|X|X|0|0|6||||132|51|0|0|[]|13:59:54:750
21|2.1|636136521809528779|0|50398.828125|6.9985699591197|100.588502794184||||50398.828125|31.5|3275||||88044f|AIQ411|X|X|0|0|6||||132|51|0|0|[]|13:59:58:828
21|2.1|636136521853673193|0|50403.2421875|6.9943642553881|100.588395505824||||50403.2421875|31.5|3275||||88044f|AIQ411|X|X|0|0|6||||132|51|0|0|[]|14:00:03:242
21|2.1|636136521895957421|0|50407.484375|6.9903302130333|100.588309675136||||50407.484375|31.25|3250||||88044f|AIQ411|X|X|0|0|6||||132|51|0|0|[]|14:00:07:484
21|2.1|636136521937141539|0|50411.6015625|6.9864678320553|100.588266759791||||50411.6015625|31.5|3275||||88044f|AIQ411|X|X|0|0|6||||132|51|0|0|[]|14:00:11:602
21|2.1|636136521979575782|0|50415.8359375|6.9826483664215|100.588223844447||||50415.8359375|31.5|3250||||88044f|AIQ411|X|X|0|0|6||||132|51|0|0|[]|14:00:15:836
21|2.1|636136522021379962|0|50420.015625|6.9788718161319|100.588159471431||||50420.015625|31.5|3250||||88044f|AIQ411|X|X|0|0|6||||132|51|0|0|[]|14:00:20:016
21|2.1|636136522063814205|0|50424.265625|6.9751167235144|100.588073640742||||50424.265625|31.5|3250||||88044f|AIQ411|X|X|0|0|6||||132|51|0|0|[]|14:00:24:266
21|2.1|636136522109208744|0|50428.7890625|6.9711899695201|100.587558656612||||50428.7890625|31.5|3250||||88044f|AIQ411|X|X|0|0|6||||132|51|0|0|[]|14:00:28:789
21|2.1|636136522151332956|0|50433.0234375|6.9678425726725|100.586249738614||||50433.0234375|31.5|3250||||88044f|AIQ411|X|X|0|0|6||||132|51|0|0|[]|14:00:33:023
21|2.1|636136522194857308|0|50437.375|6.9648814139227|100.58416834442||||50437.375|31.5|3250||||88044f|AIQ411|X|X|0|0|6||||132|51|0|0|[]|14:00:37:375
21|2.1|636136522236671489|0|50441.5546875|6.9625425276638|100.581550508424||||50441.5546875|31.5|3250||||88044f|AIQ411|X|X|0|0|6||||132|51|0|0|[]|14:00:41:555
21|2.1|636136522280035825|0|50445.875|6.9605898795027|100.57854643433||||50445.875|31.5|3250||||88044f|AIQ411|X|X|0|0|6||||132|51|0|0|[]|14:00:45:875
21|2.1|636136522325590380|0|50450.453125|6.9587659773742|100.575199037482||||50450.453125|31.25|3225||||88044f|AIQ411|X|X|0|0|6||||132|51|0|0|[]|14:00:50:453
21|2.1|636136522365844405|0|50454.46875|6.9574570593761|100.572152048044||||50454.46875|31.5|3250||||88044f|AIQ411|X|X|0|0|6||||132|51|0|0|[]|14:00:54:469
21|2.1|636136522409368757|0|50458.8203125|6.9563198027548|100.568890481885||||50458.8203125|31.5|3275||||88044f|AIQ411|X|X|0|0|6||||132|51|0|0|[]|14:00:58:820
21|2.1|636136522451022922|0|50462.9765625|6.9553971228545|100.565779119431||||50462.9765625|31.25|3250||||88044f|AIQ411|X|X|0|0|6||||132|51|0|0|[]|14:01:02:977
21|2.1|636136522492217041|0|50467.109375|6.9546246466589|100.562646299304||||50467.109375|30.75|3200||||88044f|AIQ411|X|X|0|0|6||||132|51|0|0|[]|14:01:07:109
21|2.1|636136522533081127|0|50471.1875|6.9539380011517|100.559577852194||||50471.1875|30.25|3125||||88044f|AIQ411|X|X|0|0|6||||132|51|0|0|[]|14:01:11:188
21|2.1|636136522577545573|0|50475.6328125|6.9532942709887|100.556230455346||||50475.6328125|29.5|3075||||88044f|AIQ411|X|X|0|0|6||||132|51|0|0|[]|14:01:15:633
21|2.1|636136522621219940|0|50480|6.9527578291862|100.552925973843||||50480|28.75|2975||||88044f|AIQ411|X|X|0|0|6||||132|51|0|0|[]|14:01:20:000
21|2.1|636136522661944012|0|50484.078125|6.9523072180721|100.549900442077||||50484.078125|28.25|2925||||88044f|AIQ411|X|X|0|0|6||||132|51|0|0|[]|14:01:24:078
21|2.1|636136522703748192|0|50488.2421875|6.9519209799743|100.546724706606||||50488.2421875|27.5|2850||||88044f|AIQ411|X|X|0|0|6||||132|51|0|0|[]|14:01:28:242
21|2.1|636136522747742591|0|50492.65625|6.9515132842044|100.543420225102||||50492.65625|27|2800||||88044f|AIQ411|X|X|0|0|6||||132|51|0|0|[]|14:01:32:656
21|2.1|636136522788616678|0|50496.7421875|6.9511270461066|100.54043760868||||50496.7421875|26.5|2750||||88044f|AIQ411|X|X|0|0|6||||132|51|0|0|[]|14:01:36:742
21|2.1|636136522830740890|0|50500.953125|6.9507193503367|100.537326246226||||50500.953125|26|2675||||88044f|AIQ411|X|X|0|0|6||||132|51|0|0|[]|14:01:40:953
21|2.1|636136522873955211|0|50505.28125|6.9503116545668|100.534171968427||||50505.28125|25.25|2600||||88044f|AIQ411|X|X|0|0|6||||132|51|0|0|[]|14:01:45:281
21|2.1|636136522919039719|0|50509.78125|6.9498825011248|100.530910402268||||50509.78125|24.75|2550||||88044f|AIQ411|X|X|0|0|6||||132|51|0|0|[]|14:01:49:781
21|2.1|636136522963344149|0|50514.21875|6.9494533476828|100.527691751453||||50514.21875|24.25|2500||||88044f|AIQ411|X|X|0|0|6||||132|51|0|0|[]|14:01:54:219
21|2.1|636136523004218236|0|50518.3125|6.9491314826013|100.524816423392||||50518.3125|23.5|2425||||88044f|AIQ411|X|X|0|0|6||||132|51|0|0|[]|14:01:58:313
21|2.1|636136523048362650|0|50522.7109375|6.9487023291593|100.521683603265||||50522.7109375|23|2375||||88044f|AIQ411|X|X|0|0|6||||132|51|0|0|[]|14:02:02:711
21|2.1|636136523090016815|0|50526.8359375|6.9483590064057|100.518808275204||||50526.8359375|22.5|2300||||88044f|AIQ411|X|X|0|0|6||||132|51|0|0|[]|14:02:06:836
21|2.1|636136523132921105|0|50531.1875|6.9479727683079|100.515782743438||||50531.1875|22|2250||||88044f|AIQ411|X|X|0|0|6||||132|51|0|0|[]|14:02:11:188
21|2.1|636136523174265239|0|50535.3125|6.9476079878822|100.512928873048||||50535.3125|21.5|2200||||88044f|AIQ411|X|X|0|0|6||||132|51|0|0|[]|14:02:15:313
21|2.1|636136523221369949|0|50540.0078125|6.9472217497844|100.509753137577||||50540.0078125|21|2150||||88044f|AIQ411|X|X|0|0|6||||132|51|0|0|[]|14:02:20:008
21|2.1|636136523263494161|0|50544.2421875|6.9468569693587|100.506963640204||||50544.2421875|20.5|2100||||88044f|AIQ411|X|X|0|0|6||||132|51|0|0|[]|14:02:24:242
21|2.1|636136523305458357|0|50548.421875|6.9465351042772|100.504302888864||||50548.421875|20|2025||||88044f|AIQ411|X|X|0|0|6||||132|51|0|0|[]|14:02:28:422
21|2.1|636136523347902601|0|50552.671875|6.9461488661794|100.501599222179||||50552.671875|19.5|2000||||88044f|AIQ411|X|X|0|0|6||||132|51|0|0|[]|14:02:32:672
21|2.1|636136523393137124|0|50557.1953125|6.9458270010979|100.49874535179||||50557.1953125|19|1925||||88044f|AIQ411|X|X|0|0|6||||132|51|0|0|[]|14:02:37:195
21|2.1|636136523435571367|0|50561.4296875|6.9454622206722|100.496041685106||||50561.4296875|18.5|1875||||88044f|AIQ411|X|X|0|0|6||||132|51|0|0|[]|14:02:41:430
21|2.1|636136523478945704|0|50565.78125|6.9451188979186|100.493316560749||||50565.78125|18|1825||||88044f|AIQ411|X|X|0|0|6||||132|51|0|0|[]|14:02:45:781
21|2.1|636136523520759885|0|50569.9609375|6.9447970328371|100.490720182425||||50569.9609375|17.5|1775||||88044f|AIQ411|X|X|0|0|6||||132|51|0|0|[]|14:02:49:961
21|2.1|636136523563964205|0|50574.28125|6.9444751677556|100.48801651574||||50574.28125|17|1725||||88044f|AIQ411|X|X|0|0|6||||132|51|0|0|[]|14:02:54:281
21|2.1|636136523609668775|0|50578.8515625|6.944131845002|100.485184103023||||50578.8515625|16.5|1675||||88044f|AIQ411|X|X|0|0|6||||132|51|0|0|[]|14:02:58:852
21|2.1|636136523649922800|0|50582.875|6.9438099799205|100.482716470731||||50582.875|16|1625||||88044f|AIQ411|X|X|0|0|6||||132|51|0|0|[]|14:03:02:875
21|2.1|636136523693447152|0|50587.2265625|6.9434451994948|100.480034261719||||50587.2265625|15.75|1575||||88044f|AIQ411|X|X|0|0|6||||132|51|0|0|[]|14:03:07:227
21|2.1|636136523735101317|0|50591.3828125|6.9431233344133|100.477416425723||||50591.3828125|15.25|1525||||88044f|AIQ411|X|X|0|0|6||||132|51|0|0|[]|14:03:11:383
21|2.1|636136523776295436|0|50595.5078125|6.9428014693318|100.474820047399||||50595.5078125|14.75|1475||||88044f|AIQ411|X|X|0|0|6||||132|51|0|0|[]|14:03:15:508
21|2.1|636136523817159522|0|50599.59375|6.9424796042503|100.472288042091||||50599.59375|14.25|1425||||88044f|AIQ411|X|X|0|0|6||||132|51|0|0|[]|14:03:19:594
21|2.1|636136523861473953|0|50604.03125|6.9421577391688|100.469498544718||||50604.03125|13.75|1375||||88044f|AIQ411|X|X|0|0|6||||132|51|0|0|[]|14:03:24:031
21|2.1|636136523905298335|0|50608.40625|6.9418144164152|100.466751962689||||50608.40625|13|1300||||88044f|AIQ411|X|X|0|0|6||||132|51|0|0|[]|14:03:28:406
21|2.1|636136523946022407|0|50612.4765625|6.9414925513337|100.464198499709||||50612.4765625|12.5|1250||||88044f|AIQ411|X|X|0|0|6||||132|51|0|0|[]|14:03:32:477
21|2.1|636136523987676572|0|50616.6484375|6.9411706862522|100.461580663713||||50616.6484375|12|1200||||88044f|AIQ411|X|X|0|0|6||||132|51|0|0|[]|14:03:36:648
21|2.1|636136524031830987|0|50621.0625|6.9408488211707|100.458834081684||||50621.0625|11.5|1125||||88044f|AIQ411|X|X|0|0|6||||132|51|0|0|[]|14:03:41:063
21|2.1|636136524072535057|0|50625.140625|6.9405269560892|100.45623770336||||50625.140625|11.25|1100||||88044f|AIQ411|X|X|0|0|6||||132|51|0|0|[]|14:03:45:141
21|2.1|636136524114659269|0|50629.3515625|6.9401621756635|100.45357695202||||50629.3515625|10.75|1050||||88044f|AIQ411|X|X|0|0|6||||132|51|0|0|[]|14:03:49:352
21|2.1|636136524158033606|0|50633.6875|6.9397973952378|100.450830369991||||50633.6875|10.25|1000||||88044f|AIQ411|X|X|0|0|6||||132|51|0|0|[]|14:03:53:688
21|2.1|636136524203128115|0|50638.1875|6.93941115714|100.447912126585||||50638.1875|9.75|950||||88044f|AIQ411|X|X||0|6||||132|51|0|0|[]|14:03:58:188
21|2.1|636136524247422544|0|50642.6171875|6.9390678343864|100.445015340852||||50642.6171875|9|875||||88044f|AIQ411|X|X||0|6||||132|51|0|0|[]|14:04:02:617
21|2.1|636136524288296631|0|50646.7109375|6.9387030539607|100.442354589511||||50646.7109375|8.5|825||||88044f|AIQ411|X|X||0|6||||132|51|0|0|[]|14:04:06:711
21|2.1|636136524332291030|0|50651.1171875|6.9383597312071|100.43947926145||||50651.1171875|8|775||||88044f|AIQ411|X|X||0|6||||132|51|0|0|[]|14:04:11:117
21|2.1|636136524373475148|0|50655.234375|6.9380593237977|100.43681851011||||50655.234375|7.5|725||||88044f|AIQ411|X|X|0|0|6||||132|51|0|0|[]|14:04:15:234
21|2.1|636136524417159516|0|50659.5859375|6.9376730856999|100.433986097392||||50659.5859375|7|675||||88044f|AIQ411|X|X|0|0|6||||132|51|0|0|[]|14:04:19:586
21|2.1|636136524458343634|0|50663.71875|6.9373083052742|100.431282430708||||50663.71875|6.5|600||||88044f|AIQ411|X|X||0|6||||132|51|0|0|[]|14:04:23:719
21|2.1|636136524500307830|0|50667.9140625|6.9369864401927|100.428535848679||||50667.9140625|6|550||||88044f|AIQ411|X|X|0|0|6||||132|51|0|0|[]|14:04:27:914
21|2.1|636136524541801979|0|50672.0546875|6.9366645751112|100.42578926665||||50672.0546875|5.5|500||||88044f|AIQ411|X|X||0|6||||132|51|0|0|[]|14:04:32:055
21|2.1|636136524584556254|0|50676.328125|6.9362783370134|100.422956853933||||50676.328125|5|450||||88044f|AIQ411|X|X||0|6||||132|51|0|0|[]|14:04:36:328
21|2.1|636136524626360434|0|50680.5234375|6.9359350142598|100.420210271904||||50680.5234375|4.5|400||||88044f|AIQ411|X|X|0|0|6||||132|51|0|0|[]|14:04:40:523
21|2.1|636136524666914489|0|50684.5703125|6.9356346068504|100.41750660522||||50684.5703125|4|350||||88044f|AIQ411|X|X||0|6||||132|51|0|0|[]|14:04:44:570
21|2.1|636136524710908888|0|50688.96875|6.9353127417689|100.414566904142||||50688.96875|3.5|300||||88044f|AIQ411|X|X|0|0|6||||132|51|0|0|[]|14:04:48:969
21|2.1|636136524753663163|0|50693.2421875|6.9349265036711|100.411734491425||||50693.2421875|3|250||||88044f|AIQ411|X|X||0|6||||132|51|0|0|[]|14:04:53:242
21|2.1|636136524795467343|0|50697.4296875|6.9345617232454|100.408944994052||||50697.4296875|2.5|200||||88044f|AIQ411|X|X|0|0|6||||132|51|0|0|[]|14:04:57:430
21|2.1|636136524838991695|0|50701.78125|6.9342398581639|100.406048208318||||50701.78125|2|150||||88044f|AIQ411|X|X|0|0|6||||132|51|0|0|[]|14:05:01:781
21|2.1|636136524882366032|0|50706.1171875|6.9338536200661|100.403194337929||||50706.1171875|1.75|125||||88044f|AIQ411|X|X|0|0|6||||132|51|0|0|[]|14:05:06:117
