21|2.1|636136513711919099|0|49589.0859375|16.4502024503835|102.772400287506||||49589.0859375|17.25|1550||||880842|X|X|X|0|0|7||||132|147|0|0|[]|13:46:29:086
21|2.1|636136513759033810|0|49593.796875|16.4474558683547|102.770490554689||||49593.796875|19.5|1800||||880842|AIQ3259|X|X||0|7||||132|147|0|0|[]|13:46:33:797
21|2.1|636136513800217928|0|49597.90625|16.4450740667516|102.76885977161||||49597.90625|21|1950||||880842|AIQ3259|X|X||0|7||||132|147|0|0|[]|13:46:37:906
21|2.1|636136513888046710|0|49606.703125|16.4398813101034|102.765276340369||||49606.703125|23.75|2250||||880842|AIQ3259|X|X|0|0|7||||132|147|0|0|[]|13:46:46:703
21|2.1|636136513940621967|0|49611.953125|16.4366626592884|102.763066200143||||49611.953125|25|2425||||880842|AIQ3259|X|X||0|7||||132|147|0|0|[]|13:46:51:953
21|2.1|636136513987736678|0|49616.6640625|16.4335942121781|102.761070636637||||49616.6640625|26|2525||||880842|AIQ3259|X|X|0|0|7||||132|147|0|0|[]|13:46:56:664
21|2.1|636136514028780782|0|49620.78125|16.4307617994609|102.759396938214||||49620.78125|26.75|2600||||880842|AIQ3259|X|X||0|7||||132|147|0|0|[]|13:47:00:781
21|2.1|636136514069804884|0|49624.8828125|16.4276718946785|102.758023647199||||49624.8828125|27.5|2675||||880842|AIQ3259|X|X|0|0|7||||132|147|0|0|[]|13:47:04:883
21|2.1|636136514111289032|0|49629.0234375|16.4243674131751|102.756843475234||||49629.0234375|28.25|2775||||880842|AIQ3259|X|X|0|0|7||||132|147|0|0|[]|13:47:09:023
21|2.1|636136514152163119|0|49633.1015625|16.4209771009833|102.755770591629||||49633.1015625|29|2850||||880842|AIQ3259|X|X||0|7||||132|147|0|0|[]|13:47:13:102
21|2.1|636136514193977300|0|49637.2890625|16.4173722120705|102.754654792679||||49637.2890625|29.5|2925||||880842|AIQ3259|X|X||0|7||||132|147|0|0|[]|13:47:17:289
21|2.1|636136514234381340|0|49641.3359375|16.4137029501414|102.75353899373||||49641.3359375|29.75|2950||||880842|AIQ3259|X|X||0|7||||132|147|0|0|[]|13:47:21:336
21|2.1|636136514275255427|0|49645.4296875|16.4098620268355|102.752423194781||||49645.4296875|30.75|3050||||880842|AIQ3259|X|X||0|7||||132|147|0|0|[]|13:47:25:430
21|2.1|636136514317999701|0|49649.6875|16.4057421537923|102.751221565143||||49649.6875|31.75|3150||||880842|AIQ3259|X|X||0|7||||132|147|0|0|[]|13:47:29:688
21|2.1|636136514361524053|0|49654.0390625|16.401386246356|102.749934104817||||49654.0390625|32.75|3250||||880842|AIQ3259|X|X||0|7||||132|147|0|0|[]|13:47:34:039
21|2.1|636136514408328733|0|49658.7265625|16.3965797278056|102.748560813803||||49658.7265625|34.25|3425||||880842|AIQ3259|X|X||0|7||||132|147|0|0|[]|13:47:38:727
21|2.1|636136514457473647|0|49663.6328125|16.3913655134853|102.747037319084||||49663.6328125|35.5|3550||||880842|AIQ3259|X|X|0|0|7||||132|147|0|0|[]|13:47:43:633
21|2.1|636136514507228622|0|49668.609375|16.3859581801161|102.745470909021||||49668.609375|36.75|3675||||880842|AIQ3259|X|X|0|0|7||||132|147|0|0|[]|13:47:48:609
21|2.1|636136514556693568|0|49673.5703125|16.3803362700259|102.743861583613||||49673.5703125|38.25|3825||||880842|AIQ3259|X|X|0|0|7||||132|147|0|0|[]|13:47:53:570
21|2.1|636136514597397638|0|49677.640625|16.3756799551802|102.742509750271||||49677.640625|39.5|4000||||880842|AIQ3259|X|X|0|0|7||||132|147|0|0|[]|13:47:57:641
21|2.1|636136514647172615|0|49682.6171875|16.3698649260411|102.740814594175||||49682.6171875|41.75|4225||||880842|AIQ3259|X|X|0|0|7||||132|147|0|0|[]|13:48:02:617
21|2.1|636136514687256623|0|49686.6171875|16.3651656958512|102.739484218505||||49686.6171875|43.75|4425||||880842|AIQ3259|X|X|0|0|7||||132|147|0|0|[]|13:48:06:617
21|2.1|636136514732031100|0|49691.1015625|16.3598012778262|102.737917808441||||49691.1015625|46|4625||||880842|AIQ3259|X|X|0|0|7||||132|147|0|0|[]|13:48:11:102
21|2.1|636136514773845281|0|49695.2890625|16.3548445555711|102.736480144411||||49695.2890625|48.25|4925||||880842|AIQ3259|X|X|0|0|7||||132|147|0|0|[]|13:48:15:289
21|2.1|636136514815499446|0|49699.453125|16.3498449179718|102.73504248038||||49699.453125|50.25|5075||||880842|AIQ3259|X|X|0|0|7||||132|147|0|0|[]|13:48:19:453
21|2.1|636136514862764172|0|49704.171875|16.3441371771932|102.733390239628||||49704.171875|52.5|5325||||880842|AIQ3259|X|X|0|0|7||||132|147|0|0|[]|13:48:24:172
21|2.1|636136514904268322|0|49708.3125|16.3390946242497|102.731931117926||||49708.3125|54.5|5550||||880842|AIQ3259|X|X|0|0|7||||132|147|0|0|[]|13:48:28:313
21|2.1|636136514945922487|0|49712.484375|16.3339233252736|102.730450538551||||49712.484375|56.25|5775||||880842|AIQ3259|X|X|0|0|7||||132|147|0|0|[]|13:48:32:484
21|2.1|636136514986026497|0|49716.5|16.3289022300022|102.728991416848||||49716.5|57.5|5900||||880842|AIQ3259|X|X|0|0|7||||132|147|0|0|[]|13:48:36:500
21|2.1|636136515028450739|0|49720.7421875|16.323494896633|102.727360633768||||49720.7421875|58.5|6025||||880842|AIQ3259|X|X|0|0|7||||132|147|0|0|[]|13:48:40:742
21|2.1|636136515073065200|0|49725.2109375|16.3176798674939|102.725493816296||||49725.2109375|59.25|6125||||880842|AIQ3259|X|X|0|0|7||||132|147|0|0|[]|13:48:45:211
21|2.1|636136515113629256|0|49729.25|16.3123154494689|102.723605541151||||49729.25|60|6200||||880842|AIQ3259|X|X|0|0|7||||132|147|0|0|[]|13:48:49:250
21|2.1|636136515156993592|0|49733.59375|16.306543335674|102.721395400924||||49733.59375|60.75|6275||||880842|AIQ3259|X|X|0|0|7||||132|147|0|0|[]|13:48:53:594
21|2.1|636136515198957788|0|49737.7890625|16.3008785102396|102.719035056993||||49737.7890625|61.5|6375||||880842|AIQ3259|X|X|0|0|7||||132|147|0|0|[]|13:48:57:789
21|2.1|636136515243582250|0|49742.2578125|16.2947201583469|102.716438678669||||49742.2578125|62.5|6475||||880842|AIQ3259|X|X|0|0|7||||132|147|0|0|[]|13:49:02:258
21|2.1|636136515287256617|0|49746.6171875|16.2886261794705|102.713820842673||||49746.6171875|63.25|6550||||880842|AIQ3259|X|X|0|0|7||||132|147|0|0|[]|13:49:06:617
21|2.1|636136515329540845|0|49750.8515625|16.2825751159383|102.711224464349||||49750.8515625|64.5|6675||||880842|AIQ3259|X|X|0|0|7||||132|147|0|0|[]|13:49:10:852
21|2.1|636136515369784869|0|49754.8671875|16.2768030021434|102.70877828973||||49754.8671875|65.75|6800||||880842|AIQ3259|X|X|0|0|7||||132|147|0|0|[]|13:49:14:867
21|2.1|636136515410038894|0|49758.8828125|16.2709879730043|102.706267742094||||49758.8828125|67.5|6975||||880842|AIQ3259|X|X|0|0|7||||132|147|0|0|[]|13:49:18:883
21|2.1|636136515454813371|0|49763.3671875|16.2644433830138|102.703521160065||||49763.3671875|69.75|7225||||880842|AIQ3259|X|X|0|0|7||||132|147|0|0|[]|13:49:23:367
21|2.1|636136515499127802|0|49767.8125|16.2579417083675|102.700774578036||||49767.8125|72.25|7450||||880842|AIQ3259|X|X|0|0|7||||132|147|0|0|[]|13:49:27:813
21|2.1|636136515539671856|0|49771.859375|16.2520193908679|102.698264030401||||49771.859375|74.75|7700||||880842|AIQ3259|X|X|0|0|7||||132|147|0|0|[]|13:49:31:859
21|2.1|636136515580705959|0|49775.9609375|16.2460756156962|102.695710567421||||49775.9609375|77.25|7975||||880842|AIQ3259|X|X|0|0|7||||132|147|0|0|[]|13:49:35:961
21|2.1|636136515623450233|0|49780.2421875|16.2398314331151|102.693135646769||||49780.2421875|80|8325||||880842|AIQ3259|X|X|0|0|7||||132|147|0|0|[]|13:49:40:242
21|2.1|636136515666514539|0|49784.5234375|16.2336087082061|102.690474895428||||49784.5234375|82.25|8550||||880842|AIQ3259|X|X|0|0|7||||132|147|0|0|[]|13:49:44:523
21|2.1|636136515707378625|0|49788.625|16.2276434753623|102.687985805465||||49788.625|84.5|8775||||880842|AIQ3259|X|X|0|0|7||||132|147|0|0|[]|13:49:48:625
21|2.1|636136515751843071|0|49793.078125|16.2211632583881|102.68528213878||||49793.078125|87|9000||||880842|AIQ3259|X|X|0|0|7||||132|147|0|0|[]|13:49:53:078
21|2.1|636136515795837470|0|49797.484375|16.2148117874465|102.682599929768||||49797.484375|89.5|9300||||880842|AIQ3259|X|X|0|0|7||||132|147|0|0|[]|13:49:57:484
21|2.1|636136515836091495|0|49801.5|16.2089538429632|102.680153755148||||49801.5|91.5|9525||||880842|AIQ3259|X|X|0|0|7||||132|147|0|0|[]|13:50:01:500
21|2.1|636136515877585644|0|49805.6484375|16.2028598640868|102.677600292168||||49805.6484375|93.25|9725||||880842|AIQ3259|X|X|0|0|7||||132|147|0|0|[]|13:50:05:648
21|2.1|636136515920169902|0|49809.90625|16.1965942238336|102.674939540828||||49809.90625|95|9900||||880842|AIQ3259|X|X|0|0|7||||132|147|0|0|[]|13:50:09:906
21|2.1|636136515960893974|0|49813.9921875|16.1905431603014|102.672386077848||||49813.9921875|96.5|10050||||880842|AIQ3259|X|X|0|0|7||||132|147|0|0|[]|13:50:13:992
21|2.1|636136516005038388|0|49818.3984375|16.1839771126388|102.669639495819||||49818.3984375|98.5|10275||||880842|AIQ3259|X|X|0|0|7||||132|147|0|0|[]|13:50:18:398
21|2.1|636136516047482632|0|49822.640625|16.1776470993693|102.667000202151||||49822.640625|100.5|10500||||880842|AIQ3259|X|X|0|0|7||||132|147|0|0|[]|13:50:22:641
21|2.1|636136516088816765|0|49826.765625|16.1715102051487|102.664446739171||||49826.765625|102.75|10725||||880842|AIQ3259|X|X|0|0|7||||132|147|0|0|[]|13:50:26:766
21|2.1|636136516131251008|0|49830.9921875|16.1651801918792|102.661743072486||||49830.9921875|105|10950||||880842|AIQ3259|X|X|0|0|7||||132|147|0|0|[]|13:50:30:992
21|2.1|636136516172895172|0|49835.1796875|16.1589360092981|102.659146694162||||49835.1796875|107.5|11200||||880842|AIQ3259|X|X|0|0|7||||132|147|0|0|[]|13:50:35:180
21|2.1|636136516215339416|0|49839.4296875|16.1526489113728|102.656485942822||||49839.4296875|110.25|11525||||880842|AIQ3259|X|X|0|0|7||||132|147|0|0|[]|13:50:39:430
21|2.1|636136516260573939|0|49843.953125|16.1459755753497|102.653653530105||||49843.953125|113|11775||||880842|AIQ3259|X|X|0|0|7||||132|147|0|0|[]|13:50:43:953
21|2.1|636136516265724454|0|49844.4609375|16.1452030991541|102.653353122695||||49844.4609375|113.5|11825||||880842|X|X|X|0|0|7||||132|163|0|0|[]|13:50:44:461
21|2.1|636136516302848166|0|49848.1796875|16.1397528504407|102.651057151781||||49848.1796875|115.5|12050||||880842|AIQ3259|X|X|0|0|7||||132|147|0|0|[]|13:50:48:180
21|2.1|636136516312529134|0|49849.140625|16.1383581017542|102.650456336962||||49849.140625|116|12100||||880842|AIQ3259|X|X||0|7||||132|163|0|0|[]|13:50:49:141
21|2.1|636136516346532534|0|49852.53125|16.133379921827|102.648353485096||||49852.53125|117.75|12325||||880842|AIQ3259|X|X|0|0|7||||132|147|0|0|[]|13:50:52:531
21|2.1|636136516357143595|0|49853.6171875|16.1317705964195|102.647666839589||||49853.6171875|118.25|12375||||880842|AIQ3259|X|X|0|0|7||||132|163|0|0|[]|13:50:53:617
21|2.1|636136516388186699|0|49856.71875|16.1272215699343|102.645757106772||||49856.71875|119.75|12525||||880842|AIQ3259|X|X|0|0|7||||132|147|0|0|[]|13:50:56:719
21|2.1|636136516403158196|0|49858.2109375|16.1249899720359|102.6448129692||||49858.2109375|120.5|12650||||880842|AIQ3259|X|X|0|0|7||||132|163|0|0|[]|13:50:58:211
21|2.1|636136516431561036|0|49861.0390625|16.1208486413206|102.643096355432||||49861.0390625|121.5|12725||||880842|AIQ3259|X|X|0|0|7||||132|147|0|0|[]|13:51:01:039
21|2.1|636136516446222502|0|49862.53125|16.1186170434222|102.642173675531||||49862.53125|122.25|12825||||880842|AIQ3259|X|X|0|0|7||||132|163|0|0|[]|13:51:02:531
21|2.1|636136516477115591|0|49865.609375|16.114068016937|102.640199569698||||49865.609375|123.25|12925||||880842|AIQ3259|X|X|0|0|7||||132|147|0|0|[]|13:51:05:609
21|2.1|636136516487566636|0|49866.6484375|16.1124801492016|102.639577297207||||49866.6484375|123.5|12950||||880842|AIQ3259|X|X|0|0|7||||132|163|0|0|[]|13:51:06:648
21|2.1|636136516517369616|0|49869.6328125|16.1080169534048|102.637689022062||||49869.6328125|124.5|13075||||880842|AIQ3259|X|X|0|0|7||||132|147|0|0|[]|13:51:09:633
21|2.1|636136516527650644|0|49870.6640625|16.1064720010136|102.637023834227||||49870.6640625|124.75|13100||||880842|AIQ3259|X|X|0|0|7||||132|163|0|0|[]|13:51:10:664
21|2.1|636136516560883967|0|49873.984375|16.1014723634143|102.634899524689||||49873.984375|125.75|13175||||880842|AIQ3259|X|X|0|0|7||||132|147|0|0|[]|13:51:13:984
21|2.1|636136516571335012|0|49875.0234375|16.0998630380068|102.634277252198||||49875.0234375|126.25|13250||||880842|AIQ3259|X|X|0|0|7||||132|163|0|0|[]|13:51:15:023
21|2.1|636136516602388117|0|49878.1328125|16.0950994348006|102.632260231021||||49878.1328125|127.25|13325||||880842|AIQ3259|X|X|0|0|7||||132|147|0|0|[]|13:51:18:133
21|2.1|636136516613619240|0|49879.2578125|16.0934042787047|102.63153067017||||49879.2578125|127.75|13400||||880842|AIQ3259|X|X||0|7||||132|163|0|0|[]|13:51:19:258
21|2.1|636136516643732251|0|49882.265625|16.0887694215311|102.629620937353||||49882.265625|129|13550||||880842|AIQ3259|X|X|0|0|7||||132|147|0|0|[]|13:51:22:266
21|2.1|636136516653703248|0|49883.265625|16.0872888421562|102.62897720719||||49883.265625|129.25|13550||||880842|AIQ3259|X|X||0|7||||132|163|0|0|[]|13:51:23:266
21|2.1|636136516684596337|0|49886.3515625|16.0825466966221|102.626960186012||||49886.3515625|130.5|13700||||880842|AIQ3259|X|X|0|0|7||||132|147|0|0|[]|13:51:26:352
21|2.1|636136516733271204|0|49891.21875|16.075015053715|102.623827365886||||49891.21875|132.75|13900||||880842|AIQ3259|X|X|0|0|7||||132|147|0|0|[]|13:51:31:219
21|2.1|636136516733271204|0|49891.21875|16.075015053715|102.623827365886||||49891.21875|132.75|13925||||880842|AIQ3259|X|X||0|7||||132|163|0|0|[]|13:51:31:219
21|2.1|636136516783196196|0|49896.2109375|16.0673117494311|102.620544342054||||49896.2109375|134.75|14150||||880842|AIQ3259|X|X||0|7||||132|163|0|0|[]|13:51:36:211
21|2.1|636136516783196196|0|49896.2109375|16.0673117494311|102.620544342054||||49896.2109375|134.75|14125||||880842|AIQ3259|X|X|0|0|7||||132|147|0|0|[]|13:51:36:211
21|2.1|636136516823750251|0|49900.265625|16.0610246515058|102.61784067537||||49900.265625|136.25|14300||||880842|AIQ3259|X|X||0|7||||132|163|0|0|[]|13:51:40:266
21|2.1|636136516829060782|0|49900.796875|16.0602521753102|102.617497352616||||49900.796875|136.5|14350||||880842|AIQ3259|X|X|0|0|7||||132|147|0|0|[]|13:51:40:797
21|2.1|636136516864784354|0|49904.3671875|16.0548019265968|102.614858058948||||49904.3671875|137.5|14450||||880842|AIQ3259|X|X||0|7||||132|163|0|0|[]|13:51:44:367
21|2.1|636136516877415617|0|49905.625|16.0528921937799|102.613892463703||||49905.625|138|14500||||880842|AIQ3259|X|X|0|0|7||||132|147|0|0|[]|13:51:45:625
21|2.1|636136516907528628|0|49908.6484375|16.0484289979831|102.611317543051||||49908.6484375|138.75|14575||||880842|AIQ3259|X|X|0|0|7||||132|163|0|0|[]|13:51:48:648
21|2.1|636136516925010376|0|49910.3984375|16.0458540773311|102.609708217644||||49910.3984375|139.25|14650||||880842|AIQ3259|X|X|0|0|7||||132|147|0|0|[]|13:51:50:398
21|2.1|636136516950272902|0|49912.9296875|16.0422277307462|102.607262043025||||49912.9296875|140|14700||||880842|AIQ3259|X|X|0|0|7||||132|163|0|0|[]|13:51:52:930
21|2.1|636136516966034478|0|49914.4921875|16.040039048192|102.605631259945||||49914.4921875|140.5|14775||||880842|AIQ3259|X|X|0|0|7||||132|147|0|0|[]|13:51:54:492
21|2.1|636136516991457020|0|49917.03125|16.0365843629839|102.60292759326||||49917.03125|141.5|14875||||880842|AIQ3259|X|X||0|7||||132|163|0|0|[]|13:51:57:031
21|2.1|636136517015329407|0|49919.4296875|16.0334515428573|102.600202468904||||49919.4296875|142.5|14975||||880842|AIQ3259|X|X|0|0|7||||132|147|0|0|[]|13:51:59:430
21|2.1|636136517040461920|0|49921.9453125|16.0301470613539|102.597327140842||||49921.9453125|143.5|15050||||880842|AIQ3259|X|X||0|7||||132|163|0|0|[]|13:52:01:945
21|2.1|636136517064934367|0|49924.3828125|16.026949868211|102.594494728125||||49924.3828125|144.5|15200||||880842|AIQ3259|X|X|0|0|7||||132|147|0|0|[]|13:52:04:383
21|2.1|636136517089746848|0|49926.8671875|16.0237526750681|102.591662315408||||49926.8671875|145.5|15275||||880842|AIQ3259|X|X||0|7||||132|163|0|0|[]|13:52:06:867
21|2.1|636136517114859359|0|49929.375|16.0204911089089|102.588744072002||||49929.375|146.5|15400||||880842|AIQ3259|X|X|0|0|7||||132|147|0|0|[]|13:52:09:375
21|2.1|636136517129990872|0|49930.8984375|16.0184955454036|102.586941627546||||49930.8984375|147.25|15500||||880842|AIQ3259|X|X|0|0|7||||132|163|0|0|[]|13:52:10:898
21|2.1|636136517155733446|0|49933.46875|16.0151266908839|102.583980468796||||49933.46875|148.25|15575||||880842|AIQ3259|X|X|0|0|7||||132|147|0|0|[]|13:52:13:469
21|2.1|636136517170864959|0|49934.9765625|16.0131740427228|102.582199482012||||49934.9765625|148.75|15650||||880842|AIQ3259|X|X|0|0|7||||132|163|0|0|[]|13:52:14:977
21|2.1|636136517204098282|0|49938.3125|16.0088395929586|102.578315643362||||49938.3125|150|15750||||880842|AIQ3259|X|X||0|7||||132|147|0|0|[]|13:52:18:313
21|2.1|636136517219849857|0|49939.8828125|16.0068440294533|102.576448825889||||49939.8828125|150.75|15850||||880842|AIQ3259|X|X|0|0|7||||132|163|0|0|[]|13:52:19:883
21|2.1|636136517244972369|0|49942.390625|16.0035824632941|102.573509124811||||49942.390625|151.75|15975||||880842|AIQ3259|X|X||0|7||||132|147|0|0|[]|13:52:22:391
21|2.1|636136517294577329|0|49947.3515625|15.9971022463199|102.567694095672||||49947.3515625|153.5|16150||||880842|AIQ3259|X|X||0|7||||132|147|0|0|[]|13:52:27:352
21|2.1|636136517336541525|0|49951.546875|15.9916090822623|102.562715915745||||49951.546875|154.75|16275||||880842|AIQ3259|X|X||0|7||||132|147|0|0|[]|13:52:31:547
21|2.1|636136517377895660|0|49955.6796875|15.9862017488931|102.557802108834||||49955.6796875|156|16425||||880842|AIQ3259|X|X|0|0|7||||132|147|0|0|[]|13:52:35:680
21|2.1|636136517383666237|0|49956.2578125|15.9854292726975|102.557136920999||||49956.2578125|156.25|16400||||880842|AIQ3259|X|X||0|7||||132|163|0|0|[]|13:52:36:258
21|2.1|636136517419389809|0|49959.8359375|15.9807085848355|102.552845386579||||49959.8359375|157.75|16600||||880842|AIQ3259|X|X||0|7||||132|147|0|0|[]|13:52:39:836
21|2.1|636136517425150385|0|49960.40625|15.9799361086399|102.552180198744||||49960.40625|158|16650||||880842|AIQ3259|X|X|0|0|7||||132|163|0|0|[]|13:52:40:406
21|2.1|636136517462444114|0|49964.140625|15.9750437594011|102.547759918291||||49964.140625|159.5|16775||||880842|AIQ3259|X|X||0|7||||132|147|0|0|[]|13:52:44:141
21|2.1|636136517467894659|0|49964.671875|15.9743571138939|102.547116188128||||49964.671875|159.75|16825||||880842|AIQ3259|X|X|0|0|7||||132|163|0|0|[]|13:52:44:672
21|2.1|636136517504248294|0|49968.3203125|15.9695505953435|102.542803196036||||49968.3203125|161.75|17000||||880842|AIQ3259|X|X|0|0|7||||132|147|0|0|[]|13:52:48:320
21|2.1|636136517508308700|0|49968.7265625|15.9690570688852|102.542309669578||||49968.7265625|161.75|17025||||880842|AIQ3259|X|X|0|0|7||||132|163|0|0|[]|13:52:48:727
21|2.1|636136517544662335|0|49972.3515625|15.964293465679|102.53803959283||||49972.3515625|163.75|17250||||880842|AIQ3259|X|X|0|0|7||||132|147|0|0|[]|13:52:52:352
21|2.1|636136517559943863|0|49973.8828125|15.9623193598458|102.536215690701||||49973.8828125|164.5|17325||||880842|AIQ3259|X|X||0|7||||132|163|0|0|[]|13:52:53:883
21|2.1|636136517586936562|0|49976.5859375|15.9587573862772|102.533039955231||||49976.5859375|165.75|17450||||880842|AIQ3259|X|X|0|0|7||||132|147|0|0|[]|13:52:56:586
21|2.1|636136517605968465|0|49978.484375|15.9562897539857|102.53078689966||||49978.484375|166.5|17550||||880842|AIQ3259|X|X|0|0|7||||132|163|0|0|[]|13:52:58:484
21|2.1|636136517630460914|0|49980.9375|15.953135476187|102.527890113927||||49980.9375|167.5|17650||||880842|AIQ3259|X|X||0|7||||132|147|0|0|[]|13:53:00:938
21|2.1|636136517672265094|0|49985.1171875|15.9476852274736|102.522997764688||||49985.1171875|169.25|17875||||880842|AIQ3259|X|X||0|7||||132|147|0|0|[]|13:53:05:117
21|2.1|636136517715489416|0|49989.4453125|15.9420418597113|102.5179122964||||49989.4453125|171|18050||||880842|AIQ3259|X|X||0|7||||132|163|0|0|[]|13:53:09:445
21|2.1|636136517720159883|0|49989.9140625|15.9414410448925|102.517354396926||||49989.9140625|171.25|18050||||880842|AIQ3259|X|X||0|7||||132|147|0|0|[]|13:53:09:914
21|2.1|636136517761193986|0|49994.015625|15.9360766268675|102.512504963031||||49994.015625|173|18225||||880842|AIQ3259|X|X||0|7||||132|163|0|0|[]|13:53:14:016
21|2.1|636136517761193986|0|49994.015625|15.9360766268675|102.512504963031||||49994.015625|173|18225||||880842|AIQ3259|X|X||0|7||||132|147|0|0|[]|13:53:14:016
21|2.1|636136517801287995|0|49998.03125|15.930819497203|102.507741359825||||49998.03125|174.75|18400||||880842|AIQ3259|X|X||0|7||||132|147|0|0|[]|13:53:18:031
21|2.1|636136517801438010|0|49998.03125|15.930819497203|102.507741359825||||49998.03125|174.75|18400||||880842|AIQ3259|X|X||0|7||||132|163|0|0|[]|13:53:18:031
21|2.1|636136517844962362|0|50002.3828125|15.9251546717686|102.502634433865||||50002.3828125|176.5|18625||||880842|AIQ3259|X|X||0|7||||132|163|0|0|[]|13:53:22:383
21|2.1|636136517850422908|0|50002.9296875|15.9244465685893|102.501990703702||||50002.9296875|176.75|18650||||880842|AIQ3259|X|X||0|7||||132|147|0|0|[]|13:53:22:930
21|2.1|636136517892237089|0|50007.1171875|15.9189963198759|102.497098354463||||50007.1171875|178.75|18850||||880842|AIQ3259|X|X|0|0|7||||132|147|0|0|[]|13:53:27:117
21|2.1|636136517892397105|0|50007.1171875|15.9189963198759|102.497098354463||||50007.1171875|178.75|18875||||880842|AIQ3259|X|X|0|0|7||||132|163|0|0|[]|13:53:27:117
21|2.1|636136517932951160|0|50011.1875|15.9137391902114|102.492313293585||||50011.1875|180.25|19025||||880842|AIQ3259|X|X|0|0|7||||132|147|0|0|[]|13:53:31:188
21|2.1|636136517937791644|0|50011.671875|15.9130954600484|102.491733936438||||50011.671875|180.5|19075||||880842|AIQ3259|X|X|0|0|7||||132|163|0|0|[]|13:53:31:672
21|2.1|636136517978035668|0|50015.6953125|15.9078812457281|102.487013248576||||50015.6953125|182|19225||||880842|AIQ3259|X|X|0|0|7||||132|163|0|0|[]|13:53:35:695
21|2.1|636136517983966261|0|50016.28125|15.9071302272046|102.486305145397||||50016.28125|182.25|19250||||880842|AIQ3259|X|X|0|0|7||||132|147|0|0|[]|13:53:36:281
21|2.1|636136518028110675|0|50020.703125|15.9014010287539|102.481112388749||||50020.703125|184|19425||||880842|AIQ3259|X|X|0|0|7||||132|163|0|0|[]|13:53:40:703
21|2.1|636136518032331097|0|50021.125|15.9008431292793|102.48061886229||||50021.125|184|19425||||880842|AIQ3259|X|X|0|0|7||||132|147|0|0|[]|13:53:41:125
21|2.1|636136518077875651|0|50025.6796875|15.8949208117797|102.475254444265||||50025.6796875|185.75|19600||||880842|AIQ3259|X|X|0|0|7||||132|163|0|0|[]|13:53:45:680
21|2.1|636136518077885652|0|50025.6796875|15.8949208117797|102.475254444265||||50025.6796875|185.75|19625||||880842|AIQ3259|X|X|0|0|7||||132|147|0|0|[]|13:53:45:680
21|2.1|636136518118129676|0|50029.7109375|15.8897065974594|102.470533756403||||50029.7109375|187|19750||||880842|AIQ3259|X|X|0|0|7||||132|147|0|0|[]|13:53:49:711
21|2.1|636136518161343997|0|50034.03125|15.8840846873692|102.465426830444||||50034.03125|188.5|19950||||880842|AIQ3259|X|X|0|0|7||||132|147|0|0|[]|13:53:54:031
21|2.1|636136518203308193|0|50038.21875|15.8785915233116|102.460448650516||||50038.21875|189.75|20075||||880842|AIQ3259|X|X|0|0|7||||132|147|0|0|[]|13:53:58:219
21|2.1|636136518244802342|0|50042.375|15.8731412745982|102.455556301278||||50042.375|191|20175||||880842|AIQ3259|X|X|0|0|7||||132|147|0|0|[]|13:54:02:375
21|2.1|636136518275385400|0|50045.4375|15.8691501475876|102.451887039348||||50045.4375|192|20300||||880842|AIQ3259|X|X|0|0|7||||132|163|0|0|[]|13:54:05:438
21|2.1|636136518285376399|0|50046.421875|15.8678412295895|102.450749782727||||50046.421875|192.5|20350||||880842|AIQ3259|X|X|0|0|7||||132|147|0|0|[]|13:54:06:422
21|2.1|636136518319999861|0|50049.8828125|15.8632922031043|102.446651367356||||50049.8828125|193.5|20450||||880842|AIQ3259|X|X|0|0|7||||132|163|0|0|[]|13:54:09:883
21|2.1|636136518329100771|0|50050.796875|15.8621120311388|102.445557026079||||50050.796875|194|20525||||880842|AIQ3259|X|X|0|0|7||||132|147|0|0|[]|13:54:10:797
21|2.1|636136518363994260|0|50054.2890625|15.8574986316373|102.441372780019||||50054.2890625|195.25|20650||||880842|AIQ3259|X|X|0|0|7||||132|163|0|0|[]|13:54:14:289
21|2.1|636136518373825243|0|50055.265625|15.8562111713113|102.440235523398||||50055.265625|195.5|20650||||880842|AIQ3259|X|X|0|0|7||||132|147|0|0|[]|13:54:15:266
21|2.1|636136518404248285|0|50058.3125|15.8521985866286|102.436630634485||||50058.3125|196.5|20800||||880842|AIQ3259|X|X|0|0|7||||132|163|0|0|[]|13:54:18:313
21|2.1|636136518414069267|0|50059.296875|15.8508896686305|102.435407547176||||50059.296875|196.75|20825||||880842|AIQ3259|X|X|0|0|7||||132|147|0|0|[]|13:54:19:297
21|2.1|636136518454953355|0|50063.3828125|15.8455252506055|102.430601028625||||50063.3828125|198.25|20975||||880842|AIQ3259|X|X|0|0|7||||132|147|0|0|[]|13:54:23:383
21|2.1|636136518454953355|0|50063.3828125|15.8455252506055|102.430601028625||||50063.3828125|198.25|20975||||880842|AIQ3259|X|X|0|0|7||||132|163|0|0|[]|13:54:23:383
21|2.1|636136518499407800|0|50067.828125|15.8396673061222|102.425300983617||||50067.828125|199.75|21150||||880842|AIQ3259|X|X|0|0|7||||132|163|0|0|[]|13:54:27:828
21|2.1|636136518499407800|0|50067.8203125|15.8396673061222|102.425300983617||||50067.8203125|199.75|21150||||880842|AIQ3259|X|X|0|0|7||||132|147|0|0|[]|13:54:27:820
21|2.1|636136518539341793|0|50071.828125|15.8344101764577|102.420515922738||||50071.828125|201|21275||||880842|AIQ3259|X|X|0|0|7||||132|163|0|0|[]|13:54:31:828
21|2.1|636136518539351794|0|50071.828125|15.8344101764577|102.420515922738||||50071.828125|201|21275||||880842|AIQ3259|X|X|0|0|7||||132|147|0|0|[]|13:54:31:828
21|2.1|636136518584126271|0|50076.3046875|15.828466401286|102.415130047041||||50076.3046875|202.5|21450||||880842|AIQ3259|X|X|0|0|7||||132|163|0|0|[]|13:54:36:305
21|2.1|636136518584126271|0|50076.3046875|15.828466401286|102.415130047041||||50076.3046875|202.5|21450||||880842|AIQ3259|X|X|0|0|7||||132|147|0|0|[]|13:54:36:305
21|2.1|636136518626090467|0|50080.5|15.8229088642121|102.410130409442||||50080.5|203.75|21575||||880842|AIQ3259|X|X|0|0|7||||132|147|0|0|[]|13:54:40:500
21|2.1|636136518626090467|0|50080.5|15.8229088642121|102.410130409442||||50080.5|203.75|21575||||880842|AIQ3259|X|X|0|0|7||||132|163|0|0|[]|13:54:40:500
21|2.1|636136518667584616|0|50084.6640625|15.8173727848103|102.405130771843||||50084.6640625|204.75|21675||||880842|X|X|X|0|0|7||||132|5|0|0|[]|13:54:44:664
21|2.1|636136518667734631|0|50084.6640625|15.8173727848103|102.405130771843||||50084.6640625|204.75|21700||||880842|AIQ3259|X|X|0|0|7||||132|147|0|0|[]|13:54:44:664
21|2.1|636136518709238781|0|50088.8125|15.8118367054085|102.400088218899||||50088.8125|205.75|21800||||880842|AIQ3259|X|X|0|0|7||||132|147|0|0|[]|13:54:48:813
21|2.1|636136518709238781|0|50088.8125|15.8118367054085|102.400088218899||||50088.8125|205.75|21800||||880842|AIQ3259|X|X|0|0|7||||132|163|0|0|[]|13:54:48:813
21|2.1|636136518720779935|0|50089.9765625|15.8102917530173|102.398693470213||||50089.9765625|206|21825||||880842|AIQ3259|X|X|0|0|7||||132|5|0|0|[]|13:54:49:977
21|2.1|636136518751823039|0|50093.078125|15.8061075069578|102.394938377595||||50093.078125|206.75|21900||||880842|AIQ3259|X|X|0|0|7||||132|163|0|0|[]|13:54:53:078
21|2.1|636136518751983055|0|50093.0703125|15.8061075069578|102.394938377595||||50093.0703125|206.75|21900||||880842|AIQ3259|X|X|0|0|7||||132|147|0|0|[]|13:54:53:070
21|2.1|636136518792387095|0|50097.125|15.8006572582444|102.390024570684||||50097.125|208|22025||||880842|AIQ3259|X|X|0|0|7||||132|163|0|0|[]|13:54:57:125
21|2.1|636136518792387095|0|50097.125|15.8006572582444|102.390024570684||||50097.125|208|22025||||880842|AIQ3259|X|X|0|0|7||||132|147|0|0|[]|13:54:57:125
21|2.1|636136518833741230|0|50101.265625|15.7950997211705|102.384960560069||||50101.265625|209.25|22175||||880842|AIQ3259|X|X|0|0|7||||132|163|0|0|[]|13:55:01:266
21|2.1|636136518833741230|0|50101.265625|15.7950997211705|102.384960560069||||50101.265625|209.25|22175||||880842|AIQ3259|X|X|0|0|7||||132|147|0|0|[]|13:55:01:266
21|2.1|636136518876155471|0|50105.5078125|15.7893705227198|102.379810718765||||50105.5078125|210.5|22325||||880842|AIQ3259|X|X|0|0|7||||132|147|0|0|[]|13:55:05:508
21|2.1|636136518880535909|0|50105.953125|15.788769707901|102.379274276962||||50105.953125|210.75|22325||||880842|AIQ3259|X|X|0|0|7||||132|163|0|0|[]|13:55:05:953
21|2.1|636136518919679823|0|50109.8515625|15.7835125782365|102.374510673756||||50109.8515625|212|22450||||880842|AIQ3259|X|X|0|0|7||||132|147|0|0|[]|13:55:09:852
21|2.1|636136518931080963|0|50111|15.7819461681732|102.373115925069||||50111|212.5|22500||||880842|AIQ3259|X|X|0|0|7||||132|163|0|0|[]|13:55:11:000
21|2.1|636136518961654020|0|50114.0546875|15.77782629513|102.369403747796||||50114.0546875|213.5|22600||||880842|AIQ3259|X|X|0|0|7||||132|147|0|0|[]|13:55:14:055
21|2.1|636136518971324987|0|50115.015625|15.7765602924761|102.368202118158||||50115.015625|213.75|22625||||880842|AIQ3259|X|X|0|0|7||||132|163|0|0|[]|13:55:15:016
21|2.1|636136519004248279|0|50118.3125|15.7720756390072|102.364189533476||||50118.3125|215|22775||||880842|AIQ3259|X|X|0|0|7||||132|147|0|0|[]|13:55:18:313
21|2.1|636136519018589713|0|50119.7421875|15.7701444485182|102.362451462036||||50119.7421875|215.5|22825||||880842|AIQ3259|X|X|0|0|7||||132|163|0|0|[]|13:55:19:742
21|2.1|636136519045272381|0|50122.4140625|15.7665395596054|102.359168438204||||50122.4140625|216.5|22950||||880842|AIQ3259|X|X|0|0|7||||132|147|0|0|[]|13:55:22:414
21|2.1|636136519061183972|0|50124.015625|15.7643723347233|102.357258705387||||50124.015625|217|23000||||880842|AIQ3259|X|X|0|0|7||||132|163|0|0|[]|13:55:24:016
21|2.1|636136519085516405|0|50126.4375|15.761089310892|102.354276088966||||50126.4375|217.75|23100||||880842|AIQ3259|X|X|0|0|7||||132|147|0|0|[]|13:55:26:438
21|2.1|636136519106268480|0|50128.515625|15.758299813519|102.351722625986||||50128.515625|218.5|23175||||880842|AIQ3259|X|X|0|0|7||||132|163|0|0|[]|13:55:28:516
21|2.1|636136519129040757|0|50130.7890625|15.7552313664087|102.348976043957||||50130.7890625|219|23225||||880842|AIQ3259|X|X|0|0|7||||132|147|0|0|[]|13:55:30:789
21|2.1|636136519149172770|0|50132.8125|15.7524847843799|102.346465496321||||50132.8125|219.75|23300||||880842|AIQ3259|X|X|0|0|7||||132|163|0|0|[]|13:55:32:813
21|2.1|636136519170694922|0|50134.9375|15.7496094563185|102.343869117997||||50134.9375|220.25|23350||||880842|AIQ3259|X|X|0|0|7||||132|147|0|0|[]|13:55:34:938
21|2.1|636136519211739026|0|50139.0703125|15.7439660885562|102.338805107381||||50139.0703125|221.25|23475||||880842|AIQ3259|X|X|0|0|7||||132|147|0|0|[]|13:55:39:070
21|2.1|636136519221720024|0|50140.0703125|15.7426142552139|102.337539104728||||50140.0703125|221.5|23475||||880842|AIQ3259|X|X|0|0|7||||132|5|0|0|[]|13:55:40:070
21|2.1|636136519252603112|0|50143.15625|15.7384300091544|102.333762554438||||50143.15625|222|23575||||880842|AIQ3259|X|X|0|0|7||||132|147|0|0|[]|13:55:43:156
21|2.1|636136519297067558|0|50147.59375|15.732336030278|102.328247932708||||50147.59375|223|23675||||880842|AIQ3259|X|X|0|0|7||||132|147|0|0|[]|13:55:47:594
21|2.1|636136519340751926|0|50151.96875|15.72632788209|102.322840599339||||50151.96875|224|23775||||880842|AIQ3259|X|X|0|0|7||||132|147|0|0|[]|13:55:51:969
21|2.1|636136519351192970|0|50153.015625|15.7248687603872|102.321510223669||||50153.015625|224.25|23800||||880842|AIQ3259|X|X||0|7||||132|5|0|0|[]|13:55:53:016
21|2.1|636136519381465997|0|50156.0390625|15.7207059719998|102.317755131051||||50156.0390625|225|23875||||880842|AIQ3259|X|X|0|0|7||||132|147|0|0|[]|13:55:56:039
21|2.1|636136519391757026|0|50157.0703125|15.719246850297|102.316467670725||||50157.0703125|225.25|23900||||880842|AIQ3259|X|X||0|7||||132|5|0|0|[]|13:55:57:070
21|2.1|636136519411569007|0|50159.0390625|15.7165431836124|102.314000038434||||50159.0390625|225.5|23925||||880842|AIQ3259|X|X|0|0|7||||132|163|0|0|[]|13:55:59:039
21|2.1|636136519423120162|0|50160.2109375|15.7149124005328|102.312540916731||||50160.2109375|226|23975||||880842|AIQ3259|X|X|0|0|7||||132|147|0|0|[]|13:56:00:211
21|2.1|636136519458843734|0|50163.7734375|15.7099556782777|102.308056263262||||50163.7734375|226.75|24075||||880842|AIQ3259|X|X||0|7||||132|163|0|0|[]|13:56:03:773
21|2.1|636136519467264576|0|50164.625|15.7087755063122|102.306983379657||||50164.625|227|24100||||880842|AIQ3259|X|X||0|7||||132|147|0|0|[]|13:56:04:625
21|2.1|636136519508138663|0|50168.703125|15.7030892232057|102.301833538353||||50168.703125|228.25|24225||||880842|AIQ3259|X|X||0|7||||132|147|0|0|[]|13:56:08:703
21|2.1|636136519508138663|0|50168.703125|15.7030892232057|102.301833538353||||50168.703125|228.25|24225||||880842|AIQ3259|X|X|0|0|7||||132|163|0|0|[]|13:56:08:703
21|2.1|636136519550262875|0|50172.9140625|15.6972312787224|102.296554951017||||50172.9140625|229.25|24325||||880842|AIQ3259|X|X|0|0|7||||132|163|0|0|[]|13:56:12:914
21|2.1|636136519550262875|0|50172.9140625|15.6972312787224|102.296554951017||||50172.9140625|229.25|24325||||880842|AIQ3259|X|X|0|0|7||||132|147|0|0|[]|13:56:12:914
21|2.1|636136519589256774|0|50176.8203125|15.691781030009|102.291598228761||||50176.8203125|230.5|24450||||880842|AIQ3259|X|X||0|7||||132|5|0|0|[]|13:56:16:820
21|2.1|636136519593627211|0|50177.25|15.6911802151902|102.291040329287||||50177.25|230.5|24475||||880842|AIQ3259|X|X||0|7||||132|147|0|0|[]|13:56:17:250
21|2.1|636136519638561704|0|50181.75|15.6848502019207|102.285375503852||||50181.75|231.75|24600||||880842|AIQ3259|X|X||0|7||||132|5|0|0|[]|13:56:21:750
21|2.1|636136519638561704|0|50181.75|15.6848502019207|102.285375503852||||50181.75|231.75|24600||||880842|AIQ3259|X|X||0|7||||132|147|0|0|[]|13:56:21:750
21|2.1|636136519682866134|0|50186.1796875|15.6786489346838|102.279775051434||||50186.1796875|233|24750||||880842|AIQ3259|X|X|0|0|7||||132|147|0|0|[]|13:56:26:180
21|2.1|636136519683016149|0|50186.1796875|15.6786489346838|102.279775051434||||50186.1796875|233|24750||||880842|AIQ3259|X|X|0|0|7||||132|163|0|0|[]|13:56:26:180
21|2.1|636136519723890236|0|50190.2734375|15.6729197362331|102.274582294786||||50190.2734375|234.25|24875||||880842|AIQ3259|X|X|0|0|7||||132|163|0|0|[]|13:56:30:273
21|2.1|636136519723890236|0|50190.2734375|15.6729197362331|102.274582294786||||50190.2734375|234.25|24875||||880842|AIQ3259|X|X|0|0|7||||132|147|0|0|[]|13:56:30:273
21|2.1|636136519752913138|0|50193.1953125|15.6687998631899|102.270870117513||||50193.1953125|235|24950||||880842|AIQ3259|X|X||0|7||||132|5|0|0|[]|13:56:33:195
21|2.1|636136519767884635|0|50194.6796875|15.6667399266683|102.268981842368||||50194.6796875|235.5|25000||||880842|AIQ3259|X|X|0|0|7||||132|163|0|0|[]|13:56:34:680
21|2.1|636136519768044651|0|50194.6796875|15.6667399266683|102.268981842368||||50194.6796875|235.5|25000||||880842|AIQ3259|X|X|0|0|7||||132|147|0|0|[]|13:56:34:680
21|2.1|636136519793627209|0|50197.265625|15.6630706647392|102.265698818537||||50197.265625|236.25|25075||||880842|AIQ3259|X|X|0|0|7||||132|5|0|0|[]|13:56:37:266
21|2.1|636136519809078754|0|50198.796875|15.6609248975292|102.263724712704||||50198.796875|236.75|25150||||880842|AIQ3259|X|X|0|0|7||||132|163|0|0|[]|13:56:38:797
21|2.1|636136519809078754|0|50198.796875|15.6609248975292|102.263724712704||||50198.796875|236.75|25150||||880842|AIQ3259|X|X|0|0|7||||132|147|0|0|[]|13:56:38:797
21|2.1|636136519837621608|0|50201.65625|15.6568908551744|102.260119823791||||50201.65625|237.5|25225||||880842|AIQ3259|X|X|0|0|7||||132|5|0|0|[]|13:56:41:656
21|2.1|636136519852593105|0|50203.1484375|15.6547665456365|102.258231548646||||50203.1484375|238|25275||||880842|AIQ3259|X|X|0|0|7||||132|163|0|0|[]|13:56:43:148
21|2.1|636136519852603106|0|50203.1484375|15.6547665456365|102.258231548646||||50203.1484375|238|25275||||880842|AIQ3259|X|X|0|0|7||||132|147|0|0|[]|13:56:43:148
21|2.1|636136519888646710|0|50206.7578125|15.6496596196767|102.253639606817||||50206.7578125|239|25400||||880842|AIQ3259|X|X|0|0|7||||132|5|0|0|[]|13:56:46:758
21|2.1|636136519893937239|0|50207.28125|15.6489300588253|102.252974418981||||50207.28125|239.25|25425||||880842|AIQ3259|X|X|0|0|7||||132|147|0|0|[]|13:56:47:281
21|2.1|636136519931691014|0|50211.0625|15.6436085561445|102.248146442759||||50211.0625|240.5|25550||||880842|AIQ3259|X|X|0|0|7||||132|5|0|0|[]|13:56:51:063
21|2.1|636136519935751420|0|50211.4765625|15.6430291989978|102.247631458629||||50211.4765625|240.5|25550||||880842|AIQ3259|X|X|0|0|7||||132|147|0|0|[]|13:56:51:477
21|2.1|636136519972095054|0|50215.1015625|15.6378793576938|102.242996601455||||50215.1015625|241.5|25650||||880842|AIQ3259|X|X|0|0|7||||132|5|0|0|[]|13:56:55:102
21|2.1|636136519977245569|0|50215.6171875|15.6371712545145|102.24233141362||||50215.6171875|241.75|25675||||880842|AIQ3259|X|X|0|0|7||||132|147|0|0|[]|13:56:55:617
21|2.1|636136519977255570|0|50215.6171875|15.6371712545145|102.24233141362||||50215.6171875|241.75|25675||||880842|AIQ3259|X|X|0|0|7||||132|163|0|0|[]|13:56:55:617
21|2.1|636136520014999344|0|50219.3984375|15.6318068364895|102.237524895069||||50219.3984375|242.75|25750||||880842|AIQ3259|X|X|0|0|7||||132|5|0|0|[]|13:56:59:398
21|2.1|636136520019989843|0|50219.890625|15.6311201909823|102.236881164906||||50219.890625|243|25800||||880842|AIQ3259|X|X|0|0|7||||132|163|0|0|[]|13:56:59:891
21|2.1|636136520056803524|0|50223.5703125|15.625905976662|102.232224850061||||50223.5703125|244|25925||||880842|AIQ3259|X|X|0|0|7||||132|5|0|0|[]|13:57:03:570
21|2.1|636136520061954039|0|50224.0859375|15.6251764158106|102.231538204554||||50224.0859375|244.25|25925||||880842|AIQ3259|X|X|0|0|7||||132|163|0|0|[]|13:57:04:086
21|2.1|636136520096747518|0|50227.5703125|15.6202196935555|102.227117924101||||50227.5703125|245.25|26025||||880842|AIQ3259|X|X|0|0|7||||132|5|0|0|[]|13:57:07:570
21|2.1|636136520102358079|0|50228.1328125|15.6194472173599|102.22638836325||||50228.1328125|245.25|26075||||880842|AIQ3259|X|X|0|0|7||||132|147|0|0|[]|13:57:08:133
21|2.1|636136520102518095|0|50228.1328125|15.6194472173599|102.22638836325||||50228.1328125|245.25|26075||||880842|AIQ3259|X|X|0|0|7||||132|163|0|0|[]|13:57:08:133
21|2.1|636136520146352478|0|50232.53125|15.6132030347788|102.220723537815||||50232.53125|246.5|26200||||880842|AIQ3259|X|X|0|0|7||||132|5|0|0|[]|13:57:12:531
21|2.1|636136520146512494|0|50232.53125|15.6132030347788|102.220723537815||||50232.53125|246.5|26200||||880842|AIQ3259|X|X|0|0|7||||132|163|0|0|[]|13:57:12:531
21|2.1|636136520189096752|0|50236.8046875|15.6071519712466|102.215273289102||||50236.8046875|247.25|26275||||880842|AIQ3259|X|X|0|0|7||||132|147|0|0|[]|13:57:16:805
21|2.1|636136520189106753|0|50236.8046875|15.6071519712466|102.215273289102||||50236.8046875|247.25|26275||||880842|AIQ3259|X|X|0|0|7||||132|163|0|0|[]|13:57:16:805
21|2.1|636136520214999342|0|50239.40625|15.6034183363012|102.211925892254||||50239.40625|248|26350||||880842|AIQ3259|X|X|0|0|7||||132|5|0|0|[]|13:57:19:406
21|2.1|636136520231070949|0|50240.9921875|15.6011867384028|102.209887413405||||50240.9921875|248.25|26375||||880842|AIQ3259|X|X|0|0|7||||132|147|0|0|[]|13:57:20:992
21|2.1|636136520231070949|0|50240.9921875|15.6011867384028|102.209887413405||||50240.9921875|248.25|26375||||880842|AIQ3259|X|X|0|0|7||||132|163|0|0|[]|13:57:20:992
21|2.1|636136520255093351|0|50243.4140625|15.5977105955226|102.20677605095||||50243.4140625|248.75|26425||||880842|AIQ3259|X|X|0|0|7||||132|5|0|0|[]|13:57:23:414
21|2.1|636136520274595301|0|50245.34375|15.5949640134938|102.204265503314||||50245.34375|249.25|26500||||880842|AIQ3259|X|X|0|0|7||||132|163|0|0|[]|13:57:25:344
21|2.1|636136520274595301|0|50245.34375|15.5949640134938|102.204265503314||||50245.34375|249.25|26500||||880842|AIQ3259|X|X|0|0|7||||132|147|0|0|[]|13:57:25:344
21|2.1|636136520302518093|0|50248.1484375|15.5909514288111|102.200660614402||||50248.1484375|249.75|26550||||880842|AIQ3259|X|X|0|0|7||||132|5|0|0|[]|13:57:28:148
21|2.1|636136520317959637|0|50249.6796875|15.5887198309127|102.198686508568||||50249.6796875|250|26575||||880842|AIQ3259|X|X|0|0|7||||132|163|0|0|[]|13:57:29:680
21|2.1|636136520317969638|0|50249.6796875|15.5887198309127|102.198686508568||||50249.6796875|250|26575||||880842|AIQ3259|X|X|0|0|7||||132|147|0|0|[]|13:57:29:680
21|2.1|636136520345262367|0|50252.421875|15.5848145345905|102.195124535||||50252.421875|250.5|26625||||880842|AIQ3259|X|X|0|0|7||||132|5|0|0|[]|13:57:32:422
21|2.1|636136520360703911|0|50253.96875|15.5825400213479|102.19308605615||||50253.96875|250.75|26650||||880842|AIQ3259|X|X|0|0|7||||132|163|0|0|[]|13:57:33:969
21|2.1|636136520360863927|0|50253.96875|15.5825400213479|102.19308605615||||50253.96875|250.75|26650||||880842|AIQ3259|X|X|0|0|7||||132|147|0|0|[]|13:57:33:969
21|2.1|636136520394407281|0|50257.328125|15.5777335027975|102.188708691042||||50257.328125|251.75|26750||||880842|AIQ3259|X|X||0|7||||132|5|0|0|[]|13:57:37:328
21|2.1|636136520403138154|0|50258.203125|15.5764675001436|102.187571434421||||50258.203125|251.75|26750||||880842|AIQ3259|X|X|0|0|7||||132|147|0|0|[]|13:57:38:203
21|2.1|636136520403138154|0|50258.203125|15.5764675001436|102.187571434421||||50258.203125|251.75|26750||||880842|AIQ3259|X|X|0|0|7||||132|163|0|0|[]|13:57:38:203
21|2.1|636136520444012241|0|50262.296875|15.5705666403161|102.182271389412||||50262.296875|253|26900||||880842|AIQ3259|X|X|0|0|7||||132|5|0|0|[]|13:57:42:297
21|2.1|636136520444012241|0|50262.296875|15.5705666403161|102.182271389412||||50262.296875|253|26900||||880842|AIQ3259|X|X|0|0|7||||132|147|0|0|[]|13:57:42:297
21|2.1|636136520484106250|0|50266.3046875|15.5647945265212|102.177014259747||||50266.3046875|254|26975||||880842|AIQ3259|X|X|0|0|7||||132|5|0|0|[]|13:57:46:305
21|2.1|636136520484106250|0|50266.3046875|15.5647945265212|102.177014259747||||50266.3046875|254|26975||||880842|AIQ3259|X|X|0|0|7||||132|163|0|0|[]|13:57:46:305
21|2.1|636136520525760415|0|50270.46875|15.5587863783332|102.171585468706||||50270.46875|255.5|27175||||880842|AIQ3259|X|X|0|0|7||||132|163|0|0|[]|13:57:50:469
21|2.1|636136520525920431|0|50270.46875|15.5587863783332|102.171585468706||||50270.46875|255.5|27175||||880842|AIQ3259|X|X|0|0|7||||132|147|0|0|[]|13:57:50:469
21|2.1|636136520536521491|0|50271.5546875|15.5571985105978|102.170147804675||||50271.5546875|255.75|27150||||880842|AIQ3259|X|X|0|0|7||||132|5|0|0|[]|13:57:51:555
21|2.1|636136520567724611|0|50274.65625|15.552735314801|102.166135219993||||50274.65625|256.75|27275||||880842|AIQ3259|X|X|0|0|7||||132|147|0|0|[]|13:57:54:656
21|2.1|636136520567724611|0|50274.65625|15.552735314801|102.166135219993||||50274.65625|256.75|27275||||880842|AIQ3259|X|X|0|0|7||||132|163|0|0|[]|13:57:54:656
21|2.1|636136520585356374|0|50276.4296875|15.550160394149|102.163817791406||||50276.4296875|257.25|27325||||880842|AIQ3259|X|X|0|0|7||||132|5|0|0|[]|13:57:56:430
21|2.1|636136520609848823|0|50278.8671875|15.5466413359246|102.160642055935||||50278.8671875|257.75|27400||||880842|AIQ3259|X|X||0|7||||132|147|0|0|[]|13:57:58:867
21|2.1|636136520624820320|0|50280.375|15.5444526533704|102.158667950102||||50280.375|258.25|27425||||880842|AIQ3259|X|X||0|7||||132|163|0|0|[]|13:58:00:375
21|2.1|636136520635281366|0|50281.421875|15.5429506163234|102.157294659088||||50281.421875|258.5|27475||||880842|AIQ3259|X|X|0|0|7||||132|5|0|0|[]|13:58:01:422
21|2.1|636136520650412879|0|50282.9296875|15.5407619337692|102.155342010926||||50282.9296875|259|27525||||880842|AIQ3259|X|X|0|0|7||||132|147|0|0|[]|13:58:02:930
21|2.1|636136520665544392|0|50284.4453125|15.538573251215|102.153389362765||||50284.4453125|259.25|27550||||880842|AIQ3259|X|X|0|0|7||||132|163|0|0|[]|13:58:04:445
21|2.1|636136520675685406|0|50285.4765625|15.5370926718401|102.152037529423||||50285.4765625|259.5|27575||||880842|AIQ3259|X|X|0|0|7||||132|5|0|0|[]|13:58:05:477
21|2.1|636136520690656903|0|50286.9609375|15.5349469046301|102.15006342359||||50286.9609375|260|27650||||880842|AIQ3259|X|X|0|0|7||||132|147|0|0|[]|13:58:06:961
21|2.1|636136520707198557|0|50288.6171875|15.5325221876828|102.147939114052||||50288.6171875|260.25|27675||||880842|AIQ3259|X|X|0|0|7||||132|163|0|0|[]|13:58:08:617
21|2.1|636136520716709508|0|50289.578125|15.5311488966684|102.14669456907||||50289.578125|260.5|27700||||880842|AIQ3259|X|X|0|0|7||||132|5|0|0|[]|13:58:09:578
21|2.1|636136520733561193|0|50291.234375|15.5287670950653|102.144527344188||||50291.234375|260.75|27725||||880842|AIQ3259|X|X|0|0|7||||132|147|0|0|[]|13:58:11:234
21|2.1|636136520751342971|0|50293.0234375|15.5261492590691|102.142145542585||||50293.0234375|261.25|27775||||880842|AIQ3259|X|X|0|0|7||||132|163|0|0|[]|13:58:13:023
21|2.1|636136520759613798|0|50293.859375|15.5249690871036|102.141094116652||||50293.859375|261.25|27775||||880842|AIQ3259|X|X||0|7||||132|5|0|0|[]|13:58:13:859
21|2.1|636136520777245561|0|50295.609375|15.5223941664516|102.138776688065||||50295.609375|261.75|27825||||880842|AIQ3259|X|X||0|7||||132|147|0|0|[]|13:58:15:609
21|2.1|636136520792217058|0|50297.109375|15.5201840262253|102.136845497576||||50297.109375|262|27850||||880842|AIQ3259|X|X|0|0|7||||132|163|0|0|[]|13:58:17:109
21|2.1|636136520802358072|0|50298.140625|15.5186819891783|102.13545074889||||50298.140625|262.25|27875||||880842|AIQ3259|X|X|0|0|7||||132|5|0|0|[]|13:58:18:141
21|2.1|636136520818109647|0|50299.703125|15.5164503912799|102.133433727712||||50299.703125|262.5|27925||||880842|AIQ3259|X|X|0|0|7||||132|147|0|0|[]|13:58:19:703
21|2.1|636136520834341270|0|50301.3203125|15.5140685896768|102.131309418174||||50301.3203125|263|27950||||880842|AIQ3259|X|X|0|0|7||||132|163|0|0|[]|13:58:21:320
21|2.1|636136520853373173|0|50303.234375|15.5112790923038|102.128820328211||||50303.234375|263.25|27975||||880842|AIQ3259|X|X|0|0|7||||132|5|0|0|[]|13:58:23:234
21|2.1|636136520862734109|0|50304.1640625|15.5099487166336|102.127575783229||||50304.1640625|263.5|28025||||880842|AIQ3259|X|X||0|7||||132|147|0|0|[]|13:58:24:164
21|2.1|636136520877715607|0|50305.65625|15.5077600340794|102.125623135068||||50305.65625|264|28075||||880842|AIQ3259|X|X|0|0|7||||132|163|0|0|[]|13:58:25:656
21|2.1|636136520897057541|0|50307.6015625|15.5049061636901|102.123069672088||||50307.6015625|264.5|28125||||880842|AIQ3259|X|X|0|0|7||||132|5|0|0|[]|13:58:27:602
21|2.1|636136520906408476|0|50308.5234375|15.5035757880199|102.121846584778||||50308.5234375|264.5|28125||||880842|AIQ3259|X|X||0|7||||132|147|0|0|[]|13:58:28:523
21|2.1|636136520922640099|0|50310.15625|15.5012154440889|102.119700817568||||50310.15625|265|28175||||880842|AIQ3259|X|X|0|0|7||||132|163|0|0|[]|13:58:30:156
21|2.1|636136520941822017|0|50312.078125|15.4984044890438|102.117190269933||||50312.078125|265.5|28225||||880842|AIQ3259|X|X|0|0|7||||132|5|0|0|[]|13:58:32:078
21|2.1|636136520946822517|0|50312.578125|15.4976534705203|102.116503624425||||50312.578125|265.5|28250||||880842|AIQ3259|X|X||0|7||||132|147|0|0|[]|13:58:32:578
21|2.1|636136520966944529|0|50314.5859375|15.4947352271147|102.113842873085||||50314.5859375|266|28300||||880842|AIQ3259|X|X|0|0|7||||132|163|0|0|[]|13:58:34:586
21|2.1|636136520987076542|0|50316.609375|15.4917526106928|102.111203579417||||50316.609375|266.5|28350||||880842|AIQ3259|X|X|0|0|7||||132|5|0|0|[]|13:58:36:609
21|2.1|636136520987226557|0|50316.609375|15.4917526106928|102.111203579417||||50316.609375|266.5|28350||||880842|AIQ3259|X|X|0|0|7||||132|147|0|0|[]|13:58:36:609
21|2.1|636136521007818616|0|50318.6796875|15.4887270789267|102.108456997388||||50318.6796875|266.75|28375||||880842|AIQ3259|X|X|0|0|7||||132|163|0|0|[]|13:58:38:680
21|2.1|636136521027160550|0|50320.609375|15.4858732085374|102.105903534408||||50320.609375|267.25|28425||||880842|AIQ3259|X|X|0|0|7||||132|5|0|0|[]|13:58:40:609
21|2.1|636136521027170551|0|50320.609375|15.4858732085374|102.105903534408||||50320.609375|267.25|28425||||880842|AIQ3259|X|X|0|0|7||||132|147|0|0|[]|13:58:40:609
21|2.1|636136521051813015|0|50323.078125|15.4822897772967|102.102663425921||||50323.078125|267.5|28450||||880842|AIQ3259|X|X|0|0|7||||132|163|0|0|[]|13:58:43:078
21|2.1|636136521067404574|0|50324.6328125|15.4800152640541|102.100603489399||||50324.6328125|267.75|28500||||880842|AIQ3259|X|X|0|0|7||||132|5|0|0|[]|13:58:44:633
21|2.1|636136521067414575|0|50324.6328125|15.4800152640541|102.100603489399||||50324.6328125|267.75|28500||||880842|AIQ3259|X|X|0|0|7||||132|147|0|0|[]|13:58:44:633
21|2.1|636136521093147148|0|50327.203125|15.4762172560924|102.097191719535||||50327.203125|268.25|28550||||880842|AIQ3259|X|X|0|0|7||||132|163|0|0|[]|13:58:47:203
21|2.1|636136521107348568|0|50328.6328125|15.4740929465545|102.095260529046||||50328.6328125|268.5|28575||||880842|AIQ3259|X|X|0|0|7||||132|5|0|0|[]|13:58:48:633
21|2.1|636136521107498583|0|50328.6328125|15.4740929465545|102.095260529046||||50328.6328125|268.5|28575||||880842|AIQ3259|X|X|0|0|7||||132|147|0|0|[]|13:58:48:633
21|2.1|636136521136671500|0|50331.5546875|15.4697584967903|102.091376690396||||50331.5546875|268.75|28600||||880842|AIQ3259|X|X|0|0|7||||132|163|0|0|[]|13:58:51:555
21|2.1|636136521152123045|0|50333.1171875|15.4674410682035|102.089316753875||||50333.1171875|269|28625||||880842|AIQ3259|X|X|0|0|7||||132|5|0|0|[]|13:58:53:117
21|2.1|636136521152273060|0|50333.1171875|15.4674410682035|102.089316753875||||50333.1171875|269|28625||||880842|AIQ3259|X|X|0|0|7||||132|147|0|0|[]|13:58:53:117
21|2.1|636136521178015634|0|50335.6875|15.4636645179139|102.085883526339||||50335.6875|269.5|28675||||880842|AIQ3259|X|X|0|0|7||||132|163|0|0|[]|13:58:55:688
21|2.1|636136521194087241|0|50337.3046875|15.4612398009666|102.083716301457||||50337.3046875|269.75|28700||||880842|AIQ3259|X|X|0|0|7||||132|5|0|0|[]|13:58:57:305
21|2.1|636136521194247257|0|50337.3046875|15.4612398009666|102.083716301457||||50337.3046875|269.75|28700||||880842|AIQ3259|X|X|0|0|7||||132|147|0|0|[]|13:58:57:305
21|2.1|636136521219979830|0|50339.875|15.4574417930049|102.080240158576||||50339.875|270.25|28750||||880842|AIQ3259|X|X|0|0|7||||132|163|0|0|[]|13:58:59:875
21|2.1|636136521235741406|0|50341.46875|15.4550599914018|102.078115849039||||50341.46875|270.75|28825||||880842|AIQ3259|X|X|0|0|7||||132|5|0|0|[]|13:59:01:469
21|2.1|636136521235901422|0|50341.46875|15.4550599914018|102.078115849039||||50341.46875|270.75|28825||||880842|AIQ3259|X|X|0|0|7||||132|147|0|0|[]|13:59:01:469
21|2.1|636136521261323964|0|50344.015625|15.4512619834401|102.074704079175||||50344.015625|271.25|28850||||880842|AIQ3259|X|X|0|0|7||||132|163|0|0|[]|13:59:04:016
21|2.1|636136521277235555|0|50345.6171875|15.448880181837|102.072579769637||||50345.6171875|271.5|28900||||880842|AIQ3259|X|X|0|0|7||||132|5|0|0|[]|13:59:05:617
21|2.1|636136521277395571|0|50345.6171875|15.448880181837|102.072579769637||||50345.6171875|271.5|28900||||880842|AIQ3259|X|X|0|0|7||||132|147|0|0|[]|13:59:05:617
21|2.1|636136521303918223|0|50348.2890625|15.4449105124985|102.068974880724||||50348.2890625|272|28950||||880842|AIQ3259|X|X|0|0|7||||132|163|0|0|[]|13:59:08:289
21|2.1|636136521319989830|0|50349.8828125|15.4425716262396|102.066850571186||||50349.8828125|272.5|29000||||880842|AIQ3259|X|X|0|0|7||||132|147|0|0|[]|13:59:09:883
21|2.1|636136521324360267|0|50350.328125|15.4418849807324|102.066271214039||||50350.328125|272.5|29000||||880842|AIQ3259|X|X|0|0|7||||132|5|0|0|[]|13:59:10:328
21|2.1|636136521356483479|0|50353.53125|15.437078462182|102.061979679619||||50353.53125|273.25|29075||||880842|AIQ3259|X|X|0|0|7||||132|163|0|0|[]|13:59:13:531
21|2.1|636136521360393870|0|50353.9296875|15.4364776473632|102.061400322473||||50353.9296875|273.25|29075||||880842|AIQ3259|X|X|0|0|7||||132|147|0|0|[]|13:59:13:930
21|2.1|636136521366004431|0|50354.5|15.4356407981513|102.060627846277||||50354.5|273.25|29075||||880842|AIQ3259|X|X|0|0|7||||132|5|0|0|[]|13:59:14:500
21|2.1|636136521396737504|0|50357.5625|15.431070313994|102.056529430906||||50357.5625|274|29150||||880842|AIQ3259|X|X|0|0|7||||132|163|0|0|[]|13:59:17:563
21|2.1|636136521401888019|0|50358.0703125|15.4302978377984|102.055864243071||||50358.0703125|274|29150||||880842|AIQ3259|X|X|0|0|7||||132|147|0|0|[]|13:59:18:070
21|2.1|636136521406098440|0|50358.515625|15.4296541076354|102.05524197058||||50358.515625|274|29150||||880842|AIQ3259|X|X|0|0|7||||132|5|0|0|[]|13:59:18:516
21|2.1|636136521439021732|0|50361.796875|15.4247188430524|102.050843147799||||50361.796875|274.75|29225||||880842|AIQ3259|X|X|0|0|7||||132|163|0|0|[]|13:59:21:797
21|2.1|636136521444162246|0|50362.3125|15.4239249091847|102.05013504462||||50362.3125|274.75|29225||||880842|AIQ3259|X|X|0|0|7||||132|147|0|0|[]|13:59:22:313
21|2.1|636136521482546084|0|50366.1484375|15.4181742530619|102.044963745644||||50366.1484375|275.5|29325||||880842|AIQ3259|X|X|0|0|7||||132|163|0|0|[]|13:59:26:148
21|2.1|636136521487686598|0|50366.65625|15.4174017768663|102.044255642465||||50366.65625|275.5|29325||||880842|AIQ3259|X|X|0|0|7||||132|147|0|0|[]|13:59:26:656
21|2.1|636136521514989328|0|50369.3984375|15.413260446151|102.040543465191||||50369.3984375|276|29375||||880842|AIQ3259|X|X||0|7||||132|5|0|0|[]|13:59:29:398
21|2.1|636136521524350264|0|50370.328125|15.4118656974645|102.03929892021||||50370.328125|276.25|29400||||880842|AIQ3259|X|X|0|0|7||||132|163|0|0|[]|13:59:30:328
21|2.1|636136521529660795|0|50370.859375|15.4110717635968|102.038569359358||||50370.859375|276.25|29400||||880842|AIQ3259|X|X|0|0|7||||132|147|0|0|[]|13:59:30:859
21|2.1|636136521558513680|0|50373.75|15.4067158561605|102.034664063036||||50373.75|277|29500||||880842|AIQ3259|X|X|0|0|7||||132|5|0|0|[]|13:59:33:750
21|2.1|636136521567714600|0|50374.6484375|15.4053425651461|102.033419518054||||50374.6484375|277|29500||||880842|AIQ3259|X|X|0|0|7||||132|163|0|0|[]|13:59:34:648
21|2.1|636136521572245053|0|50375.1171875|15.4046559196389|102.032775787891||||50375.1171875|277.25|29500||||880842|AIQ3259|X|X|0|0|7||||132|147|0|0|[]|13:59:35:117
21|2.1|636136521601888017|0|50378.0859375|15.4001283508258|102.028784660881||||50378.0859375|277.75|29550||||880842|AIQ3259|X|X|0|0|7||||132|5|0|0|[]|13:59:38:086
21|2.1|636136521613269155|0|50379.21875|15.3984331947299|102.027239708489||||50379.21875|278|29575||||880842|AIQ3259|X|X|0|0|7||||132|147|0|0|[]|13:59:39:219
21|2.1|636136521613429171|0|50379.2265625|15.3984331947299|102.027239708489||||50379.2265625|278|29600||||880842|AIQ3259|X|X|0|0|7||||132|163|0|0|[]|13:59:39:227
21|2.1|636136521644782306|0|50382.375|15.3936695915237|102.022969631742||||50382.375|278.5|29650||||880842|AIQ3259|X|X||0|7||||132|5|0|0|[]|13:59:42:375
21|2.1|636136521653523180|0|50383.2421875|15.3922963005093|102.021746544432||||50383.2421875|278.75|29675||||880842|AIQ3259|X|X|0|0|7||||132|147|0|0|[]|13:59:43:242
21|2.1|636136521653523180|0|50383.2421875|15.3922963005093|102.021746544432||||50383.2421875|278.75|29675||||880842|AIQ3259|X|X|0|0|7||||132|163|0|0|[]|13:59:43:242
21|2.1|636136521687066534|0|50386.6015625|15.3872322898937|102.017176060275||||50386.6015625|279.25|29725||||880842|AIQ3259|X|X||0|7||||132|5|0|0|[]|13:59:46:602
21|2.1|636136521697047532|0|50387.59375|15.3857087951746|102.015824226932||||50387.59375|279.25|29750||||880842|AIQ3259|X|X|0|0|7||||132|147|0|0|[]|13:59:47:594
21|2.1|636136521702508078|0|50388.1328125|15.3848934036348|102.015094666081||||50388.1328125|279.5|29750||||880842|AIQ3259|X|X||0|7||||132|163|0|0|[]|13:59:48:133
21|2.1|636136521727940621|0|50390.6953125|15.3810095649847|102.011597065529||||50390.6953125|279.75|29800||||880842|AIQ3259|X|X|0|0|7||||132|5|0|0|[]|13:59:50:695
21|2.1|636136521738701697|0|50391.75|15.3794002395772|102.010137943826||||50391.75|279.75|29800||||880842|AIQ3259|X|X|0|0|7||||132|147|0|0|[]|13:59:51:750
21|2.1|636136521744322259|0|50392.328125|15.3785419326932|102.009386925302||||50392.328125|279.75|29800||||880842|AIQ3259|X|X|0|0|7||||132|163|0|0|[]|13:59:52:328
21|2.1|636136521768024629|0|50394.7109375|15.374851213092|102.006103901471||||50394.7109375|280|29825||||880842|AIQ3259|X|X|0|0|7||||132|5|0|0|[]|13:59:54:711
21|2.1|636136521779885815|0|50395.8828125|15.3730702263077|102.004494576063||||50395.8828125|280|29825||||880842|AIQ3259|X|X|0|0|7||||132|147|0|0|[]|13:59:55:883
21|2.1|636136521785036330|0|50396.3984375|15.3722977501121|102.00374355754||||50396.3984375|280|29825||||880842|AIQ3259|X|X|0|0|7||||132|163|0|0|[]|13:59:56:398
21|2.1|636136521809838810|0|50398.8671875|15.3684782844783|102.000353245348||||50398.8671875|280|29825||||880842|AIQ3259|X|X|0|0|7||||132|5|0|0|[]|13:59:58:867
21|2.1|636136521820759902|0|50399.9609375|15.3668045860545|101.998851208301||||50399.9609375|280|29825||||880842|AIQ3259|X|X|0|0|7||||132|147|0|0|[]|13:59:59:961
21|2.1|636136521836051431|0|50401.4921875|15.3644227844514|101.996683983419||||50401.4921875|280.25|29850||||880842|AIQ3259|X|X|0|0|7||||132|163|0|0|[]|14:00:01:492
21|2.1|636136521851652991|0|50403.0625|15.3619980675041|101.994516758537||||50403.0625|280.25|29850||||880842|AIQ3259|X|X|0|0|7||||132|5|0|0|[]|14:00:03:063
21|2.1|636136521865224348|0|50404.40625|15.3599166733104|101.992649941064||||50404.40625|280.25|29850||||880842|AIQ3259|X|X|0|0|7||||132|147|0|0|[]|14:00:04:406
21|2.1|636136521880355861|0|50405.9140625|15.3575992447236|101.990525631526||||50405.9140625|280.25|29850||||880842|AIQ3259|X|X||0|7||||132|163|0|0|[]|14:00:05:914
21|2.1|636136521893767202|0|50407.2734375|15.3554534775136|101.988637356382||||50407.2734375|280.25|29850||||880842|AIQ3259|X|X|0|0|7||||132|5|0|0|[]|14:00:07:273
21|2.1|636136521908898715|0|50408.7734375|15.3531145912547|101.986534504516||||50408.7734375|280.25|29850||||880842|AIQ3259|X|X|0|0|7||||132|147|0|0|[]|14:00:08:773
21|2.1|636136521924350260|0|50410.3125|15.3506898743074|101.984367279634||||50410.3125|280.25|29850||||880842|AIQ3259|X|X||0|7||||132|163|0|0|[]|14:00:10:313
21|2.1|636136521934331258|0|50411.3359375|15.3491449219162|101.982908157931||||50411.3359375|280.25|29850||||880842|AIQ3259|X|X|0|0|7||||132|5|0|0|[]|14:00:11:336
21|2.1|636136521949462771|0|50412.84375|15.346741662641|101.980783848393||||50412.84375|280.25|29850||||880842|AIQ3259|X|X|0|0|7||||132|147|0|0|[]|14:00:12:844
21|2.1|636136521965224347|0|50414.40625|15.3442740303495|101.978573708167||||50414.40625|280|29825||||880842|AIQ3259|X|X||0|7||||132|163|0|0|[]|14:00:14:406
21|2.1|636136521974735298|0|50415.3671875|15.3427719933025|101.977221874824||||50415.3671875|280|29825||||880842|AIQ3259|X|X|0|0|7||||132|5|0|0|[]|14:00:15:367
21|2.1|636136521991426967|0|50417.015625|15.3401756149784|101.974904446238||||50417.015625|280|29850||||880842|AIQ3259|X|X|0|0|7||||132|147|0|0|[]|14:00:17:016
21|2.1|636136522009218746|0|50418.8125|15.3373432022612|101.972350983258||||50418.8125|280|29850||||880842|AIQ3259|X|X||0|7||||132|163|0|0|[]|14:00:18:813
21|2.1|636136522017479572|0|50419.640625|15.3359913689189|101.97114935362||||50419.640625|280|29850||||880842|AIQ3259|X|X|0|0|7||||132|5|0|0|[]|14:00:19:641
21|2.1|636136522035421366|0|50421.4296875|15.3331589562017|101.96859589064||||50421.4296875|280|29850||||880842|AIQ3259|X|X|0|0|7||||132|147|0|0|[]|14:00:21:430
21|2.1|636136522055393363|0|50423.4296875|15.330004678403|101.965742020251||||50423.4296875|280|29850||||880842|AIQ3259|X|X|0|0|7||||132|163|0|0|[]|14:00:23:430
21|2.1|636136522061163940|0|50424.0078125|15.3290819985027|101.964926628711||||50424.0078125|280|29850||||880842|AIQ3259|X|X|0|0|7||||132|5|0|0|[]|14:00:24:008
21|2.1|636136522076295453|0|50425.5078125|15.3267001968996|101.962759403829||||50425.5078125|280|29850||||880842|AIQ3259|X|X||0|7||||132|147|0|0|[]|14:00:25:508
21|2.1|636136522097047528|0|50427.5859375|15.3233742577241|101.959776787407||||50427.5859375|280|29850||||880842|AIQ3259|X|X||0|7||||132|163|0|0|[]|14:00:27:586
21|2.1|636136522102038027|0|50428.1015625|15.3225374085122|101.959047226556||||50428.1015625|280|29850||||880842|AIQ3259|X|X|0|0|7||||132|5|0|0|[]|14:00:28:102
21|2.1|636136522118419665|0|50429.7265625|15.3199839455323|101.956729797969||||50429.7265625|280|29850||||880842|AIQ3259|X|X|0|0|7||||132|147|0|0|[]|14:00:29:727
21|2.1|636136522137761599|0|50431.6328125|15.316915498422|101.95398321594||||50431.6328125|280|29850||||880842|AIQ3259|X|X||0|7||||132|163|0|0|[]|14:00:31:633
21|2.1|636136522151492972|0|50433.046875|15.3146624428515|101.951944737091||||50433.046875|280|29850||||880842|AIQ3259|X|X|0|0|7||||132|5|0|0|[]|14:00:33:047
21|2.1|636136522161633986|0|50434.0546875|15.3130102020998|101.950528530732||||50434.0546875|280|29850||||880842|AIQ3259|X|X|0|0|7||||132|147|0|0|[]|14:00:34:055
21|2.1|636136522181135936|0|50436.0078125|15.3099202973174|101.947739033359||||50436.0078125|280|29850||||880842|AIQ3259|X|X||0|7||||132|163|0|0|[]|14:00:36:008
21|2.1|636136522195327355|0|50437.4375|15.3076243264027|101.945657639165||||50437.4375|280|29850||||880842|AIQ3259|X|X|0|0|7||||132|5|0|0|[]|14:00:37:438
21|2.1|636136522206868509|0|50438.5546875|15.3058218819463|101.944048313758||||50438.5546875|280|29850||||880842|AIQ3259|X|X||0|7||||132|147|0|0|[]|14:00:38:555
21|2.1|636136522235891411|0|50441.4921875|15.3011226517564|101.939821152354||||50441.4921875|280|29850||||880842|AIQ3259|X|X|0|0|7||||132|5|0|0|[]|14:00:41:492
21|2.1|636136522240571879|0|50441.9375|15.3004360062492|101.939198879863||||50441.9375|280|29850||||880842|AIQ3259|X|X|0|0|7||||132|163|0|0|[]|14:00:41:938
21|2.1|636136522251022924|0|50442.9921875|15.2987408501533|101.937675385144||||50442.9921875|280|29850||||880842|AIQ3259|X|X||0|7||||132|147|0|0|[]|14:00:42:992
21|2.1|636136522276925514|0|50445.578125|15.2945780617659|101.933941750199||||50445.578125|280|29850||||880842|AIQ3259|X|X|0|0|7||||132|5|0|0|[]|14:00:45:578
21|2.1|636136522281916013|0|50446.078125|15.293741212554|101.933233647019||||50446.078125|280|29850||||880842|AIQ3259|X|X|0|0|7||||132|163|0|0|[]|14:00:46:078
21|2.1|636136522292047026|0|50447.078125|15.2921748024907|101.931795982989||||50447.078125|280|29850||||880842|AIQ3259|X|X||0|7||||132|147|0|0|[]|14:00:47:078
21|2.1|636136522321069928|0|50450|15.2874755723008|101.927568821585||||50450|280|29850||||880842|AIQ3259|X|X|0|0|7||||132|5|0|0|[]|14:00:50:000
21|2.1|636136522326840505|0|50450.5703125|15.2865528924005|101.926731972373||||50450.5703125|280|29850||||880842|AIQ3259|X|X|0|0|7||||132|163|0|0|[]|14:00:50:570
21|2.1|636136522340411862|0|50451.921875|15.2844071251905|101.924800781884||||50451.921875|280|29850||||880842|AIQ3259|X|X|0|0|7||||132|147|0|0|[]|14:00:51:922
21|2.1|636136522372085029|0|50455.1015625|15.2792787415586|101.920208840055||||50455.1015625|280|29850||||880842|AIQ3259|X|X|0|0|7||||132|5|0|0|[]|14:00:55:102
21|2.1|636136522381125933|0|50456.0078125|15.2778196198558|101.918921379729||||50456.0078125|280|29850||||880842|AIQ3259|X|X||0|7||||132|163|0|0|[]|14:00:56:008
21|2.1|636136522444932313|0|50462.390625|15.2675413949199|101.909716038398||||50462.390625|280|29850||||880842|AIQ3259|X|X||0|7||||132|5|0|0|[]|14:01:02:391
21|2.1|636136522450862906|0|50462.9765625|15.2665972573475|101.908836273842||||50462.9765625|280|29850||||880842|AIQ3259|X|X|0|0|7||||132|147|0|0|[]|14:01:02:977
21|2.1|636136522461944014|0|50464.0859375|15.2647948128911|101.907269863778||||50464.0859375|280|29850||||880842|AIQ3259|X|X||0|7||||132|163|0|0|[]|14:01:04:086
21|2.1|636136522489246744|0|50466.8203125|15.2604389054548|101.903343109784||||50466.8203125|280|29850||||880842|AIQ3259|X|X|0|0|7||||132|5|0|0|[]|14:01:06:820
21|2.1|636136522503908210|0|50468.28125|15.2581000191959|101.901240257918||||50468.28125|280|29850||||880842|AIQ3259|X|X||0|7||||132|163|0|0|[]|14:01:08:281
21|2.1|636136522514049224|0|50469.2890625|15.2564906937884|101.899781136215||||50469.2890625|280|29850||||880842|AIQ3259|X|X||0|7||||132|147|0|0|[]|14:01:09:289
21|2.1|636136522529330752|0|50470.8203125|15.2540016038248|101.897549538317||||50470.8203125|280|29850||||880842|AIQ3259|X|X|0|0|7||||132|5|0|0|[]|14:01:10:820
21|2.1|636136522545402359|0|50472.421875|15.2514481408449|101.895253567402||||50472.421875|280|29850||||880842|AIQ3259|X|X|0|0|7||||132|163|0|0|[]|14:01:12:422
21|2.1|636136522555703389|0|50473.453125|15.2497959000932|101.893751530355||||50473.453125|280|29850||||880842|AIQ3259|X|X|0|0|7||||132|147|0|0|[]|14:01:13:453
21|2.1|636136522572865105|0|50475.1796875|15.2470278603923|101.891283898064||||50475.1796875|280|29850||||880842|AIQ3259|X|X|0|0|7||||132|5|0|0|[]|14:01:15:180
21|2.1|636136522588146633|0|50476.6953125|15.244603143445|101.889116673182||||50476.6953125|280|29850||||880842|AIQ3259|X|X||0|7||||132|163|0|0|[]|14:01:16:695
21|2.1|636136522598597678|0|50477.75|15.242886529677|101.887593178463||||50477.75|280|29850||||880842|AIQ3259|X|X|0|0|7||||132|147|0|0|[]|14:01:17:750
21|2.1|636136522614049223|0|50479.296875|15.2404188973855|101.885383038236||||50479.296875|280|29850||||880842|AIQ3259|X|X|0|0|7||||132|5|0|0|[]|14:01:19:297
21|2.1|636136522630120830|0|50480.8984375|15.2378868920777|101.883087067322||||50480.8984375|280|29850||||880842|AIQ3259|X|X|0|0|7||||132|163|0|0|[]|14:01:20:898
21|2.1|636136522640411859|0|50481.9375|15.2362131936539|101.881563572603||||50481.9375|280|29850||||880842|AIQ3259|X|X|0|0|7||||132|147|0|0|[]|14:01:21:938
21|2.1|636136522654453263|0|50483.34375|15.2339601380834|101.879546551425||||50483.34375|280|29850||||880842|AIQ3259|X|X|0|0|7||||132|5|0|0|[]|14:01:23:344
21|2.1|636136522680815899|0|50485.96875|15.2297544343518|101.875748543463||||50485.96875|280|29850||||880842|AIQ3259|X|X||0|7||||132|147|0|0|[]|14:01:25:969
21|2.1|636136522695957413|0|50487.5|15.2272868020603|101.873559860909||||50487.5|280|29850||||880842|AIQ3259|X|X|0|0|7||||132|5|0|0|[]|14:01:27:500
21|2.1|636136522723090126|0|50490.1953125|15.2229523522961|101.869654564587||||50490.1953125|280|29850||||880842|AIQ3259|X|X||0|7||||132|147|0|0|[]|14:01:30:195
21|2.1|636136522737451562|0|50491.640625|15.2206778390535|101.867594628065||||50491.640625|280|29850||||880842|AIQ3259|X|X|0|0|7||||132|5|0|0|[]|14:01:31:641
21|2.1|636136522766624479|0|50494.546875|15.2160215242078|101.863410382006||||50494.546875|280|29850||||880842|AIQ3259|X|X|0|0|7||||132|147|0|0|[]|14:01:34:547
21|2.1|636136522783156132|0|50496.2109375|15.2133607728674|101.861007122731||||50496.2109375|280|29850||||880842|AIQ3259|X|X|0|0|7||||132|5|0|0|[]|14:01:36:211
21|2.1|636136522808588675|0|50498.734375|15.2093052728405|101.857380776146||||50498.734375|280|29850||||880842|AIQ3259|X|X|0|0|7||||132|147|0|0|[]|14:01:38:734
21|2.1|636136522828710687|0|50500.765625|15.2060651643534|101.854483990412||||50500.765625|280|29850||||880842|AIQ3259|X|X||0|7||||132|5|0|0|[]|14:01:40:766
21|2.1|636136522851642980|0|50503.0546875|15.2023744447522|101.851158051237||||50503.0546875|280|29850||||880842|AIQ3259|X|X|0|0|7||||132|147|0|0|[]|14:01:43:055
21|2.1|636136522870524868|0|50504.953125|15.1993489129861|101.848454384552||||50504.953125|280|29850||||880842|AIQ3259|X|X||0|7||||132|5|0|0|[]|14:01:44:953
21|2.1|636136522897357551|0|50507.625|15.1950573785661|101.844613461246||||50507.625|280|29850||||880842|AIQ3259|X|X|0|0|7||||132|147|0|0|[]|14:01:47:625
21|2.1|636136522913269142|0|50509.2265625|15.1924824579141|101.84229603266||||50509.2265625|280|29850||||880842|AIQ3259|X|X||0|7||||132|5|0|0|[]|14:01:49:227
21|2.1|636136522933081123|0|50511.1875|15.1893281801154|101.839506535287||||50511.1875|280|29850||||880842|AIQ3259|X|X||0|7||||132|163|0|0|[]|14:01:51:188
21|2.1|636136522937601575|0|50511.6484375|15.188598619264|101.838819889779||||50511.6484375|280|29850||||880842|AIQ3259|X|X|0|0|7||||132|147|0|0|[]|14:01:51:648
21|2.1|636136522958353650|0|50513.7265625|15.1852512224164|101.835837273357||||50513.7265625|280|29850||||880842|AIQ3259|X|X||0|7||||132|5|0|0|[]|14:01:53:727
21|2.1|636136522981125927|0|50516|15.1816463335036|101.832554249526||||50516|280|29850||||880842|AIQ3259|X|X||0|7||||132|163|0|0|[]|14:01:56:000
21|2.1|636136522981125927|0|50516|15.1816463335036|101.832554249526||||50516|280|29850||||880842|AIQ3259|X|X|0|0|7||||132|147|0|0|[]|14:01:56:000
21|2.1|636136523001407955|0|50518.0234375|15.1784062250165|101.829678921465||||50518.0234375|280|29850||||880842|AIQ3259|X|X||0|7||||132|5|0|0|[]|14:01:58:023
21|2.1|636136523022620076|0|50520.1484375|15.1749515398084|101.826631932027||||50520.1484375|280|29850||||880842|AIQ3259|X|X||0|7||||132|163|0|0|[]|14:02:00:148
21|2.1|636136523022630077|0|50520.1484375|15.1749515398084|101.826631932027||||50520.1484375|280|29850||||880842|AIQ3259|X|X|0|0|7||||132|147|0|0|[]|14:02:00:148
21|2.1|636136523043062120|0|50522.203125|15.1716899736492|101.823692230949||||50522.203125|280|29850||||880842|AIQ3259|X|X|0|0|7||||132|5|0|0|[]|14:02:02:203
21|2.1|636136523063974211|0|50524.28125|15.1683425768016|101.820709614527||||50524.28125|280|29850||||880842|AIQ3259|X|X|0|0|7||||132|147|0|0|[]|14:02:04:281
21|2.1|636136523063974211|0|50524.28125|15.1683425768016|101.820709614527||||50524.28125|280|29850||||880842|AIQ3259|X|X||0|7||||132|163|0|0|[]|14:02:04:281
21|2.1|636136523088766690|0|50526.734375|15.1644372804794|101.81716909863||||50526.734375|280|29850||||880842|AIQ3259|X|X||0|7||||132|5|0|0|[]|14:02:06:734
21|2.1|636136523104688282|0|50528.3671875|15.161776529139|101.814808754699||||50528.3671875|280|29850||||880842|AIQ3259|X|X||0|7||||132|147|0|0|[]|14:02:08:367
21|2.1|636136523104838297|0|50528.3671875|15.161776529139|101.814808754699||||50528.3671875|280|29850||||880842|AIQ3259|X|X||0|7||||132|163|0|0|[]|14:02:08:367
21|2.1|636136523130890902|0|50530.984375|15.1576137407516|101.811075119754||||50530.984375|280|29850||||880842|AIQ3259|X|X||0|7||||132|5|0|0|[]|14:02:10:984
21|2.1|636136523149142727|0|50532.8046875|15.1547169550181|101.808435826086||||50532.8046875|280|29850||||880842|AIQ3259|X|X|0|0|7||||132|163|0|0|[]|14:02:12:805
21|2.1|636136523153513164|0|50533.234375|15.1539873941667|101.807835011267||||50533.234375|280|29850||||880842|AIQ3259|X|X|0|0|7||||132|147|0|0|[]|14:02:13:234
21|2.1|636136523173175130|0|50535.203125|15.1508760317122|101.80500259855||||50535.203125|280|29850||||880842|AIQ3259|X|X|0|0|7||||132|5|0|0|[]|14:02:15:203
21|2.1|636136523192987111|0|50537.1796875|15.1476788385693|101.802170185833||||50537.1796875|280|29850||||880842|AIQ3259|X|X|0|0|7||||132|163|0|0|[]|14:02:17:180
21|2.1|636136523198287641|0|50537.6953125|15.1468419893574|101.801440624981||||50537.6953125|280|29850||||880842|AIQ3259|X|X|0|0|7||||132|147|0|0|[]|14:02:17:695
21|2.1|636136523213889201|0|50539.2890625|15.1443314417217|101.799123196394||||50539.2890625|280|29850||||880842|AIQ3259|X|X|0|0|7||||132|5|0|0|[]|14:02:19:289
21|2.1|636136523233541166|0|50541.25|15.141177163923|101.796333699021||||50541.25|280|29850||||880842|AIQ3259|X|X|0|0|7||||132|163|0|0|[]|14:02:21:250
21|2.1|636136523239311743|0|50541.8125|15.1402973993669|101.795518307482||||50541.8125|280|29850||||880842|AIQ3259|X|X|0|0|7||||132|147|0|0|[]|14:02:21:813
21|2.1|636136523254293241|0|50543.3203125|15.1378726824196|101.793351082599||||50543.3203125|280|29850||||880842|AIQ3259|X|X|0|0|7||||132|5|0|0|[]|14:02:23:320
21|2.1|636136523275355347|0|50545.421875|15.1345467432441|101.790347008505||||50545.421875|280|29850||||880842|AIQ3259|X|X|0|0|7||||132|163|0|0|[]|14:02:25:422
21|2.1|636136523280195831|0|50545.8984375|15.1337528093764|101.78968182067||||50545.8984375|280|29850||||880842|AIQ3259|X|X||0|7||||132|147|0|0|[]|14:02:25:898
21|2.1|636136523301717983|0|50548.0390625|15.1303195818404|101.786591915888||||50548.0390625|280|29850||||880842|AIQ3259|X|X|0|0|7||||132|5|0|0|[]|14:02:28:039
21|2.1|636136523319509762|0|50549.8359375|15.1274871691232|101.784038452908||||50549.8359375|280|29850||||880842|AIQ3259|X|X||0|7||||132|163|0|0|[]|14:02:29:836
21|2.1|636136523323710182|0|50550.265625|15.1267790659439|101.783416180417||||50550.265625|280|29850||||880842|AIQ3259|X|X||0|7||||132|147|0|0|[]|14:02:30:266
21|2.1|636136523345242335|0|50552.4140625|15.1233243807358|101.780326275635||||50552.4140625|280|29850||||880842|AIQ3259|X|X|0|0|7||||132|5|0|0|[]|14:02:32:414
21|2.1|636136523365374348|0|50554.4140625|15.1201701029371|101.777493862918||||50554.4140625|280|29850||||880842|AIQ3259|X|X|0|0|7||||132|147|0|0|[]|14:02:34:414
21|2.1|636136523386116422|0|50556.5078125|15.1168227060895|101.774489788824||||50556.5078125|280|29850||||880842|AIQ3259|X|X|0|0|7||||132|5|0|0|[]|14:02:36:508
21|2.1|636136523406868497|0|50558.5703125|15.1135182245861|101.771550087746||||50558.5703125|280|29850||||880842|AIQ3259|X|X||0|7||||132|147|0|0|[]|14:02:38:570
21|2.1|636136523435581368|0|50561.4453125|15.1089048250846|101.767408757031||||50561.4453125|280|29850||||880842|AIQ3259|X|X||0|7||||132|5|0|0|[]|14:02:41:445
21|2.1|636136523450392849|0|50562.921875|15.1065659388257|101.765327362837||||50562.921875|280|29850||||880842|AIQ3259|X|X||0|7||||132|147|0|0|[]|14:02:42:922
21|2.1|636136523479405750|0|50565.8359375|15.1018881663079|101.761143116777||||50565.8359375|280|29850||||880842|AIQ3259|X|X|0|0|7||||132|5|0|0|[]|14:02:45:836
21|2.1|636136523490796889|0|50566.9609375|15.1001071795236|101.75953379137||||50566.9609375|280|29850||||880842|AIQ3259|X|X||0|7||||132|147|0|0|[]|14:02:46:961
21|2.1|636136523519969806|0|50569.890625|15.0954079493337|101.755328087638||||50569.890625|279.5|29825||||880842|AIQ3259|X|X|0|0|7||||132|5|0|0|[]|14:02:49:891
21|2.1|636136523535101319|0|50571.390625|15.0930261477306|101.7532037781||||50571.390625|279.25|29825||||880842|AIQ3259|X|X||0|7||||132|147|0|0|[]|14:02:51:391
21|2.1|636136523560843893|0|50573.984375|15.0889062746874|101.749534516171||||50573.984375|279|29800||||880842|AIQ3259|X|X|0|0|7||||132|5|0|0|[]|14:02:53:984
21|2.1|636136523570674876|0|50574.9453125|15.0874042376404|101.748161225157||||50574.9453125|279|29750||||880842|AIQ3259|X|X||0|7||||132|163|0|0|[]|14:02:54:945
21|2.1|636136523605148323|0|50578.40625|15.0819110735828|101.743247418246||||50578.40625|278.5|29750||||880842|AIQ3259|X|X||0|7||||132|5|0|0|[]|14:02:58:406
21|2.1|636136523619969805|0|50579.8828125|15.0795507296518|101.741166024052||||50579.8828125|278.25|29725||||880842|AIQ3259|X|X|0|0|7||||132|147|0|0|[]|14:02:59:883
21|2.1|636136523645862394|0|50582.4765625|15.075516687297|101.737518219795||||50582.4765625|278|29675||||880842|AIQ3259|X|X|0|0|7||||132|5|0|0|[]|14:03:02:477
21|2.1|636136523661153923|0|50584.0078125|15.0730919703497|101.735415367929||||50584.0078125|277.75|29675||||880842|AIQ3259|X|X|0|0|7||||132|147|0|0|[]|14:03:04:008
21|2.1|636136523661163924|0|50584.0078125|15.0730919703497|101.735415367929||||50584.0078125|277.75|29675||||880842|AIQ3259|X|X||0|7||||132|163|0|0|[]|14:03:04:008
21|2.1|636136523689706778|0|50586.8671875|15.0686287745529|101.731381325575||||50586.8671875|277.5|29625||||880842|AIQ3259|X|X|0|0|7||||132|5|0|0|[]|14:03:06:867
21|2.1|636136523704838291|0|50588.359375|15.0663113459661|101.729321389053||||50588.359375|277.25|29600||||880842|AIQ3259|X|X||0|7||||132|147|0|0|[]|14:03:08:359
21|2.1|636136523709358743|0|50588.8203125|15.0656032427868|101.728699116562||||50588.8203125|277.25|29600||||880842|AIQ3259|X|X||0|7||||132|163|0|0|[]|14:03:08:820
21|2.1|636136523734791286|0|50591.3828125|15.0616121157762|101.725158600666||||50591.3828125|276.75|29550||||880842|AIQ3259|X|X|0|0|7||||132|5|0|0|[]|14:03:11:383
21|2.1|636136523751792986|0|50593.0625|15.0590371951242|101.722798256735||||50593.0625|276.75|29550||||880842|AIQ3259|X|X|0|0|7||||132|163|0|0|[]|14:03:13:063
21|2.1|636136523756783485|0|50593.5625|15.0582647189286|101.7221330689||||50593.5625|276.5|29525||||880842|AIQ3259|X|X|0|0|7||||132|147|0|0|[]|14:03:13:563
21|2.1|636136523778625669|0|50595.75|15.0548958644089|101.719086079461||||50595.75|276.25|29500||||880842|AIQ3259|X|X||0|7||||132|5|0|0|[]|14:03:15:750
21|2.1|636136523798127619|0|50597.6953125|15.0518703326428|101.716382412777||||50597.6953125|276|29475||||880842|AIQ3259|X|X|0|0|7||||132|147|0|0|[]|14:03:17:695
21|2.1|636136523824180224|0|50600.3125|15.0478148326159|101.712798981536||||50600.3125|275.75|29425||||880842|AIQ3259|X|X||0|7||||132|5|0|0|[]|14:03:20:313
21|2.1|636136523839781784|0|50601.8515625|15.0454544886849|101.710653214326||||50601.8515625|275.5|29400||||880842|AIQ3259|X|X|0|0|7||||132|147|0|0|[]|14:03:21:852
21|2.1|636136523867084514|0|50604.6015625|15.0412702426254|101.706855206364||||50604.6015625|275.25|29375||||880842|AIQ3259|X|X||0|7||||132|5|0|0|[]|14:03:24:602
21|2.1|636136523882686074|0|50606.15625|15.0388669833502|101.704730896826||||50606.15625|275|29350||||880842|AIQ3259|X|X|0|0|7||||132|147|0|0|[]|14:03:26:156
21|2.1|636136523908738679|0|50608.7734375|15.0348329409954|101.701126007914||||50608.7734375|274.5|29300||||880842|AIQ3259|X|X|0|0|7||||132|5|0|0|[]|14:03:28:773
21|2.1|636136523924490254|0|50610.3359375|15.0324725970644|101.698958783032||||50610.3359375|274.25|29250||||880842|AIQ3259|X|X|0|0|7||||132|147|0|0|[]|14:03:30:336
21|2.1|636136523948832688|0|50612.78125|15.0286960467748|101.695632843856||||50612.78125|274|29250||||880842|AIQ3259|X|X|0|0|7||||132|5|0|0|[]|14:03:32:781
21|2.1|636136523964894294|0|50614.3671875|15.0262713298275|101.693465618974||||50614.3671875|273.5|29200||||880842|AIQ3259|X|X|0|0|7||||132|147|0|0|[]|14:03:34:367
21|2.1|636136523992977102|0|50617.1875|15.0219368800633|101.689603237996||||50617.1875|273|29125||||880842|AIQ3259|X|X|0|0|7||||132|5|0|0|[]|14:03:37:188
21|2.1|636136524007168521|0|50618.6015625|15.0197481975091|101.687629132163||||50618.6015625|272.75|29125||||880842|AIQ3259|X|X|0|0|7||||132|147|0|0|[]|14:03:38:602
21|2.1|636136524036661470|0|50621.5625|15.0152420863681|101.683573632136||||50621.5625|272|29025||||880842|AIQ3259|X|X|0|0|7||||132|5|0|0|[]|14:03:41:563
21|2.1|636136524050702874|0|50622.953125|15.0130963191581|101.681706814663||||50622.953125|271.5|29000||||880842|AIQ3259|X|X|0|0|7||||132|147|0|0|[]|14:03:42:953
21|2.1|636136524078155619|0|50625.703125|15.0088906154265|101.677930264374||||50625.703125|270.5|28900||||880842|AIQ3259|X|X|0|0|7||||132|5|0|0|[]|14:03:45:703
21|2.1|636136524101877991|0|50628.078125|15.0052213534974|101.674668698214||||50628.078125|269.75|28850||||880842|AIQ3259|X|X||0|7||||132|147|0|0|[]|14:03:48:078
21|2.1|636136524122150018|0|50630.109375|15.0021099910429|101.671922116186||||50630.109375|269|28750||||880842|AIQ3259|X|X|0|0|7||||132|5|0|0|[]|14:03:50:109
21|2.1|636136524145242327|0|50632.4140625|14.9986123904906|101.668746380715||||50632.4140625|268.25|28650||||880842|AIQ3259|X|X||0|7||||132|147|0|0|[]|14:03:52:414
21|2.1|636136524169884791|0|50634.890625|14.9948572978731|101.665377526195||||50634.890625|267.25|28575||||880842|AIQ3259|X|X|0|0|7||||132|5|0|0|[]|14:03:54:891
21|2.1|636136524187206523|0|50636.609375|14.9921965465327|101.663017182264||||50636.609375|266.75|28500||||880842|AIQ3259|X|X||0|7||||132|147|0|0|[]|14:03:56:609
21|2.1|636136524212789081|0|50639.1796875|14.9883341655547|101.659519581712||||50639.1796875|265.75|28425||||880842|AIQ3259|X|X|0|0|7||||132|5|0|0|[]|14:03:59:180
21|2.1|636136524231981000|0|50641.078125|14.9854373798212|101.656987576404||||50641.078125|265|28325||||880842|AIQ3259|X|X|0|0|7||||132|147|0|0|[]|14:04:01:078
21|2.1|636136524255223324|0|50643.4140625|14.9819183215968|101.653790383261||||50643.4140625|264.25|28250||||880842|AIQ3259|X|X|0|0|7||||132|5|0|0|[]|14:04:03:414
21|2.1|636136524275655367|0|50645.4453125|14.9788498744865|101.651043801232||||50645.4453125|263.5|28200||||880842|AIQ3259|X|X|0|0|7||||132|147|0|0|[]|14:04:05:445
21|2.1|636136524296097411|0|50647.5|14.975738512032|101.648254303859||||50647.5|262.75|28075||||880842|AIQ3259|X|X|0|0|7||||132|5|0|0|[]|14:04:07:500
21|2.1|636136524317939595|0|50649.671875|14.9724340305286|101.645314602782||||50649.671875|262|28000||||880842|AIQ3259|X|X|0|0|7||||132|147|0|0|[]|14:04:09:672
21|2.1|636136524336191420|0|50651.515625|14.9696874484998|101.64284697049||||50651.515625|261.25|27925||||880842|AIQ3259|X|X|0|0|7||||132|5|0|0|[]|14:04:11:516
21|2.1|636136524358343635|0|50653.6875|14.9664044246685|101.639928727084||||50653.6875|260.5|27850||||880842|AIQ3259|X|X|0|0|7||||132|147|0|0|[]|14:04:13:688
21|2.1|636136524377845585|0|50655.6796875|14.9634218082466|101.637267975744||||50655.6796875|259.75|27750||||880842|AIQ3259|X|X|0|0|7||||132|5|0|0|[]|14:04:15:680
21|2.1|636136524398287629|0|50657.7109375|14.9603962764805|101.634521393715||||50657.7109375|259|27675||||880842|AIQ3259|X|X||0|7||||132|147|0|0|[]|14:04:17:711
21|2.1|636136524419649765|0|50659.8671875|14.9571561679934|101.631624607982||||50659.8671875|258|27575||||880842|AIQ3259|X|X|0|0|7||||132|5|0|0|[]|14:04:19:867
21|2.1|636136524443052105|0|50662.1875|14.9536585674411|101.628534703199||||50662.1875|257.25|27500||||880842|AIQ3259|X|X||0|7||||132|147|0|0|[]|14:04:22:188
21|2.1|636136524461923992|0|50664.078125|14.9508261547239|101.626002697892||||50664.078125|256.5|27425||||880842|AIQ3259|X|X|0|0|7||||132|5|0|0|[]|14:04:24:078
21|2.1|636136524502488048|0|50668.140625|14.9447536335196|101.620595364522||||50668.140625|255|27275||||880842|AIQ3259|X|X|0|0|7||||132|5|0|0|[]|14:04:28:141
21|2.1|636136524517779577|0|50669.65625|14.9425005779491|101.618578343345||||50669.65625|254.25|27175||||880842|AIQ3259|X|X||0|7||||132|147|0|0|[]|14:04:29:656
21|2.1|636136524542892088|0|50672.171875|14.9387454853316|101.615209488825||||50672.171875|253.5|27100||||880842|AIQ3259|X|X|0|0|7||||132|5|0|0|[]|14:04:32:172
21|2.1|636136524559433742|0|50673.828125|14.9362778530401|101.613020806271||||50673.828125|252.75|27000||||880842|AIQ3259|X|X|0|0|7||||132|147|0|0|[]|14:04:33:828
21|2.1|636136524585486347|0|50676.4453125|14.9323725567179|101.609566121063||||50676.4453125|251.75|26900||||880842|AIQ3259|X|X|0|0|7||||132|5|0|0|[]|14:04:36:445
21|2.1|636136524623550153|0|50680.234375|14.9267506466277|101.604502110447||||50680.234375|250.5|26750||||880842|AIQ3259|X|X||0|7||||132|147|0|0|[]|14:04:40:234
21|2.1|636136524629170715|0|50680.8203125|14.9258494243995|101.603729634252||||50680.8203125|250.25|26725||||880842|AIQ3259|X|X|0|0|7||||132|5|0|0|[]|14:04:40:820
21|2.1|636136524665054303|0|50684.390625|14.9205493793908|101.59900894639||||50684.390625|249|26600||||880842|AIQ3259|X|X|0|0|7||||132|147|0|0|[]|14:04:44:391
21|2.1|636136524670194817|0|50684.90625|14.9197983608673|101.598322300883||||50684.90625|248.75|26575||||880842|AIQ3259|X|X|0|0|7||||132|5|0|0|[]|14:04:44:906
21|2.1|636136524705618359|0|50688.4375|14.914584146547|101.593665986037||||50688.4375|247.25|26400||||880842|AIQ3259|X|X||0|7||||132|147|0|0|[]|14:04:48:438
21|2.1|636136524714659263|0|50689.3671875|14.9132108555326|101.592464356399||||50689.3671875|247|26400||||880842|AIQ3259|X|X|0|0|7||||132|5|0|0|[]|14:04:49:367
21|2.1|636136524758493646|0|50693.734375|14.9067520962305|101.586670784932||||50693.734375|245.25|26200||||880842|AIQ3259|X|X|0|0|7||||132|5|0|0|[]|14:04:53:734
21|2.1|636136524798897686|0|50697.78125|14.9008083210588|101.581327824579||||50697.78125|243.75|26050||||880842|AIQ3259|X|X|0|0|7||||132|5|0|0|[]|14:04:57:781
21|2.1|636136524813879184|0|50699.2734375|14.8985981808325|101.57939663409||||50699.2734375|243.25|26000||||880842|AIQ3259|X|X||0|7||||132|147|0|0|[]|14:04:59:273
21|2.1|636136524844922288|0|50702.3828125|14.8940062390031|101.575319676391||||50702.3828125|242.25|25850||||880842|AIQ3259|X|X|0|0|7||||132|5|0|0|[]|14:05:02:383
21|2.1|636136524854593255|0|50703.34375|14.8926114903166|101.574053673737||||50703.34375|241.75|25800||||880842|AIQ3259|X|X|0|0|7||||132|147|0|0|[]|14:05:03:344
21|2.1|636136524889076703|0|50706.8046875|14.887547479701|101.569526104924||||50706.8046875|240.5|25675||||880842|AIQ3259|X|X|0|0|7||||132|5|0|0|[]|14:05:06:805
21|2.1|636136524895007296|0|50707.375|14.8867106304891|101.568753628729||||50707.375|240.5|25675||||880842|AIQ3259|X|X||0|7||||132|147|0|0|[]|14:05:07:375
21|2.1|636136524929940789|0|50710.8828125|14.8815822468572|101.564183144571||||50710.8828125|239|25525||||880842|AIQ3259|X|X|0|0|7||||132|5|0|0|[]|14:05:10:883
21|2.1|636136524935721367|0|50711.453125|14.8807453976453|101.56345358372||||50711.453125|239|25525||||880842|AIQ3259|X|X|0|0|7||||132|147|0|0|[]|14:05:11:453
21|2.1|636136524973785173|0|50715.2734375|14.8751664028993|101.558475403793||||50715.2734375|237.5|25375||||880842|AIQ3259|X|X|0|0|7||||132|5|0|0|[]|14:05:15:273
21|2.1|636136525018869681|0|50719.78125|14.8686218129088|101.552596001637||||50719.78125|236|25200||||880842|AIQ3259|X|X|0|0|7||||132|5|0|0|[]|14:05:19:781
21|2.1|636136525062704064|0|50724.15625|14.8622488842951|101.546909718531||||50724.15625|234.5|25025||||880842|AIQ3259|X|X||0|7||||132|5|0|0|[]|14:05:24:156
21|2.1|636136525108258619|0|50728.71875|14.8556184636162|101.541030316376||||50728.71875|232.5|24825||||880842|AIQ3259|X|X||0|7||||132|5|0|0|[]|14:05:28:719
21|2.1|636136525119339727|0|50729.8203125|14.8540091382087|101.539592652345||||50729.8203125|232|24825||||880842|AIQ3259|X|X||0|7||||132|147|0|0|[]|14:05:29:820
21|2.1|636136525151322925|0|50733.0078125|14.8493957387072|101.535494236974||||50733.0078125|231|24675||||880842|AIQ3259|X|X||0|7||||132|5|0|0|[]|14:05:33:008
21|2.1|636136525192967089|0|50737.1796875|14.8434090481913|101.530151276621||||50737.1796875|230|24525||||880842|AIQ3259|X|X||0|7||||132|5|0|0|[]|14:05:37:180
21|2.1|636136525232901082|0|50741.1796875|14.8376798497406|101.525001435317||||50741.1796875|229.25|24450||||880842|AIQ3259|X|X|0|0|7||||132|5|0|0|[]|14:05:41:180
21|2.1|636136525287046496|0|50746.59375|14.8299980031288|101.518177895589||||50746.59375|228.25|24325||||880842|AIQ3259|X|X|0|0|7||||132|5|0|0|[]|14:05:46:594
21|2.1|636136525330410832|0|50750.9296875|14.8239040242524|101.512749104548||||50750.9296875|227.75|24275||||880842|AIQ3259|X|X|0|0|7||||132|5|0|0|[]|14:05:50:930
21|2.1|636136525371604951|0|50755.046875|14.8181748258017|101.507599263244||||50755.046875|227.25|24225||||880842|AIQ3259|X|X|0|0|7||||132|5|0|0|[]|14:05:55:047
21|2.1|636136525414969287|0|50759.390625|14.8121881352858|101.502256302891||||50759.390625|226.75|24175||||880842|AIQ3259|X|X|0|0|7||||132|5|0|0|[]|14:05:59:391
21|2.1|636136525465514341|0|50764.4296875|14.8052787648696|101.496140866342||||50764.4296875|226|24075||||880842|AIQ3259|X|X|0|0|7||||132|5|0|0|[]|14:06:04:430
21|2.1|636136525505758365|0|50768.453125|14.7998499738283|101.491269974776||||50768.453125|225.25|24000||||880842|AIQ3259|X|X|0|0|7||||132|5|0|0|[]|14:06:08:453
21|2.1|636136525549132702|0|50772.8046875|14.7940134870171|101.486055760455||||50772.8046875|224.5|23925||||880842|AIQ3259|X|X|0|0|7||||132|5|0|0|[]|14:06:12:805
21|2.1|636136525590626851|0|50776.953125|14.7884774076153|101.4810990382||||50776.953125|224|23875||||880842|AIQ3259|X|X|0|0|7||||132|5|0|0|[]|14:06:16:953
21|2.1|636136525631970985|0|50781.0859375|14.7830271589019|101.476228146634||||50781.0859375|223.5|23825||||880842|AIQ3259|X|X|0|0|7||||132|5|0|0|[]|14:06:21:086
21|2.1|636136525672685056|0|50785.171875|14.777684198549|101.471464543427||||50785.171875|223|23750||||880842|AIQ3259|X|X|0|0|7||||132|5|0|0|[]|14:06:25:172
21|2.1|636136525717299517|0|50789.609375|14.7719335424262|101.466314702123||||50789.609375|222.25|23675||||880842|AIQ3259|X|X|0|0|7||||132|5|0|0|[]|14:06:29:609
21|2.1|636136525766134400|0|50794.5|14.7656249868288|101.460714249705||||50794.5|221.25|23575||||880842|AIQ3259|X|X|0|0|7||||132|5|0|0|[]|14:06:34:500
21|2.1|636136525807328519|0|50798.6171875|14.7603678571643|101.455993561843||||50798.6171875|220|23450||||880842|AIQ3259|X|X|0|0|7||||132|5|0|0|[]|14:06:38:617
21|2.1|636136525848192605|0|50802.7109375|14.755153642844|101.451315789325||||50802.7109375|219|23350||||880842|AIQ3259|X|X|0|0|7||||132|5|0|0|[]|14:06:42:711
21|2.1|636136525891726958|0|50807.0703125|14.749574648098|101.446401982415||||50807.0703125|217.75|23225||||880842|AIQ3259|X|X|0|0|7||||132|5|0|0|[]|14:06:47:070
21|2.1|636136525933221107|0|50811.21875|14.7442960607614|101.441702752225||||50811.21875|216.75|23100||||880842|AIQ3259|X|X|0|0|7||||132|5|0|0|[]|14:06:51:219
21|2.1|636136525974865271|0|50815.375|14.7390818464411|101.437003522035||||50815.375|215.75|22975||||880842|AIQ3259|X|X|0|0|7||||132|5|0|0|[]|14:06:55:375
21|2.1|636136526018389623|0|50819.7265625|14.7335886823835|101.432132630468||||50819.7265625|214.75|22875||||880842|AIQ3259|X|X|0|0|7||||132|5|0|0|[]|14:06:59:727
21|2.1|636136526058793663|0|50823.765625|14.7285032140958|101.427626519327||||50823.765625|213.75|22775||||880842|AIQ3259|X|X|0|0|7||||132|5|0|0|[]|14:07:03:766
21|2.1|636136526103108094|0|50828.1953125|14.7229885923661|101.422691254744||||50828.1953125|212.5|22650||||880842|AIQ3259|X|X|0|0|7||||132|5|0|0|[]|14:07:08:195
21|2.1|636136526143982181|0|50832.2890625|14.7178602087342|101.418163685931||||50832.2890625|211.25|22500||||880842|AIQ3259|X|X|0|0|7||||132|5|0|0|[]|14:07:12:289
21|2.1|636136526187976580|0|50836.6875|14.7124099600208|101.413292794364||||50836.6875|209.75|22350||||880842|AIQ3259|X|X|0|0|7||||132|5|0|0|[]|14:07:16:688
21|2.1|636136526229310713|0|50840.8125|14.707303034061|101.408722310207||||50840.8125|208.25|22200||||880842|AIQ3259|X|X||0|7||||132|5|0|0|[]|14:07:20:813
21|2.1|636136526272695051|0|50845.1640625|14.7018527853476|101.403894333984||||50845.1640625|206.75|22050||||880842|AIQ3259|X|X||0|7||||132|5|0|0|[]|14:07:25:164
21|2.1|636136526314029184|0|50849.296875|14.6967244017157|101.399366765171||||50849.296875|205.5|21900||||880842|AIQ3259|X|X|0|0|7||||132|5|0|0|[]|14:07:29:297
21|2.1|636136526355993380|0|50853.484375|14.6915101873954|101.394710450326||||50853.484375|204.25|21750||||880842|AIQ3259|X|X||0|7||||132|5|0|0|[]|14:07:33:484
21|2.1|636136526397327513|0|50857.6328125|14.6863388884193|101.390118508496||||50857.6328125|203|21600||||880842|AIQ3259|X|X|0|0|7||||132|5|0|0|[]|14:07:37:633
21|2.1|636136526440231803|0|50861.8984375|14.6810817587548|101.385397820634||||50861.8984375|201.75|21475||||880842|AIQ3259|X|X|0|0|7||||132|5|0|0|[]|14:07:41:898
21|2.1|636136526482195999|0|50866.1015625|14.6758675444345|101.380741505789||||50866.1015625|200.5|21350||||880842|AIQ3259|X|X|0|0|7||||132|5|0|0|[]|14:07:46:102
21|2.1|636136526527590538|0|50870.6484375|14.6702456343443|101.375720410517||||50870.6484375|199|21175||||880842|AIQ3259|X|X|0|0|7||||132|5|0|0|[]|14:07:50:648
21|2.1|636136526571124891|0|50875|14.6648383009751|101.370935349639||||50875|197.5|21025||||880842|AIQ3259|X|X|0|0|7||||132|5|0|0|[]|14:07:55:000
21|2.1|636136526614649243|0|50879.328125|14.6594738829501|101.366171746433||||50879.328125|196|20850||||880842|AIQ3259|X|X||0|7||||132|5|0|0|[]|14:07:59:328
21|2.1|636136526655523330|0|50883.453125|14.6543884146624|101.361622719947||||50883.453125|194.75|20725||||880842|AIQ3259|X|X||0|7||||132|5|0|0|[]|14:08:03:453
21|2.1|636136526699047682|0|50887.7890625|14.6490239966374|101.356837659069||||50887.7890625|193.25|20575||||880842|AIQ3259|X|X||0|7||||132|5|0|0|[]|14:08:07:789
21|2.1|636136526749432720|0|50892.8359375|14.6427798140563|101.351280121995||||50892.8359375|191.75|20400||||880842|AIQ3259|X|X||0|7||||132|5|0|0|[]|14:08:12:836
21|2.1|636136526789686745|0|50896.859375|14.6378445494733|101.346859841543||||50896.859375|191|20325||||880842|AIQ3259|X|X||0|7||||132|5|0|0|[]|14:08:16:859
21|2.1|636136526833211097|0|50901.2109375|14.6325015891204|101.342053322992||||50901.2109375|190|20200||||880842|AIQ3259|X|X||0|7||||132|5|0|0|[]|14:08:21:211
21|2.1|636136526874705246|0|50905.359375|14.6274161208327|101.337568669523||||50905.359375|189.25|20125||||880842|AIQ3259|X|X||0|7||||132|5|0|0|[]|14:08:25:359
21|2.1|636136526915899365|0|50909.4921875|14.6224379409055|101.333062558382||||50909.4921875|188.25|20000||||880842|AIQ3259|X|X||0|7||||132|5|0|0|[]|14:08:29:492
21|2.1|636136526960983873|0|50913.984375|14.6169876921921|101.32823458216||||50913.984375|187.25|19925||||880842|AIQ3259|X|X|0|0|7||||132|5|0|0|[]|14:08:33:984
21|2.1|636136527001227897|0|50918.015625|14.6121382582975|101.323921590068||||50918.015625|186|19800||||880842|AIQ3259|X|X|0|0|7||||132|5|0|0|[]|14:08:38:016
21|2.1|636136527044912265|0|50922.3828125|14.6068382132888|101.31924381755||||50922.3828125|184.5|19625||||880842|AIQ3259|X|X|0|0|7||||132|5|0|0|[]|14:08:42:383
21|2.1|636136527085626336|0|50926.4609375|14.6019029487058|101.314866452442||||50926.4609375|183.25|19475||||880842|AIQ3259|X|X|0|0|7||||132|5|0|0|[]|14:08:46:461
21|2.1|636136527127440517|0|50930.6328125|14.5968818534344|101.310424714317||||50930.6328125|182|19350||||880842|AIQ3259|X|X||0|7||||132|5|0|0|[]|14:08:50:633
21|2.1|636136527171584931|0|50935.0390625|14.5915818084257|101.305682568783||||50935.0390625|181|19250||||880842|AIQ3259|X|X|0|0|7||||132|5|0|0|[]|14:08:55:039
21|2.1|636136527212309003|0|50939.125|14.5867323745311|101.301369576691||||50939.125|180.25|19150||||880842|AIQ3259|X|X|0|0|7||||132|5|0|0|[]|14:08:59:125
21|2.1|636136527254423214|0|50943.3359375|14.5816898215876|101.296884923222||||50943.3359375|179.25|19050||||880842|AIQ3259|X|X|0|0|7||||132|5|0|0|[]|14:09:03:336
21|2.1|636136527297797551|0|50947.6640625|14.5765614379557|101.292335896737||||50947.6640625|178.25|18925||||880842|AIQ3259|X|X|0|0|7||||132|5|0|0|[]|14:09:07:664
21|2.1|636136527342722043|0|50952.171875|14.571261392947|101.287593751202||||50952.171875|177.25|18825||||880842|AIQ3259|X|X|0|0|7||||132|5|0|0|[]|14:09:12:172
21|2.1|636136527387186489|0|50956.6015625|14.5660471786267|101.282958894029||||50956.6015625|176|18700||||880842|AIQ3259|X|X|0|0|7||||132|5|0|0|[]|14:09:16:602
21|2.1|636136527428060576|0|50960.6953125|14.5612621177484|101.278710274953||||50960.6953125|175|18600||||880842|AIQ3259|X|X|0|0|7||||132|5|0|0|[]|14:09:20:695
21|2.1|636136527472054975|0|50965.09375|14.5560908187723|101.274139790796||||50965.09375|173.75|18450||||880842|AIQ3259|X|X|0|0|7||||132|5|0|0|[]|14:09:25:094
21|2.1|636136527513239093|0|50969.21875|14.5512628425498|101.269848256376||||50969.21875|172.5|18325||||880842|AIQ3259|X|X|0|0|7||||132|5|0|0|[]|14:09:29:219
21|2.1|636136527556763445|0|50973.5703125|14.5461773742621|101.265299229891||||50973.5703125|171|18175||||880842|AIQ3259|X|X|0|0|7||||132|5|0|0|[]|14:09:33:570
21|2.1|636136527598107579|0|50977.6953125|14.5413279403675|101.260986237798||||50977.6953125|169.75|18025||||880842|AIQ3259|X|X||0|7||||132|5|0|0|[]|14:09:37:695
21|2.1|636136527639911759|0|50981.890625|14.5364141334566|101.256587415018||||50981.890625|168.5|17900||||880842|AIQ3259|X|X|0|0|7||||132|5|0|0|[]|14:09:41:891
21|2.1|636136527681415909|0|50986.03125|14.531564699562|101.252274422926||||50986.03125|167.25|17775||||880842|AIQ3259|X|X||0|7||||132|5|0|0|[]|14:09:46:031
21|2.1|636136527724160183|0|50990.3046875|14.5265221466185|101.247832684801||||50990.3046875|166|17625||||880842|AIQ3259|X|X||0|7||||132|5|0|0|[]|14:09:50:305
21|2.1|636136527766124379|0|50994.5078125|14.5216083397076|101.243455319693||||50994.5078125|164.75|17500||||880842|AIQ3259|X|X|0|0|7||||132|5|0|0|[]|14:09:54:508
21|2.1|636136527806528419|0|50998.546875|14.5168876518456|101.239249615961||||50998.546875|163.75|17375||||880842|AIQ3259|X|X||0|7||||132|5|0|0|[]|14:09:58:547
21|2.1|636136527850522818|0|51002.953125|14.5119309295905|101.234464555083||||51002.953125|162.5|17275||||880842|AIQ3259|X|X|0|0|7||||132|5|0|0|[]|14:10:02:953
21|2.1|636136527893267092|0|51007.21875|14.5076393951705|101.229400544467||||51007.21875|161.5|17150||||880842|AIQ3259|X|X|0|0|7||||132|5|0|0|[]|14:10:07:219
21|2.1|636136527935241289|0|51011.4140625|14.5038199295367|101.224100499459||||51011.4140625|160.75|17050||||880842|AIQ3259|X|X||0|7||||132|5|0|0|[]|14:10:11:414
21|2.1|636136527978755640|0|51015.765625|14.500451075017|101.218264012647||||51015.765625|159.75|16950||||880842|AIQ3259|X|X||0|7||||132|5|0|0|[]|14:10:15:766
21|2.1|636136528022129977|0|51020.09375|14.4977474083324|101.212170033771||||51020.09375|159|16875||||880842|AIQ3259|X|X||0|6||||132|5|0|0|[]|14:10:20:094
21|2.1|636136528065024266|0|51024.390625|14.4956660141387|101.205861478174||||51024.390625|158.25|16775||||880842|AIQ3259|X|X||0|6||||132|5|0|0|[]|14:10:24:391
21|2.1|636136528107308494|0|51028.6171875|14.4943141807964|101.199510007232||||51028.6171875|157.5|16700||||880842|AIQ3259|X|X|0|0|6||||132|5|0|0|[]|14:10:28:617
21|2.1|636136528148172580|0|51032.7109375|14.4931983818472|101.193330197667||||51032.7109375|156.75|16625||||880842|AIQ3259|X|X||0|7||||132|5|0|0|[]|14:10:32:711
21|2.1|636136528194357198|0|51037.3125|14.4920182098817|101.186442284923||||51037.3125|155.5|16475||||880842|AIQ3259|X|X|0|0|7||||132|5|0|0|[]|14:10:37:313
21|2.1|636136528235701332|0|51041.453125|14.491009699293|101.180241017686||||51041.453125|154.5|16400||||880842|AIQ3259|X|X||0|7||||132|5|0|0|[]|14:10:41:453
21|2.1|636136528276415403|0|51045.5390625|14.4900441040485|101.17414703881||||51045.5390625|153.25|16250||||880842|AIQ3259|X|X||0|7||||132|5|0|0|[]|14:10:45:539
21|2.1|636136528318229584|0|51049.71875|14.4890999664761|101.167838483212||||51049.71875|152|16125||||880842|AIQ3259|X|X|0|0|7||||132|5|0|0|[]|14:10:49:719
21|2.1|636136528358943655|0|51053.7734375|14.4881343712316|101.161723046664||||51053.7734375|151|16025||||880842|AIQ3259|X|X||0|7||||132|5|0|0|[]|14:10:53:773
21|2.1|636136528399827743|0|51057.859375|14.4871687759871|101.155564694771||||51057.859375|150|15875||||880842|AIQ3259|X|X|0|0|7||||132|5|0|0|[]|14:10:57:859
21|2.1|636136528442402000|0|51062.125|14.4862031807426|101.149234681502||||51062.125|149.5|15825||||880842|AIQ3259|X|X|0|0|7||||132|5|0|0|[]|14:11:02:125
21|2.1|636136528485926352|0|51066.4765625|14.4851946701539|101.142797379872||||51066.4765625|149|15775||||880842|AIQ3259|X|X|0|0|7||||132|5|0|0|[]|14:11:06:477
