21|2.1|636136524434471247|0|50661.328125|4.5630598027534|100.805332570755||||50661.328125|319.75|34125||||880848|AIQ316|X|X|0|0|8||||132|51|0|0|[]|14:04:21:328
21|2.1|636136524477065506|0|50665.578125|4.5717072446097|100.803122430529||||50665.578125|320.75|34225||||880848|AIQ316|2145|X|0|0|8||||132|51|0|0|[]|14:04:25:578
21|2.1|636136524522300029|0|50670.1171875|4.5808267552522|100.800740628926||||50670.1171875|322|34350||||880848|AIQ316|2145|X|0|0|8||||132|51|0|0|[]|14:04:30:117
21|2.1|636136524564584257|0|50674.34375|4.5894098240922|100.798573404043||||50674.34375|323|34475||||880848|AIQ316|2145|X||0|8||||132|51|0|0|[]|14:04:34:344
21|2.1|636136524608258624|0|50678.6953125|4.5981430966369|100.796298890801||||50678.6953125|324|34575||||880848|AIQ316|2145|X||0|8||||132|51|0|0|[]|14:04:38:695
21|2.1|636136524650072805|0|50682.8828125|4.6065115887559|100.794153123591||||50682.8828125|325.25|34725||||880848|AIQ316|2145|X||0|8||||132|51|0|0|[]|14:04:42:883
21|2.1|636136524693287126|0|50687.203125|4.6151804882843|100.791921525692||||50687.203125|326.25|34825||||880848|AIQ316|2145|X||0|8||||132|51|0|0|[]|14:04:47:203
21|2.1|636136524738991696|0|50691.7734375|4.6243214565989|100.789561181761||||50691.7734375|327.5|34950||||880848|AIQ316|2145|X|0|0|8||||132|51|0|0|[]|14:04:51:773
21|2.1|636136524779245721|0|50695.796875|4.6323251682922|100.787522702912||||50695.796875|328.5|35075||||880848|AIQ316|2145|X|0|0|8||||132|51|0|0|[]|14:04:55:797
21|2.1|636136524822770073|0|50700.1484375|4.6409296948043|100.785312562686||||50700.1484375|329.5|35175||||880848|AIQ316|2145|X|0|0|8||||132|51|0|0|[]|14:05:00:148
21|2.1|636136524864264222|0|50704.296875|4.6491908985628|100.783166795476||||50704.296875|330.5|35275||||880848|AIQ316|2145|X|0|0|8||||132|51|0|0|[]|14:05:04:297
21|2.1|636136524910758871|0|50708.9609375|4.6583962398937|100.780806451545||||50708.9609375|331.75|35400||||880848|AIQ316|2145|X|0|0|8||||132|51|0|0|[]|14:05:08:961
21|2.1|636136524955843379|0|50713.4609375|4.6672797161431|100.778531938302||||50713.4609375|333|35550||||880848|AIQ316|2145|X|0|0|8||||132|51|0|0|[]|14:05:13:461
21|2.1|636136525000617856|0|50717.9453125|4.6760773617041|100.776257425059||||50717.9453125|334|35650||||880848|AIQ316|2145|X||0|8||||132|51|0|0|[]|14:05:17:945
21|2.1|636136525045072301|0|50722.390625|4.6847891765767|100.774004369489||||50722.390625|335|35750||||880848|AIQ316|2145|X|0|0|8||||132|51|0|0|[]|14:05:22:391
21|2.1|636136525085486342|0|50726.4375|4.6927285152537|100.771944432967||||50726.4375|336|35850||||880848|AIQ316|2145|X|0|0|8||||132|51|0|0|[]|14:05:26:438
21|2.1|636136525126670460|0|50730.5390625|4.700732226947|100.769863038774||||50730.5390625|337|35950||||880848|AIQ316|2145|X|0|0|8||||132|51|0|0|[]|14:05:30:539
21|2.1|636136525169414734|0|50734.8203125|4.709100719066|100.767717271564||||50734.8203125|338|36050||||880848|AIQ316|2145|X|0|0|8||||132|51|0|0|[]|14:05:34:820
21|2.1|636136525212159008|0|50739.1015625|4.7174477535129|100.765571504354||||50739.1015625|338.75|36150||||880848|AIQ316|2145|X|0|0|8||||132|51|0|0|[]|14:05:39:102
21|2.1|636136525253193111|0|50743.203125|4.725408549862|100.763533025504||||50743.203125|339.75|36250||||880848|AIQ316|2145|X|0|0|8||||132|51|0|0|[]|14:05:43:203
21|2.1|636136525297647556|0|50747.65625|4.7340345340462|100.761301427606||||50747.65625|340.75|36375||||880848|AIQ316|2145|X|0|0|8||||132|51|0|0|[]|14:05:47:656
21|2.1|636136525341801971|0|50752.0625|4.7425961452141|100.759112745052||||50752.0625|341.75|36475||||880848|AIQ316|2145|X|0|0|8||||132|51|0|0|[]|14:05:52:063
21|2.1|636136525382045995|0|50756.078125|4.7503852801864|100.757138639218||||50756.078125|342.5|36550||||880848|AIQ316|2145|X|0|0|8||||132|51|0|0|[]|14:05:56:078
21|2.1|636136525423390129|0|50760.2265625|4.7583675342076|100.755057245025||||50760.2265625|343.5|36650||||880848|AIQ316|2145|X|0|0|8||||132|51|0|0|[]|14:06:00:227
21|2.1|636136525465974387|0|50764.484375|4.766607280294|100.752954393159||||50764.484375|344.5|36750||||880848|AIQ316|2145|X|0|0|8||||132|51|0|0|[]|14:06:04:484
21|2.1|636136525506848474|0|50768.5703125|4.7744822459547|100.750958829654||||50768.5703125|345.25|36850||||880848|AIQ316|2145|X|0|0|8||||132|51|0|0|[]|14:06:08:570
21|2.1|636136525551002889|0|50772.9765625|4.7829365687621|100.748770147099||||50772.9765625|346|36925||||880848|AIQ316|2145|X||0|8||||132|51|0|0|[]|14:06:12:977
21|2.1|636136525598587647|0|50777.734375|4.7920775370767|100.74643126084||||50777.734375|347|37025||||880848|AIQ316|2145|X||0|8||||132|51|0|0|[]|14:06:17:734
21|2.1|636136525645702358|0|50782.4453125|4.801154132375|100.744113832254||||50782.4453125|347.75|37100||||880848|AIQ316|2145|X|0|0|8||||132|51|0|0|[]|14:06:22:445
21|2.1|636136525687196507|0|50786.6015625|4.8091363863962|100.74203243806||||50786.6015625|348.25|37150||||880848|AIQ316|2145|X||0|8||||132|51|0|0|[]|14:06:26:602
21|2.1|636136525729800767|0|50790.8671875|4.8173117594663|100.739929586194||||50790.8671875|349|37225||||880848|AIQ316|2145|X||0|8||||132|51|0|0|[]|14:06:30:867
21|2.1|636136525770354822|0|50794.9140625|4.8251008944386|100.737934022689||||50794.9140625|349.75|37325||||880848|AIQ316|2145|X|0|0|8||||132|51|0|0|[]|14:06:34:914
21|2.1|636136525811848971|0|50799.0703125|4.8330616907877|100.735874086167||||50799.0703125|350.5|37400||||880848|AIQ316|2145|X|0|0|8||||132|51|0|0|[]|14:06:39:070
21|2.1|636136525854283214|0|50803.3125|4.8411941485136|100.733792691974||||50803.3125|351|37450||||880848|AIQ316|2145|X|0|0|8||||132|51|0|0|[]|14:06:43:313
21|2.1|636136525897797565|0|50807.65625|4.8494768099442|100.731604009419||||50807.65625|351.75|37525||||880848|AIQ316|2145|X|0|0|8||||132|51|0|0|[]|14:06:47:656
21|2.1|636136525939761761|0|50811.8515625|4.857587809998|100.72956553057||||50811.8515625|352.5|37600||||880848|AIQ316|2145|X|0|0|8||||132|51|0|0|[]|14:06:51:852
21|2.1|636136525982356020|0|50816.1171875|4.865741725396|100.727441221032||||50816.1171875|353.25|37675||||880848|AIQ316|2145|X|0|0|8||||132|51|0|0|[]|14:06:56:117
21|2.1|636136526023380122|0|50820.21875|4.8735308603683|100.725402742182||||50820.21875|354|37775||||880848|AIQ316|2145|X|0|0|8||||132|51|0|0|[]|14:07:00:219
21|2.1|636136526063644148|0|50824.2421875|4.8812341646522|100.723450094021||||50824.2421875|354.75|37850||||880848|AIQ316|2145|X|0|0|8||||132|51|0|0|[]|14:07:04:242
21|2.1|636136526107168500|0|50828.59375|4.8895168260828|100.721304326811||||50828.59375|355.5|37925||||880848|AIQ316|2145|X|0|0|8||||132|51|0|0|[]|14:07:08:594
21|2.1|636136526148662649|0|50832.7421875|4.8974347070877|100.719308763306||||50832.7421875|356.25|38000||||880848|AIQ316|2145|X|0|0|8||||132|51|0|0|[]|14:07:12:742
21|2.1|636136526189996782|0|50836.875|4.9053096727484|100.717248826784||||50836.875|357|38075||||880848|AIQ316|2145|X|0|0|8||||132|51|0|0|[]|14:07:16:875
21|2.1|636136526230870869|0|50840.96875|4.9130773500486|100.715296178623||||50840.96875|357.5|38125||||880848|AIQ316|2145|X|0|0|8||||132|51|0|0|[]|14:07:20:969
21|2.1|636136526275335315|0|50845.40625|4.9215531305281|100.713086038397||||50845.40625|358.25|38225||||880848|AIQ316|2145|X|0|0|8||||132|51|0|0|[]|14:07:25:406
21|2.1|636136526319019683|0|50849.78125|4.9298787073029|100.710961728859||||50849.78125|359|38300||||880848|AIQ316|2145|X|0|0|8||||132|51|0|0|[]|14:07:29:781
21|2.1|636136526359893770|0|50853.859375|4.9376463846031|100.708966165354||||50853.859375|359.5|38350||||880848|AIQ316|2145|X|0|0|8||||132|51|0|0|[]|14:07:33:859
21|2.1|636136526401547935|0|50858.03125|4.945564265608|100.706927686504||||50858.03125|359.75|38375||||880848|AIQ316|2145|X|0|0|8||||132|51|0|0|[]|14:07:38:031
21|2.1|636136526445692349|0|50862.4453125|4.9540185884154|100.704781919294||||50862.4453125|360|38400||||880848|AIQ316|2145|X|0|0|8||||132|51|0|0|[]|14:07:42:445
21|2.1|636136526486416421|0|50866.53125|4.9618291810598|100.702786355789||||50866.53125|360|38400||||880848|AIQ316|2145|X|0|0|8||||132|51|0|0|[]|14:07:46:531
21|2.1|636136526528690648|0|50870.7421875|4.9698972657694|100.700683503923||||50870.7421875|360|38400||||880848|AIQ316|2145|X|0|0|8||||132|51|0|0|[]|14:07:50:742
21|2.1|636136526572054984|0|50875.0703125|4.9782657578884|100.698494821369||||50875.0703125|360.25|38425||||880848|AIQ316|2145|X|0|0|8||||132|51|0|0|[]|14:07:55:070
21|2.1|636136526616989477|0|50879.5703125|4.9869561150889|100.696284681143||||50879.5703125|360|38425||||880848|AIQ316|2145|X|0|0|8||||132|51|0|0|[]|14:07:59:570
21|2.1|636136526661293907|0|50884.0078125|4.995560641601|100.694053083244||||50884.0078125|360|38425||||880848|AIQ316|2145|X|0|0|8||||132|51|0|0|[]|14:08:04:008
21|2.1|636136526702167994|0|50888.09375|5.0035214379501|100.692014604395||||50888.09375|360|38425||||880848|AIQ316|2145|X|0|0|8||||132|51|0|0|[]|14:08:08:094
21|2.1|636136526746162393|0|50892.5|5.0121474221343|100.689847379513||||50892.5|360|38425||||880848|AIQ316|2145|X|0|0|8||||132|51|0|0|[]|14:08:12:500
21|2.1|636136526787506527|0|50896.6328125|5.0201940491718|100.687744527647||||50896.6328125|360|38425||||880848|AIQ316|2145|X|0|0|8||||132|51|0|0|[]|14:08:16:633
21|2.1|636136526831030879|0|50900.984375|5.0286698296513|100.685512929749||||50900.984375|360|38425||||880848|AIQ316|2145|X|0|0|8||||132|51|0|0|[]|14:08:20:984
21|2.1|636136526872365012|0|50905.1171875|5.0367808297051|100.683410077883||||50905.1171875|360|38425||||880848|AIQ316|2145|X|0|0|8||||132|51|0|0|[]|14:08:25:117
21|2.1|636136526914179193|0|50909.3046875|5.0449562027752|100.681307226017||||50909.3046875|360|38425||||880848|AIQ316|2145|X|0|0|8||||132|51|0|0|[]|14:08:29:305
21|2.1|636136526955673342|0|50913.4453125|5.053067202829|100.679225831823||||50913.4453125|360|38425||||880848|AIQ316|2145|X|0|0|8||||132|51|0|0|[]|14:08:33:445
21|2.1|636136526998417616|0|50917.71875|5.0613927796038|100.677058606941||||50917.71875|360|38425||||880848|AIQ316|2145|X|0|0|8||||132|51|0|0|[]|14:08:37:719
21|2.1|636136527040391813|0|50921.921875|5.0696325256902|100.674912839731||||50921.921875|360|38425||||880848|AIQ316|2145|X|0|0|8||||132|51|0|0|[]|14:08:41:922
21|2.1|636136527080805854|0|50925.9609375|5.0775074913509|100.672895818554||||50925.9609375|360|38425||||880848|AIQ316|2145|X|0|0|8||||132|51|0|0|[]|14:08:45:961
21|2.1|636136527124780251|0|50930.3671875|5.086112017863|100.670707136||||50930.3671875|360|38425||||880848|AIQ316|2145|X|0|0|8||||132|51|0|0|[]|14:08:50:367
21|2.1|636136527167684541|0|50934.6484375|5.0945019676541|100.668518453445||||50934.6484375|360|38425||||880848|AIQ316|2145|X|0|0|8||||132|51|0|0|[]|14:08:54:648
21|2.1|636136527209658738|0|50938.8515625|5.1026987983963|100.66641560158||||50938.8515625|360|38425||||880848|AIQ316|2145|X|0|0|8||||132|51|0|0|[]|14:08:58:852
21|2.1|636136527253173089|0|50943.203125|5.1111531212037|100.664226919025||||50943.203125|360|38425||||880848|AIQ316|2145|X|0|0|8||||132|51|0|0|[]|14:09:03:203
21|2.1|636136527296547426|0|50947.53125|5.119585986339|100.662038236471||||50947.53125|360|38425||||880848|AIQ316|2145|X|0|0|8||||132|51|0|0|[]|14:09:07:531
21|2.1|636136527339451716|0|50951.8203125|5.1279115631138|100.659913926933||||50951.8203125|360|38425||||880848|AIQ316|2145|X|0|0|8||||132|51|0|0|[]|14:09:11:820
21|2.1|636136527381885959|0|50956.0625|5.1361513092002|100.657789617395||||50956.0625|360|38425||||880848|AIQ316|2145|X|0|0|8||||132|51|0|0|[]|14:09:16:063
21|2.1|636136527422760046|0|50960.15625|5.1440691902051|100.655751138546||||50960.15625|360|38425||||880848|AIQ316|2145|X|0|0|8||||132|51|0|0|[]|14:09:20:156
21|2.1|636136527463004070|0|50964.171875|5.1518368675053|100.653755575041||||50964.171875|360|38425||||880848|AIQ316|2145|X|0|0|8||||132|51|0|0|[]|14:09:24:172
21|2.1|636136527504508220|0|50968.328125|5.1599049522149|100.651674180847||||50968.328125|360|38425||||880848|AIQ316|2145|X|0|0|8||||132|51|0|0|[]|14:09:28:328
21|2.1|636136527546622431|0|50972.53125|5.1680159522687|100.649571328981||||50972.53125|360|38425||||880848|AIQ316|2145|X|0|0|8||||132|51|0|0|[]|14:09:32:531
21|2.1|636136527588746643|0|50976.7421875|5.1761698676667|100.647468477115||||50976.7421875|360|38425||||880848|AIQ316|2145|X|0|0|8||||132|51|0|0|[]|14:09:36:742
21|2.1|636136527629300698|0|50980.8046875|5.1839804603111|100.64547291361||||50980.8046875|360|38425||||880848|AIQ316|2145|X|0|0|8||||132|51|0|0|[]|14:09:40:805
21|2.1|636136527669564724|0|50984.8359375|5.1918125106276|100.64343443476||||50984.8359375|360|38425||||880848|AIQ316|2145|X|0|0|8||||132|51|0|0|[]|14:09:44:836
21|2.1|636136527712298997|0|50989.109375|5.2000093413698|100.641331582895||||50989.109375|360|38425||||880848|AIQ316|2145|X|0|0|8||||132|51|0|0|[]|14:09:49:109
21|2.1|636136527756133380|0|50993.4921875|5.2085065795214|100.639121442668||||50993.4921875|360|38425||||880848|AIQ316|2145|X|0|0|8||||132|51|0|0|[]|14:09:53:492
21|2.1|636136527797007467|0|50997.5859375|5.21636008751|100.637082963819||||50997.5859375|360|38425||||880848|AIQ316|2145|X|0|0|8||||132|51|0|0|[]|14:09:57:586
21|2.1|636136527841791945|0|51002.046875|5.2249860716942|100.634915738937||||51002.046875|360|38425||||880848|AIQ316|2145|X|0|0|8||||132|51|0|0|[]|14:10:02:047
21|2.1|636136527885306296|0|51006.40625|5.2333760214853|100.632727056383||||51006.40625|360|38425||||880848|AIQ316|2145|X|0|0|8||||132|51|0|0|[]|14:10:06:406
21|2.1|636136527925880353|0|51010.4609375|5.2412080718018|100.630710035205||||51010.4609375|360|38425||||880848|AIQ316|2145|X|0|0|8||||132|51|0|0|[]|14:10:10:461
21|2.1|636136527966114376|0|51014.4921875|5.2489972067741|100.6287144717||||51014.4921875|360|38425||||880848|AIQ316|2145|X|0|0|8||||132|51|0|0|[]|14:10:14:492
21|2.1|636136527972044969|0|51015.0625|5.2500915480512|100.628435521963||||51015.0625|360|38425||||880848|AIQ316|X|X||0|8||||132|83|0|0|[]|14:10:15:063
21|2.1|636136528006208385|0|51018.4921875|5.2566790533859|100.626718908195||||51018.4921875|360|38425||||880848|AIQ316|2145|X|0|0|8||||132|51|0|0|[]|14:10:18:492
21|2.1|636136528021819946|0|51020.0546875|5.259704585152|100.625967889671||||51020.0546875|360|38425||||880848|AIQ316|X|X||0|8||||132|83|0|0|[]|14:10:20:055
21|2.1|636136528046312395|0|51022.515625|5.2644681883582|100.624701887017||||51022.515625|360|38425||||880848|AIQ316|2145|X||0|8||||132|51|0|0|[]|14:10:22:516
21|2.1|636136528062534017|0|51024.125|5.2675795508127|100.623929410822||||51024.125|360|38425||||880848|AIQ316|X|X|0|0|8||||132|83|0|0|[]|14:10:24:125
21|2.1|636136528086406404|0|51026.515625|5.2721929503142|100.622749238856||||51026.515625|360|38425||||880848|AIQ316|2145|X||0|8||||132|51|0|0|[]|14:10:26:516
21|2.1|636136528105748338|0|51028.4375|5.2759051275875|100.621783643612||||51028.4375|360|38425||||880848|AIQ316|2145|X|0|0|8||||132|83|0|0|[]|14:10:28:438
21|2.1|636136528131170880|0|51031|5.2808618498426|100.620517640958||||51031|360|38425||||880848|AIQ316|2145|X||0|8||||132|51|0|0|[]|14:10:31:000
21|2.1|636136528173135076|0|51035.1875|5.2889084768801|100.618436246764||||51035.1875|360|38425||||880848|AIQ316|2145|X||0|8||||132|51|0|0|[]|14:10:35:188
21|2.1|636136528194827245|0|51037.3515625|5.2930927229396|100.617384820831||||51037.3515625|360|38425||||880848|AIQ316|2145|X|0|0|8||||132|83|0|0|[]|14:10:37:352
21|2.1|636136528214949257|0|51039.359375|5.2969980192618|100.616397767914||||51039.359375|360|38425||||880848|AIQ316|2145|X||0|8||||132|51|0|0|[]|14:10:39:359
21|2.1|636136528235381300|0|51041.40625|5.3009462309282|100.615346341982||||51041.40625|360|38425||||880848|AIQ316|2145|X|0|0|8||||132|83|0|0|[]|14:10:41:406
21|2.1|636136528256293391|0|51043.515625|5.3050017309551|100.614316373721||||51043.515625|360|38425||||880848|AIQ316|2145|X|0|0|8||||132|51|0|0|[]|14:10:43:516
21|2.1|636136528299037665|0|51047.7734375|5.3132414770415|100.612170606511||||51047.7734375|360|38425||||880848|AIQ316|2145|X||0|8||||132|51|0|0|[]|14:10:47:773
21|2.1|636136528339441705|0|51051.828125|5.3210520696859|100.610196500678||||51051.828125|360|38425||||880848|AIQ316|2145|X|0|0|8||||132|51|0|0|[]|14:10:51:828
21|2.1|636136528339591720|0|51051.828125|5.3210520696859|100.610196500678||||51051.828125|360|38425||||880848|AIQ316|2145|X||0|8||||132|83|0|0|[]|14:10:51:828
21|2.1|636136528380935854|0|51055.96875|5.3290772390513|100.608115106484||||51055.96875|360|38425||||880848|AIQ316|2145|X|0|0|8||||132|51|0|0|[]|14:10:55:969
21|2.1|636136528380935854|0|51055.96875|5.3290772390513|100.608115106484||||51055.96875|360|38425||||880848|AIQ316|2145|X|0|0|8||||132|83|0|0|[]|14:10:55:969
21|2.1|636136528423370097|0|51060.2109375|5.3372955274656|100.605990796946||||51060.2109375|360|38425||||880848|AIQ316|2145|X|0|0|8||||132|51|0|0|[]|14:11:00:211
21|2.1|636136528466744434|0|51064.5546875|5.3457283926009|100.603802114392||||51064.5546875|360|38425||||880848|AIQ316|2145|X||0|8||||132|51|0|0|[]|14:11:04:555
21|2.1|636136528489356695|0|51066.796875|5.3501057577093|100.602686315443||||51066.796875|360|38425||||880848|AIQ316|2145|X||0|8||||132|83|0|0|[]|14:11:06:797
21|2.1|636136528508858645|0|51068.7578125|5.353903765671|100.601656347182||||51068.7578125|360|38425||||880848|AIQ316|2145|X|0|0|8||||132|51|0|0|[]|14:11:08:758
