21|2.1|636136527002648039|0|50918.15625|13.9029621953925|100.60337296095||||50918.15625|3.75|175||||883292|TLM766|X|X|0|0|7||||132|5|0|0|[]|14:08:38:156
21|2.1|636136527046632437|0|50922.5546875|13.8998937482822|100.601613431838||||50922.5546875|5.5|375||||883292|TLM766|X|X|0|0|7||||132|5|0|0|[]|14:08:42:555
21|2.1|636136527090626836|0|50926.9453125|13.8968253011719|100.599810987381||||50926.9453125|7.5|575||||883292|TLM766|X|X|0|0|7||||132|5|0|0|[]|14:08:46:945
21|2.1|636136527130870860|0|50930.9765625|13.8940358037989|100.598244577318||||50930.9765625|9.25|775||||883292|TLM766|X|X|0|0|7||||132|5|0|0|[]|14:08:50:977
21|2.1|636136527172214994|0|50935.109375|13.8910961027212|100.596549421222||||50935.109375|10.75|925||||883292|TLM766|X|X|0|0|7||||132|5|0|0|[]|14:08:55:109
21|2.1|636136527213389111|0|50939.21875|13.8883066053482|100.594961553487||||50939.21875|12|1075||||883292|TLM766|X|X|0|0|7||||132|5|0|0|[]|14:08:59:219
21|2.1|636136527253643136|0|50943.2421875|13.8854098196147|100.593330770407||||50943.2421875|13.25|1200||||883292|TLM766|X|X|0|0|7||||132|5|0|0|[]|14:09:03:242
21|2.1|636136527297637535|0|50947.65625|13.882255541816|100.591592698967||||50947.65625|14.75|1375||||883292|TLM766|X|X|0|0|7||||132|5|0|0|[]|14:09:07:656
21|2.1|636136527339131684|0|50951.8046875|13.8792085523778|100.589876085199||||50951.8046875|16.25|1525||||883292|TLM766|X|X|0|0|7||||132|5|0|0|[]|14:09:11:805
21|2.1|636136527383756146|0|50956.265625|13.8760542745791|100.588116556087||||50956.265625|18|1700||||883292|TLM766|X|X|0|0|7||||132|5|0|0|[]|14:09:16:266
21|2.1|636136527431340904|0|50961.015625|13.8727497930757|100.585992246549||||50961.015625|19.75|1875||||883292|TLM766|X|X|0|0|7||||132|5|0|0|[]|14:09:21:016
21|2.1|636136527606068375|0|50978.4921875|13.8661193723968|100.573353677682||||50978.4921875|25.5|2475||||883292|TLM766|X|X||0|7||||132|5|0|0|[]|14:09:38:492
21|2.1|636136527650672835|0|50982.953125|13.8659262533479|100.56955566972||||50982.953125|27|2650||||883292|TLM766|X|X|0|0|7||||132|5|0|0|[]|14:09:42:953
21|2.1|636136527692487016|0|50987.1328125|13.8662266607573|100.565864950119||||50987.1328125|28|2775||||883292|TLM766|X|X|0|0|7||||132|5|0|0|[]|14:09:47:133
21|2.1|636136527733361103|0|50991.2265625|13.8669347639366|100.562388807239||||50991.2265625|29.25|2900||||883292|TLM766|X|X|0|0|7||||132|5|0|0|[]|14:09:51:227
21|2.1|636136527774545221|0|50995.3359375|13.8679861898695|100.558762460654||||50995.3359375|30.75|3050||||883292|TLM766|X|X|0|0|7||||132|5|0|0|[]|14:09:55:336
21|2.1|636136527819949761|0|50999.8828125|13.869166361835|100.55483570666||||50999.8828125|32|3200||||883292|TLM766|X|X|0|0|7||||132|5|0|0|[]|14:09:59:883
21|2.1|636136527860193785|0|51003.90625|13.8701963300958|100.551316648435||||51003.90625|33.25|3325||||883292|TLM766|X|X|0|0|7||||132|5|0|0|[]|14:10:03:906
21|2.1|636136527903258091|0|51008.2109375|13.8711619253403|100.547625928834||||51008.2109375|34.5|3475||||883292|TLM766|X|X|0|0|7||||132|5|0|0|[]|14:10:08:211
21|2.1|636136527947872552|0|51012.671875|13.8722348089453|100.543506055791||||51012.671875|35.5|3575||||883292|TLM766|X|X|0|0|7||||132|5|0|0|[]|14:10:12:672
21|2.1|636136527992326997|0|51017.125|13.8732647772061|100.539450555764||||51017.125|36.25|3650||||883292|TLM766|X|X|0|0|7||||132|5|0|0|[]|14:10:17:125
21|2.1|636136528033361100|0|51021.2265625|13.8742518301227|100.535652547802||||51021.2265625|37|3725||||883292|TLM766|X|X|0|0|7||||132|5|0|0|[]|14:10:21:227
21|2.1|636136528075945358|0|51025.484375|13.8752603407114|100.531403928726||||51025.484375|37.75|3800||||883292|TLM766|X|X|0|0|7||||132|5|0|0|[]|14:10:25:484
21|2.1|636136528144742237|0|51032.3671875|13.876247393628|100.524473100638||||51032.3671875|38.75|3925||||883292|TLM766|X|X|0|0|7||||132|5|0|0|[]|14:10:32:367
21|2.1|636136528185616324|0|51036.4453125|13.8760113592349|100.520224481562||||51036.4453125|39.25|3975||||883292|TLM766|X|X|0|0|7||||132|5|0|0|[]|14:10:36:445
21|2.1|636136528230240786|0|51040.9140625|13.8750028486462|100.515375047668||||51040.9140625|40.25|4075||||883292|TLM766|X|X|0|0|7||||132|5|0|0|[]|14:10:40:914
21|2.1|636136528272204982|0|51045.1015625|13.8734149809108|100.511083513248||||51045.1015625|41.25|4175||||883292|TLM766|X|X|0|0|7||||132|5|0|0|[]|14:10:45:102
21|2.1|636136528315569318|0|51049.4375|13.871526705766|100.506770521156||||51049.4375|42|4250||||883292|TLM766|X|X|0|0|7||||132|5|0|0|[]|14:10:49:438
21|2.1|636136528381245885|0|51056|13.8683724279673|100.499839693067||||51056|43.25|4400||||883292|TLM766|X|X|0|0|7||||132|5|0|0|[]|14:10:56:000
21|2.1|636136528422279988|0|51060.1171875|13.8663983221341|100.495247751238||||51060.1171875|43.75|4450||||883292|TLM766|X|X|0|0|7||||132|5|0|0|[]|14:11:00:117
21|2.1|636136528466584418|0|51064.546875|13.8643383856125|100.490291028983||||51064.546875|44.5|4525||||883292|TLM766|X|X|0|0|7||||132|5|0|0|[]|14:11:04:547
