21|2.1|636136510302728214|0|49248.1796875|13.8121962424095|100.771708398574||||49248.1796875|21.75|2150||||884203|BKP182|X|X|0|0|6||||132|5|0|0|[]|13:40:48:180
21|2.1|636136510344232364|0|49252.328125|13.8094925757249|100.771000295395||||49252.328125|21.5|2125||||884203|BKP182|X|X|0|0|6||||132|5|0|0|[]|13:40:52:328
21|2.1|636136510395717512|0|49257.484375|13.8061880942215|100.770120530839||||49257.484375|21|2075||||884203|BKP182|X|X|0|0|6||||132|5|0|0|[]|13:40:57:484
21|2.1|636136510441422082|0|49262.0625|13.8032483931438|100.769348054643||||49262.0625|20.75|2050||||884203|BKP182|X|X|0|0|6||||132|5|0|0|[]|13:41:02:063
21|2.1|636136510481516091|0|49266.0703125|13.8006949301639|100.768725782152||||49266.0703125|20.25|2000||||884203|BKP182|X|X|0|0|6||||132|5|0|0|[]|13:41:06:070
21|2.1|636136510524730412|0|49270.390625|13.7980556364956|100.768017678973||||49270.390625|20|1975||||884203|BKP182|X|X|0|0|6||||132|5|0|0|[]|13:41:10:391
21|2.1|636136510566074546|0|49274.515625|13.7954807158436|100.767352491138||||49274.515625|19.5|1925||||884203|BKP182|X|X|0|0|6||||132|5|0|0|[]|13:41:14:516
21|2.1|636136510606158554|0|49278.5234375|13.7930130835521|100.766687303303||||49278.5234375|19|1850||||884203|BKP182|X|X|0|0|6||||132|5|0|0|[]|13:41:18:523
21|2.1|636136510649692907|0|49282.890625|13.7903094168675|100.765979200124||||49282.890625|18.5|1800||||884203|BKP182|X|X|0|0|6||||132|5|0|0|[]|13:41:22:891
21|2.1|636136510692117149|0|49287.1171875|13.7877559538876|100.765314012288||||49287.1171875|18|1750||||884203|BKP182|X|X|0|0|6||||132|5|0|0|[]|13:41:27:117
21|2.1|636136510746722609|0|49292.578125|13.7844514723842|100.76441279006||||49292.578125|17.25|1675||||884203|BKP182|X|X|0|0|6||||132|5|0|0|[]|13:41:32:578
21|2.1|636136510789156852|0|49296.8359375|13.7819838400927|100.763769059897||||49296.8359375|17|1650||||884203|BKP182|X|X||0|6||||132|5|0|0|[]|13:41:36:836
21|2.1|636136510912559191|0|49309.171875|13.7750315543323|100.761966615441||||49309.171875|15.5|1475||||884203|BKP182|X|X||0|6||||132|5|0|0|[]|13:41:49:172
21|2.1|636136510959823917|0|49313.890625|13.7724780913524|100.761301427606||||49313.890625|15|1425||||884203|BKP182|X|X|0|0|6||||132|5|0|0|[]|13:41:53:891
21|2.1|636136511003518286|0|49318.2578125|13.7701821204377|100.760679155115||||49318.2578125|14.5|1350||||884203|BKP182|X|X||0|6||||132|5|0|0|[]|13:41:58:258
21|2.1|636136511044542388|0|49322.3515625|13.7679719802114|100.76012125564||||49322.3515625|14.25|1325||||884203|BKP182|X|X|0|0|6||||132|5|0|0|[]|13:42:02:352
21|2.1|636136511088996833|0|49326.8125|13.7655472632641|100.759456067805||||49326.8125|13.75|1275||||884203|BKP182|X|X|0|0|6||||132|5|0|0|[]|13:42:06:813
21|2.1|636136511132681201|0|49331.1796875|13.7632083770052|100.758833795314||||49331.1796875|13.5|1250||||884203|BKP182|X|X|0|0|6||||132|5|0|0|[]|13:42:11:180
21|2.1|636136511173245257|0|49335.2265625|13.761019694451|100.75827589584||||49335.2265625|13|1200||||884203|BKP182|X|X|0|0|6||||132|5|0|0|[]|13:42:15:227
21|2.1|636136511219109843|0|49339.828125|13.7585520621595|100.757632165677||||49339.828125|12.5|1150||||884203|BKP182|X|X|0|0|6||||132|5|0|0|[]|13:42:19:828
21|2.1|636136511263414273|0|49344.25|13.7561702605564|100.756988435514||||49344.25|12.25|1125||||884203|BKP182|X|X|0|0|6||||132|5|0|0|[]|13:42:24:250
21|2.1|636136511304128344|0|49348.328125|13.7539601203301|100.756430536039||||49348.328125|11.75|1075||||884203|BKP182|X|X|0|0|6||||132|5|0|0|[]|13:42:28:328
21|2.1|636136511348122743|0|49352.71875|13.751578318727|100.755808263548||||49352.71875|11.25|1025||||884203|BKP182|X|X|0|0|6||||132|5|0|0|[]|13:42:32:719
21|2.1|636136511393207251|0|49357.2265625|13.7491536017797|100.755143075713||||49357.2265625|10.75|975||||884203|BKP182|X|X|0|0|6||||132|5|0|0|[]|13:42:37:227
21|2.1|636136511436901620|0|49361.6015625|13.7468361731929|100.75449934555||||49361.6015625|10.25|925||||884203|BKP182|X|X||0|6||||132|5|0|0|[]|13:42:41:602
21|2.1|636136511482446174|0|49366.1640625|13.7443685409014|100.753877073059||||49366.1640625|9.75|875||||884203|BKP182|X|X||0|6||||132|5|0|0|[]|13:42:46:164
21|2.1|636136511530350964|0|49370.9453125|13.7417936202494|100.753190427552||||49370.9453125|9.25|825||||884203|BKP182|X|X|0|0|6||||132|5|0|0|[]|13:42:50:945
21|2.1|636136511577915720|0|49375.6953125|13.7392401572695|100.752589612733||||49375.6953125|8.75|750||||884203|BKP182|X|X|0|0|6||||132|5|0|0|[]|13:42:55:695
21|2.1|636136511623000228|0|49380.21875|13.7367939826501|100.751924424898||||49380.21875|8.5|725||||884203|BKP182|X|X|0|0|6||||132|5|0|0|[]|13:43:00:219
21|2.1|636136511665434471|0|49384.453125|13.7345623847517|100.751302152407||||49384.453125|8|675||||884203|BKP182|X|X|0|0|6||||132|5|0|0|[]|13:43:04:453
21|2.1|636136511708808808|0|49388.8046875|13.7322234984928|100.750679879916||||49388.8046875|7.5|625||||884203|BKP182|X|X|0|0|6||||132|5|0|0|[]|13:43:08:805
21|2.1|636136511750612988|0|49392.984375|13.7299275275781|100.750079065097||||49392.984375|7|575||||884203|BKP182|X|X|0|0|6||||132|5|0|0|[]|13:43:12:984
21|2.1|636136511798667793|0|49397.7734375|13.7274169799424|100.74939241959||||49397.7734375|6.5|525||||884203|BKP182|X|X|0|0|6||||132|5|0|0|[]|13:43:17:773
21|2.1|636136511850152941|0|49402.9140625|13.7246274825694|100.748662858739||||49402.9140625|6.25|500||||884203|BKP182|X|X||0|6||||132|5|0|0|[]|13:43:22:914
21|2.1|636136511890246950|0|49406.9296875|13.7224817153594|100.748083501592||||49406.9296875|5.75|450||||884203|BKP182|X|X|0|0|6||||132|5|0|0|[]|13:43:26:930
21|2.1|636136511933771302|0|49411.2890625|13.7200569984121|100.747461229101||||49411.2890625|5.25|375||||884203|BKP182|X|X|0|0|6||||132|5|0|0|[]|13:43:31:289
21|2.1|636136511976055530|0|49415.5234375|13.7177824851695|100.74683895661||||49415.5234375|4.75|325||||884203|BKP182|X|X|0|0|6||||132|5|0|0|[]|13:43:35:523
21|2.1|636136512025970521|0|49420.5078125|13.7150573608128|100.746152311103||||49420.5078125|4.25|275||||884203|BKP182|X|X|0|0|6||||132|5|0|0|[]|13:43:40:508
21|2.1|636136512078075731|0|49425.71875|13.7122034904235|100.74540129258||||49425.71875|3.75|225||||884203|BKP182|X|X|0|0|6||||132|5|0|0|[]|13:43:45:719
21|2.1|636136512186186541|0|49436.53125|13.7062597152518|100.743813424844||||49436.53125|2.75|125||||884203|BKP182|X|X||0|6||||132|5|0|0|[]|13:43:56:531
