21|2.1|636136511813329259|0|49399.234375|6.9309997496768|100.381092935666||||49399.234375|7|550||||885305|THD268|X|X|0|0|7||||132|51|0|0|[]|13:43:19:234
21|2.1|636136511854513377|0|49403.3515625|6.9305920539069|100.377852827179||||49403.3515625|9|750||||885305|THD268|X|X|0|0|7||||132|51|0|0|[]|13:43:23:352
21|2.1|636136511895867512|0|49407.484375|6.9300985274486|100.374505430331||||49407.484375|11|1000||||885305|THD268|X|X|0|0|7||||132|51|0|0|[]|13:43:27:484
21|2.1|636136511937981723|0|49411.703125|6.9295835433182|100.371179491156||||49411.703125|13.25|1250||||885305|THD268|X|X|0|0|7||||132|51|0|0|[]|13:43:31:703
21|2.1|636136511981356060|0|49416.03125|6.9290685591878|100.36774626362||||49416.03125|15.5|1500||||885305|THD268|X|X|0|0|7||||132|51|0|0|[]|13:43:36:031
21|2.1|636136512021440068|0|49420.0390625|6.9286608634179|100.365407377361||||49420.0390625|17.75|1675||||885305|THD268|X|X|0|0|7||||132|51|0|0|[]|13:43:40:039
21|2.1|636136512064504374|0|49424.34375|6.9281887946317|100.36223164189||||49424.34375|20|1925||||885305|THD268|X|X|0|0|7||||132|51|0|0|[]|13:43:44:344
21|2.1|636136512108648788|0|49428.765625|6.9278025565339|100.358884245042||||49428.765625|21.25|2125||||885305|THD268|X|X|0|0|7||||132|51|0|0|[]|13:43:48:766
21|2.1|636136512149832906|0|49432.875|6.9278883872223|100.355687051899||||49432.875|22.25|2225||||885305|THD268|X|X|0|0|7||||132|51|0|0|[]|13:43:52:875
21|2.1|636136512191487071|0|49437.0546875|6.9286394057458|100.352339655052||||49437.0546875|23.25|2350||||885305|THD268|X|X|0|0|7||||132|51|0|0|[]|13:43:57:055
21|2.1|636136512232991221|0|49441.203125|6.9301199851207|100.349121004237||||49441.203125|24|2425||||885305|THD268|X|X|0|0|7||||132|51|0|0|[]|13:44:01:203
21|2.1|636136512277765698|0|49445.671875|6.9319653449213|100.346653371945||||49445.671875|25|2525||||885305|THD268|X|X|0|0|7||||132|51|0|0|[]|13:44:05:672
21|2.1|636136512322070128|0|49450.1015625|6.9349908766874|100.343863874572||||49450.1015625|25.5|2575||||885305|THD268|X|X|0|0|7||||132|51|0|0|[]|13:44:10:102
21|2.1|636136512365434464|0|49454.4296875|6.9387888846491|100.341761022707||||49454.4296875|26.25|2675||||885305|THD268|X|X|0|0|7||||132|51|0|0|[]|13:44:14:430
21|2.1|636136512406468567|0|49458.5390625|6.9426727232992|100.340452104708||||49458.5390625|26.75|2725||||885305|THD268|X|X|0|0|7||||132|51|0|0|[]|13:44:18:539
21|2.1|636136512447962716|0|49462.6953125|6.947135919096|100.339422136448||||49462.6953125|27|2750||||885305|THD268|X|X|0|0|7||||132|51|0|0|[]|13:44:22:695
21|2.1|636136512488526772|0|49466.75|6.951642030237|100.338756948613||||49466.75|27.5|2800||||885305|THD268|X|X|0|0|7||||132|51|0|0|[]|13:44:26:750
21|2.1|636136512532671186|0|49471.1640625|6.9554185805266|100.338370710515||||49471.1640625|28.75|2925||||885305|THD268|X|X|0|0|7||||132|51|0|0|[]|13:44:31:164
21|2.1|636136512573235242|0|49475.21875|6.960439675798|100.338177591466||||49475.21875|29.75|3000||||885305|THD268|X|X|0|0|7||||132|51|0|0|[]|13:44:35:219
21|2.1|636136512613799298|0|49479.2734375|6.965374940381|100.338091760777||||49479.2734375|31|3150||||885305|THD268|X|X|0|0|7||||132|51|0|0|[]|13:44:39:273
21|2.1|636136512653883306|0|49483.28125|6.9704174933245|100.338048845433||||49483.28125|32|3275||||885305|THD268|X|X|0|0|7||||132|51|0|0|[]|13:44:43:281
21|2.1|636136512695387456|0|49487.4296875|6.9758462843658|100.338048845433||||49487.4296875|33.5|3425||||885305|THD268|X|X|0|0|7||||132|51|0|0|[]|13:44:47:430
21|2.1|636136512736261543|0|49491.5234375|6.9811034140303|100.338048845433||||49491.5234375|35|3575||||885305|THD268|X|X|0|0|7||||132|51|0|0|[]|13:44:51:523
21|2.1|636136512776825599|0|49495.5703125|6.9851589140572|100.338048845433||||49495.5703125|36.75|3750||||885305|THD268|X|X|0|0|7||||132|51|0|0|[]|13:44:55:570
21|2.1|636136512819569873|0|49499.8515625|6.9908022818195|100.338091760777||||49499.8515625|38.75|3950||||885305|THD268|X|X|0|0|7||||132|51|0|0|[]|13:44:59:852
21|2.1|636136512862464162|0|49504.140625|6.9965100225981|100.338134676122||||49504.140625|41.25|4250||||885305|THD268|X|X|0|0|7||||132|51|0|0|[]|13:45:04:141
21|2.1|636136512902868202|0|49508.1796875|7.0022392210488|100.338134676122||||49508.1796875|43.5|4500||||885305|THD268|X|X|0|0|7||||132|51|0|0|[]|13:45:08:180
21|2.1|636136512943282243|0|49512.21875|7.0076894697622|100.338177591466||||49512.21875|46|4750||||885305|THD268|X|X|0|0|7||||132|51|0|0|[]|13:45:12:219
21|2.1|636136512983996314|0|49516.2890625|7.0118737158217|100.33822050681||||49516.2890625|48.5|4950||||885305|THD268|X|X|0|0|7||||132|51|0|0|[]|13:45:16:289
21|2.1|636136513026590573|0|49520.5546875|7.0176458296166|100.338284879826||||49520.5546875|50.75|5175||||885305|THD268|X|X|0|0|7||||132|51|0|0|[]|13:45:20:555
21|2.1|636136513068714785|0|49524.7734375|7.0234823164278|100.338327795171||||49524.7734375|53|5475||||885305|THD268|X|X|0|0|7||||132|51|0|0|[]|13:45:24:773
21|2.1|636136513111299043|0|49529.0234375|7.0295762953042|100.338370710515||||49529.0234375|55.25|5700||||885305|THD268|X|X|0|0|7||||132|51|0|0|[]|13:45:29:023
21|2.1|636136513154353348|0|49533.34375|7.0352411207386|100.338413625859||||49533.34375|57.25|5950||||885305|THD268|X|X|0|0|7||||132|51|0|0|[]|13:45:33:344
21|2.1|636136513198657778|0|49537.7578125|7.0417213377128|100.338456541203||||49537.7578125|59.5|6150||||885305|THD268|X|X|0|0|7||||132|51|0|0|[]|13:45:37:758
21|2.1|636136513239841896|0|49541.8828125|7.0460987028212|100.338520914219||||49541.8828125|61.5|6325||||885305|THD268|X|X|0|0|7||||132|51|0|0|[]|13:45:41:883
21|2.1|636136513280405952|0|49545.9375|7.0518279012719|100.338563829564||||49545.9375|63.75|6600||||885305|THD268|X|X|0|0|7||||132|51|0|0|[]|13:45:45:938
21|2.1|636136513321900101|0|49550.078125|7.0579004224762|100.338649660252||||49550.078125|66|6875||||885305|THD268|X|X|0|0|7||||132|51|0|0|[]|13:45:50:078
21|2.1|636136513362464157|0|49554.140625|7.0637154516153|100.338692575596||||49554.140625|68.25|7075||||885305|THD268|X|X|0|0|7||||132|51|0|0|[]|13:45:54:141
21|2.1|636136513403338244|0|49558.21875|7.0697879728196|100.338756948613||||49558.21875|70.5|7300||||885305|THD268|X|X|0|0|7||||132|51|0|0|[]|13:45:58:219
21|2.1|636136513447492659|0|49562.6484375|7.0761823591054|100.338799863957||||49562.6484375|73|7600||||885305|THD268|X|X|0|0|7||||132|51|0|0|[]|13:46:02:648
21|2.1|636136513489456855|0|49566.828125|7.080602639558|100.338885694645||||49566.828125|75.5|7850||||885305|THD268|X|X|0|0|7||||132|51|0|0|[]|13:46:06:828
21|2.1|636136513529550864|0|49570.84375|7.0864605840413|100.338928609989||||49570.84375|77.75|8075||||885305|THD268|X|X|0|0|7||||132|51|0|0|[]|13:46:10:844
21|2.1|636136513571825091|0|49575.078125|7.0925974782619|100.338992983006||||49575.078125|80|8300||||885305|THD268|X|X|0|0|7||||132|51|0|0|[]|13:46:15:078
21|2.1|636136513612229131|0|49579.109375|7.0985197957615|100.33903589835||||49579.109375|82|8575||||885305|THD268|X|X|0|0|7||||132|51|0|0|[]|13:46:19:109
21|2.1|636136513657163624|0|49583.6015625|7.1053218778172|100.339057356022||||49583.6015625|84|8775||||885305|THD268|X|X|0|0|7||||132|51|0|0|[]|13:46:23:602
21|2.1|636136513698657773|0|49587.7734375|7.1098494466303|100.339121729038||||49587.7734375|86|8975||||885305|THD268|X|X|0|0|7||||132|51|0|0|[]|13:46:27:773
21|2.1|636136513743892296|0|49592.28125|7.1167159017023|100.339121729038||||49592.28125|88.25|9175||||885305|THD268|X|X|0|0|7||||132|51|0|0|[]|13:46:32:281
21|2.1|636136513773695276|0|49595.25|7.1210074361223|100.339164644382||||49595.25|90|9375||||885305|X|X|X|0|0|7||||132|83|0|0|[]|13:46:35:250
21|2.1|636136513786796586|0|49596.5703125|7.1230244572997|100.339164644382||||49596.5703125|90.75|9425||||885305|THD268|X|X|0|0|7||||132|51|0|0|[]|13:46:36:570
21|2.1|636136513831421048|0|49601.0390625|7.1298909123717|100.339186102055||||49601.0390625|93.25|9750||||885305|THD268|X|X|0|0|7||||132|51|0|0|[]|13:46:41:039
21|2.1|636136513831571063|0|49601.0390625|7.1298909123717|100.339186102055||||49601.0390625|93.25|9750||||885305|X|X|X||0|7||||132|83|0|0|[]|13:46:41:039
21|2.1|636136513874945400|0|49605.3828125|7.1362209256412|100.339229017399||||49605.3828125|95.25|10000||||885305|THD268|X|X|0|0|7||||132|51|0|0|[]|13:46:45:383
21|2.1|636136513879935899|0|49605.8828125|7.1371006901973|100.339229017399||||49605.8828125|95.5|9975||||885305|X|X|X||0|7||||132|83|0|0|[]|13:46:45:883
21|2.1|636136513917839689|0|49609.671875|7.142615311927|100.339250475071||||49609.671875|97.25|10175||||885305|THD268|X|X|0|0|7||||132|51|0|0|[]|13:46:49:672
21|2.1|636136513927360641|0|49610.609375|7.1443748410392|100.339271932743||||49610.609375|97.75|10225||||885305|X|X|X||0|7||||132|83|0|0|[]|13:46:50:609
21|2.1|636136513959343839|0|49613.828125|7.1475291188379|100.339271932743||||49613.828125|99.25|10375||||885305|THD268|X|X|0|0|7||||132|51|0|0|[]|13:46:53:828
21|2.1|636136513997097614|0|49617.6015625|7.1533870633212|100.339293390415||||49617.6015625|101.25|10550||||885305|THD268|X|X||0|7||||132|83|0|0|[]|13:46:57:602
21|2.1|636136514001618066|0|49618.0625|7.1539664204679|100.339293390415||||49618.0625|101.25|10575||||885305|THD268|X|X|0|0|7||||132|51|0|0|[]|13:46:58:063
21|2.1|636136514045452449|0|49622.4296875|7.1607041295073|100.339293390415||||49622.4296875|103.75|10875||||885305|THD268|X|X|0|0|7||||132|51|0|0|[]|13:47:02:430
21|2.1|636136514086806584|0|49626.578125|7.1671414311373|100.339314848087||||49626.578125|105.75|11100||||885305|THD268|X|X|0|0|7||||132|51|0|0|[]|13:47:06:578
21|2.1|636136514106138517|0|49628.5078125|7.1697592671335|100.339336305759||||49628.5078125|106.75|11200||||885305|THD268|X|X|0|0|7||||132|83|0|0|[]|13:47:08:508
21|2.1|636136514130950998|0|49630.984375|7.1738791401767|100.339357763431||||49630.984375|107.5|11275||||885305|THD268|X|X|0|0|7||||132|51|0|0|[]|13:47:10:984
21|2.1|636136514166204523|0|49634.5|7.1789216931202|100.339400678776||||49634.5|108.75|11425||||885305|THD268|X|X||0|7||||132|83|0|0|[]|13:47:14:500
21|2.1|636136514171205023|0|49635.0234375|7.1801233227578|100.339357763431||||49635.0234375|108.75|11450||||885305|THD268|X|X|0|0|7||||132|51|0|0|[]|13:47:15:023
21|2.1|636136514214719374|0|49639.3671875|7.1855735714712|100.339422136448||||49639.3671875|109.75|11525||||885305|THD268|X|X|0|0|7||||132|51|0|0|[]|13:47:19:367
21|2.1|636136514235941496|0|49641.4921875|7.1886420185815|100.339422136448||||49641.4921875|110.25|11575||||885305|THD268|X|X|0|0|7||||132|83|0|0|[]|13:47:21:492
21|2.1|636136514255903492|0|49643.4921875|7.1917104656918|100.339422136448||||49643.4921875|110.5|11625||||885305|THD268|X|X|0|0|7||||132|51|0|0|[]|13:47:23:492
21|2.1|636136514283836285|0|49646.2578125|7.1963667805375|100.339422136448||||49646.2578125|111|11675||||885305|THD268|X|X|0|0|7||||132|83|0|0|[]|13:47:26:258
21|2.1|636136514298647766|0|49647.7734375|7.1985125477475|100.33944359412||||49647.7734375|111.25|11700||||885305|THD268|X|X|0|0|7||||132|51|0|0|[]|13:47:27:773
21|2.1|636136514324390340|0|49650.328125|7.2029328282001|100.339465051792||||49650.328125|111.5|11750||||885305|THD268|X|X|0|0|7||||132|83|0|0|[]|13:47:30:328
21|2.1|636136514339681869|0|49651.84375|7.20548629118|100.339465051792||||49651.84375|111.75|11775||||885305|THD268|X|X|0|0|7||||132|51|0|0|[]|13:47:31:844
21|2.1|636136514381026003|0|49656.0078125|7.212567322973|100.33944359412||||49656.0078125|112.25|11825||||885305|THD268|X|X|0|0|7||||132|51|0|0|[]|13:47:36:008
21|2.1|636136514425800480|0|49660.46875|7.2184681828005|100.339486509464||||49660.46875|113|11875||||885305|THD268|X|X|0|0|7||||132|51|0|0|[]|13:47:40:469
21|2.1|636136514468394739|0|49664.7421875|7.2257423336424|100.339465051792||||49664.7421875|114|11975||||885305|THD268|X|X|0|0|7||||132|51|0|0|[]|13:47:44:742
21|2.1|636136514510978997|0|49669|7.2334241802542|100.339465051792||||49669|115.25|12125||||885305|THD268|X|X|0|0|7||||132|51|0|0|[]|13:47:49:000
21|2.1|636136514552473146|0|49673.140625|7.2405481273914|100.339507967136||||49673.140625|116.75|12250||||885305|THD268|X|X|0|0|7||||132|51|0|0|[]|13:47:53:141
21|2.1|636136514558243723|0|49673.703125|7.2415566379801|100.339486509464||||49673.703125|117|12300||||885305|THD268|X|X||0|7||||132|83|0|0|[]|13:47:53:703
21|2.1|636136514596467545|0|49677.546875|7.2479939396101|100.339507967136||||49677.546875|118.25|12450||||885305|THD268|X|X|0|0|7||||132|51|0|0|[]|13:47:57:547
21|2.1|636136514606608559|0|49678.5546875|7.2500109607875|100.339486509464||||49678.5546875|118.75|12500||||885305|THD268|X|X||0|7||||132|83|0|0|[]|13:47:58:555
21|2.1|636136514636871585|0|49681.578125|7.2554612095009|100.339529424808||||49681.578125|119.75|12600||||885305|THD268|X|X|0|0|7||||132|51|0|0|[]|13:48:01:578
21|2.1|636136514650132911|0|49682.8984375|7.2578859264482|100.339529424808||||49682.8984375|120.25|12675||||885305|THD268|X|X||0|7||||132|83|0|0|[]|13:48:02:898
21|2.1|636136514678215719|0|49685.71875|7.2609543735585|100.339529424808||||49685.71875|121.25|12725||||885305|THD268|X|X||0|7||||132|51|0|0|[]|13:48:05:719
21|2.1|636136514702088106|0|49688.09375|7.2654390270274|100.339572340152||||49688.09375|122.25|12825||||885305|THD268|X|X|0|0|7||||132|83|0|0|[]|13:48:08:094
21|2.1|636136514720649962|0|49689.96875|7.2685289318098|100.33955088248||||49689.96875|122.75|12900||||885305|THD268|X|X||0|7||||132|51|0|0|[]|13:48:09:969
21|2.1|636136514742332130|0|49692.109375|7.2723054820994|100.339572340152||||49692.109375|123.75|13025||||885305|THD268|X|X|0|0|7||||132|83|0|0|[]|13:48:12:109
21|2.1|636136514761684065|0|49694.0703125|7.2761034900611|100.339615255497||||49694.0703125|124.5|13075||||885305|THD268|X|X||0|7||||132|51|0|0|[]|13:48:14:070
21|2.1|636136514791167013|0|49697|7.2817039424792|100.339658170841||||49697|125.75|13225||||885305|THD268|X|X|0|0|7||||132|83|0|0|[]|13:48:17:000
21|2.1|636136514810198916|0|49698.921875|7.2848153049337|100.339679628513||||49698.921875|126.5|13325||||885305|THD268|X|X|0|0|7||||132|51|0|0|[]|13:48:18:922
21|2.1|636136514853253221|0|49703.21875|7.292819016627|100.339722543857||||49703.21875|128.5|13525||||885305|THD268|X|X|0|0|7||||132|51|0|0|[]|13:48:23:219
21|2.1|636136514853253221|0|49703.21875|7.292819016627|100.339722543857||||49703.21875|128.5|13525||||885305|THD268|X|X|0|0|7||||132|83|0|0|[]|13:48:23:219
21|2.1|636136514897397635|0|49707.6328125|7.2990846568802|100.339722543857||||49707.6328125|130.5|13750||||885305|THD268|X|X||0|7||||132|51|0|0|[]|13:48:27:633
21|2.1|636136514897407636|0|49707.6328125|7.2990846568802|100.339722543857||||49707.6328125|130.5|13750||||885305|THD268|X|X|0|0|7||||132|83|0|0|[]|13:48:27:633
21|2.1|636136514940771972|0|49711.96875|7.3067450458199|100.339786916873||||49711.96875|132.5|13950||||885305|THD268|X|X||0|7||||132|51|0|0|[]|13:48:31:969
21|2.1|636136514954653360|0|49713.359375|7.3091483050951|100.339808374545||||49713.359375|133.25|13975||||885305|THD268|X|X||0|7||||132|83|0|0|[]|13:48:33:359
21|2.1|636136514981956090|0|49716.0859375|7.3140191966618|100.339808374545||||49716.0859375|134.5|14150||||885305|THD268|X|X||0|7||||132|51|0|0|[]|13:48:36:086
21|2.1|636136515007388633|0|49718.6171875|7.3188900882285|100.339829832218||||49718.6171875|135.75|14275||||885305|THD268|X|X|0|0|7||||132|83|0|0|[]|13:48:38:617
21|2.1|636136515022670161|0|49720.140625|7.3213362628479|100.33985128989||||49720.140625|136.25|14325||||885305|THD268|X|X|0|0|7||||132|51|0|0|[]|13:48:40:141
21|2.1|636136515055593453|0|49723.4375|7.3276019031011|100.339894205234||||49723.4375|137.75|14500||||885305|THD268|X|X|0|0|7||||132|83|0|0|[]|13:48:43:438
21|2.1|636136515064954389|0|49724.3984375|7.3293399745412|100.339894205234||||49724.3984375|138.25|14575||||885305|THD268|X|X|0|0|7||||132|51|0|0|[]|13:48:44:398
21|2.1|636136515106758569|0|49728.578125|7.3370432788251|100.339980035922||||49728.578125|140|14750||||885305|THD268|X|X|0|0|7||||132|51|0|0|[]|13:48:48:578
21|2.1|636136515116589552|0|49729.546875|7.3384380275116|100.339980035922||||49729.546875|140.25|14775||||885305|THD268|X|X|0|0|7||||132|83|0|0|[]|13:48:49:547
21|2.1|636136515150752968|0|49732.96875|7.3429870539968|100.340001493594||||49732.96875|141.75|14925||||885305|THD268|X|X|0|0|7||||132|51|0|0|[]|13:48:52:969
21|2.1|636136515160583951|0|49733.953125|7.3447251254369|100.339980035922||||49733.953125|142|14975||||885305|THD268|X|X||0|7||||132|83|0|0|[]|13:48:53:953
21|2.1|636136515192567149|0|49737.1484375|7.3506903582807|100.340022951266||||49737.1484375|143.25|15100||||885305|THD268|X|X|0|0|7||||132|51|0|0|[]|13:48:57:148
21|2.1|636136515201768069|0|49738.0625|7.352471345065|100.340044408939||||49738.0625|143.75|15150||||885305|THD268|X|X|0|0|7||||132|83|0|0|[]|13:48:58:063
21|2.1|636136515237341626|0|49741.6328125|7.3591446810881|100.340044408939||||49741.6328125|145|15300||||885305|THD268|X|X||0|7||||132|51|0|0|[]|13:49:01:633
21|2.1|636136515246232515|0|49742.5078125|7.3605179721025|100.340087324283||||49742.5078125|145.5|15350||||885305|THD268|X|X|0|0|7||||132|83|0|0|[]|13:49:02:508
21|2.1|636136515279455837|0|49745.8203125|7.3668909007162|100.340065866611||||49745.8203125|146.75|15475||||885305|THD268|X|X||0|7||||132|51|0|0|[]|13:49:05:820
21|2.1|636136515294587350|0|49747.3515625|7.3693585330077|100.340087324283||||49747.3515625|147.25|15550||||885305|THD268|X|X|0|0|7||||132|83|0|0|[]|13:49:07:352
21|2.1|636136515326730564|0|49750.5703125|7.3753452235236|100.340130239627||||49750.5703125|148.5|15675||||885305|THD268|X|X|0|0|7||||132|51|0|0|[]|13:49:10:570
21|2.1|636136515344982389|0|49752.3828125|7.3788857394201|100.340130239627||||49752.3828125|149.25|15750||||885305|THD268|X|X|0|0|7||||132|83|0|0|[]|13:49:12:383
21|2.1|636136515368544745|0|49754.7421875|7.3831343584959|100.340130239627||||49754.7421875|150.25|15850||||885305|THD268|X|X||0|7||||132|51|0|0|[]|13:49:14:742
21|2.1|636136515393807271|0|49757.2578125|7.3859667712131|100.340130239627||||49757.2578125|151|15925||||885305|THD268|X|X|0|0|7||||132|83|0|0|[]|13:49:17:258
21|2.1|636136515412999190|0|49759.1875|7.3895502024538|100.340173154971||||49759.1875|152|16025||||885305|THD268|X|X|0|0|7||||132|51|0|0|[]|13:49:19:188
21|2.1|636136515454023292|0|49763.296875|7.3969960146725|100.340173154971||||49763.296875|153.5|16175||||885305|THD268|X|X|0|0|7||||132|51|0|0|[]|13:49:23:297
21|2.1|636136515454183308|0|49763.296875|7.3969960146725|100.340173154971||||49763.296875|153.5|16200||||885305|THD268|X|X|0|0|7||||132|83|0|0|[]|13:49:23:297
21|2.1|636136515495997489|0|49767.4921875|7.404828064989|100.340216070315||||49767.4921875|155.25|16375||||885305|THD268|X|X|0|0|7||||132|51|0|0|[]|13:49:27:492
21|2.1|636136515506448534|0|49768.5390625|7.4066090517733|100.340237527987||||49768.5390625|155.5|16425||||885305|THD268|X|X||0|7||||132|83|0|0|[]|13:49:28:539
21|2.1|636136515538271716|0|49771.71875|7.4126601153055|100.340237527987||||49771.71875|156.75|16550||||885305|THD268|X|X|0|0|7||||132|51|0|0|[]|13:49:31:719
21|2.1|636136515554653354|0|49773.3515625|7.4155354433669|100.340237527987||||49773.3515625|157.5|16625||||885305|THD268|X|X||0|7||||132|83|0|0|[]|13:49:33:352
21|2.1|636136515579455834|0|49775.8359375|7.4205136232941|100.34025898566||||49775.8359375|158.75|16750||||885305|THD268|X|X||0|7||||132|51|0|0|[]|13:49:35:836
21|2.1|636136515594747363|0|49777.3671875|7.4230027132577|100.340237527987||||49777.3671875|159.5|16850||||885305|THD268|X|X|0|0|7||||132|83|0|0|[]|13:49:37:367
21|2.1|636136515622990187|0|49780.1875|7.4269080095799|100.34025898566||||49780.1875|160.75|16925||||885305|THD268|X|X|0|0|7||||132|51|0|0|[]|13:49:40:188
21|2.1|636136515650902978|0|49782.9765625|7.4318861895071|100.34025898566||||49782.9765625|162|17075||||885305|THD268|X|X|0|0|7||||132|83|0|0|[]|13:49:42:977
21|2.1|636136515666504538|0|49784.515625|7.4347186022243|100.340280443332||||49784.515625|162.75|17175||||885305|THD268|X|X|0|0|7||||132|51|0|0|[]|13:49:44:516
21|2.1|636136515702078095|0|49788.0859375|7.4411344461822|100.340323358676||||49788.0859375|164.5|17325||||885305|THD268|X|X|0|0|7||||132|83|0|0|[]|13:49:48:086
21|2.1|636136515710658953|0|49788.9609375|7.4428725176223|100.340323358676||||49788.9609375|165|17425||||885305|THD268|X|X|0|0|7||||132|51|0|0|[]|13:49:48:961
21|2.1|636136515744512338|0|49792.3359375|7.4489235811545|100.34036627402||||49792.3359375|166.5|17575||||885305|THD268|X|X|0|0|7||||132|83|0|0|[]|13:49:52:336
21|2.1|636136515754653352|0|49793.3671875|7.4510264330203|100.34036627402||||49793.3671875|166.75|17625||||885305|THD268|X|X|0|0|7||||132|51|0|0|[]|13:49:53:367
21|2.1|636136515789286815|0|49796.8125|7.4573779039619|100.34036627402||||49796.8125|168.25|17775||||885305|THD268|X|X|0|0|7||||132|83|0|0|[]|13:49:56:813
21|2.1|636136515799737860|0|49797.8671875|7.4595236711719|100.34036627402||||49797.8671875|168.5|17800||||885305|THD268|X|X|0|0|7||||132|51|0|0|[]|13:49:57:867
21|2.1|636136515829390825|0|49800.8203125|7.4648451738527|100.340409189364||||49800.8203125|169.5|17925||||885305|THD268|X|X|0|0|7||||132|83|0|0|[]|13:50:00:820
21|2.1|636136515843572243|0|49802.25|7.4673557214884|100.340409189364||||49802.25|170|17975||||885305|THD268|X|X|0|0|7||||132|51|0|0|[]|13:50:02:250
21|2.1|636136515886796565|0|49806.578125|7.4737715654463|100.340409189364||||49806.578125|171.25|18100||||885305|THD268|X|X|0|0|7||||132|51|0|0|[]|13:50:06:578
21|2.1|636136515886946580|0|49806.578125|7.4737715654463|100.340409189364||||49806.578125|171.25|18100||||885305|THD268|X|X||0|7||||132|83|0|0|[]|13:50:06:578
21|2.1|636136515929690854|0|49810.859375|7.4816036157628|100.340452104708||||49810.859375|172.75|18275||||885305|THD268|X|X|0|0|7||||132|51|0|0|[]|13:50:10:859
21|2.1|636136515943882273|0|49812.265625|7.4844789438242|100.340452104708||||49812.265625|173|18275||||885305|THD268|X|X|0|0|7||||132|83|0|0|[]|13:50:12:266
21|2.1|636136515971655050|0|49815.0546875|7.4895000390956|100.340452104708||||49815.0546875|174|18400||||885305|THD268|X|X|0|0|7||||132|51|0|0|[]|13:50:15:055
21|2.1|636136516000827967|0|49817.96875|7.4952292375463|100.340452104708||||49817.96875|175.25|18525||||885305|THD268|X|X|0|0|7||||132|83|0|0|[]|13:50:17:969
21|2.1|636136516015339418|0|49819.4296875|7.497739785182|100.340495020053||||49819.4296875|175.75|18575||||885305|THD268|X|X|0|0|7||||132|51|0|0|[]|13:50:19:430
21|2.1|636136516059643848|0|49823.859375|7.5059795312684|100.340495020053||||49823.859375|177.5|18800||||885305|THD268|X|X|0|0|7||||132|51|0|0|[]|13:50:23:859
21|2.1|636136516059803864|0|49823.859375|7.5059795312684|100.340495020053||||49823.859375|177.5|18775||||885305|THD268|X|X|0|0|7||||132|83|0|0|[]|13:50:23:859
21|2.1|636136516101298013|0|49828.03125|7.5120949678169|100.340516477725||||49828.03125|179.25|18950||||885305|THD268|X|X|0|0|7||||132|51|0|0|[]|13:50:28:031
21|2.1|636136516116739557|0|49829.5625|7.5146055154526|100.340495020053||||49829.5625|179.75|19025||||885305|THD268|X|X|0|0|7||||132|83|0|0|[]|13:50:29:563
21|2.1|636136516145752458|0|49832.46875|7.5203776292475|100.340516477725||||49832.46875|180.5|19075||||885305|THD268|X|X|0|0|7||||132|51|0|0|[]|13:50:32:469
21|2.1|636136516157453628|0|49833.6328125|7.5225233964575|100.340516477725||||49833.6328125|181|19125||||885305|THD268|X|X|0|0|7||||132|83|0|0|[]|13:50:33:633
21|2.1|636136516186006483|0|49836.4921875|7.5279307298267|100.340559393069||||49836.4921875|182|19250||||885305|THD268|X|X|0|0|7||||132|51|0|0|[]|13:50:36:492
21|2.1|636136516212059088|0|49839.0859375|7.5326085023445|100.340559393069||||49839.0859375|182.75|19325||||885305|THD268|X|X||0|7||||132|83|0|0|[]|13:50:39:086
21|2.1|636136516228280710|0|49840.71875|7.535505288078|100.340602308413||||49840.71875|183.25|19400||||885305|THD268|X|X|0|0|7||||132|51|0|0|[]|13:50:40:719
21|2.1|636136516254643346|0|49843.3515625|7.5405478410215|100.340645223757||||49843.3515625|184|19475||||885305|THD268|X|X||0|7||||132|83|0|0|[]|13:50:43:352
21|2.1|636136516270254907|0|49844.921875|7.543444626755|100.340645223757||||49844.921875|184.5|19550||||885305|THD268|X|X|0|0|7||||132|51|0|0|[]|13:50:44:922
21|2.1|636136516295207402|0|49847.40625|7.5485300950427|100.340731054446||||49847.40625|185.25|19625||||885305|THD268|X|X|0|0|7||||132|83|0|0|[]|13:50:47:406
21|2.1|636136516314399321|0|49849.328125|7.551813118874|100.340795427462||||49849.328125|185.75|19700||||885305|THD268|X|X|0|0|7||||132|51|0|0|[]|13:50:49:328
21|2.1|636136516338111692|0|49851.6875|7.5547528199517|100.340838342806||||49851.6875|186.5|19750||||885305|THD268|X|X|0|0|7||||132|83|0|0|[]|13:50:51:688
21|2.1|636136516356833564|0|49853.578125|7.5583577088645|100.340924173495||||49853.578125|187.25|19800||||885305|THD268|X|X|0|0|7||||132|51|0|0|[]|13:50:53:578
21|2.1|636136516379765857|0|49855.859375|7.5627350739729|100.340967088839||||49855.859375|187.75|19875||||885305|THD268|X|X|0|0|7||||132|83|0|0|[]|13:50:55:859
21|2.1|636136516398327713|0|49857.71875|7.5660610131484|100.341074377199||||49857.71875|188.25|19925||||885305|THD268|X|X|0|0|7||||132|51|0|0|[]|13:50:57:719
21|2.1|636136516429370817|0|49860.828125|7.5722408227132|100.341203123232||||49860.828125|189.25|20050||||885305|THD268|X|X|0|0|7||||132|83|0|0|[]|13:51:00:828
21|2.1|636136516440761956|0|49861.96875|7.5740861825138|100.341267496248||||49861.96875|189.5|20075||||885305|THD268|X|X|0|0|7||||132|51|0|0|[]|13:51:01:969
21|2.1|636136516470714951|0|49864.9453125|7.5796008042435|100.341396242281||||49864.9453125|190.25|20150||||885305|THD268|X|X|0|0|7||||132|83|0|0|[]|13:51:04:945
21|2.1|636136516484606340|0|49866.359375|7.5825619629933|100.341503530641||||49866.359375|190.5|20200||||885305|THD268|X|X|0|0|7||||132|51|0|0|[]|13:51:06:359
21|2.1|636136516519699849|0|49869.8515625|7.5896000794421|100.34169664969||||49869.8515625|191.5|20300||||885305|THD268|X|X|0|0|7||||132|83|0|0|[]|13:51:09:852
21|2.1|636136516533271206|0|49871.21875|7.592153542422|100.341761022707||||49871.21875|192|20350||||885305|THD268|X|X|0|0|7||||132|51|0|0|[]|13:51:11:219
21|2.1|636136516567744653|0|49874.65625|7.598805420773|100.341932684083||||49874.65625|193|20450||||885305|THD268|X|X|0|0|7||||132|83|0|0|[]|13:51:14:656
21|2.1|636136516577735652|0|49875.671875|7.5988268784451|100.341954141755||||49875.671875|193.5|20500||||885305|THD268|X|X|0|0|7||||132|51|0|0|[]|13:51:15:672
21|2.1|636136516608928771|0|49878.765625|7.6043629578469|100.34210434546||||49878.765625|194.75|20600||||885305|THD268|X|X|0|0|7||||132|83|0|0|[]|13:51:18:766
21|2.1|636136516619229801|0|49879.8203125|7.606959336171|100.342168718476||||49879.8203125|195.25|20650||||885305|THD268|X|X|0|0|7||||132|51|0|0|[]|13:51:19:820
21|2.1|636136516660103888|0|49883.8984375|7.6143622330455|100.34240475287||||49883.8984375|196.75|20825||||885305|THD268|X|X|0|0|7||||132|51|0|0|[]|13:51:23:898
21|2.1|636136516660103888|0|49883.8984375|7.6143622330455|100.34240475287||||49883.8984375|196.75|20825||||885305|THD268|X|X|0|0|7||||132|83|0|0|[]|13:51:23:898
21|2.1|636136516703158193|0|49888.2109375|7.622838013525|100.342640787263||||49888.2109375|198.25|21000||||885305|THD268|X|X|0|0|7||||132|51|0|0|[]|13:51:28:211
21|2.1|636136516703318209|0|49888.2109375|7.622838013525|100.342640787263||||49888.2109375|198.25|21000||||885305|THD268|X|X|0|0|7||||132|83|0|0|[]|13:51:28:211
21|2.1|636136516743412218|0|49892.234375|7.6306056908252|100.342876821656||||49892.234375|199.5|21175||||885305|THD268|X|X|0|0|7||||132|51|0|0|[]|13:51:32:234
21|2.1|636136516759013778|0|49893.78125|7.6339101723286|100.342962652344||||49893.78125|200|21225||||885305|THD268|X|X|0|0|7||||132|83|0|0|[]|13:51:33:781
21|2.1|636136516788496726|0|49896.734375|7.6390814713047|100.343112856049||||49896.734375|200.75|21275||||885305|THD268|X|X|0|0|7||||132|51|0|0|[]|13:51:36:734
21|2.1|636136516807218598|0|49898.609375|7.6431798866758|100.343241602081||||49898.609375|201.25|21350||||885305|THD268|X|X|0|0|7||||132|83|0|0|[]|13:51:38:609
21|2.1|636136516831241000|0|49901.015625|7.6457762649999|100.343305975098||||49901.015625|202.25|21425||||885305|THD268|X|X|0|0|7||||132|51|0|0|[]|13:51:41:016
21|2.1|636136516863844260|0|49904.265625|7.6521277359415|100.343477636475||||49904.265625|203.25|21525||||885305|THD268|X|X||0|7||||132|83|0|0|[]|13:51:44:266
21|2.1|636136516873515227|0|49905.234375|7.65395163807|100.343542009491||||49905.234375|203.75|21575||||885305|THD268|X|X|0|0|7||||132|51|0|0|[]|13:51:45:234
21|2.1|636136516909088784|0|49908.796875|7.6609897545188|100.343713670868||||49908.796875|205|21725||||885305|THD268|X|X||0|7||||132|83|0|0|[]|13:51:48:797
21|2.1|636136516914709346|0|49909.3671875|7.6617193153702|100.343713670868||||49909.3671875|205.25|21775||||885305|THD268|X|X|0|0|7||||132|51|0|0|[]|13:51:49:367
21|2.1|636136516951212996|0|49913.0078125|7.6691651275889|100.343906789917||||49913.0078125|206.75|21900||||885305|THD268|X|X||0|7||||132|83|0|0|[]|13:51:53:008
21|2.1|636136516955573432|0|49913.4375|7.6698946884403|100.343906789917||||49913.4375|206.75|21925||||885305|THD268|X|X|0|0|7||||132|51|0|0|[]|13:51:53:438
21|2.1|636136516992237098|0|49917.109375|7.6765465667913|100.344099908965||||49917.109375|208.25|22100||||885305|THD268|X|X||0|7||||132|83|0|0|[]|13:51:57:109
21|2.1|636136517002688143|0|49918.1484375|7.6787567070176|100.34414282431||||49918.1484375|208.75|22150||||885305|THD268|X|X|0|0|7||||132|51|0|0|[]|13:51:58:148
21|2.1|636136517040761950|0|49921.9609375|7.6857733657943|100.344335943359||||49921.9609375|210.5|22350||||885305|THD268|X|X|0|0|7||||132|83|0|0|[]|13:52:01:961
21|2.1|636136517044652339|0|49922.359375|7.6865243843178|100.344335943359||||49922.359375|210.5|22325||||885305|THD268|X|X|0|0|7||||132|51|0|0|[]|13:52:02:359
21|2.1|636136517089896863|0|49926.890625|7.6934981277503|100.344507604735||||49926.890625|212.75|22550||||885305|THD268|X|X|0|0|7||||132|51|0|0|[]|13:52:06:891
21|2.1|636136517098167690|0|49927.6953125|7.6953220298788|100.34455052008||||49927.6953125|213|22575||||885305|THD268|X|X|0|0|7||||132|83|0|0|[]|13:52:07:695
21|2.1|636136517132331106|0|49931.1171875|7.7015018394436|100.344722181456||||49931.1171875|214.5|22725||||885305|THD268|X|X|0|0|7||||132|51|0|0|[]|13:52:11:117
21|2.1|636136517142472120|0|49932.125|7.7033471992442|100.344743639128||||49932.125|214.75|22750||||885305|THD268|X|X|0|0|7||||132|83|0|0|[]|13:52:12:125
21|2.1|636136517172265099|0|49935.1171875|7.7091836860554|100.344915300505||||49935.1171875|216|22925||||885305|THD268|X|X|0|0|7||||132|51|0|0|[]|13:52:15:117
21|2.1|636136517186466519|0|49936.53125|7.7117586067074|100.344936758177||||49936.53125|216.5|22975||||885305|THD268|X|X|0|0|7||||132|83|0|0|[]|13:52:16:531
21|2.1|636136517217509623|0|49939.6484375|7.7179384162722|100.345108419554||||49939.6484375|217.5|23100||||885305|THD268|X|X|0|0|7||||132|51|0|0|[]|13:52:19:648
21|2.1|636136517227030575|0|49940.5859375|7.7197623184007|100.345151334898||||49940.5859375|217.75|23100||||885305|THD268|X|X|0|0|7||||132|83|0|0|[]|13:52:20:586
21|2.1|636136517261814053|0|49944.078125|7.7263712814075|100.345301538603||||49944.078125|218.75|23250||||885305|THD268|X|X|0|0|7||||132|51|0|0|[]|13:52:24:078
21|2.1|636136517277105582|0|49945.59375|7.7292466094689|100.345344453947||||49945.59375|219.25|23275||||885305|THD268|X|X||0|7||||132|83|0|0|[]|13:52:25:594
21|2.1|636136517303778249|0|49948.2578125|7.7325510909723|100.345430284636||||49948.2578125|220|23350||||885305|THD268|X|X|0|0|7||||132|51|0|0|[]|13:52:28:258
21|2.1|636136517318759747|0|49949.7578125|7.7351045539522|100.345494657652||||49949.7578125|220.5|23425||||885305|THD268|X|X|0|0|7||||132|83|0|0|[]|13:52:29:758
21|2.1|636136517345432414|0|49952.4296875|7.7405977180098|100.345623403685||||49952.4296875|221|23475||||885305|THD268|X|X|0|0|7||||132|51|0|0|[]|13:52:32:430
21|2.1|636136517359323803|0|49953.8046875|7.7431297233176|100.345666319029||||49953.8046875|221.25|23500||||885305|THD268|X|X|0|0|7||||132|83|0|0|[]|13:52:33:805
21|2.1|636136517385996470|0|49956.484375|7.7483010222937|100.345773607389||||49956.484375|222|23575||||885305|THD268|X|X|0|0|7||||132|51|0|0|[]|13:52:36:484
21|2.1|636136517406118482|0|49958.484375|7.7519488265507|100.345859438078||||49958.484375|222.5|23650||||885305|THD268|X|X|0|0|7||||132|83|0|0|[]|13:52:38:484
21|2.1|636136517429840854|0|49960.875|7.7563476493312|100.345945268766||||49960.875|223.25|23725||||885305|THD268|X|X|0|0|7||||132|51|0|0|[]|13:52:40:875
21|2.1|636136517455893459|0|49963.46875|7.7614760329631|100.346052557127||||49963.46875|224|23800||||885305|THD268|X|X|0|0|7||||132|83|0|0|[]|13:52:43:469
21|2.1|636136517476015471|0|49965.484375|7.7651452948922|100.346095472471||||49965.484375|224.25|23850||||885305|THD268|X|X|0|0|7||||132|51|0|0|[]|13:52:45:484
21|2.1|636136517504558325|0|49968.3359375|7.770681374294|100.346224218503||||49968.3359375|225|23925||||885305|THD268|X|X||0|7||||132|83|0|0|[]|13:52:48:336
21|2.1|636136517519229792|0|49969.8203125|7.7736210753717|100.34628859152||||49969.8203125|225.25|23950||||885305|THD268|X|X|0|0|7||||132|51|0|0|[]|13:52:49:820
21|2.1|636136517545432412|0|49972.4296875|7.7769470145472|100.346331506864||||49972.4296875|225.75|23975||||885305|THD268|X|X|0|0|7||||132|83|0|0|[]|13:52:52:430
21|2.1|636136517560253894|0|49973.9140625|7.7795219351992|100.346417337552||||49973.9140625|226.25|24050||||885305|THD268|X|X|0|0|7||||132|51|0|0|[]|13:52:53:914
21|2.1|636136517585686437|0|49976.4453125|7.7846932341753|100.346524625913||||49976.4453125|226.75|24075||||885305|THD268|X|X|0|0|7||||132|83|0|0|[]|13:52:56:445
21|2.1|636136517604878356|0|49978.375|7.7883839537765|100.346610456601||||49978.375|227.25|24150||||885305|THD268|X|X|0|0|7||||132|51|0|0|[]|13:52:58:375
21|2.1|636136517632171085|0|49981.09375|7.7935337950805|100.34669628729||||49981.09375|228|24225||||885305|THD268|X|X|0|0|7||||132|83|0|0|[]|13:53:01:094
21|2.1|636136517647302598|0|49982.625|7.7965164115024|100.346760660306||||49982.625|228.5|24300||||885305|THD268|X|X|0|0|7||||132|51|0|0|[]|13:53:02:625
21|2.1|636136517677265594|0|49985.609375|7.802438729002|100.346889406338||||49985.609375|229.25|24375||||885305|THD268|X|X|0|0|7||||132|83|0|0|[]|13:53:05:609
21|2.1|636136517691767044|0|49987.0703125|7.8050351073261|100.346932321683||||49987.0703125|229.75|24425||||885305|THD268|X|X|0|0|7||||132|51|0|0|[]|13:53:07:070
21|2.1|636136517722500117|0|49990.125|7.8109574248257|100.347082525387||||49990.125|230.5|24525||||885305|THD268|X|X|0|0|7||||132|83|0|0|[]|13:53:10:125
21|2.1|636136517733731240|0|49991.265625|7.8132104803962|100.347125440732||||49991.265625|230.75|24550||||885305|THD268|X|X|0|0|7||||132|51|0|0|[]|13:53:11:266
21|2.1|636136517764784345|0|49994.359375|7.8187680174701|100.347275644436||||49994.359375|231.75|24650||||885305|THD268|X|X|0|0|7||||132|83|0|0|[]|13:53:14:359
21|2.1|636136517774605327|0|49995.359375|7.8209781576964|100.347297102108||||49995.359375|232|24675||||885305|THD268|X|X|0|0|7||||132|51|0|0|[]|13:53:15:359
21|2.1|636136517807528619|0|49998.640625|7.8254413534932|100.347425848141||||49998.640625|232.75|24725||||885305|THD268|X|X|0|0|7||||132|83|0|0|[]|13:53:18:641
21|2.1|636136517818129679|0|49999.6953125|7.8276729513916|100.347447305813||||49999.6953125|233.25|24775||||885305|THD268|X|X|0|0|7||||132|51|0|0|[]|13:53:19:695
21|2.1|636136517847622628|0|50002.6484375|7.8332090307934|100.347597509518||||50002.6484375|234|24875||||885305|THD268|X|X|0|0|7||||132|83|0|0|[]|13:53:22:648
21|2.1|636136517861824048|0|50004.078125|7.8358054091175|100.347640424862||||50004.078125|234.25|24900||||885305|THD268|X|X|0|0|7||||132|51|0|0|[]|13:53:24:078
21|2.1|636136517888796745|0|50006.7578125|7.8410196234378|100.347790628567||||50006.7578125|235|25000||||885305|THD268|X|X|0|0|7||||132|83|0|0|[]|13:53:26:758
21|2.1|636136517906118477|0|50008.5|7.8443670202854|100.347855001583||||50008.5|235.5|25050||||885305|THD268|X|X|0|0|7||||132|51|0|0|[]|13:53:28:500
21|2.1|636136517935451410|0|50011.4296875|7.850289337785|100.347983747616||||50011.4296875|236.25|25125||||885305|THD268|X|X|0|0|7||||132|83|0|0|[]|13:53:31:430
21|2.1|636136517946842549|0|50012.578125|7.8525209356834|100.34802666296||||50012.578125|236.5|25150||||885305|THD268|X|X|0|0|7||||132|51|0|0|[]|13:53:32:578
21|2.1|636136517978665731|0|50015.75|7.8584647108551|100.348198324337||||50015.75|237.25|25250||||885305|THD268|X|X|0|0|7||||132|83|0|0|[]|13:53:35:750
21|2.1|636136517986926557|0|50016.5859375|7.8603529859999|100.348219782009||||50016.5859375|237.5|25275||||885305|THD268|X|X|0|0|7||||132|51|0|0|[]|13:53:36:586
21|2.1|636136518021560020|0|50020.0234375|7.8651595045503|100.348327070369||||50020.0234375|238.25|25325||||885305|THD268|X|X|0|0|7||||132|83|0|0|[]|13:53:40:023
21|2.1|636136518027180582|0|50020.609375|7.8662967611716|100.348369985713||||50020.609375|238.5|25350||||885305|THD268|X|X|0|0|7||||132|51|0|0|[]|13:53:40:609
21|2.1|636136518061664030|0|50024.046875|7.8729915548668|100.348563104762||||50024.046875|239.25|25450||||885305|THD268|X|X|0|0|7||||132|83|0|0|[]|13:53:44:047
21|2.1|636136518067424606|0|50024.625|7.8741288114881|100.348563104762||||50024.625|239.25|25450||||885305|THD268|X|X|0|0|7||||132|51|0|0|[]|13:53:44:625
21|2.1|636136518106268490|0|50028.5078125|7.8815960813789|100.348756223811||||50028.5078125|240.25|25550||||885305|THD268|X|X|0|0|7||||132|83|0|0|[]|13:53:48:508
21|2.1|636136518111579021|0|50029.0390625|7.8827333380002|100.348799139155||||50029.0390625|240.25|25550||||885305|THD268|X|X|0|0|7||||132|51|0|0|[]|13:53:49:039
21|2.1|636136518152143077|0|50033.109375|7.8906083036609|100.348970800532||||50033.109375|241.25|25650||||885305|THD268|X|X|0|0|7||||132|51|0|0|[]|13:53:53:109
21|2.1|636136518152293092|0|50033.109375|7.8906083036609|100.348970800532||||50033.109375|241.25|25650||||885305|THD268|X|X|0|0|7||||132|83|0|0|[]|13:53:53:109
21|2.1|636136518193787241|0|50037.265625|7.8984403539774|100.349163919581||||50037.265625|242.25|25775||||885305|THD268|X|X|0|0|7||||132|51|0|0|[]|13:53:57:266
21|2.1|636136518198467709|0|50037.7265625|7.899212830173|100.349163919581||||50037.7265625|242.25|25775||||885305|THD268|X|X|0|0|7||||132|83|0|0|[]|13:53:57:727
21|2.1|636136518234201282|0|50041.3203125|7.9063582349823|100.34935703863||||50041.3203125|242.75|25850||||885305|THD268|X|X|0|0|7||||132|51|0|0|[]|13:54:01:320
21|2.1|636136518243402202|0|50042.21875|7.9082465101271|100.349399953974||||50042.21875|243|25850||||885305|THD268|X|X|0|0|7||||132|83|0|0|[]|13:54:02:219
21|2.1|636136518280225884|0|50045.828125|7.9135036397916|100.349507242335||||50045.828125|243.5|25925||||885305|THD268|X|X|0|0|7||||132|51|0|0|[]|13:54:05:828
21|2.1|636136518288486710|0|50046.7265625|7.9150485921828|100.349550157679||||50046.7265625|243.75|25925||||885305|THD268|X|X|0|0|7||||132|83|0|0|[]|13:54:06:727
21|2.1|636136518324060267|0|50050.2890625|7.9222154546642|100.349743276728||||50050.2890625|244.75|26025||||885305|THD268|X|X|0|0|7||||132|51|0|0|[]|13:54:10:289
21|2.1|636136518333731234|0|50051.25|7.9241251874811|100.3497647344||||50051.25|244.75|26025||||885305|THD268|X|X|0|0|7||||132|83|0|0|[]|13:54:11:250
21|2.1|636136518368834744|0|50054.7734375|7.9313135076346|100.349914938105||||50054.7734375|245.75|26150||||885305|THD268|X|X|0|0|7||||132|51|0|0|[]|13:54:14:773
21|2.1|636136518384276288|0|50056.3046875|7.9339528013029|100.349979311121||||50056.3046875|246.25|26200||||885305|THD268|X|X|0|0|7||||132|83|0|0|[]|13:54:16:305
21|2.1|636136518414229283|0|50059.3203125|7.9400038648351|100.350150972498||||50059.3203125|247|26300||||885305|THD268|X|X|0|0|7||||132|51|0|0|[]|13:54:19:320
21|2.1|636136518425150375|0|50060.3828125|7.9422998357498|100.350193887842||||50060.3828125|247.25|26325||||885305|THD268|X|X|0|0|7||||132|83|0|0|[]|13:54:20:383
21|2.1|636136518462284088|0|50064.1171875|7.9494881559033|100.350322633874||||50064.1171875|248.25|26450||||885305|THD268|X|X|0|0|7||||132|51|0|0|[]|13:54:24:117
21|2.1|636136518468054665|0|50064.6875|7.9506039548525|100.350344091547||||50064.6875|248.5|26475||||885305|THD268|X|X|0|0|7||||132|83|0|0|[]|13:54:24:688
21|2.1|636136518507678627|0|50068.65625|7.9566979337289|100.350494295251||||50068.65625|249.5|26550||||885305|THD268|X|X||0|7||||132|51|0|0|[]|13:54:28:656
21|2.1|636136518512039063|0|50069.078125|7.9574489522524|100.350537210595||||50069.078125|249.5|26550||||885305|THD268|X|X|0|0|7||||132|83|0|0|[]|13:54:29:078
21|2.1|636136518552603119|0|50073.1328125|7.9654097486015|100.3506874143||||50073.1328125|250.5|26650||||885305|THD268|X|X||0|7||||132|51|0|0|[]|13:54:33:133
21|2.1|636136518552603119|0|50073.1328125|7.9654097486015|100.3506874143||||50073.1328125|250.5|26650||||885305|THD268|X|X|0|0|7||||132|83|0|0|[]|13:54:33:133
21|2.1|636136518595197378|0|50077.40625|7.9741644788183|100.350880533349||||50077.40625|251.5|26775||||885305|THD268|X|X||0|7||||132|51|0|0|[]|13:54:37:406
21|2.1|636136518600657924|0|50077.9375|7.9749154973418|100.350923448693||||50077.9375|251.75|26800||||885305|THD268|X|X|0|0|7||||132|83|0|0|[]|13:54:37:938
21|2.1|636136518637161574|0|50081.59375|7.9825329709373|100.351073652398||||50081.59375|252.5|26875||||885305|THD268|X|X||0|7||||132|51|0|0|[]|13:54:41:594
21|2.1|636136518642462104|0|50082.125|7.9832625317887|100.351073652398||||50082.125|252.5|26875||||885305|THD268|X|X|0|0|7||||132|83|0|0|[]|13:54:42:125
21|2.1|636136518682246082|0|50086.1171875|7.991266243482|100.351266771447||||50086.1171875|253.25|26975||||885305|THD268|X|X||0|7||||132|51|0|0|[]|13:54:46:117
21|2.1|636136518692537111|0|50087.125|7.993197433971|100.351309686791||||50087.125|253.5|27000||||885305|THD268|X|X|0|0|7||||132|83|0|0|[]|13:54:47:125
21|2.1|636136518725770434|0|50090.46875|7.9996991086173|100.351438432824||||50090.46875|254|27050||||885305|THD268|X|X||0|7||||132|51|0|0|[]|13:54:50:469
21|2.1|636136518741221979|0|50091.9921875|8.0012011456643|100.35150280584||||50091.9921875|254.25|27075||||885305|THD268|X|X||0|7||||132|83|0|0|[]|13:54:51:992
21|2.1|636136518767424599|0|50094.625|8.0062007832636|100.351588636528||||50094.625|254.75|27125||||885305|THD268|X|X||0|7||||132|51|0|0|[]|13:54:54:625
21|2.1|636136518782086065|0|50096.0859375|8.0092692303739|100.351674467217||||50096.0859375|255|27150||||885305|THD268|X|X|0|0|7||||132|83|0|0|[]|13:54:56:086
21|2.1|636136518810638920|0|50098.953125|8.014655106071|100.351781755577||||50098.953125|255.5|27200||||885305|THD268|X|X||0|7||||132|51|0|0|[]|13:54:58:953
21|2.1|636136518823740230|0|50100.2421875|8.0177450108534|100.351867586266||||50100.2421875|255.75|27250||||885305|THD268|X|X||0|7||||132|83|0|0|[]|13:55:00:242
21|2.1|636136518853383194|0|50103.2265625|8.0235385823204|100.35201778997||||50103.2265625|256.5|27300||||885305|THD268|X|X||0|7||||132|51|0|0|[]|13:55:03:227
21|2.1|636136518867734629|0|50104.65625|8.0262207913329|100.352060705315||||50104.65625|256.75|27350||||885305|THD268|X|X||0|7||||132|83|0|0|[]|13:55:04:656
21|2.1|636136518898317687|0|50107.71875|8.0323791432256|100.352189451347||||50107.71875|257.5|27425||||885305|THD268|X|X||0|7||||132|51|0|0|[]|13:55:07:719
21|2.1|636136518908918747|0|50108.765625|8.0343103337146|100.352253824363||||50108.765625|257.75|27450||||885305|THD268|X|X|0|0|7||||132|83|0|0|[]|13:55:08:766
21|2.1|636136518942462101|0|50112.125|8.0413055348192|100.352382570396||||50112.125|258.5|27525||||885305|THD268|X|X|0|0|7||||132|51|0|0|[]|13:55:12:125
21|2.1|636136518952293084|0|50113.109375|8.0432581829803|100.35242548574||||50113.109375|258.5|27550||||885305|THD268|X|X|0|0|7||||132|83|0|0|[]|13:55:13:109
21|2.1|636136518987246579|0|50116.609375|8.0486440586774|100.352532774101||||50116.609375|259.5|27625||||885305|THD268|X|X|0|0|7||||132|51|0|0|[]|13:55:16:609
21|2.1|636136518997067561|0|50117.5859375|8.0505967068385|100.352618604789||||50117.5859375|259.5|27625||||885305|THD268|X|X||0|7||||132|83|0|0|[]|13:55:17:586
21|2.1|636136519027640618|0|50120.6484375|8.0567979740754|100.35272589315||||50120.6484375|260.5|27725||||885305|THD268|X|X|0|0|7||||132|51|0|0|[]|13:55:20:648
21|2.1|636136519038561710|0|50121.734375|8.0587506222365|100.352790266166||||50121.734375|260.75|27750||||885305|THD268|X|X||0|7||||132|83|0|0|[]|13:55:21:734
21|2.1|636136519079125766|0|50125.796875|8.067226402716|100.352961927543||||50125.796875|261.75|27875||||885305|THD268|X|X|0|0|7||||132|51|0|0|[]|13:55:25:797
21|2.1|636136519079125766|0|50125.796875|8.067226402716|100.352961927543||||50125.796875|261.75|27875||||885305|THD268|X|X|0|0|7||||132|83|0|0|[]|13:55:25:797
21|2.1|636136519124210274|0|50130.3046875|8.0761527943096|100.353197961936||||50130.3046875|263|28000||||885305|THD268|X|X|0|0|7||||132|51|0|0|[]|13:55:30:305
21|2.1|636136519124370290|0|50130.3046875|8.0761527943096|100.353197961936||||50130.3046875|263|28000||||885305|THD268|X|X||0|7||||132|83|0|0|[]|13:55:30:305
21|2.1|636136519164464299|0|50134.3359375|8.0842637943634|100.353391080985||||50134.3359375|264|28125||||885305|THD268|X|X||0|7||||132|51|0|0|[]|13:55:34:336
21|2.1|636136519164614314|0|50134.3359375|8.0842637943634|100.353391080985||||50134.3359375|264|28125||||885305|THD268|X|X||0|7||||132|83|0|0|[]|13:55:34:336
21|2.1|636136519204858338|0|50138.3671875|8.0920314716636|100.353519827017||||50138.3671875|265|28250||||885305|THD268|X|X||0|7||||132|51|0|0|[]|13:55:38:367
21|2.1|636136519204868339|0|50138.3671875|8.0920314716636|100.353519827017||||50138.3671875|265|28250||||885305|THD268|X|X|0|0|7||||132|83|0|0|[]|13:55:38:367
21|2.1|636136519248542706|0|50142.7421875|8.0989622997519|100.353712946066||||50142.7421875|266|28325||||885305|THD268|X|X||0|7||||132|51|0|0|[]|13:55:42:742
21|2.1|636136519248702722|0|50142.7421875|8.0989622997519|100.353712946066||||50142.7421875|266|28325||||885305|THD268|X|X|0|0|7||||132|83|0|0|[]|13:55:42:742
21|2.1|636136519291757027|0|50147.0625|8.1079101490176|100.353906065115||||50147.0625|266.75|28425||||885305|THD268|X|X||0|7||||132|51|0|0|[]|13:55:47:063
21|2.1|636136519296597511|0|50147.5390625|8.1087040828853|100.353906065115||||50147.5390625|267|28450||||885305|THD268|X|X|0|0|7||||132|83|0|0|[]|13:55:47:539
21|2.1|636136519333731224|0|50151.2578125|8.1164717601855|100.354099184164||||50151.2578125|267.5|28500||||885305|THD268|X|X|0|0|7||||132|51|0|0|[]|13:55:51:258
21|2.1|636136519338251676|0|50151.703125|8.1172442363811|100.354099184164||||50151.703125|267.75|28525||||885305|THD268|X|X||0|7||||132|83|0|0|[]|13:55:51:703
21|2.1|636136519376475498|0|50155.5390625|8.1250333713534|100.354292303213||||50155.5390625|268.25|28600||||885305|THD268|X|X|0|0|7||||132|51|0|0|[]|13:55:55:539
21|2.1|636136519381155966|0|50155.984375|8.1262135433189|100.354292303213||||50155.984375|268.5|28625||||885305|THD268|X|X|0|0|7||||132|83|0|0|[]|13:55:55:984
21|2.1|636136519416879538|0|50159.578125|8.1336378978655|100.35446396459||||50159.578125|269|28675||||885305|THD268|X|X|0|0|7||||132|51|0|0|[]|13:55:59:578
21|2.1|636136519421560006|0|50160.0390625|8.1344103740611|100.35446396459||||50160.0390625|269.25|28700||||885305|THD268|X|X|0|0|7||||132|83|0|0|[]|13:56:00:039
21|2.1|636136519459613811|0|50163.84375|8.1402683185444|100.354614168294||||50163.84375|270|28775||||885305|THD268|X|X|0|0|7||||132|51|0|0|[]|13:56:03:844
21|2.1|636136519464454295|0|50164.3125|8.1410622524121|100.354657083639||||50164.3125|270.25|28775||||885305|THD268|X|X||0|7||||132|83|0|0|[]|13:56:04:313
21|2.1|636136519504558305|0|50168.3515625|8.1492590831543|100.354850202688||||50168.3515625|271.25|28875||||885305|THD268|X|X|0|0|7||||132|51|0|0|[]|13:56:08:352
21|2.1|636136519504708320|0|50168.3515625|8.1492590831543|100.354850202688||||50168.3515625|271.25|28875||||885305|THD268|X|X||0|7||||132|83|0|0|[]|13:56:08:352
21|2.1|636136519548702719|0|50172.7578125|8.1582283900921|100.355043321736||||50172.7578125|272.25|29000||||885305|THD268|X|X|0|0|7||||132|51|0|0|[]|13:56:12:758
21|2.1|636136519548852734|0|50172.7578125|8.1582283900921|100.355043321736||||50172.7578125|272.25|29000||||885305|THD268|X|X||0|7||||132|83|0|0|[]|13:56:12:758
21|2.1|636136519593477196|0|50177.2265625|8.167648308144|100.355257898457||||50177.2265625|273|29100||||885305|THD268|X|X||0|7||||132|83|0|0|[]|13:56:17:227
21|2.1|636136519597527601|0|50177.625|8.1684207843396|100.355257898457||||50177.625|273.25|29125||||885305|THD268|X|X|0|0|7||||132|51|0|0|[]|13:56:17:625
21|2.1|636136519634341282|0|50181.328125|8.1754803584605|100.355451017506||||50181.328125|274|29200||||885305|THD268|X|X||0|7||||132|83|0|0|[]|13:56:21:328
21|2.1|636136519639181766|0|50181.8046875|8.1770467685238|100.355472475178||||50181.8046875|274|29200||||885305|THD268|X|X|0|0|7||||132|51|0|0|[]|13:56:21:805
21|2.1|636136519678025650|0|50185.671875|8.1844925807425|100.355644136555||||50185.671875|274.5|29275||||885305|THD268|X|X||0|7||||132|83|0|0|[]|13:56:25:672
21|2.1|636136519683026150|0|50186.1875|8.1856512950359|100.355665594227||||50186.1875|274.75|29300||||885305|THD268|X|X|0|0|7||||132|51|0|0|[]|13:56:26:188
21|2.1|636136519717959643|0|50189.671875|8.1907582209957|100.355772882588||||50189.671875|275.25|29350||||885305|THD268|X|X||0|7||||132|83|0|0|[]|13:56:29:672
21|2.1|636136519722960143|0|50190.1953125|8.1919383929612|100.355837255604||||50190.1953125|275.25|29325||||885305|THD268|X|X|0|0|7||||132|51|0|0|[]|13:56:30:195
21|2.1|636136519761493996|0|50194.0234375|8.199834816294|100.356008916981||||50194.0234375|276|29400||||885305|THD268|X|X||0|7||||132|83|0|0|[]|13:56:34:023
21|2.1|636136519767264573|0|50194.6015625|8.2010149882595|100.356030374653||||50194.6015625|276.25|29450||||885305|THD268|X|X|0|0|7||||132|51|0|0|[]|13:56:34:602
21|2.1|636136519804858332|0|50198.3671875|8.2085037158224|100.356223493702||||50198.3671875|277|29525||||885305|THD268|X|X|0|0|7||||132|83|0|0|[]|13:56:38:367
21|2.1|636136519809078754|0|50198.78125|8.2096624301158|100.356244951374||||50198.78125|277.25|29550||||885305|THD268|X|X|0|0|7||||132|51|0|0|[]|13:56:38:781
21|2.1|636136519848382684|0|50202.7265625|8.2175803111207|100.356416612751||||50202.7265625|278|29625||||885305|THD268|X|X|0|0|7||||132|83|0|0|[]|13:56:42:727
21|2.1|636136519853543200|0|50203.2421875|8.2187819407583|100.356438070423||||50203.2421875|278|29650||||885305|THD268|X|X|0|0|7||||132|51|0|0|[]|13:56:43:242
21|2.1|636136519890816927|0|50206.953125|8.2262921259933|100.3566097318||||50206.953125|279|29725||||885305|THD268|X|X|0|0|7||||132|83|0|0|[]|13:56:46:953
21|2.1|636136519894877333|0|50207.3515625|8.2270646021889|100.3566097318||||50207.3515625|279|29750||||885305|THD268|X|X|0|0|7||||132|51|0|0|[]|13:56:47:352
21|2.1|636136519938091654|0|50211.6875|8.234167091654|100.356802850849||||50211.6875|280|29850||||885305|THD268|X|X|0|0|7||||132|83|0|0|[]|13:56:51:688
21|2.1|636136519942772122|0|50212.15625|8.2349395678496|100.356802850849||||50212.15625|280|29850||||885305|THD268|X|X|0|0|7||||132|51|0|0|[]|13:56:52:156
21|2.1|636136519983326177|0|50216.2109375|8.2436513827222|100.357038885242||||50216.2109375|280.75|29925||||885305|THD268|X|X|0|0|7||||132|83|0|0|[]|13:56:56:211
21|2.1|636136519983336178|0|50216.2109375|8.2436513827222|100.357038885242||||50216.2109375|280.75|29925||||885305|THD268|X|X|0|0|7||||132|51|0|0|[]|13:56:56:211
21|2.1|636136520027790623|0|50220.6640625|8.2527279780205|100.357210546619||||50220.6640625|281.5|30025||||885305|THD268|X|X|0|0|7||||132|83|0|0|[]|13:57:00:664
21|2.1|636136520033571201|0|50221.2421875|8.2539296076581|100.357274919635||||50221.2421875|281.5|30025||||885305|THD268|X|X|0|0|7||||132|51|0|0|[]|13:57:01:242
21|2.1|636136520068974741|0|50224.7734375|8.2610750124674|100.357403665667||||50224.7734375|282|30075||||885305|THD268|X|X|0|0|7||||132|83|0|0|[]|13:57:04:773
21|2.1|636136520074125256|0|50225.296875|8.262276642105|100.357446581012||||50225.296875|282.25|30100||||885305|THD268|X|X|0|0|7||||132|51|0|0|[]|13:57:05:297
21|2.1|636136520109378781|0|50228.8046875|8.2694005892422|100.357596784716||||50228.8046875|282.75|30150||||885305|THD268|X|X|0|0|7||||132|83|0|0|[]|13:57:08:805
21|2.1|636136520124360279|0|50230.328125|8.2726192400572|100.357682615405||||50230.328125|282.75|30150||||885305|THD268|X|X|0|0|7||||132|51|0|0|[]|13:57:10:328
21|2.1|636136520153373180|0|50233.203125|8.2786059305731|100.357832819109||||50233.203125|283.25|30200||||885305|THD268|X|X|0|0|7||||132|83|0|0|[]|13:57:13:203
21|2.1|636136520173815224|0|50235.2578125|8.2829618380094|100.357918649798||||50235.2578125|283.75|30250||||885305|THD268|X|X|0|0|7||||132|51|0|0|[]|13:57:15:258
21|2.1|636136520193937236|0|50237.265625|8.2849788591868|100.357961565142||||50237.265625|284|30275||||885305|THD268|X|X|0|0|7||||132|83|0|0|[]|13:57:17:266
21|2.1|636136520213909233|0|50239.28125|8.2889485285253|100.358068853503||||50239.28125|284.25|30300||||885305|THD268|X|X|0|0|7||||132|51|0|0|[]|13:57:19:281
21|2.1|636136520234501292|0|50241.3359375|8.2933473513058|100.358197599535||||50241.3359375|284.5|30325||||885305|THD268|X|X|0|0|7||||132|83|0|0|[]|13:57:21:336
21|2.1|636136520262734115|0|50244.1640625|8.2998061106079|100.35834780324||||50244.1640625|284.75|30375||||885305|THD268|X|X|0|0|7||||132|51|0|0|[]|13:57:24:164
21|2.1|636136520278955737|0|50245.7734375|8.3030033037508|100.358412176256||||50245.7734375|285|30400||||885305|THD268|X|X|0|0|7||||132|83|0|0|[]|13:57:25:773
21|2.1|636136520302978139|0|50248.1875|8.3078098223012|100.358540922289||||50248.1875|285|30400||||885305|THD268|X|X|0|0|7||||132|51|0|0|[]|13:57:28:188
21|2.1|636136520322480089|0|50250.1171875|8.311843864656|100.358626752977||||50250.1171875|285|30400||||885305|THD268|X|X|0|0|7||||132|83|0|0|[]|13:57:30:117
21|2.1|636136520348542695|0|50252.7578125|8.3171224519926|100.358734041338||||50252.7578125|285.25|30425||||885305|THD268|X|X|0|0|7||||132|51|0|0|[]|13:57:32:758
21|2.1|636136520363514192|0|50254.234375|8.3207487985775|100.358819872026||||50254.234375|285.25|30425||||885305|THD268|X|X|0|0|7||||132|83|0|0|[]|13:57:34:234
21|2.1|636136520389096750|0|50256.796875|8.3260273859141|100.358948618059||||50256.796875|285.25|30425||||885305|THD268|X|X|0|0|7||||132|51|0|0|[]|13:57:36:797
21|2.1|636136520412809121|0|50259.15625|8.330941192825|100.359055906419||||50259.15625|285.25|30425||||885305|THD268|X|X|0|0|7||||132|83|0|0|[]|13:57:39:156
21|2.1|636136520436991539|0|50261.59375|8.3341813013121|100.359120279435||||50261.59375|285.5|30450||||885305|THD268|X|X|0|0|7||||132|51|0|0|[]|13:57:41:594
21|2.1|636136520456493489|0|50263.53125|8.3383011743553|100.359249025468||||50263.53125|285.5|30450||||885305|THD268|X|X|0|0|7||||132|83|0|0|[]|13:57:43:531
21|2.1|636136520486766516|0|50266.5625|8.3444380685759|100.359399229173||||50266.5625|285.5|30450||||885305|THD268|X|X|0|0|7||||132|51|0|0|[]|13:57:46:563
21|2.1|636136520497987638|0|50267.6875|8.3469057008674|100.359463602189||||50267.6875|285.75|30475||||885305|THD268|X|X|0|0|7||||132|83|0|0|[]|13:57:47:688
21|2.1|636136520529350774|0|50270.8125|8.3539223596441|100.359592348222||||50270.8125|285.75|30475||||885305|THD268|X|X|0|0|7||||132|51|0|0|[]|13:57:50:813
21|2.1|636136520538241663|0|50271.6953125|8.3555531427237|100.359635263566||||50271.6953125|286|30500||||885305|THD268|X|X|0|0|7||||132|83|0|0|[]|13:57:51:695
21|2.1|636136520579735812|0|50275.8671875|8.3646941110383|100.359871297959||||50275.8671875|286.25|30525||||885305|THD268|X|X|0|0|7||||132|51|0|0|[]|13:57:55:867
21|2.1|636136520579895828|0|50275.8671875|8.3646941110383|100.359871297959||||50275.8671875|286.25|30525||||885305|THD268|X|X|0|0|7||||132|83|0|0|[]|13:57:55:867
21|2.1|636136520624200258|0|50280.3046875|8.3742427751228|100.360107332352||||50280.3046875|286.75|30575||||885305|THD268|X|X|0|0|7||||132|51|0|0|[]|13:58:00:305
21|2.1|636136520624360274|0|50280.3046875|8.3742427751228|100.360107332352||||50280.3046875|286.75|30575||||885305|THD268|X|X|0|0|7||||132|83|0|0|[]|13:58:00:305
21|2.1|636136520668034641|0|50284.6796875|8.3817315026857|100.360257536057||||50284.6796875|287.5|30650||||885305|THD268|X|X|0|0|7||||132|83|0|0|[]|13:58:04:680
21|2.1|636136520710628900|0|50288.9453125|8.3908510133282|100.360472112778||||50288.9453125|288|30700||||885305|THD268|X|X|0|0|7||||132|83|0|0|[]|13:58:08:945
21|2.1|636136520730750912|0|50290.9609375|8.3950567170598|100.360579401138||||50290.9609375|288.25|30725||||885305|THD268|X|X|0|0|7||||132|51|0|0|[]|13:58:10:961
21|2.1|636136520750562893|0|50292.9453125|8.3996486588892|100.360665231827||||50292.9453125|288.5|30775||||885305|THD268|X|X|0|0|7||||132|83|0|0|[]|13:58:12:945
21|2.1|636136520792847121|0|50297.1640625|8.408832542548|100.360922723892||||50297.1640625|289|30825||||885305|THD268|X|X|0|0|7||||132|83|0|0|[]|13:58:17:164
21|2.1|636136520808288665|0|50298.7265625|8.4121799393956|100.360965639236||||50298.7265625|289.25|30850||||885305|THD268|X|X|0|0|7||||132|51|0|0|[]|13:58:18:727
21|2.1|636136520833091145|0|50301.1796875|8.417630188109|100.361094385269||||50301.1796875|289.75|30900||||885305|THD268|X|X||0|7||||132|83|0|0|[]|13:58:21:180
21|2.1|636136520876935529|0|50305.578125|8.427286140554|100.36130896199||||50305.578125|290.25|30950||||885305|THD268|X|X|0|0|7||||132|83|0|0|[]|13:58:25:578
21|2.1|636136520888156651|0|50306.703125|8.4298181458618|100.361394792678||||50306.703125|290.5|30975||||885305|THD268|X|X|0|0|7||||132|51|0|0|[]|13:58:26:703
21|2.1|636136520921700005|0|50310.046875|8.4348392411332|100.361502081039||||50310.046875|291|31025||||885305|THD268|X|X|0|0|7||||132|83|0|0|[]|13:58:30:047
21|2.1|636136520937141549|0|50311.6015625|8.4386372490949|100.361587911727||||50311.6015625|291.25|31050||||885305|THD268|X|X||0|7||||132|51|0|0|[]|13:58:31:602
21|2.1|636136520962574092|0|50314.140625|8.4436798020384|100.361695200087||||50314.140625|291.5|31075||||885305|THD268|X|X|0|0|7||||132|83|0|0|[]|13:58:34:141
21|2.1|636136520978025637|0|50315.6953125|8.4470701142302|100.361781030776||||50315.6953125|291.75|31100||||885305|THD268|X|X||0|7||||132|51|0|0|[]|13:58:35:695
21|2.1|636136521005948429|0|50318.4765625|8.4533786698276|100.361931234481||||50318.4765625|292.25|31150||||885305|THD268|X|X||0|7||||132|83|0|0|[]|13:58:38:477
21|2.1|636136521035581392|0|50321.453125|8.460116378867|100.362102895857||||50321.453125|292.75|31200||||885305|THD268|X|X|0|0|7||||132|51|0|0|[]|13:58:41:453
21|2.1|636136521046992533|0|50322.5703125|8.4626483841748|100.362145811202||||50322.5703125|293|31250||||885305|THD268|X|X|0|0|7||||132|83|0|0|[]|13:58:42:570
21|2.1|636136521089256759|0|50326.796875|8.471918098522|100.36233893025||||50326.796875|293.75|31325||||885305|THD268|X|X||0|7||||132|83|0|0|[]|13:58:46:797
21|2.1|636136521093307164|0|50327.2109375|8.4727978630781|100.362381845595||||50327.2109375|293.75|31325||||885305|THD268|X|X|0|0|7||||132|51|0|0|[]|13:58:47:211
21|2.1|636136521131370970|0|50331.0234375|8.4812092705413|100.362574964644||||50331.0234375|294.5|31425||||885305|THD268|X|X||0|7||||132|83|0|0|[]|13:58:51:023
21|2.1|636136521174275260|0|50335.3046875|8.4879898949249|100.362703710676||||50335.3046875|295.25|31475||||885305|THD268|X|X||0|7||||132|83|0|0|[]|13:58:55:305
21|2.1|636136521218109643|0|50339.6796875|8.4976887627141|100.362939745069||||50339.6796875|296.25|31575||||885305|THD268|X|X||0|7||||132|83|0|0|[]|13:58:59:680
21|2.1|636136521260543886|0|50343.9296875|8.5070013924055|100.363175779462||||50343.9296875|297|31675||||885305|THD268|X|X||0|7||||132|83|0|0|[]|13:59:03:930
21|2.1|636136521303128144|0|50348.1953125|8.5167217178668|100.363411813855||||50348.1953125|297.75|31750||||885305|THD268|X|X||0|7||||132|83|0|0|[]|13:59:08:195
21|2.1|636136521333251156|0|50351.2109375|8.5234594269062|100.363604932904||||50351.2109375|298.25|31775||||885305|THD268|X|X||0|7||||132|51|0|0|[]|13:59:11:211
21|2.1|636136521347602591|0|50352.640625|8.5264635010002|100.363669305921||||50352.640625|298.75|31850||||885305|THD268|X|X|0|0|7||||132|83|0|0|[]|13:59:12:641
21|2.1|636136521388466677|0|50356.734375|8.5332012100396|100.363798051953||||50356.734375|299.75|31950||||885305|THD268|X|X|0|0|7||||132|83|0|0|[]|13:59:16:734
21|2.1|636136521393617192|0|50357.25|8.5345101280377|100.363840967297||||50357.25|300|31975||||885305|THD268|X|X||0|7||||132|51|0|0|[]|13:59:17:250
21|2.1|636136521428870717|0|50360.7734375|8.542513839731|100.364012628674||||50360.7734375|301.25|32100||||885305|THD268|X|X|0|0|7||||132|83|0|0|[]|13:59:20:773
21|2.1|636136521442602090|0|50362.15625|8.5450243873667|100.364055544018||||50362.15625|301.75|32150||||885305|THD268|X|X||0|7||||132|51|0|0|[]|13:59:22:156
21|2.1|636136521470534883|0|50364.9375|8.5513544006362|100.364205747723||||50364.9375|302.75|32250||||885305|THD268|X|X|0|0|7||||132|83|0|0|[]|13:59:24:938
21|2.1|636136521490806910|0|50366.9609375|8.5555171890236|100.364291578412||||50366.9609375|303.5|32350||||885305|THD268|X|X||0|7||||132|51|0|0|[]|13:59:26:961
21|2.1|636136521511558985|0|50369.03125|8.560538284295|100.364420324444||||50369.03125|304.25|32425||||885305|THD268|X|X|0|0|7||||132|83|0|0|[]|13:59:29:031
21|2.1|636136521533241153|0|50371.2109375|8.5651302261244|100.36448469746||||50371.2109375|304.75|32475||||885305|THD268|X|X|0|0|7||||132|51|0|0|[]|13:59:31:211
21|2.1|636136521553053134|0|50373.1796875|8.5692930145118|100.364570528149||||50373.1796875|305.5|32600||||885305|THD268|X|X|0|0|7||||132|83|0|0|[]|13:59:33:180
21|2.1|636136521576295458|0|50375.515625|8.5743141097832|100.364699274181||||50375.515625|306|32650||||885305|THD268|X|X|0|0|7||||132|51|0|0|[]|13:59:35:516
21|2.1|636136521594547283|0|50377.3359375|8.5780262870565|100.364763647198||||50377.3359375|306.5|32700||||885305|THD268|X|X|0|0|7||||132|83|0|0|[]|13:59:37:336
21|2.1|636136521635741402|0|50381.4453125|8.5851073188495|100.36489239323||||50381.4453125|307.75|32800||||885305|THD268|X|X|0|0|7||||132|83|0|0|[]|13:59:41:445
21|2.1|636136521678645692|0|50385.7421875|8.5942482871641|100.365085512279||||50385.7421875|309|32950||||885305|THD268|X|X|0|0|7||||132|83|0|0|[]|13:59:45:742
21|2.1|636136521719509778|0|50389.8203125|8.6033677978066|100.365278631328||||50389.8203125|310.25|33100||||885305|THD268|X|X||0|7||||132|83|0|0|[]|13:59:49:820
21|2.1|636136521763194146|0|50394.1953125|8.6129164618911|100.365514665721||||50394.1953125|311.5|33200||||885305|THD268|X|X|0|0|7||||132|83|0|0|[]|13:59:54:195
21|2.1|636136521807968623|0|50398.671875|8.6223578376151|100.365686327098||||50398.671875|312.5|33325||||885305|THD268|X|X|0|0|7||||132|83|0|0|[]|13:59:58:672
21|2.1|636136521852743100|0|50403.15625|8.6318635863554|100.365879446147||||50403.15625|314|33500||||885305|THD268|X|X|0|0|7||||132|83|0|0|[]|14:00:03:156
21|2.1|636136521878795705|0|50405.765625|8.6351680678588|100.365965276835||||50405.765625|314.75|33550||||885305|THD268|X|X||0|7||||132|51|0|0|[]|14:00:05:766
21|2.1|636136521894397265|0|50407.3203125|8.6384081763459|100.366072565196||||50407.3203125|315.5|33625||||885305|THD268|X|X|0|0|7||||132|83|0|0|[]|14:00:07:320
21|2.1|636136521927310556|0|50410.6015625|8.6458110732204|100.366222768901||||50410.6015625|316.75|33775||||885305|THD268|X|X|0|0|7||||132|51|0|0|[]|14:00:10:602
21|2.1|636136521936831508|0|50411.5625|8.6474418563|100.366265684245||||50411.5625|317.25|33800||||885305|THD268|X|X|0|0|7||||132|83|0|0|[]|14:00:11:563
21|2.1|636136521981445969|0|50416.0234375|8.6571836394334|100.366480260966||||50416.0234375|319.25|34050||||885305|THD268|X|X|0|0|7||||132|83|0|0|[]|14:00:16:023
21|2.1|636136521985656390|0|50416.453125|8.6579990309732|100.366480260966||||50416.453125|319.5|34075||||885305|THD268|X|X||0|7||||132|51|0|0|[]|14:00:16:453
21|2.1|636136522027150539|0|50420.6015625|8.6668610495505|100.366694837687||||50420.6015625|321.5|34225||||885305|THD268|X|X|0|0|7||||132|51|0|0|[]|14:00:20:602
21|2.1|636136522027310555|0|50420.6015625|8.6668610495505|100.366694837687||||50420.6015625|321.5|34275||||885305|THD268|X|X|0|0|7||||132|83|0|0|[]|14:00:20:602
21|2.1|636136522069584782|0|50424.8359375|8.6756372374394|100.366866499064||||50424.8359375|323.5|34525||||885305|THD268|X|X|0|0|7||||132|83|0|0|[]|14:00:24:836
21|2.1|636136522074585282|0|50425.3515625|8.6764526289792|100.366866499064||||50425.3515625|323.75|34550||||885305|THD268|X|X|0|0|7||||132|51|0|0|[]|14:00:25:352
21|2.1|636136522110458869|0|50428.921875|8.681988708381|100.366995245096||||50428.921875|325.25|34650||||885305|THD268|X|X|0|0|7||||132|83|0|0|[]|14:00:28:922
21|2.1|636136522119509774|0|50429.84375|8.6839842718863|100.367016702768||||50429.84375|325.75|34700||||885305|THD268|X|X|0|0|7||||132|51|0|0|[]|14:00:29:844
21|2.1|636136522152433066|0|50433.109375|8.6907005232536|100.367209821817||||50433.109375|327|34850||||885305|THD268|X|X|0|0|7||||132|83|0|0|[]|14:00:33:109
21|2.1|636136522165844407|0|50434.4609375|8.6934256476103|100.367231279489||||50434.4609375|327.5|34900||||885305|THD268|X|X|0|0|7||||132|51|0|0|[]|14:00:34:461
21|2.1|636136522196107433|0|50437.484375|8.6997342032077|100.367402940866||||50437.484375|328.25|35025||||885305|THD268|X|X|0|0|7||||132|83|0|0|[]|14:00:37:484
21|2.1|636136522206098432|0|50438.4921875|8.701729766713|100.367424398538||||50438.4921875|328.75|35050||||885305|THD268|X|X||0|7||||132|51|0|0|[]|14:00:38:492
21|2.1|636136522238071629|0|50441.6953125|8.7083601873919|100.367553144571||||50441.6953125|329.5|35150||||885305|THD268|X|X|0|0|7||||132|83|0|0|[]|14:00:41:695
21|2.1|636136522281786000|0|50446.0546875|8.7173724096739|100.367789178964||||50446.0546875|330.5|35275||||885305|THD268|X|X|0|0|7||||132|83|0|0|[]|14:00:46:055
21|2.1|636136522326220443|0|50450.5|8.7260198515302|100.367982298013||||50450.5|331.25|35350||||885305|THD268|X|X|0|0|7||||132|83|0|0|[]|14:00:50:500
21|2.1|636136522368024623|0|50454.671875|8.7326931875533|100.368111044045||||50454.671875|332|35425||||885305|THD268|X|X|0|0|7||||132|83|0|0|[]|14:00:54:672
21|2.1|636136522410298850|0|50458.9140625|8.7413620870817|100.368304163094||||50458.9140625|332.5|35475||||885305|THD268|X|X|0|0|7||||132|83|0|0|[]|14:00:58:914
21|2.1|636136522451803000|0|50463.0703125|8.750009528938|100.368497282143||||50463.0703125|333.25|35550||||885305|X|X|X||0|7||||132|51|0|0|[]|14:01:03:070
21|2.1|636136522456173437|0|50463.4921875|8.7508034628057|100.368540197487||||50463.4921875|333.25|35550||||885305|THD268|X|X|0|0|7||||132|83|0|0|[]|14:01:03:492
21|2.1|636136522500317851|0|50467.90625|8.7598371427598|100.368733316536||||50467.90625|334.25|35650||||885305|THD268|X|X|0|0|7||||132|83|0|0|[]|14:01:07:906
21|2.1|636136522543532172|0|50472.234375|8.7688493650418|100.368969350929||||50472.234375|335|35750||||885305|THD268|X|X|0|0|7||||132|83|0|0|[]|14:01:12:234
21|2.1|636136522584406259|0|50476.3125|8.7751364629671|100.369098096962||||50476.3125|336|35825||||885305|THD268|X|X|0|0|7||||132|83|0|0|[]|14:01:16:313
21|2.1|636136522626370455|0|50480.515625|8.7838053624955|100.369269758339||||50480.515625|336.75|35925||||885305|THD268|X|X|0|0|7||||132|83|0|0|[]|14:01:20:516
21|2.1|636136522646032421|0|50482.484375|8.7877321164898|100.369377046699||||50482.484375|337.25|35975||||885305|X|X|X||0|7||||132|51|0|0|[]|14:01:22:484
21|2.1|636136522670054823|0|50484.8828125|8.7928175847775|100.369505792732||||50484.8828125|337.75|36025||||885305|THD268|X|X|0|0|7||||132|83|0|0|[]|14:01:24:883
21|2.1|636136522712339051|0|50489.1015625|8.8014435689617|100.369720369453||||50489.1015625|338.75|36150||||885305|THD268|X|X|0|0|7||||132|83|0|0|[]|14:01:29:102
21|2.1|636136522753513168|0|50493.234375|8.809661857376|100.369934946174||||50493.234375|339.5|36225||||885305|THD268|X|X|0|0|7||||132|83|0|0|[]|14:01:33:234
21|2.1|636136522794387255|0|50497.3203125|8.8178586881182|100.370106607551||||50497.3203125|340.5|36350||||885305|THD268|X|X|0|0|7||||132|83|0|0|[]|14:01:37:320
21|2.1|636136522835731389|0|50501.453125|8.8244891087971|100.370235353583||||50501.453125|341.25|36400||||885305|THD268|X|X|0|0|7||||132|83|0|0|[]|14:01:41:453
21|2.1|636136522878325648|0|50505.7109375|8.8330936353092|100.370492845648||||50505.7109375|342.25|36525||||885305|THD268|X|X|0|0|7||||132|83|0|0|[]|14:01:45:711
21|2.1|636136522918409656|0|50509.71875|8.8412904660514|100.370664507025||||50509.71875|343|36575||||885305|THD268|X|X|0|0|7||||132|83|0|0|[]|14:01:49:719
21|2.1|636136522961003915|0|50513.984375|8.8502597729892|100.370857626074||||50513.984375|344|36700||||885305|THD268|X|X|0|0|7||||132|83|0|0|[]|14:01:53:984
21|2.1|636136523002968111|0|50518.171875|8.8588428418292|100.371093660467||||50518.171875|344.75|36775||||885305|THD268|X|X||0|7||||132|83|0|0|[]|14:01:58:172
21|2.1|636136523043842198|0|50522.2578125|8.8666105191294|100.371243864172||||50522.2578125|345.5|36875||||885305|THD268|X|X||0|7||||132|83|0|0|[]|14:02:02:258
21|2.1|636136523086746488|0|50526.5546875|8.8736486355782|100.371415525549||||50526.5546875|346.25|36925||||885305|THD268|X|X||0|7||||132|83|0|0|[]|14:02:06:555
21|2.1|636136523130420855|0|50530.921875|8.8822102467461|100.371608644598||||50530.921875|347|37025||||885305|THD268|X|X||0|7||||132|83|0|0|[]|14:02:10:922
21|2.1|636136523175975410|0|50535.46875|8.8915657917817|100.371844678991||||50535.46875|347.75|37100||||885305|THD268|X|X|0|0|7||||132|83|0|0|[]|14:02:15:469
21|2.1|636136523225120324|0|50540.390625|8.9016723553408|100.372080713384||||50540.390625|348.75|37225||||885305|THD268|X|X|0|0|7||||132|83|0|0|[]|14:02:20:391
21|2.1|636136523269584770|0|50544.828125|8.9105987469344|100.372295290105||||50544.828125|349.5|37275||||885305|THD268|X|X|0|0|7||||132|83|0|0|[]|14:02:24:828
21|2.1|636136523312479059|0|50549.125|8.9172291676133|100.372424036137||||50549.125|350.25|37350||||885305|THD268|X|X|0|0|7||||132|83|0|0|[]|14:02:29:125
21|2.1|636136523356473458|0|50553.5234375|8.9261555592069|100.372660070531||||50553.5234375|351|37450||||885305|THD268|X|X|0|0|7||||132|83|0|0|[]|14:02:33:523
21|2.1|636136523399537764|0|50557.828125|8.9351034084726|100.372853189579||||50557.828125|351.75|37525||||885305|THD268|X|X|0|0|7||||132|83|0|0|[]|14:02:37:828
21|2.1|636136523440721882|0|50561.9453125|8.9428281704286|100.373024850956||||50561.9453125|352.5|37600||||885305|THD268|X|X|0|0|7||||132|83|0|0|[]|14:02:41:945
21|2.1|636136523482066016|0|50566.078125|8.9513897815965|100.373239427677||||50566.078125|353.25|37675||||885305|THD268|X|X|0|0|7||||132|83|0|0|[]|14:02:46:078
21|2.1|636136523523720181|0|50570.2421875|8.9599084774202|100.373454004398||||50570.2421875|354|37775||||885305|THD268|X|X|0|0|7||||132|83|0|0|[]|14:02:50:242
21|2.1|636136523565834392|0|50574.453125|8.9665388980991|100.373604208103||||50574.453125|354.75|37825||||885305|THD268|X|X|0|0|7||||132|83|0|0|[]|14:02:54:453
21|2.1|636136523607488557|0|50578.6171875|8.9750790515949|100.373797327152||||50578.6171875|355.5|37925||||885305|THD268|X|X|0|0|7||||132|83|0|0|[]|14:02:58:617
21|2.1|636136523648362644|0|50582.7109375|8.9832758823371|100.374033361545||||50582.7109375|356|37975||||885305|THD268|X|X|0|0|7||||132|83|0|0|[]|14:03:02:711
21|2.1|636136523677225530|0|50585.609375|8.9891123691483|100.374119192233||||50585.609375|356.5|38025||||885305|X|X|X|0|0|7||||132|51|0|0|[]|14:03:05:609
21|2.1|636136523694227230|0|50587.2890625|8.9926314273727|100.374205022922||||50587.2890625|356.75|38050||||885305|THD268|X|X|0|0|7||||132|83|0|0|[]|14:03:07:289
21|2.1|636136523736351442|0|50591.5|9.0011501231964|100.374398141971||||50591.5|357.5|38150||||885305|THD268|X|X||0|7||||132|83|0|0|[]|14:03:11:500
21|2.1|636136523779095716|0|50595.78125|9.0081882396452|100.374548345675||||50595.78125|358.25|38225||||885305|THD268|X|X|0|0|7||||132|83|0|0|[]|14:03:15:781
21|2.1|636136523820119818|0|50599.8828125|9.0159559169454|100.374741464724||||50599.8828125|358.75|38275||||885305|THD268|X|X||0|7||||132|83|0|0|[]|14:03:19:883
21|2.1|636136523860843890|0|50603.9609375|9.0241527476876|100.374934583773||||50603.9609375|359.5|38350||||885305|THD268|X|X|0|0|7||||132|83|0|0|[]|14:03:23:961
21|2.1|636136523905608366|0|50608.4296875|9.0335082927232|100.375149160494||||50608.4296875|359.75|38400||||885305|THD268|X|X||0|7||||132|83|0|0|[]|14:03:28:430
21|2.1|636136523948362641|0|50612.7109375|9.0421128192353|100.375363737215||||50612.7109375|360|38425||||885305|THD268|X|X||0|7||||132|83|0|0|[]|14:03:32:711
21|2.1|636136523993137118|0|50617.1796875|9.051489821943|100.375556856264||||50617.1796875|360.25|38450||||885305|THD268|X|X||0|7||||132|83|0|0|[]|14:03:37:180
21|2.1|636136524035251329|0|50621.3984375|9.0582275309824|100.375685602297||||50621.3984375|360.25|38450||||885305|THD268|X|X|0|0|7||||132|83|0|0|[]|14:03:41:398
21|2.1|636136524080965900|0|50625.96875|9.0677118220506|100.375943094362||||50625.96875|360|38425||||885305|THD268|X|X||0|7||||132|83|0|0|[]|14:03:45:969
21|2.1|636136524121059909|0|50629.9765625|9.0760373988254|100.376114755739||||50629.9765625|360|38425||||885305|THD268|X|X|0|0|7||||132|83|0|0|[]|14:03:49:977
21|2.1|636136524164744277|0|50634.34375|9.0848565020585|100.376307874788||||50634.34375|360|38425||||885305|THD268|X|X|0|0|7||||132|83|0|0|[]|14:03:54:344
21|2.1|636136524205148317|0|50638.3828125|9.0932464518496|100.376500993836||||50638.3828125|360|38425||||885305|THD268|X|X|0|0|7||||132|83|0|0|[]|14:03:58:383
21|2.1|636136524245242326|0|50642.390625|9.1017222323291|100.376672655213||||50642.390625|360|38425||||885305|THD268|X|X|0|0|7||||132|83|0|0|[]|14:04:02:391
21|2.1|636136524285486350|0|50646.421875|9.1081595339591|100.376822858918||||50646.421875|360|38425||||885305|THD268|X|X|0|0|7||||132|83|0|0|[]|14:04:06:422
21|2.1|636136524329950796|0|50650.828125|9.1175150789947|100.377015977967||||50650.828125|360|38425||||885305|THD268|X|X|0|0|7||||132|83|0|0|[]|14:04:10:828
21|2.1|636136524370354836|0|50654.8984375|9.1260123171463|100.377187639344||||50654.8984375|360|38425||||885305|THD268|X|X|0|0|7||||132|83|0|0|[]|14:04:14:898
21|2.1|636136524414659266|0|50659.34375|9.1354107775261|100.377423673737||||50659.34375|360|38425||||885305|THD268|X|X|0|0|7||||132|83|0|0|[]|14:04:19:344
21|2.1|636136524457563556|0|50663.6328125|9.144830695578|100.377616792786||||50663.6328125|360|38425||||885305|THD268|X|X|0|0|7||||132|83|0|0|[]|14:04:23:633
21|2.1|636136524502958095|0|50668.171875|9.1526842035666|100.377809911835||||50668.171875|360|38425||||885305|THD268|X|X|0|0|7||||132|83|0|0|[]|14:04:28:172
21|2.1|636136524547112510|0|50672.578125|9.1621684946348|100.378003030883||||50672.578125|360|38450||||885305|THD268|X|X|0|0|7||||132|83|0|0|[]|14:04:32:578
21|2.1|636136524592657064|0|50677.1328125|9.1717171587193|100.378239065277||||50677.1328125|360|38450||||885305|THD268|X|X|0|0|7||||132|83|0|0|[]|14:04:37:133
21|2.1|636136524635721370|0|50681.4375|9.1808366693618|100.37847509967||||50681.4375|359.75|38425||||885305|THD268|X|X|0|0|7||||132|83|0|0|[]|14:04:41:438
21|2.1|636136524678155613|0|50685.6796875|9.1900205530206|100.378689676391||||50685.6796875|359.75|38425||||885305|THD268|X|X|0|0|7||||132|83|0|0|[]|14:04:45:680
21|2.1|636136524722150012|0|50690.078125|9.1995906747772|100.378904253112||||50690.078125|359.75|38425||||885305|THD268|X|X|0|0|7||||132|83|0|0|[]|14:04:50:078
21|2.1|636136524763334130|0|50694.2109375|9.2066931642423|100.379097372161||||50694.2109375|360|38450||||885305|THD268|X|X|0|0|7||||132|83|0|0|[]|14:04:54:211
21|2.1|636136524804058202|0|50698.28125|9.2153835214428|100.379333406554||||50698.28125|360|38450||||885305|THD268|X|X|0|0|7||||132|83|0|0|[]|14:04:58:281
21|2.1|636136524847422538|0|50702.609375|9.2249321855273|100.379526525603||||50702.609375|360|38450||||885305|THD268|X|X|0|0|7||||132|83|0|0|[]|14:05:02:609
21|2.1|636136524892507046|0|50707.1171875|9.2344808496118|100.379762559996||||50707.1171875|360|38450||||885305|THD268|X|X|0|0|7||||132|83|0|0|[]|14:05:07:117
21|2.1|636136524932601055|0|50711.1328125|9.2431712068123|100.379998594389||||50711.1328125|360|38450||||885305|THD268|X|X|0|0|7||||132|83|0|0|[]|14:05:11:133
21|2.1|636136524973315126|0|50715.203125|9.2518186486686|100.380170255766||||50715.203125|360|38450||||885305|THD268|X|X|0|0|7||||132|83|0|0|[]|14:05:15:203
21|2.1|636136525016689463|0|50719.5390625|9.2588138497732|100.380384832487||||50719.5390625|360.25|38475||||885305|THD268|X|X|0|0|7||||132|83|0|0|[]|14:05:19:539
21|2.1|636136525059893783|0|50723.859375|9.2683195985135|100.380556493863||||50723.859375|360|38450||||885305|THD268|X|X|0|0|7||||132|83|0|0|[]|14:05:23:859
21|2.1|636136525100147808|0|50727.8828125|9.2769670403698|100.380749612912||||50727.8828125|360|38450||||885305|THD268|X|X|0|0|7||||132|83|0|0|[]|14:05:27:883
21|2.1|636136525143982191|0|50732.265625|9.2864298737659|100.380942731961||||50732.265625|360|38450||||885305|THD268|X|X|0|0|7||||132|83|0|0|[]|14:05:32:266
21|2.1|636136525184386231|0|50736.3203125|9.2950773156222|100.381178766354||||50736.3203125|360|38450||||885305|THD268|X|X|0|0|7||||132|83|0|0|[]|14:05:36:320
21|2.1|636136525229630755|0|50740.828125|9.3029522812829|100.381328970059||||50740.828125|360|38450||||885305|THD268|X|X|0|0|7||||132|83|0|0|[]|14:05:40:828
21|2.1|636136525273935185|0|50745.265625|9.312415114679|100.381565004452||||50745.265625|360|38450||||885305|THD268|X|X|0|0|7||||132|83|0|0|[]|14:05:45:266
21|2.1|636136525317619553|0|50749.6328125|9.3218994057472|100.381758123501||||50749.6328125|360|38450||||885305|THD268|X|X|0|0|7||||132|83|0|0|[]|14:05:49:633
21|2.1|636136525358963687|0|50753.78125|9.3305683052756|100.381994157894||||50753.78125|360|38450||||885305|THD268|X|X|0|0|7||||132|83|0|0|[]|14:05:53:781
21|2.1|636136525403108101|0|50758.1796875|9.340095511688|100.382230192287||||50758.1796875|360|38450||||885305|THD268|X|X|0|0|7||||132|83|0|0|[]|14:05:58:180
21|2.1|636136525444142204|0|50762.28125|9.3488073265606|100.382401853664||||50762.28125|360|38450||||885305|THD268|X|X|0|0|7||||132|83|0|0|[]|14:06:02:281
21|2.1|636136525486886478|0|50766.546875|9.3562531387793|100.382552057369||||50766.546875|360|38450||||885305|THD268|X|X|0|0|7||||132|83|0|0|[]|14:06:06:547
21|2.1|636136525531660955|0|50771.03125|9.3657588875196|100.382788091762||||50771.03125|360|38450||||885305|THD268|X|X|0|0|7||||132|83|0|0|[]|14:06:11:031
21|2.1|636136525573935182|0|50775.265625|9.37485694049|100.383002668483||||50775.265625|360|38450||||885305|THD268|X|X|0|0|7||||132|83|0|0|[]|14:06:15:266
21|2.1|636136525617149503|0|50779.5859375|9.3844270622466|100.383195787532||||50779.5859375|360|38450||||885305|THD268|X|X|0|0|7||||132|83|0|0|[]|14:06:19:586
21|2.1|636136525660053793|0|50783.875|9.3935465728891|100.383410364253||||50783.875|360|38450||||885305|THD268|X|X|0|0|7||||132|83|0|0|[]|14:06:23:875
21|2.1|636136525706698457|0|50788.53125|9.401464453894|100.383624940974||||50788.53125|360|38450||||885305|THD268|X|X|0|0|7||||132|83|0|0|[]|14:06:28:531
21|2.1|636136525748192606|0|50792.6875|9.4105839645365|100.383839517695||||50792.6875|360|38450||||885305|THD268|X|X|0|0|7||||132|83|0|0|[]|14:06:32:688
21|2.1|636136525791876974|0|50797.0546875|9.4201755439652|100.384075552088||||50797.0546875|360|38450||||885305|THD268|X|X|0|0|7||||132|83|0|0|[]|14:06:37:055
21|2.1|636136525835871373|0|50801.4609375|9.4293379699519|100.384268671137||||50801.4609375|360|38450||||885305|THD268|X|X|0|0|7||||132|83|0|0|[]|14:06:41:461
21|2.1|636136525879395725|0|50805.796875|9.4388866340364|100.38450470553||||50805.796875|360|38450||||885305|THD268|X|X|0|0|7||||132|83|0|0|[]|14:06:45:797
21|2.1|636136525924010186|0|50810.265625|9.4484782134651|100.384976774316||||50810.265625|360.25|38475||||885305|THD268|X|X|0|0|7||||132|83|0|0|[]|14:06:50:266
21|2.1|636136525967384523|0|50814.6015625|9.455966941028|100.385491758446||||50814.6015625|360.25|38475||||885305|THD268|X|X|0|0|7||||132|83|0|0|[]|14:06:54:602
21|2.1|636136526009188703|0|50818.7890625|9.4650864516705|100.386307149986||||50818.7890625|360.25|38475||||885305|THD268|X|X|0|0|7||||132|83|0|0|[]|14:06:58:789
21|2.1|636136526053803164|0|50823.2578125|9.4746565734271|100.387422948935||||50823.2578125|360.25|38475||||885305|THD268|X|X|0|0|7||||132|83|0|0|[]|14:07:03:258
21|2.1|636136526094057189|0|50827.265625|9.4833040152834|100.388688951589||||50827.265625|360.25|38475||||885305|THD268|X|X|0|0|7||||132|83|0|0|[]|14:07:07:266
21|2.1|636136526136801463|0|50831.5390625|9.4924235259259|100.390083700276||||50831.5390625|360.25|38475||||885305|THD268|X|X|0|0|7||||132|83|0|0|[]|14:07:11:539
21|2.1|636136526157083491|0|50833.5859375|9.496951094739|100.390834718799||||50833.5859375|360.25|38475||||885305|THD268|X|X|0|0|7||||132|51|0|0|[]|14:07:13:586
21|2.1|636136526178765659|0|50835.75|9.4994187270305|100.391242414569||||50835.75|360.25|38475||||885305|THD268|X|X|0|0|7||||132|83|0|0|[]|14:07:15:750
21|2.1|636136526208718654|0|50838.7578125|9.5055985365953|100.392315298174||||50838.7578125|360.25|38475||||885305|THD268|X|X|0|0|7||||132|51|0|0|[]|14:07:18:758
21|2.1|636136526223700152|0|50840.234375|9.5089030180987|100.392873197649||||50840.234375|360.25|38475||||885305|THD268|X|X|0|0|7||||132|83|0|0|[]|14:07:20:234
21|2.1|636136526267534535|0|50844.625|9.5187735472647|100.3945254384||||50844.625|360.5|38500||||885305|THD268|X|X|0|0|7||||132|83|0|0|[]|14:07:24:625
21|2.1|636136526267534535|0|50844.625|9.5187735472647|100.3945254384||||50844.625|360.5|38500||||885305|THD268|X|X||0|7||||132|51|0|0|[]|14:07:24:625
21|2.1|636136526312939075|0|50849.1640625|9.5282149229887|100.396134763808||||50849.1640625|360.5|38500||||885305|THD268|X|X|0|0|7||||132|83|0|0|[]|14:07:29:164
21|2.1|636136526357233504|0|50853.6015625|9.5376992140569|100.397722631543||||50853.6015625|360.5|38500||||885305|THD268|X|X|0|0|7||||132|83|0|0|[]|14:07:33:602
21|2.1|636136526397957576|0|50857.6640625|9.5463466559132|100.399203210918||||50857.6640625|360.5|38500||||885305|THD268|X|X|0|0|7||||132|83|0|0|[]|14:07:37:664
21|2.1|636136526439301710|0|50861.8046875|9.5533203993457|100.400361925212||||50861.8046875|360.5|38500||||885305|THD268|X|X|0|0|7||||132|83|0|0|[]|14:07:41:805
21|2.1|636136526479385718|0|50865.8046875|9.561967841202|100.401821046914||||50865.8046875|360.5|38500||||885305|THD268|X|X|0|0|7||||132|83|0|0|[]|14:07:45:805
21|2.1|636136526525250304|0|50870.3984375|9.571838370368|100.403494745338||||50870.3984375|360.5|38500||||885305|THD268|X|X|0|0|7||||132|83|0|0|[]|14:07:50:398
21|2.1|636136526567844563|0|50874.65625|9.5808720503221|100.405039697729||||50874.65625|360.5|38500||||885305|THD268|X|X|0|0|7||||132|83|0|0|[]|14:07:54:656
21|2.1|636136526608718650|0|50878.734375|9.5891117964085|100.40647736176||||50878.734375|360.5|38500||||885305|THD268|X|X|0|0|7||||132|83|0|0|[]|14:07:58:734
21|2.1|636136526652403018|0|50883.1171875|9.5985531721325|100.408129602512||||50883.1171875|360.5|38500||||885305|THD268|X|X|0|0|7||||132|83|0|0|[]|14:08:03:117
21|2.1|636136526695767354|0|50887.4609375|9.605956069007|100.409352689822||||50887.4609375|360.5|38500||||885305|THD268|X|X|0|0|7||||132|83|0|0|[]|14:08:07:461
21|2.1|636136526740381815|0|50891.9140625|9.6153545293868|100.411004930573||||50891.9140625|360.5|38500||||885305|THD268|X|X|0|0|7||||132|83|0|0|[]|14:08:11:914
21|2.1|636136526782195996|0|50896.0859375|9.6243882093409|100.412571340637||||50896.0859375|360.5|38500||||885305|THD268|X|X|0|0|7||||132|83|0|0|[]|14:08:16:086
21|2.1|636136526822440020|0|50900.1171875|9.632992735853|100.414051920011||||50900.1171875|360.5|38500||||885305|THD268|X|X|0|0|7||||132|83|0|0|[]|14:08:20:117
21|2.1|636136526862694045|0|50904.140625|9.6415972623651|100.415553957058||||50904.140625|360.5|38500||||885305|THD268|X|X|0|0|7||||132|83|0|0|[]|14:08:24:141
21|2.1|636136526903098085|0|50908.1796875|9.6485495481255|100.41679850204||||50908.1796875|360.5|38500||||885305|THD268|X|X|0|0|7||||132|83|0|0|[]|14:08:28:180
21|2.1|636136526946632438|0|50912.5390625|9.6575832280796|100.418386369776||||50912.5390625|360.5|38500||||885305|THD268|X|X|0|0|7||||132|83|0|0|[]|14:08:32:539
21|2.1|636136526990776852|0|50916.9453125|9.6665525350174|100.419974237511||||50916.9453125|360.5|38500||||885305|THD268|X|X|0|0|7||||132|83|0|0|[]|14:08:36:945
21|2.1|636136527034001174|0|50921.2734375|9.6759724530693|100.421647935935||||50921.2734375|360.25|38475||||885305|THD268|X|X|0|0|7||||132|83|0|0|[]|14:08:41:273
21|2.1|636136527078295603|0|50925.6953125|9.6854138287933|100.423321634359||||50925.6953125|360.25|38475||||885305|THD268|X|X|0|0|7||||132|83|0|0|[]|14:08:45:695
21|2.1|636136527123070080|0|50930.1796875|9.6952414426151|100.425038248127||||50930.1796875|360.25|38475||||885305|THD268|X|X|0|0|7||||132|83|0|0|[]|14:08:50:180
21|2.1|636136527165184291|0|50934.3828125|9.7021722707034|100.426261335436||||50934.3828125|360.25|38475||||885305|THD268|X|X|0|0|7||||132|83|0|0|[]|14:08:54:383
21|2.1|636136527209498722|0|50938.828125|9.7115921887553|100.427892118516||||50938.828125|360.25|38475||||885305|THD268|X|X|0|0|7||||132|83|0|0|[]|14:08:58:828
21|2.1|636136527250212793|0|50942.8828125|9.7201967152674|100.429372697891||||50942.8828125|360.25|38475||||885305|THD268|X|X|0|0|7||||132|83|0|0|[]|14:09:02:883
21|2.1|636136527291706942|0|50947.046875|9.7292303952215|100.43089619261||||50947.046875|360.25|38475||||885305|THD268|X|X|0|0|7||||132|83|0|0|[]|14:09:07:047
21|2.1|636136527336481419|0|50951.515625|9.7386288556013|100.432505518017||||50951.515625|360.25|38475||||885305|THD268|X|X|0|0|7||||132|83|0|0|[]|14:09:11:516
21|2.1|636136527379075678|0|50955.7734375|9.7459888371316|100.433750062999||||50955.7734375|360.25|38475||||885305|THD268|X|X|0|0|7||||132|83|0|0|[]|14:09:15:773
21|2.1|636136527420259796|0|50959.8984375|9.7541856678738|100.435123354014||||50959.8984375|360|38450||||885305|THD268|X|X|0|0|7||||132|83|0|0|[]|14:09:19:898
21|2.1|636136527464714241|0|50964.34375|9.7636270435978|100.436689764077||||50964.34375|360|38450||||885305|THD268|X|X|0|0|7||||132|83|0|0|[]|14:09:24:344
21|2.1|636136527507928562|0|50968.6640625|9.7730469616497|100.438234716468||||50968.6640625|360|38450||||885305|THD268|X|X|0|0|7||||132|83|0|0|[]|14:09:28:664
21|2.1|636136527549582727|0|50972.828125|9.7820377262596|100.439715295843||||50972.828125|360|38450||||885305|THD268|X|X|0|0|7||||132|83|0|0|[]|14:09:32:828
21|2.1|636136527593107079|0|50977.1875|9.7914791019836|100.441238790562||||50977.1875|360|38450||||885305|THD268|X|X|0|0|7||||132|83|0|0|[]|14:09:37:188
21|2.1|636136527635231291|0|50981.3984375|9.7984528454161|100.442418962528||||50981.3984375|360|38450||||885305|THD268|X|X|0|0|7||||132|83|0|0|[]|14:09:41:398
21|2.1|636136527679545722|0|50985.828125|9.8078513057959|100.443963914919||||50985.828125|360|38450||||885305|THD268|X|X|0|0|7||||132|83|0|0|[]|14:09:45:828
21|2.1|636136527722440011|0|50990.1171875|9.81688498575|100.445444494294||||50990.1171875|360|38450||||885305|THD268|X|X|0|0|7||||132|83|0|0|[]|14:09:50:117
21|2.1|636136527764104177|0|50994.2734375|9.8258757503599|100.446946531341||||50994.2734375|360|38450||||885305|THD268|X|X|0|0|7||||132|83|0|0|[]|14:09:54:273
21|2.1|636136527809498716|0|50998.828125|9.8357033641817|100.448598772092||||50998.828125|360|38450||||885305|THD268|X|X|0|0|7||||132|83|0|0|[]|14:09:58:828
21|2.1|636136527850212787|0|51002.8984375|9.8438787372518|100.449950605435||||51002.8984375|360|38450||||885305|THD268|X|X|0|0|7||||132|83|0|0|[]|14:10:02:898
21|2.1|636136527892957061|0|51007.1640625|9.8508310230122|100.4511307774||||51007.1640625|360|38450||||885305|THD268|X|X|0|0|7||||132|83|0|0|[]|14:10:07:164
21|2.1|636136527934141179|0|51011.2890625|9.8598217876221|100.452654272119||||51011.2890625|360|38450||||885305|THD268|X|X|0|0|7||||132|83|0|0|[]|14:10:11:289
21|2.1|636136527975325297|0|51015.3984375|9.8687910945599|100.454156309166||||51015.3984375|360|38450||||885305|THD268|X|X|0|0|7||||132|83|0|0|[]|14:10:15:398
21|2.1|636136528020879852|0|51019.953125|9.8785757930375|100.455765634574||||51019.953125|360|38450||||885305|THD268|X|X|0|0|7||||132|83|0|0|[]|14:10:19:953
21|2.1|636136528065184282|0|51024.3828125|9.8879742534173|100.457353502309||||51024.3828125|360|38450||||885305|THD268|X|X|0|0|7||||132|83|0|0|[]|14:10:24:383
21|2.1|636136528106988462|0|51028.578125|9.8949479968498|100.458469301258||||51028.578125|360|38450||||885305|THD268|X|X|0|0|7||||132|83|0|0|[]|14:10:28:578
21|2.1|636136528149422705|0|51032.8046875|9.9039387614597|100.459906965289||||51032.8046875|360|38450||||885305|THD268|X|X|0|0|7||||132|83|0|0|[]|14:10:32:805
21|2.1|636136528191546917|0|51037.015625|9.9125647456439|100.461301713976||||51037.015625|360|38450||||885305|THD268|X|X|0|0|7||||132|83|0|0|[]|14:10:37:016
21|2.1|636136528233361098|0|51041.1953125|9.9215340525817|100.462760835678||||51041.1953125|359.75|38425||||885305|THD268|X|X|0|0|7||||132|83|0|0|[]|14:10:41:195
21|2.1|636136528277195481|0|51045.59375|9.9309110552894|100.464327245742||||51045.59375|360|38450||||885305|THD268|X|X|0|0|7||||132|83|0|0|[]|14:10:45:594
21|2.1|636136528322600021|0|51050.1328125|9.9403309733413|100.465915113477||||51050.1328125|360|38450||||885305|THD268|X|X|0|0|7||||132|83|0|0|[]|14:10:50:133
21|2.1|636136528366434404|0|51054.515625|9.9476694971995|100.467181116131||||51054.515625|360|38450||||885305|THD268|X|X|0|0|7||||132|83|0|0|[]|14:10:54:516
21|2.1|636136528408078568|0|51058.671875|9.9566388041373|100.468683153178||||51058.671875|360|38450||||885305|THD268|X|X|0|0|7||||132|83|0|0|[]|14:10:58:672
21|2.1|636136528456453405|0|51063.515625|9.9668311983848|100.470399766946||||51063.515625|360|38450||||885305|THD268|X|X|0|0|7||||132|83|0|0|[]|14:11:03:516
21|2.1|636136528500447804|0|51067.90625|9.9761867434204|100.472009092354||||51067.90625|360|38450||||885305|THD268|X|X|0|0|7||||132|83|0|0|[]|14:11:07:906
