21|2.1|636136510306948636|0|49248.6015625|18.6250877214232|106.097566986811||||49248.6015625|350|37225||||888090|HVN680|X|X|0|0|7||||132|163|0|0|[]|13:40:48:602
21|2.1|636136510331901131|0|49251.09375|18.6289286447291|106.097566986811||||49251.09375|350|37225||||888090|HVN680|X|X|0|0|7||||132|147|0|0|[]|13:40:51:094
21|2.1|636136510380115952|0|49255.9140625|18.6395716500907|106.097717190515||||49255.9140625|350.25|37250||||888090|HVN680|X|X|0|0|7||||132|147|0|0|[]|13:40:55:914
21|2.1|636136510422550195|0|49260.1640625|18.6494421792567|106.097824478876||||49260.1640625|350.25|37250||||888090|HVN680|X|X||0|7||||132|163|0|0|[]|13:41:00:164
21|2.1|636136510436281568|0|49261.515625|18.6525535417112|106.097824478876||||49261.515625|350.25|37250||||888090|HVN680|X|X|0|0|7||||132|147|0|0|[]|13:41:01:516
21|2.1|636136510471065046|0|49265.015625|18.6606430840929|106.097910309564||||49265.015625|350.25|37250||||888090|HVN680|X|X||0|7||||132|163|0|0|[]|13:41:05:016
21|2.1|636136510511939133|0|49269.09375|18.6699342561122|106.098017597925||||49269.09375|350.25|37275||||888090|HVN680|X|X|0|0|7||||132|163|0|0|[]|13:41:09:094
21|2.1|636136510560293968|0|49273.9375|18.6811780762926|106.098167801629||||49273.9375|350.25|37250||||888090|HVN680|X|X|0|0|7||||132|163|0|0|[]|13:41:13:938
21|2.1|636136510618649803|0|49279.7578125|18.6920785737194|106.09827508999||||49279.7578125|350.25|37250||||888090|HVN680|X|X|0|0|7||||132|163|0|0|[]|13:41:19:758
21|2.1|636136510669814919|0|49284.8828125|18.7036657166534|106.098403836022||||49284.8828125|350|37225||||888090|HVN680|X|X|0|0|7||||132|163|0|0|[]|13:41:24:883
21|2.1|636136510686196557|0|49286.5234375|18.7077641320245|106.098468209039||||49286.5234375|350|37250||||888090|HVN680|X|X||0|7||||132|147|0|0|[]|13:41:26:523
21|2.1|636136510721760113|0|49290.0859375|18.7157034707015|106.098554039727||||49290.0859375|350|37225||||888090|HVN680|X|X||0|7||||132|163|0|0|[]|13:41:30:086
21|2.1|636136510736431580|0|49291.5390625|18.7192225289259|106.098618412743||||49291.5390625|350|37225||||888090|HVN680|X|X|0|0|7||||132|147|0|0|[]|13:41:31:539
21|2.1|636136510762794216|0|49294.171875|18.7250804734092|106.098725701104||||49294.171875|350|37225||||888090|HVN680|X|X|0|0|7||||132|163|0|0|[]|13:41:34:172
21|2.1|636136510785726509|0|49296.46875|18.7304448914342|106.098747158776||||49296.46875|350|37250||||888090|HVN680|X|X|0|0|7||||132|147|0|0|[]|13:41:36:469
21|2.1|636136510810058942|0|49298.8984375|18.7345218491332|106.098854447137||||49298.8984375|350|37225||||888090|HVN680|X|X|0|0|7||||132|163|0|0|[]|13:41:38:898
21|2.1|636136510852653201|0|49303.1796875|18.7438773941688|106.098961735497||||49303.1796875|350|37225||||888090|HVN680|X|X|0|0|7||||132|163|0|0|[]|13:41:43:180
21|2.1|636136510866694605|0|49304.5625|18.746495230165|106.098961735497||||49304.5625|350|37225||||888090|HVN680|X|X||0|7||||132|147|0|0|[]|13:41:44:563
21|2.1|636136510896027538|0|49307.5078125|18.753576261958|106.09909048153||||49307.5078125|350|37225||||888090|HVN680|X|X|0|0|7||||132|163|0|0|[]|13:41:47:508
21|2.1|636136510907098645|0|49308.6015625|18.7558078598564|106.099111939202||||49308.6015625|350|37225||||888090|HVN680|X|X|0|0|7||||132|147|0|0|[]|13:41:48:602
21|2.1|636136510938461781|0|49311.734375|18.7633824181077|106.099305058251||||49311.734375|350|37250||||888090|HVN680|X|X|0|0|7||||132|163|0|0|[]|13:41:51:734
21|2.1|636136510978865821|0|49315.7890625|18.7724160980618|106.099862957725||||49315.7890625|350|37225||||888090|HVN680|X|X|0|0|7||||132|163|0|0|[]|13:41:55:789
21|2.1|636136510978865821|0|49315.7890625|18.7724160980618|106.099862957725||||49315.7890625|350|37225||||888090|HVN680|X|X|0|0|7||||132|147|0|0|[]|13:41:55:789
21|2.1|636136511020820016|0|49319.984375|18.7819218468021|106.100807095298||||49319.984375|350|37225||||888090|HVN680|X|X|0|0|7||||132|163|0|0|[]|13:41:59:984
21|2.1|636136511020830017|0|49319.984375|18.7819218468021|106.100807095298||||49319.984375|350|37225||||888090|HVN680|X|X|0|0|7||||132|147|0|0|[]|13:41:59:984
21|2.1|636136511060914025|0|49323.9921875|18.7877368759412|106.101622486837||||49323.9921875|349.75|37200||||888090|HVN680|X|X|0|0|7||||132|163|0|0|[]|13:42:03:992
21|2.1|636136511060924026|0|49323.9921875|18.7877368759412|106.101622486837||||49323.9921875|349.75|37200||||888090|HVN680|X|X|0|0|7||||132|147|0|0|[]|13:42:03:992
21|2.1|636136511102258159|0|49328.1328125|18.7978434395003|106.103317642933||||49328.1328125|349.75|37200||||888090|HVN680|X|X|0|0|7||||132|163|0|0|[]|13:42:08:133
21|2.1|636136511106938627|0|49328.59375|18.7989163231053|106.103510761982||||49328.59375|349.75|37200||||888090|HVN680|X|X||0|7||||132|147|0|0|[]|13:42:08:594
21|2.1|636136511149682901|0|49332.8671875|18.8086366485666|106.105570698504||||49332.8671875|349.75|37225||||888090|HVN680|X|X||0|7||||132|147|0|0|[]|13:42:12:867
21|2.1|636136511194617394|0|49337.375|18.8187861274699|106.107995415451||||49337.375|349.75|37200||||888090|HVN680|X|X||0|7||||132|147|0|0|[]|13:42:17:375
21|2.1|636136511194767409|0|49337.375|18.8187861274699|106.107995415451||||49337.375|349.75|37200||||888090|HVN680|X|X|0|0|7||||132|163|0|0|[]|13:42:17:375
21|2.1|636136511235181450|0|49341.421875|18.8280129264729|106.110269928694||||49341.421875|349.75|37200||||888090|HVN680|X|X|0|0|7||||132|163|0|0|[]|13:42:21:422
21|2.1|636136511235181450|0|49341.421875|18.8280129264729|106.110269928694||||49341.421875|349.75|37200||||888090|HVN680|X|X||0|7||||132|147|0|0|[]|13:42:21:422
21|2.1|636136511278545786|0|49345.7578125|18.8376045059016|106.112694645641||||49345.7578125|349.75|37200||||888090|HVN680|X|X||0|7||||132|147|0|0|[]|13:42:25:758
21|2.1|636136511283066238|0|49346.203125|18.8384842704577|106.11288776469||||49346.203125|349.75|37200||||888090|HVN680|X|X|0|0|7||||132|163|0|0|[]|13:42:26:203
21|2.1|636136511323010232|0|49350.203125|18.8459729980206|106.114754582163||||49350.203125|349.75|37200||||888090|HVN680|X|X||0|7||||132|147|0|0|[]|13:42:30:203
21|2.1|636136511363104241|0|49354.21875|18.8544058631559|106.116986180061||||49354.21875|349.75|37200||||888090|HVN680|X|X|0|0|7||||132|147|0|0|[]|13:42:34:219
21|2.1|636136511410058936|0|49358.8984375|18.8644909690429|106.119646931401||||49358.8984375|349.75|37225||||888090|HVN680|X|X|0|0|7||||132|147|0|0|[]|13:42:38:898
21|2.1|636136511410218952|0|49358.8984375|18.8644909690429|106.119646931401||||49358.8984375|349.75|||||888090|HVN680|X|X||0|7||||132|163|0|0|[]|13:42:38:898
21|2.1|636136511450773007|0|49362.984375|18.8735890220133|106.12198581766||||49362.984375|349.5|37200||||888090|HVN680|X|X||0|7||||132|163|0|0|[]|13:42:42:984
21|2.1|636136511529870916|0|49370.8984375|18.8897466491046|106.12617006372||||49370.8984375|348.25|37075||||888090|HVN680|X|X||0|7||||132|147|0|0|[]|13:42:50:898
21|2.1|636136511572305159|0|49375.1328125|18.8988017867308|106.128487492307||||49375.1328125|347.75|37025||||888090|HVN680|X|X|0|0|7||||132|147|0|0|[]|13:42:55:133
21|2.1|636136511614429371|0|49379.34375|18.9079856703896|106.130826378566||||49379.34375|347|36925||||888090|HVN680|X|X|0|0|7||||132|147|0|0|[]|13:42:59:344
21|2.1|636136511664034331|0|49384.3046875|18.9187359641117|106.133658791283||||49384.3046875|346.25|36850||||888090|HVN680|X|X|0|0|7||||132|147|0|0|[]|13:43:04:305
21|2.1|636136511712549182|0|49389.15625|18.929529173178|106.136469746328||||49389.15625|345.75|36800||||888090|HVN680|X|X|0|0|7||||132|147|0|0|[]|13:43:09:156
21|2.1|636136511757323659|0|49393.625|18.9395499060487|106.139066124652||||49393.625|345|36725||||888090|HVN680|X|X|0|0|7||||132|147|0|0|[]|13:43:13:625
21|2.1|636136511800387965|0|49397.9296875|18.9474034140373|106.141018772813||||49397.9296875|344.25|36650||||888090|HVN680|X|X|0|0|7||||132|147|0|0|[]|13:43:17:930
21|2.1|636136511841102036|0|49402.015625|18.9559435675331|106.1433362014||||49402.015625|343.75|36600||||888090|HVN680|X|X|0|0|7||||132|147|0|0|[]|13:43:22:016
21|2.1|636136511902408166|0|49408.140625|18.9694833586282|106.146747971264||||49408.140625|342.75|36500||||888090|HVN680|X|X|0|0|7||||132|147|0|0|[]|13:43:28:141
21|2.1|636136511944842409|0|49412.3828125|18.9787959883196|106.149151230539||||49412.3828125|342|36400||||888090|HVN680|X|X|0|0|7||||132|147|0|0|[]|13:43:32:383
21|2.1|636136511987586683|0|49416.6640625|18.9882588217157|106.15161886283||||49416.6640625|341.25|36325||||888090|HVN680|X|X|0|0|7||||132|147|0|0|[]|13:43:36:664
21|2.1|636136512032211145|0|49421.1171875|18.9957904646228|106.153550053319||||49421.1171875|340.5|36250||||888090|HVN680|X|X|0|0|7||||132|147|0|0|[]|13:43:41:117
21|2.1|636136512074325356|0|49425.3203125|19.0052318403468|106.155846024234||||49425.3203125|339.75|36175||||888090|HVN680|X|X|0|0|7||||132|147|0|0|[]|13:43:45:320
21|2.1|636136512115359459|0|49429.4296875|19.0144586393498|106.157648468691||||49429.4296875|339|36100||||888090|HVN680|X|X|0|0|7||||132|147|0|0|[]|13:43:49:430
21|2.1|636136512161224045|0|49434.0234375|19.0248441526462|106.159214878754||||49434.0234375|338.25|36000||||888090|HVN680|X|X|0|0|7||||132|147|0|0|[]|13:43:54:023
21|2.1|636136512202258148|0|49438.125|19.0340924093213|106.160287762359||||49438.125|337.75|35950||||888090|HVN680|X|X|0|0|7||||132|147|0|0|[]|13:43:58:125
21|2.1|636136512247182640|0|49442.6171875|19.0432977506522|106.161038780882||||49442.6171875|337|35875||||888090|HVN680|X|X|0|0|7||||132|147|0|0|[]|13:44:02:617
21|2.1|636136512287586680|0|49446.6640625|19.0519022771643|106.161532307341||||49446.6640625|336.5|35825||||888090|HVN680|X|X|0|0|7||||132|147|0|0|[]|13:44:06:664
21|2.1|636136512330030924|0|49450.8984375|19.0611934491836|106.16172542639||||49450.8984375|335.75|35750||||888090|HVN680|X|X|0|0|7||||132|147|0|0|[]|13:44:10:898
21|2.1|636136512371205041|0|49455.0234375|19.0706991979239|106.161618138029||||49455.0234375|334.75|35650||||888090|HVN680|X|X|0|0|7||||132|147|0|0|[]|13:44:15:023
21|2.1|636136512413329253|0|49459.234375|19.0802264043363|106.161339188292||||49459.234375|333.75|35525||||888090|HVN680|X|X|0|0|7||||132|147|0|0|[]|13:44:19:234
21|2.1|636136512459513871|0|49463.8515625|19.0908050366816|106.160995865538||||49463.8515625|332.75|35425||||888090|HVN680|X|X|0|0|7||||132|147|0|0|[]|13:44:23:852
21|2.1|636136512500067926|0|49467.90625|19.0967488118533|106.160781288817||||49467.90625|331.75|35350||||888090|HVN680|X|X|0|0|7||||132|147|0|0|[]|13:44:27:906
21|2.1|636136512548582777|0|49472.75|19.1088080235735|106.160480881408||||49472.75|330.5|35225||||888090|HVN680|X|X|0|0|7||||132|147|0|0|[]|13:44:32:750
21|2.1|636136512592577176|0|49477.15625|19.1191506215257|106.160244847015||||49477.15625|329.5|35100||||888090|HVN680|X|X|0|0|7||||132|147|0|0|[]|13:44:37:156
21|2.1|636136512635951513|0|49481.484375|19.1290640660359|106.160008812622||||49481.484375|328.5|34975||||888090|HVN680|X|X|0|0|7||||132|147|0|0|[]|13:44:41:484
21|2.1|636136512680405958|0|49485.9453125|19.1395783253649|106.159729862884||||49485.9453125|327.5|34875||||888090|HVN680|X|X|0|0|7||||132|147|0|0|[]|13:44:45:945
21|2.1|636136512723930310|0|49490.296875|19.1496205159077|106.159515286163||||49490.296875|326.5|34775||||888090|HVN680|X|X|0|0|7||||132|147|0|0|[]|13:44:50:297
21|2.1|636136512764184335|0|49494.3203125|19.1574954815684|106.159300709442||||49494.3203125|325.25|34650||||888090|HVN680|X|X|0|0|7||||132|147|0|0|[]|13:44:54:320
21|2.1|636136512808338750|0|49498.734375|19.1673660107344|106.159086132721||||49498.734375|324|34500||||888090|HVN680|X|X|0|0|7||||132|147|0|0|[]|13:44:58:734
21|2.1|636136512849982914|0|49502.890625|19.17672155577|106.158828640656||||49502.890625|322.75|34375||||888090|HVN680|X|X|0|0|7||||132|147|0|0|[]|13:45:02:891
21|2.1|636136512908648780|0|49508.7578125|19.1906046696187|106.158442402558||||49508.7578125|320.75|34150||||888090|HVN680|X|X|0|0|7||||132|147|0|0|[]|13:45:08:758
