21|2.1|636136510311779119|0|49249.0859375|13.1979274632028|107.762424849705||||49249.0859375|373.75|39900||||888129|HVN270|5775|X||0|8||||132|163|0|0|[]|13:40:49:086
21|2.1|636136510351873128|0|49253.0859375|13.2073044659105|107.763368987278||||49253.0859375|374.5|39975||||888129|HVN270|5775|X|0|0|8||||132|163|0|0|[]|13:40:53:086
21|2.1|636136510392587199|0|49257.1640625|13.2169175030113|107.764356040194||||49257.1640625|375.25|40050||||888129|HVN270|5775|X|0|0|8||||132|163|0|0|[]|13:40:57:164
21|2.1|636136510433621302|0|49261.265625|13.2265305401121|107.765364550783||||49261.265625|376|40125||||888129|HVN270|5775|X|0|0|8||||132|163|0|0|[]|13:41:01:266
21|2.1|636136510476685608|0|49265.578125|13.2366156459991|107.766394519044||||49265.578125|376.75|40200||||888129|HVN270|5775|X|0|0|8||||132|163|0|0|[]|13:41:05:578
21|2.1|636136510521920131|0|49270.09375|13.2471299053281|107.767445944977||||49270.09375|377.75|40300||||888129|HVN270|5775|X|0|0|8||||132|163|0|0|[]|13:41:10:094
21|2.1|636136510566844623|0|49274.5859375|13.2577085376734|107.768561743926||||49274.5859375|378.5|40375||||888129|HVN270|5775|X|0|0|8||||132|163|0|0|[]|13:41:14:586
21|2.1|636136510611469085|0|49279.046875|13.2682442546745|107.769634627531||||49279.046875|379.5|40500||||888129|HVN270|5775|X|0|0|8||||132|163|0|0|[]|13:41:19:047
21|2.1|636136510653753313|0|49283.2890625|13.2780718684963|107.770621680448||||49283.2890625|380.25|40550||||888129|HVN270|5775|X|0|0|8||||132|163|0|0|[]|13:41:23:289
21|2.1|636136510697427680|0|49287.6484375|13.2883715511043|107.77167310638||||49287.6484375|381|40650||||888129|HVN270|5775|X|0|0|8||||132|163|0|0|[]|13:41:27:648
21|2.1|636136510744542391|0|49292.359375|13.2993793368916|107.77278890533||||49292.359375|382|40750||||888129|HVN270|5775|X|0|0|8||||132|163|0|0|[]|13:41:32:359
21|2.1|636136510788216758|0|49296.7265625|13.3094429851065|107.773797415918||||49296.7265625|382.75|40825||||888129|HVN270|5775|X|0|0|8||||132|163|0|0|[]|13:41:36:727
21|2.1|636136510831591095|0|49301.0703125|13.3197426677145|107.774827384179||||49301.0703125|383.75|40925||||888129|HVN270|5775|X|0|0|8||||132|163|0|0|[]|13:41:41:070
21|2.1|636136510872315167|0|49305.140625|13.3293127894711|107.775835894768||||49305.140625|384.5|41000||||888129|HVN270|5775|X|0|0|8||||132|163|0|0|[]|13:41:45:141
21|2.1|636136510913959331|0|49309.296875|13.3389043688998|107.776822947684||||49309.296875|385.25|41075||||888129|HVN270|5775|X|0|0|8||||132|163|0|0|[]|13:41:49:297
21|2.1|636136510957483683|0|49313.65625|13.3491611361636|107.777874373617||||49313.65625|386|41150||||888129|HVN270|5775|X|0|0|8||||132|163|0|0|[]|13:41:53:656
21|2.1|636136510998667801|0|49317.7734375|13.3587741732644|107.77881851119||||49317.7734375|386.75|41250||||888129|HVN270|5775|X|0|0|8||||132|163|0|0|[]|13:41:57:773
21|2.1|636136511038761810|0|49321.7734375|13.3681297183|107.779784106434||||49321.7734375|387.25|41275||||888129|HVN270|5775|X|0|0|8||||132|163|0|0|[]|13:42:01:773
21|2.1|636136511088216755|0|49326.7265625|13.3795666575293|107.780942820728||||49326.7265625|388.25|41375||||888129|HVN270|5775|X|0|0|8||||132|163|0|0|[]|13:42:06:727
21|2.1|636136511135801513|0|49331.4765625|13.3907675623655|107.782037162005||||49331.4765625|389|41475||||888129|HVN270|5775|X|0|0|8||||132|163|0|0|[]|13:42:11:477
21|2.1|636136511180105943|0|49335.9140625|13.4010243296293|107.783067130266||||49335.9140625|389.75|41525||||888129|HVN270|5775|X|0|0|8||||132|163|0|0|[]|13:42:15:914
21|2.1|636136511222540186|0|49340.15625|13.4110879778442|107.784075640854||||49340.15625|390|41550||||888129|HVN270|5775|X|0|0|8||||132|163|0|0|[]|13:42:20:156
21|2.1|636136511272005132|0|49345.109375|13.4225463747456|107.785212897476||||49345.109375|390.25|41575||||888129|HVN270|5775|X|0|0|8||||132|163|0|0|[]|13:42:25:109
21|2.1|636136511330190950|0|49350.9296875|13.4360861658407|107.78658618849||||49350.9296875|390|41550||||888129|HVN270|5775|X|0|0|8||||132|163|0|0|[]|13:42:30:930
21|2.1|636136511378555786|0|49355.7578125|13.4475445627421|107.787723445111||||49355.7578125|389.75|41525||||888129|HVN270|5775|X|0|0|8||||132|163|0|0|[]|13:42:35:758
21|2.1|636136511423010231|0|49360.2109375|13.4577798723338|107.788796328716||||49360.2109375|389.75|41525||||888129|HVN270|5775|X|0|0|8||||132|163|0|0|[]|13:42:40:211
21|2.1|636136511469654895|0|49364.8671875|13.4687876581211|107.789890669993||||49364.8671875|389.75|41525||||888129|HVN270|5775|X|0|0|8||||132|163|0|0|[]|13:42:44:867
21|2.1|636136511519569886|0|49369.859375|13.4804606317435|107.791027926615||||49369.859375|389.75|41525||||888129|HVN270|5775|X||0|8||||132|163|0|0|[]|13:42:49:859
21|2.1|636136511626440572|0|49380.546875|13.5053729890516|107.793559931922||||49380.546875|389.75|41525||||888129|HVN270|5775|X||0|8||||132|163|0|0|[]|13:43:00:547
21|2.1|636136511670274955|0|49384.9375|13.5156082986433|107.794632815527||||49384.9375|389.75|41525||||888129|HVN270|5775|X||0|8||||132|163|0|0|[]|13:43:04:938
21|2.1|636136511711149042|0|49389.015625|13.5249638436789|107.7955769531||||49389.015625|389.75|41525||||888129|HVN270|5775|X||0|8||||132|163|0|0|[]|13:43:09:016
21|2.1|636136511752023129|0|49393.09375|13.5344695924192|107.796521090672||||49393.09375|389.75|41525||||888129|HVN270|5775|X||0|8||||132|163|0|0|[]|13:43:13:094
21|2.1|636136511792267153|0|49397.140625|13.5440397141758|107.797508143589||||49397.140625|390|41550||||888129|HVN270|5775|X||0|8||||132|163|0|0|[]|13:43:17:141
21|2.1|636136511836421568|0|49401.5390625|13.5542964814396|107.798516654178||||49401.5390625|389.75|41525||||888129|HVN270|5775|X||0|8||||132|163|0|0|[]|13:43:21:539
21|2.1|636136511877135639|0|49405.6171875|13.563609111131|107.799439334078||||49405.6171875|389.75|41525||||888129|HVN270|5775|X||0|8||||132|163|0|0|[]|13:43:25:617
21|2.1|636136511920199945|0|49409.90625|13.5736083863296|107.800447844667||||49409.90625|390|41550||||888129|HVN270|5775|X||0|8||||132|163|0|0|[]|13:43:29:906
21|2.1|636136511962314156|0|49414.125|13.5834145424793|107.801456355255||||49414.125|389.75|41525||||888129|HVN270|5775|X||0|8||||132|163|0|0|[]|13:43:34:125
21|2.1|636136512002408165|0|49418.125|13.5927057144986|107.802400492828||||49418.125|389.75|41525||||888129|HVN270|5775|X||0|8||||132|163|0|0|[]|13:43:38:125
21|2.1|636136512046242548|0|49422.515625|13.6029410240903|107.803494834105||||49422.515625|389.75|41525||||888129|HVN270|5775|X|0|0|8||||132|163|0|0|[]|13:43:42:516
21|2.1|636136512086966620|0|49426.59375|13.612532603519|107.804460429349||||49426.59375|390|41550||||888129|HVN270|5775|X||0|8||||132|163|0|0|[]|13:43:46:594
21|2.1|636136512128930816|0|49430.796875|13.6222958443245|107.805468939938||||49430.796875|389.75|41525||||888129|HVN270|5775|X||0|8||||132|163|0|0|[]|13:43:50:797
21|2.1|636136512169334856|0|49434.8359375|13.631844508409|107.806477450527||||49434.8359375|389.75|41525||||888129|HVN270|5775|X|0|0|8||||132|163|0|0|[]|13:43:54:836
21|2.1|636136512213799302|0|49439.28125|13.6420798180007|107.807507418787||||49439.28125|390|41550||||888129|HVN270|5775|X|0|0|8||||132|163|0|0|[]|13:43:59:281
21|2.1|636136512257013623|0|49443.609375|13.6521434662156|107.808494471704||||49443.609375|389.75|41525||||888129|HVN270|5775|X|0|0|8||||132|163|0|0|[]|13:44:03:609
21|2.1|636136512300067928|0|49447.90625|13.6621427414142|107.809502982293||||49447.90625|390|41550||||888129|HVN270|5775|X|0|0|8||||132|163|0|0|[]|13:44:07:906
21|2.1|636136512345942515|0|49452.5|13.6728930351363|107.81059732357||||49452.5|389.75|41525||||888129|HVN270|5775|X|0|0|8||||132|163|0|0|[]|13:44:12:500
21|2.1|636136512389776898|0|49456.8671875|13.6831498024001|107.811627291831||||49456.8671875|390|41550||||888129|HVN270|5775|X|0|0|8||||132|163|0|0|[]|13:44:16:867
21|2.1|636136512433451265|0|49461.25|13.6934065696639|107.812678717764||||49461.25|390|41550||||888129|HVN270|5775|X|0|0|8||||132|163|0|0|[]|13:44:21:250
21|2.1|636136512476675587|0|49465.5546875|13.7034487602067|107.81366577068||||49465.5546875|390|41550||||888129|HVN270|5775|X|0|0|8||||132|163|0|0|[]|13:44:25:555
21|2.1|636136512521290048|0|49470.0390625|13.7139201041915|107.814717196613||||49470.0390625|390|41550||||888129|HVN270|5775|X|0|0|8||||132|163|0|0|[]|13:44:30:039
21|2.1|636136512574795398|0|49475.375|13.7263011809932|107.815961741595||||49475.375|389.75|41525||||888129|HVN270|5775|X|0|0|8||||132|163|0|0|[]|13:44:35:375
21|2.1|636136512617539672|0|49479.65625|13.736343371536|107.816991709856||||49479.65625|389.75|41525||||888129|HVN270|5775|X|0|0|8||||132|163|0|0|[]|13:44:39:656
21|2.1|636136512659973915|0|49483.8984375|13.7461495276857|107.818021678116||||49483.8984375|389.75|41525||||888129|HVN270|5775|X|0|0|8||||132|163|0|0|[]|13:44:43:898
21|2.1|636136512703338251|0|49488.2265625|13.7561917182285|107.819051646377||||49488.2265625|389.75|41550||||888129|HVN270|5775|X|0|0|8||||132|163|0|0|[]|13:44:48:227
21|2.1|636136512743282245|0|49492.2265625|13.7655472632641|107.820017241622||||49492.2265625|389.75|41525||||888129|HVN270|5775|X||0|8||||132|163|0|0|[]|13:44:52:227
21|2.1|636136512787426659|0|49496.6484375|13.7760829802652|107.821111582899||||49496.6484375|389.75|41525||||888129|HVN270|5775|X||0|8||||132|163|0|0|[]|13:44:56:648
21|2.1|636136512828610777|0|49500.7578125|13.7856531020218|107.822034262799||||49500.7578125|390|41550||||888129|HVN270|5775|X||0|8||||132|163|0|0|[]|13:45:00:758
21|2.1|636136512871675083|0|49505.078125|13.7957167502367|107.823085688732||||49505.078125|390|41550||||888129|HVN270|5775|X||0|8||||132|163|0|0|[]|13:45:05:078
21|2.1|636136512913479263|0|49509.234375|13.8055658217306|107.824094199321||||49509.234375|390|41550||||888129|HVN270|5775|X||0|8||||132|163|0|0|[]|13:45:09:234
21|2.1|636136512953733288|0|49513.28125|13.8148999090941|107.825038336893||||49513.28125|390|41550||||888129|HVN270|5775|X||0|8||||132|163|0|0|[]|13:45:13:281
21|2.1|636136512996787593|0|49517.5703125|13.8249420996369|107.826046847482||||49517.5703125|390|41550||||888129|HVN270|5775|X||0|8||||132|163|0|0|[]|13:45:17:570
21|2.1|636136513038601774|0|49521.75|13.8347697134587|107.827012442726||||49521.75|389.75|41525||||888129|HVN270|5775|X|0|0|8||||132|163|0|0|[]|13:45:21:750
21|2.1|636136513080715985|0|49525.9765625|13.8445973272805|107.828020953315||||49525.9765625|389.75|41525||||888129|HVN270|5775|X|0|0|8||||132|163|0|0|[]|13:45:25:977
21|2.1|636136513123170230|0|49530.21875|13.8544678564465|107.82898654856||||49530.21875|389.75|41525||||888129|HVN270|5775|X|0|0|8||||132|163|0|0|[]|13:45:30:219
21|2.1|636136513170734986|0|49534.96875|13.8656687612827|107.830080889837||||49534.96875|390|41550||||888129|HVN270|5775|X|0|0|8||||132|163|0|0|[]|13:45:34:969
21|2.1|636136513219879900|0|49539.875|13.8771486158562|107.83123960413||||49539.875|389.75|41525||||888129|HVN270|5775|X|0|0|8||||132|163|0|0|[]|13:45:39:875
21|2.1|636136513265284440|0|49544.4296875|13.8877057905294|107.832312487735||||49544.4296875|389.75|41525||||888129|HVN270|5775|X|0|0|8||||132|163|0|0|[]|13:45:44:430
21|2.1|636136513333291240|0|49551.234375|13.9038419599486|107.833986186159||||49551.234375|389.75|41525||||888129|HVN270|5775|X|0|0|8||||132|163|0|0|[]|13:45:51:234
21|2.1|636136513374165327|0|49555.3203125|13.9132189626563|107.834930323731||||49555.3203125|390|41550||||888129|HVN270|5775|X|0|0|8||||132|163|0|0|[]|13:45:55:320
21|2.1|636136513433291239|0|49561.2265625|13.9270377034887|107.83634653009||||49561.2265625|390|41550||||888129|HVN270|5775|X||0|8||||132|163|0|0|[]|13:46:01:227
21|2.1|636136513476195529|0|49565.53125|13.9371228093757|107.837355040679||||49565.53125|389.75|41525||||888129|HVN270|5775|X|0|0|8||||132|163|0|0|[]|13:46:05:531
21|2.1|636136513518319741|0|49569.7265625|13.9470147962138|107.838342093595||||49569.7265625|390|41550||||888129|HVN270|5775|X|0|0|8||||132|163|0|0|[]|13:46:09:727
21|2.1|636136513565424451|0|49574.4375|13.9582586163942|107.839372061856||||49574.4375|390|41550||||888129|HVN270|5775|X|0|0|8||||132|163|0|0|[]|13:46:14:438
21|2.1|636136513614099318|0|49579.3046875|13.9695668095909|107.840273284084||||49579.3046875|390|41550||||888129|HVN270|5775|X|0|0|8||||132|163|0|0|[]|13:46:19:305
21|2.1|636136513663564264|0|49584.2578125|13.9813470715738|107.841131590968||||49584.2578125|389.75|41525||||888129|HVN270|5775|X|0|0|8||||132|163|0|0|[]|13:46:24:258
21|2.1|636136513713479255|0|49589.25|13.9931487912288|107.841839694147||||49589.25|389.75|41525||||888129|HVN270|5775|X|0|0|8||||132|163|0|0|[]|13:46:29:250
21|2.1|636136513755133420|0|49593.40625|14.0028262013459|107.842333220606||||49593.40625|389.75|41525||||888129|HVN270|5775|X|0|0|8||||132|163|0|0|[]|13:46:33:406
21|2.1|636136513801468053|0|49598.0390625|14.0138769024774|107.84278383172||||49598.0390625|390|41550||||888129|HVN270|5775|X||0|8||||132|163|0|0|[]|13:46:38:039
21|2.1|636136513850452951|0|49602.9453125|14.0254425877393|107.843148612146||||49602.9453125|390|41550||||888129|HVN270|5775|X|0|0|8||||132|163|0|0|[]|13:46:42:945
21|2.1|636136513891317037|0|49607.03125|14.0348839634633|107.843384646539||||49607.03125|389.75|41525||||888129|HVN270|5775|X|0|0|8||||132|163|0|0|[]|13:46:47:031
21|2.1|636136513935631468|0|49611.4609375|14.0455269688249|107.843556307915||||49611.4609375|389.75|41525||||888129|HVN270|5775|X|0|0|8||||132|163|0|0|[]|13:46:51:461
21|2.1|636136513978835788|0|49615.78125|14.0556549900561|107.843620680932||||49615.78125|389.75|41525||||888129|HVN270|5775|X|0|0|8||||132|163|0|0|[]|13:46:55:781
21|2.1|636136514026740578|0|49620.5703125|14.067006098597|107.843620680932||||49620.5703125|389.75|41525||||888129|HVN270|5775|X|0|0|8||||132|163|0|0|[]|13:47:00:570
21|2.1|636136514066684572|0|49624.5703125|14.0764260166489|107.843577765588||||49624.5703125|390|41550||||888129|HVN270|5775|X|0|0|8||||132|163|0|0|[]|13:47:04:570
21|2.1|636136514114569360|0|49629.359375|14.0877771251898|107.843534850243||||49629.359375|390|41550||||888129|HVN270|5775|X|0|0|8||||132|163|0|0|[]|13:47:09:359
21|2.1|636136514163714274|0|49634.265625|14.0993428104517|107.843491934899||||49634.265625|390|41550||||888129|HVN270|5775|X|0|0|8||||132|163|0|0|[]|13:47:14:266
21|2.1|636136514204118314|0|49638.3046875|14.1087841861757|107.843491934899||||49638.3046875|389.75|41525||||888129|HVN270|5775|X||0|8||||132|163|0|0|[]|13:47:18:305
21|2.1|636136514252473149|0|49643.140625|14.1203284137655|107.843534850243||||49643.140625|390|41550||||888129|HVN270|5775|X|0|0|8||||132|163|0|0|[]|13:47:23:141
21|2.1|636136514295997501|0|49647.5078125|14.1304778926688|107.843556307915||||49647.5078125|389.75|41525||||888129|HVN270|5775|X|0|0|8||||132|163|0|0|[]|13:47:27:508
21|2.1|636136514340001901|0|49651.890625|14.1408634059652|107.843556307915||||49651.890625|390|41550||||888129|HVN270|5775|X||0|8||||132|163|0|0|[]|13:47:31:891
21|2.1|636136514384306331|0|49656.3203125|14.1512703769337|107.843556307915||||49656.3203125|390|41550||||888129|HVN270|5775|X|0|0|8||||132|163|0|0|[]|13:47:36:320
21|2.1|636136514428290729|0|49660.71875|14.1616558902301|107.843556307915||||49660.71875|389.75|41525||||888129|HVN270|5775|X|0|0|8||||132|163|0|0|[]|13:47:40:719
21|2.1|636136514471195019|0|49665.0078125|14.1718053691334|107.843534850243||||49665.0078125|389.75|41525||||888129|HVN270|5775|X|0|0|8||||132|163|0|0|[]|13:47:45:008
21|2.1|636136514516279527|0|49669.5078125|14.1824269168229|107.843556307915||||49669.5078125|390|41550||||888129|HVN270|5775|X||0|8||||132|163|0|0|[]|13:47:49:508
21|2.1|636136514560743973|0|49673.9765625|14.1930270068403|107.843577765588||||49673.9765625|390|41550||||888129|HVN270|5775|X||0|8||||132|163|0|0|[]|13:47:53:977
21|2.1|636136514602398138|0|49678.140625|14.2029404513505|107.843577765588||||49678.140625|390|41550||||888129|HVN270|5775|X||0|8||||132|163|0|0|[]|13:47:58:141
21|2.1|636136514646542552|0|49682.5390625|14.2133259646469|107.843577765588||||49682.5390625|390|41550||||888129|HVN270|5775|X|0|0|8||||132|163|0|0|[]|13:48:02:539
21|2.1|636136514689756873|0|49686.8671875|14.2234539858781|107.843556307915||||49686.8671875|389.75|41525||||888129|HVN270|5775|X|0|0|8||||132|163|0|0|[]|13:48:06:867
21|2.1|636136514735001397|0|49691.40625|14.2340969912397|107.843577765588||||49691.40625|389.75|41525||||888129|HVN270|5775|X|0|0|8||||132|163|0|0|[]|13:48:11:406
21|2.1|636136514775885485|0|49695.4921875|14.2437314860126|107.84359922326||||49695.4921875|389.75|41525||||888129|HVN270|5775|X|0|0|8||||132|163|0|0|[]|13:48:15:492
21|2.1|636136514818309727|0|49699.71875|14.2536234728507|107.84359922326||||49699.71875|389.75|41525||||888129|HVN270|5775|X|0|0|8||||132|163|0|0|[]|13:48:19:719
21|2.1|636136514861834079|0|49704.078125|14.2640089861471|107.84359922326||||49704.078125|389.75|41525||||888129|HVN270|5775|X|0|0|8||||132|163|0|0|[]|13:48:24:078
21|2.1|636136514906768572|0|49708.5703125|14.2745876184924|107.843620680932||||49708.5703125|389.75|41525||||888129|HVN270|5775|X|0|0|8||||132|163|0|0|[]|13:48:28:570
21|2.1|636136514947012596|0|49712.609375|14.2839860788722|107.843620680932||||49712.609375|389.75|41525||||888129|HVN270|5775|X|0|0|8||||132|163|0|0|[]|13:48:32:609
21|2.1|636136514988036698|0|49716.6875|14.2936634889893|107.843642138604||||49716.6875|389.75|41525||||888129|HVN270|5775|X|0|0|8||||132|163|0|0|[]|13:48:36:688
21|2.1|636136515028440738|0|49720.7265625|14.3030619493691|107.843642138604||||49720.7265625|389.75|41525||||888129|HVN270|5775|X|0|0|8||||132|163|0|0|[]|13:48:40:727
21|2.1|636136515069634857|0|49724.8515625|14.3129324785351|107.843642138604||||49724.8515625|390|41550||||888129|HVN270|5775|X|0|0|8||||132|163|0|0|[]|13:48:44:852
21|2.1|636136515119239817|0|49729.8203125|14.324498163797|107.843685053948||||49729.8203125|390|41550||||888129|HVN270|5775|X|0|0|8||||132|163|0|0|[]|13:48:49:820
21|2.1|636136515161524045|0|49734.0625|14.3346476427003|107.843642138604||||49734.0625|390|41550||||888129|HVN270|5775|X|0|0|8||||132|163|0|0|[]|13:48:54:063
21|2.1|636136515201608053|0|49738.0625|14.3440675607522|107.843642138604||||49738.0625|390|41550||||888129|HVN270|5775|X||0|8||||132|163|0|0|[]|13:48:58:063
21|2.1|636136515248732765|0|49742.765625|14.3551182618837|107.843685053948||||49742.765625|390|41550||||888129|HVN270|5775|X|0|0|8||||132|163|0|0|[]|13:49:02:766
21|2.1|636136515298177709|0|49747.71875|14.3667268624898|107.843685053948||||49747.71875|390|41550||||888129|HVN270|5775|X|0|0|8||||132|163|0|0|[]|13:49:07:719
21|2.1|636136515374155306|0|49755.3203125|14.3846654763654|107.843685053948||||49755.3203125|389.75|41525||||888129|HVN270|5775|X|0|0|8||||132|163|0|0|[]|13:49:15:320
21|2.1|636136515432811171|0|49761.1796875|14.3986129632304|107.843685053948||||49761.1796875|390|41550||||888129|HVN270|5775|X|0|0|8||||132|163|0|0|[]|13:49:21:180
21|2.1|636136515482416131|0|49766.1328125|14.4101786484923|107.843685053948||||49766.1328125|390|41550||||888129|HVN270|5775|X|0|0|8||||132|163|0|0|[]|13:49:26:133
21|2.1|636136515530620951|0|49770.9609375|14.4217443337542|107.843685053948||||49770.9609375|390|41550||||888129|HVN270|5775|X|0|0|8||||132|163|0|0|[]|13:49:30:961
21|2.1|636136515605048393|0|49778.3984375|14.439296709532|107.843685053948||||49778.3984375|390|41550||||888129|HVN270|5775|X||0|8||||132|163|0|0|[]|13:49:38:398
21|2.1|636136515754653352|0|49793.3671875|14.4748091568575|107.843685053948||||49793.3671875|390|41550||||888129|HVN270|5775|X||0|8||||132|163|0|0|[]|13:49:53:367
21|2.1|636136515800207907|0|49797.921875|14.4854736198912|107.843685053948||||49797.921875|390|41550||||888129|HVN270|5775|X||0|8||||132|163|0|0|[]|13:49:57:922
21|2.1|636136515840761962|0|49801.9609375|14.4951510300083|107.843685053948||||49801.9609375|389.75|41525||||888129|HVN270|5775|X||0|8||||132|163|0|0|[]|13:50:01:961
21|2.1|636136515885226408|0|49806.40625|14.5055794586489|107.843685053948||||49806.40625|389.75|41525||||888129|HVN270|5775|X|0|0|8||||132|163|0|0|[]|13:50:06:406
21|2.1|636136515927030588|0|49810.5859375|14.5155358185033|107.843685053948||||49810.5859375|390|41550||||888129|HVN270|5775|X|0|0|8||||132|163|0|0|[]|13:50:10:586
21|2.1|636136515970724957|0|49814.9765625|14.5259642471439|107.843685053948||||49814.9765625|389.75|41525||||888129|HVN270|5775|X|0|0|8||||132|163|0|0|[]|13:50:14:977
21|2.1|636136516016579542|0|49819.5390625|14.5368647445707|107.843685053948||||49819.5390625|390|41550||||888129|HVN270|5775|X|0|0|8||||132|163|0|0|[]|13:50:19:539
21|2.1|636136516056833567|0|49823.578125|14.546370493311|107.843620680932||||49823.578125|390|41550||||888129|HVN270|5775|X||0|8||||132|163|0|0|[]|13:50:23:578
21|2.1|636136516098487732|0|49827.7421875|14.5562839378212|107.843620680932||||49827.7421875|390|41550||||888129|HVN270|5775|X|0|0|8||||132|163|0|0|[]|13:50:27:742
21|2.1|636136516141702053|0|49832.0625|14.5664977897408|107.843642138604||||49832.0625|389.75|41525||||888129|HVN270|5775|X|0|0|8||||132|163|0|0|[]|13:50:32:063
21|2.1|636136516185856468|0|49836.46875|14.5768833030372|107.843642138604||||49836.46875|389.75|41525||||888129|HVN270|5775|X|0|0|8||||132|163|0|0|[]|13:50:36:469
21|2.1|636136516227340616|0|49840.6328125|14.5866250861706|107.843620680932||||49840.6328125|389.75|41525||||888129|HVN270|5775|X|0|0|8||||132|163|0|0|[]|13:50:40:633
21|2.1|636136516269474829|0|49844.8515625|14.596796022746|107.843642138604||||49844.8515625|390|41550||||888129|HVN270|5775|X|0|0|8||||132|163|0|0|[]|13:50:44:852
21|2.1|636136516309878869|0|49848.890625|14.6063232291584|107.843642138604||||49848.890625|390|41550||||888129|HVN270|5775|X|0|0|8||||132|163|0|0|[]|13:50:48:891
21|2.1|636136516352303111|0|49853.1328125|14.6162581313407|107.843642138604||||49853.1328125|390|41550||||888129|HVN270|5775|X|0|0|8||||132|163|0|0|[]|13:50:53:133
21|2.1|636136516395367417|0|49857.4375|14.6267294753255|107.843642138604||||49857.4375|390|41550||||888129|HVN270|5775|X|0|0|8||||132|163|0|0|[]|13:50:57:438
21|2.1|636136516438741754|0|49861.7578125|14.6369004119009|107.843620680932||||49861.7578125|390|41550||||888129|HVN270|5775|X|0|0|8||||132|163|0|0|[]|13:51:01:758
21|2.1|636136516480545934|0|49865.9609375|14.6469211447716|107.843620680932||||49865.9609375|389.75|41525||||888129|HVN270|5775|X|0|0|8||||132|163|0|0|[]|13:51:05:961
21|2.1|636136516521730052|0|49870.078125|14.6566414702329|107.843642138604||||49870.078125|390|41550||||888129|HVN270|5775|X|0|0|8||||132|163|0|0|[]|13:51:10:078
21|2.1|636136516563074186|0|49874.203125|14.6663832533663|107.843685053948||||49874.203125|390|41550||||888129|HVN270|5775|X|0|0|8||||132|163|0|0|[]|13:51:14:203
21|2.1|636136516605968475|0|49878.4921875|14.6765971052859|107.843642138604||||49878.4921875|390|41550||||888129|HVN270|5775|X|0|0|8||||132|163|0|0|[]|13:51:18:492
21|2.1|636136516650902968|0|49882.9921875|14.6872830259917|107.843685053948||||49882.9921875|390|41550||||888129|HVN270|5775|X|0|0|8||||132|163|0|0|[]|13:51:22:992
21|2.1|636136516692557133|0|49887.1484375|14.6972823011903|107.843620680932||||49887.1484375|390|41550||||888129|HVN270|5775|X|0|0|8||||132|163|0|0|[]|13:51:27:148
21|2.1|636136516737641641|0|49891.65625|14.707946764224|107.843642138604||||49891.65625|389.75|41525||||888129|HVN270|5775|X|0|0|8||||132|163|0|0|[]|13:51:31:656
21|2.1|636136516778045681|0|49895.703125|14.7174739706364|107.843642138604||||49895.703125|389.75|41525||||888129|HVN270|5775|X|0|0|8||||132|163|0|0|[]|13:51:35:703
21|2.1|636136516820479924|0|49899.9375|14.7276449072118|107.843620680932||||49899.9375|389.75|41525||||888129|HVN270|5775|X|0|0|8||||132|163|0|0|[]|13:51:39:938
21|2.1|636136516863384214|0|49904.21875|14.7376012670662|107.843620680932||||49904.21875|389.75|41525||||888129|HVN270|5775|X|0|0|8||||132|163|0|0|[]|13:51:44:219
21|2.1|636136516906598535|0|49908.546875|14.748072611051|107.843620680932||||49908.546875|389.75|41525||||888129|HVN270|5775|X|0|0|8||||132|163|0|0|[]|13:51:48:547
21|2.1|636136516951523027|0|49913.046875|14.7587156164126|107.84359922326||||49913.046875|389.75|41525||||888129|HVN270|5775|X|0|0|8||||132|163|0|0|[]|13:51:53:047
21|2.1|636136516997077582|0|49917.6015625|14.7694015371184|107.843620680932||||49917.6015625|389.75|41525||||888129|HVN270|5775|X|0|0|8||||132|163|0|0|[]|13:51:57:602
21|2.1|636136517041071981|0|49922|14.779829965759|107.843620680932||||49922|390|41550||||888129|HVN270|5775|X|0|0|8||||132|163|0|0|[]|13:52:02:000
21|2.1|636136517081015975|0|49926|14.789271341483|107.843620680932||||49926|390|41550||||888129|HVN270|5775|X|0|0|8||||132|163|0|0|[]|13:52:06:000
21|2.1|636136517120949968|0|49930|14.7987770902233|107.843620680932||||49930|389.75|41525||||888129|HVN270|5775|X|0|0|8||||132|163|0|0|[]|13:52:10:000
21|2.1|636136517164794352|0|49934.3671875|14.8092055188639|107.843620680932||||49934.3671875|389.75|41525||||888129|HVN270|5775|X|0|0|8||||132|163|0|0|[]|13:52:14:367
21|2.1|636136517205508423|0|49938.453125|14.8189043866531|107.84359922326||||49938.453125|389.75|41525||||888129|HVN270|5775|X|0|0|8||||132|163|0|0|[]|13:52:18:453
21|2.1|636136517248242696|0|49942.7109375|14.8288392888354|107.843620680932||||49942.7109375|389.75|41525||||888129|HVN270|5775|X|0|0|8||||132|163|0|0|[]|13:52:22:711
21|2.1|636136517298167688|0|49947.703125|14.8406624661625|107.843620680932||||49947.703125|389.75|41525||||888129|HVN270|5775|X|0|0|8||||132|163|0|0|[]|13:52:27:703
21|2.1|636136517341071978|0|49951.9921875|14.85085486041|107.843663596276||||49951.9921875|389.75|41525||||888129|HVN270|5775|X|0|0|8||||132|163|0|0|[]|13:52:31:992
21|2.1|636136517385226393|0|49956.40625|14.8612832890506|107.843749426964||||49956.40625|390|41525||||888129|HVN270|5775|X|0|0|8||||132|163|0|0|[]|13:52:36:406
21|2.1|636136517425620432|0|49960.453125|14.8710036145119|107.843813799981||||49960.453125|390|41550||||888129|HVN270|5775|X|0|0|8||||132|163|0|0|[]|13:52:40:453
21|2.1|636136517469774847|0|49964.8828125|14.8813891278083|107.843964003685||||49964.8828125|390|41550||||888129|HVN270|5775|X|0|0|8||||132|163|0|0|[]|13:52:44:883
21|2.1|636136517515639433|0|49969.4375|14.8922896252351|107.84411420739||||49969.4375|390|41550||||888129|HVN270|5775|X|0|0|8||||132|163|0|0|[]|13:52:49:438
21|2.1|636136517560883957|0|49973.96875|14.9029540882688|107.844242953423||||49973.96875|390|41550||||888129|HVN270|5775|X|0|0|8||||132|163|0|0|[]|13:52:53:969
21|2.1|636136517605028371|0|49978.390625|14.9133396015652|107.844543360832||||49978.390625|390|41550||||888129|HVN270|5775|X|0|0|8||||132|163|0|0|[]|13:52:58:391
21|2.1|636136517645592427|0|49982.4609375|14.9230599270265|107.844822310569||||49982.4609375|389.75|41525||||888129|HVN270|5775|X|0|0|8||||132|163|0|0|[]|13:53:02:461
21|2.1|636136517690516919|0|49986.9375|14.933681474716|107.845187090995||||49986.9375|389.75|41525||||888129|HVN270|5775|X|0|0|8||||132|163|0|0|[]|13:53:06:938
21|2.1|636136517733731240|0|49991.2734375|14.9438309536193|107.845551871421||||49991.2734375|389.75|41500||||888129|HVN270|5775|X|0|0|8||||132|163|0|0|[]|13:53:11:273
21|2.1|636136517775695436|0|49995.453125|14.9537658558016|107.845938109519||||49995.453125|390|41550||||888129|HVN270|5775|X|0|0|8||||132|163|0|0|[]|13:53:15:453
21|2.1|636136517816889555|0|49999.5703125|14.9634647235908|107.846302889944||||49999.5703125|389.75|41525||||888129|HVN270|5775|X|0|0|8||||132|163|0|0|[]|13:53:19:570
21|2.1|636136517857133579|0|50003.609375|14.9728846416427|107.846710585714||||50003.609375|390|41550||||888129|HVN270|5775|X|0|0|8||||132|163|0|0|[]|13:53:23:609
21|2.1|636136517906738539|0|50008.5625|14.9847078189698|107.8471826545||||50008.5625|389.75|41525||||888129|HVN270|5775|X|0|0|8||||132|163|0|0|[]|13:53:28:563
21|2.1|636136517947462611|0|50012.640625|14.9943637714148|107.847633265614||||50012.640625|389.75|41525||||888129|HVN270|5775|X|0|0|8||||132|163|0|0|[]|13:53:32:641
21|2.1|636136517990836948|0|50016.96875|15.0045347079902|107.848019503712||||50016.96875|389.75|41525||||888129|HVN270|5775|X|0|0|8||||132|163|0|0|[]|13:53:36:969
21|2.1|636136518032491113|0|50021.1328125|15.0141906604352|107.848448657154||||50021.1328125|390|41550||||888129|HVN270|5775|X|0|0|8||||132|163|0|0|[]|13:53:41:133
21|2.1|636136518073215185|0|50025.2109375|15.0238895282244|107.848856352924||||50025.2109375|390|41575||||888129|HVN270|5775|X|0|0|8||||132|163|0|0|[]|13:53:45:211
21|2.1|636136518117509614|0|50029.6328125|15.0342750415208|107.849242591022||||50029.6328125|389.75|41525||||888129|HVN270|5775|X|0|0|8||||132|163|0|0|[]|13:53:49:633
21|2.1|636136518160873950|0|50033.984375|15.0446605548172|107.849693202136||||50033.984375|390|41550||||888129|HVN270|5775|X|0|0|8||||132|163|0|0|[]|13:53:53:984
21|2.1|636136518205808443|0|50038.4609375|15.0553035601788|107.850186728594||||50038.4609375|389.75|41525||||888129|HVN270|5775|X|0|0|8||||132|163|0|0|[]|13:53:58:461
21|2.1|636136518246992561|0|50042.578125|15.0649595126238|107.850572966692||||50042.578125|389.75|41525||||888129|HVN270|5775|X|0|0|8||||132|163|0|0|[]|13:54:02:578
21|2.1|636136518289576819|0|50046.859375|15.0751089915271|107.851002120134||||50046.859375|389.75|41525||||888129|HVN270|5775|X|0|0|8||||132|163|0|0|[]|13:54:06:859
21|2.1|636136518338421703|0|50051.734375|15.0864815577401|107.85147418892||||50051.734375|389.75|41525||||888129|HVN270|5775|X|0|0|8||||132|163|0|0|[]|13:54:11:734
21|2.1|636136518380375898|0|50055.9296875|15.0963520869061|107.851860427018||||50055.9296875|390|41550||||888129|HVN270|5775|X|0|0|8||||132|163|0|0|[]|13:54:15:930
21|2.1|636136518425150375|0|50060.3984375|15.1069950922677|107.852332495804||||50060.3984375|390|41550||||888129|HVN270|5775|X|0|0|8||||132|163|0|0|[]|13:54:20:398
21|2.1|636136518467114571|0|50064.6015625|15.1169085367779|107.852740191574||||50064.6015625|390|41550||||888129|HVN270|5775|X|0|0|8||||132|163|0|0|[]|13:54:24:602
21|2.1|636136518511579017|0|50069.0390625|15.1274871691232|107.853169345016||||50069.0390625|390|41550||||888129|HVN270|5775|X|0|0|8||||132|163|0|0|[]|13:54:29:039
21|2.1|636136518552293088|0|50073.1171875|15.1369070871751|107.85351266777||||50073.1171875|390|41525||||888129|HVN270|5775|X|0|0|8||||132|163|0|0|[]|13:54:33:117
21|2.1|636136518593477206|0|50077.2421875|15.146756158669|107.853941821212||||50077.2421875|390|41525||||888129|HVN270|5775|X|0|0|8||||132|163|0|0|[]|13:54:37:242
21|2.1|636136518633421200|0|50081.2421875|15.1561331613767|107.854285143965||||50081.2421875|389.75|41500||||888129|HVN270|5775|X|0|0|8||||132|163|0|0|[]|13:54:41:242
21|2.1|636136518681305988|0|50086.03125|15.1670980318198|107.854692839735||||50086.03125|389.75|41500||||888129|HVN270|5775|X||0|8||||132|163|0|0|[]|13:54:46:031
21|2.1|636136518731390996|0|50091.0234375|15.178728090098|107.855186366194||||50091.0234375|389.75|41500||||888129|HVN270|5775|X|0|0|8||||132|163|0|0|[]|13:54:51:023
21|2.1|636136518771795036|0|50095.0625|15.1882767541825|107.855529688947||||50095.0625|389.75|41500||||888129|HVN270|5775|X|0|0|8||||132|163|0|0|[]|13:54:55:063
21|2.1|636136518811729029|0|50099.0625|15.1975250108576|107.855873011701||||50099.0625|389.75|41500||||888129|HVN270|5775|X|0|0|8||||132|163|0|0|[]|13:54:59:063
21|2.1|636136518853383194|0|50103.21875|15.2070307595979|107.856259249799||||50103.21875|389.75|41500||||888129|HVN270|5775|X|0|0|8||||132|163|0|0|[]|13:55:03:219
21|2.1|636136518928580713|0|50110.7421875|15.2245831353757|107.856902979962||||50110.7421875|389.75|41500||||888129|HVN270|5775|X|0|0|8||||132|163|0|0|[]|13:55:10:742
21|2.1|636136518976005455|0|50115.4921875|15.2354192597862|107.857310675732||||50115.4921875|389.75|41525||||888129|HVN270|5775|X|0|0|8||||132|163|0|0|[]|13:55:15:492
21|2.1|636136519019999854|0|50119.8828125|15.2455472810174|107.857696913829||||50119.8828125|389.75|41525||||888129|HVN270|5775|X|0|0|8||||132|163|0|0|[]|13:55:19:883
21|2.1|636136519062744128|0|50124.1640625|15.2554392678555|107.858083151927||||50124.1640625|390|41550||||888129|HVN270|5775|X|0|0|8||||132|163|0|0|[]|13:55:24:164
21|2.1|636136519111879041|0|50129.0703125|15.2666830880359|107.858512305369||||50129.0703125|390|41550||||888129|HVN270|5775|X||0|8||||132|163|0|0|[]|13:55:29:070
21|2.1|636136519153853238|0|50133.2734375|15.276360498153|107.858898543467||||50133.2734375|389.75|41525||||888129|HVN270|5775|X||0|8||||132|163|0|0|[]|13:55:33:273
21|2.1|636136519196917544|0|50137.578125|15.2862739426632|107.859263323893||||50137.578125|390|41550||||888129|HVN270|5775|X||0|8||||132|163|0|0|[]|13:55:37:578
21|2.1|636136519237781630|0|50141.6640625|15.295672403043|107.859628104318||||50141.6640625|390|41550||||888129|HVN270|5775|X||0|8||||132|163|0|0|[]|13:55:41:664
21|2.1|636136519277715623|0|50145.6640625|15.3048777443739|107.859971427072||||50145.6640625|390|41550||||888129|HVN270|5775|X||0|8||||132|163|0|0|[]|13:55:45:664
21|2.1|636136519317809632|0|50149.6640625|15.3140616280327|107.860293292153||||50149.6640625|390|41550||||888129|HVN270|5775|X||0|8||||132|163|0|0|[]|13:55:49:664
21|2.1|636136519357743625|0|50153.6640625|15.3232669693636|107.860636614907||||50153.6640625|390|41550||||888129|HVN270|5775|X|0|0|8||||132|163|0|0|[]|13:55:53:664
21|2.1|636136519402208071|0|50158.109375|15.3333949905948|107.861022853005||||50158.109375|390|41550||||888129|HVN270|5775|X|0|0|8||||132|163|0|0|[]|13:55:58:109
21|2.1|636136519447142564|0|50162.609375|15.3437161308749|107.861409091103||||50162.609375|390|41550||||888129|HVN270|5775|X|0|0|8||||132|163|0|0|[]|13:56:02:609
21|2.1|636136519487696619|0|50166.6484375|15.3531575065989|107.861752413856||||50166.6484375|390|41550||||888129|HVN270|5775|X|0|0|8||||132|163|0|0|[]|13:56:06:648
21|2.1|636136519530290878|0|50170.921875|15.3628134590439|107.862138651954||||50170.921875|389.75|41525||||888129|HVN270|5775|X|0|0|8||||132|163|0|0|[]|13:56:10:922
21|2.1|636136519570384887|0|50174.921875|15.3720188003748|107.862460517036||||50174.921875|390|41550||||888129|HVN270|5775|X|0|0|8||||132|163|0|0|[]|13:56:14:922
21|2.1|636136519613909239|0|50179.28125|15.382146821606|107.862846755133||||50179.28125|390|41550||||888129|HVN270|5775|X|0|0|8||||132|163|0|0|[]|13:56:19:281
21|2.1|636136519657283576|0|50183.609375|15.3919958930999|107.863232993231||||50183.609375|390|41550||||888129|HVN270|5775|X|0|0|8||||132|163|0|0|[]|13:56:23:609
21|2.1|636136519698467694|0|50187.734375|15.4014158111518|107.863576315985||||50187.734375|389.75|41525||||888129|HVN270|5775|X|0|0|8||||132|163|0|0|[]|13:56:27:734
21|2.1|636136519738401687|0|50191.734375|15.4106211524827|107.863919638738||||50191.734375|390|41550||||888129|HVN270|5775|X|0|0|8||||132|163|0|0|[]|13:56:31:734
21|2.1|636136519781926039|0|50196.0703125|15.4206848006976|107.864305876836||||50196.0703125|389.75|41525||||888129|HVN270|5775|X|0|0|8||||132|163|0|0|[]|13:56:36:070
21|2.1|636136519826080454|0|50200.5|15.4307913642567|107.864627741918||||50200.5|390|41550||||888129|HVN270|5775|X|0|0|8||||132|163|0|0|[]|13:56:40:500
21|2.1|636136519868514697|0|50204.7421875|15.4406404357506|107.864992522343||||50204.7421875|390|41550||||888129|HVN270|5775|X|0|0|8||||132|163|0|0|[]|13:56:44:742
21|2.1|636136519911749020|0|50209.0625|15.4505324225887|107.865357302769||||50209.0625|390|41550||||888129|HVN270|5775|X|0|0|8||||132|163|0|0|[]|13:56:49:063
21|2.1|636136519951823027|0|50213.0625|15.4596948485754|107.865743540867||||50213.0625|390|41550||||888129|HVN270|5775|X|0|0|8||||132|163|0|0|[]|13:56:53:063
21|2.1|636136519995497394|0|50217.4296875|15.4695439200693|107.866129778965||||50217.4296875|390|41550||||888129|HVN270|5775|X|0|0|8||||132|163|0|0|[]|13:56:57:430
21|2.1|636136520038871731|0|50221.7734375|15.4796504836284|107.866473101718||||50221.7734375|390|41550||||888129|HVN270|5775|X|0|0|8||||132|163|0|0|[]|13:57:01:773
21|2.1|636136520081616005|0|50226.0390625|15.4895424704665|107.866859339816||||50226.0390625|389.75|41525||||888129|HVN270|5775|X|0|0|8||||132|163|0|0|[]|13:57:06:039
21|2.1|636136520122330076|0|50230.125|15.4986834387811|107.867181204898||||50230.125|389.75|41525||||888129|HVN270|5775|X|0|0|8||||132|163|0|0|[]|13:57:10:125
21|2.1|636136520165544397|0|50234.4453125|15.5088114600123|107.867567442995||||50234.4453125|389.75|41525||||888129|HVN270|5775|X|0|0|8||||132|163|0|0|[]|13:57:14:445
21|2.1|636136520206418484|0|50238.5234375|15.5179953436711|107.867910765749||||50238.5234375|390|41550||||888129|HVN270|5775|X|0|0|8||||132|163|0|0|[]|13:57:18:523
21|2.1|636136520247602602|0|50242.6484375|15.5276727537882|107.868297003847||||50242.6484375|390|41550||||888129|HVN270|5775|X|0|0|8||||132|163|0|0|[]|13:57:22:648
21|2.1|636136520290656907|0|50246.953125|15.53750036761|107.868683241945||||50246.953125|390|41550||||888129|HVN270|5775|X|0|0|8||||132|163|0|0|[]|13:57:26:953
21|2.1|636136520334971338|0|50251.3828125|15.5476069311691|107.869069480042||||50251.3828125|390|41550||||888129|HVN270|5775|X|0|0|8||||132|163|0|0|[]|13:57:31:383
21|2.1|636136520375375378|0|50255.421875|15.5568337301721|107.869412802796||||50255.421875|390|41550||||888129|HVN270|5775|X|0|0|8||||132|163|0|0|[]|13:57:35:422
21|2.1|636136520418899730|0|50259.78125|15.5669188360591|107.869799040894||||50259.78125|389.75|41525||||888129|HVN270|5775|X|0|0|8||||132|163|0|0|[]|13:57:39:781
21|2.1|636136520462574097|0|50264.1484375|15.576982484274|107.870142363647||||50264.1484375|390|41550||||888129|HVN270|5775|X|0|0|8||||132|163|0|0|[]|13:57:44:148
21|2.1|636136520503148154|0|50268.1953125|15.5861449102607|107.870485686401||||50268.1953125|389.75|41525||||888129|HVN270|5775|X|0|0|8||||132|163|0|0|[]|13:57:48:195
21|2.1|636136520545102349|0|50272.390625|15.5958008627057|107.870871924499||||50272.390625|389.75|41525||||888129|HVN270|5775|X|0|0|8||||132|163|0|0|[]|13:57:52:391
21|2.1|636136520585196358|0|50276.4140625|15.6049632886924|107.871215247252||||50276.4140625|389.75|41525||||888129|HVN270|5775|X|0|0|8||||132|163|0|0|[]|13:57:56:414
21|2.1|636136520625290367|0|50280.4140625|15.6141257146791|107.871558570006||||50280.4140625|389.75|41525||||888129|HVN270|5775|X|0|0|8||||132|163|0|0|[]|13:58:00:414
21|2.1|636136520674745312|0|50285.359375|15.6255841115805|107.87200918112||||50285.359375|389.75|41525||||888129|HVN270|5775|X|0|0|8||||132|163|0|0|[]|13:58:05:359
21|2.1|636136520715619399|0|50289.4453125|15.6349611142882|107.872395419218||||50289.4453125|390|41550||||888129|HVN270|5775|X||0|8||||132|163|0|0|[]|13:58:09:445
21|2.1|636136520758213658|0|50293.6953125|15.644574151389|107.872738741971||||50293.6953125|390|41550||||888129|HVN270|5775|X||0|8||||132|163|0|0|[]|13:58:13:695
21|2.1|636136520801107947|0|50297.9921875|15.654444680555|107.873146437741||||50297.9921875|390|41550||||888129|HVN270|5775|X|0|0|8||||132|163|0|0|[]|13:58:17:992
21|2.1|636136520849002736|0|50302.78125|15.6654310086702|107.873575591183||||50302.78125|390|41550||||888129|HVN270|5775|X|0|0|8||||132|163|0|0|[]|13:58:22:781
21|2.1|636136520893937229|0|50307.2734375|15.6757521489503|107.873940371609||||50307.2734375|390|41550||||888129|HVN270|5775|X|0|0|8||||132|163|0|0|[]|13:58:27:273
21|2.1|636136520933871222|0|50311.2734375|15.684914574937|107.874326609707||||50311.2734375|390|41550||||888129|HVN270|5775|X|0|0|8||||132|163|0|0|[]|13:58:31:273
21|2.1|636136520975675402|0|50315.453125|15.6944632390215|107.87466993246||||50315.453125|390|41550||||888129|HVN270|5775|X|0|0|8||||132|163|0|0|[]|13:58:35:453
21|2.1|636136521025910425|0|50320.484375|15.7059216359229|107.875099085902||||50320.484375|389.75|41525||||888129|HVN270|5775|X|0|0|8||||132|163|0|0|[]|13:58:40:484
21|2.1|636136521066784512|0|50324.5625|15.7153415539748|107.875442408656||||50324.5625|390|41550||||888129|HVN270|5775|X|0|0|8||||132|163|0|0|[]|13:58:44:563
21|2.1|636136521128100643|0|50330.703125|15.7292675831677|107.875957392786||||50330.703125|389.75|41525||||888129|HVN270|5775|X|0|0|8||||132|163|0|0|[]|13:58:50:703
21|2.1|636136521196267459|0|50337.515625|15.7448243954402|107.876579665277||||50337.515625|390|41550||||888129|HVN270|5775|X|0|0|8||||132|163|0|0|[]|13:58:57:516
21|2.1|636136521236671499|0|50341.5546875|15.7542013981479|107.876922988031||||50341.5546875|390|41550||||888129|HVN270|5775|X|0|0|8||||132|163|0|0|[]|13:59:01:555
21|2.1|636136521277085540|0|50345.59375|15.7633852818067|107.877266310785||||50345.59375|390|41550||||888129|HVN270|5775|X|0|0|8||||132|163|0|0|[]|13:59:05:594
21|2.1|636136521317489580|0|50349.6328125|15.7725477077934|107.877609633538||||50349.6328125|390|41550||||888129|HVN270|5775|X|0|0|8||||132|163|0|0|[]|13:59:09:633
21|2.1|636136521358673698|0|50353.7421875|15.7821822025663|107.877952956292||||50353.7421875|390|41550||||888129|HVN270|5775|X|0|0|8||||132|163|0|0|[]|13:59:13:742
21|2.1|636136521402508081|0|50358.140625|15.7922887661254|107.87833919439||||50358.140625|389.75|41525||||888129|HVN270|5775|X|0|0|8||||132|163|0|0|[]|13:59:18:141
21|2.1|636136521443382168|0|50362.21875|15.8014511921121|107.878725432487||||50362.21875|390|41550||||888129|HVN270|5775|X|0|0|8||||132|163|0|0|[]|13:59:22:219
21|2.1|636136521487066536|0|50366.59375|15.8115577556712|107.879111670585||||50366.59375|389.75|41525||||888129|HVN270|5775|X|0|0|8||||132|163|0|0|[]|13:59:26:594
21|2.1|636136521530430872|0|50370.9296875|15.8214068271651|107.879476451011||||50370.9296875|390|41550||||888129|HVN270|5775|X|0|0|8||||132|163|0|0|[]|13:59:30:930
21|2.1|636136521571624991|0|50375.0390625|15.8310198642659|107.879862689109||||50375.0390625|389.75|41525||||888129|HVN270|5775|X|0|0|8||||132|163|0|0|[]|13:59:35:039
21|2.1|636136521615929421|0|50379.484375|15.8411478854971|107.880248927206||||50379.484375|390|41550||||888129|HVN270|5775|X|0|0|8||||132|163|0|0|[]|13:59:39:484
21|2.1|636136521660073835|0|50383.890625|15.8512544490562|107.880635165304||||50383.890625|389.75|41525||||888129|HVN270|5775|X|0|0|8||||132|163|0|0|[]|13:59:43:891
21|2.1|636136521702818109|0|50388.171875|15.8611464358943|107.881042861074||||50388.171875|390|41550||||888129|HVN270|5775|X|0|0|8||||132|163|0|0|[]|13:59:48:172
21|2.1|636136521747432570|0|50392.6328125|15.8712315417813|107.881429099172||||50392.6328125|390|41550||||888129|HVN270|5775|X|0|0|8||||132|163|0|0|[]|13:59:52:633
21|2.1|636136521787846611|0|50396.671875|15.8806514598332|107.881750964253||||50396.671875|390|41550||||888129|HVN270|5775|X|0|0|8||||132|163|0|0|[]|13:59:56:672
21|2.1|636136521831831009|0|50401.0625|15.8907580233923|107.882137202351||||50401.0625|390|41550||||888129|HVN270|5775|X|0|0|8||||132|163|0|0|[]|14:00:01:063
21|2.1|636136521873335159|0|50405.21875|15.9001993991163|107.882501982777||||50405.21875|389.75|41525||||888129|HVN270|5775|X|0|0|8||||132|163|0|0|[]|14:00:05:219
21|2.1|636136521916549480|0|50409.5390625|15.9103059626754|107.882845305531||||50409.5390625|390|41550||||888129|HVN270|5775|X|0|0|8||||132|163|0|0|[]|14:00:09:539
21|2.1|636136521958203645|0|50413.703125|15.9196829653831|107.882952593891||||50413.703125|390|41550||||888129|HVN270|5775|X|0|0|8||||132|163|0|0|[]|14:00:13:703
21|2.1|636136522002658090|0|50418.1484375|15.9300255633353|107.882609271137||||50418.1484375|390|41550||||888129|HVN270|5775|X|0|0|8||||132|163|0|0|[]|14:00:18:148
21|2.1|636136522046812505|0|50422.5703125|15.9401321268944|107.881729506581||||50422.5703125|389.75|41500||||888129|HVN270|5775|X|0|0|8||||132|163|0|0|[]|14:00:22:570
21|2.1|636136522095177341|0|50427.40625|15.9510755396654|107.880248927206||||50427.40625|389.75|41525||||888129|HVN270|5775|X|0|0|8||||132|163|0|0|[]|14:00:27:406
21|2.1|636136522143072130|0|50432.1953125|15.961933121748|107.878296279045||||50432.1953125|389.75|41525||||888129|HVN270|5775|X|0|0|8||||132|163|0|0|[]|14:00:32:195
21|2.1|636136522185816404|0|50436.4609375|15.9715676165209|107.876064681147||||50436.4609375|390|41550||||888129|HVN270|5775|X|0|0|8||||132|163|0|0|[]|14:00:36:461
21|2.1|636136522230120834|0|50440.90625|15.9813523149985|107.873403929807||||50440.90625|389.75|41525||||888129|HVN270|5775|X|0|0|8||||132|163|0|0|[]|14:00:40:906
21|2.1|636136522272245046|0|50445.109375|15.9905576563294|107.870464228729||||50445.109375|389.75|41525||||888129|HVN270|5775|X|0|0|8||||132|163|0|0|[]|14:00:45:109
21|2.1|636136522316859507|0|50449.5703125|16.0002779817907|107.866859339816||||50449.5703125|390|41550||||888129|HVN270|5775|X|0|0|8||||132|163|0|0|[]|14:00:49:570
21|2.1|636136522363654186|0|50454.2421875|16.0103201723335|107.862718009101||||50454.2421875|390|41550||||888129|HVN270|5775|X||0|8||||132|163|0|0|[]|14:00:54:242
21|2.1|636136522408748695|0|50458.765625|16.0197400903854|107.85831918632||||50458.765625|389.75|41525||||888129|HVN270|5775|X||0|8||||132|163|0|0|[]|14:00:58:766
21|2.1|636136522452113031|0|50463.09375|16.0286450243069|107.853834532851||||50463.09375|389.75|41525||||888129|HVN270|5775|X||0|8||||132|163|0|0|[]|14:01:03:094
21|2.1|636136522492837103|0|50467.171875|16.0370993471143|107.849585913776||||50467.171875|389.75|41525||||888129|HVN270|5775|X|0|0|8||||132|163|0|0|[]|14:01:07:172
21|2.1|636136522537131532|0|50471.59375|16.0462403154289|107.845079802635||||50471.59375|389.75|41525||||888129|HVN270|5775|X|0|0|8||||132|163|0|0|[]|14:01:11:594
21|2.1|636136522578945713|0|50475.671875|16.0547804689247|107.840874098903||||50475.671875|389.75|41525||||888129|HVN270|5775|X|0|0|8||||132|163|0|0|[]|14:01:15:672
21|2.1|636136522621850003|0|50480.0625|16.0639428949114|107.83634653009||||50480.0625|389.75|41525||||888129|HVN270|5775|X|0|0|8||||132|163|0|0|[]|14:01:20:063
21|2.1|636136522663344152|0|50484.21875|16.0724830484072|107.832183741702||||50484.21875|389.75|41525||||888129|HVN270|5775|X|0|0|8||||132|163|0|0|[]|14:01:24:219
21|2.1|636136522703748192|0|50488.265625|16.0811090325914|107.827978037971||||50488.265625|390|41550||||888129|HVN270|5775|X|0|0|8||||132|163|0|0|[]|14:01:28:266
21|2.1|636136522746972514|0|50492.5859375|16.0900783395292|107.823557757518||||50492.5859375|390|41575||||888129|HVN270|5775|X|0|0|8||||132|163|0|0|[]|14:01:32:586
21|2.1|636136522792687085|0|50497.15625|16.0997128343021|107.818837069656||||50497.15625|390|41575||||888129|HVN270|5775|X|0|0|8||||132|163|0|0|[]|14:01:37:156
21|2.1|636136522834641280|0|50501.3515625|16.1085533952073|107.81448116222||||50501.3515625|390|41550||||888129|HVN270|5775|X|0|0|8||||132|163|0|0|[]|14:01:41:352
21|2.1|636136522878485664|0|50505.734375|16.1175870751614|107.810039424095||||50505.734375|390|41550||||888129|HVN270|5775|X|0|0|8||||132|163|0|0|[]|14:01:45:734
21|2.1|636136522923560171|0|50510.2421875|16.1272859429506|107.805275820889||||50510.2421875|389.75|41525||||888129|HVN270|5775|X|0|0|8||||132|163|0|0|[]|14:01:50:242
21|2.1|636136522967244539|0|50514.6015625|16.1363196229047|107.800834082764||||50514.6015625|390|41550||||888129|HVN270|5775|X|0|0|8||||132|163|0|0|[]|14:01:54:602
21|2.1|636136523008738688|0|50518.765625|16.1452030991541|107.796478175328||||50518.765625|389.75|41525||||888129|HVN270|5775|X|0|0|8||||132|163|0|0|[]|14:01:58:766
21|2.1|636136523048832697|0|50522.765625|16.1536359642894|107.792315386941||||50522.765625|390|41550||||888129|HVN270|5775|X|0|0|8||||132|163|0|0|[]|14:02:02:766
21|2.1|636136523090956909|0|50526.9765625|16.1625194405388|107.787938021832||||50526.9765625|389.75|41525||||888129|HVN270|5775|X|0|0|8||||132|163|0|0|[]|14:02:06:977
21|2.1|636136523133861199|0|50531.2734375|16.1715960358371|107.783496283708||||50531.2734375|390|41550||||888129|HVN270|5775|X|0|0|8||||132|163|0|0|[]|14:02:11:273
21|2.1|636136523174735286|0|50535.3515625|16.1803078507097|107.779204749288||||50535.3515625|389.75|41525||||888129|HVN270|5775|X|0|0|8||||132|163|0|0|[]|14:02:15:352
21|2.1|636136523223870199|0|50540.265625|16.1906933640061|107.774097823328||||50540.265625|389.75|41525||||888129|HVN270|5775|X|0|0|8||||132|163|0|0|[]|14:02:20:266
21|2.1|636136523282066018|0|50546.0859375|16.2030100677915|107.768025302123||||50546.0859375|390|41550||||888129|HVN270|5775|X|0|0|8||||132|163|0|0|[]|14:02:26:086
21|2.1|636136523322470058|0|50550.125|16.2115073059431|107.763841056064||||50550.125|390|41550||||888129|HVN270|5775|X|0|0|8||||132|163|0|0|[]|14:02:30:125
21|2.1|636136523369424753|0|50554.8359375|16.2216353271743|107.75920619889||||50554.8359375|390|41550||||888129|HVN270|5775|X|0|0|8||||132|163|0|0|[]|14:02:34:836
21|2.1|636136523418569667|0|50559.7421875|16.2325787399453|107.754592799389||||50559.7421875|390|41550||||888129|HVN270|5775|X|0|0|8||||132|163|0|0|[]|14:02:39:742
21|2.1|636136523464904300|0|50564.375|16.2427711341928|107.750666045395||||50564.375|390|41550||||888129|HVN270|5775|X|0|0|8||||132|163|0|0|[]|14:02:44:375
21|2.1|636136523506548464|0|50568.53125|16.2519335601795|107.747404479235||||50568.53125|390|41550||||888129|HVN270|5775|X|0|0|8||||132|163|0|0|[]|14:02:48:531
21|2.1|636136523583786187|0|50576.25|16.2696575973341|107.741911315178||||50576.25|389.75|41500||||888129|HVN270|5775|X||0|8||||132|163|0|0|[]|14:02:56:250
21|2.1|636136523641962004|0|50582.0703125|16.2829828117082|107.738392256953||||50582.0703125|389.75|41500||||888129|HVN270|5775|X|0|0|8||||132|163|0|0|[]|14:03:02:070
21|2.1|636136523704518259|0|50588.3359375|16.2973379943431|107.735259436827||||50588.3359375|389.75|41525||||888129|HVN270|5775|X|0|0|8||||132|163|0|0|[]|14:03:08:336
21|2.1|636136523765524359|0|50594.4296875|16.3116288039617|107.732770346863||||50594.4296875|389.75|41500||||888129|HVN270|5775|X|0|0|8||||132|163|0|0|[]|14:03:14:430
21|2.1|636136523812949101|0|50599.1796875|16.3228940818142|107.731246852144||||50599.1796875|389.75|41525||||888129|HVN270|5775|X|0|0|8||||132|163|0|0|[]|14:03:19:180
21|2.1|636136523920279833|0|50609.9140625|16.3482141348922|107.729101084934||||50609.9140625|389.75|41525||||888129|HVN270|5775|X|0|0|8||||132|163|0|0|[]|14:03:29:914
21|2.1|636136523962714076|0|50614.15625|16.3583636137955|107.728500270115||||50614.15625|389.75|41525||||888129|HVN270|5775|X|0|0|8||||132|163|0|0|[]|14:03:34:156
21|2.1|636136524019339738|0|50619.8125|16.3716244551533|107.727620505559||||50619.8125|390|41550||||888129|HVN270|5775|X|0|0|8||||132|163|0|0|[]|14:03:39:813
21|2.1|636136524096567460|0|50627.53125|16.3898205610941|107.726440333594||||50627.53125|390|41525||||888129|HVN270|5775|X|0|0|8||||132|163|0|0|[]|14:03:47:531
21|2.1|636136524145242327|0|50632.40625|16.4014291617002|107.725646399726||||50632.40625|390|41525||||888129|HVN270|5775|X|0|0|8||||132|163|0|0|[]|14:03:52:406
21|2.1|636136524194377240|0|50637.3125|16.4130163046342|107.724852465858||||50637.3125|390|41525||||888129|HVN270|5775|X|0|0|8||||132|163|0|0|[]|14:03:57:313
21|2.1|636136524263644166|0|50644.2421875|16.4295601698233|107.723736666909||||50644.2421875|389.75|41525||||888129|HVN270|5775|X|0|0|8||||132|163|0|0|[]|14:04:04:242
21|2.1|636136524304048206|0|50648.28125|16.4390230032194|107.723114394418||||50648.28125|389.75|41525||||888129|HVN270|5775|X|0|0|8||||132|163|0|0|[]|14:04:08:281
21|2.1|636136524346172418|0|50652.4921875|16.4489579054017|107.722492121927||||50652.4921875|389.75|41525||||888129|HVN270|5775|X|0|0|8||||132|163|0|0|[]|14:04:12:492
21|2.1|636136524390326833|0|50656.9140625|16.4593434186981|107.72180547642||||50656.9140625|389.75|41525||||888129|HVN270|5775|X|0|0|8||||132|163|0|0|[]|14:04:16:914
21|2.1|636136524441331933|0|50662.0234375|16.4714026304183|107.72099008488||||50662.0234375|390|41550||||888129|HVN270|5775|X|0|0|8||||132|163|0|0|[]|14:04:22:023
21|2.1|636136524490946894|0|50666.9765625|16.4832258077454|107.720217608685||||50666.9765625|390|41550||||888129|HVN270|5775|X|0|0|8||||132|163|0|0|[]|14:04:26:977
21|2.1|636136524535721371|0|50671.4453125|16.4938258977628|107.71955242085||||50671.4453125|390|41550||||888129|HVN270|5775|X|0|0|8||||132|163|0|0|[]|14:04:31:445
21|2.1|636136524579245723|0|50675.8046875|16.5039753766661|107.718887233014||||50675.8046875|389.75|41525||||888129|HVN270|5775|X|0|0|8||||132|163|0|0|[]|14:04:35:805
21|2.1|636136524619649763|0|50679.84375|16.5136957021274|107.718243502851||||50679.84375|390|41550||||888129|HVN270|5775|X|0|0|8||||132|163|0|0|[]|14:04:39:844
21|2.1|636136524663804178|0|50684.25|16.524124130768|107.717535399672||||50684.25|390|41550||||888129|HVN270|5775|X|0|0|8||||132|163|0|0|[]|14:04:44:250
21|2.1|636136524707488546|0|50688.6328125|16.5342736096713|107.716870211837||||50688.6328125|390|41525||||888129|HVN270|5775|X|0|0|8||||132|163|0|0|[]|14:04:48:633
21|2.1|636136524750232820|0|50692.90625|16.5444445462467|107.716226481674||||50692.90625|390|41550||||888129|HVN270|5775|X|0|0|8||||132|163|0|0|[]|14:04:52:906
21|2.1|636136524791096906|0|50696.984375|16.554164871708|107.715561293839||||50696.984375|389.75|41525||||888129|HVN270|5775|X|0|0|8||||132|163|0|0|[]|14:04:56:984
21|2.1|636136524831040900|0|50700.984375|16.5636491627762|107.71496047902||||50700.984375|390|41550||||888129|HVN270|5775|X|0|0|8||||132|163|0|0|[]|14:05:00:984
21|2.1|636136524870974893|0|50704.984375|16.5731119961723|107.714381121873||||50704.984375|389.75|41525||||888129|HVN270|5775|X|0|0|8||||132|163|0|0|[]|14:05:04:984
21|2.1|636136524914659261|0|50709.34375|16.5835833401571|107.713694476366||||50709.34375|389.75|41525||||888129|HVN270|5775|X|0|0|8||||132|163|0|0|[]|14:05:09:344
21|2.1|636136524957873582|0|50713.671875|16.5937542767325|107.712986373187||||50713.671875|389.75|41525||||888129|HVN270|5775|X|0|0|8||||132|163|0|0|[]|14:05:13:672
21|2.1|636136525000927887|0|50717.9765625|16.6039252133079|107.712321185352||||50717.9765625|390|41525||||888129|HVN270|5775|X|0|0|8||||132|163|0|0|[]|14:05:17:977
21|2.1|636136525042892083|0|50722.171875|16.6138815731623|107.711677455189||||50722.171875|390|41525||||888129|HVN270|5775|X|0|0|8||||132|163|0|0|[]|14:05:22:172
21|2.1|636136525085636357|0|50726.4453125|16.6240954250819|107.711012267354||||50726.4453125|390|41525||||888129|HVN270|5775|X|0|0|8||||132|163|0|0|[]|14:05:26:445
21|2.1|636136525127610554|0|50730.640625|16.6340303272642|107.710389994863||||50730.640625|390|41525||||888129|HVN270|5775|X|0|0|8||||132|163|0|0|[]|14:05:30:641
21|2.1|636136525169724765|0|50734.8515625|16.6440081447907|107.709724807028||||50734.8515625|390|41525||||888129|HVN270|5775|X|0|0|8||||132|163|0|0|[]|14:05:34:852
21|2.1|636136525209658758|0|50738.8515625|16.6534924358589|107.709102534537||||50738.8515625|389.75|41500||||888129|HVN270|5775|X|0|0|8||||132|163|0|0|[]|14:05:38:852
21|2.1|636136525249752767|0|50742.8515625|16.662955269255|107.708458804374||||50742.8515625|389.75|41525||||888129|HVN270|5775|X|0|0|8||||132|163|0|0|[]|14:05:42:852
21|2.1|636136525293127104|0|50747.1953125|16.6731476635025|107.707793616539||||50747.1953125|389.75|41525||||888129|HVN270|5775|X|0|0|8||||132|163|0|0|[]|14:05:47:195
21|2.1|636136525337431534|0|50751.625|16.6835760921431|107.707106971032||||50751.625|389.75|41525||||888129|HVN270|5775|X|0|0|8||||132|163|0|0|[]|14:05:51:625
21|2.1|636136525382206011|0|50756.1015625|16.6942190975047|107.706398867852||||50756.1015625|389.75|41500||||888129|HVN270|5775|X|0|0|8||||132|163|0|0|[]|14:05:56:102
21|2.1|636136525422300020|0|50760.1015625|16.7037033885729|107.705776595361||||50760.1015625|389.75|41500||||888129|HVN270|5775|X|0|0|8||||132|163|0|0|[]|14:06:00:102
21|2.1|636136525462234013|0|50764.1015625|16.7131876796411|107.705132865198||||50764.1015625|390|41550||||888129|HVN270|5775|X|0|0|8||||132|163|0|0|[]|14:06:04:102
21|2.1|636136525503418131|0|50768.2265625|16.7229080051024|107.704510592707||||50768.2265625|390|41525||||888129|HVN270|5775|X|0|0|8||||132|163|0|0|[]|14:06:08:227
21|2.1|636136525545542343|0|50772.4375|16.7328858226289|107.703888320217||||50772.4375|389.75|41500||||888129|HVN270|5775|X|0|0|8||||132|163|0|0|[]|14:06:12:438
21|2.1|636136525585476336|0|50776.4375|16.7423701136971|107.703244590054||||50776.4375|390|41525||||888129|HVN270|5775|X|0|0|8||||132|163|0|0|[]|14:06:16:438
21|2.1|636136525627290517|0|50780.6171875|16.7523264735515|107.702600859891||||50780.6171875|389.75|41500||||888129|HVN270|5775|X|0|0|8||||132|163|0|0|[]|14:06:20:617
21|2.1|636136525668474635|0|50784.734375|16.7620253413407|107.702000045072||||50784.734375|389.75|41500||||888129|HVN270|5775|X|0|0|8||||132|163|0|0|[]|14:06:24:734
21|2.1|636136525712469034|0|50789.125|16.7724537699813|107.701291941892||||50789.125|390|41525||||888129|HVN270|5775|X||0|8||||132|163|0|0|[]|14:06:29:125
21|2.1|636136525763014088|0|50794.171875|16.7845558970457|107.700498008025||||50794.171875|390|41525||||888129|HVN270|5775|X|0|0|8||||132|163|0|0|[]|14:06:34:172
21|2.1|636136525803728159|0|50798.2578125|16.7942976801791|107.699897193206||||50798.2578125|389.75|41500||||888129|HVN270|5775|X|0|0|8||||132|163|0|0|[]|14:06:38:258
21|2.1|636136525847572543|0|50802.6328125|16.8044686167545|107.699210547699||||50802.6328125|390|41525||||888129|HVN270|5775|X|0|0|8||||132|163|0|0|[]|14:06:42:633
21|2.1|636136525888756661|0|50806.7578125|16.8144249766089|107.698523902192||||50806.7578125|389.75|41500||||888129|HVN270|5775|X|0|0|8||||132|163|0|0|[]|14:06:46:758
21|2.1|636136525933841169|0|50811.265625|16.8251108973147|107.697858714356||||50811.265625|390|41525||||888129|HVN270|5775|X|0|0|8||||132|163|0|0|[]|14:06:51:266
21|2.1|636136525974715256|0|50815.34375|16.834831222776|107.697214984193||||50815.34375|390|41525||||888129|HVN270|5775|X|0|0|8||||132|163|0|0|[]|14:06:55:344
21|2.1|636136526027600544|0|50820.6328125|16.8471693842335|107.696421050326||||50820.6328125|390|41525||||888129|HVN270|5775|X|0|0|8||||132|163|0|0|[]|14:07:00:633
21|2.1|636136526072525036|0|50825.1328125|16.857790931923|107.695691489474||||50825.1328125|389.75|41500||||888129|HVN270|5775|X|0|0|8||||132|163|0|0|[]|14:07:05:133
21|2.1|636136526114499233|0|50829.3359375|16.8677687494495|107.695069216983||||50829.3359375|389.75|41500||||888129|HVN270|5775|X|0|0|8||||132|163|0|0|[]|14:07:09:336
21|2.1|636136526251152897|0|50842.9921875|16.9001912919926|107.692944907446||||50842.9921875|390|||||888129|HVN270|5775|X||0|8||||132|163|0|0|[]|14:07:22:992
21|2.1|636136526300297811|0|50847.90625|16.9117998925987|107.69217243125||||50847.90625|390|41525||||888129|HVN270|5775|X||0|8||||132|163|0|0|[]|14:07:27:906
21|2.1|636136526341481929|0|50852.0234375|16.9214987603879|107.691528701087||||50852.0234375|389.75|41500||||888129|HVN270|5775|X|0|0|8||||132|163|0|0|[]|14:07:32:023
21|2.1|636136526385946375|0|50856.4765625|16.9321846810937|107.690820597908||||50856.4765625|390|41525||||888129|HVN270|5775|X|0|0|8||||132|163|0|0|[]|14:07:36:477
21|2.1|636136526425880368|0|50860.4765625|16.9416475144898|107.690198325417||||50860.4765625|389.75|41500||||888129|HVN270|5775|X|0|0|8||||132|163|0|0|[]|14:07:40:477
21|2.1|636136526470194799|0|50864.890625|16.9520330277862|107.689533137582||||50864.890625|390|41525||||888129|HVN270|5775|X|0|0|8||||132|163|0|0|[]|14:07:44:891
21|2.1|636136526511058885|0|50868.9765625|16.9617318955754|107.688910865091||||50868.9765625|390|41525||||888129|HVN270|5775|X|0|0|8||||132|163|0|0|[]|14:07:48:977
21|2.1|636136526551782957|0|50873.0546875|16.9714522210367|107.688267134928||||50873.0546875|390|41525||||888129|HVN270|5775|X|0|0|8||||132|163|0|0|[]|14:07:53:055
21|2.1|636136526594057184|0|50877.28125|16.981387123219|107.687601947093||||50877.28125|390|41525||||888129|HVN270|5775|X|0|0|8||||132|163|0|0|[]|14:07:57:281
21|2.1|636136526636491427|0|50881.5234375|16.9913220254013|107.686936759258||||50881.5234375|389.75|41500||||888129|HVN270|5775|X|0|0|8||||132|163|0|0|[]|14:08:01:523
21|2.1|636136526676425420|0|50885.5234375|17.0007848587974|107.686293029095||||50885.5234375|389.75|41500||||888129|HVN270|5775|X|0|0|8||||132|163|0|0|[]|14:08:05:523
21|2.1|636136526718389616|0|50889.7265625|17.0106768456355|107.685627841259||||50889.7265625|390|41525||||888129|HVN270|5775|X|0|0|8||||132|163|0|0|[]|14:08:09:727
21|2.1|636136526759263703|0|50893.8046875|17.0203757134247|107.685005568769||||50893.8046875|389.75|41500||||888129|HVN270|5775|X|0|0|8||||132|163|0|0|[]|14:08:13:805
21|2.1|636136526802478024|0|50898.125|17.0305466500001|107.684318923261||||50898.125|389.75|41500||||888129|HVN270|5775|X|0|0|8||||132|163|0|0|[]|14:08:18:125
21|2.1|636136526845692345|0|50902.453125|17.0409321632965|107.683653735426||||50902.453125|390|41525||||888129|HVN270|5775|X|0|0|8||||132|163|0|0|[]|14:08:22:453
21|2.1|636136526889996775|0|50906.875|17.051339134265|107.682967089919||||50906.875|390|41525||||888129|HVN270|5775|X|0|0|8||||132|163|0|0|[]|14:08:26:875
21|2.1|636136526931190894|0|50910.9921875|17.0609736290379|107.682344817428||||50910.9921875|389.75|41500||||888129|HVN270|5775|X|0|0|8||||132|163|0|0|[]|14:08:30:992
21|2.1|636136526973925167|0|50915.265625|17.0711445656133|107.681636714249||||50915.265625|390|41525||||888129|HVN270|5775|X|0|0|8||||132|163|0|0|[]|14:08:35:266
21|2.1|636136527019009675|0|50919.78125|17.0817446556307|107.680735492021||||50919.78125|390|41525||||888129|HVN270|5775|X||0|8||||132|163|0|0|[]|14:08:39:781
21|2.1|636136527122600033|0|50930.1328125|17.1057987060548|107.677280806813||||50930.1328125|389.75|41500||||888129|HVN270|5775|X|0|0|8||||132|163|0|0|[]|14:08:50:133
21|2.1|636136527166744447|0|50934.5546875|17.1162271346954|107.675177954947||||50934.5546875|389.75|41500||||888129|HVN270|5775|X||0|8||||132|163|0|0|[]|14:08:54:555
21|2.1|636136527210278800|0|50938.90625|17.1261191215335|107.67286052636||||50938.90625|389.75|41500||||888129|HVN270|5775|X|0|0|8||||132|163|0|0|[]|14:08:58:906
21|2.1|636136527259573729|0|50943.8359375|17.1373200263697|107.669834994594||||50943.8359375|389.75|41500||||888129|HVN270|5775|X||0|8||||132|163|0|0|[]|14:09:03:836
21|2.1|636136527300137785|0|50947.8984375|17.1465897407169|107.667024039549||||50947.8984375|389.75|41500||||888129|HVN270|5775|X|0|0|8||||132|163|0|0|[]|14:09:07:898
21|2.1|636136527417149485|0|50959.59375|17.1725106086137|107.657539748481||||50959.59375|390|41525||||888129|HVN270|5775|X||0|8||||132|163|0|0|[]|14:09:19:594
21|2.1|636136527461443914|0|50964.015625|17.1820592726982|107.653419875437||||50964.015625|390|41525||||888129|HVN270|5775|X||0|8||||132|163|0|0|[]|14:09:24:016
21|2.1|636136527504028172|0|50968.28125|17.1913075293733|107.649106883345||||50968.28125|390|41525||||888129|HVN270|5775|X||0|8||||132|163|0|0|[]|14:09:28:281
21|2.1|636136527560353804|0|50973.9140625|17.2032165373888|107.643313311878||||50973.9140625|390|41525||||888129|HVN270|5775|X|0|0|8||||132|163|0|0|[]|14:09:33:914
21|2.1|636136527601697938|0|50978.03125|17.2119498099335|107.639129065819||||50978.03125|390|41525||||888129|HVN270|5775|X|0|0|8||||132|163|0|0|[]|14:09:38:031
21|2.1|636136527673635131|0|50985.2421875|17.2275280798781|107.631747626616||||50985.2421875|389.75|41500||||888129|HVN270|5775|X||0|8||||132|163|0|0|[]|14:09:45:242
21|2.1|636136527717759543|0|50989.65625|17.23694799793|107.627327346164||||50989.65625|389.75|41500||||888129|HVN270|5775|X|0|0|8||||132|163|0|0|[]|14:09:49:656
21|2.1|636136527760033770|0|50993.875|17.2459173048678|107.623121642432||||50993.875|389.75|41500||||888129|HVN270|5775|X||0|8||||132|163|0|0|[]|14:09:53:875
21|2.1|636136527801227889|0|50997.9921875|17.2546720350846|107.619023227061||||50997.9921875|390|41525||||888129|HVN270|5775|X|0|0|8||||132|163|0|0|[]|14:09:57:992
21|2.1|636136527848652631|0|51002.7421875|17.2649717176926|107.614216708511||||51002.7421875|390|41525||||888129|HVN270|5775|X|0|0|8||||132|163|0|0|[]|14:10:02:742
21|2.1|636136527888746640|0|51006.7421875|17.2734904135163|107.610204123828||||51006.7421875|390|41525||||888129|HVN270|5775|X|0|0|8||||132|163|0|0|[]|14:10:06:742
21|2.1|636136527935711336|0|51011.453125|17.2835540617312|107.605440520622||||51011.453125|390|41525||||888129|HVN270|5775|X|0|0|8||||132|163|0|0|[]|14:10:11:453
21|2.1|636136527995137278|0|51017.3984375|17.2962140882702|107.599518203122||||51017.3984375|390|41525||||888129|HVN270|5775|X|0|0|8||||132|163|0|0|[]|14:10:17:398
21|2.1|636136528036481412|0|51021.515625|17.304968818487|107.595419787751||||51021.515625|390|41525||||888129|HVN270|5775|X|0|0|8||||132|163|0|0|[]|14:10:21:516
21|2.1|636136528077205484|0|51025.59375|17.3137450063759|107.59132137238||||51025.59375|390|41525||||888129|HVN270|5775|X||0|8||||132|163|0|0|[]|14:10:25:594
21|2.1|636136528124620225|0|51030.34375|17.3240446889839|107.58651485383||||51030.34375|389.75|41500||||888129|HVN270|5775|X|0|0|8||||132|163|0|0|[]|14:10:30:344
21|2.1|636136528168774640|0|51034.7578125|17.3334431493637|107.582051658033||||51034.7578125|390|41550||||888129|HVN270|5775|X|0|0|8||||132|163|0|0|[]|14:10:34:758
21|2.1|636136528212919054|0|51039.171875|17.3429059827598|107.57763137758||||51039.171875|389.75|41525||||888129|HVN270|5775|X|0|0|8||||132|163|0|0|[]|14:10:39:172
21|2.1|636136528262213983|0|51044.0859375|17.3533558690725|107.572674655325||||51044.0859375|390|41525||||888129|HVN270|5775|X|0|0|8||||132|163|0|0|[]|14:10:44:086
21|2.1|636136528304968258|0|51048.375|17.3625826680755|107.568361663233||||51048.375|390|41550||||888129|HVN270|5775|X|0|0|8||||132|163|0|0|[]|14:10:48:375
21|2.1|636136528348642625|0|51052.734375|17.3718094670785|107.564005755797||||51052.734375|390|41525||||888129|HVN270|5775|X|0|0|8||||132|163|0|0|[]|14:10:52:734
21|2.1|636136528392016962|0|51057.078125|17.3812937581467|107.559564017672||||51057.078125|390|41525||||888129|HVN270|5775|X|0|0|8||||132|163|0|0|[]|14:10:57:078
21|2.1|636136528437411501|0|51061.625|17.3909282529196|107.554972075843||||51061.625|390|41525||||888129|HVN270|5775|X|0|0|8||||132|163|0|0|[]|14:11:01:625
21|2.1|636136528481555915|0|51066.0234375|17.4003910863157|107.550508880046||||51066.0234375|390|41525||||888129|HVN270|5775|X|0|0|8||||132|163|0|0|[]|14:11:06:023
