21|2.1|636136510313189260|0|49249.21875|19.9943232357963|102.017047314242||||49249.21875|340|36200||||89616f|UAE9219|X|X||0|7||||132|147|0|0|[]|13:40:49:219
21|2.1|636136510354373378|0|49253.3359375|19.9988937199536|102.008507160746||||49253.3359375|340|36200||||89616f|UAE9219|X|X||0|7||||132|147|0|0|[]|13:40:53:336
21|2.1|636136510398367777|0|49257.734375|20.003914815225|101.999173073383||||49257.734375|340|36200||||89616f|UAE9219|X|X|0|0|7||||132|147|0|0|[]|13:40:57:734
21|2.1|636136510440491989|0|49261.9609375|20.0087213337754|101.990203766445||||49261.9609375|340|36200||||89616f|UAE9219|X|X|0|0|7||||132|147|0|0|[]|13:41:01:961
21|2.1|636136510484636403|0|49266.3671875|20.0137424290468|101.980891136753||||49266.3671875|340|36200||||89616f|UAE9219|X|X|0|0|7||||132|147|0|0|[]|13:41:06:367
21|2.1|636136510525350474|0|49270.4453125|20.0185704052693|101.971943287488||||49270.4453125|340|36200||||89616f|UAE9219|X|X||0|7||||132|147|0|0|[]|13:41:10:445
21|2.1|636136510567164655|0|49274.6171875|20.0233554661476|101.963038353566||||49274.6171875|340|36200||||89616f|UAE9219|X|X||0|7||||132|147|0|0|[]|13:41:14:617
21|2.1|636136510610689007|0|49278.96875|20.028161984698|101.954069046628||||49278.96875|340|36200||||89616f|UAE9219|X|X|0|0|7||||132|147|0|0|[]|13:41:18:969
21|2.1|636136510654683406|0|49283.375|20.0332045376415|101.944734959265||||49283.375|340|36200||||89616f|UAE9219|X|X|0|0|7||||132|147|0|0|[]|13:41:23:375
21|2.1|636136510696647602|0|49287.5703125|20.0380110561919|101.935808567671||||49287.5703125|340|36200||||89616f|UAE9219|X|X||0|7||||132|147|0|0|[]|13:41:27:570
21|2.1|636136511214899422|0|49339.3828125|20.0971054851553|101.825730709798||||49339.3828125|340|36175||||89616f|UAE9219|X|X||0|7||||132|147|0|0|[]|13:42:19:383
21|2.1|636136511262794211|0|49344.171875|20.1025986492129|101.815495400207||||49344.171875|340|36175||||89616f|UAE9219|X|X|0|0|7||||132|147|0|0|[]|13:42:24:172
21|2.1|636136511386036534|0|49356.4921875|20.1167177974547|101.789123921196||||49356.4921875|340|36175||||89616f|UAE9219|X|X||0|7||||132|147|0|0|[]|13:42:36:492
21|2.1|636136511429250855|0|49360.8125|20.1216959773819|101.779789833832||||49360.8125|340|36200||||89616f|UAE9219|X|X||0|7||||132|147|0|0|[]|13:42:40:813
21|2.1|636136511472465176|0|49365.140625|20.1264595805881|101.770863442239||||49365.140625|340|36175||||89616f|UAE9219|X|X||0|7||||132|147|0|0|[]|13:42:45:141
21|2.1|636136511516139543|0|49369.515625|20.1314806758595|101.761507897203||||49369.515625|340|36175||||89616f|UAE9219|X|X|0|0|7||||132|147|0|0|[]|13:42:49:516
21|2.1|636136511564344363|0|49374.3203125|20.1369309245729|101.751294045283||||49374.3203125|340|36175||||89616f|UAE9219|X|X||0|7||||132|147|0|0|[]|13:42:54:320
21|2.1|636136511696957623|0|49387.59375|20.1521444140918|101.722819714407||||49387.59375|340|36175||||89616f|UAE9219|X|X||0|7||||132|147|0|0|[]|13:43:07:594
21|2.1|636136511746562583|0|49392.5546875|20.1576375781494|101.712627320159||||49392.5546875|340|36175||||89616f|UAE9219|X|X||0|7||||132|147|0|0|[]|13:43:12:555
21|2.1|636136511786966623|0|49396.59375|20.1623797236835|101.703722386238||||49396.59375|340|36175||||89616f|UAE9219|X|X||0|7||||132|147|0|0|[]|13:43:16:594
21|2.1|636136511836581584|0|49401.5390625|20.1678299723969|101.69352999199||||49401.5390625|340|36175||||89616f|UAE9219|X|X||0|7||||132|147|0|0|[]|13:43:21:539
21|2.1|636136512346562577|0|49452.5390625|20.2255940256901|101.585233120902||||49452.5390625|340|36175||||89616f|UAE9219|X|X||0|7||||132|147|0|0|[]|13:44:12:539
21|2.1|636136512395867507|0|49457.4921875|20.2312803087966|101.57459011554||||49457.4921875|340|36175||||89616f|UAE9219|X|X|0|0|7||||132|147|0|0|[]|13:44:17:492
21|2.1|636136512553423261|0|49473.2421875|20.2491545496559|101.541030316376||||49473.2421875|340|36175||||89616f|UAE9219|X|X|0|0|7||||132|147|0|0|[]|13:44:33:242
21|2.1|636136512601938112|0|49478.1015625|20.2546047983693|101.5308593798||||49478.1015625|340|36175||||89616f|UAE9219|X|X||0|7||||132|147|0|0|[]|13:44:38:102
21|2.1|636136512649202838|0|49482.828125|20.2600550470827|101.520709900897||||49482.828125|340|36175||||89616f|UAE9219|X|X|0|0|7||||132|147|0|0|[]|13:44:42:828
21|2.1|636136512696317549|0|49487.5390625|20.2652478037309|101.510925202419||||49487.5390625|340|36175||||89616f|UAE9219|X|X||0|7||||132|147|0|0|[]|13:44:47:539
21|2.1|636136512755133430|0|49493.421875|20.2720284281145|101.498222260536||||49493.421875|340|36175||||89616f|UAE9219|X|X|0|0|7||||132|147|0|0|[]|13:44:53:422
21|2.1|636136512801468063|0|49498.046875|20.2772211847627|101.488459019731||||49498.046875|340|36175||||89616f|UAE9219|X|X|0|0|7||||132|147|0|0|[]|13:44:58:047
21|2.1|636136512849992915|0|49502.8984375|20.2826714334761|101.478266625483||||49502.8984375|340|36175||||89616f|UAE9219|X|X|0|0|7||||132|147|0|0|[]|13:45:02:898
21|2.1|636136512895697485|0|49507.46875|20.2878641901243|101.468546300022||||49507.46875|340|36175||||89616f|UAE9219|X|X|0|0|7||||132|147|0|0|[]|13:45:07:469
21|2.1|636136512942662181|0|49512.15625|20.2930569467725|101.458783059216||||49512.15625|340|36175||||89616f|UAE9219|X|X|0|0|7||||132|147|0|0|[]|13:45:12:156
21|2.1|636136513040311945|0|49521.9296875|20.304107647904|101.437990574951||||49521.9296875|340|36175||||89616f|UAE9219|X|X||0|7||||132|147|0|0|[]|13:45:21:930
21|2.1|636136513092107124|0|49527.1171875|20.3099655923873|101.426961331492||||49527.1171875|340|36175||||89616f|UAE9219|X|X|0|0|7||||132|147|0|0|[]|13:45:27:117
21|2.1|636136513135631476|0|49531.4609375|20.3149008569703|101.417648701801||||49531.4609375|340|36175||||89616f|UAE9219|X|X|0|0|7||||132|147|0|0|[]|13:45:31:461
21|2.1|636136513180095922|0|49535.90625|20.3199004945696|101.408314614437||||49535.90625|340|36175||||89616f|UAE9219|X|X|0|0|7||||132|147|0|0|[]|13:45:35:906
21|2.1|636136513266364548|0|49544.53125|20.3295993623588|101.390075593152||||49544.53125|340|36175||||89616f|UAE9219|X|X||0|7||||132|147|0|0|[]|13:45:44:531
21|2.1|636136513312229134|0|49549.1171875|20.3347706613349|101.380312352347||||49549.1171875|340|36175||||89616f|UAE9219|X|X|0|0|7||||132|147|0|0|[]|13:45:49:117
21|2.1|636136513359653876|0|49553.8671875|20.3401779947041|101.370162873443||||49553.8671875|340|36175||||89616f|UAE9219|X|X|0|0|7||||132|147|0|0|[]|13:45:53:867
21|2.1|636136513403658276|0|49558.2578125|20.3451132592871|101.360850243752||||49558.2578125|340|36175||||89616f|UAE9219|X|X|0|0|7||||132|147|0|0|[]|13:45:58:258
21|2.1|636136513449042814|0|49562.8046875|20.3503060159353|101.351065545274||||49562.8046875|340|36175||||89616f|UAE9219|X|X|0|0|7||||132|147|0|0|[]|13:46:02:805
21|2.1|636136513489146824|0|49566.8203125|20.3548335847484|101.342589764795||||49566.8203125|340|36175||||89616f|UAE9219|X|X|0|0|7||||132|147|0|0|[]|13:46:06:820
21|2.1|636136513529550864|0|49570.84375|20.3593396958894|101.334092526643||||49570.84375|340|36175||||89616f|UAE9219|X|X|0|0|7||||132|147|0|0|[]|13:46:10:844
21|2.1|636136513572755184|0|49575.1796875|20.3643178758166|101.32475843928||||49575.1796875|340|36175||||89616f|UAE9219|X|X|0|0|7||||132|147|0|0|[]|13:46:15:180
21|2.1|636136513616759584|0|49579.5703125|20.3690600213507|101.31587496303||||49579.5703125|340|36175||||89616f|UAE9219|X|X|0|0|7||||132|147|0|0|[]|13:46:19:570
21|2.1|636136513658093717|0|49583.703125|20.3737807092127|101.306970029109||||49583.703125|340|36175||||89616f|UAE9219|X|X|0|0|7||||132|147|0|0|[]|13:46:23:703
21|2.1|636136513705058413|0|49588.40625|20.379209500254|101.296799092533||||49588.40625|340|36175||||89616f|UAE9219|X|X|0|0|7||||132|147|0|0|[]|13:46:28:406
21|2.1|636136513753263233|0|49593.2265625|20.3846168336232|101.286606698286||||49593.2265625|340|36175||||89616f|UAE9219|X|X|0|0|7||||132|147|0|0|[]|13:46:33:227
21|2.1|636136513802878194|0|49598.1875|20.3902172860413|101.275942235252||||49598.1875|340|36175||||89616f|UAE9219|X|X|0|0|7||||132|147|0|0|[]|13:46:38:188
21|2.1|636136513851073013|0|49603|20.3956246194105|101.265792756349||||49603|340|36175||||89616f|UAE9219|X|X|0|0|7||||132|147|0|0|[]|13:46:43:000
21|2.1|636136513900217927|0|49607.9140625|20.4010104951076|101.255600362101||||49607.9140625|340|36175||||89616f|UAE9219|X|X|0|0|7||||132|147|0|0|[]|13:46:47:914
21|2.1|636136514276025504|0|49645.4921875|20.4433035668167|101.17588511025||||49645.4921875|340|36175||||89616f|UAE9219|X|X||0|7||||132|147|0|0|[]|13:47:25:492
21|2.1|636136514354653366|0|49653.3671875|20.4520368393614|101.159405618077||||49653.3671875|340|36175||||89616f|UAE9219|X|X|0|0|7||||132|147|0|0|[]|13:47:33:367
21|2.1|636136514395227423|0|49657.4140625|20.4567789848955|101.1505435995||||49657.4140625|340|36175||||89616f|UAE9219|X|X||0|7||||132|147|0|0|[]|13:47:37:414
21|2.1|636136514521430042|0|49670.03125|20.4708766754652|101.123914628424||||49670.03125|340|36175||||89616f|UAE9219|X|X||0|7||||132|147|0|0|[]|13:47:50:031
21|2.1|636136515236561548|0|49741.5625|20.5506992156772|100.972745328479||||49741.5625|340|36175||||89616f|UAE9219|X|X||0|7||||132|147|0|0|[]|13:49:01:563
21|2.1|636136515440451935|0|49761.953125|20.5735516364637|100.92952957687||||49761.953125|340|36175||||89616f|UAE9219|X|X||0|7||||132|147|0|0|[]|13:49:21:953
21|2.1|636136515481015991|0|49766|20.5782294089815|100.920603185276||||49766|340|36175||||89616f|UAE9219|X|X|0|0|7||||132|147|0|0|[]|13:49:26:000
21|2.1|636136515705198407|0|49788.40625|20.603227596978|100.873160272263||||49788.40625|340|36175||||89616f|X|X|X||0|7||||132|147|0|0|[]|13:49:48:406
21|2.1|636136515745292416|0|49792.421875|20.6076907927748|100.864727407128||||49792.421875|340|36175||||89616f|UAE9219|X|X|0|0|7||||132|147|0|0|[]|13:49:52:422
21|2.1|636136516831551031|0|49901.046875|20.7289051824677|100.634186178085||||49901.046875|340|36175||||89616f|X|X|X||0|7||||132|147|0|0|[]|13:51:41:047
21|2.1|636136516872275103|0|49905.1171875|20.7333898359366|100.625688939934||||49905.1171875|340|36175||||89616f|UAE9219|X|X|0|0|7||||132|147|0|0|[]|13:51:45:117
21|2.1|636136516922200095|0|49910.1171875|20.7389688306826|100.615045934572||||49910.1171875|340|36175||||89616f|UAE9219|X|X|0|0|7||||132|147|0|0|[]|13:51:50:117
21|2.1|636136516977725647|0|49915.65625|20.7452130132637|100.603115468885||||49915.65625|340|36175||||89616f|UAE9219|X|X||0|7||||132|147|0|0|[]|13:51:55:656
21|2.1|636136517025940468|0|49920.484375|20.7505774312887|100.592858701621||||49920.484375|340|36175||||89616f|UAE9219|X|X|0|0|7||||132|147|0|0|[]|13:52:00:484
21|2.1|636136517073045178|0|49925.1953125|20.7559203916416|100.582687765045||||49925.1953125|340|36175||||89616f|UAE9219|X|X|0|0|7||||132|147|0|0|[]|13:52:05:195
21|2.1|636136517210178890|0|49938.9140625|20.7710909658163|100.55371990771||||49938.9140625|340|36175||||89616f|UAE9219|X|X|0|0|7||||132|147|0|0|[]|13:52:18:914
21|2.1|636136517251052977|0|49942.984375|20.775747280662|100.544772058445||||49942.984375|340|36175||||89616f|UAE9219|X|X||0|7||||132|147|0|0|[]|13:52:22:984
21|2.1|636136517291767048|0|49947.0625|20.7802319341309|100.536231904949||||49947.0625|340|36175||||89616f|UAE9219|X|X|0|0|7||||132|147|0|0|[]|13:52:27:063
21|2.1|636136517335761447|0|49951.453125|20.7851242833697|100.526919275257||||49951.453125|340|36175||||89616f|UAE9219|X|X|0|0|7||||132|147|0|0|[]|13:52:31:453
21|2.1|636136517380225893|0|49955.9140625|20.7900166326085|100.51754227255||||49955.9140625|340|36175||||89616f|UAE9219|X|X|0|0|7||||132|147|0|0|[]|13:52:35:914
21|2.1|636136517422190089|0|49960.1015625|20.7945656590937|100.508530050268||||49960.1015625|340|36175||||89616f|UAE9219|X|X|0|0|7||||132|147|0|0|[]|13:52:40:102
21|2.1|636136517731701037|0|49991.0546875|20.8230185322983|100.439457803778||||49991.0546875|340|36175||||89616f|UAE9219|X|X||0|7||||132|147|0|0|[]|13:53:11:055
21|2.1|636136517780845951|0|49995.984375|20.8267736249158|100.427977949204||||49995.984375|340|36175||||89616f|UAE9219|X|X|0|0|7||||132|147|0|0|[]|13:53:15:984
21|2.1|636136517840911957|0|50001.9921875|20.8310007863195|100.414030462339||||50001.9921875|340|36175||||89616f|UAE9219|X|X|0|0|7||||132|147|0|0|[]|13:53:21:992
21|2.1|636136517885366402|0|50006.421875|20.8338546567088|100.403752237403||||50006.421875|340|36175||||89616f|UAE9219|X|X|0|0|7||||132|147|0|0|[]|13:53:26:422
