21|2.1|636136510320049946|0|49249.890625|6.7552828728499|98.6638568951749||||49249.890625|390|41575||||896160|ETD472|X|X|0|0|7||||132|83|0|0|[]|13:40:49:891
21|2.1|636136510329260867|0|49250.8359375|6.7546820580311|98.6655091359266||||49250.8359375|390|41575||||896160|ETD472|X|X|0|0|7||||132|51|0|0|[]|13:40:50:836
21|2.1|636136510366694610|0|49254.5546875|6.7518281876418|98.6731909825384||||49254.5546875|390|41575||||896160|ETD472|X|X|0|0|7||||132|83|0|0|[]|13:40:54:555
21|2.1|636136510372315172|0|49255.1328125|6.7513775765277|98.6745213582086||||49255.1328125|390|41575||||896160|ETD472|X|X|0|0|7||||132|51|0|0|[]|13:40:55:133
21|2.1|636136510411159056|0|49259|6.7485451638105|98.6821817471483||||49259|390|41575||||896160|ETD472|X|X|0|0|7||||132|83|0|0|[]|13:40:59:000
21|2.1|636136510415519492|0|49259.453125|6.7483520447616|98.6826538159345||||49259.453125|390|41575||||896160|ETD472|X|X|0|0|7||||132|51|0|0|[]|13:40:59:453
21|2.1|636136510454523392|0|49263.34375|6.7453265129955|98.6907433583162||||49263.34375|390|41575||||896160|ETD472|X|X|0|0|7||||132|83|0|0|[]|13:41:03:344
21|2.1|636136510461244064|0|49263.9140625|6.7448544442093|98.6920308186422||||49263.9140625|390|41575||||896160|ETD472|X|X|0|0|7||||132|51|0|0|[]|13:41:03:914
21|2.1|636136510498367776|0|49267.734375|6.7420434891642|98.6997341229261||||49267.734375|390|41575||||896160|ETD472|X|X|0|0|7||||132|83|0|0|[]|13:41:07:734
21|2.1|636136510502418181|0|49268.140625|6.7424511849341|98.6986183239769||||49268.140625|390|41575||||896160|ETD472|X|X|0|0|7||||132|51|0|0|[]|13:41:08:141
21|2.1|636136510542672206|0|49272.1640625|6.7388677536934|98.708295734094||||49272.1640625|390|41575||||896160|ETD472|X|X|0|0|7||||132|51|0|0|[]|13:41:12:164
21|2.1|636136510542672206|0|49272.1640625|6.7388677536934|98.708295734094||||49272.1640625|390|41575||||896160|ETD472|X|X|0|0|7||||132|83|0|0|[]|13:41:12:164
21|2.1|636136510586196558|0|49276.515625|6.7355418145179|98.7172864987039||||49276.515625|390|41575||||896160|ETD472|X|X|0|0|7||||132|51|0|0|[]|13:41:16:516
21|2.1|636136510586196558|0|49276.515625|6.7355418145179|98.7172864987039||||49276.515625|390|41575||||896160|ETD472|X|X|0|0|7||||132|83|0|0|[]|13:41:16:516
21|2.1|636136510627690707|0|49280.6640625|6.732559198096|98.7254189564298||||49280.6640625|390|41575||||896160|ETD472|X|X|0|0|7||||132|51|0|0|[]|13:41:20:664
21|2.1|636136510627700708|0|49280.6640625|6.732559198096|98.7254189564298||||49280.6640625|390|41575||||896160|ETD472|X|X|0|0|7||||132|83|0|0|[]|13:41:20:664
21|2.1|636136510670284966|0|49284.921875|6.7293620049531|98.7339805675977||||49284.921875|390|41575||||896160|ETD472|X|X|0|0|7||||132|51|0|0|[]|13:41:24:922
21|2.1|636136510670284966|0|49284.921875|6.7293620049531|98.7339805675977||||49284.921875|390|41575||||896160|ETD472|X|X|0|0|7||||132|83|0|0|[]|13:41:24:922
21|2.1|636136510715999537|0|49289.4921875|6.7258644044008|98.7433575703054||||49289.4921875|390|41575||||896160|ETD472|X|X|0|0|7||||132|83|0|0|[]|13:41:29:492
21|2.1|636136510721450082|0|49290.046875|6.7255425393193|98.7442587925336||||49290.046875|390|41575||||896160|ETD472|X|X|0|0|7||||132|51|0|0|[]|13:41:30:047
21|2.1|636136510761084045|0|49294|6.7225599228974|98.7523697925874||||49294|390|41575||||896160|ETD472|X|X|0|0|7||||132|83|0|0|[]|13:41:34:000
21|2.1|636136510766074544|0|49294.5|6.7222166001438|98.7532710148156||||49294.5|390|41575||||896160|ETD472|X|X|0|0|7||||132|51|0|0|[]|13:41:34:500
21|2.1|636136510804138350|0|49298.3046875|6.7193412720824|98.7609743190995||||49298.3046875|390|41575||||896160|ETD472|X|X|0|0|7||||132|83|0|0|[]|13:41:38:305
21|2.1|636136510813029239|0|49299.203125|6.7187404572636|98.7626909328675||||49299.203125|390|41575||||896160|ETD472|X|X|0|0|7||||132|51|0|0|[]|13:41:39:203
21|2.1|636136510852193155|0|49303.1171875|6.7157149254975|98.7707804752492||||49303.1171875|390|41575||||896160|ETD472|X|X|0|0|7||||132|83|0|0|[]|13:41:43:117
21|2.1|636136510857173653|0|49303.609375|6.715393060416|98.7716816974774||||49303.609375|390|41575||||896160|ETD472|X|X|0|0|7||||132|51|0|0|[]|13:41:43:609
21|2.1|636136510892897225|0|49307.171875|6.7127323090756|98.7789343906472||||49307.171875|390|41575||||896160|ETD472|X|X|0|0|7||||132|83|0|0|[]|13:41:47:172
21|2.1|636136510898357771|0|49307.7421875|6.7124104439941|98.7797926975312||||49307.7421875|390|41575||||896160|ETD472|X|X|0|0|7||||132|51|0|0|[]|13:41:47:742
21|2.1|636136510935181453|0|49311.4140625|6.7096638619653|98.7871097637173||||49311.4140625|390|41575||||896160|ETD472|X|X|0|0|7||||132|83|0|0|[]|13:41:51:414
21|2.1|636136510940792014|0|49311.9765625|6.7091917931791|98.7883972240433||||49311.9765625|390|41575||||896160|ETD472|X|X|0|0|7||||132|51|0|0|[]|13:41:51:977
21|2.1|636136510979485883|0|49315.8359375|6.706380838134|98.7961434436714||||49315.8359375|390|41575||||896160|ETD472|X|X|0|0|7||||132|83|0|0|[]|13:41:55:836
21|2.1|636136510985106445|0|49316.4140625|6.7066383301992|98.79541388282||||49316.4140625|390|41575||||896160|ETD472|X|X|0|0|7||||132|51|0|0|[]|13:41:56:414
21|2.1|636136511021770111|0|49320.0625|6.703162187319|98.8047479701835||||49320.0625|390|41575||||896160|ETD472|X|X|0|0|7||||132|83|0|0|[]|13:42:00:063
21|2.1|636136511025820516|0|49320.484375|6.7028403222375|98.8055848193954||||49320.484375|390|41575||||896160|ETD472|X|X|0|0|7||||132|51|0|0|[]|13:42:00:484
21|2.1|636136511066064540|0|49324.5|6.6998362481435|98.8137816501376||||49324.5|390|41575||||896160|ETD472|X|X|0|0|7||||132|51|0|0|[]|13:42:04:500
21|2.1|636136511066074541|0|49324.5|6.6998362481435|98.8137816501376||||49324.5|390|41575||||896160|ETD472|X|X|0|0|7||||132|83|0|0|[]|13:42:04:500
21|2.1|636136511108968830|0|49328.8046875|6.6966819703448|98.8223432613055||||49328.8046875|390|41575||||896160|ETD472|X|X|0|0|7||||132|51|0|0|[]|13:42:08:805
21|2.1|636136511109128846|0|49328.8046875|6.6966819703448|98.8223432613055||||49328.8046875|390|41575||||896160|ETD472|X|X|0|0|7||||132|83|0|0|[]|13:42:08:805
21|2.1|636136511154833416|0|49333.3828125|6.6933345734972|98.8313769412596||||49333.3828125|390|41575||||896160|ETD472|X|X|0|0|7||||132|51|0|0|[]|13:42:13:383
21|2.1|636136511154993432|0|49333.3828125|6.6933345734972|98.8313769412596||||49333.3828125|390|41575||||896160|ETD472|X|X|0|0|7||||132|83|0|0|[]|13:42:13:383
21|2.1|636136511197737706|0|49337.671875|6.6899013459612|98.8403677058695||||49337.671875|390|41575||||896160|ETD472|X|X|0|0|7||||132|51|0|0|[]|13:42:17:672
21|2.1|636136511202888221|0|49338.171875|6.6895365655355|98.8412474704256||||49338.171875|390|41575||||896160|ETD472|X|X||0|7||||132|83|0|0|[]|13:42:18:172
21|2.1|636136511240171949|0|49341.921875|6.6862535417042|98.8488649440211||||49341.921875|390|41575||||896160|ETD472|X|X|0|0|7||||132|51|0|0|[]|13:42:21:922
21|2.1|636136511245782510|0|49342.4765625|6.6858673036064|98.8497232509051||||49342.4765625|390|41575||||896160|ETD472|X|X||0|7||||132|83|0|0|[]|13:42:22:477
21|2.1|636136511280415973|0|49345.9296875|6.6826271951193|98.8563107562398||||49345.9296875|390|41575||||896160|ETD472|X|X|0|0|7||||132|51|0|0|[]|13:42:25:930
21|2.1|636136511291027034|0|49346.9921875|6.6815543115143|98.8583706927614||||49346.9921875|390|41575||||896160|ETD472|X|X|0|0|7||||132|83|0|0|[]|13:42:26:992
21|2.1|636136511325350466|0|49350.4296875|6.6779708802736|98.8647865367193||||49350.4296875|390|41575||||896160|ETD472|X|X|0|0|7||||132|51|0|0|[]|13:42:30:430
21|2.1|636136511335961527|0|49351.484375|6.6764688432266|98.8671468806503||||49351.484375|390|41575||||896160|ETD472|X|X|0|0|7||||132|83|0|0|[]|13:42:31:484
21|2.1|636136511370434974|0|49354.9453125|6.6725420892323|98.8733266902151||||49354.9453125|390|41575||||896160|ETD472|X|X|0|0|7||||132|51|0|0|[]|13:42:34:945
21|2.1|636136511376045535|0|49355.4921875|6.6719627320856|98.8741206240828||||49355.4921875|390|41575||||896160|ETD472|X|X|0|0|7||||132|83|0|0|[]|13:42:35:492
21|2.1|636136511411619092|0|49359.0625|6.6674351632725|98.8805579257128||||49359.0625|390|41575||||896160|ETD472|X|X|0|0|7||||132|51|0|0|[]|13:42:39:063
21|2.1|636136511416309561|0|49359.5234375|6.6669416368142|98.8812660288921||||49359.5234375|390|41575||||896160|ETD472|X|X||0|7||||132|83|0|0|[]|13:42:39:523
21|2.1|636136511455923522|0|49363.4921875|6.6613840997403|98.8881753993083||||49363.4921875|390|41575||||896160|ETD472|X|X|0|0|7||||132|51|0|0|[]|13:42:43:492
21|2.1|636136511460603990|0|49363.9453125|6.6608262002657|98.8888405871434||||49363.9453125|390|41575||||896160|ETD472|X|X|0|0|7||||132|83|0|0|[]|13:42:43:945
21|2.1|636136511500227952|0|49367.9140625|6.6550540864708|98.8954710078223||||49367.9140625|390|41575||||896160|ETD472|X|X|0|0|7||||132|51|0|0|[]|13:42:47:914
21|2.1|636136511504908420|0|49368.375|6.6546893060451|98.8958572459201||||49368.375|390|41575||||896160|ETD472|X|X|0|0|7||||132|83|0|0|[]|13:42:48:375
21|2.1|636136511540631992|0|49371.9609375|6.6491961419875|98.9015220713545||||49371.9609375|390|41575||||896160|ETD472|X|X|0|0|7||||132|51|0|0|[]|13:42:51:961
21|2.1|636136511546562585|0|49372.546875|6.6481876313988|98.9024662089269||||49372.546875|390|41575||||896160|ETD472|X|X|0|0|7||||132|83|0|0|[]|13:42:52:547
21|2.1|636136511585256454|0|49376.421875|6.6420721948503|98.9081524920334||||49376.421875|390|41575||||896160|ETD472|X|X|0|0|7||||132|51|0|0|[]|13:42:56:422
21|2.1|636136511589616890|0|49376.8515625|6.6410422265895|98.9091180872779||||49376.8515625|390|41575||||896160|ETD472|X|X|0|0|7||||132|83|0|0|[]|13:42:56:852
21|2.1|636136511629560884|0|49380.8515625|6.6346478403037|98.9144825053029||||49380.8515625|390|41575||||896160|ETD472|X|X|0|0|7||||132|51|0|0|[]|13:43:00:852
21|2.1|636136511629570885|0|49380.8515625|6.6346478403037|98.9144825053029||||49380.8515625|390|41575||||896160|ETD472|X|X|0|0|7||||132|83|0|0|[]|13:43:00:852
21|2.1|636136511673235251|0|49385.2109375|6.6272664011013|98.920082957721||||49385.2109375|390|41575||||896160|ETD472|X|X|0|0|7||||132|51|0|0|[]|13:43:05:211
21|2.1|636136511673245252|0|49385.2109375|6.6272664011013|98.920082957721||||49385.2109375|390|41575||||896160|ETD472|X|X|0|0|7||||132|83|0|0|[]|13:43:05:211
21|2.1|636136511713649292|0|49389.265625|6.6217732370437|98.9239238810269||||49389.265625|390|41575||||896160|ETD472|X|X|0|0|7||||132|51|0|0|[]|13:43:09:266
21|2.1|636136511713799307|0|49389.265625|6.6217732370437|98.9239238810269||||49389.265625|390|41575||||896160|ETD472|X|X|0|0|7||||132|83|0|0|[]|13:43:09:266
21|2.1|636136511755453472|0|49393.4453125|6.6122674883034|98.9302968096406||||49393.4453125|390|41575||||896160|ETD472|X|X|0|0|7||||132|51|0|0|[]|13:43:13:445
21|2.1|636136511755613488|0|49393.4453125|6.6122674883034|98.9302968096406||||49393.4453125|390|41575||||896160|ETD472|X|X|0|0|7||||132|83|0|0|[]|13:43:13:445
21|2.1|636136511798047731|0|49397.703125|6.6044783533311|98.9355110239609||||49397.703125|390|41575||||896160|ETD472|X|X|0|0|7||||132|51|0|0|[]|13:43:17:703
21|2.1|636136511798197746|0|49397.703125|6.6044783533311|98.9355110239609||||49397.703125|390|41575||||896160|ETD472|X|X|0|0|7||||132|83|0|0|[]|13:43:17:703
21|2.1|636136511839071833|0|49401.8046875|6.597161287145|98.9404462885439||||49401.8046875|390|41575||||896160|ETD472|X|X|0|0|7||||132|51|0|0|[]|13:43:21:805
21|2.1|636136511839081834|0|49401.8046875|6.597161287145|98.9404462885439||||49401.8046875|390|41575||||896160|ETD472|X|X|0|0|7||||132|83|0|0|[]|13:43:21:805
21|2.1|636136511883686294|0|49406.265625|6.5890502870912|98.9458965372573||||49406.265625|390|41575||||896160|ETD472|X|X|0|0|7||||132|51|0|0|[]|13:43:26:266
21|2.1|636136511883696295|0|49406.265625|6.5890502870912|98.9458965372573||||49406.265625|390|41575||||896160|ETD472|X|X||0|7||||132|83|0|0|[]|13:43:26:266
21|2.1|636136511923940319|0|49410.296875|6.5816903055609|98.9509176325287||||49410.296875|390|41575||||896160|ETD472|X|X|0|0|7||||132|51|0|0|[]|13:43:30:297
21|2.1|636136511938291754|0|49411.7265625|6.5790295542205|98.9527415346572||||49411.7265625|390|41575||||896160|ETD472|X|X|0|0|7||||132|83|0|0|[]|13:43:31:727
21|2.1|636136511964504375|0|49414.3046875|6.5744376123911|98.9558958124559||||49414.3046875|390|41575||||896160|ETD472|X|X|0|0|7||||132|51|0|0|[]|13:43:34:305
21|2.1|636136511987276652|0|49416.625|6.5706396044294|98.9585136484521||||49416.625|390|41575||||896160|ETD472|X|X|0|0|7||||132|83|0|0|[]|13:43:36:625
21|2.1|636136512006628587|0|49418.5546875|6.5667557657793|98.9612173151367||||49418.5546875|390|41575||||896160|ETD472|X|X|0|0|7||||132|51|0|0|[]|13:43:38:555
21|2.1|636136512035171441|0|49421.4140625|6.5636014879806|98.9634059976909||||49421.4140625|390|41575||||896160|ETD472|X|X|0|0|7||||132|83|0|0|[]|13:43:41:414
21|2.1|636136512051093033|0|49423.015625|6.5591597498559|98.9664744448012||||49423.015625|390|41575||||896160|ETD472|X|X|0|0|7||||132|51|0|0|[]|13:43:43:016
21|2.1|636136512075575481|0|49425.4453125|6.5545248926823|98.9696287225999||||49425.4453125|390|41575||||896160|ETD472|X|X|0|0|7||||132|83|0|0|[]|13:43:45:445
21|2.1|636136512095717495|0|49427.4609375|6.5506839693764|98.9723323892845||||49427.4609375|390|41575||||896160|ETD472|X|X|0|0|7||||132|51|0|0|[]|13:43:47:461
21|2.1|636136512117069630|0|49429.5859375|6.5472507418404|98.9746927332155||||49429.5859375|390|41575||||896160|ETD472|X|X||0|7||||132|83|0|0|[]|13:43:49:586
21|2.1|636136512136741597|0|49431.5703125|6.5434312762066|98.9773534845559||||49431.5703125|390|41575||||896160|ETD472|X|X|0|0|7||||132|51|0|0|[]|13:43:51:570
21|2.1|636136512165904513|0|49434.484375|6.5380454005095|98.9810442041571||||49434.484375|390|41575||||896160|ETD472|X|X||0|7||||132|83|0|0|[]|13:43:54:484
21|2.1|636136512180415964|0|49435.9453125|6.5357494295948|98.9826535295646||||49435.9453125|390|41575||||896160|ETD472|X|X|0|0|7||||132|51|0|0|[]|13:43:55:945
21|2.1|636136512215509473|0|49439.4375|6.5296769083905|98.9868592332962||||49439.4375|390|41575||||896160|ETD472|X|X|0|0|7||||132|83|0|0|[]|13:43:59:438
21|2.1|636136512220669989|0|49439.9609375|6.5285396517692|98.987674624836||||49439.9609375|390|41575||||896160|ETD472|X|X|0|0|7||||132|51|0|0|[]|13:43:59:961
21|2.1|636136512255613483|0|49443.453125|6.5224456728928|98.9918803285676||||49443.453125|390|41575||||896160|ETD472|X|X|0|0|7||||132|83|0|0|[]|13:44:03:453
21|2.1|636136512265434465|0|49444.421875|6.5205359400759|98.993253619582||||49444.421875|390|41575||||896160|ETD472|X|X|0|0|7||||132|51|0|0|[]|13:44:04:422
21|2.1|636136512303188240|0|49448.203125|6.5139698924133|98.997759730723||||49448.203125|390|41575||||896160|ETD472|X|X|0|0|7||||132|83|0|0|[]|13:44:08:203
21|2.1|636136512308338755|0|49448.734375|6.5128540934641|98.9985536645907||||49448.734375|390|41575||||896160|ETD472|X|X|0|0|7||||132|51|0|0|[]|13:44:08:734
21|2.1|636136512349992920|0|49452.90625|6.5052366198686|99.0038107942552||||49452.90625|390|41575||||896160|ETD472|X|X|0|0|7||||132|51|0|0|[]|13:44:12:906
21|2.1|636136512350152936|0|49452.90625|6.5052366198686|99.0038107942552||||49452.90625|390|41575||||896160|ETD472|X|X|0|0|7||||132|83|0|0|[]|13:44:12:906
21|2.1|636136512391487069|0|49457.03125|6.4979624690267|99.0088748048708||||49457.03125|390|41575||||896160|ETD472|X|X|0|0|7||||132|51|0|0|[]|13:44:17:031
21|2.1|636136512396167537|0|49457.5|6.4968681277496|99.0096472810664||||49457.5|390|41575||||896160|ETD472|X|X|0|0|7||||132|83|0|0|[]|13:44:17:500
21|2.1|636136512434391359|0|49461.3359375|6.4903664531033|99.0141319345353||||49461.3359375|390|41575||||896160|ETD472|X|X|0|0|7||||132|51|0|0|[]|13:44:21:336
21|2.1|636136512443602280|0|49462.2421875|6.4887571276958|99.0152691911566||||49462.2421875|390|41575||||896160|ETD472|X|X||0|7||||132|83|0|0|[]|13:44:22:242
21|2.1|636136512477765696|0|49465.6640625|6.4822983683937|99.0196894716092||||49465.6640625|390|41575||||896160|ETD472|X|X|0|0|7||||132|51|0|0|[]|13:44:25:664
21|2.1|636136512492737193|0|49467.1640625|6.4796590747254|99.0215348314098||||49467.1640625|390|41575||||896160|ETD472|X|X|0|0|7||||132|83|0|0|[]|13:44:27:164
21|2.1|636136512518169736|0|49469.7109375|6.4750242175518|99.0247534822248||||49469.7109375|390|41575||||896160|ETD472|X|X|0|0|7||||132|51|0|0|[]|13:44:29:711
21|2.1|636136512533761295|0|49471.265625|6.472706788965|99.0263198922881||||49471.265625|390|41575||||896160|ETD472|X|X||0|7||||132|83|0|0|[]|13:44:31:266
21|2.1|636136512562784197|0|49474.1640625|6.4674282016284|99.0299676965451||||49474.1640625|390|41575||||896160|ETD472|X|X|0|0|7||||132|51|0|0|[]|13:44:34:164
21|2.1|636136512582126131|0|49476.09375|6.4635229053062|99.0326713632297||||49476.09375|390|41575||||896160|ETD472|X|X|0|0|7||||132|83|0|0|[]|13:44:36:094
21|2.1|636136512605678486|0|49478.4453125|6.4597248973445|99.0352677415538||||49478.4453125|390|41575||||896160|ETD472|X|X|0|0|7||||132|51|0|0|[]|13:44:38:445
21|2.1|636136512628770795|0|49480.765625|6.4554977359408|99.0381859849594||||49480.765625|390|41575||||896160|ETD472|X|X||0|7||||132|83|0|0|[]|13:44:40:766
21|2.1|636136512649052823|0|49482.8046875|6.451678270307|99.0408038209556||||49482.8046875|390|41575||||896160|ETD472|X|X|0|0|7||||132|51|0|0|[]|13:44:42:805
21|2.1|636136512670424960|0|49484.921875|6.4478802623453|99.0434216569518||||49484.921875|390|41575||||896160|ETD472|X|X||0|7||||132|83|0|0|[]|13:44:44:922
21|2.1|636136512691497067|0|49487.0390625|6.4444470348093|99.0458034585549||||49487.0390625|390|41575||||896160|ETD472|X|X|0|0|7||||132|51|0|0|[]|13:44:47:039
21|2.1|636136512719879905|0|49489.875|6.4390611591122|99.0495156358282||||49489.875|390|41575||||896160|ETD472|X|X||0|7||||132|83|0|0|[]|13:44:49:875
21|2.1|636136512734231340|0|49491.3125|6.4364218654439|99.0513395379567||||49491.3125|390|41575||||896160|ETD472|X|X|0|0|7||||132|51|0|0|[]|13:44:51:313
21|2.1|636136512767614678|0|49494.640625|6.4306712093211|99.0552448342789||||49494.640625|390|41575||||896160|ETD472|X|X||0|7||||132|83|0|0|[]|13:44:54:641
21|2.1|636136512777135630|0|49495.6015625|6.42871856116|99.0565752099491||||49495.6015625|390|41575||||896160|ETD472|X|X|0|0|7||||132|51|0|0|[]|13:44:55:602
21|2.1|636136512815039420|0|49499.390625|6.4221954288416|99.061059863418||||49499.390625|390|41575||||896160|ETD472|X|X||0|7||||132|83|0|0|[]|13:44:59:391
21|2.1|636136512820029919|0|49499.890625|6.4210367145482|99.0618752549578||||49499.890625|390|41575||||896160|ETD472|X|X|0|0|7||||132|51|0|0|[]|13:44:59:891
21|2.1|636136512866684584|0|49504.4609375|6.4130330028549|99.0673684190154||||49504.4609375|390|41575||||896160|ETD472|X|X|0|0|7||||132|51|0|0|[]|13:45:04:461
21|2.1|636136512874325348|0|49505.3203125|6.4111661853822|99.0686558793414||||49505.3203125|390|41575||||896160|ETD472|X|X|0|0|7||||132|83|0|0|[]|13:45:05:320
21|2.1|636136512909588874|0|49508.8515625|6.4050722065058|99.072861583073||||49508.8515625|390|41575||||896160|ETD472|X|X|0|0|7||||132|51|0|0|[]|13:45:08:852
21|2.1|636136512915199435|0|49509.40625|6.4042997303102|99.0733980248755||||49509.40625|390|41575||||896160|ETD472|X|X||0|7||||132|83|0|0|[]|13:45:09:406
21|2.1|636136512951543069|0|49513.0546875|6.3977551403197|99.0778826783444||||49513.0546875|390|41575||||896160|ETD472|X|X|0|0|7||||132|51|0|0|[]|13:45:13:055
21|2.1|636136512965744489|0|49514.453125|6.3951158466514|99.0796851228008||||49514.453125|390|41575||||896160|ETD472|X|X|0|0|7||||132|83|0|0|[]|13:45:14:453
21|2.1|636136512995227437|0|49517.421875|6.3915324154107|99.0821527550923||||49517.421875|390|41575||||896160|ETD472|X|X|0|0|7||||132|51|0|0|[]|13:45:17:422
21|2.1|636136513006148529|0|49518.5|6.3878202381374|99.0847062180722||||49518.5|390|41575||||896160|ETD472|X|X||0|7||||132|83|0|0|[]|13:45:18:500
21|2.1|636136513037511665|0|49521.65625|6.3821339550309|99.0885900567223||||49521.65625|390|41575||||896160|ETD472|X|X|0|0|7||||132|51|0|0|[]|13:45:21:656
21|2.1|636136513048422756|0|49522.734375|6.380224222214|99.0898989747204||||49522.734375|390|41575||||896160|ETD472|X|X||0|7||||132|83|0|0|[]|13:45:22:734
21|2.1|636136513078225736|0|49525.7109375|6.3748168888448|99.0936111519937||||49525.7109375|390|41575||||896160|ETD472|X|X|0|0|7||||132|51|0|0|[]|13:45:25:711
21|2.1|636136513096007514|0|49527.484375|6.371426576653|99.0959714959247||||49527.484375|390|41575||||896160|ETD472|X|X||0|7||||132|83|0|0|[]|13:45:27:484
21|2.1|636136513121280041|0|49530.0234375|6.3671779575772|99.0988682816582||||49530.0234375|390|41575||||896160|ETD472|X|X|0|0|7||||132|51|0|0|[]|13:45:30:023
21|2.1|636136513147022615|0|49532.5859375|6.3625860157478|99.1019796441127||||49532.5859375|390|41575||||896160|ETD472|X|X||0|7||||132|83|0|0|[]|13:45:32:586
21|2.1|636136513162624175|0|49534.1640625|6.3595819416538|99.1040395806343||||49534.1640625|390|41575||||896160|ETD472|X|X|0|0|7||||132|51|0|0|[]|13:45:34:164
21|2.1|636136513187426655|0|49536.625|6.3553547802501|99.1069578240399||||49536.625|390|41575||||896160|ETD472|X|X|0|0|7||||132|83|0|0|[]|13:45:36:625
21|2.1|636136513206778590|0|49538.5703125|6.3519215527141|99.1092967102988||||49538.5703125|390|41575||||896160|ETD472|X|X|0|0|7||||132|51|0|0|[]|13:45:38:570
21|2.1|636136513235631475|0|49541.453125|6.3469862881311|99.1126870224906||||49541.453125|390|41575||||896160|ETD472|X|X|0|0|7||||132|83|0|0|[]|13:45:41:453
21|2.1|636136513250762988|0|49542.9609375|6.3439178410208|99.1147898743564||||49542.9609375|390|41575||||896160|ETD472|X|X|0|0|7||||132|51|0|0|[]|13:45:42:961
21|2.1|636136513286806592|0|49546.5703125|6.3374161663745|99.1192530701532||||49546.5703125|390|41575||||896160|ETD472|X|X|0|0|7||||132|83|0|0|[]|13:45:46:570
21|2.1|636136513291637075|0|49547.0546875|6.3366866055231|99.1197680542836||||49547.0546875|390|41575||||896160|ETD472|X|X|0|0|7||||132|51|0|0|[]|13:45:47:055
21|2.1|636136513334381349|0|49551.3359375|6.3290476742555|99.1249822686039||||49551.3359375|390|41575||||896160|ETD472|X|X|0|0|7||||132|51|0|0|[]|13:45:51:336
21|2.1|636136513334541365|0|49551.3359375|6.3290476742555|99.1249822686039||||49551.3359375|390|41575||||896160|ETD472|X|X|0|0|7||||132|83|0|0|[]|13:45:51:336
21|2.1|636136513377905701|0|49555.6953125|6.3210225048901|99.1304754326615||||49555.6953125|390|41575||||896160|ETD472|X|X|0|0|7||||132|51|0|0|[]|13:45:55:695
21|2.1|636136513383836294|0|49556.25|6.3202500286945|99.1310333321361||||49556.25|390|41600||||896160|ETD472|X|X||0|7||||132|83|0|0|[]|13:45:56:250
21|2.1|636136513422070117|0|49560.1015625|6.3133835736225|99.135732562326||||49560.1015625|390|41575||||896160|ETD472|X|X|0|0|7||||132|51|0|0|[]|13:46:00:102
21|2.1|636136513431581068|0|49561.046875|6.3118815365755|99.1367625305868||||49561.046875|390|41600||||896160|ETD472|X|X||0|7||||132|83|0|0|[]|13:46:01:047
21|2.1|636136513464644374|0|49564.3515625|6.3058304730433|99.1409467766463||||49564.3515625|390|41575||||896160|ETD472|X|X|0|0|7||||132|51|0|0|[]|13:46:04:352
21|2.1|636136513478845794|0|49565.7734375|6.3030838910145|99.142813594119||||49565.7734375|390|41575||||896160|ETD472|X|X||0|7||||132|83|0|0|[]|13:46:05:773
21|2.1|636136513509418851|0|49568.8359375|6.29782676135|99.1463970253597||||49568.8359375|390|41575||||896160|ETD472|X|X|0|0|7||||132|51|0|0|[]|13:46:08:836
21|2.1|636136513520179927|0|49569.90625|6.2958741131889|99.1477274010299||||49569.90625|390|41600||||896160|ETD472|X|X||0|7||||132|83|0|0|[]|13:46:09:906
21|2.1|636136513550762985|0|49572.96875|6.2905526105081|99.1514181206311||||49572.96875|390|41600||||896160|ETD472|X|X|0|0|7||||132|51|0|0|[]|13:46:12:969
21|2.1|636136513569654874|0|49574.8515625|6.2871193829721|99.1537999222342||||49574.8515625|390|41600||||896160|ETD472|X|X|0|0|7||||132|83|0|0|[]|13:46:14:852
21|2.1|636136513594907399|0|49577.390625|6.2825274411427|99.1569112846887||||49577.390625|390|41600||||896160|ETD472|X|X|0|0|7||||132|51|0|0|[]|13:46:17:391
21|2.1|636136513609888897|0|49578.875|6.2795662823929|99.1589712212103||||49578.875|390|41600||||896160|ETD472|X|X|0|0|7||||132|83|0|0|[]|13:46:18:875
21|2.1|636136513639221830|0|49581.8203125|6.2745666447936|99.1624044487463||||49581.8203125|390|41575||||896160|ETD472|X|X|0|0|7||||132|51|0|0|[]|13:46:21:820
21|2.1|636136513657933701|0|49583.6796875|6.2711334172576|99.1647433350052||||49583.6796875|390|41575||||896160|ETD472|X|X|0|0|7||||132|83|0|0|[]|13:46:23:680
21|2.1|636136513682276135|0|49586.109375|6.2670135442144|99.1675757477224||||49586.109375|390|41575||||896160|ETD472|X|X|0|0|7||||132|51|0|0|[]|13:46:26:109
21|2.1|636136513706928600|0|49588.5703125|6.2624430600571|99.1706871101769||||49588.5703125|390|41600||||896160|ETD472|X|X|0|0|7||||132|83|0|0|[]|13:46:28:570
21|2.1|636136513726900597|0|49590.5859375|6.2590098325211|99.17306891178||||49590.5859375|390|41600||||896160|ETD472|X|X|0|0|7||||132|51|0|0|[]|13:46:30:586
21|2.1|636136513756383545|0|49593.5|6.2536883298403|99.176716716037||||49593.5|390|41575||||896160|ETD472|X|X|0|0|7||||132|83|0|0|[]|13:46:33:500
21|2.1|636136513771505057|0|49595.03125|6.2510275784999|99.1785191604934||||49595.03125|390|41575||||896160|ETD472|X|X|0|0|7||||132|51|0|0|[]|13:46:35:031
21|2.1|636136513812539160|0|49599.1484375|6.2437748853301|99.1835187980927||||49599.1484375|390|41575||||896160|ETD472|X|X|0|0|7||||132|51|0|0|[]|13:46:39:148
21|2.1|636136513812689175|0|49599.15625|6.2437748853301|99.1835187980927||||49599.15625|390|41575||||896160|ETD472|X|X|0|0|7||||132|83|0|0|[]|13:46:39:156
21|2.1|636136513858253731|0|49603.7265625|6.2354278508832|99.1892265388713||||49603.7265625|390|41600||||896160|ETD472|X|X|0|0|7||||132|51|0|0|[]|13:46:43:727
21|2.1|636136513873855291|0|49605.2734375|6.232810014887|99.1910504409998||||49605.2734375|390|41600||||896160|ETD472|X|X|0|0|7||||132|83|0|0|[]|13:46:45:273
21|2.1|636136513899127818|0|49607.8046875|6.2282395307297|99.1941618034543||||49607.8046875|390|41575||||896160|ETD472|X|X|0|0|7||||132|51|0|0|[]|13:46:47:805
21|2.1|636136513922840189|0|49610.1640625|6.2240338269981|99.1970371315157||||49610.1640625|390|41575||||896160|ETD472|X|X|0|0|7||||132|83|0|0|[]|13:46:50:164
21|2.1|636136513939371842|0|49611.8359375|6.2214159910019|99.1988610336442||||49611.8359375|390|41575||||896160|ETD472|X|X|0|0|7||||132|51|0|0|[]|13:46:51:836
21|2.1|636136513983526257|0|49616.2421875|6.2134122793086|99.2043541977018||||49616.2421875|390|41575||||896160|ETD472|X|X|0|0|7||||132|51|0|0|[]|13:46:56:242
21|2.1|636136513983526257|0|49616.2421875|6.2134122793086|99.2043541977018||||49616.2421875|390|41600||||896160|ETD472|X|X|0|0|7||||132|83|0|0|[]|13:46:56:242
21|2.1|636136514028300734|0|49620.7265625|6.2050867025338|99.2100404808083||||49620.7265625|390|41575||||896160|ETD472|X|X|0|0|7||||132|51|0|0|[]|13:47:00:727
21|2.1|636136514070424946|0|49624.8828125|6.1978554670361|99.2150615760797||||49624.8828125|390|41575||||896160|ETD472|X|X|0|0|7||||132|51|0|0|[]|13:47:04:883
21|2.1|636136514110508954|0|49628.9453125|6.1906671468826|99.2199968406627||||49628.9453125|390|41575||||896160|ETD472|X|X|0|0|7||||132|51|0|0|[]|13:47:08:945
21|2.1|636136514157623665|0|49633.6640625|6.1822771970915|99.2257260391134||||49633.6640625|390|41575||||896160|ETD472|X|X||0|7||||132|51|0|0|[]|13:47:13:664
21|2.1|636136514197867689|0|49637.671875|6.175088876938|99.2306613036964||||49637.671875|390|41600||||896160|ETD472|X|X|0|0|7||||132|51|0|0|[]|13:47:17:672
21|2.1|636136514240931995|0|49641.9765625|6.1674714033425|99.2358969756888||||49641.9765625|390|41575||||896160|ETD472|X|X|0|0|7||||132|51|0|0|[]|13:47:21:977
21|2.1|636136514283516253|0|49646.2421875|6.1599397604354|99.241089732337||||49646.2421875|390|41575||||896160|ETD472|X|X||0|7||||132|51|0|0|[]|13:47:26:242
21|2.1|636136514326260527|0|49650.5|6.152343744512|99.2463039466573||||49650.5|390|41575||||896160|ETD472|X|X||0|7||||132|51|0|0|[]|13:47:30:500
21|2.1|636136514367604661|0|49654.640625|6.1451554243585|99.2512392112403||||49654.640625|390|41575||||896160|ETD472|X|X||0|7||||132|51|0|0|[]|13:47:34:641
21|2.1|636136514411449045|0|49659.03125|6.1371946280094|99.2566894599537||||49659.03125|390|41575||||896160|ETD472|X|X||0|7||||132|51|0|0|[]|13:47:39:031
21|2.1|636136514455123412|0|49663.40625|6.1295556967418|99.261903674274||||49663.40625|390|41600||||896160|ETD472|X|X|0|0|7||||132|51|0|0|[]|13:47:43:406
21|2.1|636136514499587858|0|49667.8515625|6.1215734427206|99.2673324653153||||49667.8515625|390|41575||||896160|ETD472|X|X|0|0|7||||132|51|0|0|[]|13:47:47:852
21|2.1|636136514541242023|0|49672.0234375|6.1140847151577|99.2725037642914||||49672.0234375|390|41575||||896160|ETD472|X|X||0|7||||132|51|0|0|[]|13:47:52:023
21|2.1|636136514583056204|0|49676.1953125|6.1067891066437|99.2774819442186||||49676.1953125|390|41600||||896160|ETD472|X|X|0|0|7||||132|51|0|0|[]|13:47:56:195
21|2.1|636136514626740572|0|49680.5703125|6.0988283102946|99.2829751082762||||49680.5703125|390|41600||||896160|ETD472|X|X|0|0|7||||132|51|0|0|[]|13:48:00:570
21|2.1|636136514671975095|0|49685.015625|6.0912322943712|99.2881464072523||||49685.015625|390|41600||||896160|ETD472|X|X|0|0|7||||132|51|0|0|[]|13:48:05:016
21|2.1|636136514714869384|0|49689.3828125|6.0833144133663|99.2936395713099||||49689.3828125|390|41600||||896160|ETD472|X|X||0|7||||132|51|0|0|[]|13:48:09:383
21|2.1|636136514758553752|0|49693.7421875|6.0753536170172|99.2990898200233||||49693.7421875|390|41575||||896160|ETD472|X|X||0|7||||132|51|0|0|[]|13:48:13:742
21|2.1|636136514802078104|0|49698.1015625|6.0678434317822|99.3042611189994||||49698.1015625|390|41575||||896160|ETD472|X|X|0|0|7||||132|51|0|0|[]|13:48:18:102
21|2.1|636136514846542550|0|49702.5390625|6.0598826354331|99.3097113677128||||49702.5390625|390|41575||||896160|ETD472|X|X|0|0|7||||132|51|0|0|[]|13:48:22:539
21|2.1|636136514888046700|0|49706.703125|6.0522651618376|99.3148826666889||||49706.703125|390|41575||||896160|ETD472|X|X||0|7||||132|51|0|0|[]|13:48:26:703
21|2.1|636136514930480943|0|49710.9453125|6.0451412147004|99.3197964735998||||49710.9453125|390|41575||||896160|ETD472|X|X|0|0|7||||132|51|0|0|[]|13:48:30:945
21|2.1|636136514970564951|0|49714.953125|6.0378670638585|99.3247961111991||||49714.953125|390|41575||||896160|ETD472|X|X||0|7||||132|51|0|0|[]|13:48:34:953
21|2.1|636136515012999194|0|49719.1796875|6.0303783362956|99.3299459525031||||49719.1796875|390|41575||||896160|ETD472|X|X||0|7||||132|51|0|0|[]|13:48:39:180
21|2.1|636136515055433437|0|49723.4296875|6.02316855847|99.3349241324303||||49723.4296875|390|41600||||896160|ETD472|X|X||0|7||||132|51|0|0|[]|13:48:43:430
21|2.1|636136515098497743|0|49727.7421875|6.0152077621209|99.3403743811437||||49727.7421875|390|41600||||896160|ETD472|X|X||0|7||||132|51|0|0|[]|13:48:47:742
21|2.1|636136515140301923|0|49731.921875|6.0076975768859|99.3455242224477||||49731.921875|390|41575||||896160|ETD472|X|X||0|7||||132|51|0|0|[]|13:48:51:922
21|2.1|636136515180865979|0|49735.984375|6.0005736297487|99.3504594870307||||49735.984375|390|41575||||896160|ETD472|X|X||0|7||||132|51|0|0|[]|13:48:55:984
21|2.1|636136515223920284|0|49740.28125|5.9929990714974|99.355673701351||||49740.28125|390|41575||||896160|ETD472|X|X||0|7||||132|51|0|0|[]|13:49:00:281
21|2.1|636136515268064698|0|49744.703125|5.9850811904925|99.3611668654086||||49744.703125|390|41575||||896160|ETD472|X|X||0|7||||132|51|0|0|[]|13:49:04:703
21|2.1|636136515315179409|0|49749.4140625|5.9771633094876|99.3665956564499||||49749.4140625|390|41575||||896160|ETD472|X|X|0|0|7||||132|51|0|0|[]|13:49:09:414
21|2.1|636136515358393730|0|49753.71875|5.9692883438269|99.3720459051633||||49753.71875|390|41575||||896160|ETD472|X|X|0|0|7||||132|51|0|0|[]|13:49:13:719
21|2.1|636136515399427833|0|49757.84375|5.9620571083292|99.3770240850905||||49757.84375|390|41575||||896160|ETD472|X|X|0|0|7||||132|51|0|0|[]|13:49:17:844
21|2.1|636136515440301920|0|49761.9296875|5.9549117035199|99.3819378920014||||49761.9296875|390|41575||||896160|ETD472|X|X|0|0|7||||132|51|0|0|[]|13:49:21:930
21|2.1|636136515482116101|0|49766.109375|5.9473586029407|99.3871091909775||||49766.109375|390|41575||||896160|ETD472|X|X||0|7||||132|51|0|0|[]|13:49:26:109
21|2.1|636136515524070296|0|49770.3046875|5.9398698753778|99.3923234052978||||49770.3046875|390|41575||||896160|ETD472|X|X||0|7||||132|51|0|0|[]|13:49:30:305
21|2.1|636136515565574446|0|49774.4453125|5.9327673859127|99.3972372122087||||49774.4453125|390|41575||||896160|ETD472|X|X|0|0|7||||132|51|0|0|[]|13:49:34:445
21|2.1|636136515608788767|0|49778.78125|5.9252142853335|99.4024085111848||||49778.78125|390|41575||||896160|ETD472|X|X||0|7||||132|51|0|0|[]|13:49:38:781
21|2.1|636136515651373025|0|49783.03125|5.9176397270822|99.4076441831772||||49783.03125|390|41575||||896160|ETD472|X|X|0|0|7||||132|51|0|0|[]|13:49:43:031
21|2.1|636136515691937081|0|49787.0859375|5.9101295418472|99.4127725668091||||49787.0859375|390|41575||||896160|ETD472|X|X|0|0|7||||132|51|0|0|[]|13:49:47:086
21|2.1|636136515733121199|0|49791.1953125|5.9032845444473|99.4175147123432||||49791.1953125|390|41575||||896160|ETD472|X|X|0|0|7||||132|51|0|0|[]|13:49:51:195
21|2.1|636136515776815568|0|49795.5703125|5.8953237480982|99.4229649610566||||49795.5703125|390|41575||||896160|ETD472|X|X|0|0|7||||132|51|0|0|[]|13:49:55:570
21|2.1|636136515818299716|0|49799.734375|5.8878564782074|99.4281362600327||||49799.734375|390|41575||||896160|ETD472|X|X|0|0|7||||132|51|0|0|[]|13:49:59:734
21|2.1|636136515861043990|0|49803.9921875|5.8806252427097|99.4330929822878||||49803.9921875|390|41575||||896160|ETD472|X|X|0|0|7||||132|51|0|0|[]|13:50:03:992
21|2.1|636136515905668452|0|49808.4609375|5.8726644463606|99.4385861463454||||49808.4609375|390|41575||||896160|ETD472|X|X|0|0|7||||132|51|0|0|[]|13:50:08:461
21|2.1|636136515949652850|0|49812.859375|5.8647251076836|99.4440578527309||||49812.859375|390|41575||||896160|ETD472|X|X|0|0|7||||132|51|0|0|[]|13:50:12:859
21|2.1|636136515993187203|0|49817.2109375|5.8571934647765|99.4491862363628||||49817.2109375|390|41575||||896160|ETD472|X|X|0|0|7||||132|51|0|0|[]|13:50:17:211
21|2.1|636136516034521336|0|49821.3515625|5.8513998933095|99.4532202787176||||49821.3515625|390|41575||||896160|ETD472|X|X|0|0|7||||132|51|0|0|[]|13:50:21:352
21|2.1|636136516079765860|0|49825.875|5.8417010255203|99.4598936147407||||49825.875|390|41575||||896160|ETD472|X|X|0|0|7||||132|51|0|0|[]|13:50:25:875
21|2.1|636136516124230306|0|49830.3203125|5.8337402291712|99.4653438634541||||49830.3203125|390|41575||||896160|ETD472|X|X|0|0|7||||132|51|0|0|[]|13:50:30:320
21|2.1|636136516166824565|0|49834.5703125|5.8261442132478|99.4705795354465||||49834.5703125|390|41600||||896160|ETD472|X|X|0|0|7||||132|51|0|0|[]|13:50:34:570
21|2.1|636136516210968979|0|49838.984375|5.8186340280128|99.4757508344226||||49838.984375|390|41575||||896160|ETD472|X|X||0|7||||132|51|0|0|[]|13:50:38:984
21|2.1|636136516254803362|0|49843.3828125|5.8107161470079|99.481201083136||||49843.3828125|390|41575||||896160|ETD472|X|X|0|0|7||||132|51|0|0|[]|13:50:43:383
21|2.1|636136516298637745|0|49847.765625|5.8027553506588|99.4866942471936||||49847.765625|390|41575||||896160|ETD472|X|X||0|7||||132|51|0|0|[]|13:50:47:766
21|2.1|636136516342162097|0|49852.109375|5.7951593347354|99.4919084615139||||49852.109375|390|41575||||896160|ETD472|X|X||0|7||||132|51|0|0|[]|13:50:52:109
21|2.1|636136516384756356|0|49856.359375|5.787563318812|99.4971226758342||||49856.359375|390|41575||||896160|ETD472|X|X||0|7||||132|51|0|0|[]|13:50:56:359
21|2.1|636136516425160396|0|49860.40625|5.7803964563306|99.5020364827451||||49860.40625|390|41575||||896160|ETD472|X|X||0|7||||132|51|0|0|[]|13:51:00:406
21|2.1|636136516467124592|0|49864.5859375|5.7732295938492|99.5069932050002||||49864.5859375|390|41575||||896160|ETD472|X|X||0|7||||132|51|0|0|[]|13:51:04:586
21|2.1|636136516509878867|0|49868.890625|5.7652687975001|99.5124434537136||||49868.890625|390|41575||||896160|ETD472|X|X||0|7||||132|51|0|0|[]|13:51:08:891
21|2.1|636136516551993078|0|49873.09375|5.7576727815767|99.5176576680339||||49873.09375|390|41575||||896160|ETD472|X|X||0|7||||132|51|0|0|[]|13:51:13:094
21|2.1|636136516595517430|0|49877.453125|5.7505273767674|99.5225929326169||||49877.453125|390|41575||||896160|ETD472|X|X||0|7||||132|51|0|0|[]|13:51:17:453
21|2.1|636136516637011579|0|49881.59375|5.7429099031719|99.5278500622814||||49881.59375|390|41575||||896160|ETD472|X|X||0|7||||132|51|0|0|[]|13:51:21:594
21|2.1|636136516679445822|0|49885.84375|5.7353138872485|99.5330642766017||||49885.84375|390|41575||||896160|ETD472|X|X||0|7||||132|51|0|0|[]|13:51:25:844
21|2.1|636136516722980175|0|49890.203125|5.7277607866693|99.538278490922||||49890.203125|390|41575||||896160|ETD472|X|X|0|0|7||||132|51|0|0|[]|13:51:30:203
21|2.1|636136516767124589|0|49894.59375|5.7197999903202|99.5437287396354||||49894.59375|390|41575||||896160|ETD472|X|X|0|0|7||||132|51|0|0|[]|13:51:34:594
21|2.1|636136516809868863|0|49898.8828125|5.7118391939711|99.549221903693||||49898.8828125|390|41575||||896160|ETD472|X|X|0|0|7||||132|51|0|0|[]|13:51:38:883
21|2.1|636136516853393215|0|49903.21875|5.7045650431292|99.5541786259481||||49903.21875|390|41575||||896160|ETD472|X|X|0|0|7||||132|51|0|0|[]|13:51:43:219
21|2.1|636136516897077583|0|49907.609375|5.6966042467801|99.5596717900057||||49907.609375|390|41575||||896160|ETD472|X|X|0|0|7||||132|51|0|0|[]|13:51:47:609
21|2.1|636136516941542029|0|49912.0390625|5.6886863657752|99.5650576657028||||49912.0390625|390|41575||||896160|ETD472|X|X|0|0|7||||132|51|0|0|[]|13:51:52:039
21|2.1|636136516985536428|0|49916.4453125|5.6810903498518|99.5703147953673||||49916.4453125|390|41575||||896160|ETD472|X|X|0|0|7||||132|51|0|0|[]|13:51:56:445
21|2.1|636136517028440718|0|49920.734375|5.6730866381585|99.5758079594249||||49920.734375|390|41575||||896160|ETD472|X|X|0|0|7||||132|51|0|0|[]|13:52:00:734
21|2.1|636136517071645038|0|49925.0390625|5.6658339449887|99.5807861393521||||49925.0390625|390|41575||||896160|ETD472|X|X|0|0|7||||132|51|0|0|[]|13:52:05:039
21|2.1|636136517113299203|0|49929.21875|5.6582808444095|99.5860003536724||||49929.21875|390|41575||||896160|ETD472|X|X|0|0|7||||132|51|0|0|[]|13:52:09:219
21|2.1|636136517153713244|0|49933.2734375|5.6524228999262|99.589991480683||||49933.2734375|390|41575||||896160|ETD472|X|X|0|0|7||||132|51|0|0|[]|13:52:13:273
21|2.1|636136517196607533|0|49937.5625|5.6431102702348|99.5964073246409||||49937.5625|390|41575||||896160|ETD472|X|X|0|0|7||||132|51|0|0|[]|13:52:17:563
21|2.1|636136517239041776|0|49941.8046875|5.6357932040487|99.6014498775844||||49941.8046875|390|41575||||896160|ETD472|X|X|0|0|7||||132|51|0|0|[]|13:52:21:805
21|2.1|636136517282716143|0|49946.1640625|5.6278324076996|99.606943041642||||49946.1640625|390|41575||||896160|ETD472|X|X|0|0|7||||132|51|0|0|[]|13:52:26:164
21|2.1|636136517326250496|0|49950.5234375|5.620193476432|99.6121572559623||||49950.5234375|390|41575||||896160|ETD472|X|X|0|0|7||||132|51|0|0|[]|13:52:30:523
21|2.1|636136517370394910|0|49954.9453125|5.6121897647387|99.6176933353641||||49954.9453125|390|41575||||896160|ETD472|X|X|0|0|7||||132|51|0|0|[]|13:52:34:945
21|2.1|636136517411429013|0|49959.0234375|5.6050014445852|99.6226285999471||||49959.0234375|390|41575||||896160|ETD472|X|X|0|0|7||||132|51|0|0|[]|13:52:39:023
21|2.1|636136517454173287|0|49963.3125|5.5973410556455|99.6278857296116||||49963.3125|390|41575||||896160|ETD472|X|X|0|0|7||||132|51|0|0|[]|13:52:43:313
21|2.1|636136517496007470|0|49967.4921875|5.5897664973942|99.633121401604||||49967.4921875|390|41575||||896160|ETD472|X|X|0|0|7||||132|51|0|0|[]|13:52:47:492
21|2.1|636136517536081477|0|49971.5|5.5824494312081|99.6381424968754||||49971.5|390|41575||||896160|ETD472|X|X|0|0|7||||132|51|0|0|[]|13:52:51:500
21|2.1|636136517579135782|0|49975.8046875|5.5748748729568|99.6433352535236||||49975.8046875|390|41575||||896160|ETD472|X|X|0|0|7||||132|51|0|0|[]|13:52:55:805
21|2.1|636136517624370305|0|49980.3125|5.5668497035914|99.6488284175812||||49980.3125|390|41575||||896160|ETD472|X|X|0|0|7||||132|51|0|0|[]|13:53:00:313
21|2.1|636136517667744642|0|49984.671875|5.5588459918981|99.6543215816388||||49984.671875|390|41575||||896160|ETD472|X|X|0|0|7||||132|51|0|0|[]|13:53:04:672
21|2.1|636136517710328900|0|49988.875|5.551528925712|99.6593641345823||||49988.875|390|41575||||896160|ETD472|X|X|0|0|7||||132|51|0|0|[]|13:53:08:875
21|2.1|636136517750422909|0|49992.9453125|5.5442976902143|99.6643423145095||||49992.9453125|390|41575||||896160|ETD472|X|X|0|0|7||||132|51|0|0|[]|13:53:12:945
21|2.1|636136517792077074|0|49997.1015625|5.5383753727147|99.6683978145364||||49997.1015625|390|41575||||896160|ETD472|X|X|0|0|7||||132|51|0|0|[]|13:53:17:102
21|2.1|636136517834351301|0|50001.328125|5.528998370007|99.6748565738385||||50001.328125|390|41575||||896160|ETD472|X|X|0|0|7||||132|51|0|0|[]|13:53:21:328
21|2.1|636136517877255591|0|50005.625|5.5216598461488|99.679899126782||||50005.625|390|41575||||896160|ETD472|X|X|0|0|7||||132|51|0|0|[]|13:53:25:625
21|2.1|636136517917349600|0|50009.6328125|5.5143856953069|99.6848773067092||||50009.6328125|390|41575||||896160|ETD472|X|X|0|0|7||||132|51|0|0|[]|13:53:29:633
21|2.1|636136517967894654|0|50014.6796875|5.505180353976|99.6911644046345||||50014.6796875|390|41575||||896160|ETD472|X|X|0|0|7||||132|51|0|0|[]|13:53:34:680
21|2.1|636136518009708835|0|50018.875|5.4974770496921|99.6965073649874||||50018.875|390|41575||||896160|ETD472|X|X|0|0|7||||132|51|0|0|[]|13:53:38:875
21|2.1|636136518050892953|0|50022.984375|5.4901814411781|99.7014855449146||||50022.984375|390|41575||||896160|ETD472|X|X|0|0|7||||132|51|0|0|[]|13:53:42:984
21|2.1|636136518093637227|0|50027.2421875|5.4826068829268|99.7067426745791||||50027.2421875|390|41575||||896160|ETD472|X|X|0|0|7||||132|51|0|0|[]|13:53:47:242
21|2.1|636136518138571720|0|50031.75|5.4744315098567|99.7123431269972||||50031.75|390|41575||||896160|ETD472|X|X|0|0|7||||132|51|0|0|[]|13:53:51:750
21|2.1|636136518182876150|0|50036.1796875|5.466341967475|99.717879206399||||50036.1796875|390|41575||||896160|ETD472|X|X|0|0|7||||132|51|0|0|[]|13:53:56:180
21|2.1|636136518223120174|0|50040.203125|5.4594325970588|99.7226642672773||||50040.203125|390|41575||||896160|ETD472|X|X|0|0|7||||132|51|0|0|[]|13:54:00:203
21|2.1|636136518267584620|0|50044.640625|5.4513645123492|99.7282003466791||||50044.640625|390|41575||||896160|ETD472|X|X|0|0|7||||132|51|0|0|[]|13:54:04:641
21|2.1|636136518308148676|0|50048.703125|5.4437255810816|99.7334574763436||||50048.703125|390|41575||||896160|ETD472|X|X|0|0|7||||132|51|0|0|[]|13:54:08:703
21|2.1|636136518351212982|0|50053.0078125|5.4363655995513|99.7385429446313||||50053.0078125|390|41575||||896160|ETD472|X|X||0|7||||132|51|0|0|[]|13:54:13:008
21|2.1|636136518393477208|0|50057.234375|5.4286837529395|99.7437786166237||||50057.234375|390|41575||||896160|ETD472|X|X|0|0|7||||132|51|0|0|[]|13:54:17:234
21|2.1|636136518434201280|0|50061.3125|5.4228043507841|99.7478555743227||||50061.3125|390|41575||||896160|ETD472|X|X||0|7||||132|51|0|0|[]|13:54:21:313
21|2.1|636136518474445304|0|50065.3359375|5.4137062978137|99.7540997569038||||50065.3359375|390|41575||||896160|ETD472|X|X|0|0|7||||132|51|0|0|[]|13:54:25:336
21|2.1|636136518516879547|0|50069.578125|5.4063463162834|99.7591208521752||||50069.578125|390|41575||||896160|ETD472|X|X|0|0|7||||132|51|0|0|[]|13:54:29:578
21|2.1|636136518561654024|0|50074.0625|5.3982996892459|99.7647213045933||||50074.0625|390|41575||||896160|ETD472|X|X||0|7||||132|51|0|0|[]|13:54:34:063
21|2.1|636136518601748033|0|50078.0703125|5.3906178426341|99.7699569765857||||50078.0703125|390|41575||||896160|ETD472|X|X||0|7||||132|51|0|0|[]|13:54:38:070
21|2.1|636136518646832541|0|50082.578125|5.3828930806781|99.7752784792665||||50082.578125|390|41575||||896160|ETD472|X|X||0|7||||132|51|0|0|[]|13:54:42:578
21|2.1|636136518687086566|0|50086.6015625|5.3756189298362|99.7802566591937||||50086.6015625|390|41575||||896160|ETD472|X|X|0|0|7||||132|51|0|0|[]|13:54:46:602
21|2.1|636136518730920949|0|50090.984375|5.3675079297824|99.7858356539397||||50090.984375|390|41575||||896160|ETD472|X|X||0|7||||132|51|0|0|[]|13:54:50:984
21|2.1|636136518771324989|0|50095.03125|5.360555644022|99.7905777994738||||50095.03125|390|41575||||896160|ETD472|X|X|0|0|7||||132|51|0|0|[]|13:54:55:031
21|2.1|636136518816719528|0|50099.5625|5.3520154905262|99.7964357439571||||50099.5625|390|41575||||896160|ETD472|X|X||0|7||||132|51|0|0|[]|13:54:59:563
21|2.1|636136518859623818|0|50103.8515625|5.3443980169307|99.8016714159495||||50103.8515625|390|41575||||896160|ETD472|X|X|0|0|7||||132|51|0|0|[]|13:55:03:852
21|2.1|636136518902058061|0|50108.1015625|5.3366517973026|99.8069714609582||||50108.1015625|390|41575||||896160|ETD472|X|X||0|7||||132|51|0|0|[]|13:55:08:102
21|2.1|636136518946672522|0|50112.5625|5.3285622549209|99.8125504557042||||50112.5625|390|41575||||896160|ETD472|X|X||0|7||||132|51|0|0|[]|13:55:12:563
21|2.1|636136518987706625|0|50116.6640625|5.3209233236533|99.8178075853687||||50116.6640625|390|41575||||896160|ETD472|X|X|0|0|7||||132|51|0|0|[]|13:55:16:664
21|2.1|636136519029200774|0|50120.8046875|5.3138852072045|99.822592646247||||50120.8046875|390|41575||||896160|ETD472|X|X|0|0|7||||132|51|0|0|[]|13:55:20:805
21|2.1|636136519073195173|0|50125.2109375|5.3075981092792|99.8269485536833||||50125.2109375|390|41575||||896160|ETD472|X|X|0|0|7||||132|51|0|0|[]|13:55:25:211
21|2.1|636136519118439697|0|50129.734375|5.2977490377853|99.8336862627227||||50129.734375|390|41575||||896160|ETD472|X|X||0|7||||132|51|0|0|[]|13:55:29:734
21|2.1|636136519161964049|0|50134.078125|5.2896380377315|99.8392867151408||||50134.078125|390|41575||||896160|ETD472|X|X|0|0|7||||132|51|0|0|[]|13:55:34:078
21|2.1|636136519202058058|0|50138.1015625|5.2823638868896|99.844264895068||||50138.1015625|390|41575||||896160|ETD472|X|X|0|0|7||||132|51|0|0|[]|13:55:38:102
21|2.1|636136519243082160|0|50142.1953125|5.2750897360477|99.8492859903394||||50142.1953125|390|41575||||896160|ETD472|X|X|0|0|7||||132|51|0|0|[]|13:55:42:195
21|2.1|636136519289576809|0|50146.8515625|5.2669572783218|99.8548220697412||||50146.8515625|390|41575||||896160|ETD472|X|X|0|0|7||||132|51|0|0|[]|13:55:46:852
21|2.1|636136519330130864|0|50150.8984375|5.2592539740379|99.860143572422||||50150.8984375|390|41575||||896160|ETD472|X|X|0|0|7||||132|51|0|0|[]|13:55:50:898
21|2.1|636136519370694920|0|50154.9609375|5.2519154501797|99.8651646676934||||50154.9609375|390|41575||||896160|ETD472|X|X|0|0|7||||132|51|0|0|[]|13:55:54:961
21|2.1|636136519411569007|0|50159.0390625|5.2450060797635|99.8699068132275||||50159.0390625|390|41575||||896160|ETD472|X|X|0|0|7||||132|51|0|0|[]|13:55:59:039
21|2.1|636136519455093359|0|50163.3984375|5.2369165373818|99.8754428926293||||50163.3984375|390|41575||||896160|ETD472|X|X|0|0|7||||132|51|0|0|[]|13:56:03:398
21|2.1|636136519496127462|0|50167.5078125|5.2291274024095|99.8807858529822||||50167.5078125|390|41600||||896160|ETD472|X|X|0|0|7||||132|51|0|0|[]|13:56:07:508
21|2.1|636136519546052454|0|50172.5|5.2202439261601|99.8868583741865||||50172.5|390|41575||||896160|ETD472|X|X|0|0|7||||132|51|0|0|[]|13:56:12:500
21|2.1|636136519586926541|0|50176.578125|5.212926859974|99.8918794694579||||50176.578125|390|41575||||896160|ETD472|X|X|0|0|7||||132|51|0|0|[]|13:56:16:578
21|2.1|636136519631070955|0|50181|5.2051806403459|99.8972009721387||||50181|390|41575||||896160|ETD472|X|X|0|0|7||||132|51|0|0|[]|13:56:21:000
21|2.1|636136519672255073|0|50185.109375|5.1975202514062|99.9024795594753||||50185.109375|390|41575||||896160|ETD472|X|X|0|0|7||||132|51|0|0|[]|13:56:25:109
21|2.1|636136519714219269|0|50189.3125|5.1915335608903|99.9065565171743||||50189.3125|390|41575||||896160|ETD472|X|X|0|0|7||||132|51|0|0|[]|13:56:29:313
21|2.1|636136519754943341|0|50193.390625|5.1824355079199|99.9128436150996||||50193.390625|390|41575||||896160|ETD472|X|X|0|0|7||||132|51|0|0|[]|13:56:33:391
21|2.1|636136519795197366|0|50197.4140625|5.1754832221595|99.9175857606337||||50197.4140625|390|41575||||896160|ETD472|X|X|0|0|7||||132|51|0|0|[]|13:56:37:414
21|2.1|636136519843232169|0|50202.2109375|5.1665568305659|99.9237226548543||||50202.2109375|390|41600||||896160|ETD472|X|X|0|0|7||||132|51|0|0|[]|13:56:42:211
21|2.1|636136519890366882|0|50206.921875|5.1580810500864|99.9295376839934||||50206.921875|390|41600||||896160|ETD472|X|X|0|0|7||||132|51|0|0|[]|13:56:46:922
21|2.1|636136519934501295|0|50211.34375|5.1499271346884|99.9351381364115||||50211.34375|390|41600||||896160|ETD472|X|X|0|0|7||||132|51|0|0|[]|13:56:51:344
21|2.1|636136519980065851|0|50215.890625|5.1414513542089|99.9409317078785||||50215.890625|390|41600||||896160|ETD472|X|X|0|0|7||||132|51|0|0|[]|13:56:55:891
21|2.1|636136520024830327|0|50220.375|5.1337265922529|99.9462317528872||||50220.375|390|41600||||896160|ETD472|X|X|0|0|7||||132|51|0|0|[]|13:57:00:375
21|2.1|636136520066174461|0|50224.5|5.1260018302969|99.9515747132401||||50224.5|390|41600||||896160|ETD472|X|X|0|0|7||||132|51|0|0|[]|13:57:04:500
21|2.1|636136520114839327|0|50229.375|5.1175260498174|99.957346827035||||50229.375|390|41600||||896160|ETD472|X|X|0|0|7||||132|51|0|0|[]|13:57:09:375
21|2.1|636136520155723415|0|50233.4609375|5.1102089836313|99.9624108376506||||50233.4609375|390.25|41625||||896160|ETD472|X|X|0|0|7||||132|51|0|0|[]|13:57:13:461
21|2.1|636136520198307673|0|50237.71875|5.1020979835775|99.9679469170524||||50237.71875|390|41600||||896160|ETD472|X|X|0|0|7||||132|51|0|0|[]|13:57:17:719
21|2.1|636136520246672509|0|50242.5625|5.0936651184422|99.9737190308473||||50242.5625|390|41600||||896160|ETD472|X|X|0|0|7||||132|51|0|0|[]|13:57:22:563
21|2.1|636136520293937235|0|50247.2734375|5.0848030998649|99.9798130097237||||50247.2734375|390|41600||||896160|ETD472|X|X|0|0|7||||132|51|0|0|[]|13:57:27:273
21|2.1|636136520334661307|0|50251.3515625|5.0778722717766|99.9845336975857||||50251.3515625|390.25|41625||||896160|ETD472|X|X|0|0|7||||132|51|0|0|[]|13:57:31:352
21|2.1|636136520384106251|0|50256.3046875|5.0686454727736|99.9908422531831||||50256.3046875|390|41600||||896160|ETD472|X|X|0|0|7||||132|51|0|0|[]|13:57:36:305
21|2.1|636136520431691009|0|50261.0625|5.0606203034082|99.996399790257||||50261.0625|390|41600||||896160|ETD472|X|X|0|0|7||||132|51|0|0|[]|13:57:41:063
21|2.1|636136520478175657|0|50265.7109375|5.0518441155193|100.002407938445||||50265.7109375|390|41600||||896160|ETD472|X|X|0|0|7||||132|51|0|0|[]|13:57:45:711
21|2.1|636136520519369776|0|50269.8203125|5.0445055916611|100.007429033716||||50269.8203125|390|41600||||896160|ETD472|X|X|0|0|7||||132|51|0|0|[]|13:57:49:820
21|2.1|636136520562424081|0|50274.1328125|5.0369095757377|100.012643248037||||50274.1328125|390|41600||||896160|ETD472|X|X|0|0|7||||132|51|0|0|[]|13:57:54:133
21|2.1|636136520605478386|0|50278.4296875|5.0309872582381|100.016698748064||||50278.4296875|390|41600||||896160|ETD472|X|X|0|0|7||||132|51|0|0|[]|13:57:58:430
21|2.1|636136520651973035|0|50283.09375|5.0204729989091|100.023929983561||||50283.09375|390|41600||||896160|ETD472|X|X|0|0|7||||132|51|0|0|[]|13:58:03:094
21|2.1|636136520698767714|0|50287.7578125|5.0123190835111|100.029444605291||||50287.7578125|390|41600||||896160|ETD472|X|X|0|0|7||||132|51|0|0|[]|13:58:07:758
21|2.1|636136520745882425|0|50292.484375|5.0035858109664|100.035452753479||||50292.484375|390|41600||||896160|ETD472|X|X|0|0|7||||132|51|0|0|[]|13:58:12:484
21|2.1|636136520788626699|0|50296.7421875|4.9962687447803|100.040452391078||||50296.7421875|390|41600||||896160|ETD472|X|X|0|0|7||||132|51|0|0|[]|13:58:16:742
21|2.1|636136520829670803|0|50300.859375|4.9890589669547|100.045430571006||||50300.859375|390|41600||||896160|ETD472|X|X|0|0|7||||132|51|0|0|[]|13:58:20:859
21|2.1|636136520871945030|0|50305.078125|4.9810337975893|100.050923735063||||50305.078125|390|41600||||896160|ETD472|X|X|0|0|7||||132|51|0|0|[]|13:58:25:078
21|2.1|636136520915649400|0|50309.453125|4.9737811044195|100.055944830335||||50309.453125|390|41600||||896160|ETD472|X|X|0|0|7||||132|51|0|0|[]|13:58:29:453
21|2.1|636136520959923827|0|50313.8671875|4.9653482392842|100.061674028785||||50313.8671875|390|41600||||896160|ETD472|X|X|0|0|7||||132|51|0|0|[]|13:58:33:867
21|2.1|636136521002208055|0|50318.109375|4.9578165963771|100.066866785433||||50318.109375|390|41600||||896160|ETD472|X|X|0|0|7||||132|51|0|0|[]|13:58:38:109
21|2.1|636136521047442578|0|50322.6171875|4.9501562074374|100.072080999754||||50322.6171875|390|41600||||896160|ETD472|X|X|0|0|7||||132|51|0|0|[]|13:58:42:617
21|2.1|636136521090186852|0|50326.8984375|4.9421524957441|100.077574163811||||50326.8984375|390|41600||||896160|ETD472|X|X|0|0|7||||132|51|0|0|[]|13:58:46:898
21|2.1|636136521133091142|0|50331.203125|4.934620852837|100.082745462787||||50331.203125|390|41600||||896160|ETD472|X|X|0|0|7||||132|51|0|0|[]|13:58:51:203
21|2.1|636136521181135946|0|50336|4.926252360718|100.088474661238||||50336|390|41600||||896160|ETD472|X|X|0|0|7||||132|51|0|0|[]|13:58:56:000
21|2.1|636136521229030735|0|50340.78125|4.9175834611896|100.094396978738||||50340.78125|390|41600||||896160|ETD472|X|X|0|0|7||||132|51|0|0|[]|13:59:00:781
21|2.1|636136521269284760|0|50344.8046875|4.9107384637897|100.099139124272||||50344.8046875|390|41600||||896160|ETD472|X|X|0|0|7||||132|51|0|0|[]|13:59:04:805
21|2.1|636136521313589190|0|50349.2421875|4.9045586542249|100.103344828003||||50349.2421875|390|41600||||896160|ETD472|X|X|0|0|7||||132|51|0|0|[]|13:59:09:242
21|2.1|636136521358673698|0|50353.75|4.8948597864357|100.110018164027||||50353.75|390|41600||||896160|ETD472|X|X|0|0|7||||132|51|0|0|[]|13:59:13:750
21|2.1|636136521400167847|0|50357.8984375|4.8873710588728|100.115146547658||||50357.8984375|390|41600||||896160|ETD472|X|X|0|0|7||||132|51|0|0|[]|13:59:17:898
21|2.1|636136521442142044|0|50362.1015625|4.8797965006215|100.120317846635||||50362.1015625|390|41600||||896160|ETD472|X|X|0|0|7||||132|51|0|0|[]|13:59:22:102
21|2.1|636136521486286458|0|50366.5234375|4.8722434000423|100.125532060955||||50366.5234375|390|41600||||896160|ETD472|X|X|0|0|7||||132|51|0|0|[]|13:59:26:523
21|2.1|636136521532621091|0|50371.1484375|4.8639607386117|100.131196886389||||50371.1484375|390|41600||||896160|ETD472|X|X||0|7||||132|51|0|0|[]|13:59:31:148
21|2.1|636136521581916020|0|50376.0703125|4.8552703814112|100.137119203889||||50376.0703125|390|41600||||896160|ETD472|X|X|0|0|7||||132|51|0|0|[]|13:59:36:070
21|2.1|636136521625750403|0|50380.4609375|4.8473954157505|100.142569452602||||50380.4609375|390|41600||||896160|ETD472|X|X|0|0|7||||132|51|0|0|[]|13:59:40:461
21|2.1|636136521666624490|0|50384.5390625|4.8402500109412|100.147461801841||||50384.5390625|390|41600||||896160|ETD472|X|X|0|0|7||||132|51|0|0|[]|13:59:44:539
21|2.1|636136521714989326|0|50389.390625|4.8319673495106|100.153126627275||||50389.390625|390|41600||||896160|ETD472|X|X||0|7||||132|51|0|0|[]|13:59:49:391
21|2.1|636136521755553382|0|50393.4375|4.8247790293571|100.158061891858||||50393.4375|390|41575||||896160|ETD472|X|X||0|7||||132|51|0|0|[]|13:59:53:438
21|2.1|636136521800317858|0|50397.921875|4.8165178255986|100.163726717293||||50397.921875|390|41600||||896160|ETD472|X|X|0|0|7||||132|51|0|0|[]|13:59:57:922
21|2.1|636136521844472273|0|50402.328125|4.8089861826915|100.168898016269||||50402.328125|390|41600||||896160|ETD472|X|X||0|7||||132|51|0|0|[]|14:00:02:328
21|2.1|636136521888306656|0|50406.6796875|4.8010683016866|100.174283891966||||50406.6796875|390|41600||||896160|ETD472|X|X|0|0|7||||132|51|0|0|[]|14:00:06:680
21|2.1|636136521935731398|0|50411.4609375|4.7931504206817|100.179712683007||||50411.4609375|390|41600||||896160|ETD472|X|X||0|7||||132|51|0|0|[]|14:00:11:461
21|2.1|636136521983946219|0|50416.28125|4.7840738253834|100.185892492572||||50416.28125|390|41600||||896160|ETD472|X|X||0|7||||132|51|0|0|[]|14:00:16:281
21|2.1|636136522026060430|0|50420.4921875|4.7766280131647|100.191020876204||||50420.4921875|390|41600||||896160|ETD472|X|X||0|7||||132|51|0|0|[]|14:00:20:492
21|2.1|636136522066154439|0|50424.5|4.7698473887811|100.19567719105||||50424.5|390|41600||||896160|ETD472|X|X||0|7||||132|51|0|0|[]|14:00:24:500
21|2.1|636136522109218745|0|50428.8046875|4.7622942882019|100.200848490026||||50428.8046875|390|41600||||896160|ETD472|X|X||0|7||||132|51|0|0|[]|14:00:28:805
21|2.1|636136522149462769|0|50432.8203125|4.7551703410647|100.205740839265||||50432.8203125|390|41600||||896160|ETD472|X|X|0|0|7||||132|51|0|0|[]|14:00:32:820
21|2.1|636136522194707293|0|50437.359375|4.7472739177319|100.211148172634||||50437.359375|390|41600||||896160|ETD472|X|X|0|0|7||||132|51|0|0|[]|14:00:37:359
21|2.1|636136522243382160|0|50442.21875|4.7386264758756|100.217091947806||||50442.21875|390|41575||||896160|ETD472|X|X|0|0|7||||132|51|0|0|[]|14:00:42:219
21|2.1|636136522293607182|0|50447.25|4.7299361186751|100.223014265305||||50447.25|390|41600||||896160|ETD472|X|X||0|7||||132|51|0|0|[]|14:00:47:250
21|2.1|636136522334951316|0|50451.3828125|4.7224688487843|100.228121191265||||50451.3828125|390|41600||||896160|ETD472|X|X|0|0|7||||132|51|0|0|[]|14:00:51:383
21|2.1|636136522384726293|0|50456.359375|4.7138428646001|100.234043508765||||50456.359375|390|41600||||896160|ETD472|X|X|0|0|7||||132|51|0|0|[]|14:00:56:359
21|2.1|636136522432771097|0|50461.1640625|4.7051739650717|100.240008741608||||50461.1640625|390|41600||||896160|ETD472|X|X||0|7||||132|51|0|0|[]|14:01:01:164
21|2.1|636136522482696089|0|50466.1484375|4.6965694385596|100.245866686092||||50466.1484375|390|41600||||896160|ETD472|X|X||0|7||||132|51|0|0|[]|14:01:06:148
21|2.1|636136522523570176|0|50470.234375|4.6911621051904|100.249600321037||||50470.234375|390|41600||||896160|ETD472|X|X||0|7||||132|51|0|0|[]|14:01:10:234
21|2.1|636136522573325151|0|50475.2109375|4.6804547268125|100.256917387223||||50475.2109375|390|41600||||896160|ETD472|X|X||0|7||||132|51|0|0|[]|14:01:15:211
21|2.1|636136522620289847|0|50479.9140625|4.6721720653819|100.26260367033||||50479.9140625|390|41600||||896160|ETD472|X|X|0|0|7||||132|51|0|0|[]|14:01:19:914
21|2.1|636136522668334651|0|50484.7109375|4.663610454214|100.268483072485||||50484.7109375|390|41600||||896160|ETD472|X|X|0|0|7||||132|51|0|0|[]|14:01:24:711
21|2.1|636136522717319549|0|50489.609375|4.6552634197671|100.274147897919||||50489.609375|390|41600||||896160|ETD472|X|X||0|7||||132|51|0|0|[]|14:01:29:609
21|2.1|636136522760533870|0|50493.921875|4.6474099117785|100.279555231289||||50493.921875|390|41600||||896160|ETD472|X|X|0|0|7||||132|51|0|0|[]|14:01:33:922
21|2.1|636136522803438160|0|50498.234375|4.6402645069692|100.284404665183||||50498.234375|390|41575||||896160|ETD472|X|X|0|0|7||||132|51|0|0|[]|14:01:38:234
21|2.1|636136522845092325|0|50502.390625|4.6345138508464|100.288374334522||||50502.390625|390|41575||||896160|ETD472|X|X|0|0|7||||132|51|0|0|[]|14:01:42:391
21|2.1|636136522885656381|0|50506.4375|4.6256089169249|100.294425398054||||50506.4375|390|41575||||896160|ETD472|X|X|0|0|7||||132|51|0|0|[]|14:01:46:438
21|2.1|636136522930740889|0|50510.953125|4.6177339512642|100.299832731423||||50510.953125|390|41575||||896160|ETD472|X|X|0|0|7||||132|51|0|0|[]|14:01:50:953
21|2.1|636136522976295444|0|50515.5234375|4.6094083744894|100.305497556858||||50515.5234375|390|41600||||896160|ETD472|X|X||0|7||||132|51|0|0|[]|14:01:55:523
21|2.1|636136523016859500|0|50519.5703125|4.6022844273522|100.310389906096||||50519.5703125|390|41575||||896160|ETD472|X|X|0|0|7||||132|51|0|0|[]|14:01:59:570
21|2.1|636136523064744288|0|50524.359375|4.5940446812658|100.316076189203||||50524.359375|390|41575||||896160|ETD472|X|X||0|7||||132|51|0|0|[]|14:02:04:359
21|2.1|636136523115759389|0|50529.4609375|4.5850539166559|100.322213083423||||50529.4609375|390|41575||||896160|ETD472|X|X|0|0|7||||132|51|0|0|[]|14:02:09:461
21|2.1|636136523158193632|0|50533.703125|4.5775008160767|100.3273843824||||50533.703125|390|41600||||896160|ETD472|X|X|0|0|7||||132|51|0|0|[]|14:02:13:703
21|2.1|636136523199217734|0|50537.7890625|4.5703554112674|100.332276731638||||50537.7890625|390|41575||||896160|ETD472|X|X|0|0|7||||132|51|0|0|[]|14:02:17:789
21|2.1|636136523239631775|0|50541.84375|4.5631670911139|100.337211996221||||50541.84375|390|41600||||896160|ETD472|X|X|0|0|7||||132|51|0|0|[]|14:02:21:844
21|2.1|636136523281125924|0|50545.9921875|4.5560216863046|100.342061430116||||50545.9921875|390|41575||||896160|ETD472|X|X||0|7||||132|51|0|0|[]|14:02:25:992
21|2.1|636136523325120323|0|50550.3984375|4.549884792084|100.34628859152||||50550.3984375|390|41600||||896160|ETD472|X|X||0|7||||132|51|0|0|[]|14:02:30:398
21|2.1|636136523369424753|0|50554.828125|4.5401859242948|100.352919012199||||50554.828125|390|41575||||896160|ETD472|X|X|0|0|7||||132|51|0|0|[]|14:02:34:828
21|2.1|636136523412479058|0|50559.1328125|4.5326113660435|100.358068853503||||50559.1328125|390|41575||||896160|ETD472|X|X||0|7||||132|51|0|0|[]|14:02:39:133
21|2.1|636136523458033613|0|50563.6875|4.524350162285|100.363733678937||||50563.6875|390|41575||||896160|ETD472|X|X||0|7||||132|51|0|0|[]|14:02:43:688
21|2.1|636136523506868496|0|50568.5703125|4.5161104161986|100.369419962043||||50568.5703125|390|41575||||896160|ETD472|X|X||0|7||||132|51|0|0|[]|14:02:48:570
21|2.1|636136523547112520|0|50572.6015625|4.5088791807009|100.374355226626||||50572.6015625|390|41600||||896160|ETD472|X|X||0|7||||132|51|0|0|[]|14:02:52:602
21|2.1|636136523588766685|0|50576.7578125|4.5014119108101|100.379483610258||||50576.7578125|390|41600||||896160|ETD472|X|X|0|0|7||||132|51|0|0|[]|14:02:56:758
21|2.1|636136523639311739|0|50581.8125|4.4926786382654|100.38542738543||||50581.8125|390|41575||||896160|ETD472|X|X|0|0|7||||132|51|0|0|[]|14:03:01:813
21|2.1|636136523681435951|0|50586.0234375|4.4851255376862|100.390598684406||||50586.0234375|390|41575||||896160|ETD472|X|X|0|0|7||||132|51|0|0|[]|14:03:06:023
21|2.1|636136523726360443|0|50590.4609375|4.4772076566813|100.39604893312||||50590.4609375|390|41600||||896160|ETD472|X|X|0|0|7||||132|51|0|0|[]|14:03:10:461
21|2.1|636136523769424749|0|50594.8203125|4.4697189291184|100.401155859079||||50594.8203125|390|41575||||896160|ETD472|X|X|0|0|7||||132|51|0|0|[]|14:03:14:820
21|2.1|636136523817479554|0|50599.6171875|4.4610071142458|100.407121091923||||50599.6171875|390|41575||||896160|ETD472|X|X|0|0|7||||132|51|0|0|[]|14:03:19:617
21|2.1|636136523862094015|0|50604.09375|4.4530892332409|100.412571340637||||50604.09375|390|41575||||896160|ETD472|X|X|0|0|7||||132|51|0|0|[]|14:03:24:094
21|2.1|636136523903588164|0|50608.2421875|4.4459438284316|100.417463689875||||50608.2421875|390|41600||||896160|ETD472|X|X|0|0|7||||132|51|0|0|[]|14:03:28:242
21|2.1|636136523952573062|0|50613.140625|4.4372749289032|100.423428922719||||50613.140625|390|41575||||896160|ETD472|X|X|0|0|7||||132|51|0|0|[]|14:03:33:141
21|2.1|636136523996097414|0|50617.4921875|4.4293141325541|100.428814798416||||50617.4921875|390|41600||||896160|ETD472|X|X|0|0|7||||132|51|0|0|[]|14:03:37:492
21|2.1|636136524038061610|0|50621.6796875|4.4217610319749|100.434029012737||||50621.6796875|390|41600||||896160|ETD472|X|X|0|0|7||||132|51|0|0|[]|14:03:41:680
21|2.1|636136524080505854|0|50625.9296875|4.4145941694935|100.438899904303||||50625.9296875|390|41575||||896160|ETD472|X|X||0|7||||132|51|0|0|[]|14:03:45:930
21|2.1|636136524122770080|0|50630.1484375|4.4087576826823|100.442869573642||||50630.1484375|390|41575||||896160|ETD472|X|X||0|7||||132|51|0|0|[]|14:03:50:148
21|2.1|636136524166614464|0|50634.5390625|4.3990588148931|100.449542909665||||50634.5390625|390|41575||||896160|ETD472|X|X||0|7||||132|51|0|0|[]|14:03:54:539
21|2.1|636136524207018504|0|50638.578125|4.3922352751653|100.454199224511||||50638.578125|390|41600||||896160|ETD472|X|X||0|7||||132|51|0|0|[]|14:03:58:578
21|2.1|636136524247432545|0|50642.6328125|4.3851113280281|100.459134489094||||50642.6328125|390|41575||||896160|ETD472|X|X||0|7||||132|51|0|0|[]|14:04:02:633
21|2.1|636136524291106912|0|50646.9921875|4.3771290740069|100.464563280135||||50646.9921875|390|41600||||896160|ETD472|X|X||0|7||||132|51|0|0|[]|14:04:06:992
21|2.1|636136524336501451|0|50651.5234375|4.3691682776578|100.470013528848||||50651.5234375|390|41600||||896160|ETD472|X|X||0|7||||132|51|0|0|[]|14:04:11:523
21|2.1|636136524378625663|0|50655.75|4.3615722617344|100.475184827824||||50655.75|390|41575||||896160|ETD472|X|X|0|0|7||||132|51|0|0|[]|14:04:15:750
21|2.1|636136524422300030|0|50660.109375|4.3535685500411|100.480635076538||||50660.109375|390|41575||||896160|ETD472|X|X|0|0|7||||132|51|0|0|[]|14:04:20:109
21|2.1|636136524466764476|0|50664.5625|4.3460583648061|100.485806375514||||50664.5625|390|41600||||896160|ETD472|X|X|0|0|7||||132|51|0|0|[]|14:04:24:563
21|2.1|636136524512159015|0|50669.09375|4.3376469573429|100.491557031637||||50669.09375|390|41575||||896160|ETD472|X|X|0|0|7||||132|51|0|0|[]|14:04:29:094
21|2.1|636136524557243523|0|50673.59375|4.329729076338|100.496964365006||||50673.59375|390|41575||||896160|ETD472|X|X|0|0|7||||132|51|0|0|[]|14:04:33:594
21|2.1|636136524597337532|0|50677.609375|4.3228411635939|100.50170651054||||50677.609375|390|41600||||896160|ETD472|X|X|0|0|7||||132|51|0|0|[]|14:04:37:609
21|2.1|636136524641021900|0|50681.984375|4.3148374519006|100.507135301581||||50681.984375|390|41600||||896160|ETD472|X|X||0|7||||132|51|0|0|[]|14:04:41:984
21|2.1|636136524689696767|0|50686.8515625|4.3064904174537|100.512864500032||||50686.8515625|390|41575||||896160|ETD472|X|X|0|0|7||||132|51|0|0|[]|14:04:46:852
21|2.1|636136524731190916|0|50691|4.2988514861861|100.51805725668||||50691|390|41575||||896160|ETD472|X|X|0|0|7||||132|51|0|0|[]|14:04:51:000
21|2.1|636136524775655362|0|50695.4296875|4.2908477744928|100.523550420738||||50695.4296875|390|41575||||896160|ETD472|X|X||0|7||||132|51|0|0|[]|14:04:55:430
21|2.1|636136524816689465|0|50699.5390625|4.2836379966672|100.528464227649||||50699.5390625|390|41600||||896160|ETD472|X|X||0|7||||132|51|0|0|[]|14:04:59:539
21|2.1|636136524865354331|0|50704.4140625|4.2748832664504|100.534472375837||||50704.4140625|390|41600||||896160|ETD472|X|X||0|7||||132|51|0|0|[]|14:05:04:414
21|2.1|636136524906858481|0|50708.5625|4.2673087081991|100.539665132485||||50708.5625|390|41600||||896160|ETD472|X|X|0|0|7||||132|51|0|0|[]|14:05:08:563
21|2.1|636136524948512646|0|50712.734375|4.2600345573572|100.544643312412||||50712.734375|390|41600||||896160|ETD472|X|X||0|7||||132|51|0|0|[]|14:05:12:734
21|2.1|636136524991256920|0|50717|4.2524385414338|100.549814611388||||50717|390|41600||||896160|ETD472|X|X||0|7||||132|51|0|0|[]|14:05:17:000
21|2.1|636136525036191413|0|50721.5|4.244112964659|100.555543809839||||50721.5|390|41600||||896160|ETD472|X|X||0|7||||132|51|0|0|[]|14:05:21:500
21|2.1|636136525078465640|0|50725.734375|4.2368388138171|100.560521989766||||50725.734375|390|41600||||896160|ETD472|X|X||0|7||||132|51|0|0|[]|14:05:25:734
21|2.1|636136525121829976|0|50730.0625|4.2291784248774|100.565779119431||||50730.0625|390|41600||||896160|ETD472|X|X||0|7||||132|51|0|0|[]|14:05:30:063
21|2.1|636136525171604953|0|50735.03125|4.2204451523327|100.571679979258||||50735.03125|390|41600||||896160|ETD472|X|X|0|0|7||||132|51|0|0|[]|14:05:35:031
21|2.1|636136525213879180|0|50739.2578125|4.212784763393|100.576937108923||||50739.2578125|390|41600||||896160|ETD472|X|X|0|0|7||||132|51|0|0|[]|14:05:39:258
21|2.1|636136525257403532|0|50743.6171875|4.2047810516997|100.582387357636||||50743.6171875|390|41600||||896160|ETD472|X|X|0|0|7||||132|51|0|0|[]|14:05:43:617
21|2.1|636136525301237915|0|50748|4.1971421204321|100.5876444873||||50748|390|41600||||896160|ETD472|X|X|0|0|7||||132|51|0|0|[]|14:05:48:000
21|2.1|636136525350382829|0|50752.921875|4.1879796944454|100.593888669882||||50752.921875|390|41600||||896160|ETD472|X|X|0|0|7||||132|51|0|0|[]|14:05:52:922
21|2.1|636136525397177508|0|50757.6015625|4.1800188980963|100.599338918595||||50757.6015625|390|41575||||896160|ETD472|X|X||0|7||||132|51|0|0|[]|14:05:57:602
21|2.1|636136525445702360|0|50762.453125|4.1712641678795|100.605304151439||||50762.453125|390|41575||||896160|ETD472|X|X|0|0|7||||132|51|0|0|[]|14:06:02:453
21|2.1|636136525493747164|0|50767.2578125|4.1624879799906|100.611355214971||||50767.2578125|390|41600||||896160|ETD472|X|X|0|0|7||||132|51|0|0|[]|14:06:07:258
21|2.1|636136525537121501|0|50771.59375|4.1548275910509|100.616590886963||||50771.59375|390|41600||||896160|ETD472|X|X|0|0|7||||132|51|0|0|[]|14:06:11:594
